
  0  0.261203874964027815832419074  0.261203874963744510958717909 -0.445902906222831627361651713  0.445902906222866983194496465  0.445902906222739572335940147 -0.261203874963744278288931694 -0.445902906222614900199176582  4.459029062228669831944964652e-01
  1  0.261203874963883077010796605 -0.445902906222849521305356957  0.261203874963669365285613699  0.445902906222866308359959256  0.445902906222651665494845566 -0.261203874963900114624520965 -0.445902906222723106909912316  4.459029062228663083599592559e-01
  2  0.261203874963994158835958390  0.261203874963727021042952242 -0.445902906222781187782922691  0.445902906222869233998206545 -0.261203874963764463883663866  0.445902906222846709210182181 -0.445902906222574090097567762  4.459029062228692339982065451e-01
  3  0.261203874963849420014335920 -0.445902906222867011221122624  0.261203874963719804864342722  0.445902906222868559163669336 -0.261203874963852370724758448  0.445902906222690872874592910 -0.445902906222682296808303495  4.459029062228685591636693358e-01
  4 -0.445902906222656481629315964  0.261203874963755321484369654 -0.445902906222857348973991759  0.445902906222865277012642679  0.445902906222788694500609383 -0.261203874963769623249437019  0.261203874963795821829417795  4.459029062228652770126426791e-01
  5 -0.445902906222801220450938434 -0.445902906222838710779705212  0.261203874963643643673273653  0.445902906222864602178105470  0.445902906222700787659514801 -0.261203874963925459585026290  0.261203874963687615118682062  4.459029062228646021781054698e-01
  6 -0.445902906222690138625776649  0.261203874963737831568603986 -0.445902906222806909395262737  0.445902906222867527816352759 -0.261203874963715341718994631  0.445902906222821364249676857  0.261203874963836631931026616  4.459029062228675278163527590e-01
  7 -0.445902906222834877447399118 -0.445902906222856200695470880  0.261203874963694083252002676  0.445902906222866852981815550 -0.261203874963803248560089212  0.445902906222665527914087585  0.261203874963728425220290882  4.459029062228668529818155497e-01

  0  0.000000000000144738806332844  0.000000000000033657007549077  0.707106781186684297461735038 -0.184699031258807061601427517 -0.026036590298259544818223381 -0.062100526679274351870890716 -0.679228892497707324737727524 
  1  0.707106781186594032264074866  0.000000000000017489912027919 -0.000000000000010810511982937 -0.184699031259111689750305497 -0.560713833937190378887537728  0.387517034344034666819203000  0.036287909509105452238040190 
  2 -0.707106781186500992647265412 -0.000000000000050439591300493  0.000000000000025721589813606 -0.184699031259137544096096510 -0.560713833937420888943025526  0.387517034343880429085506950  0.036287909508872093102531007 
  3  0.000000000000000674853514108 -0.000000000000002250804102341  0.000000000000001706181492362  0.891805812445733836176312015 -0.065968570785322202812081278  0.355113545043901416398786017 -0.272442490597372760142459713 
  4  0.000000000000087906847838432  0.707106781186504036219604014 -0.000000000000049122176603502  0.184699031258936323789403462 -0.427488205955758280831175214 -0.531903428963023644938240553  0.014793372778943075226657400 
  5  0.000000000000155836346346823 -0.707106781186590987499113875  0.000000000000025344946472196  0.184699031258921249638708419 -0.427488205955679115803777166 -0.531903428962976802200218751  0.014793372778947303619365258 
  6  0.000000000000108206701549995 -0.000000000000040810116637812 -0.707106781186410722028594378 -0.184699031258886474965333173 -0.026036590298267226765004004 -0.062100526679271464010312874 -0.679228892497970506520951761 

  0  0.999999999999999956631913101  0.000000000000000000001694066  0.000000000000000000000000000  0.000000000000000000000000000 -0.000000000000000000001694066 -0.000000000000000000001694066  0.000000000000000000000000000 
  1  0.000000000000000000001694066  0.999999999999999967582355043  0.000000000000000000028481483 -0.000000000000000000000847033  0.000000000000000000011911401 -0.000000000000000000003811648  0.000000000000000000000000000 
  2  0.000000000000000000000000000  0.000000000000000000028481483  0.999999999999999964871849611 -0.000000000000000000021175824  0.000000000000000000010693791  0.000000000000000000008523269 -0.000000000000000000001694066 
  3  0.000000000000000000000000000 -0.000000000000000000000847033 -0.000000000000000000021175824  1.000000000000000006722053469 -0.000000000000000000001694066 -0.000000000000000000003811648  0.000000000000000000000000000 
  4 -0.000000000000000000001694066  0.000000000000000000011911401  0.000000000000000000010693791 -0.000000000000000000001694066  0.999999999999999960209780270 -0.000000000000000000022803715  0.000000000000000000001694066 
  5 -0.000000000000000000001694066 -0.000000000000000000003811648  0.000000000000000000008523269 -0.000000000000000000003811648 -0.000000000000000000022803715  0.999999999999999968774977432  0.000000000000000000000000000 
  6  0.000000000000000000000000000  0.000000000000000000000000000 -0.000000000000000000001694066  0.000000000000000000000000000  0.000000000000000000001694066  0.000000000000000000000000000  0.999999999999999960426620704 

