
  0  0.336943669339514814356105130  0.185490946075784077066734429  0.336943669339547992352046010 -0.336943669339427959001382479 -0.336943669339544170403862727  0.185490946075704501831444421 -0.336943669339548731940557971  0.336943669339494619870915143  3.369436693395487319405579713e-01
  1  0.336943669339435250450727824 -0.336943669339539632204619246  0.336943669339548948428626762  0.185490946075719188379862801 -0.336943669339491826911908712  0.185490946075779037369776064 -0.336943669339548403102039056 -0.336943669339508917299173818  3.369436693395489484286267623e-01
  2 -0.185490946075729173963186555  0.185490946075796312667721688  0.336943669339547693844082871 -0.336943669339484286773690053  0.336943669339461751360484398 -0.336943669339519365863930278 -0.336943669339547166623671445  0.336943669339497707461861947  3.369436693395476938440828707e-01
  3 -0.185490946075808737868563861 -0.336943669339527396603631987  0.336943669339548649920663623  0.185490946075662860607555227  0.336943669339514094852438414 -0.336943669339444830325598634 -0.336943669339546837785152530 -0.336943669339505829708227014  3.369436693395486499206636227e-01

  0  0.000000000000079563883663897  0.522434615415243988319291685  0.151452723263706076487541269 -0.479323732902803992852449819  0.076102769055148644380493026 -0.453204511331640263528154622  0.509934168916442045354532608 -0.056161260049434218032143222 
  1  0.522434615415323709271353675 -0.000000000000012235617181431 -0.151452723263743319523345031 -0.305051994890039933176761888  0.206220497120803889127909313 -0.238011021479670628570946347 -0.536232427881806880762965983 -0.473651843820839400702599198 
  2 -0.000000000000000956091053070  0.000000000000000298506798590  0.673887338679096642272709633  0.034578859953703372847672514  0.478885250017299219998326981 -0.156861997509131392117861896 -0.331705978643835136044411976  0.425105318712382586657759498 
  3 -0.522434615415147147381245279  0.000000000000056327798973996 -0.151452723263765098380274725  0.384433790446789541348209668  0.525540268593178385293611388 -0.270291102361427361118299817  0.037740005282882507082998450 -0.453498229398123257357202179 
  4 -0.000000000000052343492627114 -0.673887338679005921764347126 -0.000000000000030075568490258 -0.471275829344865734924895778  0.387114142172483425489819264  0.200529433335054500217630238  0.363444948541581528583029742 -0.040165957220351852127558515 
  5 -0.000000000000074535520725533  0.522434615415223867695374699 -0.151452723263740328507706741 -0.128573992573432838306497425  0.423234968790297562364144737  0.711867016015766321810395029 -0.041127275379463856848095407  0.004351274229135542745272586 
  6 -0.000000000000000328853530021 -0.000000000000001565324876525 -0.673887338679095569725710502 -0.062090996760393468751904880  0.236409589252280605766614631 -0.304467552633951786354845823 -0.095824129810236921028939166  0.619877660944542689105615785 
  7  0.673887338679003537170088961 -0.000000000000003087606223304 -0.000000000000011209821348724  0.534527391185036580562982972  0.247554290500027590499220777 -0.025025298255265287873308619  0.444975072490857228294696205  0.015624192941335418699658818 

  0  0.999999999999999973165996231  0.000000000000000000020328791 -0.000000000000000000001694066  0.000000000000000000001694066 -0.000000000000000000029434395 -0.000000000000000000005929231  0.000000000000000000000000000  0.000000000000000000012546676 
  1  0.000000000000000000020328791  0.999999999999999931261582264 -0.000000000000000000013552527  0.000000000000000000013552527 -0.000000000000000000001694066  0.000000000000000000001694066  0.000000000000000000000000000 -0.000000000000000000013552527 
  2 -0.000000000000000000001694066 -0.000000000000000000013552527  1.000000000000000045861751896 -0.000000000000000000013552527 -0.000000000000000000005082198 -0.000000000000000000006776264  0.000000000000000000000000000 -0.000000000000000000002117582 
  3  0.000000000000000000001694066  0.000000000000000000013552527 -0.000000000000000000013552527  0.999999999999999920907451517  0.000000000000000000015246593  0.000000000000000000006352747  0.000000000000000000000000000 -0.000000000000000000002964615 
  4 -0.000000000000000000029434395 -0.000000000000000000001694066 -0.000000000000000000005082198  0.000000000000000000015246593  1.000000000000000000000000000 -0.000000000000000000014267211  0.000000000000000000000000000 -0.000000000000000000021599340 
  5 -0.000000000000000000005929231  0.000000000000000000001694066 -0.000000000000000000006776264  0.000000000000000000006352747 -0.000000000000000000014267211  0.999999999999999991326382620  0.000000000000000000016728901  0.000000000000000000003030790 
  6  0.000000000000000000000000000  0.000000000000000000000000000  0.000000000000000000000000000  0.000000000000000000000000000  0.000000000000000000000000000  0.000000000000000000016728901  1.000000000000000040007060165  0.000000000000000000001694066 
  7  0.000000000000000000012546676 -0.000000000000000000013552527 -0.000000000000000000002117582 -0.000000000000000000002964615 -0.000000000000000000021599340  0.000000000000000000003030790  0.000000000000000000001694066  0.999999999999999894290288183 

