
  0 -0.238071668664937600504703276  0.469035112518847929318887430 -0.411294251561907641919543094  0.295812529622547388424066289  0.238071668672303218263971991  0.469035112517240425637939094 -0.469035112521571864870831986 -0.469035112520762840284142478  4.690351125215718648708319860e-01
  1 -0.469035112517310106986304086  0.469035112519073572580558321 -0.469035112517846503922287066  0.238071668667851788601269071  0.295812529629021063535664754  0.411294251560045884860260940  0.469035112521572823359762572 -0.238071668669723528167451315  4.690351125215728233597625718e-01
  2 -0.238071668665317190459549540  0.469035112517261773172139519  0.295812529624032743123546868 -0.411294251564607242065835235  0.238071668677459429035907570  0.469035112513653677443481449 -0.469035112521573026268199152 -0.469035112519820689060568580  4.690351125215730262681991525e-01
  3 -0.469035112517689696954702877  0.469035112517487416460915464  0.238071668668093881107250369 -0.469035112519302841902184981  0.295812529634177274334705388  0.411294251556459136665803294  0.469035112521571661962395405 -0.238071668668781376943877418  4.690351125215716619623954053e-01
  4 -0.238071668666251568644725602  0.469035112520314976424428907 -0.411294251562247947882206001  0.295812529620637619856820394 -0.469035112520035199219336358 -0.238071668663516214546550971 -0.469035112521572877624081305 -0.469035112521199203794572061  4.690351125215728776240813047e-01
  5 -0.469035112518624075126326411  0.469035112520540619713204852 -0.469035112518186809884949973  0.238071668665942020034023176 -0.411294251563317353947643595 -0.295812529620710755310676598  0.469035112521571810606513253 -0.238071668670159891677880898  4.690351125215718106065132531e-01
  6 -0.238071668666631158599571866  0.469035112518728820304786051  0.295812529623692437160883961 -0.411294251566517010633081131 -0.469035112514878988474505833 -0.238071668667102962741008616 -0.469035112521574039021448471 -0.469035112520257052570998163  4.690351125215740390214484712e-01
  7 -0.469035112519003665094725203  0.469035112518954463566456942  0.238071668667753575144587462 -0.469035112521212610469430876 -0.411294251558161143148602962 -0.295812529624297503505134244  0.469035112521570649209146087 -0.238071668669217740454307000  4.690351125215706492091460866e-01
  8 -0.238071668665835556083412022 -0.469035112519781141160023913 -0.238071668667087414793964197  0.469035112521316209564879035  0.411294251558100602383493544  0.295812529626108375920695570 -0.469035112521571816569625202 -0.469035112519038064254678008  4.690351125215718165696252018e-01
  9 -0.469035112518208062578565359 -0.469035112519555497898353022 -0.295812529623026276783155641  0.411294251566620609728529290  0.469035112514818447709396415  0.238071668668913835129464888  0.469035112521572871660969356 -0.238071668667998752137986845  4.690351125215728716609693560e-01
 10 -0.238071668666215146038258287 -0.469035112521367297306771824  0.469035112518852970262678292 -0.238071668665838420938575017  0.411294251563256813182534177  0.295812529622521627726237925 -0.469035112521572977966992368 -0.469035112518095913031104111  4.690351125215729779669923682e-01
 11 -0.469035112518587652546964151 -0.469035112521141654017995878  0.411294251562914108259934320 -0.295812529620534020761372235  0.469035112519974658454226940  0.238071668665327086935007243  0.469035112521571710263602190 -0.238071668667056600914412948  4.690351125215717102636021896e-01
 12 -0.238071668667149524223434348 -0.469035112518314094054482435 -0.238071668667427720756627103  0.469035112519406440997633140 -0.295812529634237815099814806 -0.411294251554648264250241968 -0.469035112521572829322874520 -0.469035112519474427765107591  4.690351125215728293228745205e-01
 13 -0.469035112519522030718587685 -0.469035112518088450765706490 -0.295812529623366582745818548  0.411294251564710841161283394 -0.238071668677519969773911934 -0.469035112511842805027920122  0.469035112521571858907720037 -0.238071668668435115648416428  4.690351125215718589077200373e-01
 14 -0.238071668667529114178280612 -0.469035112519900250174125292  0.469035112518512664300015386 -0.238071668667748189505820912 -0.295812529629081604300774172 -0.411294251558235012444699613 -0.469035112521573990720241687 -0.469035112518532276541533693  4.690351125215739907202416870e-01
 15 -0.469035112519901620686986476 -0.469035112519674606912454401  0.411294251562573802297271414 -0.295812529622443789328618130 -0.238071668672363759001976355 -0.469035112515429553222377768  0.469035112521570697510352871 -0.238071668667492964424842530  4.690351125215706975103528709e-01

  0  0.230963443852372506495153337  0.000000000000379589955232672  0.000000000001313968136123657  0.000000000000897955582020363 -0.707106781184839221178137225  0.217800765370536530480182966  0.108456687387981360274214881 -0.622459525729265424585923139 
  1 -0.000000000000225643276220774  0.000000000001586156130048982 -0.000000000001467047115342164  0.938070225038629070478911343 -0.000000000000826677603156829 -0.195698740067499400344499041 -0.262101882817440793904716426 -0.114144027682229588106365293 
  2  0.057740860955938862009520236 -0.707106781185940385043089962  0.000000000000340305988226149 -0.173222582894820227139131424  0.000000000000666160356421566 -0.647657841545878314463893094 -0.043716292416266432777814882 -0.212810093307817700845831384 
  3  0.057740860954695599846514141  0.707106781187154630489901525  0.000000000001909768568575952 -0.173222582898768821113707692  0.000000000000103599103393257 -0.647657841543278273187863453 -0.043716292424040791378143239 -0.212810093307222362844386906 
  4 -0.057740860956717845288633422 -0.000000000005156210779106939  0.707106781192338417483308349 -0.173222582885797384146626607 -0.000000000000060540748532905  0.117763996116143643392876628 -0.665977467177889255033756966 -0.096257904487064576478250882 
  5  0.057740860957194540774290023  0.000000000003586748197088597  0.707106781180756640170937538  0.173222582891132049703690997  0.000000000001810872400796806 -0.117763996116687960839081693  0.665977467188257875980398476  0.096257904489854561789173581 
  6 -0.938070225043144688230594558  0.000000000000001161413564660  0.000000000000001012739923483 -0.000000000000000048277989905 -0.000000000000001167353380832  0.013022263748936791121170377  0.130010364620147062371348021 -0.320861307461173028454963149 
  7 -0.230963443851039312116691163 -0.000000000000942151216763185  0.000000000000436363513792816 -0.000000000001724776024482522 -0.707106781188255804708985008 -0.217800765370272102081300805 -0.108456687385436137601726295  0.622459525726414877476368875 

  0  0.999999999999999986664313278  0.000000000000000000000000000  0.000000000000000000000000000  0.000000000000000000013552527  0.000000000000000000000000000  0.000000000000000000000000000  0.000000000000000000000000000  0.000000000000000000000000000 
  1  0.000000000000000000000000000  0.999999999999999942049393881 -0.000000000000000000011858461  0.000000000000000000006776264 -0.000000000000000000022869890  0.000000000000000000005082198  0.000000000000000000000000000  0.000000000000000000006776264 
  2  0.000000000000000000000000000 -0.000000000000000000011858461  0.999999999999999918034315760 -0.000000000000000000006776264 -0.000000000000000000005082198  0.000000000000000000003388132 -0.000000000000000000006776264  0.000000000000000000013552527 
  3  0.000000000000000000013552527  0.000000000000000000006776264 -0.000000000000000000006776264  0.999999999999999987856935668 -0.000000000000000000001694066 -0.000000000000000000003388132 -0.000000000000000000006776264 -0.000000000000000000013552527 
  4  0.000000000000000000000000000 -0.000000000000000000022869890 -0.000000000000000000005082198 -0.000000000000000000001694066  1.000000000000000029381878874 -0.000000000000000000068609669 -0.000000000000000000003388132 -0.000000000000000000003388132 
  5  0.000000000000000000000000000  0.000000000000000000005082198  0.000000000000000000003388132 -0.000000000000000000003388132 -0.000000000000000000068609669  0.999999999999999995663191310  0.000000000000000000001694066  0.000000000000000000000000000 
  6  0.000000000000000000000000000  0.000000000000000000000000000 -0.000000000000000000006776264 -0.000000000000000000006776264 -0.000000000000000000003388132  0.000000000000000000001694066  0.999999999999999990621651208  0.000000000000000000000000000 
  7  0.000000000000000000000000000  0.000000000000000000006776264  0.000000000000000000013552527 -0.000000000000000000013552527 -0.000000000000000000003388132  0.000000000000000000000000000  0.000000000000000000000000000  0.999999999999999948391976590 

