
  0  0.138675049056308156685143017 -0.138675049056307431191259298  0.138675049056307264061494409 -0.138675049056308209119870584 -0.138675049056306720185027109 -0.138675049056308066560837429 -0.138675049056306717488074205 -0.138675049056308138551861682  0.138675049056307901138690962 -0.138675049056305123046806821 -0.138675049056305596545000600  0.138675049056307866633956823 -0.138675049056307411851803046  1.386750490563082091198705836e-01

  0  0.277350098112616313370286034 -0.117674892719029062640781740  0.415575904736049298997821802 -0.103384789999613298915471637 -0.333201129172460416334343100  0.100145407045499709441916097  0.161425483627796973717916616 -0.113078324425030121902133445 -0.649443070950234589645746336 -0.165349516680952884694700070  0.064301239321458778071466996 -0.333863556566492936155060925  0.034993102081489712543334314 
  1 -0.277350098112614862382518596 -0.322858852244507668117524946 -0.296364286770913702337947038 -0.294608009561608088274636819 -0.109222681246541887874364467 -0.319945763492140979787842561  0.164124920007125641116551597 -0.431623736280304905486631881 -0.074468007386365219666356490  0.482592565159478911285349106 -0.059150072222686854891531829 -0.267269616186636131736995697 -0.057529498678732344764196567 
  2  0.277350098112614528122988819 -0.418073234105467906446523124 -0.168802931137346113880568464 -0.553182568779182403761844611 -0.015259611272431210648692866  0.109265913676712386328284711 -0.283062781046004122945548148  0.383749266010262241586616094  0.155322175593043681435874610 -0.166192120343659191757990957 -0.139816733480415292652449324 -0.156032260727120445587749568 -0.280333360110940799618398436 
  3 -0.277350098112616418239741167 -0.069674933997977448757877705  0.319980262294893716976465492  0.050169359909810464057973835  0.134486870267827118992885749 -0.231824786992085577749583489  0.087035053249040493278301106  0.070663467592789733264240122  0.413874319900165335995440019 -0.327839050122705792590822871 -0.014121045361987427788236520 -0.629986750174566307886730998  0.230362784878025598643731808 
  4 -0.277350098112613440370054219 -0.026864538096235832248661691  0.207565225562053230233864297 -0.327789096261978224174180735  0.001774637102966549694894646 -0.065042275544658942400288483  0.333454075519080957645465246 -0.286686891021997230979273530  0.047616978342236337691761568 -0.479247074686762977984572087 -0.294867249862722937846139931  0.437402147182611288165222235 -0.252980425420786369432400026 
  5 -0.277350098112616133121674858 -0.403629709509331822660455416 -0.251354296197429531468112499  0.018642020009761093200323584  0.344458810716382618738289068  0.580713049152155845412850294  0.239772127155031685612814746  0.009952686611851266430487783 -0.171025038439926613741907252 -0.143745075694216334740230256  0.183101436503226695621821679  0.008419706261065411205275072  0.315681784114354178498495010 
  6 -0.277350098112613434976148410  0.473900613391614948462270476 -0.222984965060877212748402347 -0.177423714194422441878295008  0.145673079899478151379328683 -0.039855341588602158374215947  0.213404686514610611905548750  0.473414075987642527469775530 -0.375567809114429756263322385  0.050286423111776254670391307 -0.373023738007144835471728603 -0.203485962008854662938180970 -0.026248261431418858831025659 
  7 -0.277350098112616277103723364 -0.127514858162361745721872543 -0.139702371493363743625015783  0.387353200265675238833174357 -0.606426983277562165429701996  0.225079057513904765537387197  0.232460172549083215557124034  0.228993161899546012198920775  0.154418442884482022667193973 -0.031953176691348964260242643  0.027972958202558541919243340 -0.095073904835092475498552981 -0.421521252959231257140043300 
  8  0.277350098112615802277381924 -0.314335163243480930438502122 -0.272988417554899221194103162  0.498162966182662059005069322  0.324021387954594757881002579 -0.406195014392379467427045270  0.125956077736881641034017397 -0.002209227347719673966441065 -0.223244625929370040063139981 -0.262792856179867259831545862 -0.215150018874506057564208704 -0.036710312981006116885018559 -0.221792293578066494606120321 
  9 -0.277350098112610246093613642  0.255978172072460883723198782 -0.226152320848607805249064553  0.000918820524047452227049854  0.090867117425096121913587807  0.074204312072223676421305408 -0.517304483033906862350561479 -0.330860170933056888057386194 -0.202372042148475832326918675 -0.341495773693280743328430649  0.284948635963722294840933316 -0.228243253334757233366926303 -0.353137895846333081141532606 
 10 -0.277350098112611193090001199 -0.191829652859400298113893256  0.330244310769237583741853720 -0.064628033365904359335734394  0.225809762725548721673291160 -0.311135757032113460291864945  0.032010147277051056316304022  0.383454966767054062531158015 -0.186662190756259838359323866  0.164032342242300021635135684  0.546848870669211575021393529  0.192898302618325621896511364 -0.281388566382490173961193267 
 11  0.277350098112615733267913645  0.240267371128384122581293607 -0.414773782504897923313277874 -0.227776516528519517253473757 -0.152588438647086349454827341 -0.223875541467364702892897145  0.420751741378929531293322588  0.029006380305830452251712520  0.122924761107755214951128917 -0.278856507858401970209680926  0.530956981327598741759402762 -0.007072338626290076769609236  0.123755447565908647198360589 
 12 -0.277350098112614823703606093 -0.197322159533848359559238088 -0.162220784716085811636007361  0.021184543549961024750777046 -0.404448404750573498012914536 -0.332851729226222878824841336 -0.359886177539518089114585833  0.180160533919816309391575063 -0.200255413460245999736786954 -0.245822180688127224211536083 -0.061418327590031812234541405  0.251660861576997193155783711  0.503384227684991958893818281 

  0  1.000000000000000005963111949  0.000000000000000000015246593  0.000000000000000000010164395  0.000000000000000000024563955 -0.000000000000000000001694066  0.000000000000000000011011428 -0.000000000000000000018158269  0.000000000000000000021175824 -0.000000000000000000009317362 -0.000000000000000000006776264 -0.000000000000000000003388132  0.000000000000000000004235165  0.000000000000000000006776264 
  1  0.000000000000000000015246593  0.999999999999999926003201728 -0.000000000000000000015246593 -0.000000000000000000017787692  0.000000000000000000011011428 -0.000000000000000000020328791  0.000000000000000000007199780 -0.000000000000000000001694066  0.000000000000000000006776264  0.000000000000000000003388132  0.000000000000000000006776264  0.000000000000000000002541099  0.000000000000000000020328791 
  2  0.000000000000000000010164395 -0.000000000000000000015246593  0.999999999999999902042333716  0.000000000000000000013552527  0.000000000000000000000000000  0.000000000000000000006776264  0.000000000000000000003388132 -0.000000000000000000020328791  0.000000000000000000000000000  0.000000000000000000006776264  0.000000000000000000000000000  0.000000000000000000006776264  0.000000000000000000013552527 
  3  0.000000000000000000024563955 -0.000000000000000000017787692  0.000000000000000000013552527  0.999999999999999939284678341  0.000000000000000000000000000  0.000000000000000000013552527  0.000000000000000000017364175 -0.000000000000000000006776264  0.000000000000000000023716923  0.000000000000000000013552527  0.000000000000000000006776264 -0.000000000000000000010164395 -0.000000000000000000006776264 
  4 -0.000000000000000000001694066  0.000000000000000000011011428  0.000000000000000000000000000  0.000000000000000000000000000  0.999999999999999956469282775  0.000000000000000000000000000 -0.000000000000000000002964615  0.000000000000000000000000000 -0.000000000000000000006776264  0.000000000000000000006776264  0.000000000000000000013552527  0.000000000000000000010164395  0.000000000000000000013552527 
  5  0.000000000000000000011011428 -0.000000000000000000020328791  0.000000000000000000006776264  0.000000000000000000013552527  0.000000000000000000000000000  1.000000000000000003686287386 -0.000000000000000000003388132  0.000000000000000000013552527 -0.000000000000000000006776264  0.000000000000000000000000000  0.000000000000000000000000000 -0.000000000000000000010164395  0.000000000000000000000000000 
  6 -0.000000000000000000018158269  0.000000000000000000007199780  0.000000000000000000003388132  0.000000000000000000017364175 -0.000000000000000000002964615 -0.000000000000000000003388132  0.999999999999999950614591043 -0.000000000000000000007623297 -0.000000000000000000002964615 -0.000000000000000000004235165  0.000000000000000000007623297  0.000000000000000000013976044 -0.000000000000000000005929231 
  7  0.000000000000000000021175824 -0.000000000000000000001694066 -0.000000000000000000020328791 -0.000000000000000000006776264  0.000000000000000000000000000  0.000000000000000000013552527 -0.000000000000000000007623297  0.999999999999999909035437728  0.000000000000000000013552527  0.000000000000000000000000000  0.000000000000000000006776264  0.000000000000000000003388132 -0.000000000000000000013552527 
  8 -0.000000000000000000009317362  0.000000000000000000006776264  0.000000000000000000000000000  0.000000000000000000023716923 -0.000000000000000000006776264 -0.000000000000000000006776264 -0.000000000000000000002964615  0.000000000000000000013552527  0.999999999999999910065429792  0.000000000000000000000000000  0.000000000000000000000000000 -0.000000000000000000005082198  0.000000000000000000000000000 
  9 -0.000000000000000000006776264  0.000000000000000000003388132  0.000000000000000000006776264  0.000000000000000000013552527  0.000000000000000000006776264  0.000000000000000000000000000 -0.000000000000000000004235165  0.000000000000000000000000000  0.000000000000000000000000000  0.999999999999999990567441099 -0.000000000000000000006776264  0.000000000000000000000000000  0.000000000000000000000000000 
 10 -0.000000000000000000003388132  0.000000000000000000006776264  0.000000000000000000000000000  0.000000000000000000006776264  0.000000000000000000013552527  0.000000000000000000000000000  0.000000000000000000007623297  0.000000000000000000006776264  0.000000000000000000000000000 -0.000000000000000000006776264  0.999999999999999962161344180  0.000000000000000000000000000  0.000000000000000000000000000 
 11  0.000000000000000000004235165  0.000000000000000000002541099  0.000000000000000000006776264 -0.000000000000000000010164395  0.000000000000000000010164395 -0.000000000000000000010164395  0.000000000000000000013976044  0.000000000000000000003388132 -0.000000000000000000005082198  0.000000000000000000000000000  0.000000000000000000000000000  0.999999999999999981405932742  0.000000000000000000000000000 
 12  0.000000000000000000006776264  0.000000000000000000020328791  0.000000000000000000013552527 -0.000000000000000000006776264  0.000000000000000000013552527  0.000000000000000000000000000 -0.000000000000000000005929231 -0.000000000000000000013552527  0.000000000000000000000000000  0.000000000000000000000000000  0.000000000000000000000000000  0.000000000000000000000000000  0.999999999999999935435760628 

