
  0 -0.150755672288883081074784345 -0.150755672288877120239660237 -0.150755672288881176077357180 -0.150755672288881385762057338 -0.150755672288882000396268920 -0.150755672288881176416170359  0.150755672288882831708284674 -0.150755672288882756139393251  0.150755672288881955618719197  0.150755672288883051706457998  0.150755672288883364146419054  1.507556722888833641464190541e-01

  0 -0.301511344577766162149568691  0.284640314372823934713999799 -0.151074522302460351552244426 -0.397923488559149665888493505  0.232977314718776526111018027 -0.355835193127569345347563715  0.020025779029864773495600203 -0.585239191081122951090982831  0.072169697213146921864989052 -0.107614723272541830589507910 -0.326054805489870960403609237 
  1 -0.301511344577754240479320474 -0.169266879114139604274179469  0.178971658252533193390865739 -0.554309310269090999121095742  0.263981091795540192765107818  0.072663150029048672897378797  0.072644121637855577014594114  0.179960426883140768816423186 -0.077388656488829168811241326  0.571551034275558984658078404  0.309615090123854574494189837 
  2 -0.301511344577762352154714359 -0.174620830042723020481942181  0.189137404653745822306551427 -0.190099945214092627554926078 -0.544695366829082969315108109  0.365201742844322699635406515  0.099020927980078638430076060 -0.408049357249593344897911282  0.005050628562656663489407116 -0.308345642475312234310688697  0.324361227588488464513693382 
  3 -0.301511344577762771524114677  0.136374821477684425333697614 -0.069369816013631057251937698  0.224349452406459436300777133  0.008166506802816337345483249 -0.587326765579197997168593715  0.285513927484318946422615915  0.177621081681799730913793277  0.026513491939349311999580086 -0.209531642908785478433462100  0.576762188002739252697115280 
  4 -0.301511344577764000792537841 -0.216999141027425906155107205  0.292306626095974074209518298 -0.267765384887506706530768685 -0.120644482075016528048580413 -0.186273241154903707405654338 -0.083791410630192142990188466  0.529901443111642650625470186 -0.050032321158194082309826839 -0.425695138672436034719395379 -0.429035990679313407607405051 
  5 -0.301511344577762352832340717 -0.723998180536459548842752321 -0.189251047883203810042081205  0.358420208176219613402640335  0.296417554786540445027750654  0.034917001439213783457006035  0.249214634643537773442813037 -0.184165935802579272542668816  0.056819844598864627324713182  0.022640129703576292672371258 -0.178291555879428267867127869 
  6  0.301511344577765663416569347 -0.259879401539281127054463807 -0.400663227080735729479380250 -0.385119494768640405809451144  0.088398703612882036140566914  0.000593233192785603759879558 -0.119343035163322811555196637  0.116707036596007717863443445  0.616045208660178863786099912 -0.263683642190709720894321866  0.219058945331374412709393891 
  7 -0.301511344577765512278786503 -0.111233305959735850419864336 -0.175339129139552730288534842  0.149101746666365996815467251 -0.028385607019707535602793939 -0.099392012940197994255318772 -0.886077831107393598197938950 -0.054979262294402671372580641 -0.113772213293693601043464914  0.055776749765592181735045880  0.169842869597276151542517009 
  8  0.301511344577763911237438393 -0.346552812814915780158762926  0.159557983866326048445738982 -0.060682766049517734903998240 -0.498153844077197757137139000 -0.571437837601046185170144964 -0.014024192248107641928558107 -0.180135064218088707032271699  0.069486589278804797254959769  0.371502604833325948365712124 -0.098308510732328846570880852 
  9  0.301511344577766103412915996 -0.152649973512843548456249278  0.666419346340060424487179713  0.036304577912113098542756708  0.466318687289720169354169388 -0.104630390404204648976212080 -0.173862743743933225934461539 -0.249443831105466344038213040 -0.001281475183500544340683500 -0.274826466200975820129356886  0.209699268406207123236774902 
 10  0.301511344577766728292838108 -0.216021012962919393802997854 -0.349932929462252256450462487 -0.268729038774731613026984858  0.051253465354451948987293168 -0.080570323676822592538575817  0.063780120193425199815915553 -0.032078936023574205738367448 -0.764889851382176932145361831 -0.234211730025999511015382011  0.116749320258474710694204021 

  0  0.999999999999999967311304500 -0.000000000000000000013552527 -0.000000000000000000006776264  0.000000000000000000013552527  0.000000000000000000000000000  0.000000000000000000010164395 -0.000000000000000000020328791  0.000000000000000000013552527 -0.000000000000000000033881318  0.000000000000000000006776264  0.000000000000000000000000000 
  1 -0.000000000000000000013552527  0.999999999999999984550119042  0.000000000000000000013552527  0.000000000000000000000000000  0.000000000000000000000000000 -0.000000000000000000003388132  0.000000000000000000020328791 -0.000000000000000000013552527 -0.000000000000000000006776264  0.000000000000000000020328791  0.000000000000000000000000000 
  2 -0.000000000000000000006776264  0.000000000000000000013552527  0.999999999999999964763429394  0.000000000000000000013552527 -0.000000000000000000040657581  0.000000000000000000006776264  0.000000000000000000013552527  0.000000000000000000003388132  0.000000000000000000020328791  0.000000000000000000000000000  0.000000000000000000003388132 
  3  0.000000000000000000013552527  0.000000000000000000000000000  0.000000000000000000013552527  0.999999999999999948825657459 -0.000000000000000000013552527 -0.000000000000000000013552527  0.000000000000000000000000000  0.000000000000000000006776264  0.000000000000000000006776264  0.000000000000000000006776264 -0.000000000000000000006776264 
  4  0.000000000000000000000000000  0.000000000000000000000000000 -0.000000000000000000040657581 -0.000000000000000000013552527  0.999999999999999958691897228 -0.000000000000000000020328791  0.000000000000000000006776264  0.000000000000000000000000000  0.000000000000000000010164395 -0.000000000000000000006776264  0.000000000000000000003388132 
  5  0.000000000000000000010164395 -0.000000000000000000003388132  0.000000000000000000006776264 -0.000000000000000000013552527 -0.000000000000000000020328791  1.000000000000000031116602350  0.000000000000000000010164395  0.000000000000000000030493186  0.000000000000000000016940659  0.000000000000000000010164395  0.000000000000000000000000000 
  6 -0.000000000000000000020328791  0.000000000000000000020328791  0.000000000000000000013552527  0.000000000000000000000000000  0.000000000000000000006776264  0.000000000000000000010164395  0.999999999999999909740169141  0.000000000000000000000000000 -0.000000000000000000011858461 -0.000000000000000000003388132 -0.000000000000000000013552527 
  7  0.000000000000000000013552527 -0.000000000000000000013552527  0.000000000000000000003388132  0.000000000000000000006776264  0.000000000000000000000000000  0.000000000000000000030493186  0.000000000000000000000000000  0.999999999999999955493500819 -0.000000000000000000005082198  0.000000000000000000013552527  0.000000000000000000000000000 
  8 -0.000000000000000000033881318 -0.000000000000000000006776264  0.000000000000000000020328791  0.000000000000000000006776264  0.000000000000000000010164395  0.000000000000000000016940659 -0.000000000000000000011858461 -0.000000000000000000005082198  0.999999999999999979345948614  0.000000000000000000022022857  0.000000000000000000003388132 
  9  0.000000000000000000006776264  0.000000000000000000020328791  0.000000000000000000000000000  0.000000000000000000006776264 -0.000000000000000000006776264  0.000000000000000000010164395 -0.000000000000000000003388132  0.000000000000000000013552527  0.000000000000000000022022857  0.999999999999999987423254799  0.000000000000000000006776264 
 10  0.000000000000000000000000000  0.000000000000000000000000000  0.000000000000000000003388132 -0.000000000000000000006776264  0.000000000000000000003388132  0.000000000000000000000000000 -0.000000000000000000013552527  0.000000000000000000000000000  0.000000000000000000003388132  0.000000000000000000006776264  0.999999999999999976906493726 

