
  0  0.350907317360272200617134566  0.350907317361775456660000216 -0.350907317358918888000000186  0.350907317360562318129396653 -0.253632372312557650121831940 -0.264557919610853219436570269  0.350907317361780619739165810  3.509073173617806197391658096e-01
  1  0.350907317361515054174835038  0.350907317361776626839404980  0.212356281503709220297658987  0.350907317359063480074858610  0.350907317361132171186282810  0.298705679253443280590655032  0.350907317361781369139707432  3.509073173617813691397074316e-01
  2  0.350907317359966651709561603 -0.350907317361765861958664697 -0.298705679254162560884618138  0.350907317361030956441147327 -0.350907317359571293619762214 -0.212356281504602007864082255 -0.350907317361781371037061233  3.509073173617813710370612335e-01
  3  0.350907317361209505267262074 -0.350907317361764691779259934  0.264557919608465547426593562  0.350907317359532118386609284  0.253632372314118527688352536  0.350907317359694492163143045 -0.350907317361780621636519611  3.509073173617806216365196115e-01

  0 -0.000000000001242853543837333  0.000000000000305548895120931  0.701814634721481705884396640  0.403763617985723904441801649  0.225299888686612216932435467  0.318887247296060738428790174 -0.438157554940654591003239629 
  1 -0.000000000000001170171847819  0.701814634723541318618664914  0.000000000000010764878258265 -0.311431584713800605065340404 -0.440627813015656222939793116  0.413745058856878456806467279 -0.212435268256170516225681509 
  2 -0.563263598862628108311211700 -0.052201638104756327139098970 -0.086349397750453340593735415 -0.209494098750785663834851451  0.449482513689661730124430203  0.571720662855455177147907114  0.315857665450076424094047814 
  3  0.000000000001498838057438044 -0.000000000000468638301571598  0.701814634720094436516005937 -0.490667558184958030841060772 -0.096559558192299865732755731 -0.243705509480574512409236862  0.444955550822812706773627667 
  4 -0.604539689673689821308114750  0.097274945047013643518259065  0.000000000001560877573726149 -0.267715303335941343353945529  0.137323664698183627830524282 -0.496042980225162940724871821 -0.537104680596141862618329160 
  5 -0.563263598864296500027225301 -0.052201638106251211572488014  0.086349397748841272733349040  0.496827643336920411493845551 -0.596869289274940255807938572 -0.039327534780136652917229305  0.260606174191449061389213096 
  6 -0.000000000000000749381397809  0.701814634723561990776227043 -0.000000000000000001871517498  0.369910378258251659885306323  0.410631312490973385671789650 -0.305391166987271309255511445  0.329758534192465674707902407 

  0  0.999999999999999981948033828 -0.000000000000000000020328791 -0.000000000000000000013552527 -0.000000000000000000013552527  0.000000000000000000013552527  0.000000000000000000000000000 -0.000000000000000000013552527 
  1 -0.000000000000000000020328791  0.999999999999999941127822034  0.000000000000000000020328791  0.000000000000000000000000000 -0.000000000000000000013552527  0.000000000000000000000000000 -0.000000000000000000013552527 
  2 -0.000000000000000000013552527  0.000000000000000000020328791  0.999999999999999900090769805 -0.000000000000000000013552527 -0.000000000000000000013552527  0.000000000000000000006776264 -0.000000000000000000006776264 
  3 -0.000000000000000000013552527  0.000000000000000000000000000 -0.000000000000000000013552527  0.999999999999999957390854621  0.000000000000000000000000000 -0.000000000000000000006776264  0.000000000000000000000000000 
  4  0.000000000000000000013552527 -0.000000000000000000013552527 -0.000000000000000000013552527  0.000000000000000000000000000  0.999999999999999927575294878  0.000000000000000000027105054  0.000000000000000000000000000 
  5  0.000000000000000000000000000  0.000000000000000000000000000  0.000000000000000000006776264 -0.000000000000000000006776264  0.000000000000000000027105054  0.999999999999999987260624473  0.000000000000000000000000000 
  6 -0.000000000000000000013552527 -0.000000000000000000013552527 -0.000000000000000000006776264  0.000000000000000000000000000  0.000000000000000000000000000  0.000000000000000000000000000  0.999999999999999984658539259 

