
  0 -0.166666666666667901875614234  0.166666666666666513744467747 -0.166666666666667881601033609  0.166666666666667730625881090  0.166666666666665347590163548  0.166666666666667336355761066 -0.166666666666666184201217420 -0.166666666666666224452223073  0.166666666666664862491006524  1.666666666666679018756142341e-01

  0 -0.333333333333335803751228468  0.156975961221498664472859264 -0.308294855302610472375232295  0.235973220279077442791291694  0.220625747737848505896133232  0.477698699260938947162152823 -0.529762700149892184066195699 -0.098886682389111566500829783  0.382386578906779753424510088 
  1  0.333333333333333027488935493  0.078028311098484219570238073  0.089158181048460930741750199 -0.217619875844310666643190329  0.371907459525065777340528672 -0.178915621799334071385348573  0.136248113429749287560843914  0.301033566206945894409363965  0.740258174811312442487390428 
  2 -0.333333333333335763202067217  0.251663439937598168221963291  0.074350502540972644272920886 -0.008644505237718806464976057 -0.082216541807476077598183187  0.261304722122595345455003946  0.172605526731696856348368188  0.831614326799242957629059586 -0.153417415055560933946870832 
  3  0.333333333333335461251762180 -0.296762708249918323637423292  0.273258114718553601907302664  0.726597968852297441152802981  0.330134129296386100789646723  0.222798003513247696211240292  0.095342073888083412183463376  0.127341236638596037904691202 -0.119468753168094615463420884 
  4  0.333333333333330695180327097 -0.033851240368159480461973448  0.477119905173736565980177268 -0.460054905945220091932580317 -0.096562867840034207602220324  0.614515413782457704729590003 -0.226270138792450760118878800 -0.072379399930011808624529500 -0.071123326356873775030238358 
  5  0.333333333333334672711522131  0.313843500083978399885307337 -0.496372641361939189499343991  0.038192128303390737990608310 -0.105441454179514825838042368  0.423120075785060997710772951  0.566926111260442094582669148 -0.175752637829708977841450604  0.010198257798288622822238724 
  6 -0.333333333333332368402434839 -0.308019679393164787836040253  0.284742360449872441481187699  0.174160716706996826264085623 -0.526237150357690640768530688  0.155287209120490518856803029  0.337017445597035756270744636 -0.143028712130294851135356264  0.497518815778404734431750178 
  7 -0.333333333333332448904446146  0.538249661227444258751635708  0.477061064483618392734285557  0.037854271043880799176131790  0.390356140937770444444008047 -0.014952293594318386059966884  0.284780575242040596511917602 -0.365024497808010504304497904 -0.056671316450098288184343553 
  8  0.333333333333329724982013048  0.577611520429000677243763784  0.184695512593043399788032485  0.352228387426075113195980335 -0.497509070291456582387857113 -0.202179534371721515042369909 -0.307605312364955270338197704  0.044431669386011635746217777  0.109952310094895037439230272 

  0  1.000000000000000004662069342  0.000000000000000000027105054 -0.000000000000000000006776264  0.000000000000000000010164395  0.000000000000000000005082198  0.000000000000000000021599340 -0.000000000000000000013552527 -0.000000000000000000011858461  0.000000000000000000003388132 
  1  0.000000000000000000027105054  0.999999999999999970834961560 -0.000000000000000000006776264  0.000000000000000000000000000 -0.000000000000000000003388132  0.000000000000000000000000000  0.000000000000000000000000000  0.000000000000000000003388132  0.000000000000000000000000000 
  2 -0.000000000000000000006776264 -0.000000000000000000006776264  1.000000000000000006722053469 -0.000000000000000000016940659 -0.000000000000000000019481758 -0.000000000000000000003282253 -0.000000000000000000006776264  0.000000000000000000010164395 -0.000000000000000000006776264 
  3  0.000000000000000000010164395  0.000000000000000000000000000 -0.000000000000000000016940659  0.999999999999999970184440257  0.000000000000000000005929231 -0.000000000000000000015246593  0.000000000000000000003388132  0.000000000000000000013552527  0.000000000000000000011011428 
  4  0.000000000000000000005082198 -0.000000000000000000003388132 -0.000000000000000000019481758  0.000000000000000000005929231  0.999999999999999961077142008  0.000000000000000000000899973 -0.000000000000000000003388132 -0.000000000000000000005082198 -0.000000000000000000000847033 
  5  0.000000000000000000021599340  0.000000000000000000000000000 -0.000000000000000000003282253 -0.000000000000000000015246593  0.000000000000000000000899973  0.999999999999999979020687962 -0.000000000000000000001694066  0.000000000000000000001747005  0.000000000000000000019799395 
  6 -0.000000000000000000013552527  0.000000000000000000000000000 -0.000000000000000000006776264  0.000000000000000000003388132 -0.000000000000000000003388132 -0.000000000000000000001694066  0.999999999999999975009139924  0.000000000000000000016940659  0.000000000000000000010164395 
  7 -0.000000000000000000011858461  0.000000000000000000003388132  0.000000000000000000010164395  0.000000000000000000013552527 -0.000000000000000000005082198  0.000000000000000000001747005  0.000000000000000000016940659  0.999999999999999920582190865  0.000000000000000000015670110 
  8  0.000000000000000000003388132  0.000000000000000000000000000 -0.000000000000000000006776264  0.000000000000000000011011428 -0.000000000000000000000847033  0.000000000000000000019799395  0.000000000000000000010164395  0.000000000000000000015670110  1.000000000000000006830473687 

