
  0  0.133630620956212862749648215 -0.133630620956212141023367046 -0.133630620956213433405909176  0.133630620956212813730157492 -0.133630620956209430816091430 -0.133630620956207847718289275  0.133630620956213040057360998  0.133630620956213306513597414 -0.133630620956213193661703785  0.133630620956211324158345241 -0.133630620956211551461330703  0.133630620956213445603183616  0.133630620956212928791113047 -0.133630620956213323034128017  1.336306209562134456031836163e-01

  0  0.267261241912425725499296431 -0.477717486272498942427534516  0.248941748683018933778867202 -0.055380676682799697253898469  0.048294424019121456339263820 -0.170453461058865050111593709  0.222626147070288140373249021  0.281026792585795687462154116  0.090514431155028065252902102  0.461831678513310981044632381 -0.323154682086260588823193110  0.208392369926186011026944707 -0.324001114774682660331492010  0.032845284384523047885404579 
  1 -0.267261241912424282046734092  0.051267634009362195982620032  0.159017193419871370215065362 -0.200496722109862892635917357  0.610772276084602710121643915  0.388259489390446943881968905 -0.019249924251235256071111235 -0.106046278077452030612576415 -0.395749461954776445834569901  0.376631761271757280597292233  0.077221211435715138296444378 -0.029761250895070420216805235 -0.041500515281524120538068998 -0.134211837504339349182473293 
  2 -0.267261241912426866811818352 -0.135455667302445559934081891  0.075332177657977083473303265 -0.110599445050738654845083955  0.309218232065310186717707608 -0.310278479320982399585317560  0.164189244990542071859812752 -0.392386704500759450809808590  0.418295130137392029613272945 -0.001709885453694248410139885  0.178951466020222667188503685 -0.238221866152108901592675955 -0.129890385887390134039983368  0.488756990809652036464273347 
  3  0.267261241912425627460314984 -0.230828217821407284698247489  0.328808710522991762904886429  0.190154435438490023634267381  0.138051859862573593937490161  0.398702537178857058019825974 -0.062544609952738093902157700 -0.341883883381385295026659230  0.157818874417829128510158861 -0.214723471788275913207520891 -0.132608374783499094660380209  0.389586979707163518984883513  0.392751314994828737290266316  0.193824353918923067757935398 
  4 -0.267261241912418861632182859 -0.106858314339928159106957433  0.595033998337380430566825179 -0.034885475354333248395818663 -0.140154934654687422497607724  0.234032930877238287616527029  0.283695087925897491439161321  0.253048081807465102577607216  0.206723986844101796146212779 -0.323782058896900302427581536  0.132866063017929873869078967 -0.275087181088319191867713753 -0.074070026590960124645581474 -0.310736022141944408209808179 
  5 -0.267261241912415695436578550 -0.177410043375697693064543640 -0.001269705032402303409002049  0.399202488487178796600562611 -0.450954154762387186925354926  0.353858720514987002444921849 -0.010635457926584282838953284 -0.074148965551681805615413974 -0.255477924945036990322802875  0.257896253389482099400032561 -0.059587405536431567846004324 -0.256217913218350780912239278 -0.118194457368596396435291365  0.434279155525849660596715215 
  6  0.267261241912426080114721996 -0.327332264423247261002402134 -0.524803269707792515482835255  0.218451317882407381430753812  0.270957234448860466983393172  0.344946759121982946487807234  0.231128483544572733905967873 -0.033637835343356706070775406  0.115473319517054649720937207 -0.228987884971991765645379056  0.049811280074097834213683097 -0.261137692910116588085062822 -0.280062192136939520220595412 -0.190916654400476932181853450 
  7  0.267261241912426613027194827 -0.018905330390316585426060893 -0.015985158828904493246458895 -0.013865856106637269660145247 -0.015376205480623178882491875  0.048900969204638018772489470 -0.027537322374908984629426445  0.108967784145482583046764518  0.286736988835144487300279209  0.465918539663659319000153097  0.114102035053333990940115875 -0.495264397573022387719163945  0.588461376075494898294296342 -0.092817777331203493380634619 
  8 -0.267261241912426387323407570 -0.027910512200977251312918395 -0.065851654227235491138089246  0.495471162093127777615230931  0.189393624245879368123558588 -0.338087107726741514508554676  0.533095170679860421358506328  0.042138517861449361221674696 -0.225836091718215210187798228 -0.017352815134513347924893000 -0.135200929766258459737543994  0.089272373543804642387843561  0.386382933115605754976259328 -0.122399699499149368500184112 
  9  0.267261241912422648316690482  0.706665994972122014287745084  0.120811428047634240812103958  0.181871123495102913651200530  0.169447830890860792274824065  0.183572269599003733462445551  0.282730817081679982108715493  0.188413113903930384249217969  0.149328305407880075451692269  0.025547779694945499600835679 -0.224944878615356265119011939 -0.074213776420720949449051033 -0.188338443168113948552266045  0.298569334311131405745040959 
 10 -0.267261241912423102922661405 -0.173167016192227381186636952 -0.207370177280850687652415283 -0.195140239052602152875523327  0.226509125207519301266464659  0.122269335628160828651498152 -0.169635283901317855437306317  0.631805073064825556405921247  0.052823272190416170647351201 -0.238507491590935044486728248 -0.220812256184678948467002731  0.001591171868582319828268607  0.245667566232383632440338522  0.393069073550470426731042600 
 11  0.267261241912426891206367233 -0.081523527680033893599333139  0.253898431565273510182503131  0.421010985787721415778139811  0.246124294797275302348134492 -0.222246053168068192159331602 -0.320676067403005144010362873  0.287998259806833405421034461 -0.220567030502303564054589202 -0.090129087294523665407366096  0.537519704796313573425155241 -0.061273278994239919530921234 -0.102933553917102482714782379  0.156249266236802187399917465 
 12  0.267261241912425857582226094 -0.053256439443994371034721280 -0.055974790450082315448182817 -0.422160652808342657467313014 -0.179797717089618283855070348  0.078846793477143763145429875  0.531872611928933607789403426  0.049408147322969591494528285 -0.344745703930206724707741017 -0.071682320421160156669754000  0.421110305494234574114715761  0.100324623310012205400579017  0.144318197017288015561236811  0.297143219953037681800491615 
 13 -0.267261241912426646068256034  0.086636648342518094360442237 -0.199194733042587900290806141  0.166528907993181965430887909 -0.067082446737804111427591613  0.212214924991604584331834037  0.076141222377658318280920467  0.185882654436432727832547059  0.433780274346534292368967115  0.294599469810768564302563138  0.468397240946368397976990947  0.514839492986704972798516627 -0.038199530128746774052276788 -0.053860633667795386730886955 

  0  0.999999999999999957282434404 -0.000000000000000000001694066  0.000000000000000000013552527 -0.000000000000000000063103955 -0.000000000000000000016940659 -0.000000000000000000003388132  0.000000000000000000024140439 -0.000000000000000000002117582 -0.000000000000000000002541099  0.000000000000000000019481758 -0.000000000000000000014399560  0.000000000000000000020752307  0.000000000000000000009317362 -0.000000000000000000002435220 
  1 -0.000000000000000000001694066  0.999999999999999944922529638  0.000000000000000000013552527  0.000000000000000000018634725 -0.000000000000000000013552527 -0.000000000000000000040657581  0.000000000000000000000000000 -0.000000000000000000005929231  0.000000000000000000005082198  0.000000000000000000010164395 -0.000000000000000000027105054  0.000000000000000000008470329 -0.000000000000000000003388132 -0.000000000000000000006776264 
  2  0.000000000000000000013552527  0.000000000000000000013552527  0.999999999999999933646827044  0.000000000000000000006776264  0.000000000000000000000000000 -0.000000000000000000013552527 -0.000000000000000000006776264  0.000000000000000000000000000 -0.000000000000000000013552527  0.000000000000000000013552527  0.000000000000000000013552527  0.000000000000000000000000000  0.000000000000000000000000000  0.000000000000000000001694066 
  3 -0.000000000000000000063103955  0.000000000000000000018634725  0.000000000000000000006776264  0.999999999999999937062063887  0.000000000000000000003388132 -0.000000000000000000006776264 -0.000000000000000000016940659  0.000000000000000000037269450  0.000000000000000000008470329  0.000000000000000000000000000 -0.000000000000000000006776264  0.000000000000000000001694066 -0.000000000000000000003388132 -0.000000000000000000001694066 
  4 -0.000000000000000000016940659 -0.000000000000000000013552527  0.000000000000000000000000000  0.000000000000000000003388132  0.999999999999999899982349588 -0.000000000000000000013552527  0.000000000000000000003388132  0.000000000000000000003388132  0.000000000000000000006776264 -0.000000000000000000006776264 -0.000000000000000000013552527 -0.000000000000000000006776264 -0.000000000000000000006776264 -0.000000000000000000006776264 
  5 -0.000000000000000000003388132 -0.000000000000000000040657581 -0.000000000000000000013552527 -0.000000000000000000006776264 -0.000000000000000000013552527  0.999999999999999992519005010 -0.000000000000000000027105054 -0.000000000000000000003388132  0.000000000000000000023716923 -0.000000000000000000013552527 -0.000000000000000000013552527 -0.000000000000000000006776264 -0.000000000000000000013552527 -0.000000000000000000001694066 
  6  0.000000000000000000024140439  0.000000000000000000000000000 -0.000000000000000000006776264 -0.000000000000000000016940659  0.000000000000000000003388132 -0.000000000000000000027105054  0.999999999999999955005609842 -0.000000000000000000001694066  0.000000000000000000008470329  0.000000000000000000000000000  0.000000000000000000000000000  0.000000000000000000000000000  0.000000000000000000000000000 -0.000000000000000000002541099 
  7 -0.000000000000000000002117582 -0.000000000000000000005929231  0.000000000000000000000000000  0.000000000000000000037269450  0.000000000000000000003388132 -0.000000000000000000003388132 -0.000000000000000000001694066  0.999999999999999983140656218 -0.000000000000000000016940659 -0.000000000000000000020328791  0.000000000000000000000000000  0.000000000000000000018634725  0.000000000000000000008470329 -0.000000000000000000025410988 
  8 -0.000000000000000000002541099  0.000000000000000000005082198 -0.000000000000000000013552527  0.000000000000000000008470329  0.000000000000000000006776264  0.000000000000000000023716923  0.000000000000000000008470329 -0.000000000000000000016940659  0.999999999999999938146266060 -0.000000000000000000003388132  0.000000000000000000003388132 -0.000000000000000000010164395 -0.000000000000000000003388132 -0.000000000000000000002117582 
  9  0.000000000000000000019481758  0.000000000000000000010164395  0.000000000000000000013552527  0.000000000000000000000000000 -0.000000000000000000006776264 -0.000000000000000000013552527  0.000000000000000000000000000 -0.000000000000000000020328791 -0.000000000000000000003388132  0.999999999999999987802725560  0.000000000000000000000000000  0.000000000000000000003388132 -0.000000000000000000013552527 -0.000000000000000000010164395 
 10 -0.000000000000000000014399560 -0.000000000000000000027105054  0.000000000000000000013552527 -0.000000000000000000006776264 -0.000000000000000000013552527 -0.000000000000000000013552527  0.000000000000000000000000000  0.000000000000000000000000000  0.000000000000000000003388132  0.000000000000000000000000000  0.999999999999999932183154111  0.000000000000000000003388132  0.000000000000000000000000000  0.000000000000000000000000000 
 11  0.000000000000000000020752307  0.000000000000000000008470329  0.000000000000000000000000000  0.000000000000000000001694066 -0.000000000000000000006776264 -0.000000000000000000006776264  0.000000000000000000000000000  0.000000000000000000018634725 -0.000000000000000000010164395  0.000000000000000000003388132  0.000000000000000000003388132  0.999999999999999910932791530 -0.000000000000000000003388132  0.000000000000000000000000000 
 12  0.000000000000000000009317362 -0.000000000000000000003388132  0.000000000000000000000000000 -0.000000000000000000003388132 -0.000000000000000000006776264 -0.000000000000000000013552527  0.000000000000000000000000000  0.000000000000000000008470329 -0.000000000000000000003388132 -0.000000000000000000013552527  0.000000000000000000000000000 -0.000000000000000000003388132  0.999999999999999895374490355  0.000000000000000000005082198 
 13 -0.000000000000000000002435220 -0.000000000000000000006776264  0.000000000000000000001694066 -0.000000000000000000001694066 -0.000000000000000000006776264 -0.000000000000000000001694066 -0.000000000000000000002541099 -0.000000000000000000025410988 -0.000000000000000000002117582 -0.000000000000000000010164395  0.000000000000000000000000000  0.000000000000000000000000000  0.000000000000000000005082198  0.999999999999999982652765240 

