
  0 -0.287082869338769197718828213 -0.287082869338468477549575902 -0.287082869338753370372883944 -0.212917130662947259579732481 -0.287082869338693673361010208 -0.287082869338770011249928338  0.287082869338766216000223552 -0.212917130660618592237227215  0.287082869337874879923011226 -0.287082869338768685162251171  2.870828693387700112499283378e-01
  1  0.287082869338770094408234967 -0.287082869338471537303631928 -0.287082869338726839078361486 -0.287082869338569553950514177 -0.287082869338552657255967185  0.287082869338763600796163300  0.287082869338762029895635586 -0.212917130660838624874628237  0.212917130662024865108273956  0.287082869338769114018420497  2.870828693387700944082349674e-01
  2 -0.287082869338769234852752621 -0.212917130661763486990231339  0.287082869338703951570500317 -0.212917130661864582391812686  0.287082869338582124298922191 -0.287082869338766348110258270 -0.287082869338761204167261021 -0.287082869338096781440354544  0.287082869338370528584014271 -0.287082869338768196946012901  2.870828693387692348527526209e-01
  3  0.287082869338770057274310560 -0.212917130661766546730734838  0.287082869338730482865022775 -0.287082869337486876762594382  0.287082869338723140403965214  0.287082869338767263935833368 -0.287082869338765390271848987 -0.287082869338316814091308093  0.212917130662520513769277002  0.287082869338769602234658768  2.870828693387700572743105598e-01

  0 -0.574165738677539292127063181  0.000000000000000037156402180  0.000000000000000859532391031 -0.177839034656691036810237036 -0.287028122120779549485527007 -0.282292362761426000124145158  0.089243516984332558516829128 -0.107508547614617148014803244  0.562599624566320840029359784 -0.374956038254539682886374782 
  1  0.000000000000003059748979465 -0.074165738676704990579673354 -0.500000000000235024293863267  0.150503225539286598436421356 -0.556944713080935782699779080  0.092429199161226288388620072 -0.308691784673599081939131955 -0.374553561528973697012517841 -0.352006473050987039581736365 -0.208873422371964631832214065 
  2 -0.000000000000026531281889673 -0.574165738677457321943384261 -0.000000000000022887487350445  0.398078489867631868305997839  0.273807627382821639394541030  0.347814551103960075290619583  0.344555723654916282064179789 -0.201273636394964594982471759  0.090023514661757481246308517 -0.385470731778620223412137186 
  3  0.074165738675622294364005432 -0.000000000001082677195799081 -0.500000000000434136342326863  0.048053833866964652406206758  0.522557419549116314641794973 -0.130173524456348685128287586 -0.542033867114916393281816298  0.194422870148261009949825807  0.268736434654885622373568857 -0.219905962207654821319075152 
  4 -0.000000000000141016118810797 -0.574165738677275797659932399  0.000000000000029467058793133 -0.514710489360547345167370276  0.143541467426146437372149606 -0.483520385763599398797410456  0.020702765043388875821210354 -0.056813341462439797492005138 -0.380422350177387401712727003 -0.051314477377406513168502274 
  5 -0.574165738677533612046091638 -0.000000000000003663152108890 -0.000000000000002747288361905  0.282737940440804850751816205  0.009030877963368956899115037  0.003551344628561815736177804 -0.004766427355640036002131264  0.604550468983327109380194325 -0.457316822419284040452920961 -0.125124451300877241136121944 
  6  0.000000000000004186125273062  0.574165738677527420167484573  0.000000000000000825728837017 -0.026669279136091275782220332  0.347715201005789477850180247 -0.184296180581461839745219082  0.273969284055684482730337603 -0.339738088337748389810557756 -0.337544010673288991222816893 -0.458622300457639773375124667 
  7  0.000000000000220032642399044  0.074165738677478189216679856 -0.499999999998935406328535308 -0.545957333046578214977642696 -0.017862964737869378810590048  0.468599009593795483345985212  0.398037960771909041392648335  0.257561361066577369977916023  0.012975320467032088962652814 -0.039818143194956514404687009 
  8  0.074165738675850014807961006 -0.000000000000495648663397086  0.500000000000395393678735700 -0.347400273638726576479500083 -0.052250258269414152791207308  0.430854684297309671711824486 -0.452687691017697364179997108  0.077430669685246840610399945 -0.070294717928949731703812832 -0.468597527774424384697975546 
  9 -0.574165738677537799180671668 -0.000000000000000488222660333  0.000000000000000917098670436 -0.143565876538693211535049725  0.338747434687832760111464783  0.317580396422957653563808392 -0.212966573005776738610242936 -0.461926244421733380753330306 -0.079649826311576547501088191  0.411145594148772835542144516 

  0  1.000000000000000008782037597 -0.000000000000000000006776264  0.000000000000000000000000000  0.000000000000000000000000000  0.000000000000000000003388132 -0.000000000000000000006776264  0.000000000000000000000000000 -0.000000000000000000007623297  0.000000000000000000000000000 -0.000000000000000000013552527 
  1 -0.000000000000000000006776264  0.999999999999999950777221369  0.000000000000000000000000000  0.000000000000000000027105054 -0.000000000000000000024563955  0.000000000000000000010164395 -0.000000000000000000006776264  0.000000000000000000025410988  0.000000000000000000006776264  0.000000000000000000000000000 
  2  0.000000000000000000000000000  0.000000000000000000000000000  0.999999999999999943296226379 -0.000000000000000000027105054 -0.000000000000000000006776264  0.000000000000000000003388132 -0.000000000000000000013552527 -0.000000000000000000000847033  0.000000000000000000000000000  0.000000000000000000000000000 
  3  0.000000000000000000000000000  0.000000000000000000027105054 -0.000000000000000000027105054  0.999999999999999976581233074  0.000000000000000000000847033  0.000000000000000000001694066 -0.000000000000000000006776264  0.000000000000000000003388132 -0.000000000000000000006776264  0.000000000000000000000000000 
  4  0.000000000000000000003388132 -0.000000000000000000024563955 -0.000000000000000000006776264  0.000000000000000000000847033  0.999999999999999992302164575 -0.000000000000000000000423516  0.000000000000000000005082198 -0.000000000000000000003811648 -0.000000000000000000001694066  0.000000000000000000010164395 
  5 -0.000000000000000000006776264  0.000000000000000000010164395  0.000000000000000000003388132  0.000000000000000000001694066 -0.000000000000000000000423516  0.999999999999999927521084769  0.000000000000000000006776264  0.000000000000000000002117582 -0.000000000000000000003388132  0.000000000000000000013552527 
  6  0.000000000000000000000000000 -0.000000000000000000006776264 -0.000000000000000000013552527 -0.000000000000000000006776264  0.000000000000000000005082198  0.000000000000000000006776264  0.999999999999999936032071823  0.000000000000000000001694066  0.000000000000000000000000000  0.000000000000000000000000000 
  7 -0.000000000000000000007623297  0.000000000000000000025410988 -0.000000000000000000000847033  0.000000000000000000003388132 -0.000000000000000000003811648  0.000000000000000000002117582  0.000000000000000000001694066  0.999999999999999993386366748 -0.000000000000000000005082198  0.000000000000000000005082198 
  8  0.000000000000000000000000000  0.000000000000000000006776264  0.000000000000000000000000000 -0.000000000000000000006776264 -0.000000000000000000001694066 -0.000000000000000000003388132  0.000000000000000000000000000 -0.000000000000000000005082198  0.999999999999999921774813255  0.000000000000000000000000000 
  9 -0.000000000000000000013552527  0.000000000000000000000000000  0.000000000000000000000000000  0.000000000000000000000000000  0.000000000000000000010164395  0.000000000000000000013552527  0.000000000000000000000000000  0.000000000000000000005082198  0.000000000000000000000000000  0.999999999999999925298470316 

