
  0 -0.129099444873580241884090253 -0.129099444873580712753093763  0.129099444873581186115762270  0.129099444873580588462867215 -0.129099444873580384388913299 -0.129099444873579567713626874  0.129099444873581024407008244  0.129099444873581112986325736  0.129099444873581356538791258 -0.129099444873580111291938577 -0.129099444873580094974695881 -0.129099444873580656198397941  0.129099444873580699580037368 -0.129099444873579893706115086 -0.129099444873580762992311931  1.290994448735813565387912580e-01

  0 -0.258198889747160483768180506  0.051368274954644103801233452  0.144740543904660086483638694  0.039824142315661610890968657 -0.233433458858322415794953920 -0.326634931862532854160603712 -0.492833948092073806764501151  0.083577607667586823564050743 -0.162498303493545120408788826 -0.153151621948684000935306422  0.479763312436883792878048252 -0.157294172039784647991944241 -0.289077538270390762935313500  0.329416851566953027387676944 -0.015813768906390899993699923 
  1 -0.258198889747161425506187526  0.040765629113427469182643053 -0.186003080817769701578640908  0.154075479133957005706029482 -0.005486854314225110208078697  0.443026537621891857115889735  0.229645432495798606888147246 -0.219337963009845577689888724 -0.009742062104755362480372255  0.129826671032178299157846049  0.380656034795146491805017605 -0.592983740152900898378110495  0.172125234385914990600254491  0.066179028311029559650821921  0.169413538076583629376267032 
  2  0.258198889747162372231524541 -0.142134097252971154212285859  0.107215274036377241934515220  0.617340680686731881261254673  0.147551320243340173746357177 -0.116376509829209753397614904  0.152739882941898030865087582 -0.435451173100979358040942685  0.155589343405631248641661328 -0.288387759864461634521943384  0.211480951428318378633301224  0.242602461791151583075389596  0.064810243437625147300458223  0.236801673029324893343769594 -0.032146997731276670282003554 
  3  0.258198889747161176925734430 -0.125072507080727887471120231 -0.200192145417993944307710752  0.072103379415928292589391471 -0.550164567195878936899707673 -0.174748307435827164403661753 -0.039124743466095838184806493 -0.340056059493443671600497458  0.202900985267065883321736981  0.449919877372419188408169885 -0.125117193228844250868850296 -0.188511047627564004125055169 -0.232896674506307342140303332 -0.049915647039100965724647656 -0.265532770077279045166417440 
  4 -0.258198889747160768777826598  0.059479225770164461778558062 -0.155856519718473419258762507 -0.120454310214797904130272412  0.190700865304475319878885556 -0.421936761666915127554468648  0.409523309367320280762522072 -0.128032628178315186653446305 -0.154788651958117484482469091  0.114860717339390674026071860 -0.333553149803753520640870259 -0.105989574449576350152963430 -0.099231840308741077947803696  0.562393277455970938278739107  0.081967995719816372844992482 
  5 -0.258198889747159135427253748  0.137131636524124992298828349 -0.152062681485039890492928435  0.432838345017351936827414149  0.255858599386722684860097712 -0.099207234565010475007120015 -0.073983415549297612790965745  0.309274084050355257231260803  0.354291201897200365043480441 -0.152334592131842148774638693 -0.247481501498293632703220912 -0.317342649814582208249533896 -0.166926875225918202471806981 -0.168370620075807655291596707 -0.400913544812021567715406428 
  6  0.258198889747162048814016488  0.086663408280868435364682582  0.182147355551377473432050555 -0.082799463512947180165795717  0.531608237000653641602526678 -0.032524611516478758291206347 -0.412744632252724927431140889 -0.047590413862003745292357992  0.239537358491712728885639910  0.512478286588562202447279248  0.058561230422243176549622909 -0.130285942890193646081717360  0.188027104793622064455248764  0.231799588975454267761083967 -0.000056677144062740730244934 
  7  0.258198889747162225972651473 -0.567591946748230579463528889 -0.333486902052528373592609270 -0.065092696710231326847576495  0.057003479246286822878023171  0.113893587488915409347003341 -0.292696239620577723303251894  0.086264177132146715421229070  0.050377228798414792973746649 -0.329167357112563141962029850 -0.249946789345452307395706489 -0.269164697939562866217406284 -0.075966524977283710127855254  0.194428310860729131100284837  0.311453162097512516946458752 
  8  0.258198889747162713077582516  0.418511762311205710315005143  0.010347154659073126277403726 -0.385569670386395397398580573  0.009345135916119006432336549  0.307810144418986589883845822 -0.021251906423440084306641928 -0.265136981400935844673579650  0.074824550212674091947062053 -0.420883767779194983816269671 -0.063818753306080205088860694 -0.127846854191285211243471302 -0.144365770302722847418918500  0.254018527642716938111074401 -0.394081369881864951169089112 
  9 -0.258198889747160222583877154 -0.600035096987246962564610531  0.189423946611955112005114092 -0.149513200770811810027855100  0.261400062846550300784060142  0.196461717504967081453486760  0.043336430506009526295756792 -0.161058042518738408701997958 -0.226862806665021755350101357  0.101176714143573249925407449  0.073340757092293828170925449  0.056888290705627758604039697 -0.199215447857059314504257763 -0.032480184408134663741140420 -0.518893328676260482757234827 
 10 -0.258198889747160189949391762 -0.095516506613224018686580073  0.668179637484566347213968407 -0.049969216971465642242509033 -0.194460104985998115807417988 -0.052658650654346847653819496 -0.075706337481610970748598273 -0.266409980738624598396811077  0.231057320417667486788957862 -0.159187333070045744913578213 -0.368608037559890969425647686 -0.261571017871419897351907558  0.201006368393062354556276132 -0.074231645437360419207003213  0.170359367281519030883920295 
 11 -0.258198889747161312396795882  0.234194392296462743755544426 -0.154754374632235049325966122  0.235037298553475230985881049  0.112579412298680363992500492  0.271797782095356537881590195 -0.397527390174244751522422345 -0.413682067113547206866448411 -0.268945460846913552647313717  0.099143370156614306977797477 -0.319531297838403997423756264  0.227523179612661984603030896 -0.295032929648107801392110244 -0.100505727380937275687307168  0.224525917494845242324821508 
 12  0.258198889747161399160074735  0.069728495820293820448910246 -0.026730887021096135021283428  0.080969936258642134676959123  0.122879837081056800917450416 -0.332126560312962003487834498 -0.093659460919250383559330527 -0.157380419605923400084017579 -0.625385323933824835516276375 -0.119089384630767205889602389 -0.071290535451646238471385721 -0.359252307268180532903202595  0.309556955847464995414336855 -0.316743242504229145187644862 -0.163300231329339235472955516 
 13 -0.258198889747159787412230172 -0.045124004351011031867929851 -0.256018564482580715334749180  0.063917259445176780846662075 -0.254646394875067923403060346  0.101996708842967286489809755 -0.259674525839626356757796136  0.028700422681829592635096714 -0.017548654342117605438436173 -0.002337982903687673214368909 -0.138230129723725503034176612  0.223892414072957167330371088  0.673123131443937618091817587  0.308292756123490624533883472 -0.316978817337849756643076288 
 14 -0.258198889747161525984623862 -0.042158435376905127886591317 -0.358349057109872003206363020 -0.368803630756815579598345209  0.185711315488765541011225400 -0.346917424502953108668380430 -0.089516654972470628627741196 -0.392382303171841536568740030  0.352881559337280359243569847 -0.173126048043507785380063120  0.233512922618278122768712725  0.094418881811378575094292377  0.112395231379701822079040380 -0.340304525190302967956133134  0.062667757093440502202561990 

  0  0.999999999999999913046985767  0.000000000000000000011434945 -0.000000000000000000020540549  0.000000000000000000030069670  0.000000000000000000007835055 -0.000000000000000000002964615 -0.000000000000000000019943118  0.000000000000000000000000000  0.000000000000000000000000000  0.000000000000000000008470329 -0.000000000000000000000635275  0.000000000000000000013764285  0.000000000000000000009529121 -0.000000000000000000013976044 -0.000000000000000000006564505 
  1  0.000000000000000000011434945  0.999999999999999907734395121 -0.000000000000000000000847033 -0.000000000000000000027105054  0.000000000000000000016940659  0.000000000000000000013552527 -0.000000000000000000005802672  0.000000000000000000010164395 -0.000000000000000000020328791 -0.000000000000000000006776264  0.000000000000000000000000000 -0.000000000000000000037269450 -0.000000000000000000015246593 -0.000000000000000000003388132 -0.000000000000000000015246593 
  2 -0.000000000000000000020540549 -0.000000000000000000000847033  0.999999999999999973599677100 -0.000000000000000000063527471  0.000000000000000000016728901  0.000000000000000000027105054 -0.000000000000000000017054086  0.000000000000000000003388132 -0.000000000000000000032187252 -0.000000000000000000005082198  0.000000000000000000005082198  0.000000000000000000005929231  0.000000000000000000013552527 -0.000000000000000000020328791 -0.000000000000000000014187802 
  3  0.000000000000000000030069670 -0.000000000000000000027105054 -0.000000000000000000063527471  1.000000000000000010299920639 -0.000000000000000000025410988  0.000000000000000000020328791  0.000000000000000000013905733 -0.000000000000000000006776264 -0.000000000000000000013552527  0.000000000000000000000000000  0.000000000000000000006776264  0.000000000000000000006776264  0.000000000000000000003388132  0.000000000000000000000000000 -0.000000000000000000005082198 
  4  0.000000000000000000007835055  0.000000000000000000016940659  0.000000000000000000016728901 -0.000000000000000000025410988  0.999999999999999929418438571  0.000000000000000000003388132  0.000000000000000000011520558 -0.000000000000000000028799120  0.000000000000000000010164395  0.000000000000000000006776264 -0.000000000000000000005929231  0.000000000000000000011858461 -0.000000000000000000014399560  0.000000000000000000008470329 -0.000000000000000000038963516 
  5 -0.000000000000000000002964615  0.000000000000000000013552527  0.000000000000000000027105054  0.000000000000000000020328791  0.000000000000000000003388132  0.999999999999999991109542186  0.000000000000000000018222789  0.000000000000000000000000000 -0.000000000000000000013552527 -0.000000000000000000013552527  0.000000000000000000006776264  0.000000000000000000000000000  0.000000000000000000020328791  0.000000000000000000000000000 -0.000000000000000000015246593 
  6 -0.000000000000000000019943118 -0.000000000000000000005802672 -0.000000000000000000017054086  0.000000000000000000013905733  0.000000000000000000011520558  0.000000000000000000018222789  0.999999999999999949638809088  0.000000000000000000006420576  0.000000000000000000031176437 -0.000000000000000000003295488 -0.000000000000000000010282682 -0.000000000000000000007455379  0.000000000000000000007120371 -0.000000000000000000018990413  0.000000000000000000000622040 
  7  0.000000000000000000000000000  0.000000000000000000010164395  0.000000000000000000003388132 -0.000000000000000000006776264 -0.000000000000000000028799120  0.000000000000000000000000000  0.000000000000000000006420576  0.999999999999999917980105651  0.000000000000000000013552527  0.000000000000000000000000000  0.000000000000000000013552527  0.000000000000000000006776264  0.000000000000000000000000000 -0.000000000000000000006776264  0.000000000000000000001694066 
  8  0.000000000000000000000000000 -0.000000000000000000020328791 -0.000000000000000000032187252 -0.000000000000000000013552527  0.000000000000000000010164395 -0.000000000000000000013552527  0.000000000000000000031176437  0.000000000000000000013552527  0.999999999999999893802397205  0.000000000000000000013552527  0.000000000000000000000000000 -0.000000000000000000006776264 -0.000000000000000000006776264  0.000000000000000000000000000  0.000000000000000000005082198 
  9  0.000000000000000000008470329 -0.000000000000000000006776264 -0.000000000000000000005082198  0.000000000000000000000000000  0.000000000000000000006776264 -0.000000000000000000013552527 -0.000000000000000000003295488  0.000000000000000000000000000  0.000000000000000000013552527  0.999999999999999926978983683 -0.000000000000000000006776264  0.000000000000000000000000000  0.000000000000000000000000000  0.000000000000000000000000000 -0.000000000000000000006776264 
 10 -0.000000000000000000000635275  0.000000000000000000000000000  0.000000000000000000005082198  0.000000000000000000006776264 -0.000000000000000000005929231  0.000000000000000000006776264 -0.000000000000000000010282682  0.000000000000000000013552527  0.000000000000000000000000000 -0.000000000000000000006776264  1.000000000000000003686287386 -0.000000000000000000003388132 -0.000000000000000000010164395  0.000000000000000000006776264 -0.000000000000000000004235165 
 11  0.000000000000000000013764285 -0.000000000000000000037269450  0.000000000000000000005929231  0.000000000000000000006776264  0.000000000000000000011858461  0.000000000000000000000000000 -0.000000000000000000007455379  0.000000000000000000006776264 -0.000000000000000000006776264  0.000000000000000000000000000 -0.000000000000000000003388132  0.999999999999999938146266060  0.000000000000000000003388132  0.000000000000000000000000000 -0.000000000000000000009317362 
 12  0.000000000000000000009529121 -0.000000000000000000015246593  0.000000000000000000013552527  0.000000000000000000003388132 -0.000000000000000000014399560  0.000000000000000000020328791  0.000000000000000000007120371  0.000000000000000000000000000 -0.000000000000000000006776264  0.000000000000000000000000000 -0.000000000000000000010164395  0.000000000000000000003388132  0.999999999999999950777221369 -0.000000000000000000023716923  0.000000000000000000006776264 
 13 -0.000000000000000000013976044 -0.000000000000000000003388132 -0.000000000000000000020328791  0.000000000000000000000000000  0.000000000000000000008470329  0.000000000000000000000000000 -0.000000000000000000018990413 -0.000000000000000000006776264  0.000000000000000000000000000  0.000000000000000000000000000  0.000000000000000000006776264  0.000000000000000000000000000 -0.000000000000000000023716923  0.999999999999999989374818710 -0.000000000000000000001694066 
 14 -0.000000000000000000006564505 -0.000000000000000000015246593 -0.000000000000000000014187802 -0.000000000000000000005082198 -0.000000000000000000038963516 -0.000000000000000000015246593  0.000000000000000000000622040  0.000000000000000000001694066  0.000000000000000000005082198 -0.000000000000000000006776264 -0.000000000000000000004235165 -0.000000000000000000009317362  0.000000000000000000006776264 -0.000000000000000000001694066  0.999999999999999951644583107 

