
  0  0.204124145231931430132335005 -0.204124145231931996627970129  0.204124145231931622496905458 -0.204124145231931729385687138 -0.204124145231930882772868226  0.204124145231931385652940879  2.041241452319319966279701287e-01

  0  0.408248290463862860264670010  0.362303976706687226442583916 -0.477691616717209774773929623  0.501467617492924514193547436  0.468972611171986896052123542  0.049747358627874714097051806 
  1 -0.408248290463863993255940257 -0.124054905890786163043194770  0.340779652881918709297296571  0.812757326325604584468711294 -0.049850321319162110039638174 -0.196858872819770778833572272 
  2  0.408248290463863244993810916 -0.208316196702318001145442378  0.361161188560667348752255754 -0.125537005827747836161304568  0.382475489780361388366400691 -0.705303658920990631832348416 
  3 -0.408248290463863458771374276  0.285423660745457946527310969 -0.511680065993785508149990088 -0.119237959587494693850797615 -0.188419763344262205042884545 -0.663574019276895133692597412 
  4 -0.408248290463861765545736451 -0.607203811830761671568083837 -0.334718313537769351516306532 -0.097364671380361931714850828  0.576853357157933240939671343  0.101788211088391387797484015 
  5  0.408248290463862771305881758 -0.599822836980457326189024314 -0.389088298493093029617679104  0.220224083692573796978801670 -0.512864828457841798300866770 -0.103088380715159794428549024 

  0  0.999999999999999990133760230  0.000000000000000000008470329 -0.000000000000000000030493186  0.000000000000000000006776264  0.000000000000000000020328791  0.000000000000000000022446373 
  1  0.000000000000000000008470329  0.999999999999999975822291554  0.000000000000000000000000000  0.000000000000000000000000000 -0.000000000000000000005082198 -0.000000000000000000001694066 
  2 -0.000000000000000000030493186  0.000000000000000000000000000  1.000000000000000025587171271  0.000000000000000000027105054 -0.000000000000000000013552527  0.000000000000000000013552527 
  3  0.000000000000000000006776264  0.000000000000000000000000000  0.000000000000000000027105054  0.999999999999999979725419375  0.000000000000000000000000000  0.000000000000000000006776264 
  4  0.000000000000000000020328791 -0.000000000000000000005082198 -0.000000000000000000013552527  0.000000000000000000000000000  1.000000000000000025370330836 -0.000000000000000000008470329 
  5  0.000000000000000000022446373 -0.000000000000000000001694066  0.000000000000000000013552527  0.000000000000000000006776264 -0.000000000000000000008470329  0.999999999999999983465916870 

