
  0 -0.282842712474625919329834778 -0.282842712474614494983123081 -0.282842712474591105706496486 -0.282842712474617556255062148 -0.282842712474627268565228327  0.282842712474559657067230828  0.141421356237465544071615561  2.828427124746272685652283274e-01
  1 -0.282842712474626884323978399  0.141421356237284434996938180  0.282842712474613808141046811 -0.282842712474624290126335238 -0.282842712474627589434861274 -0.282842712474621393544706172 -0.282842712474612585404941736  2.828427124746275894348612745e-01

  0  0.000000000000000965007877649 -0.565685424949252803653813176  0.515859436583055995658667753 -0.264764121052369491316489172 -0.149994189321433423026401141 -0.539004105085963943931257059 -0.175400455420864339470200972 
  1 -0.424264068711898929993613788 -0.141421356237330059999737428  0.126264429712375726515792562  0.373020566929016027875494477 -0.338153142567102092967603472 -0.056191733559046447778233735  0.726228539572086476746193978 
  2 -0.565685424949204913847543297  0.000000000000022702416707785  0.005914847538781857376006336 -0.731648229814343935262753449 -0.070485830643730789541736518  0.371576409429838242014058902  0.040231853323701517827036675 
  3  0.000000000000006733894822995 -0.565685424949241846381397386  0.026830354556688587804949846  0.094649875655403826892433147  0.733330841919753093386628168  0.303235284960504969923754046  0.201483923321346121903738235 
  4  0.000000000000000320887340713 -0.565685424949254858000089602 -0.684696768439659624776519320  0.064250001884988342284435372 -0.398449498789924291900768280  0.083823221720530842914398308 -0.203159880292581078523863822 
  5  0.565685424949181050611936999 -0.000000000000061736465805783 -0.230709439793010768392439794 -0.489710109956880091860997872 -0.023054083068802980021461515 -0.168547986124436702311149387  0.598345425505813756101441969 
  6  0.424264068712078129476557298 -0.141421356237147041333326175  0.441763479487902132735333699  0.050436407119010817797204876 -0.401395472666849285084357188  0.663974127179701344961433584 -0.017922890004033032251306071 

  0  0.999999999999999955601921037  0.000000000000000000013552527 -0.000000000000000000009317362 -0.000000000000000000023716923 -0.000000000000000000003388132  0.000000000000000000006776264 -0.000000000000000000034728351 
  1  0.000000000000000000013552527  1.000000000000000020599841277 -0.000000000000000000028799120  0.000000000000000000000000000 -0.000000000000000000013552527  0.000000000000000000027105054  0.000000000000000000005929231 
  2 -0.000000000000000000009317362 -0.000000000000000000028799120  0.999999999999999930014749766 -0.000000000000000000002541099  0.000000000000000000003388132 -0.000000000000000000001694066 -0.000000000000000000004341044 
  3 -0.000000000000000000023716923  0.000000000000000000000000000 -0.000000000000000000002541099  0.999999999999999991760063489  0.000000000000000000000000000 -0.000000000000000000006776264  0.000000000000000000017787692 
  4 -0.000000000000000000003388132 -0.000000000000000000013552527  0.000000000000000000003388132  0.000000000000000000000000000  0.999999999999999955656131145 -0.000000000000000000006776264  0.000000000000000000001270549 
  5  0.000000000000000000006776264  0.000000000000000000027105054 -0.000000000000000000001694066 -0.000000000000000000006776264 -0.000000000000000000006776264  0.999999999999999892121883838  0.000000000000000000007623297 
  6 -0.000000000000000000034728351  0.000000000000000000005929231 -0.000000000000000000004341044  0.000000000000000000017787692  0.000000000000000000001270549  0.000000000000000000007623297  0.999999999999999969208658301 

