
  0 -0.176776695296637234003280653 -0.176776695296635241673368494 -0.176776695296637909393471476  0.176776695296637172800068016  0.176776695296637618488476071  0.176776695296637838757699938  0.176776695296634539394963793 -0.176776695296637469071864175  1.767766952966379093934714758e-01

  0 -0.353553390593274468006561306 -0.601608251859392900392532744  0.313145798793777681957124434  0.176385996929020211806526247 -0.369197399383667161648506574  0.179950643844176962827976878 -0.460053545285062182501525235  0.059640436105847875529158749 
  1 -0.353553390593270483346736988  0.412667195855221988085243315 -0.008959838251537194012521018  0.293479546876060693762471726 -0.657108922201554527110604897 -0.324124027017920000192817073  0.214582466261837617274598790 -0.188682556095426723691472516 
  2 -0.353553390593275818786942952 -0.292768205511342543206432590  0.053217455541413920399609026 -0.191564690726661274712224782  0.285262119416133668890669245 -0.135620175644188092689080075  0.235399193914711061476692684 -0.771088555370213191576377748 
  3  0.353553390593274345600136033  0.201494639666315871295138550  0.207294533621238106753728592 -0.591922251068172806172818651 -0.438679693550038255145861674  0.290334986750100287195008875 -0.201066824285155067411254813 -0.351986916396657556135862954 
  4  0.353553390593275236976952142  0.135840878169623443993334171 -0.169684828592622306714398674  0.530771838074021657326827250  0.126278360384316530983374142 -0.079065175802567876045090067 -0.553991789018794703741699337 -0.465758673612026626151185610 
  5  0.353553390593275677515399877 -0.463398193016003542122433975 -0.335059485665636799583619321 -0.215166377188171894054621175 -0.269761491784358809652892910 -0.652415926915041348595463572 -0.007632424634630843770163335  0.056785806807326791984490144 
  6  0.353553390593269078789927587 -0.027778119755416527282820003  0.827717590751814214639070499  0.194022944864990109896125264  0.089004646113567936798393818 -0.316160575025247794257472062  0.208557524996213321813670963  0.009564801416825829846702842 
  7 -0.353553390593274938143728350  0.327868466580037115214478136  0.172864394031124065002707167 -0.360594698395750425801023833  0.247886023332564714538963670 -0.477513132174825741179139890 -0.544061627833855936521665481  0.148735693575260288280294463 

  0  0.999999999999999988670087298 -0.000000000000000000007623297  0.000000000000000000006776264  0.000000000000000000003388132 -0.000000000000000000010164395  0.000000000000000000003811648  0.000000000000000000034410713  0.000000000000000000011011428 
  1 -0.000000000000000000007623297  0.999999999999999946115152027  0.000000000000000000027105054  0.000000000000000000000000000 -0.000000000000000000020328791 -0.000000000000000000010164395  0.000000000000000000013658406  0.000000000000000000010164395 
  2  0.000000000000000000006776264  0.000000000000000000027105054  0.999999999999999918793257281 -0.000000000000000000027105054  0.000000000000000000027105054 -0.000000000000000000003388132 -0.000000000000000000002541099  0.000000000000000000000000000 
  3  0.000000000000000000003388132  0.000000000000000000000000000 -0.000000000000000000027105054  0.999999999999999908439126534 -0.000000000000000000027105054 -0.000000000000000000006776264  0.000000000000000000008682088  0.000000000000000000006776264 
  4 -0.000000000000000000010164395 -0.000000000000000000020328791  0.000000000000000000027105054 -0.000000000000000000027105054  0.999999999999999980321730569  0.000000000000000000006776264 -0.000000000000000000000423516 -0.000000000000000000006776264 
  5  0.000000000000000000003811648 -0.000000000000000000010164395 -0.000000000000000000003388132 -0.000000000000000000006776264  0.000000000000000000006776264  0.999999999999999980267520461  0.000000000000000000013817225  0.000000000000000000001694066 
  6  0.000000000000000000034410713  0.000000000000000000013658406 -0.000000000000000000002541099  0.000000000000000000008682088 -0.000000000000000000000423516  0.000000000000000000013817225  1.000000000000000003903127821 -0.000000000000000000000529396 
  7  0.000000000000000000011011428  0.000000000000000000010164395  0.000000000000000000000000000  0.000000000000000000006776264 -0.000000000000000000006776264  0.000000000000000000001694066 -0.000000000000000000000529396  0.999999999999999988019565994 

