
  0  0.158113883008417417211127938 -0.158113883008418328699894347  0.158113883008419163007018601 -0.158113883008420014187039165 -0.158113883008419403876083746 -0.158113883008419165134765365  0.158113883008417816156869831 -0.158113883008418550297265875  0.158113883008419790434815819  0.158113883008419977500348154  1.581138830084200141870391654e-01

  0  0.316227766016834834422255876  0.101921153331143926776497597  0.655158605671698190833860537  0.314999507572069114587484315 -0.213138220960077056460521550  0.280746904041262390345871924 -0.325435296581995308083700216 -0.263495703519476394497420349 -0.193138230647622909403747678 -0.155779878714202821738147794 
  1 -0.316227766016836657399788693 -0.358735762201696022099563221  0.074825096253559670552216437  0.579416369834713002495880929  0.221451046006572604680877336 -0.085582723610171600730361658 -0.229769145534063380710587156  0.367481288973955849360732151  0.275883039135554856854893810 -0.331170274375212834457688979 
  2  0.316227766016838326014037203 -0.503419228256954093595441913  0.208955627466190756540945390 -0.332918101813498997735164125  0.210437439584967393729373827 -0.289083557006072850418696915  0.066864546074649942949562256 -0.393644895251329256160178344  0.383568979627248271937253049 -0.240138734348359857032149250 
  3 -0.316227766016840028374078331 -0.015414421543457462651633251  0.159850212448753865244728892  0.163633419108955854883434046  0.167329649268977708807099557 -0.212713905038758249266359762  0.561910023216675534021759958 -0.268135954911042543680286393 -0.531638633632348259737149948 -0.322348555355955601142790151 
  4 -0.316227766016838807752167492 -0.182081537120661302587274789  0.003752998874439229577107914 -0.254272249186197121567556273  0.236739827013129143398577348  0.837717135023640952753900407  0.079123513261998976339695825 -0.123420993052421567437839170  0.079465298347632894483401171 -0.128662747554015161475702254 
  5 -0.316227766016838330269530730 -0.631850452418901119722594723  0.173893887548275334636481079 -0.095824880500482299675903131 -0.413306555522165492647795881 -0.064768686156783095522228300 -0.100686129406099228020992405  0.004642099012343425319613433 -0.260466631941395956363356073  0.456425361139645971680738057 
  6  0.316227766016835632313739662 -0.212934230087037651622220054 -0.112642882715285725556640922 -0.173299017139953838486103772 -0.476230865730166426759645618  0.137034837110146826973339045  0.233340233187833912342572761  0.469130251818880183946238599 -0.148989387895393067588961991 -0.519263869272653533248115115 
  7 -0.316227766016837100594531751  0.198171105452115949439504360  0.058025985902327743537048319  0.150030812029046451978441662 -0.582487506159040268954515951  0.000476219478045773313908949  0.311283234149373645683559625 -0.268190633537744960374678976  0.567616177476586287000727415 -0.067442116192206016441889217 
  8  0.316227766016839580869631637 -0.088344705432034288962168771  0.312279524487654143552776628  0.241526999119162787455525158  0.185457857827639859633808012  0.161179808983170560603972662  0.591852813950573383629943924  0.308277678241306372014041495  0.175628827414959144695102457  0.446987144276318326029584158 
  9  0.316227766016839955000696308 -0.287134057387715897112718047 -0.593402693882893166900643206  0.492674083548252176743744574 -0.076799750114894466114740055  0.185250046567470110981030486  0.055239199056822614191135032 -0.407891524804291339312192072 -0.086210939113171657953503361  0.074997005721146054738805806 

  0  0.999999999999999945085159964  0.000000000000000000023716923  0.000000000000000000013552527  0.000000000000000000033881318  0.000000000000000000010164395  0.000000000000000000000000000 -0.000000000000000000013552527  0.000000000000000000017787692 -0.000000000000000000027105054 -0.000000000000000000015246593 
  1  0.000000000000000000023716923  1.000000000000000020816681712 -0.000000000000000000020328791 -0.000000000000000000013552527 -0.000000000000000000003388132  0.000000000000000000013552527  0.000000000000000000027105054 -0.000000000000000000015246593  0.000000000000000000000000000  0.000000000000000000000000000 
  2  0.000000000000000000013552527 -0.000000000000000000020328791  0.999999999999999959776099401 -0.000000000000000000033881318  0.000000000000000000010164395  0.000000000000000000013552527  0.000000000000000000020328791  0.000000000000000000015246593 -0.000000000000000000006776264  0.000000000000000000010164395 
  3  0.000000000000000000033881318 -0.000000000000000000013552527 -0.000000000000000000033881318  0.999999999999999897597104809  0.000000000000000000003388132  0.000000000000000000000000000 -0.000000000000000000013552527  0.000000000000000000011858461  0.000000000000000000013552527 -0.000000000000000000003388132 
  4  0.000000000000000000010164395 -0.000000000000000000003388132  0.000000000000000000010164395  0.000000000000000000003388132  0.999999999999999938905207580 -0.000000000000000000003388132  0.000000000000000000013552527 -0.000000000000000000002541099  0.000000000000000000010164395 -0.000000000000000000010164395 
  5  0.000000000000000000000000000  0.000000000000000000013552527  0.000000000000000000013552527  0.000000000000000000000000000 -0.000000000000000000003388132  0.999999999999999987477464908  0.000000000000000000000000000 -0.000000000000000000010164395  0.000000000000000000000000000  0.000000000000000000000000000 
  6 -0.000000000000000000013552527  0.000000000000000000027105054  0.000000000000000000020328791 -0.000000000000000000013552527  0.000000000000000000013552527  0.000000000000000000000000000  0.999999999999999900416030457 -0.000000000000000000010164395  0.000000000000000000000000000 -0.000000000000000000003388132 
  7  0.000000000000000000017787692 -0.000000000000000000015246593  0.000000000000000000015246593  0.000000000000000000011858461 -0.000000000000000000002541099 -0.000000000000000000010164395 -0.000000000000000000010164395  0.999999999999999895862381333  0.000000000000000000005082198 -0.000000000000000000002541099 
  8 -0.000000000000000000027105054  0.000000000000000000000000000 -0.000000000000000000006776264  0.000000000000000000013552527  0.000000000000000000010164395  0.000000000000000000000000000  0.000000000000000000000000000  0.000000000000000000005082198  0.999999999999999997126864243 -0.000000000000000000006776264 
  9 -0.000000000000000000015246593  0.000000000000000000000000000  0.000000000000000000010164395 -0.000000000000000000003388132 -0.000000000000000000010164395  0.000000000000000000000000000 -0.000000000000000000003388132 -0.000000000000000000002541099 -0.000000000000000000006776264  0.999999999999999957932955708 

