
  0 -0.494021308663027716555219207  0.494021309601825426102315528 -0.420315724793898525142848283  0.462070341430913703988916583  0.213085472169263481702784074 -0.286791056906748425571734157 -0.494021309799261240490323224  4.940213097992612404903232243e-01
  1 -0.494021309790748130622668396  0.494021309678613749008513345  0.286791058051989514328904141  0.462070341400814351291151047  0.213085472187758294534618009  0.420315722620458565830965647 -0.494021309799261532222022786  4.940213097992615322220227858e-01
  2  0.213085472000273235007009216  0.494021309546654726062601612 -0.420315724830067649153784309  0.462070341330612582088658777 -0.494021309540530620418342933 -0.286791055724364072601530878 -0.494021309799262700260128259  4.940213097992627002601282588e-01
  3  0.213085470872552820939560027  0.494021309623443048968799429  0.286791058015820390317968114  0.462070341300513229390893241 -0.494021309522035807586508999  0.420315723802842918801168925 -0.494021309799262991991827820  4.940213097992629919918278203e-01
  4 -0.286791056444439006959789412  0.494021309660391740335499619 -0.420315724654937430341660604 -0.494021309616068223202452539  0.420315724216777656145008907 -0.286791056761329046776148183 -0.494021309799263077318538795  4.940213097992630773185387949e-01
  5 -0.286791057572159421027238602  0.494021309737180063214592382  0.286791058190950609130091820 -0.494021309646167575900218075  0.420315724235272468976842841  0.420315722765877944626551621 -0.494021309799263369050238356  4.940213097992633690502383564e-01
  6  0.420315724218861944588886484  0.494021309605221040295785703 -0.420315724691106554352596630 -0.494021309716369345102710345 -0.286791057493016445976118101 -0.286791055578944693805944904 -0.494021309799264537088343829  4.940213097992645370883438294e-01
  7  0.420315723091141530521437294  0.494021309682009363174878466  0.286791058154781485119155793 -0.494021309746468697800475880 -0.286791057474521633144284166  0.420315723948262297596754899 -0.494021309799264828820043391  4.940213097992648288200433909e-01
  8 -0.420315723521664778812101729  0.462070341442395318801465362 -0.494021309674845618777928868  0.494021309681041125152567775  0.286791057326519928231435552 -0.213085471559426364862588343  0.494021309799264084298411545  4.940213097992640842984115451e-01
  9 -0.420315724649385192879550918  0.462070341519183641680558125  0.213085473171042420693823555  0.494021309650941772454802239  0.286791057345014741063269487  0.494021307967780626540111460  0.494021309799263792566711984  4.940213097992637925667119836e-01
 10  0.286791057141636172736574167  0.462070341387224618761751446 -0.494021309711014742788864895  0.494021309580740003252309969 -0.420315724383274173889691455 -0.213085470377042011892385065  0.494021309799262624528606511  4.940213097992626245286065106e-01
 11  0.286791056013915758669124978  0.462070341464012941640844209  0.213085473134873296682887528  0.494021309550640650554544434 -0.420315724364779361057857521  0.494021309150164979510314739  0.494021309799262332796906949  4.940213097992623327969069491e-01
 12 -0.213085471303076069257329515  0.462070341500961633007544399 -0.494021309535884523976741189 -0.462070341365940802038801347  0.494021309374034102673660385 -0.213085471414006986067002369  0.494021309799262247470195974  4.940213097992622474701959745e-01
 13 -0.213085472430796483324778705  0.462070341577749955913742216  0.213085473310003515495011234 -0.462070341396040154736566882  0.494021309392528915505494319  0.494021308113200005335697435  0.494021309799261955738496413  4.940213097992619557384964130e-01
 14  0.494021309360224882332003962  0.462070341445790932967830483 -0.494021309572053647987677216 -0.462070341466241923939059152 -0.213085472335759999447466623 -0.213085470231622633096799091  0.494021309799260787700390940  4.940213097992607877003909400e-01
 15  0.494021308232504468264554773  0.462070341522579255874028301  0.213085473273834391484075207 -0.462070341496341276636824688 -0.213085472317265186615632688  0.494021309295584358305900713  0.494021309799260495968691378  4.940213097992604959686913785e-01

  0  0.000000001127720414084375493 -0.707106780663300951575780950 -0.207230252218588709595429795 -0.073705585141362937722788688 -0.000000000430523248311243730  0.010865594901390101063326672  0.671941254033275341920206786 
  1 -0.000000000076788322887377397  0.000000000055170700038708502 -0.000000000058566314216080470  0.031950968159430107307626429  0.956091651124404681976343828 -0.291205127762671840072885784  0.008213637964431081034680433 
  2 -0.707106782845888039471752423  0.000000000036169124004488640 -0.000000000138961094775940800  0.073705584880947093614751795 -0.207230251520064133672325603 -0.671761936627900962276140062  0.018947500192863553898520190 
  3  0.000000000030099352693183649  0.000000000100301121920653962  0.956091651046981927191369122 -0.031950968250127421187368115 -0.000000000065427572625951275  0.004710176232027690530722444  0.291282860233826208746577349 
  4 -0.000000000018494812839305008  0.707106781709794102121127007 -0.207230252047514174455777360 -0.073705585157256446535427741 -0.000000000148001704915021260  0.010865596065006143177202340  0.671941252964215559163960872 
  5 -0.707106779527206991402699804 -0.000000001182384352969416197 -0.000000000145419378811698678 -0.073705585347322060722698341  0.207230252388835932734166556  0.671761939829565759110027029 -0.018947499216221220522186593 
  6  0.000000000000000291723211311  0.000000000000001459782926851  0.000000000000001836823144686 -0.988042619598525324788734769 -0.000000000000000744511808611 -0.111413922687117747911385388 -0.106577294431565821406090403 

  0  0.999999999999999974304408512  0.000000000000000000000423516  0.000000000000000000000000000  0.000000000000000000013552527  0.000000000000000000000000000  0.000000000000000000000847033  0.000000000000000000000000000 
  1  0.000000000000000000000423516  1.000000000000000046295432765  0.000000000000000000031419628  0.000000000000000000000211758  0.000000000000000000000423516  0.000000000000000000006432156 -0.000000000000000000001005852 
  2  0.000000000000000000000000000  0.000000000000000000031419628  0.999999999999999996638973265 -0.000000000000000000000423516 -0.000000000000000000000847033 -0.000000000000000000023213997  0.000000000000000000000211758 
  3  0.000000000000000000013552527  0.000000000000000000000211758 -0.000000000000000000000423516  1.000000000000000000433680869  0.000000000000000000000000000  0.000000000000000000000000000  0.000000000000000000001694066 
  4  0.000000000000000000000000000  0.000000000000000000000423516 -0.000000000000000000000847033  0.000000000000000000000000000  1.000000000000000043368086899  0.000000000000000000000000000  0.000000000000000000000000000 
  5  0.000000000000000000000847033  0.000000000000000000006432156 -0.000000000000000000023213997  0.000000000000000000000000000  0.000000000000000000000000000  0.999999999999999966281312436  0.000000000000000000002752857 
  6  0.000000000000000000000000000 -0.000000000000000000001005852  0.000000000000000000000211758  0.000000000000000000001694066  0.000000000000000000000000000  0.000000000000000000002752857  0.999999999999999942103603989 

