
  0 -0.246182981958665006617806639 -0.246182981958670809674409596  0.123091490979420784308167626  0.246182981958670598065250582  0.246182981958658911477138415 -0.246182981958663153580768590  0.246182981958613782794988677  0.246182981958667575350251273 -0.246182981958669825286599615  2.461829819586708096744095964e-01
  1  0.246182981958660355309171514  0.246182981958660147142354396 -0.246182981958670420865958016  0.246182981958670857270884968  0.246182981958662304731782697  0.123091490979318885817708328 -0.246182981958665021593349147  0.246182981958670666600380410 -0.246182981958670839855887573  2.461829819586708572708849685e-01

  0 -0.492365963917325361926978153 -0.000000000000004651318262959  0.050506761305995738102681729  0.340045052198729941728052445 -0.771291965908027436109924840 -0.011694037501040799008965678 -0.007432915547475533952498378 -0.210436464159393518913400076 -0.005233186841314119112679719 
  1 -0.492365963917330956816763993 -0.000000000000010662529023373  0.120463210146536191251411940  0.068626371644222914702255980  0.361879631754317285257825307  0.598517016146850059352992057 -0.368115687814689322807527178 -0.063042645284178987443075588  0.331197482563228886269382847 
  2  0.369274472938091205174125642 -0.123091490979249636557790390 -0.163191450287563080562562752  0.637350784805185659859759484 -0.021207860944882370034692432 -0.168322479846226783728956565 -0.505337208819756480168792351  0.224578916532301597831951245  0.284699422531993240993242536 
  3 -0.000000000000000259211171768  0.492365963917341455336135550  0.716219423450910728839915315 -0.029087115770106580596026128 -0.001036661294559181139589223 -0.229877554208947405090879626 -0.353892399293133073120802556  0.158970130785061792354586653 -0.201005814315336290803277151 
  4 -0.000000000000003393242986162  0.492365963917321216208921111 -0.144035809785159057085546404 -0.156187608642459945559443496 -0.225722125977419291916457357  0.082263985085433246638669889  0.260272748247679198930690236  0.512434561351053626605984992  0.569548899951972078766534308 
  5 -0.369274472937982039405253182 -0.123091490979344267769836525 -0.393372594285192255376655893 -0.460907510787539642844491683 -0.057981342592717678413035765 -0.360642804302563565191841119 -0.508851523164674774172243354  0.278022332438741619345173514 -0.107961839110262103567916808 
  6  0.492365963917278804388337823 -0.000000000000051238809891329 -0.001665886545650180063050591 -0.415022297851744887726846769 -0.436992445389618695486414271  0.442582735303646403846955862 -0.378184339120780565134637141 -0.233396547513816748095714232  0.031468349490180729234421872 
  7 -0.000000000000003091261873694  0.492365963917338241950631683 -0.269483656272660335439248294 -0.021716587525723702146258822  0.162682717056577185631626933 -0.329683300762233738730958704 -0.105910722005366355122487829 -0.680769001715160313739031578  0.273244298095240710190978115 
  8  0.000000000000001014566786053 -0.492365963917340665142487188  0.441840968536264347876936498 -0.251102130442537783755127534 -0.044278769330950837909786216 -0.345055548848633817640360610  0.054016809945246275485484459 -0.135014621821760870802684590  0.597602987876460635939014632 

  0  0.999999999999999964438168742 -0.000000000000000000003282253 -0.000000000000000000009105604 -0.000000000000000000005823352  0.000000000000000000014823077  0.000000000000000000005399835  0.000000000000000000004460158 -0.000000000000000000000317637 -0.000000000000000000007623297 
  1 -0.000000000000000000003282253  0.999999999999999977014913943 -0.000000000000000000020328791  0.000000000000000000006776264  0.000000000000000000013552527  0.000000000000000000013552527 -0.000000000000000000016940659  0.000000000000000000000000000  0.000000000000000000000000000 
  2 -0.000000000000000000009105604 -0.000000000000000000020328791  0.999999999999999964383958634  0.000000000000000000016940659  0.000000000000000000000000000  0.000000000000000000008470329  0.000000000000000000005929231  0.000000000000000000006776264  0.000000000000000000000000000 
  3 -0.000000000000000000005823352  0.000000000000000000006776264  0.000000000000000000016940659  0.999999999999999970834961560 -0.000000000000000000006776264 -0.000000000000000000015246593 -0.000000000000000000003388132 -0.000000000000000000006776264  0.000000000000000000000000000 
  4  0.000000000000000000014823077  0.000000000000000000013552527  0.000000000000000000000000000 -0.000000000000000000006776264  0.999999999999999976147552205  0.000000000000000000000000000  0.000000000000000000000000000  0.000000000000000000013552527  0.000000000000000000027105054 
  5  0.000000000000000000005399835  0.000000000000000000013552527  0.000000000000000000008470329 -0.000000000000000000015246593  0.000000000000000000000000000  0.999999999999999950831431478  0.000000000000000000001482308 -0.000000000000000000005082198 -0.000000000000000000006776264 
  6  0.000000000000000000004460158 -0.000000000000000000016940659  0.000000000000000000005929231 -0.000000000000000000003388132  0.000000000000000000000000000  0.000000000000000000001482308  0.999999999999999969804969496 -0.000000000000000000021175824  0.000000000000000000000000000 
  7 -0.000000000000000000000317637  0.000000000000000000000000000  0.000000000000000000006776264 -0.000000000000000000006776264  0.000000000000000000013552527 -0.000000000000000000005082198 -0.000000000000000000021175824  0.999999999999999910282270227  0.000000000000000000013552527 
  8 -0.000000000000000000007623297  0.000000000000000000000000000  0.000000000000000000000000000  0.000000000000000000000000000  0.000000000000000000027105054 -0.000000000000000000006776264  0.000000000000000000000000000  0.000000000000000000013552527  1.000000000000000004336808690 

