
  0 -0.176776695296636804374617279 -0.176776695296643477056230259 -0.176776695296629011888342974  0.176776695296640427127756422  0.176776695296645634157767582  0.176776695296629148877287467 -0.176776695296630344454128121 -0.176776695296640204500392829  1.767766952966456341577675820e-01

  0 -0.353553390593273608749234557 -0.526388667260356144233113956  0.148484256623826587579502607  0.019943253080975266579194277  0.684253209696945873723259585  0.036191776531240394362186558 -0.240771726064318757309619737  0.219057844941085816576915174 
  1 -0.353553390593286954112460518  0.468668923929920431446999665  0.204398188168791949121511596  0.409377135049024946770752226  0.227643887638488276659769552 -0.606007303614118609689717654  0.080072558210856758035818635 -0.143188601234449941978187082 
  2 -0.353553390593258023776685947 -0.124259159167283330487665995  0.611657797436836758969529171 -0.517702357618758377325301340 -0.319224074298983387739823622 -0.139245160689069008338862067  0.291953579889643388537746882  0.104348224306893453156995684 
  3  0.353553390593280854255512843  0.413104002240557146647314743  0.358483263365416990797653746 -0.223828523768125374872675626  0.095704472910678754038287224 -0.052403381684405211409145432 -0.602901145027651651220335083  0.387737506497328391036165385 
  4  0.353553390593291268315535164 -0.492971420277350047322922552  0.067895228622619145659848345  0.362100753693728124888578934 -0.308459083116172844737500752 -0.520602256461771787580776472  0.003712772709587147641788299  0.360645200748997599512904802 
  5  0.353553390593258297754574934  0.177452583112216934541267334 -0.036794187412827198439488081 -0.133470677847643133455781718  0.444700257674338329696821226 -0.008275185172224324493781846  0.684034554159789776072754519  0.398261569228683236850319799 
  6 -0.353553390593260688908256242  0.097468436588739754246411406 -0.649615757183128389017773285 -0.378040272159834302455111085 -0.106387323928035348169756497 -0.342343337636735042431952378 -0.117799992340596645149484751  0.397732023857008978098013033 
  7 -0.353553390593280409000785658  0.182095630984356355891885110  0.074659819528888414639415747  0.471223793726510182047761965 -0.254340051639625555390854597  0.470123202090249462108302592  0.071391762146102843482006230  0.568694784604493263333903352 

  0  1.000000000000000022226144536  0.000000000000000000013552527  0.000000000000000000008470329  0.000000000000000000020328791 -0.000000000000000000006776264 -0.000000000000000000006776264 -0.000000000000000000006776264  0.000000000000000000000000000 
  1  0.000000000000000000013552527  0.999999999999999935977861715 -0.000000000000000000002541099 -0.000000000000000000030493186  0.000000000000000000000000000  0.000000000000000000003388132 -0.000000000000000000003388132 -0.000000000000000000006776264 
  2  0.000000000000000000008470329 -0.000000000000000000002541099  0.999999999999999992302164575 -0.000000000000000000013552527 -0.000000000000000000010164395  0.000000000000000000010164395  0.000000000000000000000000000 -0.000000000000000000010164395 
  3  0.000000000000000000020328791 -0.000000000000000000030493186 -0.000000000000000000013552527  0.999999999999999968991817867  0.000000000000000000000000000  0.000000000000000000000000000  0.000000000000000000027105054 -0.000000000000000000013552527 
  4 -0.000000000000000000006776264  0.000000000000000000000000000 -0.000000000000000000010164395  0.000000000000000000000000000  1.000000000000000022551405188  0.000000000000000000000000000  0.000000000000000000000000000  0.000000000000000000000000000 
  5 -0.000000000000000000006776264  0.000000000000000000003388132  0.000000000000000000010164395  0.000000000000000000000000000  0.000000000000000000000000000  1.000000000000000041416522989  0.000000000000000000000000000 -0.000000000000000000013552527 
  6 -0.000000000000000000006776264 -0.000000000000000000003388132  0.000000000000000000000000000  0.000000000000000000027105054  0.000000000000000000000000000  0.000000000000000000000000000  1.000000000000000029273458657  0.000000000000000000000000000 
  7  0.000000000000000000000000000 -0.000000000000000000006776264 -0.000000000000000000010164395 -0.000000000000000000013552527  0.000000000000000000000000000 -0.000000000000000000013552527  0.000000000000000000000000000  1.000000000000000028406096919 

