 0.408248  0.000000 -0.070564  0.375257 -0.030513  0.654608 -0.118713  0.414002 -0.208448  0.050327 -0.145790 -0.073249
 0.408248  0.000000 -0.590086  0.252588 -0.176798 -0.067317  0.091220 -0.351674  0.460778 -0.098831 -0.039088  0.173014
-0.000000  0.408248 -0.253554 -0.217931  0.188838  0.071382 -0.486705  0.218529  0.176682  0.081493  0.592544  0.084802
 0.408248  0.000000  0.300653  0.158260  0.450859 -0.152425 -0.263344 -0.402572 -0.001751  0.474331 -0.045037 -0.181528
 0.000000  0.408248 -0.118694 -0.341127  0.228623  0.009911  0.087658  0.219009  0.351991  0.028132 -0.602259 -0.327806
 0.408248  0.000000 -0.001139 -0.305910  0.270332 -0.015427  0.697478  0.185979 -0.103409  0.129532  0.294855  0.175950
-0.408248 -0.000000 -0.288303  0.538049  0.455230 -0.048961  0.287499  0.069301  0.012341  0.006779  0.192216 -0.355645
-0.408248 -0.000000 -0.072833 -0.057854  0.058650  0.468400  0.119143 -0.223566  0.134829  0.548580 -0.127277  0.449832
-0.000000  0.408248  0.177046  0.124721 -0.599861  0.010785  0.247281 -0.064021  0.081697  0.373355  0.238207 -0.398028
-0.000000  0.408248 -0.046159 -0.137274  0.121459  0.364102  0.085796 -0.576718 -0.383878 -0.405426  0.035051 -0.110044
-0.000000 -0.408248  0.283683 -0.180258  0.060121  0.427790  0.036509 -0.116149  0.549368 -0.216900  0.251313 -0.326976
 0.000000 -0.408248 -0.525045 -0.391352 -0.121062  0.028390 -0.102479 -0.087051 -0.322876  0.294455  0.012230 -0.424100
