-0.447214 -0.000000 -0.105859 -0.227835  0.640996 -0.167445  0.439954  0.063634  0.041901  0.314019
 0.000000 -0.447214 -0.366966  0.259866 -0.390767 -0.208333  0.327053  0.249893  0.445851  0.183060
-0.000000  0.447214 -0.558333 -0.099309 -0.020730 -0.561883 -0.363508  0.163954 -0.044440 -0.035574
-0.447214  0.000000 -0.329030 -0.435067 -0.262125  0.281161  0.037739 -0.390024  0.232737 -0.383388
-0.000000 -0.447214  0.021005 -0.171241 -0.186778 -0.476098  0.078467 -0.431577 -0.558910  0.062330
 0.447214 -0.000000  0.094913 -0.690887 -0.098944  0.023245 -0.079975 -0.026956  0.289493  0.460878
-0.000000 -0.447214  0.227454 -0.285551  0.249384 -0.249835 -0.239715  0.397240  0.182541 -0.541786
-0.447214  0.000000  0.404824  0.190100 -0.078048 -0.270411 -0.452370 -0.275858  0.395192  0.289574
 0.000000  0.447214  0.439826 -0.097617 -0.307431 -0.372383  0.529313  0.051602  0.113923 -0.260822
-0.447214 -0.000000  0.124977 -0.218085 -0.399767  0.179939 -0.105298  0.575291 -0.380338  0.240673
