 0.424264  0.141421 -0.008081 -0.536715 -0.137521  0.688375 -0.138201
 0.424264 -0.141421 -0.387218 -0.027467 -0.643266 -0.431493 -0.222106
 0.565685  0.000000  0.231198  0.160718  0.003855 -0.064796  0.772337
 0.565685  0.000000  0.065276  0.262419  0.581734 -0.127865 -0.502107
 0.000000  0.565685 -0.710878  0.321522  0.113037  0.180931  0.160509
 0.000000  0.565685  0.087648 -0.594223  0.186381 -0.530829  0.051951
 0.000000  0.565685  0.528445  0.400013 -0.425855  0.069931 -0.233437
