-0.287183 -0.000000  0.338402 -0.009982 -0.116321  0.219817 -0.120583 -0.421564  0.244336  0.134266 -0.091381 -0.166644  0.202403 -0.040748 -0.220671  0.129895  0.142720 -0.312511  0.208947  0.158156 -0.017187 -0.016209  0.208614  0.251146 -0.181394
-0.287183 -0.000000  0.242430 -0.066572 -0.168484 -0.313846 -0.239823  0.103212 -0.233774  0.043415  0.188685  0.192571  0.058899 -0.148531  0.399911  0.303013 -0.232187  0.008842 -0.086449 -0.107939 -0.223658 -0.181967  0.279134  0.135850 -0.012326
-0.000000  0.287183  0.064281  0.117980  0.104949 -0.319240 -0.205676 -0.188944 -0.020724  0.046277  0.212889  0.108893 -0.158640 -0.176970 -0.480186 -0.074269  0.276154  0.311263 -0.273500 -0.006131 -0.042346 -0.175782 -0.102481  0.251979  0.039241
 0.000000 -0.287183 -0.287682 -0.005668 -0.017928 -0.219516  0.101405 -0.176467 -0.253152 -0.132425  0.043091  0.167254  0.201674  0.115934 -0.232595  0.172756  0.165483 -0.458440 -0.314538 -0.073006  0.188468 -0.208914  0.111430 -0.212913 -0.128686
 0.287183 -0.000000  0.047561  0.052280  0.415141 -0.099959 -0.106831 -0.125454  0.438107  0.053609 -0.105807  0.043899  0.018220 -0.375396  0.242645  0.059565 -0.189172 -0.077243 -0.137584 -0.190402  0.382729 -0.119940  0.094120 -0.000833 -0.157392
 0.000000 -0.287183  0.333215 -0.158905  0.093454 -0.265174  0.077726  0.344289 -0.232634  0.305118 -0.358849  0.126136 -0.062408 -0.077112 -0.152801 -0.214275  0.202218 -0.041897  0.090400 -0.120696  0.172963  0.240534  0.067989  0.162322 -0.149944
-0.000000 -0.287183 -0.035301  0.236277  0.244781  0.262660  0.294259 -0.101793 -0.319185  0.014969  0.059133  0.255118  0.002899 -0.339195 -0.104751  0.140583 -0.135237  0.251919  0.293783  0.290392  0.045809 -0.216222  0.089178  0.086904  0.036985
 0.000000 -0.287183 -0.032090 -0.044372 -0.081936 -0.214584 -0.058376 -0.357427 -0.194369 -0.033738 -0.243059 -0.397726 -0.198219  0.071751  0.282264  0.185765  0.080229  0.164670  0.055395  0.012004  0.133489 -0.158257 -0.444745  0.193525 -0.030397
 0.287183  0.000000 -0.013954  0.077458 -0.236489 -0.006543  0.248965 -0.164584  0.043080  0.093619 -0.173588  0.022908  0.029116  0.095505  0.007924  0.169803 -0.061413  0.370701 -0.307437  0.083349 -0.239002  0.218207  0.234423 -0.021015 -0.532315
 0.287183  0.000000 -0.173935  0.060231 -0.186759  0.077959  0.105914 -0.010385 -0.037193  0.033176 -0.046135 -0.097893  0.373035  0.062842  0.166433 -0.202590  0.259801  0.130181  0.047154 -0.295643  0.045444 -0.225178  0.339118  0.421202  0.293370
-0.287183  0.000000  0.185875  0.420805  0.160366 -0.060413  0.317847 -0.184661 -0.001160  0.163268  0.167106 -0.135036 -0.125019 -0.003990  0.310276 -0.100733  0.393503  0.024458 -0.090379 -0.151988 -0.020471  0.137779  0.136083 -0.331792  0.108654
 0.287183  0.000000  0.335367  0.101797 -0.011197  0.269913 -0.244790  0.160607 -0.034073 -0.107112 -0.190227  0.179357  0.045030  0.059033  0.078667  0.459697  0.376888  0.017629 -0.218189  0.178431  0.066870  0.053685 -0.074229 -0.105223  0.293682
 0.071796 -0.215387 -0.254803  0.357011  0.141761 -0.419996 -0.257546  0.115350  0.229679 -0.210451 -0.026292  0.003664 -0.006347  0.119577  0.063195  0.007121  0.141399 -0.052317  0.274968  0.364659 -0.182994  0.202268  0.207977  0.121761 -0.004546
 0.287183  0.000000  0.330899  0.015095  0.122102 -0.128979  0.085447 -0.100842 -0.075993 -0.129116 -0.301273 -0.180585 -0.126262  0.010259 -0.097682 -0.244672 -0.184450 -0.195838 -0.039279  0.071591 -0.461550 -0.378096  0.132929 -0.204509  0.181636
 0.000000 -0.287183  0.191919 -0.352189  0.407058  0.035884  0.005941 -0.278204  0.133919 -0.080913  0.218497  0.314537  0.108931  0.483949  0.081486 -0.094739 -0.004106  0.185551 -0.026009 -0.074144 -0.139703  0.066755 -0.037075  0.101013  0.056781
-0.287183 -0.000000  0.078424 -0.027694  0.184238 -0.033224  0.091878  0.148665  0.010204 -0.529614 -0.184001 -0.172958  0.529978 -0.273238 -0.039212 -0.023807  0.088259  0.196852 -0.102242 -0.102575 -0.147563  0.071440 -0.178489 -0.032474 -0.125317
 0.000000 -0.287183 -0.076319 -0.110044 -0.308259  0.041529  0.178901  0.058293  0.394684  0.046406  0.044813  0.327018 -0.114153 -0.336372  0.143930 -0.124309  0.272343 -0.142182 -0.060122  0.029293 -0.331286 -0.171916 -0.309534  0.058806 -0.027957
 0.000000 -0.287183  0.033500 -0.100717  0.016120  0.015076  0.177944  0.061296  0.049020  0.000628  0.232938 -0.350007 -0.063768 -0.174797 -0.073921  0.020670 -0.206965 -0.111795 -0.480325  0.242071  0.023535  0.310704  0.104020  0.290093  0.337583
 0.000000 -0.287183 -0.174091 -0.142076 -0.058403  0.103860 -0.522809 -0.188442 -0.100642  0.300184 -0.032550 -0.087660  0.212969 -0.249150 -0.014377 -0.246680  0.026854  0.224479 -0.064102  0.060621 -0.094071  0.099620  0.094876 -0.411471  0.102682
-0.287183  0.000000 -0.186188 -0.326451 -0.062635  0.009781  0.063714 -0.099822  0.168324 -0.291398 -0.345851  0.089013 -0.417875 -0.073002 -0.085830  0.128190  0.095412  0.208513  0.019328 -0.096137  0.102929  0.005340  0.425486 -0.088036  0.228269
 0.287183 -0.000000  0.071815 -0.004674 -0.065592  0.146618 -0.151281 -0.256345 -0.300782 -0.414194  0.202022  0.059332 -0.235991 -0.266498  0.056474 -0.112460  0.079816 -0.205151  0.149789 -0.290887 -0.092056  0.395298  0.044582  0.095560 -0.132952
-0.287183  0.000000 -0.080613  0.382504 -0.002830  0.245788 -0.192147 -0.091574 -0.098550 -0.069253 -0.370204  0.291319 -0.085060  0.134861  0.134104 -0.355650 -0.200703 -0.092657 -0.364242  0.032058  0.038524  0.027129 -0.068271  0.251187 -0.011426
-0.071796 -0.215387 -0.177110  0.075323  0.313252  0.344428 -0.191397  0.310314  0.004742  0.106747  0.056255 -0.281315 -0.247054  0.081158 -0.113274  0.200856  0.119260 -0.025192 -0.087065 -0.335880 -0.303558 -0.195875  0.081515  0.118967 -0.246263
-0.000000 -0.287183  0.118050  0.366187 -0.237262 -0.100774 -0.005102 -0.059024  0.210494  0.022645 -0.050050  0.078543  0.064427  0.057432 -0.335918  0.206154 -0.320913  0.096871  0.123676 -0.489287 -0.038358  0.143981 -0.136252 -0.076643  0.263716
 0.000000  0.287183 -0.317015 -0.105236  0.293936 -0.078475  0.118856 -0.189289 -0.115324  0.318820 -0.276452  0.116081  0.120941 -0.120039  0.035943  0.276178 -0.000752 -0.200220  0.032585 -0.095037 -0.361722  0.286862 -0.140513  0.120203  0.233416
