 0.350823 -0.000000 -0.104816  0.394770  0.028729 -0.391388  0.067741  0.338206  0.131342 -0.060573  0.320133 -0.196242  0.015961 -0.335732  0.170412  0.257627  0.258482
 0.263117 -0.087706  0.586430  0.092725  0.067748 -0.222411  0.085360 -0.058792 -0.097600  0.338450  0.089285 -0.026171  0.166298  0.028956 -0.013889  0.067439 -0.582936
 0.000000 -0.350823  0.037853 -0.108872  0.012621  0.010676 -0.003440  0.093659  0.100968 -0.274826  0.103786  0.121036 -0.078923  0.195112  0.799109 -0.188133 -0.158643
 0.263117  0.087706  0.377802 -0.276727  0.015098  0.259957  0.121640 -0.063292 -0.100765  0.218905 -0.243064 -0.381861 -0.031186 -0.235594  0.271204 -0.155394  0.447225
-0.350823 -0.000000 -0.097850  0.291417 -0.157771  0.122060  0.086508 -0.063967 -0.004414  0.335652 -0.175286  0.263646  0.565765 -0.311118  0.308136  0.064222  0.046747
 0.350823 -0.000000  0.153671  0.232864 -0.079456  0.205375 -0.090867  0.437248 -0.128658 -0.237409 -0.541174  0.412435 -0.070126 -0.021011 -0.081029  0.051636 -0.025862
 0.000000  0.350823  0.076453  0.263456 -0.169588 -0.291736  0.110751 -0.269963 -0.005185  0.063184  0.025980  0.320205 -0.414438 -0.174655  0.078878 -0.534347  0.037631
 0.000000  0.350823 -0.126115 -0.467713 -0.427976  0.039079  0.193655  0.442811 -0.042038 -0.039787  0.183327 -0.015657  0.095780 -0.253272  0.004588 -0.105520 -0.319856
 0.350823 -0.000000 -0.242880 -0.033708 -0.091595  0.057654 -0.170060 -0.503481 -0.518429 -0.330614  0.060646 -0.008579  0.139090 -0.276337  0.087926  0.113485 -0.156605
-0.000000  0.350823  0.188458  0.017024  0.270075 -0.089198  0.379258  0.021623 -0.200895 -0.368272  0.151884  0.124349  0.462641  0.344794 -0.017497 -0.121156  0.231293
-0.000000  0.350823  0.076790 -0.049853  0.409866  0.028780 -0.662948  0.067895  0.280214 -0.091612  0.023413 -0.029223  0.221742 -0.214445  0.055672 -0.232924 -0.121608
-0.000000  0.350823  0.309249  0.167180 -0.477165  0.285917 -0.215799 -0.181524  0.232325 -0.104343  0.235723  0.006477 -0.062694  0.254000  0.128997  0.390372  0.080232
 0.000000  0.350823 -0.248970 -0.042014 -0.046953 -0.409616 -0.211752  0.091008 -0.283112  0.265730 -0.355629 -0.183860 -0.033726  0.411772  0.285918  0.161652 -0.021099
-0.350823  0.000000  0.094697  0.433489  0.009166  0.283412 -0.106969  0.274062 -0.498256 -0.054084  0.179405 -0.388859 -0.143120  0.000512  0.011296 -0.212324 -0.113181
 0.350823 -0.000000 -0.303568  0.297273 -0.193667  0.184678  0.144854 -0.094358  0.342525 -0.002896 -0.155948 -0.371165  0.247787  0.250223 -0.066346 -0.389245 -0.188579
 0.000000  0.350823 -0.185854  0.095411  0.467525  0.326858  0.394325 -0.077066  0.120451  0.030161 -0.077824 -0.012333 -0.298858 -0.106944  0.191280  0.309498 -0.302777
-0.350823 -0.000000  0.228735  0.028291 -0.125248 -0.320993  0.127378 -0.124042  0.180675 -0.495043 -0.435797 -0.344361  0.011402 -0.227229 -0.015483  0.115639 -0.147913
