 0.288675  0.000000 -0.146608  0.020593  0.164595 -0.338956 -0.002522 -0.143243  0.254204  0.324162 -0.035739 -0.130016  0.072401  0.024404 -0.455549 -0.172194  0.036852  0.228174  0.040497  0.415680  0.154454  0.091228  0.072009 -0.190081
 0.288675  0.000000  0.166903 -0.379204 -0.307152  0.017898  0.207685 -0.086081 -0.200452 -0.251193  0.079043  0.122891 -0.048405  0.192818  0.049542 -0.053248 -0.435085 -0.051100  0.052165  0.350737  0.090831  0.316731  0.043132  0.047867
 0.000000 -0.288675 -0.091629 -0.202212 -0.247088 -0.157952 -0.060485  0.170398 -0.270000  0.217048 -0.117180  0.138835  0.324396 -0.211912  0.203877 -0.173989 -0.064420  0.313281 -0.137577 -0.206189  0.257747 -0.029172 -0.213369 -0.311682
-0.288675  0.000000 -0.345623  0.145827 -0.546515  0.067629  0.126036  0.014841  0.167775  0.063383  0.189574  0.041208  0.020516  0.252108 -0.301672 -0.207672  0.044246 -0.032282 -0.121427 -0.210576 -0.158143  0.316398  0.029116 -0.024953
-0.000000  0.288675  0.023914  0.062102 -0.120552 -0.445001 -0.205706  0.120428 -0.281947 -0.207683  0.346540 -0.261246  0.001798 -0.084617 -0.113739  0.170589  0.169231 -0.239133 -0.306339  0.051038  0.234773  0.054452 -0.205488  0.010730
 0.288675 -0.000000 -0.509192 -0.240262 -0.082556 -0.047507  0.246811  0.207062  0.220627 -0.069797 -0.077969  0.140938  0.110879 -0.107863  0.008377  0.538313  0.176573 -0.061302  0.127699 -0.033947  0.038956 -0.019760 -0.095190  0.173686
-0.288675 -0.000000 -0.115917  0.204800  0.053031 -0.100386  0.399394 -0.030214  0.039088  0.039800  0.401485 -0.174767  0.057774 -0.437799  0.213572  0.044482 -0.289802  0.107517  0.208135  0.072230  0.169831  0.044064  0.273277  0.031295
 0.000000  0.288675  0.055406 -0.251212  0.179761 -0.017643  0.138456  0.143644  0.308623 -0.533514 -0.093271 -0.122589 -0.075895 -0.156127 -0.088630 -0.174482 -0.017943  0.328310 -0.162453 -0.273583 -0.050133  0.115316  0.032461 -0.282486
 0.288675  0.000000  0.007318  0.120523  0.090765 -0.370930 -0.017050  0.161430  0.217821  0.116746  0.146002  0.034137 -0.200243  0.332500  0.247856 -0.121437 -0.240634 -0.251917  0.276153 -0.426600  0.091638 -0.011093 -0.021809 -0.175806
-0.000000  0.288675 -0.381466  0.093045  0.187328  0.077018  0.261755  0.002694 -0.397911  0.065672 -0.109859  0.111698 -0.409178  0.210223 -0.003585 -0.186066 -0.032397  0.238651 -0.127514 -0.038314  0.278986 -0.158668 -0.075534  0.187232
-0.288675 -0.000000  0.001064  0.176668 -0.021326 -0.151783  0.064261 -0.221043  0.125780 -0.297705 -0.234821  0.050604  0.349272  0.486707  0.153677  0.217211  0.022995  0.062406 -0.043732  0.096169  0.362506 -0.152277  0.168828 -0.135881
-0.288675 -0.000000 -0.048049 -0.541409  0.155847 -0.292757 -0.198533  0.018326 -0.040873  0.056909  0.248286  0.026986  0.084958  0.225439  0.079874 -0.136383  0.193316  0.214966  0.197118 -0.043184 -0.120299 -0.004060  0.201870  0.376354
-0.000000  0.288675 -0.003969  0.045918 -0.251594 -0.295655  0.199561  0.288430 -0.157973  0.038475 -0.424007 -0.169100  0.149947 -0.055706  0.068559 -0.213742 -0.016743 -0.166177  0.090753  0.145970 -0.372484 -0.267699  0.248100  0.025071
 0.288675 -0.000000  0.033325  0.100631 -0.368195 -0.073663 -0.185474 -0.274340  0.131898 -0.175324  0.195915  0.150409 -0.046152 -0.136553 -0.128205 -0.041994 -0.134150  0.259727 -0.061780 -0.143332 -0.011728 -0.565673  0.154506  0.229878
-0.000000 -0.288675  0.139423 -0.114380 -0.180936  0.178701  0.173937  0.249693 -0.069010  0.020037  0.129001 -0.582097 -0.213626  0.275661 -0.113415  0.178587  0.101287  0.220640  0.161230  0.029235  0.035362 -0.292073 -0.056416 -0.155945
-0.000000  0.288675  0.368310  0.067368  0.092930  0.090103  0.104709  0.280493 -0.145423  0.216936  0.054080  0.198551  0.326997  0.095777 -0.447530  0.267355 -0.215559  0.149120  0.097358 -0.263923  0.075645  0.031533  0.069628  0.110732
 0.288675 -0.000000 -0.008838  0.268636 -0.022345  0.107405 -0.024209 -0.090164 -0.083076 -0.201703 -0.100698 -0.342936  0.340165  0.008029  0.084410 -0.261085  0.168163  0.152001  0.327576 -0.155585  0.112943  0.271287 -0.191867  0.388861
-0.000000  0.288675  0.097387  0.153095 -0.213892 -0.066532 -0.230116  0.064299  0.197130  0.254958 -0.106728 -0.089558 -0.196129  0.067298  0.389646  0.308035 -0.098768  0.466527 -0.125680  0.124984 -0.141467  0.262533 -0.075602  0.100142
 0.288675 -0.000000  0.005150 -0.066328  0.016715  0.273724 -0.033693  0.202645  0.088308  0.172682  0.082286 -0.147876  0.112980  0.052806  0.190672 -0.100681  0.154344 -0.126389 -0.444877 -0.060494  0.255783  0.064543  0.588433  0.096542
 0.000000  0.288675  0.359353 -0.152873 -0.259086 -0.001739  0.317193 -0.294052  0.084235  0.214634  0.002675  0.142399 -0.142795 -0.114904  0.097639 -0.056882  0.522526 -0.064958  0.192547 -0.084397  0.235431  0.002370 -0.035370 -0.109592
-0.000000  0.288675 -0.024384 -0.065242  0.067839  0.251296  0.098010  0.131181  0.278513  0.091900  0.333716  0.026616  0.337202  0.145583  0.195509 -0.242428 -0.071530 -0.056646 -0.108808  0.269528 -0.057196 -0.304823 -0.445192 -0.008418
 0.000000 -0.288675  0.219400  0.307381 -0.005420 -0.139046  0.111731  0.507593  0.098798 -0.220405  0.094337  0.409898 -0.143532 -0.001743  0.012433 -0.155591  0.283981  0.151410  0.000953  0.273738  0.055637  0.049654 -0.000199  0.142343
-0.288675  0.000000  0.056582 -0.161297 -0.149211  0.045269 -0.199610  0.195399  0.337559  0.053185 -0.315685 -0.116485 -0.170894 -0.160313 -0.148349 -0.129963 -0.244692 -0.203413  0.077340  0.031820  0.478980 -0.056861 -0.123875  0.324132
-0.000000 -0.288675  0.227357 -0.038588  0.116178 -0.289856  0.458680 -0.190567  0.125457  0.124699 -0.103013 -0.129864  0.024709  0.045521 -0.005025  0.023372 -0.082031 -0.029637 -0.474740 -0.165482 -0.145192  0.006606 -0.217013  0.358694
