 0.301511  0.000000  0.119654  0.142197 -0.129324 -0.051729  0.003178 -0.002859  0.396208 -0.376626  0.495981  0.166377 -0.274550 -0.079202  0.098887 -0.077399 -0.048993 -0.125867 -0.224128  0.059160 -0.329569 -0.067949
 0.000000 -0.301511  0.391651 -0.221919 -0.229402 -0.151062  0.275003  0.170911 -0.199793 -0.089330  0.007517  0.175704  0.135146  0.356630 -0.295040 -0.321028  0.025474  0.109284 -0.004805  0.110043 -0.161581  0.246891
-0.301511 -0.000000  0.041675  0.328524 -0.179504  0.180764  0.106272 -0.026753  0.260139 -0.024607 -0.229752  0.000500  0.131960 -0.076947  0.144658  0.021394 -0.076019  0.246276 -0.364958  0.547667  0.084261  0.223772
 0.301511  0.000000 -0.452061 -0.102315 -0.166185  0.021461  0.264319 -0.340914  0.042957  0.259514  0.301294  0.018420  0.060643  0.250486 -0.193246 -0.026757  0.018672  0.019269 -0.276158  0.047848  0.361966  0.070824
-0.000000 -0.301511  0.057137 -0.278963 -0.138721 -0.049130  0.330891 -0.072594  0.205573 -0.095266 -0.214291  0.095769 -0.167607 -0.228831 -0.064378  0.544823  0.043348 -0.375823  0.140614  0.067591  0.118402  0.149155
-0.000000 -0.301511  0.189638 -0.109673  0.433527  0.174352 -0.349762 -0.163094  0.184537 -0.090697  0.328053 -0.083606  0.431184 -0.114952 -0.187223  0.044121  0.119257 -0.035463  0.036328  0.112283  0.146105  0.223716
 0.301511  0.000000  0.052583 -0.146857  0.465756  0.078336  0.339664  0.115190 -0.345879 -0.208252  0.029313  0.140582  0.055342  0.006092  0.421686  0.070903 -0.182119  0.092781 -0.074001  0.271456  0.156697 -0.134126
 0.301511 -0.000000  0.071108  0.035855  0.088052 -0.168674 -0.159442 -0.535699 -0.129030  0.144970 -0.230852  0.248195 -0.220697 -0.132970  0.093553 -0.041733  0.335362  0.259813  0.122631  0.164312 -0.226744  0.226471
 0.301511  0.000000  0.043687 -0.001061 -0.104569  0.401267 -0.074679  0.218978 -0.299124  0.132410 -0.008972 -0.447937 -0.222503 -0.143398 -0.223849 -0.023554  0.221258 -0.225563 -0.097999  0.351970 -0.140852 -0.008557
 0.301511 -0.000000  0.009427 -0.224911 -0.112078 -0.127974 -0.230323 -0.007723  0.337253 -0.230503 -0.311888 -0.414114  0.068668  0.471744  0.280606 -0.019612  0.066402  0.019054  0.096706  0.094300  0.096208 -0.045593
-0.000000  0.301511 -0.353361 -0.050404 -0.032728 -0.101902 -0.087516  0.358234  0.043375 -0.069100  0.007820  0.398954  0.283886  0.009980  0.047793 -0.068592  0.434366 -0.287313  0.155821  0.267592 -0.025523  0.113660
 0.301511  0.000000  0.129233  0.221844  0.210519 -0.392977  0.059496  0.291908  0.213065  0.306231 -0.138905 -0.087846 -0.075895 -0.244259 -0.029393 -0.301941 -0.175846 -0.169381 -0.041293 -0.058453  0.279201  0.298914
-0.000000 -0.301511 -0.129036  0.505680  0.259998  0.261654  0.048765  0.018487  0.100535 -0.065597 -0.110960  0.191647 -0.287396  0.421707 -0.167518 -0.062879  0.026798 -0.116442  0.323095  0.065166  0.107198 -0.087418
-0.301511  0.000000 -0.097771  0.168345  0.301096 -0.504153  0.252040 -0.156474 -0.096123  0.006049  0.159500 -0.405363  0.003611  0.174497  0.000332  0.103425  0.170882 -0.207285 -0.078238  0.193659 -0.286903 -0.007319
 0.301511 -0.000000  0.094933  0.232765  0.075917  0.022313  0.119269  0.298001  0.131952  0.242840 -0.031517  0.030827  0.260264  0.154647 -0.079563  0.530911  0.198661  0.303761 -0.146540 -0.237029 -0.262201 -0.017013
-0.000000  0.301511  0.257216  0.006250 -0.092063  0.247634  0.207816 -0.145481  0.137763  0.394053  0.240900 -0.051852  0.129800  0.142761  0.261052  0.003481 -0.211552 -0.163737  0.478185  0.108285 -0.163885  0.171947
 0.000000  0.301511  0.070979 -0.074490  0.106407 -0.114884 -0.403068  0.005982 -0.147752  0.019697 -0.038416  0.197105 -0.170990  0.311793 -0.249742  0.342802 -0.445908 -0.161038 -0.196795  0.179458 -0.030765  0.214372
 0.301511  0.000000 -0.124662  0.339353 -0.206495 -0.105412  0.036831 -0.220110 -0.183386 -0.289143 -0.174707 -0.059367  0.484299 -0.185590 -0.223692  0.014001 -0.338533 -0.134875  0.197588  0.047761 -0.137348 -0.106518
 0.000000 -0.301511  0.170668  0.279324 -0.374884 -0.253439 -0.286869  0.078196 -0.314612  0.133074  0.301225  0.041240  0.008216  0.047960  0.329524  0.217601  0.088566 -0.049143  0.079723  0.102992  0.326728 -0.085793
-0.000000 -0.301511  0.015364 -0.039045  0.039504  0.129931 -0.106821 -0.136289 -0.006993  0.303961 -0.238296  0.191435  0.208803  0.105858  0.275267 -0.158389 -0.045504 -0.486867 -0.404625 -0.125155 -0.263598 -0.171423
-0.000000  0.301511  0.471285  0.012357  0.031236 -0.098137  0.073406 -0.159737  0.138535  0.085222 -0.080573  0.125754  0.060113  0.005795 -0.276120 -0.024744  0.202184 -0.092739 -0.064038  0.172826  0.268299 -0.600518
 0.000000 -0.301511 -0.249302 -0.241690  0.022830 -0.179594 -0.120569  0.163382  0.202675  0.333727  0.056483  0.057773 -0.025537 -0.118042 -0.107649 -0.011303 -0.278849  0.249626  0.202843  0.395243 -0.225127 -0.375664
