-0.331042 -0.000000  0.042307  0.005710  0.355949 -0.251546 -0.017812 -0.095342 -0.355939  0.462681 -0.281367 -0.064178 -0.161759 -0.218110 -0.075183  0.055518 -0.383842  0.145581 -0.118959
 0.000000  0.331042 -0.144361 -0.187591  0.209088 -0.142392  0.058355  0.203543 -0.038239  0.217477  0.197579 -0.076132 -0.028518 -0.309138  0.315158  0.353761  0.345967 -0.293706  0.324272
 0.331042  0.000000 -0.301909  0.020284 -0.187679 -0.363807  0.297516  0.244493 -0.184404 -0.084254 -0.387778 -0.253505 -0.257462  0.154798  0.123884  0.012641  0.191296  0.111678 -0.269104
 0.331042 -0.000000  0.156808 -0.052414  0.188338 -0.262072 -0.209744 -0.002979  0.031835  0.052364 -0.232948  0.108119  0.040575 -0.015291 -0.477908 -0.185566  0.113876 -0.605221 -0.035222
 0.331042  0.000000  0.338024 -0.048156  0.132150  0.324946  0.149484  0.282426 -0.057237  0.269381  0.027807  0.036420 -0.333785  0.467735  0.032642  0.171903 -0.251529 -0.036253  0.212932
-0.331042  0.000000 -0.286797 -0.194605  0.052708  0.137340 -0.065793  0.208990 -0.183669  0.099384 -0.044872  0.520866 -0.198553  0.240988 -0.254446 -0.141762  0.421160  0.151891  0.030504
-0.000000 -0.331042  0.272915  0.231316 -0.195320  0.187101  0.270750  0.004865 -0.637867 -0.142246  0.041736  0.050041  0.011453 -0.311157 -0.079674  0.059134  0.196085 -0.154864  0.123913
-0.000000 -0.331042 -0.134841 -0.176708  0.157890 -0.099494  0.317528  0.243288  0.051042  0.207705  0.393630 -0.326595  0.374744  0.083480 -0.414363  0.017746  0.030182  0.125623 -0.051965
 0.331042 -0.000000  0.094956 -0.628904  0.172281  0.108968  0.001318 -0.180087 -0.048289 -0.306237 -0.131806  0.074174 -0.051098 -0.298024 -0.161365  0.191768 -0.010363  0.370891  0.031430
-0.082761  0.248282  0.357424 -0.169322 -0.070265 -0.377864 -0.299203  0.273181 -0.332905 -0.231114  0.270039 -0.166439  0.025017  0.150482  0.054536 -0.341472 -0.037733  0.178674  0.148854
 0.331042 -0.000000 -0.425653  0.008903  0.084537  0.067151 -0.322531 -0.244909 -0.458917  0.023320  0.387171  0.087497  0.073349  0.177180  0.107077  0.110631 -0.166326 -0.109821 -0.254127
-0.331042 -0.000000 -0.179974  0.033525  0.317581  0.200486 -0.100856  0.269729 -0.073895 -0.567485 -0.179370 -0.270085 -0.013086  0.139892 -0.113661  0.271154 -0.179416 -0.248838  0.002038
-0.000000 -0.331042  0.017611  0.051442 -0.174295 -0.476737 -0.099242  0.235179  0.105780 -0.114456  0.032934  0.486322  0.093723  0.014528  0.037389  0.466333 -0.249189  0.035680  0.107372
-0.000000 -0.331042 -0.220919 -0.135329 -0.066329  0.010624 -0.046269  0.166279  0.162177 -0.060424  0.283269 -0.049280 -0.594285 -0.349821  0.029946 -0.335694 -0.238658 -0.169089  0.041020
-0.000000 -0.331042 -0.141846 -0.138477  0.316373 -0.153765  0.226925 -0.275673 -0.064179 -0.108469 -0.166090  0.073256  0.175365  0.247974  0.369242 -0.331560 -0.036306 -0.090232  0.450640
 0.082761  0.248282  0.076736  0.077074  0.329582  0.042603  0.398606  0.298048  0.014617 -0.163430  0.108725  0.407026  0.183528 -0.181675  0.185633 -0.252983 -0.173462 -0.040992 -0.400234
 0.000000  0.331042 -0.083021  0.297164  0.106111 -0.260308  0.361131 -0.362217  0.028767 -0.224177  0.278718  0.071382 -0.318887  0.093862 -0.371483  0.085923 -0.051019  0.082663  0.235365
 0.331042 -0.000000 -0.216519  0.483318  0.236650  0.105977 -0.274958  0.278216  0.016629  0.023084 -0.127726 -0.009469  0.115394 -0.240588 -0.100396 -0.138589  0.014880  0.372277  0.364946
-0.000000 -0.331042  0.305318  0.208142  0.471369 -0.121876 -0.175654 -0.104189  0.134859 -0.084719  0.174890 -0.058053 -0.251996  0.076324  0.181262  0.117883  0.434439  0.145100 -0.299877
