-0.353553 -0.000000  0.346701  0.006530 -0.097553  0.455772  0.016347  0.097228 -0.049116 -0.304655  0.279043 -0.538870  0.050376 -0.004074  0.247967  0.016600
 0.000000  0.353553 -0.188480 -0.008691  0.322436 -0.072823  0.399398 -0.239499 -0.223347  0.242272 -0.159041 -0.306487 -0.241517  0.173689  0.419916 -0.143588
-0.353553  0.000000 -0.292970  0.013994  0.157159 -0.169431 -0.448432  0.200063  0.407071  0.343588  0.051085 -0.125335  0.260513 -0.014899  0.351265 -0.029947
-0.000000  0.353553  0.104256  0.074515 -0.144096 -0.199004 -0.229046  0.514007 -0.323522  0.115998 -0.015425 -0.136123 -0.287054 -0.343287 -0.149030 -0.349574
-0.353553 -0.000000 -0.147650 -0.117910  0.178790 -0.032570 -0.069422 -0.260309  0.146778 -0.303663 -0.030565  0.153417 -0.514801 -0.543956  0.049736  0.179114
 0.000000  0.353553  0.041566  0.283076  0.183997  0.124155  0.414639 -0.032793  0.346170  0.019241  0.108763  0.064887  0.406887 -0.432534 -0.201167 -0.203756
-0.353553  0.000000  0.374799  0.084580  0.548073 -0.324452 -0.148268 -0.068626 -0.232439 -0.237878 -0.200628  0.055072  0.222224  0.201379 -0.210911 -0.081897
-0.353553 -0.000000  0.264049  0.198615 -0.310742 -0.142335  0.136783 -0.160159  0.234856  0.137164  0.258336  0.340556 -0.299536  0.308021  0.071582 -0.397794
-0.353553 -0.000000 -0.510064 -0.133396 -0.049876  0.472365 -0.051135 -0.041042 -0.265838 -0.048852 -0.144119  0.161662  0.120789  0.121039 -0.251199 -0.393476
 0.353553 -0.000000  0.102525 -0.116978  0.282167  0.247698 -0.137589  0.212058  0.462470 -0.303721 -0.278729  0.021759 -0.239333  0.181848  0.103317 -0.400775
-0.000000  0.353553  0.303071 -0.388620  0.263802  0.377383 -0.158678  0.020465 -0.039319  0.405224  0.228063  0.320949 -0.079721  0.066056 -0.068915  0.241399
-0.000000  0.353553 -0.213513  0.644971  0.036838  0.163794 -0.133521  0.186314 -0.031806 -0.225411  0.019628  0.192678 -0.136596  0.278056  0.050957  0.380522
-0.353553 -0.000000  0.067659 -0.169392 -0.143682 -0.011650  0.426537  0.444902  0.221158  0.110576 -0.491881 -0.024743 -0.078898  0.114338 -0.155123  0.306625
 0.000000 -0.353553 -0.028479  0.326452  0.272021  0.170302 -0.037521 -0.070748  0.115833  0.384071  0.089470 -0.370786 -0.332347  0.038309 -0.489372  0.019592
-0.000000  0.353553  0.183106  0.061692 -0.360057  0.073976 -0.347880 -0.494386  0.160702  0.093100 -0.475882 -0.226088  0.055755 -0.002668 -0.142201  0.041306
-0.000000 -0.353553  0.258487  0.340491  0.030900  0.297179 -0.017567  0.024856 -0.226956  0.266354 -0.383364  0.280602  0.050102 -0.298996  0.398933 -0.053285
