-0.093659 -0.280976 -0.076619  0.054169 -0.124027 -0.099679  0.054711  0.618462 -0.154278 -0.244869 -0.185835  0.368556  0.260621 -0.053794  0.409538
 0.000000 -0.374634 -0.055243  0.255972  0.232337 -0.151731  0.103855 -0.183612  0.105999  0.081880  0.235130  0.424442  0.371621 -0.256226 -0.460915
-0.374634  0.000000 -0.307477  0.158134 -0.084991  0.354565 -0.487107 -0.013011  0.572341 -0.170802 -0.029753  0.095402 -0.001198  0.054524  0.003216
 0.374634  0.000000  0.104019  0.622932 -0.227822  0.203361 -0.290533 -0.252629 -0.357925 -0.158106 -0.000698  0.045813  0.118357  0.198466  0.103399
-0.000000  0.374634 -0.598679  0.248484  0.066664 -0.029248  0.235920  0.229444 -0.235537 -0.207376 -0.019462  0.088776 -0.293618  0.031563 -0.363229
-0.374634 -0.000000  0.161330 -0.079519 -0.005785 -0.021864 -0.563284  0.172413 -0.515610  0.169123 -0.027734 -0.030320 -0.092678 -0.296166 -0.295506
-0.000000  0.374634  0.114374  0.167223  0.022875 -0.237181 -0.109652  0.297724  0.166926  0.502255 -0.151757  0.068340  0.338657  0.464556 -0.151119
-0.000000  0.374634  0.572646  0.073445  0.355038  0.398418  0.121165  0.201968  0.093071 -0.253783  0.084260  0.286098 -0.084948 -0.115425 -0.059260
-0.374634  0.000000  0.272841  0.305794 -0.548315 -0.226537  0.241424  0.070674  0.108394  0.014904  0.442318 -0.004163 -0.261102  0.022274 -0.011965
 0.374634  0.000000 -0.159301  0.031749  0.117606  0.087173 -0.204607  0.421081  0.092619  0.139931  0.649509 -0.298152  0.065348 -0.190425  0.114948
-0.374634 -0.000000  0.025740  0.384137  0.555617 -0.315069  0.013751 -0.080285 -0.042922 -0.197098  0.010659 -0.417161  0.097885  0.030830  0.267308
 0.374634 -0.000000  0.163938  0.185837 -0.053858 -0.462593 -0.222454  0.119504  0.355105 -0.146167 -0.360802 -0.053813 -0.304665 -0.363288 -0.110638
-0.093659  0.280976 -0.098488  0.233720 -0.198374  0.247070  0.255778 -0.065802  0.024661  0.322987 -0.244093 -0.168193  0.283911 -0.613037  0.169084
 0.000000  0.374634  0.023362 -0.279248 -0.255400 -0.236032 -0.091014 -0.097749 -0.002292 -0.533436  0.139671 -0.131932  0.536269 -0.076372 -0.165693
 0.000000  0.374634 -0.150543 -0.088595  0.098920 -0.307750 -0.203364 -0.301801 -0.050374  0.148328  0.226112  0.515720 -0.142207 -0.141117  0.458728
