 0.492366  0.000000 -0.122334  0.633418  0.463233  0.000215 -0.120947  0.328936 -0.063084
 0.492366  0.000000 -0.219455  0.095621 -0.763826 -0.221821 -0.122149  0.070098  0.218639
-0.000000 -0.492366  0.037146 -0.345426 -0.014285  0.117084  0.145831  0.770245  0.091762
 0.492366  0.000000  0.146413 -0.276543 -0.075112  0.202989  0.203624 -0.112839 -0.747409
 0.000000 -0.492366 -0.618623 -0.175548  0.134358  0.123938 -0.468164 -0.276826 -0.121827
-0.492366  0.000000 -0.328319  0.365861 -0.272087 -0.227079  0.157103  0.245472 -0.552625
-0.123091  0.369274  0.230826 -0.109306 -0.113120  0.175166 -0.775171  0.317239 -0.195568
-0.123091 -0.369274  0.300947  0.455845 -0.301353  0.658685 -0.011131 -0.154349  0.038650
 0.000000  0.492366 -0.528886 -0.097110 -0.021102  0.603662  0.250697  0.139728  0.145599
