5 15
 0.577350  0.000000 -0.000000 -0.000000  0.000000 -0.529207  0.036046 -0.355983  0.062164 -0.372526  0.042251 -0.257035 -0.008783 -0.212966  0.051576
-0.000000 -0.000000  0.000000  0.000000  0.577350  0.135258 -0.109942 -0.054412  0.262200 -0.449121  0.145361  0.337105 -0.187336  0.304726  0.316454
 0.000000  0.000000 -0.000000 -0.000000  0.577350 -0.361677  0.226487  0.524553  0.127241  0.107744 -0.080178 -0.092523  0.204449 -0.086681 -0.342496
 0.000000 -0.000000  0.577350  0.000000 -0.000000 -0.110829  0.031518 -0.050240 -0.016720  0.160449  0.505010  0.195200 -0.467762 -0.113528 -0.316250
-0.000000 -0.000000  0.577350  0.000000 -0.000000  0.240688  0.326257 -0.001563  0.393307  0.027991 -0.329920 -0.138341  0.089429 -0.290470  0.355613
-0.000000 -0.000000  0.577350 -0.000000 -0.000000 -0.129860 -0.357774  0.051802 -0.376587 -0.188440 -0.175091 -0.056859  0.378333  0.403998 -0.039363
 0.000000  0.000000 -0.000000  0.577350  0.000000 -0.194862 -0.302207 -0.257566  0.338077  0.243931 -0.381117  0.335317 -0.014409  0.007883 -0.198171
-0.000000  0.000000 -0.000000  0.000000  0.577350  0.226419 -0.116545 -0.470140 -0.389441  0.341377 -0.065183 -0.244583 -0.017112 -0.218045  0.026042
 0.000000 -0.577350 -0.000000  0.000000  0.000000  0.009141 -0.283149  0.312846 -0.199452 -0.202671 -0.338549 -0.036106 -0.452146 -0.293096  0.037675
 0.000000  0.577350 -0.000000  0.000000  0.000000 -0.027279 -0.219161  0.177504  0.111870  0.055480 -0.204252 -0.470997 -0.505219  0.225883  0.031050
 0.577350 -0.000000 -0.000000  0.000000 -0.000000 -0.076913  0.077046  0.256713 -0.207169  0.480755 -0.031670  0.292408 -0.081539  0.187588  0.431887
-0.000000  0.577350  0.000000 -0.000000 -0.000000  0.036419 -0.063989  0.135342 -0.311321 -0.258151 -0.134297  0.434891  0.053073 -0.518979  0.006625
 0.000000  0.000000  0.000000 -0.577350  0.000000 -0.090891  0.295146 -0.280363 -0.028620  0.006980 -0.489313  0.276646 -0.201090  0.232044 -0.285624
 0.000000 -0.000000  0.000000 -0.577350  0.000000 -0.103971 -0.597352  0.022797  0.366697  0.236951  0.108197  0.058671  0.186682 -0.224161  0.087454
 0.577350 -0.000000 -0.000000  0.000000  0.000000  0.606119 -0.113093  0.099270  0.145005 -0.108229 -0.010581 -0.035373  0.090321  0.025379 -0.483463
 0.577350
