4 46
-0.299813 -0.000000  0.000000  0.000000  0.040442 -0.000718 -0.339451  0.128713  0.002828 -0.037583 -0.223193  0.116231 -0.009960 -0.128858  0.208977  0.061302  0.013636  0.109469 -0.030374  0.116787  0.187838 -0.023517  0.216401  0.157491 -0.034488  0.096335  0.133748 -0.103102  0.105643  0.039415 -0.009790  0.237117 -0.068129 -0.311699 -0.015315  0.071450  0.227924 -0.246553  0.240389  0.011264 -0.163486 -0.126512 -0.271726 -0.031658  0.101082 -0.002181
-0.000000  0.299813  0.000000  0.000000 -0.025606  0.219230 -0.118743  0.127523  0.114101 -0.096973  0.083123 -0.110035 -0.298684  0.023735 -0.166188 -0.027625 -0.095637 -0.010265  0.118896 -0.198211  0.174464  0.153543  0.170134  0.166350 -0.002330  0.210370  0.115410  0.248517  0.049599 -0.199161 -0.139813 -0.019852 -0.142737  0.312337 -0.233416  0.170198 -0.136133 -0.134207  0.118896 -0.133393 -0.069617  0.036874  0.076169 -0.033267 -0.027374  0.181670
-0.000000 -0.000000 -0.299813 -0.000000 -0.134436 -0.019448 -0.122458 -0.097666 -0.087969  0.074187  0.127101 -0.053929  0.087960 -0.246377  0.022799  0.133712 -0.018287 -0.032585  0.131272  0.028105  0.129537 -0.050516  0.124035 -0.106517  0.105998 -0.069038 -0.055719 -0.049328  0.101347  0.040593 -0.190684 -0.339192  0.121075  0.214060 -0.081989 -0.342532  0.149830 -0.248436 -0.101886 -0.137867 -0.166576 -0.242375  0.043018  0.311567  0.103794 -0.057914
 0.224860 -0.000000 -0.000000  0.074953  0.426176 -0.131167 -0.070482 -0.061400 -0.118804 -0.123349 -0.081983 -0.128661  0.008989  0.073614 -0.062483 -0.259257 -0.198397  0.047847 -0.033346 -0.151913 -0.254018  0.057885 -0.062224  0.137806  0.348811 -0.040598  0.105184 -0.024297  0.225664  0.128555 -0.182126 -0.034969  0.103726  0.043935  0.162281  0.078676  0.148197 -0.299592  0.001042  0.079925  0.087006 -0.145279  0.025085 -0.128166  0.044479  0.051044
 0.000000 -0.074953  0.224860  0.000000 -0.093232  0.018912 -0.154256 -0.287895  0.180279  0.129261  0.078932 -0.058808  0.011715  0.114892 -0.189402 -0.228040 -0.029619 -0.172836  0.252672  0.117476 -0.027653  0.038598 -0.098628 -0.059913  0.002606  0.092089  0.156659  0.075215  0.170519 -0.347190 -0.241287  0.000388  0.057528 -0.267786 -0.102218 -0.090209  0.277527  0.190398 -0.011400  0.052205  0.135313  0.042603 -0.158923  0.184203  0.084729  0.035630
-0.000000  0.000000  0.000000  0.299813 -0.023113 -0.283106 -0.282861  0.065599 -0.214896 -0.075593  0.119874  0.274028  0.120061 -0.103405 -0.060005 -0.333821  0.206720  0.019230  0.029475 -0.157383 -0.122814 -0.103540  0.090655  0.196595 -0.202450  0.069046 -0.001700 -0.066959  0.190634 -0.126563  0.047068  0.034238  0.028290  0.145462 -0.083315  0.018246 -0.233783  0.164393 -0.122100  0.104098 -0.127889 -0.042254 -0.042432  0.115304 -0.164694 -0.138554
 0.000000 -0.000000 -0.000000  0.299813  0.334072 -0.045902  0.020519  0.304243  0.164737  0.208939  0.125690 -0.200791  0.126903  0.049946  0.001408  0.117551  0.054811  0.006578  0.000449 -0.074530  0.245453  0.007514 -0.005481 -0.136489 -0.045799  0.008563  0.047084 -0.225630  0.205506  0.135616 -0.215036 -0.029645 -0.312854  0.044555  0.150532 -0.047137 -0.008280  0.363460  0.093086 -0.092493  0.042767 -0.072276 -0.025276  0.049514  0.042460  0.086021
 0.000000 -0.000000  0.000000 -0.299813  0.090588 -0.150235 -0.182345 -0.164633  0.022299 -0.043273 -0.170578 -0.151771 -0.092415 -0.245339  0.000950  0.068414 -0.201907  0.297910 -0.057529 -0.024327 -0.129686  0.071443  0.155157 -0.137994 -0.112281  0.003728  0.249680 -0.039693 -0.063719 -0.067155 -0.035502  0.289377 -0.183977  0.032007  0.134663 -0.108204 -0.194575  0.145505 -0.262554  0.016397  0.102727 -0.038394  0.181106  0.279569  0.011532  0.080243
-0.299813 -0.000000  0.000000 -0.000000  0.126354  0.067313  0.053579  0.041437 -0.258326 -0.071758 -0.058045  0.013054 -0.084998 -0.152167  0.015823  0.096270  0.000264 -0.233297  0.154867 -0.159325  0.060454  0.221597 -0.213483 -0.008455  0.246553 -0.064525 -0.275989  0.195220  0.140408 -0.053414 -0.068583  0.368686  0.019073 -0.074372 -0.068509 -0.122391 -0.147762  0.121785 -0.089687 -0.188592  0.141139 -0.143457 -0.015485 -0.012132  0.058487 -0.273719
 0.000000  0.000000  0.299813  0.000000 -0.179201 -0.281635  0.114129 -0.122015  0.167910 -0.172273 -0.029297 -0.022048  0.114705  0.061323  0.226988  0.232804 -0.140299  0.028770 -0.044094 -0.118897 -0.124544 -0.010185  0.085468  0.055620  0.082961  0.225938 -0.144797  0.131139  0.228657  0.205633  0.011679 -0.110898 -0.085712 -0.046506 -0.186886  0.264704  0.175877  0.133797 -0.144177 -0.247061 -0.084672 -0.158329  0.040493  0.111795 -0.177022 -0.018251
 0.000000 -0.000000  0.000000  0.299813  0.075112 -0.228628 -0.181069 -0.275664  0.024883 -0.092118  0.043901  0.134024 -0.073658 -0.002745 -0.093419  0.319653 -0.059503 -0.032800 -0.244833  0.007024 -0.140637  0.418379 -0.056454 -0.031823  0.007354  0.095539 -0.037819 -0.042411 -0.243848 -0.157638 -0.098409 -0.103691  0.021901  0.020271  0.148174 -0.064316 -0.016166  0.048813  0.229331 -0.115950 -0.216942  0.194585 -0.022397 -0.064594  0.145124 -0.104775
-0.000000 -0.000000  0.000000 -0.299813  0.074237  0.044462 -0.030740  0.147442  0.078039 -0.074152  0.112907 -0.055828 -0.136620  0.199679  0.114280 -0.031571 -0.085897 -0.297857 -0.169392 -0.101246 -0.187239  0.010957  0.072371  0.198225 -0.035066 -0.074941  0.244716 -0.245051 -0.070969 -0.104007  0.119713 -0.106678  0.086190 -0.054782 -0.138777 -0.268990 -0.032535  0.252299 -0.062797 -0.157659 -0.212529 -0.322095 -0.056729 -0.189630  0.090222 -0.070756
 0.000000  0.000000 -0.000000  0.299813  0.045330  0.033433  0.064552 -0.037400 -0.087392 -0.458898  0.210977 -0.317339 -0.045147 -0.132166  0.077128 -0.049930  0.052991 -0.120621  0.016204  0.301561  0.034569 -0.124104  0.244789 -0.066548 -0.140516  0.151510  0.091723  0.081869 -0.232147  0.044024 -0.099673 -0.055216  0.070367 -0.159286  0.021586  0.102323 -0.092585  0.004539 -0.108878 -0.009267  0.245662 -0.166314  0.009037 -0.095600  0.136305 -0.127465
-0.299813 -0.000000  0.000000 -0.000000 -0.086205 -0.080571 -0.259849  0.163861 -0.152900  0.080468  0.103336 -0.189601 -0.036563  0.190262 -0.063149  0.065016 -0.319671  0.049941  0.104086 -0.096385 -0.126333 -0.272517  0.012523 -0.197009  0.195548  0.137486 -0.082584 -0.096530 -0.038472 -0.185175  0.226327 -0.232882  0.038413 -0.140597  0.177991  0.045150 -0.181001 -0.057614  0.212626 -0.069003  0.159370  0.035652  0.019931  0.066599 -0.183521 -0.069859
-0.299813 -0.000000 -0.000000  0.000000 -0.013655 -0.017394  0.080495  0.080957  0.199796 -0.030773 -0.041701 -0.018286  0.033776 -0.161869  0.144088 -0.061903  0.177179 -0.020041 -0.124110 -0.409040 -0.092615 -0.040304 -0.061989 -0.431735 -0.051498  0.002179  0.291584  0.028052  0.065298 -0.029958 -0.123711 -0.041476  0.322917  0.041846 -0.107823  0.165213  0.066445 -0.024654  0.085995  0.149580 -0.039194  0.086828  0.208717 -0.065667  0.150382 -0.129651
 0.000000 -0.000000 -0.000000  0.299813 -0.032574  0.122212 -0.003375  0.007917  0.029298 -0.256714  0.099861 -0.110687 -0.249083  0.009419  0.172077  0.008482 -0.145670  0.225327  0.102574 -0.151249  0.025548  0.146684 -0.157198  0.059007 -0.103190 -0.139312  0.014927 -0.064542  0.225970  0.041097  0.466287 -0.067086 -0.070859 -0.068411 -0.125769 -0.261663  0.202726  0.002920 -0.078296  0.158412  0.056925  0.196764  0.044466  0.106649  0.162697  0.016610
 0.000000  0.000000 -0.000000 -0.299813 -0.035112 -0.090625 -0.211715  0.062578  0.105987 -0.187041  0.237233 -0.099266  0.133146  0.071896 -0.180330  0.012307  0.307027 -0.131675 -0.009474 -0.090998 -0.216541 -0.010034 -0.024942  0.044996 -0.163022  0.121803 -0.058173  0.162929  0.069519  0.375631  0.075789  0.132546 -0.085186  0.067006  0.104956 -0.228265  0.063397 -0.120269  0.271122 -0.122649  0.196937  0.157057 -0.028763  0.108766  0.124372 -0.018251
-0.000000  0.299813  0.000000  0.000000 -0.052468  0.031878  0.231476 -0.191513 -0.030543 -0.098012  0.037533 -0.009517  0.269328 -0.108696 -0.062013 -0.085480 -0.241961  0.129590 -0.050996 -0.080352  0.156944 -0.113724 -0.015645  0.273294 -0.133838 -0.161173  0.043085 -0.226951 -0.027174 -0.080995 -0.021429  0.165657  0.216189  0.046628  0.016126  0.005366  0.113119  0.125672  0.412421 -0.227235  0.160556 -0.015617  0.142478  0.116982 -0.042165 -0.133765
-0.000000  0.000000  0.299813  0.000000  0.239262 -0.031526  0.256563 -0.236420  0.005138  0.050369 -0.056042  0.207319 -0.160459  0.034038  0.128876  0.005708  0.317290  0.123654  0.188341 -0.159110  0.021505 -0.166486  0.004028  0.008100 -0.059464  0.023749  0.130053  0.069945 -0.070044 -0.175896  0.077987 -0.209748 -0.281399 -0.059463  0.131230 -0.180377 -0.119754 -0.243628  0.154044 -0.149434  0.061476 -0.208333  0.045699  0.050438  0.017282 -0.129352
 0.000000  0.074953  0.224860  0.000000 -0.015788  0.034111 -0.090336  0.134985 -0.028187 -0.102069  0.130358  0.056879 -0.269997 -0.105096 -0.044773  0.022939 -0.005630  0.013218  0.217061  0.217556 -0.088470  0.015607 -0.179288 -0.198154 -0.207116 -0.094409  0.045874 -0.152550  0.053308  0.078930 -0.154662  0.124624  0.074797  0.058899  0.174437 -0.080642  0.251359 -0.085685 -0.036295 -0.163678 -0.184883 -0.003650  0.200845 -0.208540 -0.481334 -0.062749
 0.000000 -0.299813 -0.000000  0.000000 -0.023183  0.041732  0.228982  0.237647  0.068603 -0.115123 -0.196801 -0.347593  0.188144 -0.224398 -0.156762 -0.202943 -0.033943  0.155683  0.042734 -0.082713 -0.228121  0.110471 -0.053737 -0.020203 -0.122397  0.026373 -0.157652 -0.007880 -0.164275 -0.242011 -0.004424 -0.035119 -0.189828  0.070663 -0.063237 -0.032543  0.113474 -0.094547  0.074842 -0.118671 -0.212561 -0.003342 -0.292438  0.026665 -0.078132 -0.125655
-0.000000 -0.000000 -0.000000 -0.299813  0.084600  0.052390  0.002974 -0.173043 -0.254779  0.043274  0.137379  0.014402  0.102152 -0.317287 -0.036245  0.040300 -0.075328  0.091199 -0.053699  0.111469  0.119680  0.093868 -0.199724 -0.038163 -0.036214  0.322085  0.171130 -0.126198  0.239143  0.059057  0.071284 -0.278772 -0.166763  0.071349 -0.173224  0.057167 -0.036491  0.079946  0.027459  0.080784  0.117665  0.113301 -0.158017 -0.337943 -0.029298 -0.186923
 0.299813 -0.000000  0.000000  0.000000 -0.061030  0.192426 -0.018371  0.138383  0.043973 -0.121141 -0.059141  0.117380  0.137518 -0.005422  0.144233  0.098527  0.017237  0.152540 -0.099131 -0.063864 -0.009617  0.146957  0.176413 -0.131014  0.091941  0.248837 -0.123218  0.164806  0.067697 -0.146747 -0.075729  0.023631  0.137015 -0.090539  0.014674 -0.379698 -0.009722  0.131114  0.250246  0.317220  0.140916 -0.218241  0.062844 -0.082593 -0.288584  0.023071
 0.000000  0.299813  0.000000 -0.000000  0.026452  0.346276 -0.264521 -0.065897  0.098492 -0.087950 -0.252853  0.089137  0.073211  0.211285  0.038308 -0.340013 -0.014107  0.161929 -0.231579  0.028221  0.027784  0.050815 -0.099382 -0.221208 -0.112529 -0.015648 -0.206708 -0.005104  0.002218  0.150787 -0.108083 -0.210413 -0.076319 -0.110465  0.006083 -0.018106 -0.098005  0.017899 -0.163640 -0.257547  0.002953  0.003969 -0.030497  0.049811  0.046046 -0.233342
 0.299813  0.000000 -0.000000 -0.000000 -0.083308 -0.110496  0.079054  0.288564  0.063722  0.174621  0.014118  0.157874 -0.073435 -0.335258  0.162292 -0.147211 -0.324112 -0.265974  0.028056 -0.070095  0.006986  0.083042 -0.055027  0.080782 -0.155359  0.042318  0.080405  0.167419  0.022522  0.105782 -0.068639 -0.135763 -0.000211 -0.373017  0.135486 -0.016710 -0.188355 -0.113056  0.051712 -0.122646  0.005612  0.178978  0.069631  0.120055  0.067544 -0.055447
-0.000000  0.299813  0.000000  0.000000  0.214962 -0.106279  0.031319  0.042231 -0.077392 -0.065668 -0.443470 -0.202781  0.035744  0.008885  0.155850  0.048810  0.070672 -0.316290  0.006474  0.146114  0.089392 -0.181732 -0.082292  0.069518  0.002655  0.236406  0.093229  0.144531  0.014210 -0.096700  0.142805 -0.068728  0.114637  0.205330  0.145215 -0.172465  0.138176  0.106183 -0.054478  0.065939 -0.125383  0.276578 -0.039885  0.146353 -0.112612 -0.053021
-0.000000  0.299813 -0.000000  0.000000  0.018476  0.225269  0.027509  0.046645  0.258645  0.001318  0.290168  0.122499  0.118781 -0.319617  0.083058  0.035899  0.112609 -0.019702 -0.102509  0.113321 -0.244756 -0.006526 -0.011646 -0.020570  0.219604 -0.007941 -0.049860 -0.007188  0.149726 -0.276655  0.246193  0.048946 -0.002211  0.060225  0.361303  0.168904  0.043361 -0.015462 -0.151501 -0.083970  0.004170 -0.069878 -0.186519  0.046097  0.075888  0.115877
 0.000000  0.299813  0.000000  0.000000 -0.012299 -0.057030 -0.041326 -0.078610  0.087695 -0.206133  0.090248  0.025068  0.198688 -0.013808 -0.140350  0.069359 -0.168824 -0.171930  0.107335 -0.094246  0.070934 -0.039710 -0.252625 -0.143358  0.051150 -0.232909  0.150617  0.128080 -0.207688  0.149930  0.034177  0.010810 -0.288694 -0.099784 -0.058408  0.039329 -0.087109 -0.034366  0.072891  0.403299 -0.234633 -0.231159 -0.165558  0.094703 -0.142223 -0.057542
-0.000000 -0.000000  0.299813 -0.000000  0.129278  0.239106 -0.004501  0.096558 -0.114871 -0.126884  0.028330  0.202822 -0.010524 -0.176219 -0.191298  0.105513 -0.071445 -0.036680 -0.035267 -0.217561 -0.040391 -0.306698 -0.080960  0.065705  0.087286  0.306957 -0.195380 -0.291112 -0.263601  0.078131 -0.160864  0.015804  0.006076 -0.078158 -0.109448 -0.092770  0.107428  0.013434 -0.152159  0.101032 -0.068862  0.114281  0.071341  0.135394  0.182572  0.205718
 0.299813 -0.000000 -0.000000  0.000000 -0.410268 -0.129813 -0.244844  0.062627 -0.083551 -0.168493 -0.150744 -0.151741  0.018777 -0.042859  0.082162  0.149143  0.209020 -0.000096 -0.098479 -0.222160  0.190118 -0.190520 -0.312390  0.066559  0.079778 -0.141050  0.058136 -0.080366  0.001244 -0.246806 -0.135375  0.001709 -0.143255 -0.040375  0.123398  0.030012  0.031916 -0.025207 -0.093452 -0.120868  0.150249 -0.014084 -0.001080 -0.237588  0.094013  0.069888
-0.299813  0.000000 -0.000000 -0.000000  0.007460 -0.265593  0.085473  0.210825  0.136944 -0.100270  0.090150  0.304181  0.007280  0.000721 -0.069095 -0.121664 -0.197578  0.070315 -0.266090  0.082860  0.107109 -0.107955  0.079747  0.050290  0.120593 -0.137950  0.055298  0.234305 -0.118716 -0.097401 -0.130363 -0.091771 -0.195228  0.146691 -0.029770 -0.259586  0.244485 -0.015505 -0.173167 -0.007881  0.286330  0.129849 -0.042963 -0.145025 -0.057193 -0.039004
-0.000000 -0.000000  0.299813 -0.000000 -0.162495  0.018347  0.158462  0.281773 -0.225476 -0.206925 -0.154000  0.191957  0.204164  0.202118 -0.215994  0.140825 -0.024166  0.002263  0.072447  0.101479  0.066317  0.296884  0.057553 -0.146845 -0.010642 -0.041424  0.325826 -0.120886  0.132657  0.013244  0.048710 -0.073344  0.165635  0.109269  0.097577  0.010012 -0.140421 -0.113993 -0.087104 -0.085835  0.098737 -0.036228 -0.170385  0.176869  0.142087  0.075609
-0.000000  0.000000  0.299813 -0.000000 -0.058105 -0.009911 -0.190153 -0.052974  0.133937  0.085348 -0.068899 -0.062013  0.219570 -0.098537  0.206406 -0.164113 -0.007316 -0.324235  0.163524 -0.037704  0.081323  0.279876  0.273140 -0.022046  0.128480 -0.087968 -0.134574 -0.325547 -0.179289 -0.001292  0.136160 -0.001682 -0.173640  0.196704 -0.046940  0.000292  0.028573 -0.142886 -0.016961  0.115439  0.191877  0.084890  0.201505 -0.112297 -0.027176 -0.100630
-0.000000 -0.299813  0.000000  0.000000  0.275790  0.277563 -0.314442  0.059482  0.095077 -0.012501 -0.087032  0.110175  0.257898 -0.050995 -0.083074  0.299826 -0.072642 -0.011072  0.144294 -0.049974 -0.002231 -0.033187 -0.056981  0.230179 -0.222469 -0.180045  0.086691  0.278313 -0.077987 -0.063957  0.096845 -0.200836  0.105817  0.048477  0.050753  0.193039  0.113757  0.083894 -0.092102 -0.033708  0.119424 -0.070210  0.175884 -0.015717 -0.047622 -0.106454
 0.000000 -0.000000 -0.000000 -0.299813  0.007593 -0.018293  0.063943  0.092544 -0.112532 -0.182478  0.097226  0.068810 -0.164457  0.172208  0.255666  0.058017 -0.097484 -0.010791  0.090276  0.026974 -0.037171  0.004287  0.057023  0.043632 -0.212810 -0.116224 -0.297554 -0.070475  0.127811 -0.176781 -0.307324 -0.107134 -0.104026  0.160432  0.225526  0.221245  0.074318  0.068209  0.089553  0.332109 -0.020358  0.049037 -0.048058  0.151290  0.215302 -0.203429
 0.000000  0.000000 -0.000000 -0.299813  0.265401 -0.208670 -0.024082  0.076479 -0.010363 -0.254593  0.207416 -0.061713  0.122294 -0.004229  0.001454 -0.134874  0.226939  0.160715  0.069183 -0.018881  0.368517  0.203730  0.027106 -0.001763  0.171542 -0.093338 -0.116926  0.006047 -0.084200 -0.136392  0.061281 -0.154531  0.161384 -0.316543 -0.009945  0.064837 -0.014062  0.047002 -0.065398 -0.081357 -0.194277  0.177660  0.131990  0.080940 -0.114423  0.169888
 0.000000 -0.000000  0.299813  0.000000 -0.068589  0.155015  0.018733 -0.128113 -0.126911  0.072675 -0.007773 -0.208373 -0.140929 -0.152342 -0.284656  0.085879  0.058050 -0.068775 -0.275832 -0.186519  0.084150 -0.086770  0.421331  0.049520  0.040230 -0.326288 -0.031923  0.120269  0.207194  0.094012 -0.016922 -0.107698  0.023451 -0.129213  0.172255 -0.054344 -0.004827  0.065707 -0.026028  0.102468 -0.130106  0.166511 -0.136842 -0.050057 -0.118400 -0.149020
-0.000000 -0.000000 -0.299813 -0.000000 -0.146793  0.111374  0.053744  0.062313 -0.037239 -0.168781 -0.211331  0.179423 -0.162479 -0.100701 -0.121540 -0.049599  0.201860 -0.008277  0.220971  0.041176 -0.215397  0.051168  0.145970  0.072218  0.365206 -0.042514  0.196449 -0.118880 -0.058409  0.145990 -0.036459 -0.179019 -0.226033 -0.107189  0.028893  0.129952  0.147874  0.329823  0.148509 -0.041138  0.054975  0.101012  0.141560  0.107079 -0.065727 -0.110692
 0.000000 -0.000000  0.299813 -0.000000 -0.102983 -0.016795 -0.102954  0.123528 -0.308100  0.135058  0.030363 -0.063052  0.032103 -0.087049  0.013210 -0.224893 -0.014579  0.097112 -0.119878  0.224926 -0.007452 -0.002169 -0.085843 -0.072182  0.100439 -0.038523 -0.007035  0.311178 -0.062474  0.019501  0.150292 -0.026687 -0.104108  0.115196  0.025606  0.023711  0.152932  0.212878  0.229438  0.004835 -0.222449 -0.215461  0.329618 -0.006706  0.337507  0.086332
-0.299813 -0.000000 -0.000000  0.000000 -0.002426 -0.062195  0.027742 -0.072407  0.074921 -0.133185 -0.250346 -0.022898 -0.093328 -0.200793 -0.107527 -0.030391  0.059413 -0.199408 -0.157743  0.138163 -0.097589  0.081539 -0.146891  0.088878 -0.202298 -0.134854 -0.209772 -0.100975  0.199635 -0.021841 -0.036647 -0.284352 -0.010688 -0.059636 -0.035164 -0.019390 -0.164563 -0.011032  0.154132  0.095848  0.161093 -0.191876  0.119859  0.011231 -0.090489  0.482215
-0.000000 -0.299813 -0.000000  0.000000  0.017987  0.176633 -0.073646 -0.177958 -0.204775 -0.106692  0.104185  0.091039 -0.112719 -0.037367  0.324384 -0.195867 -0.067009 -0.157809 -0.135326 -0.187764  0.136384  0.028543 -0.049764 -0.151791  0.022170 -0.041957  0.115242  0.064301 -0.168762  0.110621  0.009550  0.008928  0.011483  0.216203  0.119117  0.082032  0.082488  0.123156  0.133315 -0.159015  0.073459  0.013972 -0.324732  0.203977 -0.236519  0.285452
 0.000000 -0.299813  0.000000 -0.000000 -0.059559  0.093719  0.034321  0.029700  0.188099 -0.059834  0.067559 -0.037858 -0.137535  0.060967 -0.149932 -0.059659  0.047360 -0.117812 -0.392131  0.132973  0.254592  0.034069 -0.211047  0.132276  0.143844  0.202267  0.086974 -0.126374  0.097309 -0.052691  0.079454  0.087091 -0.066060  0.039004  0.093118  0.093272 -0.030006 -0.173296 -0.004374  0.117040 -0.033528 -0.126785  0.248649  0.331903 -0.138771 -0.314447
 0.000000 -0.000000  0.299813  0.000000  0.003369 -0.020441 -0.135549  0.116992  0.229098  0.047643  0.016120 -0.119670 -0.139437 -0.137757  0.193359  0.056215  0.092475  0.256742  0.050700  0.211393 -0.079676 -0.044454 -0.196273  0.221379  0.255296 -0.172254  0.046659 -0.005194 -0.118031  0.154445 -0.177224 -0.097716  0.245495  0.155707 -0.190654 -0.055669 -0.298768  0.077543  0.125340  0.063156  0.079575  0.082092 -0.228293  0.131462 -0.021329 -0.118672
 0.299813 -0.000000 -0.000000 -0.000000  0.252753 -0.021464 -0.061324  0.085924 -0.106608 -0.064697  0.002787  0.078363 -0.025062 -0.011950  0.009907  0.149031  0.020703 -0.145900 -0.203302  0.189756 -0.141269 -0.179505  0.082692 -0.299005  0.025087 -0.257234 -0.024843 -0.042752  0.138247 -0.211983  0.065174  0.106821 -0.130451 -0.029108 -0.499596  0.099836  0.013816 -0.111331  0.172948 -0.133898  0.086891  0.139927  0.023705  0.160882 -0.033498 -0.029462
 0.000000 -0.299813 -0.000000 -0.000000 -0.022159  0.073497  0.006478 -0.162771  0.251879 -0.317101 -0.070305  0.127530  0.130853 -0.001421  0.010206 -0.077663 -0.205017 -0.049144  0.179148  0.127346  0.098934 -0.282978  0.059909 -0.100995  0.151133 -0.024158 -0.013177  0.016584  0.265304  0.001773 -0.005919  0.097416 -0.036230  0.121596  0.106314 -0.140182 -0.312845  0.057494  0.116685 -0.092525 -0.288798  0.175569  0.078768 -0.224336  0.157087  0.056386
-0.224860 -0.000000 -0.000000  0.074953 -0.072255  0.255247  0.071553 -0.031918 -0.233108  0.027839  0.167108 -0.129736  0.331109  0.149901  0.296818  0.061891  0.054409 -0.000698 -0.104669  0.062189 -0.244213  0.059393 -0.055050  0.214954  0.038194 -0.048331  0.209445  0.045219  0.060216 -0.073287 -0.277862  0.019801 -0.220621 -0.136426 -0.034316 -0.117330 -0.115634 -0.146135 -0.064072  0.011380 -0.128438  0.249516  0.207440  0.055045 -0.141220  0.104707
 0.299813
