1 16
 0.250000  0.099838 -0.064739  0.218462  0.313842 -0.155656  0.334236 -0.586784 -0.041318 -0.356197 -0.186373  0.034089  0.344673 -0.040961  0.083698 -0.069983
 0.250000 -0.334232  0.227135  0.121355  0.203136 -0.120337 -0.039786 -0.146675  0.159537  0.081020 -0.271753 -0.158785 -0.635361  0.265196  0.061298 -0.267920
 0.250000  0.425862 -0.091689 -0.246426 -0.297121 -0.072792  0.079541 -0.235837 -0.351757  0.333390  0.027941  0.148027 -0.202931 -0.143372 -0.045368 -0.458381
-0.250000 -0.037571 -0.193960  0.200004  0.194291  0.486428 -0.142634 -0.104401  0.208045 -0.084069  0.120859  0.544177 -0.143944 -0.137424  0.150121 -0.360046
 0.250000  0.063229  0.318735  0.280513  0.047314  0.166846 -0.028220  0.252314 -0.485781 -0.011564 -0.085170  0.137377 -0.069822 -0.166915  0.561627  0.219732
 0.250000  0.146314  0.441665  0.041174 -0.015168  0.231096 -0.058409 -0.099555  0.429724  0.286650  0.371180 -0.247398  0.331635  0.051818  0.198941 -0.185241
-0.250000 -0.052089  0.565811 -0.348689 -0.247453 -0.093156  0.187079 -0.142576 -0.040774 -0.444718  0.195720  0.287654 -0.104184  0.178468  0.059835 -0.032413
 0.250000  0.297566 -0.134004 -0.231434  0.143617 -0.296507  0.121415  0.108294  0.484376  0.099820  0.012104  0.402109 -0.195148 -0.009791  0.228271  0.381727
-0.250000 -0.159155 -0.113530 -0.521593  0.268047  0.176986  0.341683  0.077167 -0.075505  0.250626 -0.264987 -0.123934  0.178791  0.148164  0.414801 -0.145858
-0.250000  0.477079 -0.157442  0.297329 -0.299051  0.080369 -0.003504 -0.026953  0.071035 -0.080239 -0.196020 -0.131139 -0.058761  0.609282  0.240811  0.017314
-0.250000  0.090747  0.102755 -0.021320  0.423133 -0.061450 -0.278141 -0.407854 -0.302374  0.360335  0.270608  0.091609 -0.057576  0.267891 -0.085422  0.326278
 0.250000  0.358156 -0.027281 -0.300202  0.449715  0.170136 -0.245944  0.301662 -0.118480 -0.437554  0.098977 -0.159295 -0.051064  0.189593 -0.161992 -0.173853
 0.250000 -0.212135  0.004116 -0.209537 -0.199685 -0.039643 -0.594436 -0.094429  0.004835  0.008232 -0.379189  0.318943  0.374692  0.234815  0.053076 -0.030165
 0.250000 -0.033149  0.143907  0.091404  0.008384  0.415321  0.423006  0.137938 -0.053482  0.195653 -0.148270  0.312265  0.074778  0.327794 -0.491507  0.146835
 0.250000 -0.141118 -0.256617 -0.260425 -0.251707  0.502229 -0.023435 -0.386179  0.005314 -0.169123  0.120533 -0.230414 -0.240040 -0.042741  0.105390  0.389661
-0.250000  0.351321  0.357594 -0.100847  0.063360  0.211514 -0.136513 -0.144635  0.172540  0.028393 -0.566200 -0.111449 -0.082915 -0.400945 -0.186710  0.147137
 0.250000
