14 30
-0.000066  0.000408  0.000144 -0.000007 -0.000050  0.000267 -0.000046  0.000123 -0.000019 -0.000120  0.705015 -0.000412  0.000190  0.000197  0.315780 -0.072382  0.242096 -0.127151  0.009578 -0.069826 -0.331835 -0.070407  0.096379  0.123962  0.131639 -0.014280 -0.181883  0.313235  0.172398  0.008596
 0.000076 -0.000092 -0.001303  0.000011 -0.000020 -0.000042 -0.704674 -0.000094  0.000239  0.000008 -0.000199 -0.000158 -0.000057 -0.000034  0.097443  0.053296 -0.424588 -0.153220 -0.402072  0.030612 -0.037115 -0.153456  0.087574 -0.061373 -0.088005 -0.059291 -0.228805  0.061235 -0.060239 -0.131887
 0.000001  0.000001  0.000004  0.000000  0.000002  0.000001  0.000001  0.707085 -0.000001 -0.000003 -0.000001  0.000000 -0.000001 -0.000002 -0.172816 -0.178878  0.305267 -0.365523 -0.182801  0.005594  0.236453 -0.115919  0.266842 -0.095644  0.030561  0.132815 -0.033346 -0.085343 -0.011644  0.033471
-0.000139 -0.004093  0.000140  0.000189 -0.000019 -0.000037  0.000014 -0.000033 -0.000003 -0.000065 -0.701575 -0.000169 -0.000486  0.000076  0.310000 -0.092765  0.215967 -0.096088 -0.017300 -0.071485 -0.372192 -0.097265  0.125736  0.089192  0.154689  0.000493 -0.133353  0.308740  0.144386  0.110249
 0.000001  0.000013 -0.000007 -0.706842  0.000003  0.000014 -0.000008 -0.000090 -0.000003 -0.000034 -0.000002  0.000018  0.000016  0.000051  0.106736 -0.272318  0.106061  0.307562 -0.047995 -0.088334  0.114059  0.052595  0.154279 -0.289341 -0.092366 -0.136847  0.054639  0.228623 -0.188857 -0.239584
-0.551829 -0.001131  0.000501 -0.022877  0.000178 -0.077384 -0.000292  0.005515 -0.002691  0.009880  0.000306  0.000337  0.001134 -0.030156  0.349931 -0.153795 -0.186727 -0.231129  0.016889 -0.483922  0.307842  0.155753 -0.179927  0.021271  0.135738 -0.042399  0.136615 -0.047650  0.045236  0.154958
-0.000007  0.000003  0.706944 -0.000002 -0.000029 -0.000004 -0.000016 -0.000016 -0.000033 -0.000004 -0.000009  0.000005  0.000002  0.000023 -0.174449 -0.118876 -0.028955 -0.105438  0.165157 -0.004262 -0.095074  0.043946 -0.134851 -0.168309  0.338268 -0.260699 -0.327894 -0.068182 -0.251273  0.035237
-0.000052  0.000000 -0.000015 -0.000018  0.000023  0.000012  0.000019  0.000003 -0.000005 -0.706924  0.000001  0.000002  0.000022 -0.000006  0.056304 -0.142364  0.087370 -0.190308 -0.180249  0.223406 -0.087887 -0.001248 -0.329147  0.160515  0.026982 -0.032490  0.311124  0.100465 -0.299560 -0.101643
 0.000383 -0.000102 -0.001228 -0.000010 -0.000103  0.000139 -0.704590  0.000141 -0.000073  0.000054  0.000068  0.000040  0.000078  0.000028 -0.054420 -0.054798  0.449660  0.189298  0.352804  0.005561  0.063058  0.154777 -0.093982  0.076861  0.106562  0.019084  0.202103 -0.109400  0.073623  0.149768
-0.622252  0.000221  0.000631  0.000987 -0.000597  0.001065 -0.000863 -0.000404  0.003435 -0.017539 -0.000658 -0.000411 -0.002957  0.054961 -0.092176  0.023055  0.182496  0.177304 -0.067044  0.049443 -0.386764 -0.228201 -0.099001 -0.199476 -0.068283  0.290547 -0.102237 -0.314228 -0.006427 -0.281376
-0.000040 -0.706854 -0.000001 -0.000016 -0.000005  0.000004  0.000013  0.000016 -0.000005 -0.000011 -0.000005 -0.000014  0.000052 -0.000041 -0.080337  0.220723 -0.021648  0.137193 -0.118981 -0.047685  0.141938 -0.091278  0.038009  0.044408  0.526754  0.136794  0.121109  0.137580  0.040769 -0.214776
 0.555233 -0.000944  0.001156 -0.021636 -0.000495 -0.075545 -0.000455  0.005033  0.001527 -0.009911 -0.000630 -0.000130 -0.002182  0.031696  0.245640 -0.127204  0.019334 -0.030651 -0.059402 -0.424526 -0.126892 -0.100739 -0.290029 -0.201963  0.058775  0.282503  0.020248 -0.400412  0.038558 -0.161784
 0.000002  0.000001 -0.000000  0.000001 -0.000001  0.000000 -0.000000 -0.707087  0.000004  0.000000  0.000001 -0.000001  0.000000  0.000000 -0.167985 -0.181490  0.304102 -0.367716 -0.182914 -0.000859  0.238557 -0.114602  0.263226 -0.096405  0.032201  0.134073 -0.032477 -0.088672 -0.010164  0.032580
-0.000096  0.000016 -0.000090  0.000003 -0.000012 -0.000007  0.000010 -0.000022  0.000013  0.000898  0.000029 -0.000039  0.000374  0.705469  0.182935  0.139728 -0.011029 -0.152845  0.177059  0.245581  0.142873 -0.235866 -0.139604 -0.405288  0.013444 -0.110336  0.120899  0.099054  0.189259  0.042255
-0.000000  0.000001 -0.000000 -0.000000 -0.000002 -0.000000  0.000000  0.000001  0.000001  0.000000  0.000000 -0.000003 -0.707098  0.000000  0.024421 -0.147761 -0.032435  0.124086 -0.004412  0.149158  0.200573  0.036268 -0.244530 -0.012091 -0.013257  0.418275 -0.296150  0.217345 -0.032646  0.161991
-0.000000  0.000000 -0.000000  0.000000  0.707106 -0.000000 -0.000000  0.000000 -0.000000  0.000000  0.000000 -0.000000 -0.000000  0.000000 -0.108899  0.223308  0.135488 -0.061621 -0.286287 -0.056596 -0.111185  0.442943 -0.127095 -0.275493 -0.024617 -0.007186  0.003441  0.103359  0.117148  0.072605
 0.001290  0.000059  0.016678  0.000366  0.000829  0.000326 -0.066024 -0.000378 -0.613391 -0.000423  0.004007  0.000847 -0.000278 -0.000069 -0.289618  0.006899 -0.172781 -0.232314  0.321984 -0.238036 -0.179892 -0.014214  0.051348 -0.109350 -0.118928  0.268391  0.188994  0.322236 -0.096619 -0.093723
 0.000033  0.706693 -0.000031 -0.000010  0.000001  0.000054 -0.000017 -0.000011 -0.000009  0.000012 -0.000024  0.000055 -0.000148 -0.000007 -0.079156  0.213897 -0.028353  0.146229 -0.128006 -0.049187  0.129459 -0.099360  0.046269  0.034640  0.534879  0.140814  0.134568  0.135819  0.033549 -0.184387
 0.000000  0.000000  0.000000  0.000000  0.000002 -0.000000 -0.000000  0.000000 -0.000000  0.000000  0.000000 -0.707104 -0.000000 -0.000000 -0.317920 -0.170976  0.033955  0.101170 -0.150697 -0.184826  0.019638 -0.265186 -0.264659  0.064536 -0.073271 -0.212502  0.004401  0.137848  0.290292  0.052001
-0.000191 -0.021475 -0.009797  0.000757 -0.000353 -0.000136  0.038775 -0.000515 -0.559584  0.000311  0.070845  0.000661 -0.003111  0.000263  0.136499 -0.098366 -0.025765  0.291657 -0.322033  0.134339 -0.083119 -0.122339  0.105975 -0.106814  0.176355 -0.084632  0.121950 -0.224386 -0.081965  0.537837
-0.000008  0.000006 -0.000015  0.000001  0.000001  0.000002 -0.000000  0.000011 -0.000011 -0.706932  0.000003  0.000015  0.000097 -0.000002 -0.052524  0.141244 -0.094809  0.183446  0.182580 -0.225334  0.103706  0.010723  0.333251 -0.152134 -0.024058  0.020559 -0.306981 -0.088114  0.299762  0.113382
 0.000000 -0.000000 -0.000001 -0.000000 -0.000005  0.000000  0.000000  0.000000 -0.000000  0.000001 -0.000000  0.000005  0.707090 -0.000000  0.023905 -0.148697 -0.032488  0.126478 -0.006259  0.148519  0.196077  0.033541 -0.244182 -0.014924 -0.012524  0.421230 -0.294652  0.214778 -0.034086  0.164532
-0.000878  0.021497 -0.008541 -0.001185 -0.000564  0.000031  0.033519  0.000912 -0.557311 -0.000009 -0.075571 -0.001601  0.003398  0.000463  0.180151  0.091762  0.217854 -0.035146 -0.031933  0.128596  0.277208  0.135977 -0.163413  0.225754 -0.047178 -0.207638 -0.331795 -0.132167  0.188479 -0.439850
-0.000004 -0.000001 -0.000016 -0.706660  0.000007 -0.000006 -0.000021 -0.000249  0.000065  0.000010  0.000022 -0.000022  0.000002 -0.000003 -0.126247  0.280534 -0.101093 -0.298705  0.049111  0.117581 -0.121675 -0.054971 -0.139003  0.294090  0.086471  0.130395 -0.058990 -0.215055  0.186352  0.240290
-0.000003  0.000010 -0.706949 -0.000018  0.000001 -0.000010  0.000005 -0.000012 -0.000013 -0.000013  0.000021  0.000035 -0.000009  0.000004 -0.184764 -0.118908 -0.035193 -0.114677  0.177568 -0.014375 -0.102072  0.043469 -0.133746 -0.172567  0.333759 -0.249899 -0.321066 -0.056680 -0.254511  0.030459
-0.000000  0.000000  0.000000  0.000000 -0.000000 -0.000000  0.000000 -0.000000 -0.000000  0.000000 -0.000000  0.707106  0.000000 -0.000000 -0.317145 -0.170643  0.034947  0.101113 -0.150991 -0.184180  0.019876 -0.265123 -0.265137  0.065138 -0.073446 -0.212998  0.003023  0.137411  0.291067  0.050361
-0.000153 -0.000002 -0.000007  0.002962  0.000014 -0.703100 -0.000109 -0.000065 -0.000028  0.000040  0.000410 -0.000018  0.000125 -0.000021 -0.082198 -0.371092 -0.210938 -0.016532  0.026289  0.280177 -0.111322  0.222402  0.105372 -0.024054  0.137966  0.036960  0.095559 -0.059156  0.337603 -0.129122
 0.000040 -0.000079  0.000002 -0.000038  0.000089 -0.000009  0.000016  0.000065  0.000050  0.001329 -0.000034  0.000092  0.000003  0.705251 -0.172207 -0.142388 -0.012336  0.130479 -0.168370 -0.251239 -0.093949  0.264877  0.152743  0.430807 -0.005038  0.073443 -0.107780 -0.058557 -0.188752 -0.006392
-0.000000 -0.000000 -0.000000  0.000000  0.707106  0.000000 -0.000000  0.000000  0.000000 -0.000000  0.000000 -0.000000  0.000000 -0.000000  0.109500 -0.223321 -0.134838  0.062195  0.285698  0.056935  0.111074 -0.443203  0.126697  0.275379  0.024801  0.007103 -0.003974 -0.104467 -0.116862 -0.072942
-0.000289 -0.000285  0.000156 -0.001875 -0.000019  0.702818 -0.000055  0.001082  0.000036  0.000103  0.000088  0.000006  0.000018 -0.000002 -0.017094 -0.401883 -0.229913 -0.045407  0.021584  0.181457 -0.090394  0.229126  0.054571 -0.043168  0.159376  0.062086  0.112906 -0.107274  0.346819 -0.128918
 0.707106
