14 17
-0.000046 -0.000089  0.000133  0.000004  0.000353  0.000114  0.996720  0.000428 -0.000785  0.000102  0.000249  0.000083 -0.000386  0.000316  0.023230 -0.075511  0.017501
-0.000162  0.000304 -0.000043 -0.000139 -0.000104 -0.000100 -0.000289  0.000325 -0.000176  0.997395  0.000143 -0.000338  0.000067 -0.000188 -0.064297 -0.026627 -0.018953
 0.000002  0.000000 -0.999998 -0.000000 -0.000000 -0.000000  0.000000 -0.000000 -0.000000 -0.000000  0.000000  0.000000  0.000000 -0.000000  0.000633 -0.001154  0.001757
 0.000487  0.001178  0.000136  0.000451 -0.001122 -0.002099  0.000571 -0.001136  0.000570  0.016403 -0.000425  0.001094 -0.000909 -0.973172  0.207692  0.080222  0.055529
-0.003139  0.032707 -0.000993  0.000928 -0.003319 -0.669040  0.002100 -0.005070 -0.048156 -0.001786  0.001885  0.001485 -0.193342  0.000333  0.202645 -0.067732 -0.682569
 0.001486  0.722106  0.000460  0.001298  0.015251  0.009590 -0.001137 -0.009013  0.003693  0.048275 -0.001217  0.003185  0.001696  0.159738  0.608611  0.214692  0.183783
-0.000482 -0.002157  0.001097 -0.000012  0.698541 -0.020378 -0.055783 -0.195444 -0.005989 -0.003472  0.002178  0.000582 -0.002500 -0.009432  0.173559 -0.649498  0.134875
 0.999988 -0.000000 -0.000004  0.000000 -0.000000  0.000000 -0.000000  0.000000 -0.000000  0.000000  0.000008 -0.000000 -0.000000 -0.000000 -0.000432 -0.001802 -0.004548
-0.000000  0.000000 -0.000002 -0.000012 -0.000000 -0.000000 -0.000000  0.000000  0.000000  0.000000 -0.000000  0.999986  0.000000  0.000000 -0.005291 -0.000385  0.000642
-0.002847  0.008603 -0.000838  0.000845  0.000054  0.742588 -0.001058 -0.012356 -0.043608 -0.001339  0.001803  0.001389 -0.173060 -0.002052  0.195495 -0.092372 -0.608040
 0.000197  0.003204 -0.000435 -0.000054  0.000460  0.001562  0.022592 -0.961520  0.003118  0.000186 -0.000860 -0.000362  0.004281 -0.000528 -0.092637  0.253021 -0.048215
-0.000308 -0.000295 -0.000078  0.000082 -0.000088 -0.000103  0.000137  0.000003  0.997684 -0.000224  0.000216  0.000137  0.000182 -0.000275  0.019430 -0.017161 -0.062877
-0.001125 -0.002083 -0.000340  0.000354  0.001958 -0.001093  0.000425  0.000544 -0.017666 -0.000091  0.000695  0.000588  0.965653  0.000607  0.083751 -0.029795 -0.243490
-0.000010  0.000000  0.000000  0.000000 -0.000000 -0.000000  0.000000 -0.000000  0.000000 -0.000000 -0.999990  0.000000  0.000000  0.000000  0.000064 -0.003827 -0.002363
-0.001379  0.690912 -0.000410 -0.001410 -0.019987  0.012181  0.000469  0.011950 -0.000750 -0.050842  0.001192 -0.003406  0.012427 -0.165303 -0.645424 -0.229031 -0.151127
 0.000002  0.000000  0.000000  0.999997  0.000000 -0.000000  0.000000  0.000000  0.000000 -0.000000 -0.000000 -0.000000  0.000000 -0.000000 -0.002201 -0.000450  0.000751
-0.000390 -0.006174  0.001096  0.000052 -0.715117 -0.016879 -0.054031 -0.192032 -0.005700 -0.001103  0.002061  0.000724  0.000779  0.000339  0.199492 -0.623231  0.142248
 1.000000
