6 15
-0.171499 -0.000000  0.514496  0.000000 -0.000000  0.000000  0.077347 -0.540106  0.247501 -0.160964 -0.355842  0.148264 -0.391317 -0.132765 -0.040720
 0.000000 -0.514496 -0.000000  0.000000  0.171499  0.000000  0.450312  0.256568  0.389478  0.256404 -0.172162  0.216953  0.143557 -0.178047  0.301364
 0.000000 -0.000000  0.000000 -0.000000 -0.685994 -0.000000 -0.186517  0.116716  0.024875  0.461946 -0.384475 -0.243646 -0.147216  0.036290  0.191870
-0.000000  0.000000 -0.000000 -0.000000 -0.000000  0.685994 -0.177517 -0.174256 -0.271534 -0.002530 -0.145829  0.105874  0.346220 -0.461104  0.169813
-0.000000  0.685994  0.000000 -0.000000 -0.000000 -0.000000  0.582138 -0.099608  0.071203  0.325570  0.032777 -0.097689  0.161009 -0.167754 -0.069688
-0.000000  0.000000  0.000000  0.000000 -0.685994  0.000000  0.217627  0.044771  0.146130 -0.442267  0.287468  0.384686  0.165325 -0.069395 -0.017958
-0.000000 -0.514496  0.000000 -0.000000 -0.171499 -0.000000  0.325873 -0.389378 -0.294541  0.177689  0.215864 -0.347205  0.071122 -0.045625 -0.394281
-0.685994  0.000000 -0.000000  0.000000  0.000000 -0.000000 -0.029562 -0.173829 -0.142037  0.246779  0.419993  0.144863 -0.082319  0.157753  0.433826
 0.000000  0.000000 -0.000000  0.514496  0.000000 -0.171499  0.114525 -0.244587 -0.096884 -0.245157 -0.303200 -0.168606  0.453724  0.367268  0.319914
-0.000000 -0.000000 -0.000000  0.000000  0.000000  0.685994  0.209128  0.094084  0.282259 -0.142379  0.091854 -0.288647 -0.212026  0.489863  0.014450
 0.171499 -0.000000  0.514496  0.000000  0.000000 -0.000000 -0.348485 -0.091134  0.406724  0.278601  0.336070 -0.051957  0.445061  0.114244 -0.079492
-0.000000 -0.000000 -0.685994 -0.000000 -0.000000 -0.000000 -0.203353 -0.473430  0.490669  0.088228 -0.014829  0.072230  0.040308 -0.013891 -0.090159
 0.000000 -0.000000  0.000000 -0.685994 -0.000000  0.000000  0.076957 -0.126366 -0.177499  0.066990 -0.292877  0.295411  0.278007  0.464627 -0.072917
 0.685994  0.000000 -0.000000  0.000000 -0.000000 -0.000000  0.076896 -0.286072 -0.181843  0.136887  0.247015  0.194918 -0.291413  0.096001  0.443519
-0.000000  0.000000  0.000000 -0.514496  0.000000 -0.171499  0.011916 -0.076100  0.139781 -0.334478  0.087303 -0.562487  0.083048 -0.252235  0.417136
 0.685994
