15 38
-0.000109 -0.000112  0.000035 -0.000210 -0.000006 -0.000054 -0.000020 -0.000078 -0.000020  0.000025  0.684680  0.000178 -0.000087 -0.000264 -0.000077  0.098988 -0.301235  0.146893 -0.095940 -0.048369 -0.139198  0.174954  0.132586 -0.145048 -0.003159 -0.137051 -0.065332 -0.048298 -0.347474  0.113456  0.024823  0.090676 -0.126278 -0.133343  0.036179 -0.307482  0.104637  0.023978
-0.000000  0.000004  0.170940  0.514691  0.000005 -0.000007 -0.000007 -0.000002  0.000024  0.000204 -0.000013 -0.000006 -0.000021 -0.000002 -0.000002  0.302697  0.113455 -0.085803  0.104027  0.089017  0.245236  0.450590 -0.062713  0.285553  0.038481 -0.075972  0.139368 -0.033323 -0.187680 -0.034450 -0.085047  0.059318  0.269286  0.186645 -0.179606 -0.095863  0.050182 -0.018879
 0.000000  0.514496  0.000000 -0.000000  0.000000  0.000000  0.000000 -0.000000  0.171498 -0.000000  0.000000  0.000000 -0.000000  0.000000 -0.000000 -0.120289  0.143909 -0.046037  0.206260  0.074332  0.269057 -0.147695  0.066743 -0.267678  0.164308  0.074405  0.342267 -0.028321 -0.397433  0.134687  0.005616  0.054151 -0.169676 -0.099132 -0.141180  0.132159 -0.095766 -0.188357
-0.000022 -0.000065  0.000014 -0.000034  0.000065  0.000017 -0.001458  0.000011  0.000013 -0.000040  0.000075  0.169005  0.000030 -0.000026  0.514981 -0.006464  0.323599 -0.058420  0.058761  0.112431 -0.074093 -0.116596  0.233618  0.052807  0.244112 -0.220780 -0.100343 -0.034213 -0.171227 -0.095995  0.201850 -0.253379  0.208795 -0.077069  0.272535 -0.202123 -0.226161  0.163249
-0.514509 -0.000003  0.000002 -0.000001 -0.000004 -0.000001 -0.000005 -0.000001 -0.000001 -0.171440  0.000002  0.000009 -0.000006 -0.000006 -0.000002  0.252940  0.086056  0.138635 -0.075566  0.006047 -0.217214  0.057541 -0.102387 -0.318864  0.170690 -0.289095  0.089668  0.446342  0.066913  0.023876  0.092270 -0.139516  0.016255  0.125683 -0.206205  0.185610  0.027300  0.010599
-0.000000 -0.000000 -0.000000 -0.000000 -0.000000  0.000000 -0.000000 -0.000000 -0.685994 -0.000000 -0.000000 -0.000000 -0.000000 -0.000000 -0.000000  0.254647  0.010345 -0.186811 -0.016919  0.138173  0.197630 -0.102818 -0.040026 -0.170577 -0.151055 -0.111605 -0.013094 -0.068212  0.002978 -0.056319 -0.272552 -0.220068 -0.291905 -0.027318 -0.038440 -0.123665 -0.235734 -0.074612
-0.000000  0.685994 -0.000000  0.000000  0.000000  0.000000  0.000000 -0.000000 -0.000000  0.000000 -0.000000 -0.000000 -0.000000 -0.000000 -0.000000  0.197077 -0.174872  0.095927 -0.140349 -0.143971  0.041623 -0.168732 -0.168433  0.082335  0.113742 -0.096065 -0.022070 -0.000975  0.336458 -0.152969 -0.131215  0.045904  0.226250 -0.045949  0.109366 -0.290396  0.084701  0.098315
 0.000000 -0.000000 -0.000000  0.000000 -0.000000 -0.000000  0.000000 -0.685994 -0.000000 -0.000000  0.000000  0.000000  0.000000  0.000000  0.000000  0.000739  0.200377 -0.106185  0.151725 -0.291767 -0.230755 -0.091793  0.060831  0.150857 -0.138569 -0.090626  0.093692  0.117439  0.046029  0.364011 -0.191024  0.054953  0.021645 -0.026252 -0.054273 -0.189051 -0.064178 -0.116726
 0.000003 -0.000001  0.685826  0.000003  0.000005  0.000009 -0.000008 -0.000000  0.000009  0.000109 -0.000005  0.000003 -0.000000  0.000005 -0.000001  0.169182  0.155961  0.005819 -0.267283 -0.270748 -0.080053 -0.100466 -0.071443 -0.050334  0.130576  0.252616  0.045084 -0.191403 -0.073128  0.118019  0.066903 -0.152142 -0.205780  0.207897  0.194789  0.054408  0.108917  0.054900
-0.000193  0.000405 -0.018988 -0.000237 -0.000171  0.074308  0.007349  0.000045 -0.000001  0.005928 -0.000195  0.025011  0.552717  0.000011 -0.000080  0.005433 -0.196310 -0.101408  0.192619  0.135287 -0.126064  0.095064 -0.091508 -0.048286  0.166101  0.064157  0.095006 -0.182987  0.058204  0.314164 -0.235346 -0.336986  0.131549 -0.197676  0.015383  0.172865  0.137751  0.311917
-0.000029  0.000676  0.018898  0.000219  0.000076 -0.074320  0.008108 -0.000010  0.000245 -0.005946  0.000092  0.025233  0.551281  0.000250 -0.000379 -0.258452  0.172730  0.205779 -0.052461 -0.067809  0.132135  0.163726 -0.055271  0.049750 -0.202263 -0.134749  0.322401  0.220814  0.045959 -0.229671  0.037001  0.090382 -0.295095  0.135450  0.233730 -0.202909 -0.038726  0.120198
-0.000000 -0.000000  0.000000  0.000000  0.000000  0.000000 -0.000000  0.000000  0.685994  0.000000 -0.000000 -0.000000  0.000000  0.000000 -0.000000  0.249389 -0.003572 -0.196234 -0.073608  0.148591  0.049073  0.027018 -0.016693 -0.064118 -0.271146 -0.117031 -0.177049 -0.053966  0.089335 -0.073055 -0.231502 -0.262640 -0.282112  0.037193 -0.004586 -0.092544 -0.215760 -0.014035
 0.000004 -0.000001 -0.000006  0.000010  0.000011 -0.000039  0.000018  0.000001  0.000006  0.000003  0.000004  0.000005 -0.000005 -0.685877 -0.000004  0.174992  0.037691 -0.098294 -0.224301  0.204418  0.058946 -0.066828  0.256470  0.119004 -0.061316  0.299054  0.123785  0.331358  0.021610  0.071984  0.021686  0.045370 -0.016165 -0.220733 -0.005008 -0.049372  0.089389  0.148198
-0.000008 -0.000003  0.170992 -0.514615 -0.000002  0.000066  0.000005  0.000013 -0.000005  0.000180 -0.000024 -0.000008 -0.000018  0.000000 -0.000046  0.189633 -0.048801  0.244096  0.129337  0.252496 -0.076449  0.159074  0.415002  0.184209  0.167302 -0.081769  0.217115 -0.173467  0.166012 -0.047975 -0.215171  0.144524  0.007441  0.216224 -0.045775  0.051009 -0.101616 -0.139402
 0.000001  0.000013  0.000000 -0.000007 -0.000003  0.000004 -0.685949  0.000006  0.000004  0.000003 -0.000000 -0.000000  0.000000 -0.000001  0.000001  0.188954  0.068678  0.302342  0.313236 -0.148816  0.259243  0.061369  0.098878  0.029512 -0.072626  0.039551 -0.160685  0.038813  0.137102  0.080077  0.169300 -0.179487 -0.107818 -0.180277  0.066351  0.029303  0.142506 -0.076237
-0.000010 -0.000006  0.000001  0.685758 -0.000005  0.000015 -0.000008  0.000012 -0.000022 -0.000015  0.000005  0.000002  0.000027  0.000020  0.000014 -0.084726 -0.122048  0.247598  0.019096  0.122776 -0.241620 -0.218760  0.358506 -0.076215  0.096831 -0.004263  0.058155 -0.105301  0.265244 -0.009870 -0.097706  0.063876 -0.196473  0.022061  0.100379  0.110094 -0.113867 -0.090293
 0.000000  0.000000  0.000000  0.000000 -0.685994  0.000000 -0.000000  0.000000  0.000000 -0.000000 -0.000000 -0.000000  0.000000 -0.000000  0.000000  0.179249 -0.251438  0.124892  0.037403 -0.033383 -0.086646 -0.131646 -0.192745  0.302217 -0.105544 -0.011273  0.162260  0.055303 -0.176055  0.006572  0.149821 -0.037333 -0.005538 -0.070679  0.106525  0.192065 -0.337386  0.000914
-0.000000  0.000030 -0.000006 -0.000016  0.000017  0.000002 -0.171220  0.000003  0.000009 -0.000009 -0.000038 -0.000031  0.000006  0.514538  0.000069  0.050474 -0.036178 -0.199005 -0.255456  0.248237 -0.105450  0.120916  0.073822 -0.039709 -0.032081  0.339319  0.317385  0.104297  0.208481  0.104133  0.287271 -0.053345  0.064023 -0.171668 -0.072990 -0.268817 -0.116949 -0.102649
 0.000001  0.000000 -0.000000  0.000000  0.000001 -0.000000  0.000000 -0.000000  0.000001  0.685986  0.000000  0.000000 -0.000000  0.000000  0.000001 -0.117182  0.178479  0.353951 -0.248963  0.015828 -0.073582  0.021523 -0.106601  0.128040  0.102381  0.008264 -0.044368  0.010985 -0.059156 -0.042408 -0.134676 -0.221856 -0.032462 -0.170238 -0.374971 -0.033324 -0.065641 -0.036525
-0.000000  0.514495  0.000000  0.000000  0.000000  0.000000 -0.000000 -0.000000 -0.171499 -0.000000 -0.000000 -0.000000 -0.000000 -0.000000 -0.000000 -0.141680  0.089207 -0.082122 -0.019642  0.117502 -0.324628  0.372002  0.158363  0.157776 -0.315874  0.053667 -0.314031  0.029306 -0.051621  0.069305  0.169806 -0.114767 -0.131349  0.160320 -0.005227  0.255213 -0.017338  0.056159
-0.000115 -0.000099  0.008568 -0.000034  0.000051  0.160105  0.000145 -0.000080 -0.000576 -0.000044 -0.515568  0.000073 -0.000021 -0.000333 -0.000111  0.030885 -0.290267 -0.049171 -0.114987 -0.210990 -0.162562  0.087214  0.278457 -0.028328 -0.119835 -0.207415  0.169682 -0.050974 -0.294682 -0.219653  0.004630 -0.200638 -0.019312 -0.188521  0.010832 -0.108627  0.318103 -0.193880
-0.000009 -0.000032 -0.000001  0.000003 -0.000002 -0.000002  0.171211 -0.000002 -0.000002  0.000017  0.000062  0.000004 -0.000001  0.514610 -0.000034  0.183066  0.086007  0.067841 -0.043690  0.024074  0.183766 -0.209981  0.268354  0.198204 -0.049590  0.059175 -0.152621  0.337191 -0.180093 -0.008205 -0.258238  0.113778 -0.085413 -0.122818  0.066128  0.202862  0.236294  0.299794
-0.685964 -0.000000  0.000002 -0.000003  0.000003  0.000000 -0.000001  0.000004  0.000001  0.000003  0.000000  0.000000 -0.000006 -0.000000  0.000007 -0.061703  0.020533 -0.066668  0.051472 -0.119837  0.086840 -0.095862  0.135774  0.147247 -0.188814  0.076456  0.040699 -0.430476  0.020927 -0.087187  0.107482  0.144852 -0.065137 -0.124131 -0.220089 -0.090425 -0.054208  0.314136
 0.000000 -0.000001 -0.000001  0.000000  0.000000 -0.000001 -0.000002 -0.000001 -0.000001 -0.685982 -0.000000  0.000002 -0.000002  0.000001 -0.000000 -0.220607  0.125393  0.304269 -0.226174  0.054628  0.003867  0.024095 -0.100881  0.237608  0.083038  0.128988 -0.104633 -0.072264 -0.099531 -0.020585 -0.219024 -0.204119 -0.014978 -0.194398 -0.200628 -0.092697 -0.059553 -0.144959
 0.000000 -0.000000 -0.000000  0.000000  0.000000  0.000000  0.000000  0.685994 -0.000000 -0.000000 -0.000000 -0.000000 -0.000000 -0.000000 -0.000000  0.052496  0.262313 -0.121989  0.170574 -0.129797 -0.295471 -0.124975 -0.058459  0.206524 -0.102163 -0.148791  0.094691  0.049790  0.046763  0.305120 -0.124605  0.120643 -0.084501 -0.102981 -0.026491 -0.175001  0.080088 -0.152178
-0.000000 -0.000000 -0.000000 -0.000000  0.514496  0.000000 -0.000000 -0.171499 -0.000000 -0.000000 -0.000000 -0.000000 -0.000000  0.000000  0.000000  0.222974 -0.043664  0.051458  0.062593  0.301605 -0.187075 -0.153863 -0.367164  0.312875  0.002778 -0.123912  0.110176 -0.098519 -0.115538 -0.113205  0.232576  0.106564 -0.216053 -0.200907  0.126675  0.156553  0.063386 -0.070153
 0.000031  0.000052  0.008539  0.000228  0.000059  0.160289  0.000162  0.000024 -0.000550 -0.000074  0.515172 -0.000079 -0.000472 -0.000000 -0.000134 -0.100844  0.109685 -0.244436  0.012600 -0.146752  0.022252 -0.144884  0.102263  0.164387 -0.115663 -0.025443  0.257084  0.013049  0.167087 -0.370331 -0.028625 -0.321652  0.148438 -0.011626 -0.037074  0.300031  0.179412 -0.225472
-0.000004  0.000186 -0.000023 -0.000084  0.000044  0.000052  0.001496 -0.000061  0.000096 -0.000010  0.000049 -0.168995 -0.000014 -0.000001  0.514772  0.013292 -0.210008 -0.047931  0.356877 -0.087195 -0.188481  0.001422 -0.123491  0.036290  0.107556  0.404334 -0.027585  0.191512 -0.022884 -0.268942 -0.108786 -0.004431 -0.241743  0.168624 -0.239555 -0.158002  0.077800  0.018320
 0.000002 -0.000008 -0.000002  0.000007  0.000015 -0.000002  0.000184  0.000027  0.000002 -0.000031  0.000016 -0.685594 -0.000007 -0.000006  0.000004  0.134159  0.271851  0.116213  0.032841 -0.024358 -0.178033  0.129628 -0.022784 -0.249816 -0.155723  0.113772  0.041419 -0.096084 -0.071101 -0.186986 -0.146468  0.104483  0.229426 -0.256146  0.221949  0.077565 -0.127743  0.032888
-0.000045 -0.000008 -0.000035  0.000009 -0.000061 -0.684717 -0.000017  0.000143 -0.000268  0.000491 -0.000047  0.000010  0.000045 -0.000053  0.000025  0.001735 -0.053244 -0.262151 -0.065985 -0.260971  0.002004  0.252154  0.073657  0.095379  0.320525 -0.081320 -0.022234  0.018079  0.101340 -0.107662 -0.044101  0.047474 -0.170477 -0.313082  0.022661  0.179488 -0.100878 -0.053063
-0.000007  0.000032  0.000045  0.000051 -0.000060  0.684684  0.000001  0.000150  0.000022 -0.000772 -0.000008  0.000036  0.000075  0.000012  0.000002 -0.010497  0.029003 -0.160124 -0.068723 -0.199352  0.062857  0.273132 -0.011469  0.074142  0.335623 -0.048466 -0.097462  0.070791  0.129755 -0.028599 -0.008882  0.216102 -0.247004 -0.230185  0.052500  0.093859 -0.236405  0.024234
-0.514523  0.000003 -0.000004  0.000000  0.000000  0.000002 -0.000004 -0.000005  0.000000  0.171430 -0.000002 -0.000001 -0.000004 -0.000008 -0.000006 -0.170602 -0.113218 -0.049760  0.006865  0.153707  0.101538  0.070070 -0.078670  0.122574  0.080957  0.187267 -0.144104  0.127637 -0.094724  0.092247 -0.235433 -0.053386  0.070667  0.039985  0.499505 -0.064984  0.044832 -0.429651
 0.000000 -0.000000  0.000000  0.000000 -0.514496 -0.000000  0.000000 -0.171499 -0.000000  0.000000 -0.000000  0.000000  0.000000  0.000000 -0.000000 -0.016011  0.291729 -0.115030  0.012709  0.346077 -0.071574  0.021539 -0.110065 -0.090048  0.143392 -0.108848 -0.106166 -0.172158  0.119092 -0.122254  0.032960  0.156356 -0.208653 -0.106530 -0.015351 -0.099713  0.513214 -0.071519
-0.000004 -0.000006  0.685799  0.000001 -0.000013  0.000006 -0.000013 -0.000000 -0.000007  0.000126 -0.000001 -0.000001 -0.000002 -0.000008 -0.000004 -0.283827 -0.180015 -0.050111  0.217229  0.195708  0.032603 -0.052637 -0.022192 -0.071158 -0.168778 -0.204877 -0.145449  0.232315  0.080494 -0.075107  0.000660  0.095953  0.146950 -0.315045 -0.144270 -0.035240 -0.097396 -0.004809
 0.000001 -0.000004  0.000000  0.000005  0.000004 -0.000004  0.685954  0.000007 -0.000001  0.000001 -0.000006 -0.000002  0.000000 -0.000002 -0.000000  0.163360  0.039876  0.232661  0.255903 -0.094260  0.186898  0.136306  0.055149 -0.030104 -0.066777  0.110493 -0.055778 -0.021115  0.230775  0.106336  0.311583 -0.214609 -0.064593 -0.191431  0.025433 -0.087449  0.050799 -0.188697
-0.000019  0.000090 -0.000035 -0.000041  0.000082  0.000004 -0.000013 -0.000038  0.000082 -0.000035 -0.000001  0.000001  0.000054  0.000009 -0.685422  0.005400  0.085402 -0.080057  0.312092  0.019033 -0.197267 -0.086778  0.082805  0.066873  0.264344  0.137980 -0.096584  0.118008 -0.145845 -0.273962  0.070136 -0.193499 -0.024454  0.068733  0.024570 -0.270456 -0.111668  0.136119
-0.000181  0.000954 -0.000143  0.000010 -0.000085  0.000066  0.013649  0.000031  0.000216  0.000001 -0.000559  0.044396 -0.624974  0.000240 -0.000451 -0.223133 -0.021266  0.091953  0.124084  0.059919  0.005050  0.228586 -0.129757  0.001085 -0.031330 -0.062089  0.368185  0.032958  0.091965  0.075494 -0.175456 -0.218067 -0.144101 -0.055369  0.219836 -0.026287  0.087442  0.382068
-0.000032  0.000048  0.000003  0.000009 -0.000019 -0.000002  0.000545 -0.000006 -0.000000  0.000017  0.000014 -0.685277 -0.000001  0.000000  0.000007 -0.162829 -0.142680 -0.108963 -0.093275  0.079877  0.206862 -0.134411  0.097131  0.254086  0.186084 -0.274700 -0.020241  0.044040  0.044180  0.237664  0.204548 -0.188976 -0.133898  0.189794 -0.072331 -0.091453  0.062140  0.043424
 0.685994
