8 30
-0.114752  0.000000 -0.000000 -0.000000  0.000000 -0.439321  0.000000 -0.000000 -0.065129  0.171808 -0.051888 -0.071527  0.143153 -0.213478 -0.222427 -0.240229 -0.095668 -0.065948  0.152436 -0.166617 -0.076844 -0.149537  0.086650 -0.247861  0.096397 -0.264219 -0.376927  0.227663  0.354358 -0.136835
-0.000000  0.554073  0.000000  0.000000  0.000000 -0.000000  0.000000 -0.000000  0.012430  0.065848  0.172674  0.133163 -0.073233 -0.131941 -0.300841 -0.220422 -0.107366  0.042403 -0.162635  0.017398 -0.161573 -0.023149 -0.058656 -0.080728 -0.055611 -0.397190  0.336108 -0.333892 -0.122388 -0.046255
 0.000000 -0.000000 -0.554073  0.000000 -0.000000 -0.000000 -0.000000 -0.000000  0.326206 -0.106102 -0.384390 -0.199238 -0.076208 -0.426178  0.053898  0.018855  0.201121  0.163070 -0.197796 -0.093891 -0.142740 -0.164484  0.020666 -0.023590  0.120481  0.018255  0.027566 -0.016073 -0.111913  0.073506
-0.000000  0.000000  0.000000  0.000000 -0.000000 -0.000000  0.554073  0.000000 -0.184724 -0.128214 -0.233281  0.251678  0.033481 -0.011163  0.343183 -0.124386 -0.130760  0.116849 -0.070750 -0.159546  0.244463 -0.212101 -0.209413 -0.033226  0.008082 -0.043425  0.153153 -0.183931  0.345492  0.025806
-0.554073 -0.000000 -0.000000  0.000000  0.000000  0.000000  0.000000 -0.000000 -0.372474 -0.280433  0.063479 -0.016968 -0.238075  0.118239 -0.151113  0.179689  0.148887  0.193636 -0.276379 -0.114690 -0.036627 -0.248888  0.084657  0.188834 -0.045070 -0.067028 -0.086306  0.118982 -0.070331 -0.239027
 0.000000 -0.000000  0.554073  0.000000 -0.000000 -0.000000 -0.000000  0.000000 -0.142848  0.292941 -0.280100  0.064442 -0.030682 -0.400636  0.146889  0.138580  0.078039 -0.084051 -0.179605  0.050977 -0.171498 -0.124499  0.182178  0.182623  0.024597  0.003385 -0.199674 -0.235554 -0.141300  0.162919
 0.000000 -0.000000  0.000000 -0.554073  0.000000  0.000000 -0.000000 -0.000000  0.229491  0.155776  0.181665  0.020655 -0.187923  0.093046  0.091107 -0.052954  0.406902 -0.033632  0.065487  0.155131 -0.054728 -0.119193 -0.294484  0.217037  0.125037 -0.075986 -0.178541 -0.196328  0.234220 -0.186532
-0.000000  0.000000  0.000000 -0.439321 -0.000000  0.000000  0.114752 -0.000000 -0.198385 -0.285665 -0.240234 -0.104200 -0.017165  0.058955  0.050897  0.046812 -0.110079 -0.200646 -0.023096  0.314884 -0.300197  0.138908  0.209606 -0.470512 -0.049205  0.102450  0.037355 -0.117845 -0.016422 -0.201209
-0.000000  0.000000  0.000000  0.000000  0.000000  0.000000 -0.114752  0.439321 -0.042947 -0.273844  0.067578  0.039674 -0.383372 -0.262153  0.029919  0.228492 -0.308251 -0.251449  0.186297 -0.173112 -0.053810  0.201577 -0.166221  0.134635  0.328160 -0.073673 -0.000402 -0.034814  0.120297  0.032352
-0.000000 -0.554073  0.000000  0.000000  0.000000 -0.000000  0.000000 -0.000000 -0.061637 -0.066896  0.399690 -0.125110  0.143068 -0.226650  0.097205 -0.153842 -0.019445 -0.109092  0.082838  0.048862 -0.184432 -0.332022  0.175974  0.069891  0.031635 -0.137421  0.413486 -0.102589 -0.014163 -0.033979
-0.114752 -0.000000 -0.439321 -0.000000 -0.000000  0.000000  0.000000  0.000000 -0.334147  0.072837 -0.059829  0.269033  0.342898 -0.044373  0.007413 -0.117573  0.114422 -0.286142  0.009031  0.131884  0.109885  0.309182  0.188928  0.354032  0.166371 -0.082780 -0.109420 -0.179904 -0.066336 -0.055408
-0.000000 -0.000000 -0.000000  0.000000 -0.439321 -0.000000 -0.114752  0.000000 -0.189939  0.064162 -0.262692 -0.228500 -0.045640 -0.034221 -0.242764 -0.012725 -0.010315  0.054108  0.007110  0.337056 -0.053105  0.054654 -0.115274  0.278385 -0.148065  0.017240  0.294444  0.142415  0.434370  0.197241
 0.554073  0.000000 -0.000000  0.000000  0.000000  0.000000 -0.000000 -0.000000 -0.298251 -0.233104  0.268158  0.213051  0.087257 -0.255632 -0.170562  0.018281  0.219876  0.296696 -0.199556 -0.058179 -0.178945  0.096436 -0.054767 -0.017264  0.005523  0.227558 -0.145976  0.081712  0.146943 -0.066584
-0.000000  0.000000  0.000000 -0.000000  0.000000  0.000000 -0.554073 -0.000000 -0.375602  0.116697 -0.101713 -0.132937  0.057438 -0.088075  0.251528 -0.075696  0.027009  0.210402  0.054471  0.051003  0.286505 -0.076137 -0.326430 -0.278134  0.191452 -0.009058  0.090374 -0.125143 -0.125631 -0.177556
 0.000000  0.000000  0.000000 -0.000000  0.000000  0.554073 -0.000000  0.000000 -0.024144  0.023828 -0.011792  0.099056  0.054399  0.177928 -0.021276 -0.145025 -0.159360  0.163753 -0.060000  0.206269 -0.190567 -0.181160  0.064880 -0.081576  0.516794 -0.203551 -0.181611  0.217590  0.048544  0.237168
-0.000000  0.000000 -0.000000 -0.000000  0.000000 -0.000000  0.114752  0.439321  0.034089  0.418393  0.060321  0.024257 -0.166619 -0.008727  0.042195 -0.173791  0.048058 -0.077172 -0.412028  0.044645  0.147222  0.081148  0.191617 -0.095291  0.154411  0.243193  0.242476  0.281668  0.047096 -0.275948
 0.114752  0.000000 -0.439321  0.000000 -0.000000  0.000000  0.000000  0.000000 -0.257426  0.430439  0.191360  0.063521 -0.285481  0.076586  0.109868  0.268571 -0.269653 -0.025528  0.013912  0.050825 -0.146155 -0.258753  0.014771 -0.093956 -0.287300  0.064026 -0.177176 -0.096906  0.029273  0.168175
 0.000000 -0.000000  0.000000  0.000000 -0.554073  0.000000 -0.000000  0.000000  0.092098 -0.168161  0.176088 -0.193012 -0.033465 -0.009011  0.096674 -0.399629 -0.303873 -0.046826 -0.239777 -0.019560  0.095828 -0.036326 -0.022889  0.087879 -0.038738  0.191787 -0.369028 -0.208977 -0.162830 -0.043891
 0.000000 -0.000000  0.000000  0.000000 -0.000000  0.000000  0.554073  0.000000 -0.222110  0.186927  0.059941 -0.371565 -0.021598 -0.129221 -0.213287  0.014759  0.015045  0.128463  0.296620  0.098542 -0.001290  0.093115 -0.275209  0.047181  0.186797  0.072133 -0.027821  0.060618 -0.393608 -0.060562
 0.000000 -0.000000  0.000000 -0.439321 -0.000000 -0.000000 -0.114752  0.000000 -0.170908  0.090075 -0.153658  0.109380 -0.098023  0.093256  0.034638 -0.384165 -0.055481  0.125193  0.198408 -0.500779 -0.209939  0.064126  0.080002  0.163560 -0.076793  0.145401  0.159757  0.178906 -0.190342  0.206904
-0.114752 -0.000000 -0.000000  0.000000  0.000000  0.439321  0.000000 -0.000000 -0.012445 -0.048546  0.018681  0.138487 -0.271020 -0.337513 -0.233794 -0.200882  0.182862 -0.056505  0.350904  0.058947  0.378277 -0.078764  0.225120 -0.186945 -0.231539  0.140947 -0.086436 -0.061539  0.080236  0.008552
 0.000000  0.000000  0.000000  0.000000 -0.554073 -0.000000  0.000000 -0.000000  0.128831  0.095375 -0.108133  0.423753  0.167414  0.036762 -0.154742  0.312657  0.013043 -0.025497  0.234649 -0.124357 -0.089672 -0.250580 -0.013450 -0.096157  0.170770  0.142645  0.131460  0.005789 -0.149367 -0.290228
-0.554073 -0.000000  0.000000  0.000000  0.000000  0.000000 -0.000000  0.000000  0.137751  0.108305  0.240078  0.165673  0.186485 -0.241649  0.152986  0.021272 -0.100867  0.336847  0.042033  0.099555 -0.249326  0.319632 -0.124356 -0.132487 -0.031645  0.286740  0.012297 -0.066644  0.158958  0.120164
-0.114752 -0.439321  0.000000  0.000000  0.000000 -0.000000 -0.000000 -0.000000 -0.029519  0.053668 -0.086417  0.181978 -0.051452  0.076487 -0.387967 -0.069388  0.123820 -0.277346 -0.320034 -0.110452 -0.005981  0.086986 -0.427299 -0.279282 -0.015741 -0.009831 -0.024737 -0.116510 -0.096952  0.294405
 0.000000 -0.000000  0.000000 -0.000000 -0.000000 -0.000000 -0.000000  0.554073  0.031268 -0.127822 -0.080352  0.193156  0.192451 -0.055080  0.142884 -0.120283  0.054942  0.028747  0.086319  0.271772 -0.092905 -0.143368 -0.240038  0.040604 -0.424332 -0.216581 -0.136269  0.270719 -0.254009  0.003829
 0.114752 -0.439321 -0.000000 -0.000000 -0.000000 -0.000000  0.000000  0.000000  0.122931  0.113749 -0.199896  0.143757 -0.221348  0.042960 -0.114051 -0.014583 -0.234707  0.468411  0.010442  0.070769  0.034810  0.302567  0.131382  0.089321 -0.094293 -0.317790 -0.072852 -0.175211 -0.039541 -0.309887
 0.000000  0.000000  0.000000  0.000000 -0.000000  0.000000 -0.000000 -0.554073  0.024245 -0.013210  0.021059  0.243846 -0.243634 -0.269858  0.200062 -0.076910 -0.151363 -0.231814 -0.092661  0.169911 -0.018839  0.080803 -0.219902  0.071800 -0.041704 -0.082170  0.055670  0.466448 -0.121285 -0.189316
 0.000000 -0.000000 -0.000000  0.000000 -0.000000 -0.554073  0.000000 -0.000000  0.017628 -0.150889  0.044162  0.265575 -0.273996  0.079582 -0.030289 -0.113827  0.061485  0.171240  0.097365  0.385117  0.170295 -0.125045  0.174671 -0.033276  0.256776  0.117703  0.048717 -0.011716 -0.168805  0.352444
 0.000000  0.000000  0.000000  0.554073  0.000000 -0.000000  0.000000  0.000000 -0.063319  0.000694 -0.130650  0.024762 -0.279255  0.213733  0.158927 -0.320439  0.275631 -0.093458  0.204490  0.007736 -0.459211  0.041791 -0.064856 -0.026344  0.025134  0.120534 -0.022252 -0.147913  0.070278 -0.182016
 0.000000 -0.000000 -0.000000  0.000000  0.439321 -0.000000 -0.114752 -0.000000  0.088697 -0.027636 -0.176987  0.062511  0.123296  0.000779 -0.315998 -0.122414 -0.377111 -0.037106  0.000643  0.155546 -0.045342 -0.307193 -0.161105  0.267945  0.018454  0.439027 -0.005178 -0.113846  0.040625 -0.224152
 0.554073
