2 46
 0.208514 -0.000000 -0.206302 -0.150070 -0.019976 -0.143429 -0.181736  0.033866  0.038173 -0.093142 -0.026526  0.000529  0.042694 -0.135873  0.268449  0.043046  0.035983 -0.241053 -0.116548 -0.052680  0.108712 -0.241884  0.034416 -0.064221  0.141878  0.044103 -0.117420 -0.056347  0.035396 -0.242114 -0.079871  0.050244 -0.055196 -0.140183 -0.182308 -0.045524 -0.003671 -0.320061  0.176537 -0.334414 -0.275473  0.231765  0.018004 -0.007508 -0.132651  0.144960
-0.208514 -0.000000 -0.078127 -0.111670 -0.084707  0.147162  0.064238  0.098385 -0.190006  0.039911  0.146770  0.233803  0.030230  0.012759  0.065576  0.047440  0.199919  0.185352 -0.192050 -0.191265  0.232171 -0.061459  0.167737 -0.167842 -0.179126 -0.042343  0.073483 -0.097565 -0.025538  0.239952  0.092209  0.237400 -0.011560 -0.135392  0.194466 -0.203889  0.208370  0.126742  0.306775  0.019456 -0.116971  0.210100 -0.127726 -0.010174  0.115357  0.027297
-0.000000  0.208514 -0.183525  0.006971 -0.011981  0.017741  0.252046 -0.020178  0.082997  0.091480 -0.106907  0.009448 -0.133733 -0.082303  0.133625  0.017075  0.162701 -0.061516 -0.354364  0.393686  0.098021  0.320548  0.046313  0.002428 -0.243477 -0.012455  0.091494  0.107559 -0.054871 -0.107926  0.265665 -0.183201 -0.115923 -0.135316 -0.007067  0.050330 -0.024341  0.029780 -0.236342  0.057323 -0.208697  0.070297  0.004617  0.043128 -0.071658  0.121849
-0.000000  0.208514  0.351419  0.200742 -0.007624  0.183330  0.119493  0.023481  0.073710 -0.078914  0.116884  0.167961  0.043759 -0.142028 -0.018031  0.121957 -0.184354 -0.027434  0.202563 -0.075009  0.024423  0.164477 -0.048899  0.038815  0.044549 -0.085463  0.266075 -0.005729  0.361679  0.169553 -0.073933  0.130991 -0.010249 -0.110374  0.116481 -0.014892  0.019591 -0.248513 -0.177753 -0.130134 -0.272108  0.064965  0.052279  0.008211 -0.149603  0.194861
-0.208514  0.000000 -0.021034 -0.163247  0.188675 -0.026377  0.020605 -0.151224  0.011334 -0.031781  0.210814  0.139350 -0.068058 -0.191518 -0.172313  0.091680 -0.077252  0.141819 -0.035565  0.101772 -0.218436 -0.107720  0.149790  0.144326 -0.088350 -0.090086  0.027999  0.216638  0.039074 -0.187371 -0.245617 -0.099521 -0.180126 -0.219934  0.102225  0.172797 -0.095741  0.009924  0.108488 -0.037636 -0.091114  0.094956 -0.085123 -0.372387 -0.076657 -0.319303
 0.208514  0.000000  0.005040 -0.266340  0.048236  0.118609 -0.055822  0.204631 -0.008542 -0.123931  0.128535 -0.069859 -0.049707 -0.080185  0.276625  0.071914 -0.038832  0.127893  0.000637  0.117405  0.043437  0.093144 -0.128363  0.512349  0.031939 -0.157922  0.114623 -0.109262  0.098817 -0.192574 -0.131238  0.009537  0.073503  0.048354  0.089835 -0.185745  0.021109  0.049588  0.071372  0.208489 -0.073119 -0.035010 -0.102913  0.277364  0.195993 -0.161471
-0.000000 -0.208514 -0.005987  0.016405  0.228599  0.057522  0.126468 -0.122644 -0.202486 -0.058634 -0.193995  0.080632 -0.006716  0.080661  0.122962  0.030672  0.134035  0.183665  0.089229  0.264788  0.075464  0.138170  0.253169  0.114320  0.314882 -0.162435 -0.058226  0.224871 -0.164444 -0.006106 -0.236325  0.275180  0.048213 -0.071398  0.012859  0.021380  0.102689  0.064397  0.009575 -0.158920  0.076648 -0.129545  0.135717  0.012602 -0.068871  0.307408
-0.000000 -0.208514 -0.051812  0.161678 -0.333726  0.025457 -0.058228 -0.237586 -0.100393  0.271503 -0.076025  0.247634  0.048725  0.019735  0.140869 -0.121227 -0.248585 -0.039131  0.085790 -0.042333 -0.116867  0.016460  0.064000  0.273442 -0.271156  0.183283 -0.005670  0.039779 -0.137613 -0.037058 -0.091662  0.111438 -0.113428  0.019495  0.064848  0.043717 -0.081562  0.147527 -0.077992 -0.257025 -0.129653  0.114743  0.037111  0.299644  0.025535 -0.103866
 0.000000 -0.208514  0.116662  0.203343  0.019271 -0.001551  0.063945  0.285493 -0.333175 -0.122847 -0.004427 -0.059531 -0.129712 -0.138610 -0.038345 -0.145613 -0.127961 -0.210501 -0.156007  0.080148  0.082718 -0.166810 -0.057624 -0.013178 -0.243529  0.085367  0.001708 -0.033973  0.072481 -0.103521 -0.199387  0.042660 -0.290697 -0.060035 -0.094848 -0.106171  0.357293  0.035110 -0.059361  0.157338  0.014842 -0.212744  0.194663 -0.075895 -0.131369 -0.019451
 0.000000 -0.208514  0.093330  0.038111  0.170247  0.087088 -0.192161 -0.187153  0.062907 -0.257961 -0.095937 -0.133636 -0.023035  0.156994  0.115695 -0.034411 -0.126910 -0.160047 -0.233017  0.041306 -0.012905 -0.193378  0.126746 -0.031066 -0.140403 -0.170714  0.261344 -0.132877 -0.006565 -0.023680  0.130180 -0.077040  0.333223  0.019546  0.398992  0.175268  0.118606  0.060140 -0.065452 -0.081006  0.052750  0.107184  0.022618  0.038117 -0.204145 -0.046243
-0.208514 -0.000000 -0.341973  0.078462  0.161533  0.130607  0.053280 -0.060644 -0.135845 -0.222653 -0.129362  0.233799 -0.132267 -0.027661 -0.109512 -0.163270 -0.100154 -0.191950 -0.064099 -0.187865 -0.038329  0.235100 -0.187295 -0.080429  0.234323 -0.060013  0.033035  0.026687  0.219034 -0.183467  0.162014  0.034347  0.002753 -0.114108  0.032900 -0.257340 -0.153986  0.069450  0.049648 -0.159990  0.139752 -0.087490  0.020328  0.156258 -0.012553 -0.210644
-0.208514  0.000000  0.283635  0.191328 -0.059463  0.025362 -0.049362 -0.001208 -0.122616 -0.052276  0.139636 -0.067627  0.235757 -0.034585  0.194863  0.001247  0.348713  0.089397 -0.152029 -0.073837  0.009897  0.136815 -0.220200  0.095548 -0.021991 -0.035916 -0.376820 -0.095060  0.091503 -0.239713 -0.023392 -0.004476  0.107727  0.007412  0.058733 -0.007757 -0.116546  0.107756 -0.159351 -0.109543  0.103916  0.250145  0.253603 -0.151221 -0.020167 -0.061203
 0.000000 -0.208514 -0.106469 -0.147025 -0.157426 -0.094365  0.257235 -0.082834 -0.043593 -0.162830  0.043698  0.115062  0.074407 -0.267319 -0.124610 -0.184780 -0.025329 -0.052237  0.100365  0.088337  0.060124 -0.224610 -0.059106  0.061356  0.042303 -0.196211 -0.012590 -0.202722  0.037156  0.162447 -0.040454 -0.111675  0.138825  0.052886 -0.106116 -0.093983 -0.324662  0.324353 -0.085587  0.187317 -0.113804  0.144520  0.014534 -0.052539 -0.204463  0.258519
-0.000000 -0.208514 -0.087632 -0.189578 -0.051117  0.086398 -0.074786  0.280259 -0.245132  0.136713 -0.042887 -0.132499  0.155452  0.096426  0.064702 -0.054531 -0.176373  0.260174 -0.051292 -0.009368 -0.309054  0.092386  0.033058 -0.122525  0.023564 -0.235129  0.018133 -0.215618  0.064129  0.110003  0.198388  0.059978  0.002691 -0.350577 -0.199947  0.209938 -0.105057 -0.129054 -0.185307 -0.034113 -0.082449 -0.057748  0.095845 -0.008414 -0.017248 -0.080882
-0.208514 -0.000000  0.273965 -0.288723  0.146434 -0.062078 -0.040702  0.116367 -0.049210  0.194157 -0.094808 -0.041684  0.271932 -0.130977 -0.173333  0.136885 -0.121680 -0.198014 -0.048201  0.154622  0.282961 -0.085426 -0.180364 -0.088708 -0.053304 -0.201705  0.110130  0.154545 -0.012193 -0.076399  0.060125  0.128059 -0.121511  0.083232 -0.119898  0.088818 -0.048712  0.148996 -0.054311 -0.250596  0.165222  0.075923 -0.165881  0.228582  0.077797 -0.013131
-0.000000  0.208514  0.034142 -0.044123 -0.267195  0.201120 -0.119810  0.029633 -0.016785 -0.061790 -0.148028 -0.034791 -0.287862  0.007284 -0.005869  0.203176 -0.074210 -0.013307  0.021185  0.034083 -0.247453 -0.085674 -0.013880 -0.003187  0.203812 -0.166140  0.145381 -0.046717 -0.152949 -0.127058  0.165419  0.243644 -0.300995  0.232972 -0.045373 -0.013670  0.037706  0.179648  0.023730  0.090242  0.101809  0.323377  0.218132 -0.145486 -0.069878  0.044668
 0.000000  0.208514 -0.097341  0.056512 -0.111119 -0.209492 -0.065034 -0.109287 -0.292470 -0.287656  0.390733  0.055744  0.364614  0.085292 -0.022094 -0.114435 -0.187604 -0.056355 -0.090108  0.016081 -0.033313  0.006381  0.241506  0.031785  0.051094 -0.049625  0.065369  0.259975 -0.051420 -0.114142  0.163671  0.065517 -0.025026  0.092507 -0.037689  0.047431  0.020410 -0.158252 -0.098824  0.233701  0.105950  0.060421  0.015615  0.107170  0.131814  0.126417
 0.208514 -0.000000  0.176781  0.076495  0.118530  0.445431 -0.246084  0.219023 -0.028934 -0.053428  0.009410  0.263970  0.050379  0.089333 -0.149441 -0.024821 -0.061489 -0.033058 -0.048391 -0.048019 -0.041333  0.001134  0.168411  0.010541  0.068459  0.060079 -0.259824  0.154688 -0.009715 -0.104333  0.115161 -0.317879  0.037367 -0.014532 -0.162901  0.068970  0.026374  0.294126  0.042242  0.006788 -0.171490  0.039338 -0.210915  0.021059 -0.026954  0.168017
-0.000000 -0.208514 -0.178754  0.228303  0.024502 -0.109518  0.020706 -0.076548 -0.125020  0.007114  0.132583 -0.192038 -0.106830  0.134768 -0.035652  0.413584 -0.009852  0.061585 -0.092951 -0.213895  0.050846 -0.135922 -0.280445  0.024713  0.119366 -0.077459 -0.078367  0.088332  0.023536 -0.076369  0.078639  0.079259 -0.192080  0.005935  0.195715  0.129191 -0.084370  0.131256 -0.172953  0.044920 -0.289753 -0.144676 -0.279841  0.014481  0.047060  0.189889
-0.208514  0.000000 -0.091411  0.098359 -0.009883 -0.185338 -0.050135  0.271237 -0.002409 -0.185760 -0.164821 -0.181980 -0.131363 -0.123817 -0.204632  0.037287  0.106906  0.268318  0.127835 -0.172770  0.163799 -0.006975  0.260638  0.280520  0.030586  0.197209  0.019910  0.027822  0.050989  0.020242  0.084279 -0.075033 -0.023671 -0.057941 -0.056960  0.124013  0.057859 -0.038030 -0.126815 -0.039759  0.114360  0.275375 -0.099829  0.278255 -0.272768 -0.041902
 0.208514 -0.000000 -0.099014 -0.287461  0.089491  0.025631 -0.204245 -0.039937 -0.115736 -0.131875 -0.071634  0.077047  0.077968  0.234841 -0.119252  0.066830  0.185492  0.084176  0.044577  0.031746  0.007520  0.160805  0.026886 -0.151019 -0.336174  0.112501 -0.052130 -0.035750  0.312115  0.005473 -0.160419  0.128271 -0.266985  0.264968  0.146766  0.028472 -0.265334 -0.026611 -0.019290  0.056336  0.030694 -0.041546  0.066519  0.074453 -0.268230  0.063462
-0.000000 -0.208514  0.026344  0.064753 -0.088930  0.158482 -0.181565 -0.164168  0.165557 -0.242467  0.040171  0.274087  0.078062 -0.108293  0.028295  0.036342  0.121834  0.231595  0.195143  0.232351  0.197171 -0.114505 -0.191446 -0.254297  0.086846 -0.027142 -0.012083 -0.088289 -0.246570 -0.034346  0.072982 -0.107793 -0.252886 -0.139574  0.024364 -0.014430  0.087375 -0.216086 -0.199718  0.131785  0.042914 -0.008797 -0.026996  0.176925  0.003824 -0.192451
 0.000000  0.208514 -0.039448 -0.014686 -0.116448 -0.038325 -0.149282  0.071266  0.134325 -0.182731 -0.106257 -0.010883  0.278475 -0.047126 -0.000994 -0.093818  0.072685 -0.057816 -0.218355 -0.110322 -0.054235  0.085507  0.118570  0.172865  0.113898 -0.033796  0.093485 -0.250324 -0.223114  0.170228 -0.177992 -0.000393 -0.267130 -0.025725  0.102418 -0.135289  0.007660  0.151579 -0.252384 -0.244898  0.046487 -0.286062 -0.255419 -0.211917 -0.025530  0.002324
 0.000000 -0.208514  0.060492 -0.086250 -0.081807 -0.006701 -0.022808  0.083443 -0.098798 -0.064568  0.026957  0.043234 -0.000786  0.180943 -0.006686  0.013059 -0.003646 -0.056402 -0.094940  0.097523  0.069718  0.214748 -0.153058 -0.098486  0.193518  0.474819  0.350940  0.060088 -0.093931 -0.063522 -0.171760  0.174447  0.240520  0.000870 -0.162628 -0.002138 -0.062186  0.043896 -0.164328  0.103152 -0.090981  0.221531 -0.221235 -0.245446 -0.042564 -0.131683
-0.000000 -0.208514 -0.014191  0.246715 -0.181239  0.114848  0.123077  0.124023  0.278179 -0.195973  0.100083 -0.158007  0.130394  0.121618 -0.247434 -0.039551  0.202243 -0.127933 -0.095385  0.007703 -0.066302  0.182591 -0.005347 -0.002869 -0.072171 -0.169962  0.202825 -0.027994 -0.085538 -0.084576 -0.195196  0.051035 -0.112285 -0.090992 -0.118670  0.238016 -0.150107 -0.016726  0.412077 -0.023590 -0.028360  0.034794  0.066643  0.177041  0.112323  0.054102
-0.208514  0.000000  0.013231 -0.236767 -0.277209 -0.015131 -0.125570 -0.046558  0.049769 -0.181152  0.188949 -0.177510 -0.261354 -0.104222  0.020713  0.025835 -0.324441  0.075867  0.131464 -0.020534  0.099562  0.366700  0.018126 -0.246945 -0.144986 -0.008678 -0.193454 -0.075363 -0.097986 -0.190158 -0.145368 -0.073157  0.121357 -0.057302  0.051305  0.023069  0.112735  0.094634  0.028252 -0.134347  0.049602 -0.110872 -0.075287 -0.002229  0.001560  0.263694
 0.208514 -0.000000 -0.170133  0.218762 -0.075227 -0.114852  0.007380  0.101414  0.295213 -0.102963  0.118785  0.139176  0.048467  0.038139  0.043275  0.362250 -0.253064  0.175296 -0.168208  0.141605  0.182562 -0.036470  0.107330 -0.056739 -0.091200 -0.056483 -0.097015  0.050268  0.186873  0.104644  0.004740  0.179279  0.162218  0.004592 -0.243258 -0.071957 -0.012276  0.247324 -0.037400 -0.132718  0.164383 -0.071940  0.149868 -0.075571 -0.060110 -0.231081
-0.208514 -0.000000 -0.176261 -0.063750 -0.028676  0.032867  0.155256  0.040445  0.003483  0.100158 -0.088247  0.332996  0.208192  0.013499 -0.111765  0.346255 -0.016018  0.103559 -0.170157 -0.039749 -0.251837 -0.065400 -0.129773  0.059148 -0.020560  0.078288  0.096783 -0.228229 -0.009685 -0.213078 -0.160426 -0.213962  0.178115  0.194170 -0.057372  0.052935  0.275591 -0.169067  0.001398  0.019832  0.129270 -0.069654  0.041235  0.091289 -0.084767  0.235191
 0.000000 -0.208514  0.148374  0.006482 -0.236921 -0.231511 -0.273935  0.031600  0.152904  0.130235 -0.014017  0.080409 -0.147043 -0.170683 -0.094274 -0.028008  0.276451 -0.027522 -0.161827  0.072995 -0.368274 -0.027233  0.127296 -0.132393  0.042634 -0.134626  0.032553  0.246114  0.269018 -0.043706 -0.034396  0.095212  0.118281 -0.074614  0.049827 -0.283573  0.058125 -0.006509 -0.138111  0.074717  0.054068 -0.051783 -0.157976  0.151383  0.049802  0.099380
 0.000000  0.208514 -0.001785 -0.105359 -0.037893  0.022983  0.077962  0.045679  0.000827  0.050397  0.029018 -0.058194  0.047041 -0.015693 -0.254771  0.125521  0.042152 -0.172849  0.007962  0.129406  0.002580 -0.141176  0.237477 -0.159856  0.245101  0.245917 -0.139384 -0.225917  0.016089 -0.128502 -0.139356  0.125920  0.097065 -0.208561  0.281005  0.101577 -0.027362  0.191547 -0.151887  0.086956 -0.206817 -0.075811  0.275734  0.265801  0.160824 -0.143698
 0.208514 -0.000000 -0.240210  0.241033  0.289100  0.033889 -0.062746 -0.011983 -0.103401  0.000839  0.027812 -0.123175  0.089450 -0.348572  0.039837  0.040766 -0.025917 -0.016982  0.143205  0.179506 -0.232185  0.100296 -0.042376 -0.154846 -0.086554  0.126389  0.021002 -0.188563  0.092677  0.101486 -0.103313  0.027372 -0.052632 -0.038288  0.077769  0.068402  0.092625  0.128459 -0.018231 -0.059904  0.240407  0.338883 -0.190590 -0.010568  0.290571  0.147817
-0.208514 -0.000000 -0.093053  0.146552  0.044857  0.083151  0.131511  0.381843  0.106403  0.074157  0.164283 -0.049941 -0.039855  0.142900  0.176132 -0.256292 -0.074444  0.227571  0.061423  0.199967 -0.029644 -0.247848  0.119560 -0.221481  0.062716  0.024490  0.113076  0.036008  0.037411 -0.183797 -0.079297 -0.089185 -0.066398  0.340275  0.171511 -0.140613 -0.223659 -0.038696 -0.089223 -0.230294 -0.062093 -0.004648 -0.046610  0.004693  0.062342  0.051926
 0.208514 -0.000000  0.305375 -0.055587 -0.117680 -0.139822  0.214554  0.002325 -0.096837 -0.053948  0.038209  0.209453 -0.239380  0.135570  0.075323  0.017836 -0.039087  0.073760 -0.158417  0.026073  0.042524 -0.141173  0.013235  0.063135  0.077344  0.187640  0.055343 -0.170037  0.108803 -0.071296  0.109659 -0.104802 -0.153911 -0.283859  0.105844  0.128380 -0.250267 -0.034911  0.100638 -0.117934  0.433372 -0.036949 -0.102665  0.004671  0.127341  0.184166
 0.208514 -0.000000 -0.076398  0.020425 -0.066741  0.405318  0.113479 -0.180831  0.030295  0.265034  0.203581 -0.185814  0.038886 -0.258950 -0.147733 -0.134398  0.076444  0.096252 -0.074776 -0.113724  0.124507 -0.082552  0.108614  0.028210 -0.014790  0.037826  0.044165 -0.068056 -0.005575 -0.309112  0.103624  0.301042  0.102051  0.023793 -0.045761  0.015283 -0.022652 -0.109204 -0.075101  0.008302  0.210932 -0.157889 -0.182482 -0.037886 -0.266515  0.001890
 0.000000  0.208514 -0.123770 -0.020872  0.097801  0.195577 -0.143254 -0.026110  0.075423  0.071371 -0.004938 -0.091468 -0.100148  0.145762 -0.061557 -0.069474 -0.094724  0.105125 -0.196489 -0.178864  0.066428 -0.198645 -0.205272  0.001583 -0.122187 -0.046374  0.056875  0.231789 -0.157437  0.118778 -0.395120 -0.046413  0.061200 -0.312036 -0.052317 -0.161058 -0.162747 -0.038594 -0.218498  0.104290  0.164973  0.175999  0.179914  0.124915  0.053799  0.198485
-0.000000  0.208514  0.012345  0.024823 -0.042071 -0.071152 -0.134164 -0.296370 -0.131271  0.063106  0.204264 -0.183861  0.024269  0.174681 -0.074669 -0.155808  0.103019  0.249698 -0.009082  0.221299 -0.048385 -0.089403 -0.205514 -0.003316  0.144529  0.079863  0.221531 -0.073986  0.210134  0.036390  0.008332 -0.169618 -0.060628 -0.086892 -0.201025 -0.058201  0.254334  0.280408  0.181220 -0.222478 -0.109949 -0.057125  0.033294  0.148697 -0.188107  0.004616
-0.000000  0.208514 -0.074827  0.174219 -0.068950 -0.035048 -0.106160  0.091707 -0.320668  0.098299  0.142729  0.138158 -0.204577  0.117552  0.108101  0.187827  0.283529 -0.266283  0.309915  0.017907  0.063657 -0.036947  0.119124 -0.066467 -0.134027 -0.293252  0.156993 -0.129765 -0.120710 -0.057390 -0.165005 -0.112145  0.185377 -0.063688 -0.154036  0.074300 -0.121638  0.018293 -0.098711 -0.045621  0.094784 -0.091285 -0.152723  0.021088 -0.101954 -0.139342
 0.208514  0.000000 -0.045113  0.003054 -0.190149  0.045567  0.001729  0.208997 -0.248682 -0.056875  0.054735 -0.096806  0.060975 -0.098468 -0.300108  0.163803  0.005349  0.002873  0.025593  0.240069 -0.091552  0.003065 -0.208314  0.086086 -0.048564  0.062777 -0.054826  0.206341 -0.268618  0.159407  0.144070 -0.101970  0.179577 -0.031345  0.328545 -0.242516 -0.085285 -0.168985  0.152483 -0.271832  0.023387 -0.026246  0.082767 -0.055208 -0.144561 -0.041134
-0.000000  0.208514 -0.071903 -0.047312  0.043841 -0.081800 -0.041623  0.201246  0.087618 -0.123512  0.123309  0.267571 -0.190821 -0.088481  0.031715 -0.298399  0.093522  0.024273 -0.078103  0.056796 -0.132388 -0.088301 -0.342939  0.043554 -0.029613  0.009315 -0.150839  0.068854 -0.092817  0.137432  0.010353  0.353871  0.149750  0.072210  0.050065  0.481685  0.102645  0.035865 -0.011438 -0.056480 -0.032449 -0.095826 -0.069191  0.092761 -0.090303  0.019344
-0.208514  0.000000 -0.046695 -0.064350 -0.096407  0.191459  0.103039  0.067050  0.091511  0.008674  0.101673 -0.134004  0.186329 -0.018432  0.444497  0.164503 -0.014315 -0.238242  0.069240  0.046946 -0.182032 -0.048957 -0.010418 -0.057021  0.116750  0.188203 -0.087275  0.217532  0.067970  0.207810 -0.031619 -0.044772 -0.109808 -0.154998  0.070948  0.037804 -0.041350  0.107063  0.142725  0.181028  0.208977 -0.073149 -0.114109  0.150402 -0.375489 -0.023019
 0.208514  0.000000 -0.178410 -0.115479 -0.382386  0.108975  0.116571  0.041983 -0.090026 -0.010762 -0.209541 -0.015795  0.099696 -0.082184  0.068864 -0.092113  0.098867  0.041369  0.062166 -0.159755  0.189911 -0.035864 -0.053087 -0.101401  0.112059 -0.114248  0.116480  0.316008  0.282295 -0.019592 -0.144821 -0.245093  0.019139  0.052405  0.166563  0.304764  0.210290  0.083853 -0.093102 -0.076966  0.075331  0.017268  0.065848 -0.142587  0.178365 -0.109977
-0.000000 -0.208514 -0.211292 -0.100118  0.086544 -0.091897 -0.205176  0.182714  0.236085  0.295322  0.341992  0.142016  0.021789  0.149998 -0.085273 -0.075110  0.048037 -0.205418  0.202550 -0.008229  0.155342  0.124850 -0.035652  0.212372  0.092677  0.003189  0.107241 -0.039123  0.028778 -0.039364  0.164086 -0.040407 -0.125063 -0.132933  0.185149  0.009089  0.157060  0.088790 -0.085737 -0.000822  0.149178  0.060967  0.256843 -0.183344 -0.063327  0.181865
 0.208514 -0.000000  0.054012 -0.170638  0.063978 -0.069796  0.456256  0.017445  0.139510 -0.169489  0.050155 -0.036550  0.062206  0.319810 -0.047855 -0.040379  0.068543 -0.048822  0.238443 -0.134173 -0.240214 -0.050585 -0.042646 -0.066097 -0.175650 -0.092331 -0.121018  0.063470 -0.090920 -0.164497  0.036759  0.085969 -0.035587 -0.134398 -0.033112 -0.199123  0.292018  0.093337 -0.216572 -0.143719  0.010598  0.191008 -0.149034  0.056842 -0.062165 -0.083114
 0.208514  0.000000  0.066986  0.091132  0.022218 -0.181797  0.094289  0.031413 -0.050673  0.273043  0.094471  0.058691 -0.053343  0.039495 -0.055526 -0.099005 -0.186380  0.023467 -0.249066 -0.041527  0.071041  0.254051  0.008224 -0.159302  0.291343 -0.249557 -0.167191 -0.106818 -0.101233  0.081959 -0.248427 -0.129390 -0.109308  0.134135  0.169872  0.017683  0.079677 -0.073641  0.061249  0.115045  0.037935  0.254487 -0.111946  0.160958 -0.301416 -0.184772
-0.208514 -0.000000 -0.129663  0.019130 -0.205759  0.212040 -0.008536 -0.087348 -0.002054 -0.000932 -0.056896 -0.066337 -0.071251  0.315009 -0.177768 -0.055842 -0.061325 -0.178509 -0.028644  0.369240  0.096818 -0.090864  0.004530  0.229580  0.034031 -0.088675 -0.334679 -0.127074  0.280336  0.155428 -0.066984  0.082882  0.003360  0.000230 -0.030002 -0.002749  0.108047 -0.255500 -0.062762 -0.000677  0.066034  0.142484 -0.268141 -0.107449  0.115011 -0.010145
-0.000000  0.208514 -0.016243  0.211904 -0.080362 -0.190681 -0.107400  0.105536  0.053326  0.095556 -0.382610  0.047676  0.253691  0.101296  0.004795 -0.113194 -0.152770  0.134293  0.192532  0.106263  0.078646 -0.030020 -0.124895 -0.026815 -0.085147 -0.075008  0.000828 -0.017153  0.025855 -0.337160  0.013059  0.144122  0.081874 -0.276489  0.197084 -0.045906 -0.033055  0.085334  0.227994  0.270852 -0.028584 -0.010505 -0.164326 -0.149812 -0.142847  0.087062
 0.208514
