10 46
-0.000034  0.000037  0.000002  0.000023 -0.055635 -0.000036 -0.000143 -0.000002  0.000052  0.435119  0.275848 -0.057804  0.002373 -0.001728  0.167703  0.063517  0.038634  0.215669  0.087750  0.077307 -0.054721  0.074005 -0.168702  0.004989  0.368464  0.026510  0.039452 -0.306343  0.056761  0.043470  0.046887  0.242233  0.213777 -0.045620  0.181427 -0.117349 -0.043426  0.151368  0.187346  0.193995  0.139339  0.159912 -0.167310  0.147616 -0.111554 -0.016281
 0.000006 -0.000020  0.000003  0.000003 -0.491243  0.000002 -0.000006  0.000007 -0.000000  0.000035 -0.156213 -0.050864 -0.181087  0.159785 -0.125293 -0.104641  0.091907 -0.151439 -0.236874 -0.105537  0.203686 -0.130666 -0.115602  0.153940 -0.118384 -0.225287  0.268553  0.004592  0.011440 -0.094466 -0.171751  0.149326  0.142602 -0.121607  0.101814  0.070843 -0.130227  0.112345 -0.212530  0.179393  0.117919 -0.012982  0.037559  0.264838 -0.025128 -0.104935
-0.000000 -0.000000 -0.000000 -0.000000  0.000000  0.000000 -0.000000  0.000000  0.491330 -0.000000  0.071769 -0.250478  0.147348  0.105005  0.125802 -0.101175 -0.154245  0.160544  0.146896 -0.130381  0.175435 -0.093538 -0.037945 -0.030948 -0.057160  0.190254  0.006130  0.016799 -0.179521 -0.314827 -0.236527  0.035122  0.010237  0.054487 -0.080699  0.093782 -0.275270  0.105751 -0.110735 -0.206408 -0.057650 -0.005611 -0.286708 -0.028809 -0.032637  0.160856
 0.000019  0.000011  0.000053  0.000016  0.000027 -0.000032  0.491099 -0.000032  0.000021  0.000009  0.024799  0.059727 -0.082143  0.022280 -0.254496  0.167042  0.004688 -0.140521 -0.071766  0.009881 -0.000290  0.119889 -0.253318  0.139386  0.081252  0.156843 -0.148831  0.229137  0.043344  0.076868  0.190188 -0.027165  0.172908  0.143679 -0.161865 -0.165366 -0.085144  0.187957 -0.216130  0.072241 -0.051369  0.077404 -0.181726  0.045727  0.150518  0.340862
 0.059774 -0.431556 -0.000000  0.000000 -0.000000  0.000000 -0.000000  0.000000 -0.000000 -0.000000 -0.156668  0.034090  0.070334 -0.076058  0.014813  0.029582 -0.062360  0.226371 -0.067422 -0.154990  0.313910 -0.264974 -0.186385  0.093482  0.221038 -0.177114 -0.041303 -0.012086  0.037261 -0.046404  0.025737 -0.236659  0.126896 -0.041444 -0.116996 -0.045995  0.263255  0.033863 -0.063355  0.103405 -0.113176  0.196090 -0.071369 -0.362914 -0.021466 -0.164721
-0.000014 -0.000000 -0.000013 -0.000056 -0.000009  0.000023  0.491133 -0.000005 -0.000008  0.000067  0.017243  0.189997  0.251096 -0.168464 -0.005136  0.082808  0.019447 -0.027557 -0.142973 -0.026721  0.141693 -0.131642 -0.073848  0.097272 -0.007492 -0.011168 -0.150636 -0.127484 -0.087078 -0.050069 -0.181561 -0.076285 -0.109791 -0.271402 -0.027826  0.003355 -0.071131 -0.234483  0.358998 -0.157956 -0.035601 -0.107102 -0.068835  0.329036 -0.005869 -0.187942
-0.000002 -0.000022 -0.000035  0.000001 -0.000023  0.000025 -0.491162 -0.000021  0.000023 -0.000006 -0.087901  0.388238  0.042278  0.052046 -0.086407 -0.032517 -0.011818 -0.069921 -0.199628 -0.055900  0.028254  0.097432 -0.318262  0.129596 -0.169053  0.022771 -0.224260 -0.053494 -0.066238  0.085046  0.021562  0.193337  0.110523  0.134869 -0.165564 -0.065465 -0.023734 -0.013428  0.172904 -0.231164  0.144287 -0.043737 -0.328703 -0.009556  0.019203 -0.042092
-0.000006  0.000007 -0.491266 -0.000011  0.000000  0.000017  0.000000  0.000004  0.000005  0.000014  0.139524  0.115808  0.082597  0.131491 -0.091602  0.305402  0.185836  0.171007  0.248517  0.081910 -0.046256 -0.060083  0.205348  0.243903 -0.127355 -0.048717 -0.042678  0.144382  0.111601  0.151081 -0.281400  0.198388  0.153697 -0.140407 -0.202785  0.129941 -0.092102  0.037165 -0.019250  0.084292 -0.016490 -0.019931 -0.000481 -0.171520  0.062674 -0.112107
 0.491330  0.000000  0.000000  0.000000  0.000000  0.000000  0.000000  0.000000  0.000000 -0.000000  0.219562 -0.017240  0.107617  0.135339  0.018837 -0.049312  0.025055 -0.116609  0.029865  0.060233  0.076470 -0.011026 -0.046133  0.103342 -0.348134 -0.172550 -0.153268 -0.128433 -0.028942  0.000460  0.231611 -0.167728 -0.109114 -0.051218  0.039568  0.358829  0.000280  0.233125  0.188103  0.132000 -0.027281  0.269780  0.026514  0.013380 -0.079388  0.183289
-0.000031 -0.000021  0.000023  0.000070  0.000011  0.491106  0.000028 -0.000005  0.000003 -0.000006  0.238797 -0.081040 -0.227051  0.029514  0.104493 -0.207150  0.073097  0.043902 -0.013299  0.043649 -0.176326 -0.082574 -0.198622 -0.030950  0.037934 -0.211523 -0.005919 -0.121017 -0.064503  0.079543 -0.000574  0.053867 -0.188242 -0.068244 -0.329436 -0.043482 -0.114827 -0.118979 -0.124151 -0.085988 -0.199315  0.158809  0.012454  0.040543  0.380711 -0.121249
 0.000005  0.000009  0.000003 -0.000018 -0.491244  0.000008  0.000008  0.000020 -0.000006  0.000000  0.123407  0.028272  0.331290 -0.333808  0.123323  0.079265 -0.035825  0.098210 -0.078436 -0.247656 -0.155443 -0.127419  0.040574  0.059272 -0.041053  0.081391 -0.051082 -0.073910 -0.062063  0.111822  0.117890 -0.020214 -0.052935  0.308669  0.010973 -0.009950 -0.208265  0.025414  0.006110  0.054447  0.158837 -0.074869  0.241035 -0.184020  0.241746  0.049034
-0.000001  0.000028 -0.491251  0.000007 -0.000017  0.000016 -0.000002 -0.000000  0.000001 -0.000007 -0.035954  0.189757 -0.275642 -0.087108  0.094114 -0.129964 -0.100774  0.095907  0.085619  0.172329 -0.059383 -0.191330 -0.238672 -0.176649 -0.097964  0.157036 -0.043858  0.016118 -0.122552  0.028437  0.033773 -0.427643 -0.082651  0.013542  0.119386 -0.100764 -0.194006  0.046758 -0.089864  0.120956  0.240474 -0.062322 -0.023269  0.078090 -0.147288 -0.084197
 0.491330 -0.000000 -0.000000 -0.000000 -0.000000  0.000000 -0.000000  0.000000  0.000000 -0.000000 -0.026752  0.150064  0.053582  0.004135  0.005599 -0.305864  0.200913  0.181397 -0.103153  0.027531 -0.027207 -0.171315  0.061056 -0.103819  0.207333 -0.046740 -0.084892  0.107945  0.222874  0.086225 -0.249420  0.112446 -0.013864  0.232772 -0.071824 -0.110522 -0.022671 -0.219364 -0.070296  0.075378 -0.095267 -0.163600  0.033271  0.111660 -0.211383  0.297532
-0.000000  0.000000  0.000000 -0.491330 -0.000000 -0.000000  0.000000 -0.000000  0.000000 -0.000000  0.054565  0.236894  0.074569 -0.314483 -0.246519 -0.176633  0.077414  0.071202  0.153290  0.100625  0.000517  0.083652  0.073192  0.001496 -0.204281 -0.126651  0.289348 -0.067618  0.043957 -0.209667  0.065691 -0.005551  0.142013 -0.010362  0.105114 -0.274549 -0.164604  0.073992  0.026149 -0.105163 -0.263786  0.151567 -0.013960 -0.068074 -0.034989  0.009913
 0.000007  0.000020 -0.000068  0.000010  0.119309 -0.000012  0.371826  0.000047  0.000018  0.000013 -0.270252  0.119333 -0.304005  0.017635  0.322626 -0.300521  0.036112  0.099770 -0.040624 -0.266313 -0.007302  0.077136  0.256615  0.013847 -0.194240  0.052301  0.029560 -0.033286  0.066203  0.134872  0.002588  0.176104  0.112716  0.189898 -0.033904  0.066488 -0.044487  0.154710  0.211493 -0.028255  0.123330  0.176622 -0.089950 -0.136772  0.044230 -0.142301
 0.000001  0.000025 -0.000007 -0.000004 -0.491275  0.000007 -0.000001 -0.000002 -0.000000 -0.000004 -0.078440  0.064903  0.069841  0.133071  0.240094 -0.271591  0.053417 -0.160092  0.289577  0.229963  0.056487  0.235983  0.098328  0.155085  0.157839  0.227738 -0.025152  0.001119  0.038388  0.038386  0.129542 -0.224135  0.164551 -0.115194 -0.279951  0.000893  0.127589 -0.070467  0.036884 -0.136950 -0.124696 -0.031024 -0.012294  0.014737 -0.098221 -0.049882
 0.000008 -0.000008 -0.000003  0.000046 -0.055431  0.000014 -0.000027 -0.000038  0.000052 -0.435657 -0.070258 -0.107328  0.038201  0.027935  0.213200 -0.040153  0.126283  0.100421  0.212163  0.043935 -0.123624 -0.066565 -0.374560  0.079946 -0.118007  0.093569  0.043114  0.189517  0.089295 -0.139399  0.022165  0.165884  0.021803 -0.007183  0.288944 -0.078147  0.190202 -0.049576  0.282849  0.263970 -0.152422 -0.118532 -0.112829  0.019208  0.237641  0.028749
-0.000000  0.491330 -0.000000  0.000000 -0.000000 -0.000000  0.000000 -0.000000  0.000000  0.000000 -0.155309  0.018510 -0.014959 -0.174317 -0.138113 -0.034854 -0.134558  0.021294  0.124523 -0.109430  0.113191  0.243615 -0.370968  0.004518  0.186605 -0.011837  0.121830 -0.006845  0.239073  0.055314 -0.280944 -0.108555 -0.090354 -0.006291 -0.074618  0.288334 -0.081271 -0.077979  0.113420  0.053426  0.037712  0.193091  0.134864 -0.207433 -0.013684  0.034505
-0.000000 -0.000000 -0.000000 -0.000000  0.000000  0.000000  0.000000 -0.491330 -0.000000  0.000000 -0.265928  0.225716  0.132189 -0.042919  0.040759  0.076594  0.063317  0.066446  0.244890 -0.125423 -0.196264  0.029853  0.068128 -0.096382  0.061580 -0.145414 -0.028578  0.004120 -0.188437 -0.212948  0.121185  0.060291  0.014496 -0.058549 -0.054464  0.170364  0.069902 -0.240511 -0.223764  0.120377  0.191084  0.266172 -0.114936  0.212450  0.069330  0.119321
-0.000028 -0.000001  0.000060  0.000011  0.000088 -0.000041  0.000002  0.000009 -0.000039  0.490868 -0.142312 -0.096813 -0.097741  0.164354 -0.162889 -0.083045  0.007942  0.072163 -0.086909  0.070216 -0.084352 -0.130740 -0.036899  0.005192 -0.047714  0.022941 -0.035525  0.270832 -0.037592 -0.245104  0.251245 -0.037435  0.210465 -0.005941  0.029504  0.181832 -0.211111 -0.341899  0.282012  0.029522 -0.082970 -0.130881  0.118599 -0.179968  0.148457  0.003240
 0.000001 -0.000032 -0.055155 -0.000024 -0.000061 -0.000031 -0.000040  0.000045 -0.000016 -0.435885  0.156065 -0.241445 -0.153350 -0.082255 -0.041499  0.078884 -0.156137  0.095481 -0.134516  0.001575 -0.158822  0.066586  0.072893  0.121801  0.121373 -0.255999  0.153159 -0.011689 -0.185129  0.018996  0.096968 -0.107609  0.356861  0.116575 -0.212172  0.042220 -0.129351 -0.229339  0.244433  0.008838  0.116740  0.011852 -0.074334  0.044457 -0.285084  0.075959
-0.491330 -0.000000 -0.000000  0.000000 -0.000000  0.000000  0.000000  0.000000  0.000000  0.000000  0.034718  0.109423  0.228375  0.162888 -0.132227 -0.195325  0.016798  0.079369 -0.163692  0.145778 -0.239711 -0.286250  0.045688 -0.074932  0.017702 -0.009190  0.109738 -0.029494  0.198768 -0.003154 -0.096406 -0.185374  0.007485  0.215467 -0.124655  0.265632  0.164481  0.236622  0.151139  0.057073 -0.071909  0.115526 -0.078634  0.173541  0.000256  0.127801
 0.000000  0.000000 -0.000000  0.000000 -0.000000  0.000000 -0.000000  0.491330  0.000000  0.000000 -0.066565  0.054900  0.117985  0.058613 -0.112423 -0.083143  0.005095  0.231633 -0.078992 -0.036001 -0.123550  0.096561  0.077336  0.336473  0.042221  0.177785  0.168435  0.104977 -0.117720 -0.014294  0.189400  0.068428 -0.404143 -0.039473  0.011945  0.030176 -0.017014 -0.211478 -0.141517  0.176415  0.062040  0.219634 -0.196100  0.036207 -0.141353 -0.088910
-0.031707 -0.406786  0.000000 -0.000000  0.000000  0.000000 -0.000000  0.000000  0.052837 -0.000000  0.208891  0.070520  0.092936  0.126700  0.033572  0.089528  0.180256 -0.210330 -0.062058 -0.171814  0.051630  0.199062 -0.140409 -0.393985 -0.155346  0.268490  0.320591  0.067998  0.041101  0.163594 -0.120541 -0.040996  0.042269 -0.001771 -0.062580  0.038669 -0.102498 -0.289202  0.080680  0.129847  0.008001  0.203524  0.040656 -0.029269 -0.059748  0.019736
-0.000000 -0.000000  0.000000  0.000000  0.000000 -0.000000  0.000000 -0.000000 -0.491330 -0.000000 -0.179183 -0.255571  0.164983 -0.026748  0.178707  0.042786  0.073703 -0.063555  0.015810  0.234472  0.079798 -0.274144 -0.043083  0.001268 -0.026808  0.001815  0.155896  0.080184  0.052597  0.160090 -0.024965  0.046921 -0.019141 -0.083239  0.090092 -0.024424 -0.216951 -0.058515 -0.031817 -0.363734  0.163087  0.234451 -0.215741 -0.112752  0.006027  0.219188
-0.000003  0.000006  0.491277 -0.000018  0.000002  0.000017  0.000004 -0.000000 -0.000001  0.000002  0.088959  0.398590 -0.237192 -0.033502  0.203867  0.193431  0.038228  0.170683 -0.028097  0.271381 -0.004989 -0.072253 -0.001332  0.131643  0.000393  0.067813  0.174461  0.065186 -0.312404  0.094372 -0.207651 -0.103872  0.050342 -0.074460  0.054496  0.209608 -0.071004  0.054775 -0.054728  0.067663 -0.050203 -0.111867  0.014298 -0.141095  0.032445  0.146277
-0.000020 -0.000028 -0.119385  0.000014  0.000010 -0.371730  0.000051 -0.000016  0.000001 -0.000035  0.314983  0.158799 -0.030293  0.194642  0.157307 -0.111041 -0.130420 -0.009197 -0.099757 -0.023397  0.108006  0.193524  0.125029  0.082481  0.141685 -0.304637  0.095498  0.107969  0.164092 -0.098109 -0.058410 -0.216701 -0.094065  0.027917  0.179297 -0.074804 -0.000400 -0.153837 -0.024211 -0.098088  0.144892  0.000821 -0.170812 -0.024256  0.435132  0.078660
 0.119991 -0.000000  0.000000  0.000000  0.000000  0.000000  0.000000  0.371339  0.000000 -0.000000 -0.191005  0.027668  0.163451  0.135187 -0.102973 -0.122191 -0.030437  0.016090  0.078438 -0.267417 -0.355935  0.052015 -0.014360 -0.214413  0.077944 -0.138394 -0.022718 -0.027083 -0.247593  0.187482 -0.139313 -0.147236  0.257564 -0.388947  0.089375 -0.065426  0.028999  0.166543  0.022309 -0.064935  0.035857 -0.061479  0.004637 -0.030454  0.159783  0.163619
-0.000000  0.000000  0.000000 -0.371339 -0.000000 -0.000000  0.000000 -0.000000 -0.119991  0.000000  0.097897 -0.025354  0.094566  0.001304  0.171147 -0.026045  0.078943 -0.267466 -0.069490 -0.053609 -0.147053  0.058579 -0.050723 -0.059006  0.279287 -0.113565 -0.244190  0.429554 -0.198807 -0.040752 -0.128034  0.020410 -0.034049  0.155930  0.127910  0.191130 -0.124987  0.157909 -0.036163  0.026844 -0.108997  0.072681 -0.079987 -0.027687 -0.166049 -0.340730
 0.491330  0.000000  0.000000  0.000000 -0.000000 -0.000000  0.000000 -0.000000  0.000000 -0.000000 -0.043574 -0.002219 -0.003203 -0.070582 -0.134192  0.150640 -0.209019 -0.111687 -0.046757  0.154231 -0.191216 -0.120049  0.068186 -0.092921  0.118293  0.262982  0.351833  0.029587  0.050238 -0.171121 -0.061458  0.004177  0.055607  0.115647 -0.154817  0.063119  0.170683  0.150595  0.065570 -0.094341  0.131801  0.017430 -0.123603  0.084901  0.264420 -0.318872
 0.119991 -0.000000  0.000000 -0.000000  0.000000 -0.000000  0.000000 -0.371339 -0.000000 -0.000000 -0.145955 -0.079958  0.075896  0.313327 -0.034338  0.145675  0.019986  0.290713 -0.123147 -0.133817 -0.185432  0.166964 -0.092273  0.172433 -0.013638  0.058643  0.141874 -0.105499  0.070634  0.264493  0.047983 -0.246550 -0.054308  0.092753  0.230247 -0.028045 -0.163068  0.045389 -0.070033 -0.209300 -0.326988 -0.069010 -0.018262  0.086760 -0.062502 -0.189999
 0.000002  0.000000  0.491282 -0.000010 -0.000011 -0.000000 -0.000006  0.000006  0.000008  0.000001  0.120343 -0.082538  0.050598  0.044192 -0.114751 -0.027128 -0.016031  0.159623  0.288706 -0.043158 -0.058501 -0.061526 -0.003455 -0.056545 -0.210820 -0.104365 -0.155960  0.218107  0.347763  0.080923  0.004636 -0.192585  0.038615 -0.064151 -0.130797 -0.145148 -0.169875  0.003068 -0.043445  0.088336  0.334476 -0.051216 -0.124175  0.084476 -0.063992 -0.286785
-0.000000 -0.000000 -0.000000 -0.000000  0.000000 -0.000000 -0.000000  0.000000  0.491330 -0.000000 -0.163384  0.092272 -0.010205 -0.091777  0.227109  0.168234  0.010609 -0.331888 -0.161008  0.089359 -0.317107 -0.145737  0.005730  0.051767  0.067489 -0.157220  0.061956 -0.040833  0.367460  0.034222  0.145684  0.018203 -0.094593 -0.236244  0.021907 -0.045269 -0.150176 -0.022459 -0.013394  0.018906 -0.020150 -0.010234 -0.123630 -0.209704 -0.144533  0.047156
 0.000000 -0.000000  0.000000 -0.000000  0.000000  0.000000 -0.000000 -0.491330 -0.000000 -0.000000  0.165291 -0.089511  0.051938 -0.033146 -0.205026 -0.362206 -0.096357 -0.042337 -0.171556 -0.011591 -0.056153 -0.020176  0.068196  0.140478  0.049849  0.174265  0.072642  0.160105 -0.169806  0.140484 -0.073335  0.083187 -0.182887 -0.344970 -0.040095 -0.168400  0.058188  0.120593  0.152066  0.165161  0.145210 -0.040823 -0.063826 -0.264831 -0.042725  0.058996
-0.000003  0.000009 -0.000008  0.000002  0.000013  0.491214  0.000023 -0.000016  0.000003  0.000007  0.070830  0.110391 -0.083935  0.199591 -0.058278  0.131435  0.256384 -0.116663  0.107662 -0.232128 -0.023727 -0.044750  0.060997  0.227160  0.131240  0.042488  0.064252  0.046408  0.037328 -0.293295 -0.096476 -0.201917 -0.075884  0.110766  0.173823 -0.164770  0.110202  0.050940  0.182185 -0.208472  0.292638  0.028025  0.114833 -0.088859 -0.118225  0.142048
-0.000012 -0.000023 -0.000040 -0.000008 -0.000013 -0.491129 -0.000005 -0.000007  0.000005 -0.000055  0.117835 -0.030283 -0.188841 -0.058265  0.026261  0.012389  0.412775  0.140251  0.032793 -0.195626 -0.130352 -0.103171 -0.231525 -0.013512  0.067515  0.005767  0.118191  0.085923 -0.028106 -0.124479  0.170015  0.057588 -0.165582 -0.133638 -0.282399  0.043172  0.062097  0.179309  0.035297 -0.318210  0.049272 -0.028554  0.197538  0.045785 -0.094850  0.007951
-0.000016 -0.000062 -0.000018  0.000045 -0.119448  0.000010  0.371640 -0.000026 -0.000005  0.000004  0.098704  0.063588  0.136746  0.244278 -0.093843 -0.072420 -0.083639  0.029957  0.060657  0.214861 -0.142286  0.067142 -0.245129 -0.155291 -0.126468 -0.214709  0.069810 -0.171826 -0.095998 -0.057911  0.014531  0.216149 -0.049954  0.157059  0.065817  0.060995  0.219669 -0.110984 -0.171791 -0.163820  0.182254 -0.195212 -0.013393 -0.370957 -0.210173 -0.115321
 0.000000 -0.000000 -0.000000  0.491330 -0.000000 -0.000000  0.000000 -0.000000 -0.000000 -0.000000 -0.003668 -0.047890  0.008638 -0.262147 -0.222258 -0.108749  0.465646 -0.127272  0.101398  0.034255  0.039062  0.101094  0.096512 -0.074489  0.087173 -0.119419  0.066665 -0.095676 -0.110051 -0.011518  0.020381 -0.140769 -0.021418  0.135536  0.114457  0.110946 -0.130876  0.067461  0.014306  0.065485 -0.097052 -0.150375 -0.380140 -0.140038  0.050703 -0.134595
 0.000008 -0.000043 -0.119465 -0.000092  0.000003  0.371662  0.000022  0.000004 -0.000001 -0.000028  0.061608  0.079896  0.131072 -0.185095  0.130963  0.005310 -0.020444  0.272319 -0.181184 -0.032808  0.200101  0.225508  0.000956 -0.194685  0.007414 -0.073738  0.174624  0.320123  0.162893  0.019893  0.294594  0.055056  0.036234 -0.204856  0.011720  0.257454  0.087700  0.172964 -0.054291 -0.129406  0.086630 -0.283761 -0.078030  0.100115 -0.036944  0.061702
 0.000000  0.491330 -0.000000  0.000000 -0.000000 -0.000000 -0.000000  0.000000  0.000000  0.000000  0.185930  0.172150  0.033681  0.187371  0.032525  0.062682 -0.048648 -0.128379  0.130997 -0.291841  0.210476 -0.410581  0.062356 -0.144508  0.037078  0.008280  0.201662  0.057868 -0.120258  0.205260  0.277072  0.019723  0.076299  0.026369 -0.010364 -0.106139  0.096536 -0.102148 -0.004282  0.057845 -0.184832 -0.020330 -0.161865 -0.034046 -0.075723 -0.080278
-0.000003  0.000003 -0.000001  0.000003 -0.491262  0.000012  0.000001 -0.000002  0.000000  0.000007 -0.001729 -0.010146 -0.331706 -0.017080 -0.180032  0.238923 -0.098998  0.194498 -0.032777 -0.007413 -0.051758  0.023613  0.159985 -0.336753 -0.043255 -0.032482 -0.211444  0.115268  0.035169  0.001852 -0.086372  0.039100 -0.241372 -0.057950  0.089824 -0.038341  0.130125 -0.014303  0.209526 -0.115647 -0.165040  0.204484 -0.253170 -0.057501 -0.070633  0.097894
 0.000000 -0.000000 -0.000000  0.491330  0.000000 -0.000000 -0.000000 -0.000000 -0.000000 -0.000000 -0.093891  0.183874  0.185463  0.109915  0.095564  0.031132 -0.193446  0.026281  0.035334  0.146491  0.028897  0.088475 -0.029001 -0.080842  0.014317 -0.225773  0.117667  0.283357 -0.120826 -0.125822  0.003729  0.115761 -0.083996  0.070824 -0.100610 -0.329988 -0.205426  0.213275  0.169146  0.010224 -0.122910  0.202608  0.271139  0.046989 -0.099784 -0.063619
 0.031707  0.406786 -0.000000 -0.000000 -0.000000  0.000000 -0.000000 -0.000000  0.052837  0.000000  0.005740 -0.123644  0.144962  0.030231  0.176814  0.087299  0.335354  0.159164 -0.442274  0.148405 -0.006309  0.119665  0.034528 -0.125719 -0.191117  0.084711 -0.113856 -0.006386 -0.062907 -0.200381 -0.088572 -0.184739  0.193835 -0.069964 -0.084109 -0.230159  0.158457 -0.035770 -0.118385  0.105077  0.065640  0.202789 -0.002487 -0.122622  0.025454 -0.099716
 0.000074 -0.000076 -0.055252 -0.000014  0.000015 -0.000004 -0.000034 -0.000001  0.000028  0.435806 -0.029207 -0.182037 -0.007504 -0.237739  0.187693  0.068849 -0.077424 -0.100681  0.087847 -0.110783 -0.132819  0.073471 -0.091549  0.190869 -0.310676 -0.214825  0.196946  0.178618 -0.110206  0.112309 -0.210570 -0.141509 -0.071804  0.161673 -0.137765 -0.123528  0.341936 -0.044936  0.022490  0.045730 -0.081260 -0.118892 -0.153657  0.118945 -0.103388  0.117360
-0.000000 -0.000000 -0.000000 -0.371339  0.000000 -0.000000  0.000000  0.000000  0.119991  0.000000 -0.299159 -0.108224  0.063479  0.213527 -0.012609  0.156958  0.178802  0.039580  0.047666  0.159676  0.236176  0.081527  0.043083 -0.148502  0.125298 -0.175608  0.105212 -0.091854 -0.164842  0.136421  0.073000 -0.046078 -0.293360  0.130913 -0.248635 -0.117783 -0.102178  0.115608  0.244247  0.212534  0.166932 -0.204003 -0.045778 -0.005454  0.147520  0.065336
 0.000000  0.000000  0.000000 -0.000000  0.000000  0.000000 -0.000000 -0.000000 -0.491330  0.000000  0.013699  0.071422 -0.009856  0.108670  0.152011  0.087988 -0.137476 -0.038289 -0.055502 -0.225937 -0.123021  0.074774  0.022313 -0.058165 -0.037732  0.054064  0.019755 -0.224938  0.141321 -0.401354 -0.039288 -0.034057 -0.103143 -0.112325 -0.256595 -0.023153 -0.196859  0.096592 -0.027863  0.246885 -0.165572 -0.274152 -0.182210 -0.136631 -0.110293  0.079403
 0.491330
