1 15
-0.258199 -0.475819 -0.272691 -0.082016 -0.151679  0.360409  0.570770 -0.097327  0.050348  0.196804 -0.148177  0.243026  0.082493  0.053008 -0.076099
 0.258199  0.068958  0.116988 -0.170363 -0.191501  0.165571  0.111461  0.240376 -0.189963 -0.212395 -0.484370 -0.020782 -0.207222 -0.567034 -0.266206
 0.258199 -0.074167 -0.427416 -0.123021 -0.157716  0.094486 -0.254056  0.332557 -0.239539  0.084682 -0.189711 -0.124486  0.525791  0.089161  0.347319
 0.258199 -0.242341  0.212936 -0.138004  0.411122  0.343785  0.035722  0.181326  0.025932 -0.512489  0.182414  0.318920 -0.023169  0.112599  0.278091
 0.258199  0.016806  0.427141  0.270832 -0.345896  0.290098 -0.120410  0.045630  0.140006  0.049504 -0.056727  0.108186  0.314644  0.383402 -0.417009
 0.258199 -0.039144 -0.063979  0.019648  0.403259  0.263949 -0.107263  0.318923  0.020346  0.665604  0.154508 -0.026702 -0.280425 -0.051295 -0.180332
 0.258199 -0.579455 -0.008010 -0.099749 -0.295174  0.025275 -0.266022 -0.322177 -0.068099 -0.039623  0.415930 -0.268490 -0.099823 -0.239354 -0.081679
 0.258199  0.124368 -0.205363  0.464517 -0.016147  0.038828  0.412365  0.150924  0.432075 -0.155126  0.240024 -0.318194  0.148953 -0.259217  0.079575
-0.258199  0.036118 -0.255323  0.280075  0.144704  0.095253  0.003880  0.174006 -0.577067 -0.277755  0.307950 -0.034574  0.093749  0.021282 -0.461158
-0.258199 -0.049119  0.012416  0.159945 -0.518492 -0.029167 -0.135102  0.539833  0.070327  0.003994  0.237350  0.278343 -0.360764 -0.017996  0.237868
 0.258199  0.058565  0.280379  0.118947 -0.055819 -0.298164  0.314605 -0.088202 -0.415807  0.281707  0.236474  0.407958  0.250996 -0.258409  0.184366
 0.258199  0.163368 -0.148593 -0.593378 -0.159603 -0.290035  0.315503  0.205095  0.072377 -0.070806  0.288675 -0.023674 -0.055590  0.316203 -0.289909
-0.258199  0.020301  0.487881 -0.169588 -0.047416  0.227559  0.268058  0.170424 -0.245139  0.103969  0.105246 -0.599846  0.044433  0.088276  0.244215
 0.258199  0.415205 -0.225592  0.086784 -0.228451  0.413038  0.081752 -0.383514 -0.263443 -0.011644  0.050446  0.012838 -0.383517  0.224660  0.236968
-0.258199  0.380680 -0.013792 -0.352202 -0.063044  0.392777 -0.183949 -0.105997  0.215417  0.052403  0.335293  0.178625  0.330729 -0.393854 -0.053640
 0.258199
