1 18
-0.235702 -0.249730 -0.324185  0.033504  0.312186  0.257471  0.074857 -0.182665  0.131577  0.016639  0.361622 -0.261205 -0.282302  0.051572 -0.243086 -0.157765 -0.436058  0.008333
-0.235702 -0.105742  0.131903 -0.145952 -0.358122  0.232565 -0.459232 -0.159354  0.034836  0.114670 -0.008825  0.048233 -0.104608  0.323448 -0.449522  0.072130  0.261660  0.260520
 0.235702  0.138955  0.123754  0.048547 -0.119385  0.027894  0.395188 -0.068788  0.402992 -0.251566  0.063316  0.035616  0.006818 -0.037356 -0.283012 -0.557110  0.230571  0.235563
-0.235702  0.120133  0.024675 -0.465362 -0.315848 -0.108044  0.160611  0.317437  0.050971  0.072507  0.536183  0.164880  0.064896 -0.171304 -0.132203  0.039787 -0.035745 -0.313715
-0.235702  0.136950  0.246602  0.203179 -0.111639  0.273456  0.187561 -0.080594  0.472069  0.517732  0.002865 -0.040385  0.068230  0.193007  0.387966  0.033242 -0.033790 -0.086443
-0.235702  0.109127 -0.169272 -0.108344 -0.208137  0.180111  0.198930 -0.367127 -0.274446 -0.086895 -0.291844 -0.253892 -0.132315 -0.054747  0.025650 -0.202591  0.279907 -0.518622
 0.235702 -0.251245 -0.110577  0.133179 -0.390905 -0.303329  0.068627 -0.344052 -0.152720  0.432643 -0.053599  0.180131  0.203935 -0.064276 -0.172800 -0.188811 -0.352000 -0.050014
 0.235702  0.074120  0.108016  0.217274  0.211549  0.260829  0.196305  0.313689 -0.231840  0.275674  0.004570 -0.221540  0.296538  0.152022 -0.507829  0.121913  0.111851 -0.234942
 0.235702  0.092718 -0.301874 -0.240606 -0.049510  0.382207  0.124587  0.301848 -0.018897  0.184210 -0.349033  0.433315 -0.391519  0.067222  0.007243 -0.054982 -0.159040  0.040108
-0.235702  0.316847 -0.264211 -0.009864  0.035951  0.245014 -0.056217 -0.022647 -0.229689  0.236186  0.042717 -0.046584  0.328198 -0.487015  0.046059 -0.137755  0.078038  0.473845
 0.235702  0.414893 -0.085285 -0.317793  0.063220 -0.298611 -0.326542  0.021111  0.294274  0.246604 -0.177805 -0.482239 -0.111953 -0.036451 -0.108757 -0.079384 -0.126101 -0.065791
 0.235702  0.023391  0.367438 -0.019351  0.238366  0.239020 -0.193922 -0.363391  0.106049  0.079275  0.096649  0.261530 -0.187118 -0.547132 -0.133439  0.145898  0.047369 -0.232233
-0.235702  0.214777 -0.164775  0.084612  0.401308 -0.453953  0.165247 -0.161602 -0.046416  0.300915  0.063423  0.337096 -0.237499  0.172230 -0.157068  0.033791  0.346908  0.029595
 0.235702  0.038971  0.322239 -0.008703 -0.062301  0.012710 -0.008260  0.045938 -0.481083  0.213591  0.369723 -0.201596 -0.418582  0.115063  0.276361 -0.284199  0.079109  0.162911
 0.235702  0.477310 -0.327175  0.321638 -0.126468  0.146602 -0.309045 -0.152122 -0.005084 -0.202808  0.361865  0.204888  0.107434  0.264617  0.088084 -0.017823 -0.042968 -0.210761
-0.235702  0.045012 -0.001168  0.605725 -0.264115 -0.136425 -0.160008  0.385782  0.059020 -0.001784 -0.095698 -0.049381 -0.379341 -0.337693 -0.154928 -0.073209 -0.025102 -0.098505
 0.235702  0.058695 -0.217257  0.061177 -0.301466 -0.009761  0.363964 -0.175382  0.062197 -0.019237  0.128575 -0.243216 -0.234296 -0.110036 -0.034180  0.643037  0.119658  0.244827
 0.235702 -0.480433 -0.399710  0.002136  0.028486  0.032636 -0.199153  0.150381  0.222035  0.211584  0.166184 -0.068128  0.054001 -0.114175  0.191198 -0.120910  0.527367 -0.134662
 0.235702
