3 47
 0.256477 -0.000000 -0.000000 -0.053522  0.026149  0.220187 -0.081614 -0.041510  0.186518  0.055971 -0.076844 -0.024161 -0.011177 -0.146834 -0.002665 -0.093907  0.123149 -0.018223  0.219485  0.205470  0.187785  0.216945  0.237234  0.156553  0.069565  0.110447 -0.170839  0.105090 -0.102886 -0.039965 -0.162443  0.263429 -0.232220 -0.164097 -0.188650  0.101526 -0.060058  0.033621  0.027283 -0.149734 -0.200955  0.067887 -0.068471  0.362256 -0.081106 -0.090720  0.119477
-0.000000 -0.256477  0.000000 -0.017304  0.111436  0.024504  0.027086  0.013894  0.057013  0.064066 -0.083011  0.125639  0.025181 -0.008469 -0.203105 -0.440433  0.176344 -0.180969  0.133977 -0.089026 -0.159699 -0.072011 -0.168154 -0.398911  0.043582 -0.092903 -0.105584  0.000619 -0.108571 -0.008932  0.130499 -0.019669  0.032021 -0.000050 -0.351796 -0.108677  0.238408 -0.036595 -0.129933 -0.055084 -0.169396  0.171490 -0.076398 -0.083775 -0.046911  0.033830 -0.078931
 0.000000  0.000000  0.256477 -0.021667  0.044050 -0.076397  0.048198 -0.044823 -0.168584  0.056274  0.286082  0.024767 -0.064403 -0.264476  0.029722  0.027864  0.027730 -0.068669  0.214600 -0.004965  0.099161  0.015590  0.017215  0.014447  0.116674 -0.085686  0.278884 -0.092200  0.094360  0.041147 -0.233616 -0.068527 -0.251570  0.120553 -0.040281  0.012486  0.041150 -0.042075 -0.362611  0.345571 -0.275877 -0.173523 -0.085538 -0.049241 -0.010463  0.201296  0.045160
 0.000000 -0.000000 -0.256477  0.300530 -0.225605 -0.118918 -0.127473  0.270110 -0.067201  0.037290  0.055616 -0.064810 -0.180125 -0.012000 -0.087111  0.054404  0.171163 -0.273671 -0.052108 -0.020228 -0.321249  0.019779  0.371474  0.194961  0.147700 -0.145014 -0.050709 -0.063377  0.085261 -0.118998  0.213478 -0.077102 -0.166856 -0.011736 -0.053949 -0.068504 -0.091944 -0.065081 -0.148798 -0.122088 -0.002917 -0.076109 -0.063338  0.050568  0.037593  0.083575 -0.133936
-0.256477  0.000000  0.000000 -0.211896 -0.087816 -0.167589  0.242326 -0.096786 -0.246181  0.202425 -0.019251 -0.096584 -0.067777  0.075035 -0.059005 -0.121366  0.178326  0.227015 -0.128620 -0.142141 -0.058540  0.064728 -0.003235  0.027207 -0.104826  0.086248  0.049266  0.039658  0.146376 -0.016773 -0.066821 -0.166786  0.170069 -0.329222 -0.122853  0.037758 -0.119479 -0.003557 -0.064150 -0.152219 -0.116003 -0.117565  0.021825  0.400191 -0.151639  0.184622 -0.021443
 0.000000  0.256477  0.000000 -0.203449 -0.140605  0.029569 -0.287998 -0.134856 -0.368190 -0.057982  0.182588 -0.020417  0.070898 -0.154860 -0.046290  0.031361  0.089926 -0.168452 -0.079188 -0.151998  0.029232  0.040366  0.116470 -0.044872 -0.234626 -0.080748 -0.121172  0.102848 -0.179050  0.120942  0.061721  0.198474  0.147135 -0.033103 -0.130622 -0.041488  0.103257 -0.391293 -0.017865  0.025646  0.041129 -0.115013  0.069786 -0.077044 -0.101244 -0.227296  0.108193
-0.000000  0.256477 -0.000000  0.057185  0.051240 -0.101164 -0.248898  0.000100  0.068276 -0.207298  0.329392  0.113451 -0.025611  0.218845  0.246358 -0.087397  0.173132  0.075356  0.234567 -0.090661 -0.194269 -0.095658 -0.123496  0.046446  0.080728 -0.099628  0.073420  0.053764  0.099787 -0.059837 -0.248168 -0.008004  0.142645  0.132783 -0.279602  0.120889 -0.034564  0.171242  0.105402 -0.195444  0.184652  0.028399 -0.143038  0.048667 -0.104427  0.064826  0.153988
-0.256477 -0.000000 -0.000000 -0.177272 -0.266891  0.273306 -0.200498 -0.019829  0.146349  0.040936  0.005323  0.100400  0.013488  0.015380 -0.264426  0.347854 -0.010887  0.170475 -0.164896 -0.130426 -0.128718 -0.215127 -0.050199 -0.036774  0.219375  0.087104 -0.084909  0.031305 -0.081726  0.070663 -0.103261 -0.006911 -0.185485  0.250130 -0.085613 -0.027920 -0.006836  0.066363  0.067567 -0.032778 -0.244873  0.056362  0.064075  0.012955 -0.269011  0.091707 -0.044543
 0.000000 -0.256477 -0.000000  0.074174 -0.146912  0.005083 -0.084393  0.011689 -0.018344  0.139577  0.065906 -0.083473  0.087334  0.224429  0.133955  0.047917  0.118525  0.200254 -0.003399  0.006603 -0.020074  0.218329 -0.034359  0.255392 -0.008854 -0.302766 -0.055821 -0.192416 -0.093501  0.225279  0.070493 -0.002857 -0.020628 -0.260640 -0.100086  0.105292  0.073761  0.117556 -0.079898  0.266025  0.009033  0.301846  0.158605 -0.212771 -0.221832 -0.046613  0.163004
 0.000000 -0.256477  0.000000  0.106268 -0.057868  0.062275 -0.079555  0.030782 -0.216924 -0.105553 -0.056773 -0.129890 -0.163699  0.224708  0.075259 -0.125862 -0.157990  0.015805 -0.050993 -0.156643 -0.026972 -0.118173  0.058674  0.174266  0.017373 -0.021227 -0.053741  0.176340 -0.052274 -0.223166 -0.387250  0.200671  0.099116  0.005369  0.023117 -0.413060  0.213499  0.061927  0.065328  0.127979 -0.168760 -0.011299  0.143669  0.075064  0.201524  0.024976  0.076102
-0.000000 -0.000000  0.256477 -0.090595  0.072065 -0.085960  0.202659  0.175845 -0.018096  0.105162  0.018496 -0.098330  0.144755  0.120153 -0.045860 -0.033439  0.082720 -0.317203 -0.064762 -0.015234  0.151468  0.013657  0.173102  0.302472  0.110952  0.128100 -0.173202  0.088078 -0.039155  0.094070 -0.021992 -0.249618  0.251811  0.310465 -0.092704 -0.048638 -0.051823 -0.087040  0.255915  0.155955 -0.045468  0.193354 -0.232232 -0.012697 -0.132925  0.045350  0.034684
-0.000000  0.256477 -0.000000  0.089548  0.015445  0.036937 -0.229144  0.093332  0.011334  0.035427 -0.143538 -0.108866  0.038420 -0.077835  0.111485 -0.097906 -0.121791  0.088091  0.009315  0.114170 -0.099124  0.171661 -0.021597  0.094846  0.085833  0.197316  0.030864 -0.062310 -0.019627 -0.037651 -0.088884 -0.335659  0.245296 -0.074295 -0.167614  0.159600  0.126832  0.034163  0.013428 -0.055404 -0.437385 -0.136061  0.187325 -0.254198  0.102779 -0.183748 -0.220008
-0.000000  0.256477  0.000000  0.219675  0.103305  0.144711  0.175538 -0.074341  0.094452 -0.154203  0.004999 -0.177614 -0.256171  0.050240 -0.004022  0.096874  0.039320  0.238296 -0.069623 -0.181315  0.336899  0.108958  0.131975 -0.109827  0.149649 -0.211201 -0.072703  0.288688 -0.017992  0.062679  0.126414 -0.048895 -0.006919 -0.098721 -0.159987 -0.101932  0.231551  0.036014 -0.009186  0.069535  0.069439 -0.081837 -0.178078 -0.096684 -0.128449  0.080637 -0.256595
 0.256477 -0.000000  0.000000 -0.080421  0.053121  0.099126 -0.018490  0.082186  0.063775 -0.146067 -0.087902  0.049807 -0.438194 -0.290380 -0.122177  0.065300 -0.032981 -0.039406 -0.113505 -0.126726 -0.155455 -0.000027  0.181545 -0.178223 -0.002008  0.119231 -0.089418 -0.133593  0.109473  0.073387 -0.201313 -0.111239  0.310741 -0.091348 -0.050513  0.106111 -0.100046  0.107810 -0.081840  0.254369  0.191639  0.214361  0.149408  0.022084 -0.063013  0.066192  0.143104
-0.000000  0.000000  0.256477  0.116245 -0.261163  0.076020 -0.049978 -0.217355 -0.096128  0.136202 -0.134335 -0.069598  0.178208 -0.295817 -0.053081 -0.245721 -0.103152 -0.061960 -0.042708 -0.179472 -0.000211 -0.023174 -0.070083  0.108550  0.243301 -0.265383 -0.083441  0.114288 -0.090333 -0.069651 -0.202638 -0.150790 -0.006323  0.038386  0.138488  0.159209 -0.045492  0.155553 -0.122232 -0.145946  0.334786  0.068506  0.015175  0.064833  0.026906 -0.117474 -0.165389
-0.256477  0.000000 -0.000000  0.125477 -0.354027  0.029818  0.242473  0.082575 -0.124145 -0.208057 -0.007196  0.111176 -0.125224 -0.072104  0.114823 -0.118285  0.082805 -0.071607  0.204939  0.186089  0.119836 -0.291700  0.096284 -0.113460  0.173706  0.048929  0.137350 -0.001031  0.047113 -0.024553  0.003980  0.179409  0.159874 -0.184839  0.160343  0.114388 -0.068722  0.000219  0.140207  0.054740 -0.149459  0.121312 -0.051695 -0.106982 -0.238935 -0.273973 -0.039798
-0.000000  0.000000  0.256477 -0.056666 -0.069309  0.106199 -0.049663  0.258361  0.046337  0.357430  0.003660  0.179983 -0.240681 -0.050050  0.330050  0.103322  0.036184  0.072535 -0.031455 -0.145472 -0.059971  0.116114 -0.012538 -0.105754  0.031589 -0.007890  0.159174 -0.118686 -0.054247 -0.006799  0.178425 -0.043669  0.050072  0.095364  0.109564 -0.142756  0.315180  0.030215  0.042780 -0.057471  0.039419 -0.020374 -0.155877  0.287833  0.031931 -0.321910  0.076633
 0.000000 -0.000000 -0.256477 -0.025176 -0.192153 -0.021407  0.052191 -0.090836  0.301161  0.032639 -0.020900 -0.067525 -0.116558  0.063411  0.169135  0.026140 -0.082647 -0.006887  0.041991 -0.133430  0.071848  0.042845 -0.160849  0.043120 -0.087072 -0.096435  0.045933  0.079471  0.103783  0.225668 -0.176805 -0.011946  0.138251  0.148240  0.014768 -0.067465 -0.223421 -0.385085 -0.319185 -0.064315 -0.159644  0.302389 -0.152193  0.066514  0.175327 -0.141938 -0.128503
 0.000000  0.000000  0.256477 -0.078611  0.051277 -0.137391 -0.153024 -0.183284 -0.034007 -0.183192 -0.278960 -0.350992 -0.156451  0.138696 -0.104395  0.243670  0.243049 -0.042103  0.028772  0.177960 -0.032437 -0.075751  0.054025 -0.148661 -0.180722 -0.239110  0.055364 -0.049494 -0.075636 -0.214707 -0.038045 -0.186473 -0.028669  0.050409  0.179287  0.083938  0.058726  0.024507 -0.066645 -0.155153 -0.169358  0.163535 -0.170828 -0.006842  0.006056 -0.092453  0.151368
-0.000000 -0.000000  0.256477  0.162009 -0.016677  0.029504  0.095317  0.079040  0.133025  0.033404 -0.133916  0.127837  0.178363 -0.222497 -0.023639  0.131223  0.266787  0.143362 -0.194360 -0.035394 -0.208589  0.145882 -0.081446  0.011762 -0.041702 -0.233478 -0.038203  0.030802  0.276132 -0.157644 -0.105408  0.353595  0.154027 -0.048024 -0.051364  0.072636 -0.063021 -0.206989  0.235628  0.074872 -0.132681 -0.039076 -0.111193 -0.129792  0.184966  0.127398 -0.020423
 0.000000  0.256477  0.000000  0.031693 -0.166467 -0.040630 -0.083401  0.026956 -0.034144  0.206456 -0.074072  0.097738 -0.130369  0.169959 -0.106870 -0.077397 -0.168982 -0.141046  0.037333  0.197548  0.048009  0.064493 -0.083688 -0.147363  0.144527 -0.226283  0.006209  0.376388  0.098791  0.140921  0.191147  0.022980  0.085086  0.054288  0.099672  0.197739  0.049735  0.033264  0.060208  0.101235 -0.138620  0.055876  0.213419  0.136400  0.180514  0.265463  0.321391
 0.256477  0.000000  0.000000 -0.244257 -0.093788 -0.247613  0.107863 -0.010148  0.102737  0.089640  0.122163  0.235808 -0.048686 -0.156823  0.013247  0.122912 -0.138528 -0.020283 -0.029998  0.261943 -0.031298 -0.180666  0.020208  0.217549 -0.223238 -0.204138 -0.143773  0.150561  0.072164 -0.014726 -0.021664  0.056090  0.168020 -0.047111  0.043757 -0.131529  0.260836  0.234946 -0.126604 -0.207721 -0.097668  0.001372 -0.014806 -0.119566 -0.194566  0.076235 -0.217227
-0.000000 -0.256477 -0.000000 -0.011717  0.170150 -0.267820  0.065660 -0.074857 -0.037059  0.010760 -0.167264 -0.067847 -0.240651 -0.200433  0.017750  0.018306 -0.127617  0.116486  0.027452 -0.215286 -0.018103  0.048790 -0.005490  0.211892  0.224121  0.079585  0.187145  0.193601 -0.013145  0.009405  0.187596  0.171583  0.007421  0.187093 -0.115343  0.133128 -0.033844 -0.109070  0.004299 -0.314427 -0.032132 -0.047770  0.098515 -0.255334 -0.164509 -0.061379  0.291668
-0.000000  0.000000  0.256477 -0.040459 -0.095794 -0.118178 -0.043212  0.050406  0.121386 -0.102060  0.026639 -0.224734  0.199915  0.134123 -0.026659  0.003246 -0.509622  0.052713  0.169551  0.010304 -0.111985  0.104268  0.172867 -0.192441  0.128293  0.003104 -0.115782 -0.180886  0.354838 -0.094949  0.048546  0.092637  0.007243 -0.067106 -0.053787 -0.060275  0.135537 -0.257867 -0.054257 -0.044501  0.076447  0.029624  0.017569  0.111198 -0.243122  0.021736 -0.002972
 0.000000  0.057642 -0.198835  0.008594 -0.055392  0.365456  0.123651 -0.147240  0.143018  0.293418 -0.136747 -0.187387  0.051769  0.065304  0.148333 -0.188577  0.030318 -0.028873 -0.019371  0.141120 -0.215637  0.015490  0.172580 -0.053045 -0.180925  0.006453  0.147907  0.076604  0.029332 -0.152615 -0.085736  0.033702  0.109812  0.216233  0.081651 -0.023785  0.014324  0.000954 -0.124955  0.096544  0.104990 -0.247171 -0.096128 -0.202580 -0.327055  0.088865  0.188727
-0.000000  0.000000 -0.256477 -0.116644  0.063964 -0.307779 -0.264656  0.120239  0.028881  0.148442 -0.205657 -0.016554  0.173253 -0.046201 -0.077404  0.110497  0.125088  0.060842 -0.015246  0.102742  0.012069 -0.069820 -0.049088 -0.011869  0.223579  0.178032  0.229578  0.289337  0.031530 -0.132147 -0.151993  0.021056 -0.016059 -0.173370  0.010080  0.025949  0.238509 -0.125117 -0.058925  0.307816  0.241242  0.121892 -0.171752  0.040458 -0.075052 -0.064890 -0.088316
-0.000000 -0.256477  0.000000 -0.357090 -0.106033  0.022201  0.002044 -0.037703 -0.003621 -0.052546  0.013926  0.070975 -0.226027  0.108927  0.246209  0.038375  0.013447 -0.005630  0.200801  0.076196 -0.107588  0.195869  0.039546 -0.073174  0.156962 -0.074979 -0.137775  0.031733 -0.295910 -0.104479 -0.068648 -0.067913  0.005454 -0.004017  0.102273  0.237489 -0.007981 -0.274073  0.197283  0.038687  0.114478 -0.168187  0.010785 -0.086799  0.072394  0.273764 -0.295822
-0.256477  0.000000 -0.000000  0.045287  0.320886  0.112934 -0.189271  0.315656 -0.116578 -0.062947 -0.241583  0.044503  0.085395 -0.138580  0.144611 -0.062839  0.041126  0.069361  0.127735  0.035925 -0.011186 -0.073100  0.099268  0.015272 -0.019439 -0.110399 -0.149281  0.021724  0.026098  0.446765 -0.161379 -0.015115  0.018799 -0.061761  0.302669 -0.101224  0.043246 -0.090407 -0.094598 -0.224058  0.008623 -0.005487 -0.038912 -0.008827 -0.117157  0.242052  0.031041
-0.000000  0.256477 -0.000000  0.004855  0.100551  0.168864  0.249875 -0.173964 -0.344986  0.069724 -0.061170  0.160000  0.001182  0.113135  0.043266  0.127135 -0.181663 -0.040144 -0.110715  0.114781 -0.231192  0.064928  0.106253  0.050898  0.122606  0.118612  0.173290 -0.121070 -0.132142  0.011959 -0.094297  0.121971 -0.106091 -0.089171 -0.120915  0.023571  0.152795 -0.067841 -0.065769 -0.191956  0.051629  0.427274 -0.168272 -0.114665  0.140826  0.145705 -0.028343
-0.000000 -0.256477  0.000000 -0.093486 -0.121536  0.255893 -0.169289  0.221192 -0.186831 -0.119833  0.225649 -0.251209  0.052355 -0.220996  0.194149 -0.004592 -0.091978  0.098457 -0.266241  0.285559  0.143361 -0.012263 -0.156089 -0.090657  0.029266  0.060463  0.021739  0.153522  0.072965 -0.127887  0.196443 -0.059746  0.098061 -0.005150 -0.172600 -0.000124 -0.113736  0.054483 -0.113240 -0.111335  0.033759  0.123598 -0.233188 -0.028066  0.100528  0.170465  0.086590
-0.256477  0.000000  0.000000 -0.221062  0.162411 -0.142128 -0.054167 -0.134922  0.211877 -0.134757  0.140444 -0.060485  0.017828 -0.130014  0.095552 -0.320356 -0.083874  0.117592 -0.301696  0.117156 -0.193721 -0.017445  0.407098 -0.016137 -0.002630 -0.201917  0.203118  0.059685 -0.059174  0.153563  0.062503  0.052704 -0.108098  0.096211 -0.019344  0.007088 -0.017273  0.101094  0.157130  0.149137 -0.068782  0.124769  0.032535  0.108243  0.135948 -0.117813 -0.095789
 0.198835 -0.057642 -0.000000  0.020882 -0.114688 -0.193640 -0.059863 -0.050073 -0.098665 -0.002516 -0.098352 -0.146648  0.046625  0.100411  0.314011  0.033826  0.104672 -0.332142 -0.303710 -0.115976  0.051259  0.178406 -0.042429 -0.317226  0.040298  0.145914  0.047076  0.005218  0.154119  0.273034 -0.152147  0.208454 -0.155169  0.063391  0.027380  0.056498 -0.003155  0.254969  0.087585 -0.092616 -0.098834 -0.036663  0.037430 -0.045857 -0.160485  0.063796 -0.188097
-0.256477  0.000000 -0.000000  0.216351  0.112662 -0.114532 -0.140993 -0.048794 -0.097068  0.171962 -0.127119  0.014130 -0.167841 -0.135094  0.129466  0.101309 -0.372622 -0.110346  0.124869 -0.052261 -0.111508 -0.006354 -0.131357 -0.014758 -0.352053 -0.018450 -0.179929  0.097456 -0.111796 -0.089424  0.037110  0.054622 -0.107205 -0.044888 -0.177641  0.095304 -0.219205  0.129049  0.149470  0.239422 -0.057739  0.060228 -0.270721  0.066978 -0.155999  0.005428 -0.112347
 0.198835  0.057642 -0.000000  0.196473 -0.267619 -0.266029  0.145268  0.138875 -0.124560 -0.028002 -0.208309  0.112150  0.108227 -0.080696  0.175200 -0.049477  0.030806  0.394000 -0.017791  0.132300  0.061780 -0.125438  0.161160 -0.198682 -0.168049  0.017503 -0.089492 -0.000173 -0.203796  0.016330 -0.092912 -0.169072 -0.183237  0.286898 -0.229437 -0.055659 -0.031254 -0.147599  0.028058  0.022827  0.059640  0.043226  0.141917  0.049788 -0.005188  0.071976  0.092724
-0.256477  0.000000 -0.000000  0.050734 -0.158295 -0.042482  0.145584  0.277509  0.313082 -0.029978  0.093307 -0.118070 -0.069418 -0.075588 -0.091608 -0.010189 -0.105501 -0.256505 -0.157121 -0.044630  0.138880  0.005267 -0.063806  0.027538 -0.247197 -0.005052  0.134296 -0.046498 -0.165194  0.002413 -0.291596 -0.058203 -0.166188 -0.180741 -0.132487  0.214917  0.309988 -0.092673  0.087064 -0.173383  0.124317 -0.052682  0.039846 -0.077306  0.059021  0.092790  0.192242
-0.000000  0.256477 -0.000000 -0.187864 -0.100137 -0.088618 -0.033558  0.196225  0.062862 -0.309485 -0.212470  0.164720  0.041541  0.071155  0.064300 -0.261731 -0.049313  0.033119 -0.187556 -0.239521  0.080620  0.143263 -0.096574  0.158797 -0.002619  0.035911 -0.059639 -0.140251 -0.196687 -0.264164  0.161531  0.165618 -0.023423  0.043420  0.177192  0.095627 -0.017518  0.091759 -0.289503  0.125471 -0.130674  0.022397 -0.173458  0.010208 -0.121506  0.164631  0.070210
 0.000000  0.000000  0.256477 -0.055037 -0.089879  0.076319 -0.212195 -0.141911  0.004212 -0.006990 -0.169019  0.215164 -0.327386  0.170376  0.001147 -0.287087  0.057095  0.014863 -0.178505  0.164304  0.079572 -0.120988 -0.075585  0.219631 -0.096905  0.150740 -0.061189  0.004448  0.379131  0.090007  0.023701 -0.110910 -0.312104 -0.071803 -0.092126 -0.045527  0.002907 -0.196616  0.030487  0.032142  0.151983 -0.056482 -0.076122 -0.177531 -0.008052 -0.047828 -0.031838
 0.000000  0.256477  0.000000 -0.042131  0.011755 -0.125559  0.047998 -0.110653  0.140025  0.046155 -0.077501 -0.253489 -0.129656 -0.197328  0.156120 -0.022585  0.043610 -0.110967 -0.081662  0.225424 -0.073560 -0.122960 -0.349397  0.065215  0.306528 -0.090814 -0.066786 -0.264900 -0.204183  0.038410  0.030020  0.055905 -0.000264 -0.134870 -0.079576 -0.417553 -0.105745 -0.098891  0.124745  0.047973  0.045145 -0.068425  0.089725  0.058191 -0.087277  0.111511  0.104221
-0.000000 -0.000000  0.256477  0.280211  0.166956 -0.127875 -0.134336 -0.042356  0.180231  0.228327  0.338502  0.114872 -0.050004  0.124636  0.053852 -0.046946  0.035413  0.039161 -0.238973  0.029109  0.038908 -0.059274  0.111836 -0.172345  0.051692  0.194553 -0.095475  0.151222 -0.255636 -0.185205 -0.064547  0.016772  0.051740 -0.178687  0.234473 -0.022378 -0.205608 -0.175124 -0.184382 -0.097041 -0.065620  0.115253  0.116759 -0.114221 -0.132407  0.056752  0.007325
-0.256477  0.000000 -0.000000 -0.084966 -0.203758 -0.178618  0.036269 -0.213353  0.128129  0.037334 -0.015536  0.032013  0.072874 -0.065126  0.116150  0.091708  0.064144  0.025221  0.120424 -0.055481 -0.040439  0.069460  0.192725 -0.103530  0.108383  0.246063 -0.383342  0.037678  0.033791  0.088768  0.012649 -0.023348  0.017256 -0.118384 -0.014175 -0.132455  0.057200  0.236835 -0.142303  0.013321  0.038701 -0.103446 -0.233278 -0.242532  0.349251 -0.014282  0.299504
 0.000000 -0.256477  0.000000  0.282217 -0.040715 -0.010698 -0.068843 -0.272803  0.059566 -0.284007 -0.109218  0.337496  0.099672  0.056083 -0.040523  0.117755 -0.123594 -0.115103 -0.206749  0.191954 -0.018339  0.138359  0.006338  0.035981  0.090955 -0.033903  0.149648 -0.034933 -0.160599  0.171752 -0.018175 -0.141691  0.251666 -0.044207 -0.089619 -0.023337  0.065269 -0.070817 -0.076478  0.018851 -0.022144 -0.283954 -0.198607  0.246536 -0.114932  0.002713  0.115932
-0.000000 -0.057642 -0.198835  0.123892  0.087860 -0.006509 -0.126404 -0.267063  0.009571  0.162619  0.015864 -0.045023  0.006892 -0.075478  0.190398 -0.018763  0.032552  0.007390 -0.099997 -0.104175  0.257761 -0.394469  0.106885  0.062612  0.052215  0.006613 -0.176102 -0.352867  0.116058 -0.092127  0.100429  0.065578  0.127814  0.092382  0.014379  0.334556  0.301991 -0.112375  0.056232  0.017810 -0.090365  0.041341 -0.018200  0.142325  0.072768  0.203718  0.000195
 0.000000  0.000000 -0.256477  0.069326 -0.042961 -0.154890 -0.077535 -0.005789 -0.155725  0.123259  0.203391  0.006620 -0.182849 -0.062745 -0.349269 -0.205299 -0.066569  0.215999 -0.074245  0.141155  0.110509  0.344244 -0.079743 -0.099417  0.058655 -0.052545 -0.118297 -0.243790  0.034200  0.003061 -0.218491  0.019182  0.014298  0.177498  0.234717 -0.053133  0.050945  0.005087  0.230640 -0.084786 -0.035929  0.021840 -0.291378 -0.095740 -0.080619 -0.064852  0.060022
-0.256477 -0.000000  0.000000  0.019808  0.208607 -0.027155  0.213561  0.112903 -0.094690 -0.047248  0.028049 -0.035951 -0.107952  0.105636  0.027491  0.077970  0.081708 -0.022548 -0.167087  0.298395 -0.077273  0.065416 -0.154297  0.008587  0.105989 -0.013535 -0.366468  0.022996  0.056577 -0.040352 -0.112356  0.178251 -0.007234  0.266151 -0.107910  0.227587  0.098930  0.005781 -0.343550  0.074864  0.116663 -0.106230  0.178959  0.132454 -0.009339 -0.298440 -0.056103
 0.000000 -0.000000 -0.256477 -0.115318  0.173110  0.066960  0.123373 -0.038611 -0.057035 -0.070618  0.018412  0.241415  0.123118 -0.079434  0.243183  0.071130 -0.059572 -0.146930 -0.145691 -0.117741  0.050083  0.073081 -0.009056 -0.096551  0.120092 -0.249217 -0.158517  0.100104  0.221966 -0.291576 -0.093154 -0.375142 -0.237627 -0.130331  0.051486 -0.069079 -0.031758 -0.098860  0.124228 -0.016852 -0.140460  0.070375  0.085007 -0.041547 -0.137220 -0.165855  0.238819
 0.256477  0.000000  0.000000 -0.155939  0.083831 -0.000554  0.049553  0.219864 -0.052226  0.170276 -0.053963 -0.042230  0.016688  0.238156 -0.074674 -0.011465 -0.194429  0.073675 -0.144819 -0.064907 -0.009500 -0.357888  0.074106 -0.095174  0.166171 -0.231671 -0.034648 -0.080287 -0.109944  0.147717 -0.126091  0.066798 -0.015710 -0.195039 -0.117373  0.179873 -0.232283  0.010708 -0.030997  0.000280 -0.073288 -0.307779 -0.295567 -0.102833  0.113257 -0.200229  0.090650
 0.256477 -0.000000  0.000000  0.128096 -0.039148  0.028769  0.171761 -0.044277 -0.006972 -0.176491  0.190726 -0.201348  0.012691 -0.079859  0.020059 -0.084901  0.012984  0.104939 -0.023371 -0.075811 -0.441834 -0.118282 -0.212659  0.093198 -0.030141  0.198433 -0.168338  0.217289 -0.038230  0.200326  0.082323 -0.110986 -0.176691 -0.081313  0.272414  0.178812  0.236075 -0.117619  0.079341  0.105958 -0.137895 -0.003668 -0.166970  0.120184 -0.043993 -0.044647  0.090698
 0.256477
