5 16
 0.064807  0.456949 -0.017194  0.026647 -0.011333 -0.015853  0.344757  0.127938  0.278080 -0.307479 -0.016767 -0.574159  0.019094  0.310864  0.195179 -0.116103
 0.064807 -0.456949  0.017194  0.026647  0.011333  0.046158  0.217960  0.601283 -0.006013  0.270434 -0.301720 -0.204182 -0.275872  0.207093 -0.223151  0.000391
-0.570923 -0.000000 -0.000000  0.006007 -0.000000 -0.339626 -0.073594  0.303695 -0.266324 -0.426146  0.178325  0.050285 -0.153673  0.116311  0.013270  0.369920
 0.000000  0.000000  0.000000  0.576930  0.000000 -0.100806 -0.103902  0.008253 -0.360710  0.215723  0.335706 -0.456177  0.261391 -0.128218 -0.238841 -0.082899
 0.000000  0.000000  0.576930  0.000000  0.000000 -0.231368 -0.048141  0.157956  0.141185 -0.187765 -0.288978  0.139392  0.581765  0.037356 -0.277716 -0.106081
 0.000000 -0.544933  0.000000  0.000000 -0.031997  0.048201 -0.046866 -0.233059  0.402761 -0.411484  0.056864 -0.367887 -0.029277 -0.364440 -0.101061  0.170853
-0.000000  0.534269  0.029411 -0.000000 -0.013250  0.102200 -0.156247  0.167131  0.167821  0.074579 -0.185715 -0.058797 -0.282139 -0.460468 -0.460867  0.273899
-0.000000  0.000000 -0.000000 -0.000000  0.576930 -0.380419  0.046909 -0.131227 -0.183394  0.114079 -0.461355 -0.193764 -0.015551 -0.284187  0.342756  0.086525
-0.576888 -0.000000  0.000000  0.000042 -0.000000 -0.024510  0.393116  0.126644  0.348298  0.335399  0.191527  0.090545  0.123809 -0.351984  0.127730 -0.248594
-0.000000 -0.000000  0.000000 -0.000000 -0.576930 -0.111127 -0.334143  0.142024  0.124560  0.289116 -0.178350 -0.170680  0.190622 -0.049044  0.467764  0.324642
-0.000000  0.000000 -0.576930 -0.000000  0.000000 -0.514510 -0.009775 -0.169976  0.320025  0.154879 -0.068967  0.071203  0.161251  0.268827 -0.360958  0.093028
 0.000000  0.000000  0.576930 -0.000000  0.000000 -0.290200  0.050111 -0.350558  0.178751  0.321619  0.237970 -0.076217 -0.397341  0.258037 -0.047281  0.181675
-0.000000 -0.000000 -0.000000 -0.576930  0.000000  0.156890  0.348168 -0.104343 -0.290651  0.169917  0.126545 -0.220175  0.352654 -0.010385 -0.178287  0.419917
-0.000000 -0.000000  0.000000 -0.000000 -0.576930 -0.273095  0.384749 -0.254866 -0.339725 -0.142576 -0.287491  0.005938 -0.203863 -0.206394 -0.117036 -0.251594
-0.576929 -0.000000 -0.000000  0.000000  0.000000  0.364002 -0.257048 -0.345254 -0.054159  0.082173 -0.403758 -0.227732 -0.000572  0.295042 -0.143995 -0.130491
-0.000000 -0.000000  0.000000  0.576930  0.000000  0.259834  0.426817 -0.149448  0.060241 -0.039682 -0.196321  0.271422  0.104714  0.092723  0.061698  0.504327
 0.576930
