2 30
 0.258199 -0.000000  0.108317 -0.004631 -0.221661 -0.075624  0.296121  0.076155  0.124559  0.155076  0.058397  0.051815  0.097042  0.340657  0.082877 -0.093826  0.157421 -0.159757  0.070438  0.122147 -0.413255  0.283371  0.119398 -0.249420  0.012162  0.031673 -0.157528 -0.229143  0.271535  0.191075
-0.258199 -0.000000  0.145167 -0.108261  0.167162  0.129552  0.080528 -0.174719 -0.081861 -0.081055 -0.307056 -0.057171 -0.020248  0.002738 -0.058521 -0.112381  0.010648  0.263068  0.275927  0.354135 -0.484853 -0.178011  0.024354 -0.171415 -0.046147  0.127731  0.054316  0.246619  0.029474 -0.202013
 0.258199 -0.000000  0.027137 -0.115982  0.029926  0.183546 -0.168320 -0.249654  0.133261 -0.189956 -0.106678 -0.136749  0.058457  0.007346  0.029355  0.106738  0.144612 -0.338650  0.228400 -0.127089  0.081488 -0.086692  0.129279 -0.060579 -0.412616  0.395867 -0.226851  0.088006 -0.212893  0.155909
 0.258199 -0.000000 -0.135633  0.071989  0.143933  0.118449  0.271825  0.145702 -0.040604 -0.079423 -0.002705 -0.192531  0.029825 -0.180180 -0.200722  0.311276  0.035123  0.015881 -0.230359  0.029728 -0.127637  0.005664  0.062940  0.081318  0.218651  0.225362  0.236942  0.401784  0.171167  0.369490
-0.000000 -0.258199 -0.248643  0.144302 -0.190487 -0.038631  0.006370 -0.026618 -0.034305  0.276728 -0.004576  0.382427 -0.322472 -0.162905  0.143319  0.410829  0.001308  0.065651 -0.027442  0.015564 -0.056420 -0.210884  0.147678 -0.291577  0.060828  0.141770 -0.256524  0.072155 -0.056052 -0.102702
-0.258199 -0.000000 -0.048947  0.354120  0.066718  0.034179 -0.004456 -0.044792  0.085432 -0.153676  0.313966 -0.101806 -0.205209  0.252521 -0.296742  0.118666 -0.000172 -0.005181 -0.042560  0.007850  0.015811 -0.050290 -0.421333 -0.054229 -0.213226  0.264787 -0.127840 -0.083858  0.346203 -0.077921
-0.000000 -0.258199 -0.131019 -0.003064 -0.152771  0.139783 -0.070592 -0.243676 -0.239974 -0.003347 -0.086662 -0.177237 -0.004588  0.027391  0.063532 -0.224579  0.356371  0.109224  0.180118 -0.239944  0.142627 -0.231247  0.093251  0.153109  0.278256 -0.052838 -0.137805 -0.014854  0.464157  0.085911
 0.258199  0.000000  0.019329  0.286594 -0.103476 -0.269196 -0.343696 -0.210669 -0.038908  0.065939  0.099763 -0.030526 -0.176906 -0.088483  0.000600  0.038052 -0.222780  0.069903  0.431641 -0.012008 -0.088288  0.294224  0.122397  0.099165 -0.021197  0.077432  0.391064  0.066956  0.146604 -0.048140
-0.258199  0.000000  0.313061  0.400418 -0.108901  0.150138  0.096641 -0.004901  0.087919  0.251036 -0.197319 -0.086494  0.270457 -0.216402  0.034573  0.047773 -0.077380 -0.240498 -0.034636 -0.226280  0.071450 -0.153008  0.112098 -0.270766 -0.204141 -0.154119  0.241028  0.030222  0.185444  0.034042
-0.000000  0.258199 -0.187452  0.028570  0.283938 -0.163630 -0.088614  0.086605  0.152160 -0.053589 -0.080739 -0.011502 -0.070824 -0.537211 -0.161174 -0.192091  0.119256  0.039612  0.109945  0.213456  0.151322  0.065734  0.092537 -0.303813  0.013107 -0.023733 -0.198268 -0.262110  0.208450  0.178161
-0.258199  0.000000  0.132416 -0.144574  0.328643 -0.170126 -0.175776 -0.025041  0.085849  0.388886  0.290807  0.199323  0.380267  0.099526 -0.049799  0.143496  0.047931  0.036595  0.274827 -0.072298 -0.004101 -0.091163 -0.043853  0.068675  0.203196  0.150491 -0.076179  0.097035 -0.018577  0.295099
-0.000000  0.258199  0.163150 -0.282185 -0.101263 -0.092834  0.106510 -0.055963  0.039590 -0.087881 -0.048364  0.203498 -0.064725  0.138342 -0.480690  0.103670 -0.083960  0.124387 -0.059977 -0.286829  0.104684 -0.152703  0.432464 -0.032877  0.050204  0.183376  0.129169 -0.185410  0.148863 -0.188194
 0.258199  0.000000  0.128301 -0.098940 -0.039741  0.376181 -0.026641 -0.203514  0.150936  0.141151  0.019863  0.386441 -0.159998 -0.072941 -0.186051 -0.022344  0.155593  0.278818  0.002632  0.012236 -0.017566 -0.067035 -0.302626  0.037078 -0.240225 -0.275720  0.197756 -0.068180  0.001665  0.293327
 0.000000  0.258199  0.091152 -0.052249 -0.375802  0.191920 -0.059039  0.348248  0.486307 -0.103515  0.224842 -0.137038 -0.025583 -0.150301  0.236384  0.046603  0.086181  0.141248  0.243755  0.007999 -0.036643 -0.239519 -0.058396  0.078571  0.194772  0.097365  0.036106  0.047682  0.017761 -0.123173
 0.000000  0.258199  0.084103  0.190319  0.227591 -0.007653  0.128400  0.173837 -0.068237  0.278916  0.036029 -0.094691 -0.491287  0.094748 -0.153378 -0.117573  0.331175 -0.242162  0.171565 -0.178169 -0.107709 -0.066948  0.121751  0.159871  0.017946 -0.196264 -0.070465  0.165968 -0.222415 -0.065501
-0.258199 -0.000000 -0.100076  0.048892 -0.254303 -0.391422  0.050160 -0.098036  0.127135 -0.142576 -0.283328  0.075490  0.070674  0.018669 -0.081734  0.274944  0.542481 -0.098152  0.030818  0.190917  0.037105  0.039371 -0.095456  0.188624 -0.028974 -0.030538  0.251175 -0.082358 -0.122295  0.072801
-0.000000  0.258199 -0.357479  0.029008 -0.070619  0.266141 -0.299923  0.070028 -0.069629  0.110413 -0.227578  0.109061  0.118890  0.109567 -0.153789  0.123799 -0.254046 -0.374314  0.040732  0.203316 -0.226517 -0.197610 -0.002969  0.274235  0.083643 -0.121463 -0.036208 -0.178576  0.140475  0.016705
-0.000000 -0.258199  0.028542  0.335031  0.093425  0.021053 -0.084178  0.214973  0.176770 -0.049439 -0.028726  0.026196  0.182432 -0.057625 -0.103301 -0.020393  0.054243  0.358323 -0.103306 -0.026345 -0.216778  0.025762  0.372128  0.434496 -0.277872 -0.010697 -0.244755 -0.131301 -0.052978 -0.002214
 0.258199  0.000000  0.106916  0.098676  0.369048 -0.079271  0.199181 -0.269420  0.446453 -0.029629 -0.249304  0.160106  0.029858  0.040458  0.180602  0.119776 -0.058210 -0.104908 -0.017025 -0.009960  0.112498 -0.002718 -0.120287  0.197461  0.206948 -0.087756 -0.130973  0.076457  0.227269 -0.337436
 0.258199  0.000000 -0.233197 -0.069773 -0.043211 -0.221450  0.293432  0.075144 -0.211932  0.013614  0.175642  0.056003  0.350033 -0.286935 -0.148364 -0.027611  0.049217 -0.044063  0.218759 -0.231205 -0.202312 -0.198978 -0.273361  0.036245 -0.236043 -0.068388 -0.014415  0.005310  0.005144 -0.319090
-0.000000 -0.258199  0.095552 -0.282295  0.197540  0.035436  0.167769  0.104705 -0.063160  0.037556  0.150350 -0.314801 -0.152392  0.009470  0.088469  0.438423 -0.070712 -0.041127  0.236259  0.240438  0.129703 -0.121529  0.146487  0.073173 -0.196605 -0.267339  0.107077 -0.305953  0.143671 -0.010191
-0.258199 -0.000000 -0.152988 -0.112303  0.061698 -0.200525  0.187741  0.093982  0.091011 -0.304613 -0.075634  0.257050 -0.242409  0.010739  0.301988 -0.131960 -0.272512 -0.078368  0.123742 -0.300440 -0.158488 -0.118627  0.017940  0.133494 -0.197733 -0.054352  0.058380  0.081194  0.162973  0.383324
-0.258199  0.000000 -0.256252 -0.287651  0.097557  0.306696 -0.040944  0.074838  0.086144  0.205582 -0.087875 -0.005792 -0.030066 -0.129928  0.088692  0.117814  0.166488  0.012718 -0.012005 -0.297120 -0.097011  0.566942 -0.025304  0.048438 -0.121074  0.129939  0.098253 -0.004510  0.161447 -0.244313
-0.258199  0.000000 -0.011210  0.017292 -0.223755  0.174144  0.328007 -0.457587  0.082135 -0.086810  0.341415  0.013958  0.004845 -0.277942 -0.180160 -0.026289 -0.156507 -0.172958  0.088372  0.127087 -0.034985  0.212622  0.169294  0.198445  0.135779 -0.135468 -0.203137  0.056844 -0.134178  0.044117
-0.000000 -0.258199 -0.129827  0.060642  0.142258  0.182713  0.078468  0.160874  0.033737 -0.063999  0.242880  0.369904  0.046613  0.046157  0.028642 -0.342834  0.160063 -0.275427  0.041211  0.290762  0.203242 -0.081652  0.219436  0.017705 -0.035823  0.210580  0.373489  0.040052  0.052560 -0.172569
-0.000000 -0.258199 -0.364445  0.079197  0.145234  0.044198  0.052788 -0.149378  0.358020  0.019028 -0.015959 -0.250694 -0.006653  0.126249 -0.128529 -0.101999 -0.080762  0.041072  0.048139 -0.238517 -0.181726 -0.133453 -0.007774 -0.227798  0.236265 -0.024320  0.258744 -0.312321 -0.344113  0.044977
 0.000000 -0.258199  0.070702 -0.157257 -0.212773 -0.132976  0.173867  0.134860  0.142988  0.423310 -0.293183 -0.138578 -0.158603 -0.104834 -0.218123 -0.262531 -0.245975 -0.051443  0.054028  0.121830  0.175607 -0.017324 -0.205575  0.246290 -0.050090  0.329760 -0.062488 -0.007708 -0.004011  0.067761
 0.000000 -0.258199  0.218252  0.123787  0.004569  0.195977  0.030752  0.337124 -0.140379 -0.333184 -0.223205  0.219575  0.022466 -0.018103 -0.235023  0.136411 -0.059235 -0.079597  0.408143 -0.138357  0.081343  0.235319 -0.164157 -0.097546  0.287872 -0.042196 -0.118490 -0.078612 -0.119133  0.028936
 0.000000 -0.258199 -0.117509 -0.210257 -0.114354 -0.143828 -0.262146  0.121193  0.307643 -0.055672  0.040432 -0.061218  0.023155  0.124486 -0.324535 -0.038590 -0.016561 -0.106643 -0.020258  0.023181  0.019134  0.041468  0.081817 -0.201061 -0.098982 -0.416249 -0.105984  0.501342  0.143480 -0.064427
-0.000000  0.258199 -0.371869  0.176624 -0.051203  0.109783  0.305764  0.031303  0.001150  0.106636 -0.122838 -0.013753  0.163486  0.335141  0.027097  0.030327 -0.099865  0.331260  0.310871  0.088838  0.411594  0.097506  0.097903 -0.069195 -0.155822 -0.070812 -0.047070  0.175246 -0.065554  0.057484
 0.258199
