11 37
-0.574071  0.000006 -0.000004  0.000001 -0.000011 -0.000003  0.000001 -0.000042 -0.000009 -0.000000 -0.000003  0.202942  0.124904 -0.299669 -0.221587 -0.106688 -0.105338 -0.154055  0.053595  0.028875 -0.055350 -0.010916 -0.147144 -0.048637  0.299246 -0.262912 -0.118577  0.099713  0.243721 -0.116777 -0.095860 -0.016164 -0.283491  0.037068 -0.117789  0.095671  0.166452
 0.000172  0.573584 -0.000021  0.000017  0.000050 -0.000094 -0.000008 -0.000059 -0.000019  0.000075 -0.000027  0.193923  0.084553  0.133954  0.166096  0.196166  0.196742  0.105918  0.182939 -0.173215  0.118468 -0.093305 -0.058692  0.057960 -0.147773  0.045504 -0.341160  0.074535 -0.148223 -0.118259 -0.141260  0.065564 -0.329843 -0.000256  0.198707 -0.060370  0.203238
 0.000014  0.000075  0.000052 -0.498086 -0.000012 -0.000081 -0.000036 -0.000187  0.000019  0.000017  0.075484  0.035538  0.396487  0.150031  0.094542 -0.297675 -0.122047  0.068598 -0.041789  0.350896  0.023967  0.046537  0.062150  0.207221 -0.185548  0.253257  0.009744 -0.120710  0.022976 -0.218152 -0.046856 -0.062276 -0.158222  0.124225 -0.154171  0.204959 -0.001195
-0.000000 -0.000000  0.000000 -0.000000  0.000000  0.000000 -0.574166  0.000000 -0.000000 -0.000000 -0.000000  0.042670  0.235719 -0.043743  0.053135  0.022184  0.434806 -0.107534 -0.161028  0.063057 -0.103835 -0.032023  0.221443  0.080803  0.240372 -0.021820  0.034140 -0.072057 -0.050657  0.159694  0.065810  0.123287 -0.244270 -0.130017 -0.022902 -0.099339 -0.332633
-0.010128  0.000403  0.000070  0.000010 -0.000528  0.031983  0.000014  0.528587  0.001738 -0.000448  0.000230 -0.262452 -0.052281  0.018113  0.051721 -0.188586  0.094053 -0.021717 -0.222133 -0.086980  0.318860  0.020178 -0.148011  0.164162  0.211194  0.053574  0.046024  0.247009  0.055588 -0.190880  0.029964  0.236410 -0.008844  0.372920  0.167582 -0.129432 -0.034952
 0.000000 -0.000000  0.000000 -0.000000 -0.000000  0.000000 -0.074167 -0.000000 -0.499999  0.000000  0.000000  0.174048 -0.015988 -0.224811 -0.083365 -0.134095 -0.001568  0.104526  0.380272  0.168215  0.201007 -0.392585  0.049235 -0.057491 -0.000194  0.215638  0.181296  0.154330  0.100185  0.019257 -0.060978  0.039991  0.121214 -0.065445  0.288712  0.044002 -0.176678
 0.000017  0.000017 -0.000001  0.000019 -0.574004 -0.000033 -0.000030  0.000012 -0.000002 -0.000015  0.000011  0.312383  0.061878 -0.070052  0.276202  0.247778 -0.101817  0.059754 -0.081903 -0.062809 -0.243536 -0.124275 -0.148594  0.343576  0.049808 -0.110604  0.042091 -0.028796  0.100969 -0.122071 -0.039677  0.114148  0.280366  0.150372  0.001922  0.047420 -0.162987
-0.070886 -0.000055 -0.000002 -0.502282 -0.000009  0.000106  0.000042 -0.000330 -0.000128 -0.000038  0.000126  0.077110 -0.224254  0.081697 -0.212918  0.286797 -0.195087  0.025106 -0.245403 -0.160340 -0.118607 -0.166350 -0.012771 -0.066255  0.198887  0.296773  0.019317  0.349246 -0.223235  0.237139 -0.074625  0.009019 -0.101792 -0.009365 -0.053722  0.044642 -0.065222
-0.000003  0.000067  0.000120 -0.000171  0.000059  0.070079 -0.000012 -0.000474 -0.000187 -0.502900  0.000075  0.023077  0.112451  0.395582 -0.068649  0.154488 -0.257043 -0.198346  0.226520 -0.050477  0.145804 -0.097823 -0.101541 -0.055956  0.234731  0.068895 -0.043515 -0.226691  0.126764 -0.042871  0.399623  0.184271 -0.046790 -0.061432 -0.004744 -0.036537 -0.091576
-0.574046  0.000018 -0.000003 -0.000005 -0.000003  0.000027  0.000015 -0.000010 -0.000013  0.000000 -0.000022 -0.100041 -0.148784 -0.003694  0.347344  0.033844 -0.098202  0.054150  0.053237 -0.103864  0.111379  0.239093 -0.030048 -0.098546 -0.203754  0.300170  0.055096 -0.170279  0.056724  0.050270 -0.192283  0.116023 -0.000528 -0.126745 -0.070632 -0.248111 -0.328173
 0.000000 -0.000000  0.000000 -0.000000 -0.000000  0.000000 -0.574166 -0.000000  0.000000 -0.000000  0.000000  0.197672 -0.189208 -0.019198  0.004691 -0.222371 -0.338237  0.190907  0.216326 -0.226387  0.096336  0.289205  0.013140  0.118394 -0.001554 -0.053204 -0.044668  0.000521 -0.204232  0.080348  0.165399 -0.198881  0.044710  0.242788  0.009269  0.033739  0.086815
-0.000029 -0.000000  0.000002 -0.000018  0.000006  0.574025  0.000008  0.000005 -0.000037 -0.000032 -0.000000  0.163022  0.146370 -0.198328  0.140241  0.081073 -0.081056 -0.279044 -0.140870  0.000266  0.244228 -0.067570  0.055909 -0.076299 -0.225622 -0.035201  0.218394 -0.085234 -0.098078  0.354309  0.007499  0.186856 -0.025259  0.176178 -0.038912  0.021160  0.261936
 0.000000 -0.000000  0.574166 -0.000000 -0.000000 -0.000000 -0.000000 -0.000000  0.000000 -0.000000  0.000000  0.123375  0.156942  0.138591  0.073095 -0.334086 -0.030075 -0.015599 -0.166470 -0.065064  0.146820 -0.132000 -0.176862 -0.177407  0.021199 -0.135571 -0.364386  0.077250 -0.128205  0.167172 -0.115822  0.050286  0.286240 -0.163682 -0.083682  0.052020 -0.152176
-0.000002 -0.000001 -0.000049  0.000009  0.000005  0.000002 -0.000005 -0.000017  0.000012 -0.000003  0.574056 -0.097475  0.159473 -0.151010 -0.130103  0.139729 -0.099908 -0.096737  0.098714 -0.070895  0.161072  0.009244  0.132575  0.051991  0.211454 -0.042678  0.069106 -0.141308 -0.450452 -0.294951 -0.250859  0.026539  0.191147 -0.109374 -0.076092 -0.127133  0.024175
-0.000009 -0.000012 -0.000005 -0.000004 -0.574025  0.000044 -0.000001  0.000014  0.000011  0.000011 -0.000017 -0.007151 -0.029792  0.009625  0.008613 -0.154617  0.075441  0.252986 -0.003809  0.221279  0.057775  0.089680 -0.062974 -0.422368  0.043922  0.017171  0.158149  0.127852 -0.219966 -0.090396  0.242205  0.115694 -0.168306 -0.168631 -0.134184 -0.199202  0.215485
-0.000003 -0.000012 -0.000007  0.000001  0.000012  0.000004 -0.000002  0.000005  0.000017 -0.000009  0.574085  0.134508 -0.157716  0.152929 -0.035321 -0.039064  0.234473  0.087020 -0.067879 -0.021775 -0.018048 -0.206016 -0.310170 -0.189708 -0.089774 -0.027418  0.096190 -0.191130  0.182710  0.145139  0.032168 -0.306616 -0.137447  0.331118 -0.067209 -0.087740 -0.117762
-0.000303  0.000012 -0.000057 -0.000070  0.076256 -0.000025 -0.000026  0.000248 -0.000035  0.497004 -0.000012 -0.217622  0.262728  0.337849  0.115871 -0.015253 -0.189160  0.091604  0.320365 -0.100554 -0.149658 -0.091254 -0.207406  0.026909  0.151622 -0.217633  0.316343  0.055038 -0.021522  0.218326 -0.082097  0.166830 -0.121208 -0.019269 -0.002291 -0.018855  0.004711
 0.000011  0.000010 -0.000038  0.000042 -0.000020  0.000001 -0.000012  0.000017  0.000023  0.000011 -0.573975  0.033738  0.067581  0.030934 -0.142479  0.065280  0.067700  0.015384  0.001720 -0.041192  0.146754 -0.232917 -0.121651 -0.109094  0.084400 -0.027489  0.154564 -0.312292 -0.262533 -0.187023 -0.222284 -0.302900 -0.000051  0.254789 -0.199081 -0.196512 -0.113130
 0.011448  0.079685  0.000329  0.000264  0.000059  0.017109  0.000340 -0.463270  0.001071  0.000207  0.000215 -0.253125 -0.384190 -0.103514  0.180781 -0.190238 -0.022530 -0.322855  0.071062  0.252956 -0.050724 -0.172906 -0.221585  0.181727  0.035183 -0.054200 -0.104833  0.045427 -0.282883 -0.067527  0.082379  0.158017 -0.144203  0.162436 -0.037641  0.026428 -0.126917
 0.000010 -0.000004 -0.000017 -0.000005  0.000017  0.574029 -0.000007  0.000008 -0.000025 -0.000002 -0.000040 -0.007198  0.021173  0.076750 -0.154863 -0.036348 -0.068888  0.010142 -0.088360 -0.004897 -0.085323  0.112658 -0.215367  0.138387 -0.142557 -0.138989  0.067670  0.196572 -0.042863 -0.261082  0.058693 -0.317415 -0.113051 -0.323313  0.253733 -0.124315 -0.293950
 0.000000 -0.000000  0.574166 -0.000000  0.000000 -0.000000 -0.000000  0.000000 -0.000000  0.000000 -0.000000 -0.029941 -0.187623 -0.092600 -0.303471 -0.054688 -0.049660  0.165467 -0.048392 -0.143787 -0.177211 -0.118358  0.105807  0.261633 -0.165431  0.054092  0.204016 -0.296582  0.075271 -0.100394  0.041280  0.273503 -0.234639 -0.032053  0.047553 -0.150170  0.140103
-0.000000  0.000000  0.000000 -0.000000 -0.000000 -0.000000 -0.574166  0.000000  0.000000  0.000000 -0.000000 -0.296392 -0.022716  0.066971 -0.025977  0.225233 -0.112226 -0.079396 -0.132418  0.143969 -0.029723 -0.203836 -0.264162 -0.169204 -0.211646  0.060549 -0.044262  0.022491  0.236804 -0.212346 -0.201915  0.037438  0.177089 -0.113502 -0.015336  0.029798  0.297398
 0.000000 -0.000000  0.074167  0.000000 -0.000000 -0.000000 -0.000000 -0.000000 -0.499998  0.000000  0.000000  0.154280 -0.274357  0.408522 -0.029517  0.157504 -0.014735 -0.051063 -0.137983  0.300604  0.137448  0.284309  0.173511  0.066438  0.044069 -0.338176  0.038112 -0.001748  0.039704 -0.012005 -0.258912  0.074641 -0.066355  0.042464 -0.081859 -0.024724  0.027939
 0.012185 -0.079334 -0.000377 -0.000175 -0.000225  0.017121  0.000121 -0.463553 -0.000020 -0.000110 -0.000387 -0.068525  0.316329 -0.036344 -0.343322  0.144032  0.010866  0.207928 -0.019178  0.052188  0.053345  0.247192 -0.061228 -0.078796 -0.093201  0.019849 -0.173703  0.150931  0.087854  0.048526 -0.025451  0.243776  0.100361  0.391457  0.155160 -0.272657 -0.139387
 0.000013 -0.000018 -0.000018 -0.000023 -0.573941 -0.000010  0.000018 -0.000010 -0.000029  0.000010  0.000047 -0.333149  0.012753  0.114346 -0.261700 -0.120034  0.021904 -0.305338  0.154578 -0.173520  0.133061  0.021482  0.177152  0.113790 -0.081200  0.065408 -0.134212 -0.046537  0.116320  0.263142 -0.244862 -0.216479 -0.111924  0.013900  0.097866  0.098876 -0.023219
-0.000000 -0.000000 -0.000000  0.000000 -0.000000  0.000000  0.074167 -0.000000 -0.499999  0.000000 -0.000000 -0.258112  0.170022 -0.191985  0.164203  0.059229 -0.122175  0.136590 -0.217931  0.015535 -0.085998  0.020431 -0.178066  0.174742  0.211478  0.104188 -0.240481 -0.225380 -0.037246  0.232647  0.165335 -0.257252 -0.051735 -0.072933  0.064315 -0.233237  0.224731
-0.030115  0.000073  0.000109  0.000062 -0.000358  0.001914 -0.000382 -0.539532  0.000800  0.000142  0.000278  0.018871  0.006812  0.137496  0.190624 -0.145380  0.102648  0.077476 -0.261967 -0.347303  0.310002 -0.043903  0.097714  0.072493  0.256606  0.081406  0.284586  0.073223  0.221919 -0.170613 -0.019778 -0.113548  0.029212 -0.110499  0.063355  0.084688  0.194631
-0.000034 -0.000154  0.000120 -0.000090 -0.076101 -0.000062  0.000076  0.000006  0.000106  0.497298 -0.000004 -0.006137 -0.075726 -0.068489 -0.057898  0.189191 -0.157291  0.034784 -0.195005  0.014360  0.244044  0.006035  0.052895 -0.238111  0.054689 -0.008095 -0.183051 -0.343370 -0.003060 -0.161558  0.236993  0.064575 -0.123801  0.010517  0.255637  0.381308 -0.216624
-0.000010 -0.000014 -0.000009 -0.000003  0.000007  0.574043 -0.000006  0.000027 -0.000015 -0.000016  0.000015 -0.164348 -0.167402  0.060161  0.039903 -0.049095  0.165621  0.337040  0.200797  0.003461 -0.201983 -0.034740  0.182013 -0.086388  0.324753  0.127679 -0.254629 -0.110809  0.108987 -0.064241 -0.148454  0.088699  0.121704  0.124180 -0.195959  0.170286  0.038015
 0.574074 -0.000019 -0.000002 -0.000030  0.000006 -0.000004 -0.000006 -0.000005  0.000010  0.000000  0.000008  0.136215 -0.043233 -0.262814  0.089866 -0.052431 -0.212421 -0.094659  0.044229 -0.102662  0.050972  0.227984 -0.209032 -0.134649  0.152827  0.138734 -0.024283 -0.028473  0.262394 -0.038664 -0.316348  0.097973 -0.295981 -0.103049 -0.183845 -0.100533 -0.144871
 0.000320  0.000013  0.000058  0.000195 -0.000044  0.070266 -0.000061 -0.000012 -0.000257  0.502765  0.000148  0.244105 -0.072148  0.129463 -0.126091 -0.017485  0.085343 -0.323164  0.102501  0.034649  0.052633 -0.013605  0.051193  0.153014  0.030877  0.292149 -0.175215  0.058831  0.151233 -0.098951  0.246489 -0.044267  0.195470 -0.052367 -0.255336 -0.395265  0.117859
-0.000154  0.000166 -0.000080 -0.497250 -0.000054  0.000038  0.000009  0.000271  0.000073  0.000219 -0.075764  0.059888 -0.106986 -0.069045 -0.077516 -0.030338  0.385337 -0.124671  0.177660 -0.041896 -0.002629  0.317568 -0.362336 -0.008728  0.100642 -0.069038  0.092483 -0.272657 -0.016839  0.063211 -0.018823  0.110033  0.249066 -0.126864  0.268067  0.065747  0.147869
 0.000012 -0.573683  0.000069 -0.000124  0.000068 -0.000060 -0.000017 -0.000026  0.000075  0.000004  0.000026  0.173496  0.007947  0.160410  0.224086 -0.092593 -0.023683 -0.178259  0.025620 -0.074832 -0.255562 -0.080644  0.124442 -0.193152  0.022438  0.081145 -0.164367 -0.039326 -0.127850 -0.157807 -0.165918  0.007944 -0.164951  0.115367  0.435017 -0.169661  0.173111
 0.070981  0.000014  0.000030 -0.502360  0.000086 -0.000086 -0.000015  0.000109  0.000037  0.000012 -0.000011 -0.171627 -0.063390 -0.162264  0.196029  0.038224 -0.065139  0.030063  0.110908 -0.146000  0.097451 -0.194325  0.309732 -0.130242 -0.114519 -0.479437 -0.120507  0.040508  0.216938 -0.083485  0.139724 -0.056332  0.012200  0.011705 -0.059098 -0.312982 -0.079893
-0.000000 -0.000000 -0.574166  0.000000 -0.000000 -0.000000  0.000000  0.000000  0.000000 -0.000000 -0.000000  0.122569 -0.081959  0.097792 -0.227289 -0.357803 -0.099725  0.167499 -0.229470 -0.107340  0.019871 -0.225267 -0.042743  0.116548 -0.105547 -0.127463 -0.158245 -0.229171 -0.034599  0.096158 -0.127691  0.314867  0.043269 -0.202948 -0.011844 -0.128751  0.001369
 0.000000 -0.000000  0.074166  0.000000  0.000000 -0.000000 -0.000000  0.000000  0.499999  0.000000  0.000000  0.071747 -0.119318 -0.008069  0.050278  0.084022 -0.139078  0.190455  0.025487  0.484625  0.250949 -0.087558  0.045524  0.182729  0.254263 -0.018280 -0.021497 -0.073698  0.102802  0.241085 -0.154599 -0.143546  0.003494 -0.097425  0.270339 -0.213965  0.076092
 0.000020 -0.573800  0.000008  0.000028  0.000055 -0.000011  0.000040  0.000026  0.000058 -0.000056 -0.000004 -0.005438 -0.020463 -0.035735  0.014669  0.242095  0.215907  0.210444  0.169737 -0.070491  0.359741 -0.070735 -0.205604  0.287415 -0.152208 -0.045886 -0.167093  0.099384 -0.071675  0.023312  0.039646  0.046025 -0.198592 -0.146944 -0.262861  0.150479  0.031818
 0.574166
