1 14
-0.267261 -0.184036 -0.189976  0.114445  0.208020  0.069619 -0.446084  0.070887  0.311026 -0.091523  0.531157  0.219969  0.300972 -0.259165
 0.267261 -0.280078 -0.190072 -0.038614 -0.012414  0.542102 -0.016032 -0.220395 -0.020456 -0.307387  0.134767 -0.595194  0.029673  0.038015
-0.267261 -0.482099 -0.401250  0.039588  0.216050 -0.271267  0.049658 -0.147126 -0.173850  0.508674 -0.031180 -0.239274 -0.204646  0.011471
-0.267261 -0.149821 -0.083308  0.343965 -0.319954  0.302004 -0.182087  0.418949 -0.564335 -0.119247 -0.122294  0.131071 -0.106060 -0.050436
-0.267261 -0.174029 -0.117029  0.162547 -0.401545 -0.079295  0.344354 -0.445736  0.227852 -0.369093  0.057887  0.252220 -0.317066 -0.133187
 0.267261  0.037157  0.039452  0.104119 -0.034622 -0.463550 -0.502949 -0.117186 -0.107637 -0.254552 -0.179797 -0.228174 -0.227047 -0.468724
 0.267261 -0.123711 -0.033723 -0.272852 -0.277389 -0.332508 -0.048715  0.160224 -0.238837 -0.090771  0.616039  0.060424 -0.189801  0.371035
 0.267261 -0.440107  0.555685 -0.038748 -0.132131  0.201573  0.090558 -0.012764  0.008295  0.371824  0.135752  0.148486 -0.085185 -0.414828
-0.267261 -0.096668  0.006143 -0.614416 -0.442136  0.045855 -0.360856 -0.242013 -0.027734  0.096589 -0.252836  0.024213  0.280945  0.042027
-0.267261  0.311983  0.256849  0.291529 -0.241870 -0.151574  0.134532 -0.251764 -0.253673  0.167735  0.348215 -0.398661  0.365713 -0.104418
-0.267261 -0.139844  0.372619  0.192012 -0.166223 -0.058358 -0.232995  0.260967  0.497698  0.028084 -0.063560 -0.361491 -0.257681  0.360927
-0.267261 -0.381140  0.385073 -0.181582  0.381661 -0.233034  0.203394  0.065482 -0.234568 -0.486728 -0.085188 -0.047611  0.231164  0.039200
-0.267261  0.220627 -0.117856 -0.444497 -0.039609  0.041503  0.270067  0.435985  0.096416 -0.033902  0.139649 -0.284660 -0.251732 -0.477252
-0.267261  0.268287  0.260076 -0.149685  0.349050  0.282163 -0.257121 -0.355751 -0.237468  0.018525  0.184911  0.089764 -0.513968  0.096332
 0.267261
