1 37
 0.164399 -0.226547 -0.091039 -0.191429 -0.013667 -0.240807 -0.040439  0.065553  0.102015  0.108115 -0.031555  0.020172 -0.059346  0.152842  0.119187  0.194301  0.116763 -0.324086  0.188643  0.110868  0.000261  0.076639  0.173682  0.169742 -0.319172  0.220736  0.222261 -0.013586 -0.464958 -0.042104  0.052663  0.118802 -0.064695 -0.008860 -0.141676  0.139313  0.010265
 0.164399  0.076626  0.050156  0.100171 -0.002994  0.134253 -0.062452 -0.147560 -0.244426  0.001565 -0.146667 -0.042104 -0.050675 -0.379959  0.110571 -0.145321 -0.079818 -0.024752  0.173278 -0.347286  0.152078 -0.049870 -0.056976  0.063759 -0.034903  0.114495  0.214854 -0.038308 -0.182631 -0.114137  0.052678 -0.121578 -0.309585  0.382400  0.097813 -0.058153 -0.275817
 0.164399  0.144251  0.225951  0.061999 -0.174175  0.363877 -0.081550  0.285637  0.045042  0.085506  0.129210 -0.101809  0.069596  0.007169 -0.029862 -0.017767  0.165903  0.157679  0.176181  0.062233 -0.030571  0.115559 -0.258791  0.152201 -0.049720  0.082288  0.433558  0.043279  0.080547  0.133101  0.173324 -0.040801  0.088865 -0.042906  0.102126  0.224648  0.293978
 0.164399  0.005169 -0.286143 -0.022253 -0.262377 -0.251395  0.176134  0.350875 -0.353027  0.014764  0.119928  0.247447  0.093336 -0.026858  0.044161 -0.162701  0.027295  0.130986  0.197339 -0.064787 -0.196464  0.169266 -0.094717  0.091951  0.074606  0.200762 -0.133215 -0.296528  0.096067  0.084257 -0.107317  0.118970  0.029581  0.004401  0.006179 -0.156489 -0.037372
-0.164399 -0.049042 -0.112476  0.114932  0.211699 -0.144104 -0.249331  0.192721 -0.215914  0.070383  0.142497  0.242565  0.049059 -0.021094 -0.044407 -0.172787 -0.226662 -0.324947  0.033884 -0.090473  0.079701  0.079175  0.071946 -0.091470 -0.179784 -0.189830  0.259174  0.043546  0.149042 -0.275727 -0.049235 -0.287660  0.163358 -0.048995  0.103608 -0.013276  0.247237
-0.164399 -0.022479 -0.223173  0.107608  0.002508  0.100990  0.242234 -0.087772 -0.052803  0.129229  0.016170  0.050068  0.388307 -0.072742  0.064547  0.053922  0.003508 -0.029972 -0.119884 -0.025761  0.116547 -0.113530 -0.004509  0.592859 -0.018630 -0.053065 -0.095236  0.138654 -0.068520 -0.121659 -0.019531  0.069196  0.036528 -0.167431  0.348990  0.207320 -0.070028
 0.164399  0.240774  0.284149  0.240601 -0.435398 -0.158216  0.107288 -0.274470 -0.151964  0.090606 -0.204260  0.084175  0.183817  0.114467 -0.004251  0.044281  0.013401 -0.189976 -0.242624  0.059065 -0.016285 -0.054892  0.226509 -0.036238  0.054525  0.099768  0.151302 -0.077015  0.065410 -0.039078 -0.253796 -0.093955 -0.095906 -0.056544 -0.071493  0.018117  0.229758
 0.164399  0.060687  0.040955 -0.106058 -0.095853 -0.023098  0.013929  0.042413  0.040135 -0.018980  0.032657 -0.072509  0.041231 -0.322993  0.103160 -0.122001 -0.014909 -0.009806 -0.297683  0.020108 -0.019526 -0.291785 -0.057978 -0.018010  0.013375  0.062631  0.062653 -0.060909 -0.223101 -0.263706  0.175299  0.149569  0.613700  0.026588 -0.117558 -0.220089  0.050146
-0.164399  0.121513  0.029347 -0.001046 -0.301797 -0.117372 -0.100901 -0.144921 -0.007766 -0.001086  0.177429 -0.100271 -0.181443  0.165841 -0.291160 -0.072200 -0.222017  0.080671  0.038035 -0.032852  0.285420 -0.015979 -0.084636  0.045260 -0.350980  0.291829 -0.012237  0.150732  0.066837 -0.044090  0.158599  0.207005 -0.046795 -0.176514  0.192609 -0.317325 -0.057113
 0.164399 -0.179530 -0.062341  0.289453  0.176893  0.020655 -0.016439 -0.228421  0.153705 -0.368097  0.049389  0.013714  0.087610 -0.119177  0.097939  0.099105  0.223368 -0.054953  0.056724 -0.195038 -0.263845  0.073953  0.084653 -0.038860 -0.070178  0.295243 -0.013779 -0.074216  0.260891 -0.212557  0.251812  0.056347 -0.082027 -0.248425  0.089316 -0.104651  0.151479
-0.164399  0.402526  0.149162  0.246693  0.122855 -0.025656 -0.013365  0.135917 -0.106210 -0.143503  0.275242 -0.014065  0.109148  0.201846  0.003676  0.244709  0.194134 -0.199770 -0.054465  0.047118 -0.073933  0.162303 -0.184939 -0.152275  0.102297  0.111898 -0.009681 -0.011857 -0.249045 -0.168844 -0.016464 -0.029985  0.087253  0.011791  0.056772  0.005568 -0.418504
-0.164399  0.101854  0.160966 -0.113585 -0.048498 -0.029402  0.011007 -0.124099 -0.119364 -0.285402  0.168749  0.029842  0.098251 -0.252381 -0.060614 -0.011197  0.085798  0.062730  0.287196  0.380630 -0.013060 -0.086669  0.047958  0.091138 -0.253855  0.117247 -0.366446  0.021615 -0.046438 -0.081171 -0.027926 -0.292039  0.022567  0.251025 -0.081656  0.129024  0.226488
-0.164399  0.117567 -0.152352 -0.157810 -0.143227  0.131100  0.097638  0.137245  0.195197 -0.261667  0.098712 -0.111951  0.120080  0.236319  0.239649 -0.005949 -0.151159  0.031408  0.152992 -0.309484  0.131157 -0.180059  0.294778 -0.034634  0.060790  0.246402  0.136312  0.090531  0.223989 -0.098842 -0.189737 -0.022855  0.139973  0.151652 -0.201085  0.176270 -0.076798
 0.164399  0.100155  0.108835 -0.012060  0.006532 -0.241097  0.218795  0.195165 -0.072566 -0.249635  0.117025 -0.124516  0.041973 -0.044102  0.127478 -0.327412  0.080799 -0.093937 -0.076101  0.076115  0.092872 -0.043761 -0.083936  0.030715 -0.076078 -0.317414  0.035952  0.332738  0.114775 -0.135617  0.137227  0.226910 -0.344979 -0.125844 -0.266104  0.096493 -0.044875
-0.164399 -0.332672 -0.020320  0.180648 -0.206959  0.116780  0.360872 -0.124385 -0.170412  0.201530  0.247087  0.010583 -0.111535  0.099988  0.009441  0.098460 -0.116567  0.084316 -0.119333 -0.111720 -0.145029 -0.058295 -0.161560 -0.278410 -0.196527 -0.064413 -0.010045 -0.109857 -0.029049 -0.178167  0.222465  0.020569 -0.024188  0.160617 -0.151512  0.318327  0.021633
-0.164399  0.157654 -0.146049  0.006544 -0.036482 -0.122970  0.177324 -0.276650  0.105890 -0.079576  0.154248  0.202105 -0.204728 -0.035879  0.034252 -0.313253  0.040511  0.105563  0.045849 -0.042485 -0.084329 -0.023988  0.051806  0.057957  0.160273  0.011803  0.239274 -0.003396 -0.260557  0.263617  0.191087 -0.389466  0.046703 -0.335112 -0.117528  0.063594 -0.078718
 0.164399  0.125617 -0.180789 -0.176239 -0.146810  0.002099  0.075287  0.121795  0.050573  0.206333  0.114672 -0.246802  0.051861  0.059067 -0.130314  0.178387  0.233404  0.116284  0.003594  0.040922 -0.054887 -0.085038  0.341109 -0.007096 -0.076239 -0.270822  0.026079 -0.128802  0.117552 -0.241526  0.243940 -0.382279 -0.134442  0.003306  0.103019 -0.237233 -0.147226
-0.164399  0.112228 -0.118559  0.012469 -0.154148 -0.099949 -0.296978 -0.168621  0.121795 -0.143660 -0.199468  0.209331  0.231079  0.073121  0.213220  0.024002 -0.009809  0.148739  0.037506  0.190757  0.212581  0.098126 -0.103111 -0.006636 -0.086289 -0.258936  0.130996 -0.422750  0.115171 -0.053102  0.296722  0.173771  0.000633  0.088838 -0.080423  0.108159 -0.125140
 0.164399  0.180054 -0.152466  0.122503  0.012540  0.237422  0.005995 -0.067721  0.121406  0.223776  0.133906  0.160946 -0.030429 -0.164419 -0.026229 -0.015038 -0.021437 -0.429741 -0.033612  0.120016 -0.045692 -0.052895  0.026676  0.061615 -0.264170  0.047351 -0.102903  0.026390  0.355955  0.345509  0.077176  0.025873  0.097854  0.085162 -0.250853  0.001110 -0.278908
 0.164399 -0.018281  0.095716 -0.037714 -0.072379  0.082020 -0.236797 -0.095908 -0.018193 -0.015092  0.459049  0.193671 -0.337408 -0.007287 -0.065882 -0.036275  0.160845 -0.090355  0.067706 -0.026871  0.154368 -0.256019  0.192985  0.089299  0.273585 -0.136959 -0.072178 -0.242800  0.008287 -0.126405 -0.127056  0.260354 -0.062577 -0.041397  0.162446  0.229213  0.015410
-0.164399 -0.117764  0.015278  0.362209  0.030015 -0.027446 -0.265939 -0.039755 -0.057935  0.127592  0.119479 -0.093117 -0.004393  0.048752 -0.140111 -0.101141  0.205101  0.276012 -0.066544 -0.089420 -0.069369  0.194071  0.238694  0.368969  0.026348 -0.046324  0.032914  0.115257 -0.036665 -0.051321 -0.064349  0.091682  0.078342  0.197430 -0.461339 -0.144074 -0.013318
-0.164399 -0.220411 -0.040854 -0.101801 -0.099359  0.093272  0.013983 -0.023028 -0.224712 -0.172575  0.130724 -0.335982  0.083612 -0.346799 -0.163904  0.276147 -0.203837 -0.179286  0.026910  0.167443  0.112481  0.120082 -0.004379  0.053835  0.226968 -0.002474  0.242535 -0.200437  0.068067  0.069280 -0.083964  0.011763 -0.062004 -0.283467 -0.240591 -0.056906 -0.086747
 0.164399 -0.147266  0.024089  0.200673  0.211852  0.049083 -0.131207  0.036948 -0.387481  0.079194 -0.007295 -0.054292  0.153927  0.317635  0.184277 -0.005785 -0.099337  0.080061  0.128627  0.215481  0.206475 -0.427971  0.065856 -0.045069  0.161201  0.181403 -0.078587  0.032744 -0.012187  0.156266  0.287815 -0.106991  0.004940 -0.117685 -0.102443 -0.072294 -0.023919
 0.164399 -0.094810  0.277764 -0.053391  0.022895 -0.199406  0.036185 -0.046670  0.256122 -0.038061  0.318754 -0.043978  0.142371  0.147515  0.072497  0.007687 -0.459121 -0.124826 -0.091261 -0.048095 -0.101465  0.177513 -0.041540  0.288090  0.226120 -0.028547 -0.067930 -0.098353  0.012517  0.098817  0.231070 -0.137076 -0.049042  0.295196  0.076993 -0.110142  0.052822
 0.164399  0.018731 -0.302867 -0.166188  0.006672  0.215806 -0.244036 -0.253475 -0.045685  0.017211  0.059407 -0.240780 -0.004492  0.240231  0.085608 -0.341562 -0.100685 -0.017319 -0.165906  0.267519 -0.275218  0.080378 -0.249058  0.052197 -0.001251  0.130011  0.012044 -0.035536 -0.002327 -0.277608 -0.235249 -0.094532 -0.114224 -0.025339 -0.025632  0.066588 -0.048080
-0.164399 -0.274270  0.018172  0.184062 -0.233243 -0.021558 -0.121751  0.315121  0.079192 -0.280920 -0.225534 -0.087020 -0.040978  0.029695 -0.288678 -0.283048  0.051958 -0.187621 -0.185750  0.131662 -0.202926 -0.206715  0.132494  0.037266  0.022213  0.079820  0.027797 -0.076300 -0.016411  0.113980  0.125193 -0.072747 -0.024106  0.138453  0.225292  0.162351 -0.218559
 0.164399  0.024205  0.075439  0.089375  0.217038 -0.128397 -0.071942  0.187134  0.134969  0.034556  0.143342 -0.127795  0.111395 -0.140155 -0.025803 -0.071039 -0.074745  0.273730 -0.354816 -0.115952  0.256781  0.027006  0.054276 -0.060126 -0.323085  0.178929 -0.107016 -0.346207 -0.062499  0.116483 -0.185887 -0.161594 -0.097353 -0.191429 -0.048694  0.263654 -0.062673
 0.164399  0.057282 -0.367568  0.220167 -0.299377  0.049934 -0.275578 -0.001198  0.056013 -0.182260  0.150510 -0.133163  0.203125 -0.038431 -0.004884  0.124266 -0.087583 -0.064677  0.036106 -0.208602 -0.020014 -0.050569 -0.050644 -0.190704 -0.035308 -0.270860 -0.195210  0.174392 -0.350635  0.259541 -0.031739 -0.004629 -0.041632 -0.003802  0.007226 -0.011771  0.219397
 0.164399  0.016735  0.157264 -0.182720  0.115392 -0.263728 -0.120414 -0.251628 -0.198379 -0.042652  0.001985 -0.091796  0.216778  0.051757 -0.275123  0.058181 -0.073266  0.139372  0.195270 -0.196688 -0.362466 -0.175177 -0.001106 -0.000310 -0.170678 -0.168469  0.152616  0.065141  0.108924  0.129804 -0.066901  0.103705  0.237671 -0.054668  0.051314  0.238362 -0.252866
 0.164399  0.177662  0.028140  0.111162  0.034018  0.253219  0.113554  0.024575 -0.190954 -0.129193 -0.136804 -0.074007 -0.186029  0.017040  0.046116 -0.080439 -0.344798  0.079880  0.063173  0.126644 -0.059639  0.400088  0.485004 -0.016097 -0.072959 -0.106782 -0.122991 -0.009811 -0.131815 -0.048196  0.151862  0.157459  0.183924 -0.107262  0.114248  0.155797 -0.045527
 0.164399  0.148484 -0.189560  0.233939  0.112369 -0.027971  0.078304  0.143462  0.187895 -0.121182 -0.052607  0.287756 -0.142360 -0.061128 -0.251983  0.300502 -0.355800  0.256002  0.016925  0.243080 -0.141118 -0.269689 -0.070960  0.104627  0.026679  0.019684  0.210352  0.072812 -0.041263 -0.199571 -0.106116  0.026613 -0.162989  0.054436 -0.113362 -0.010970 -0.000382
-0.164399  0.265455  0.070022  0.069308 -0.043137 -0.108382 -0.150429  0.146602  0.000596  0.144847 -0.250608 -0.246199 -0.284899 -0.006153  0.100005  0.092078 -0.134791 -0.160046  0.153979 -0.252819 -0.205480 -0.168965 -0.174078  0.263561  0.020723 -0.028716 -0.287599 -0.204224  0.044746 -0.130100  0.125215 -0.071539 -0.033702 -0.225886 -0.187318  0.148756  0.119425
-0.164399 -0.022071  0.162957 -0.068680  0.013542  0.198608 -0.017033  0.067728 -0.179709 -0.230798  0.103074  0.078544 -0.151522  0.093246  0.398350  0.128488 -0.015638  0.061670 -0.208297 -0.019583 -0.257111 -0.187376  0.048923  0.180163 -0.356298 -0.194809  0.139171 -0.119847 -0.038705  0.220795 -0.175159  0.016548 -0.102233 -0.036944  0.086416 -0.323148  0.008785
-0.164399  0.200991  0.027230 -0.284796  0.189502  0.297210  0.016320  0.047594 -0.060590  0.029527 -0.003859  0.190027  0.324972  0.076397 -0.360856 -0.145993 -0.033000 -0.094817 -0.099434 -0.177217 -0.139106 -0.081924  0.126085 -0.051241  0.019352  0.085972 -0.024603 -0.174512 -0.201153  0.001135  0.206148  0.214520 -0.275262 -0.011784 -0.181035 -0.074033  0.205866
-0.164399  0.086586 -0.017593  0.298067  0.173309 -0.084916  0.227197 -0.052564  0.230614  0.195720  0.094669 -0.343399  0.109029 -0.037168  0.059261 -0.258626 -0.035847 -0.055510  0.350236  0.177912 -0.086115 -0.161629  0.076820 -0.136075 -0.045644 -0.089105  0.136486 -0.269645 -0.075789  0.062310 -0.186397  0.241144 -0.021762  0.071888  0.148070 -0.153781  0.104477
-0.164399 -0.075522  0.205600 -0.047214 -0.201023  0.001118 -0.284183  0.115946  0.150899  0.318824  0.108400  0.160044  0.194835 -0.289592  0.276365 -0.023698 -0.162725  0.139058  0.072163  0.107318 -0.276369 -0.002472  0.171573 -0.197630  0.073861  0.114287 -0.057842  0.244205 -0.024406 -0.101853  0.012452  0.055877 -0.188158 -0.218750  0.037969  0.023684 -0.197942
 0.164399 -0.257855  0.271674  0.085618 -0.137611  0.283068  0.102046  0.030573  0.203564 -0.078009 -0.093636  0.186773  0.142595  0.160183 -0.127627 -0.151458 -0.041322 -0.051371  0.303483 -0.087707  0.109412  0.003421 -0.141176  0.050952 -0.111529 -0.201861 -0.146893 -0.113706 -0.128393 -0.197030 -0.195689 -0.165384  0.100063 -0.260517 -0.175626 -0.190994 -0.214567
 0.164399
