11 26
 0.700634 -0.000022  0.000072  0.000007  0.000025  0.000069 -0.000050  0.000020 -0.000089 -0.000042  0.000773  0.231840 -0.237167 -0.005944  0.046755  0.073225 -0.150827  0.308438  0.092109 -0.091796  0.074982  0.139529  0.292768  0.345525  0.134831 -0.091466
 0.000019  0.000005  0.000003  0.000261  0.000050 -0.000012  0.701356  0.000037  0.000007 -0.000028 -0.000021  0.203333  0.226807  0.374413 -0.108109 -0.257163 -0.202069 -0.027674  0.113132 -0.189720  0.290975  0.033062 -0.051769 -0.033256 -0.039048  0.125884
 0.073337  0.013221  0.000476 -0.000702  0.000048 -0.609340  0.000014 -0.000267  0.000621  0.000171 -0.003597  0.203494 -0.231501  0.003604 -0.304069  0.177137 -0.184901  0.027495 -0.039382  0.021701 -0.183935 -0.319614  0.043599 -0.204974 -0.256079  0.349061
 0.039731 -0.006651 -0.000044  0.001229 -0.000094 -0.000549 -0.090766  0.561654  0.000096  0.000036 -0.000859  0.180858  0.322418 -0.011306 -0.038041 -0.030143  0.123236  0.095902 -0.259807  0.016191 -0.099982  0.461165  0.231045 -0.111836 -0.378762  0.106629
 0.000025  0.000060  0.701050 -0.000046  0.000075  0.000024  0.000003  0.000102  0.000057  0.000016 -0.000312 -0.145804  0.002392  0.224296 -0.128500  0.157750 -0.137995 -0.065626 -0.283319  0.053579 -0.085903  0.187545  0.093497 -0.087761  0.445366  0.178105
-0.074608  0.012480 -0.000211 -0.000606 -0.000011  0.000194  0.000735  0.609015 -0.000247  0.000009  0.002879  0.109343  0.002047 -0.132790 -0.172255  0.197631 -0.141839  0.086755  0.257456  0.140960  0.274389 -0.239141 -0.059002 -0.242217  0.342938 -0.314665
 0.000007  0.085371 -0.000029  0.000050 -0.563906 -0.000021  0.000002 -0.000061 -0.000001  0.052258  0.000092 -0.250049  0.070696  0.170773  0.112609  0.079118  0.237511  0.429086 -0.001260  0.301940  0.317283 -0.172831  0.075523  0.024723 -0.057238  0.290755
 0.000000 -0.000003  0.000004  0.000005  0.000006 -0.000002  0.000000  0.000002  0.000003 -0.701772 -0.000001 -0.001434 -0.153155  0.045649  0.158214 -0.187774  0.124867 -0.065287 -0.266791 -0.146105  0.166336 -0.231707  0.386865 -0.249662  0.015827 -0.125314
 0.000033 -0.085237  0.000003 -0.000014 -0.563787  0.000073 -0.000015  0.000032  0.000006  0.052504 -0.000102  0.278609  0.180201  0.057521  0.296854  0.348767 -0.177285 -0.194405 -0.231075 -0.331435 -0.161063 -0.141999 -0.121521  0.032057 -0.013369 -0.233262
 0.000000  0.000000 -0.000000  0.000000  0.000000 -0.000000  0.000000  0.000000 -0.604594 -0.000000 -0.097212  0.052857  0.268236 -0.013328 -0.115977 -0.307539  0.063709  0.383068 -0.071859 -0.087017 -0.405470 -0.253877 -0.026673  0.024023  0.207363 -0.073347
-0.000001  0.701746  0.000000  0.000031  0.000002  0.000001 -0.000003 -0.000009 -0.000009 -0.000002  0.000002  0.130957 -0.035811 -0.362065  0.055321 -0.002316  0.112595  0.066112 -0.117478 -0.361809  0.163073  0.090897 -0.224406 -0.078862  0.173102  0.267976
-0.000001  0.000134 -0.000051  0.000035  0.603452  0.000013 -0.000082 -0.000045  0.000005  0.097901 -0.000007  0.026767  0.234457  0.213313  0.382618  0.399787  0.056534  0.219437 -0.217023 -0.027448  0.146017 -0.294003 -0.043006  0.052913 -0.066073  0.053591
-0.000000 -0.000000 -0.000000 -0.086405 -0.000000  0.000000  0.000000 -0.000001 -0.563212  0.000000  0.052189 -0.098438 -0.315966 -0.030502  0.147450 -0.007446 -0.388410  0.008108 -0.271134  0.191584  0.298399  0.215189 -0.258411 -0.092426 -0.237859 -0.109366
-0.000000  0.000000 -0.000000  0.086397  0.000000  0.000000 -0.000000 -0.000000 -0.563257  0.000000  0.052153  0.041741  0.027814  0.044728 -0.023412  0.337711  0.319471 -0.419449  0.347893 -0.098230  0.136404  0.056800  0.287295  0.066604  0.014637  0.189065
 0.000000 -0.000000  0.000000 -0.701807 -0.000000 -0.000000  0.000000  0.000000 -0.000000  0.000000 -0.000000  0.136798  0.052201 -0.060595  0.434290 -0.095517 -0.140694 -0.047562  0.273031  0.167667 -0.169441  0.038472  0.121036 -0.213202  0.128556  0.230408
 0.000070 -0.000000 -0.000141  0.000027  0.000018 -0.000007 -0.701233 -0.000001  0.000017 -0.000044 -0.000199  0.141378  0.143249  0.395843 -0.074476 -0.276871 -0.214295 -0.064564  0.144509 -0.213460  0.278746 -0.052867 -0.103274  0.029205  0.011305  0.142086
-0.040190 -0.007338  0.091077  0.000751 -0.000160 -0.558136 -0.000023 -0.000132 -0.000566 -0.000108  0.003295  0.114985 -0.155443  0.290201  0.229216 -0.082403  0.440723  0.107516  0.123506 -0.022106 -0.002601  0.296269 -0.258921 -0.082721  0.117555 -0.317104
 0.000000  0.000000 -0.000000  0.000000 -0.000000 -0.000000 -0.000000 -0.000000  0.000000 -0.000000 -0.701807  0.370864 -0.018130 -0.047139 -0.006186 -0.095610  0.132718 -0.242370 -0.213155  0.374974  0.133134 -0.077318 -0.069630  0.232754  0.094552  0.064286
-0.000001 -0.701764 -0.000001  0.000001 -0.000004 -0.000005 -0.000004  0.000013  0.000002 -0.000007 -0.000001  0.075842 -0.055690 -0.352019  0.018970 -0.024050  0.153294  0.145231 -0.083634 -0.280153  0.223549  0.070811 -0.200608 -0.092672  0.169748  0.333334
-0.000000  0.000000  0.000000 -0.000000  0.000000  0.000000  0.000000 -0.000000 -0.000000  0.000000 -0.701807 -0.381922 -0.039176  0.049876  0.032897  0.162832 -0.144625  0.160172  0.231133 -0.355002 -0.041551  0.134931  0.074424 -0.238897 -0.136071 -0.053881
-0.701219  0.000066  0.000077 -0.000010  0.000005  0.000002 -0.000014 -0.000000  0.000056 -0.000006 -0.000317  0.246127 -0.276142  0.016949  0.025488  0.068976 -0.158104  0.297551  0.042056 -0.112191 -0.002031  0.125728  0.309628  0.352969  0.034583  0.020271
-0.000006  0.000011  0.000006  0.000002  0.000007  0.000016 -0.000006 -0.000003 -0.000001 -0.701744 -0.000002  0.007456  0.204566  0.001080 -0.074380  0.275649 -0.112616  0.113316  0.219092  0.140022 -0.134493  0.167100 -0.396311  0.261165 -0.030428  0.137116
 0.041286 -0.006854  0.000157 -0.000574  0.000125 -0.000095  0.090180  0.560041  0.000172 -0.000036 -0.002270 -0.300204 -0.325701  0.155779  0.225433 -0.184610  0.030742 -0.190408 -0.019371 -0.169461 -0.198153 -0.202591 -0.167599  0.375459  0.006745  0.235348
 0.000011 -0.000017  0.701433 -0.000050 -0.000023  0.000043 -0.000160  0.000007  0.000001  0.000006 -0.000031  0.087533  0.070412 -0.299533  0.111943 -0.161221  0.050150  0.034017  0.256946 -0.050825  0.112600 -0.219076 -0.032855  0.137640 -0.439333 -0.145398
 0.039504  0.007028  0.090691 -0.000014 -0.000070  0.563196 -0.000076  0.000012  0.000111  0.000089 -0.000628  0.334137 -0.404258  0.291573 -0.101818  0.109786  0.236936  0.136323  0.079455  0.001565 -0.201777 -0.051692 -0.209217 -0.303772 -0.161046  0.063715
-0.000000 -0.000000 -0.000000  0.701807  0.000000 -0.000000  0.000000  0.000000  0.000000 -0.000000 -0.000000  0.119093  0.008876 -0.070292  0.454895 -0.137581 -0.228760  0.004704  0.197278  0.203415 -0.149589  0.056164  0.053609 -0.232592  0.098059  0.194003
 0.701807
