7 32
-0.491959 -0.000000 -0.000000  0.000000 -0.000000 -0.000000  0.000000 -0.098659  0.196045  0.019777  0.265217 -0.135241 -0.060505 -0.208062  0.269044  0.076358 -0.052688 -0.095105 -0.089938 -0.257322 -0.055379 -0.105217 -0.023001 -0.143105  0.013532  0.143607  0.114145  0.321793 -0.254632 -0.292876  0.089532  0.279887
 0.000000 -0.023465 -0.000000  0.000000 -0.435309 -0.033184 -0.000000  0.094625 -0.182603 -0.124066  0.079285 -0.078246 -0.336220 -0.267734 -0.140766  0.141021  0.223552  0.001141 -0.357959  0.184184 -0.040024  0.206692 -0.020563 -0.395076  0.041003 -0.071069 -0.010505 -0.129627 -0.128952 -0.089386 -0.200628 -0.113784
-0.000000  0.000000  0.000000  0.000000  0.000000 -0.000000 -0.491959 -0.034851  0.069470  0.068530 -0.389857 -0.019997  0.003076 -0.180935  0.103024  0.112416  0.112052  0.267537  0.316479 -0.042155  0.169886  0.051487  0.317423 -0.255683  0.175125  0.023244 -0.219670  0.033974  0.035879 -0.027473 -0.137228  0.231625
 0.000000 -0.491959  0.000000  0.000000  0.000000  0.000000 -0.000000 -0.028127 -0.196389  0.064710  0.042739 -0.116580  0.113402 -0.049102  0.152235  0.123691  0.124987  0.316075 -0.309573 -0.202898  0.008301 -0.228111  0.056998  0.105920 -0.209209  0.384376 -0.055219 -0.126273  0.025615  0.319094 -0.111523  0.027291
-0.491959  0.000000  0.000000 -0.000000 -0.000000  0.000000  0.000000 -0.023187 -0.017171 -0.037396 -0.141429 -0.212792  0.055972 -0.310268  0.115137 -0.284973 -0.059050  0.211763  0.033957  0.185453  0.073979  0.154202 -0.084248  0.396594  0.007437 -0.295109 -0.024036 -0.203215 -0.182985  0.144848 -0.110756 -0.152763
-0.121870 -0.000000 -0.000000 -0.370088  0.000000 -0.000000  0.000000 -0.044857 -0.177755  0.288365  0.139729 -0.109978  0.263972  0.210451 -0.136466 -0.215168  0.057214 -0.184629  0.102002  0.006570 -0.136315 -0.185873  0.301119 -0.140786  0.003610 -0.061133  0.079694 -0.068501 -0.137942 -0.114066 -0.507642 -0.070302
-0.000000  0.000000  0.000000  0.491959 -0.000000  0.000000 -0.000000 -0.037320  0.154800  0.359558 -0.006196 -0.050286  0.155274  0.113077  0.106585  0.043901  0.090358  0.151318 -0.094590  0.395580 -0.141099 -0.295358 -0.069413 -0.085079 -0.098413 -0.052290 -0.277840 -0.023261 -0.070548 -0.320776  0.036425 -0.188514
-0.000000  0.000000 -0.000000 -0.000000  0.000000  0.491959 -0.000000 -0.013470 -0.017654 -0.049218 -0.057177 -0.105609  0.026085  0.082717  0.061905  0.141368 -0.145662  0.169145  0.029381  0.098590 -0.357538  0.283561  0.351077 -0.044900 -0.412442 -0.074571  0.271993 -0.128981  0.000508 -0.099827  0.175890  0.090491
-0.000000 -0.000000 -0.000000 -0.000000  0.491959 -0.000000  0.000000  0.066159 -0.134170 -0.033705 -0.036788 -0.183729 -0.044847  0.074764  0.042839 -0.047028  0.009651 -0.230372 -0.162716  0.009253 -0.119473  0.171946  0.196069 -0.179327  0.259748  0.129490 -0.312443 -0.182298 -0.389655  0.150864  0.303866 -0.107339
-0.000000 -0.023465 -0.000000 -0.000000 -0.435309  0.033184 -0.000000 -0.165621  0.225531 -0.280812 -0.361565  0.216694  0.014338  0.345386  0.233598 -0.185155 -0.094556 -0.142536 -0.069535 -0.113005 -0.031574 -0.104718 -0.009510  0.005999 -0.005046  0.138931 -0.061270 -0.241320 -0.352049 -0.015538 -0.034320  0.006663
-0.000000 -0.491959 -0.000000  0.000000  0.000000  0.000000 -0.000000  0.353643 -0.296981 -0.031678 -0.076821 -0.046652  0.047081  0.193569  0.257035  0.212854 -0.170176 -0.019090  0.258580 -0.036575  0.126978  0.073964 -0.227710 -0.058830  0.179528 -0.173889  0.161163 -0.000640 -0.101491 -0.300239  0.011210 -0.145366
 0.000000  0.121870 -0.370088  0.000000 -0.000000 -0.000000 -0.000000 -0.103188 -0.105422  0.160296 -0.108955  0.071430  0.142226 -0.207856  0.013904  0.254809 -0.109036 -0.150975 -0.228005 -0.192736  0.033022 -0.281178  0.033928  0.013240  0.183081 -0.304992  0.142358 -0.477707  0.126245 -0.076406  0.156835  0.168892
 0.000000  0.000000  0.000000  0.000000 -0.000000 -0.491959  0.000000 -0.330391  0.004282 -0.083976  0.069819  0.104326  0.142772  0.133885 -0.106441  0.306080  0.215613  0.287916  0.055952 -0.130997 -0.328064  0.256973  0.094188  0.208855  0.170151 -0.055062  0.121825 -0.001865 -0.157368 -0.134609  0.043629 -0.123381
 0.000000  0.491959 -0.000000 -0.000000  0.000000  0.000000  0.000000  0.298885 -0.230263 -0.208277  0.083598  0.068581  0.122598 -0.010614  0.383954  0.185761  0.350650 -0.045681  0.046905 -0.121968  0.189197 -0.093878  0.165391  0.155612 -0.243451  0.036657 -0.064807  0.003366 -0.054419 -0.078891 -0.029237 -0.224325
 0.000000 -0.000000  0.000000  0.000000 -0.000000  0.121870 -0.370088 -0.308885 -0.242571 -0.159169  0.199327 -0.172274  0.063288  0.319841  0.003288 -0.338809  0.176870  0.122326 -0.260744 -0.023632  0.304808  0.080677 -0.071729  0.000093  0.053454 -0.106079  0.029083 -0.005399  0.175078 -0.254132  0.209647  0.067488
 0.000000 -0.000000 -0.000000 -0.000000  0.000000  0.000000 -0.491959  0.316751  0.328107 -0.119489  0.233148 -0.178752 -0.061210  0.201549 -0.134264  0.142287 -0.048606  0.004807 -0.069314 -0.239833 -0.218668 -0.136635 -0.143606  0.043185 -0.108697 -0.347625 -0.126967 -0.053652 -0.073535  0.216112 -0.087588 -0.040482
-0.033184  0.023465 -0.000000 -0.000000 -0.435309 -0.000000 -0.000000  0.368218  0.102813  0.380327  0.145567 -0.058477  0.045273  0.077799 -0.043952 -0.177889  0.175785  0.103725  0.079934 -0.024491  0.040377  0.036207  0.219013  0.097530  0.287191  0.118980  0.188049 -0.035393 -0.046930  0.159506  0.426371  0.002650
 0.121870  0.000000 -0.000000 -0.370088  0.000000  0.000000  0.000000 -0.113543  0.386690  0.047978 -0.031783 -0.140737  0.260415 -0.188912  0.122648  0.005771 -0.115991  0.093875 -0.084203 -0.122396  0.144496  0.091864 -0.077487 -0.287382 -0.056120  0.054844  0.044721 -0.020581  0.124984 -0.060841  0.143883 -0.577242
-0.000000  0.000000  0.000000  0.491959  0.000000 -0.000000 -0.000000 -0.062045  0.167062  0.087749 -0.049731 -0.377250  0.022807  0.043543 -0.007383  0.033770  0.105521 -0.361213  0.073870 -0.251696  0.100945  0.323834  0.018986  0.076844  0.020770  0.204369  0.182371 -0.193752  0.193935 -0.019640 -0.283422 -0.083981
-0.000000  0.000000 -0.000000 -0.000000  0.000000 -0.000000 -0.491959 -0.150031 -0.162168  0.254113  0.171279  0.361533 -0.263259 -0.127516  0.318138 -0.064216 -0.162728 -0.201556  0.020834  0.103934 -0.236084  0.073727 -0.043015  0.125832  0.031039  0.184621  0.123158 -0.049475  0.089533  0.071366 -0.028122 -0.264369
-0.491959  0.000000  0.000000  0.000000  0.000000  0.000000 -0.000000  0.067364  0.019778  0.223329 -0.032740  0.381833  0.073367  0.298324 -0.192147  0.260954 -0.146539 -0.031213 -0.220893 -0.030376  0.316568  0.309461  0.075514 -0.063852 -0.145630  0.000076 -0.194856  0.025866  0.099420  0.075596 -0.013644 -0.057865
 0.000000 -0.000000 -0.000000 -0.000000  0.000000 -0.491959  0.000000  0.299200 -0.044275 -0.053244 -0.111746 -0.086452 -0.172442 -0.030518 -0.010771 -0.296278 -0.345496  0.071975 -0.161874 -0.132311 -0.115043  0.005405  0.284763  0.063523 -0.191071  0.078693 -0.126520 -0.075499  0.260095 -0.352903  0.039349  0.018506
 0.491959 -0.000000  0.000000 -0.000000  0.000000 -0.000000  0.000000  0.002377  0.085819  0.291828  0.136938  0.056876  0.057529 -0.111039  0.124911 -0.025783 -0.183689  0.038469 -0.236395 -0.069506  0.275329  0.288300  0.074628  0.226535 -0.088497 -0.169399 -0.051738  0.116673 -0.412403 -0.082676 -0.177759  0.196156
 0.000000 -0.000000 -0.000000 -0.000000 -0.000000  0.491959 -0.000000  0.109446 -0.007208 -0.065468 -0.058568  0.135336 -0.004921 -0.143970 -0.300475 -0.004429 -0.017700  0.116521 -0.113825 -0.271509 -0.143349 -0.036388  0.019593  0.318717  0.336049  0.182616 -0.214082  0.084598  0.013443 -0.352376 -0.124708 -0.212815
 0.000000 -0.000000  0.491959  0.000000 -0.000000  0.000000 -0.000000 -0.153315  0.027259 -0.007300 -0.156480 -0.180470 -0.274590  0.093386 -0.000206  0.257904 -0.139087 -0.081631 -0.194653  0.102700  0.195429 -0.306991  0.354402  0.178979  0.162339 -0.159082  0.212190  0.162673  0.011233  0.057728  0.020641 -0.185567
 0.000000 -0.000000 -0.491959 -0.000000 -0.000000  0.000000  0.000000 -0.138744  0.057291 -0.084463  0.258575 -0.125402 -0.354264  0.090320 -0.200070  0.121997 -0.191458  0.140330  0.296599  0.113648  0.320001 -0.150144  0.151119  0.078936 -0.093054  0.210166 -0.008439 -0.132907 -0.207770 -0.059815  0.007043 -0.168955
-0.000000 -0.000000  0.491959 -0.000000 -0.000000 -0.000000  0.000000 -0.123242 -0.130427  0.211872  0.026141  0.073868 -0.160380 -0.140080 -0.246067 -0.040340  0.081897  0.005832  0.288568 -0.322269  0.094215 -0.073793 -0.176516 -0.062310 -0.310778 -0.029795 -0.087677 -0.347705 -0.190246 -0.141106  0.204322 -0.009280
-0.033184 -0.023465 -0.000000  0.000000  0.435309 -0.000000 -0.000000  0.222453  0.297371  0.013539 -0.095137  0.287610 -0.225925  0.070958  0.000467 -0.168875  0.293874  0.222682 -0.163669  0.036230  0.103800 -0.056142 -0.032644 -0.088883  0.029598  0.040501  0.469377 -0.200320 -0.087568 -0.115915 -0.151987  0.016837
 0.000000 -0.121870 -0.370088 -0.000000 -0.000000  0.000000  0.000000 -0.080008 -0.107878  0.223918 -0.408028 -0.046439 -0.249508  0.025723 -0.075322 -0.127771  0.287519 -0.136325 -0.041422 -0.250210 -0.073374 -0.025412  0.001654  0.036920 -0.256705 -0.225457  0.034376  0.408416 -0.088020  0.045083  0.132846 -0.203312
 0.000000 -0.000000  0.000000 -0.491959 -0.000000 -0.000000 -0.000000  0.019795  0.164685  0.194284 -0.137133 -0.238929 -0.216403  0.140417  0.109597  0.235196  0.240096 -0.141623 -0.034110  0.231017 -0.046307  0.099196 -0.218660  0.313866 -0.038141  0.156811 -0.189063 -0.150000  0.133135 -0.208837  0.026650  0.214637
 0.000000 -0.000000  0.000000  0.000000  0.000000  0.121870  0.370088 -0.133591  0.070359  0.110884  0.218696  0.044114 -0.363941  0.177738  0.384663 -0.085595  0.044893  0.216424  0.095507 -0.260320 -0.073864  0.065495  0.102147 -0.115112  0.183016 -0.291862 -0.267987 -0.097324  0.244038  0.091493 -0.126584 -0.029851
-0.000000 -0.491959 -0.000000 -0.000000  0.000000  0.000000  0.000000 -0.022035  0.252388 -0.220264  0.216713  0.237901  0.087445 -0.216323 -0.009759 -0.054334  0.285817 -0.345224  0.083686  0.125452  0.080664 -0.003550  0.357535  0.130105 -0.094252 -0.193026 -0.153996 -0.063676  0.099416 -0.109700  0.115811 -0.009613
 0.491959
