6 7
 0.707327  0.196542 -0.064209  0.021437 -0.007404 -0.003061  0.675583 
 0.706886 -0.196617  0.064256 -0.021451  0.007409  0.003063 -0.676018 
-0.000035  0.960580  0.026290 -0.008776  0.003032  0.001253 -0.276601 
-0.000004  0.000000  0.995519  0.003000 -0.001036 -0.000428  0.094513 
 0.000000  0.000000 -0.000001  0.999497  0.000348  0.000144 -0.031711 
 0.000000  0.000000  0.000000  0.000000  0.999940 -0.000050  0.010959 
 0.000000  0.000000  0.000000  0.000000  0.000000  0.999990  0.004531 
 0.999990
