3 15
 0.447214 -0.000000  0.000000  0.228967 -0.195848  0.218733 -0.088848  0.244507  0.293353  0.157378  0.276430  0.428876 -0.438270  0.022281 -0.173053
 0.000000 -0.000000  0.447214 -0.152793  0.142560 -0.051997 -0.326729  0.388723 -0.110306  0.249459 -0.449419 -0.174744 -0.391807 -0.105950  0.155315
-0.447214 -0.000000 -0.000000  0.135676  0.397485  0.418970 -0.169960 -0.292674 -0.248476  0.191417  0.190926  0.072369 -0.266916 -0.126580 -0.325853
-0.000000 -0.000000  0.447214  0.372091  0.011464 -0.233794 -0.225217 -0.105756 -0.139656 -0.181861 -0.112297  0.200661  0.174018  0.563671 -0.302309
 0.000000  0.447214 -0.000000  0.318039 -0.178139  0.080430  0.560331 -0.209770 -0.171661  0.179582 -0.410232  0.050757 -0.240087  0.053735  0.097775
 0.000000  0.447214  0.000000 -0.063704  0.094682 -0.550414 -0.175583 -0.122469  0.072484  0.164541  0.010902  0.341711  0.123783 -0.479772 -0.208510
 0.447214  0.000000 -0.000000  0.191330  0.061754 -0.011663 -0.305693 -0.428635 -0.337509 -0.341374  0.080746 -0.070178 -0.188508 -0.216202  0.397613
-0.000000 -0.000000  0.447214  0.174051 -0.209520  0.285309 -0.110311 -0.353190  0.524441  0.185281 -0.036090 -0.238141  0.277792 -0.243500  0.060437
-0.000000  0.000000  0.447214 -0.008946 -0.204510 -0.210715  0.354739  0.116090 -0.266929 -0.076551  0.518722 -0.339211 -0.161561 -0.201201 -0.215748
 0.000000  0.447214  0.000000 -0.413187  0.050742 -0.089136 -0.127094 -0.282229  0.251161  0.071663  0.256304 -0.227578 -0.294872  0.490993  0.096051
-0.000000  0.447214  0.000000  0.239430  0.057888  0.218576 -0.167917  0.386336 -0.249394  0.243903  0.321930 -0.046699  0.408050  0.088235  0.335111
 0.447214 -0.000000  0.000000 -0.435881 -0.201923  0.256199 -0.056974 -0.160033 -0.393632  0.301431 -0.137122 -0.018726  0.259250  0.043173 -0.375110
 0.447214 -0.000000  0.000000  0.151260  0.733501 -0.044298  0.281554  0.051487  0.189311  0.073982 -0.029129 -0.267604  0.100612  0.024169 -0.175303
 0.000000 -0.447214  0.000000  0.080579  0.025174 -0.340544  0.089737 -0.228133 -0.097409  0.659689  0.178904  0.118191 -0.003127  0.153192  0.320428
-0.000000  0.000000 -0.447214  0.384403 -0.260006 -0.211196 -0.307518  0.045866  0.007550  0.176329 -0.079084 -0.551435 -0.101557  0.013020 -0.302306
 0.447214
