5 25
 0.447214 -0.000000 -0.000000 -0.000000 -0.000000  0.103635 -0.188466  0.176683  0.491687 -0.256783  0.053110  0.023606 -0.127803  0.184783 -0.095422  0.050189 -0.036763  0.145074 -0.115409 -0.148439  0.120085  0.411350  0.309687  0.107824  0.020867
 0.000000  0.000000 -0.000000 -0.447214  0.000000 -0.211676 -0.130906 -0.185176 -0.116731  0.030867  0.013649 -0.052891 -0.036267 -0.270974 -0.228810 -0.232607  0.167209  0.080347  0.214426 -0.118692  0.126685  0.495034 -0.338816  0.181944 -0.038902
 0.000000  0.000000 -0.447214  0.000000 -0.000000  0.112713  0.097840  0.157849 -0.206164  0.055949 -0.193259  0.010649  0.365860  0.413895 -0.044237 -0.088799 -0.128479  0.396801  0.120177  0.258066 -0.038779  0.212006 -0.052803  0.032073 -0.222351
-0.000000  0.447214 -0.000000 -0.000000  0.000000  0.392453 -0.190793 -0.111904 -0.308725 -0.038850  0.112324 -0.053845 -0.205957  0.031565 -0.064266 -0.315552 -0.142836  0.010215 -0.215820  0.280025  0.275484  0.001324  0.064005  0.069184  0.327607
 0.000000 -0.000000  0.000000  0.447214  0.000000  0.053637 -0.303399  0.005193  0.009636  0.177242 -0.167849  0.139002 -0.011744  0.134385 -0.597240  0.030621 -0.090389 -0.199169  0.333695 -0.142482 -0.074770  0.009277 -0.158539 -0.080935  0.182644
 0.000000 -0.447214 -0.000000 -0.000000  0.000000  0.316823 -0.313234  0.383065 -0.199745  0.085567 -0.075850 -0.197597 -0.070498 -0.380321  0.208272  0.082820 -0.054551  0.038535  0.239063  0.117182  0.112639  0.121264  0.130486 -0.198440  0.061320
-0.447214 -0.000000  0.000000 -0.000000 -0.000000 -0.154958 -0.346172 -0.241033  0.135887  0.167596  0.225166  0.289958  0.071397  0.006620  0.016086  0.273513 -0.170170  0.156343 -0.211156  0.134808  0.187604  0.233709  0.103985 -0.327263 -0.112376
 0.000000  0.000000 -0.447214  0.000000 -0.000000  0.000352 -0.230992 -0.219586  0.236060  0.050455 -0.282936 -0.169341  0.200898 -0.042853  0.301339  0.086727  0.122356  0.031914 -0.165873 -0.185754 -0.013958 -0.052926 -0.212493  0.007460  0.514480
 0.000000 -0.000000  0.000000 -0.000000  0.447214 -0.454483  0.071162  0.172537  0.070100  0.168327 -0.110532  0.045733 -0.111655  0.023289  0.107785 -0.145584 -0.377887  0.135238  0.203413 -0.032749  0.406433 -0.174821  0.101007  0.144979  0.186345
-0.000000 -0.447214  0.000000 -0.000000  0.000000  0.221749  0.082780 -0.603297  0.221220  0.058445  0.051065 -0.232769 -0.071969  0.026707 -0.083331 -0.098399 -0.330859  0.027329  0.124578  0.188795 -0.049453 -0.080819  0.099347  0.252125 -0.067480
 0.000000  0.000000 -0.447214  0.000000 -0.000000 -0.265692  0.062673 -0.092281 -0.325166 -0.154199 -0.165414 -0.222154 -0.453585 -0.045695 -0.212080  0.378533 -0.051199 -0.131570 -0.144454  0.002386 -0.026622  0.071551  0.247166  0.009614 -0.082646
 0.000000 -0.000000 -0.447214 -0.000000  0.000000  0.045019 -0.039816  0.098075  0.053001  0.044233  0.335720  0.135499  0.354289 -0.409463 -0.262984 -0.194972  0.023638 -0.113814 -0.077282 -0.160652  0.089048 -0.235320  0.305270  0.178904 -0.129555
-0.447214 -0.000000 -0.000000 -0.000000  0.000000  0.031850  0.229453  0.118719  0.021967 -0.330074  0.250621 -0.040702  0.175380  0.117859  0.021546  0.217013  0.030228 -0.213208  0.312259  0.079472  0.008406  0.252248  0.131544  0.266956  0.404565
-0.000000 -0.000000  0.000000 -0.000000 -0.447214 -0.011118 -0.105588  0.047720 -0.218233  0.007692 -0.001767  0.178856  0.001418  0.062113  0.301176 -0.029838 -0.558475 -0.189043 -0.041250 -0.414337 -0.054247  0.108703 -0.083057  0.248499 -0.083058
-0.000000 -0.447214 -0.000000  0.000000 -0.000000 -0.024400  0.264598  0.208753  0.012686  0.103015 -0.098206  0.183242  0.023768  0.036989 -0.188275 -0.120735 -0.032091 -0.303650 -0.548799  0.201050  0.165918  0.183150 -0.231253  0.028314  0.172264
-0.000000  0.000000 -0.000000  0.000000  0.447214  0.077178 -0.350418 -0.113348 -0.060113 -0.239336 -0.274985  0.279794  0.087727  0.047396  0.220288 -0.005295  0.117970 -0.418587  0.012238  0.169488 -0.026252  0.028100  0.019802  0.271175 -0.302810
 0.000000  0.447214 -0.000000 -0.000000  0.000000  0.121718  0.224938  0.100425  0.342886  0.285878 -0.235315 -0.193278  0.087258 -0.348189  0.000933  0.179237 -0.274665 -0.248002  0.030662  0.227003 -0.046379  0.222272 -0.065424  0.012815 -0.161504
 0.000000  0.000000  0.000000  0.447214  0.000000 -0.080528 -0.019255  0.009971  0.034359 -0.544893  0.104932 -0.193644  0.084224 -0.236022 -0.014124  0.050993 -0.145702  0.173532 -0.074904  0.059422  0.264005 -0.051387 -0.459302  0.008739 -0.192326
-0.447214 -0.000000 -0.000000  0.000000 -0.000000  0.194666 -0.105150  0.265674  0.182437  0.111529 -0.125599  0.063652 -0.352969 -0.045539 -0.094475  0.064720  0.117799  0.344043 -0.158401 -0.074075 -0.134738 -0.150593 -0.127924  0.494155 -0.104577
-0.000000  0.000000 -0.000000  0.000000 -0.447214 -0.279478 -0.052360 -0.012205  0.132384 -0.264750 -0.330662  0.341164 -0.047553 -0.247427 -0.014418 -0.217376 -0.009215  0.116597  0.129581  0.416849 -0.153683 -0.085092  0.183937 -0.003851  0.160536
-0.000000 -0.000000 -0.000000 -0.000000  0.447214  0.086710  0.121308 -0.023675 -0.095836 -0.186048  0.053088  0.194493 -0.022208 -0.255999 -0.041315 -0.096335 -0.307772  0.210903 -0.127321 -0.134228 -0.588111  0.170331 -0.019930 -0.171506  0.193943
-0.447214 -0.000000 -0.000000  0.000000 -0.000000  0.032077  0.033403  0.033323  0.151396 -0.205834 -0.297078 -0.289301 -0.021612  0.105844 -0.038579 -0.505057 -0.014621 -0.142103 -0.058112 -0.288645  0.058813  0.075985  0.202083 -0.326024 -0.166746
-0.000000 -0.000000  0.000000 -0.447214  0.000000 -0.172112 -0.372309  0.263758  0.130704 -0.139487  0.185670 -0.297526  0.072210  0.195989 -0.179827  0.018935 -0.262788 -0.160076 -0.062312  0.216334 -0.256785 -0.277765 -0.183176 -0.064304  0.013863
-0.000000 -0.000000 -0.000000  0.447214 -0.000000 -0.356897 -0.180561  0.063418 -0.030023  0.259031  0.262235 -0.295774 -0.036536  0.026652  0.202727 -0.295285  0.140511 -0.054093 -0.106677  0.180702 -0.319336  0.259379  0.095848  0.189836 -0.015358
-0.000000  0.000000  0.447214 -0.000000  0.000000 -0.107608 -0.110295 -0.055942 -0.242270 -0.003561 -0.305888 -0.245347  0.467462 -0.084116 -0.217961  0.181489 -0.033684  0.183332 -0.267433 -0.085954  0.009689 -0.004690  0.287139  0.228051  0.079927
 0.447214
