14 33
-0.000021 -0.000013  0.000010 -0.000001 -0.701571 -0.000030  0.000008  0.000012 -0.000005 -0.000064 -0.000034 -0.000020 -0.000004  0.000003  0.083539 -0.042122 -0.026390 -0.119769  0.296555  0.341754 -0.195112 -0.061941  0.018704  0.081968  0.129195 -0.167627  0.062367  0.144556 -0.103766  0.086806  0.011443 -0.158190  0.342425
 0.701815 -0.000000  0.000000 -0.000000  0.000000  0.000000 -0.000000  0.000000  0.000000 -0.000000 -0.000000  0.000000 -0.000000 -0.000000 -0.081805  0.039421 -0.135343 -0.007903 -0.112113 -0.191853 -0.224236  0.094756 -0.201994  0.044347  0.226441  0.082477  0.245438 -0.111039 -0.294693 -0.063904  0.303578  0.076467  0.099210
-0.000005  0.000002 -0.701770  0.000004 -0.000004  0.000009  0.000003  0.000001  0.000003  0.000000  0.000004  0.000004 -0.000001 -0.000002  0.030795 -0.002633 -0.026860 -0.249188  0.009120  0.342597  0.031023  0.010634 -0.033791 -0.020993  0.096029 -0.017644  0.196481  0.103589 -0.070694 -0.068837  0.004611  0.283254 -0.418061
 0.000001  0.000004  0.000008  0.000007  0.000004  0.000001  0.701755  0.000005 -0.000007  0.000000 -0.000002 -0.000003  0.000004  0.000001  0.170861  0.068645 -0.161316 -0.151029 -0.397958  0.047279  0.029875 -0.009824 -0.147945  0.189359  0.072055 -0.363857 -0.129996 -0.050002  0.096876 -0.035278  0.020807 -0.190432 -0.033934
 0.000037  0.086669  0.000026 -0.563100  0.000003 -0.000039 -0.000001  0.000025 -0.000011 -0.051863 -0.000001  0.000011  0.000025 -0.000001  0.173400  0.222112  0.090962  0.096721  0.094061  0.021128  0.195667 -0.293543  0.200143  0.472691  0.112883  0.118879 -0.043238 -0.215737 -0.196547 -0.235680 -0.019650  0.091458  0.015263
-0.000010  0.000049  0.000036  0.000012 -0.000029 -0.000070 -0.001879  0.699235  0.000135 -0.000075 -0.000008 -0.000184  0.000038 -0.000039 -0.269193  0.068456  0.132234 -0.138805 -0.107290  0.052135 -0.146692 -0.272355  0.141546 -0.028330 -0.356779 -0.177729  0.224243 -0.195314  0.035142 -0.055460  0.109822 -0.001969  0.052082
-0.086349  0.000000 -0.000000 -0.000000  0.000000 -0.000000 -0.000000 -0.000000  0.000000 -0.000000  0.000000  0.000000  0.563264 -0.052202 -0.004255 -0.015651  0.337276 -0.081169 -0.360003  0.122464 -0.253645  0.104436 -0.087813  0.106664  0.126105  0.356194  0.143883  0.062359  0.109814 -0.171698 -0.263872 -0.039884  0.181354
-0.000010 -0.086689  0.000032 -0.562967 -0.000045 -0.000055  0.000007 -0.000016  0.000052 -0.051884 -0.000014 -0.000003 -0.000016  0.000023  0.002645 -0.602122 -0.132373 -0.126149 -0.094772 -0.046315  0.168914  0.243935  0.036973 -0.202174 -0.160936 -0.084559  0.198988  0.090863 -0.020970 -0.172694 -0.004002 -0.092289  0.125551
-0.000037 -0.000001  0.000008  0.000008  0.000019  0.000011  0.000000  0.000021  0.000010  0.000006  0.701561 -0.000010 -0.000054 -0.000019  0.223129 -0.128965  0.259298  0.173739 -0.032427 -0.151823 -0.082882 -0.081080  0.058484  0.132063 -0.021766 -0.082802  0.261666  0.176479 -0.089951  0.244021  0.063454 -0.211116 -0.249779
-0.000129 -0.000021  0.000043 -0.000010  0.049675 -0.000371  0.000201 -0.000037 -0.638362 -0.012276 -0.000215 -0.000085  0.000111 -0.000261  0.121585  0.052183  0.139987 -0.190147 -0.121822  0.167000  0.005716  0.204661  0.340918 -0.082328 -0.037016  0.181492 -0.235558 -0.011487 -0.115854  0.097424  0.422706 -0.130657  0.019269
 0.000007 -0.701772 -0.000002 -0.000001 -0.000001  0.000003  0.000003  0.000002 -0.000000  0.000006 -0.000004  0.000004  0.000003 -0.000005  0.023497  0.239517  0.227870  0.207309  0.014053  0.168450  0.199027  0.286738 -0.039045 -0.115002  0.041345 -0.196037  0.144608 -0.286616 -0.168362  0.014447 -0.118604 -0.046681  0.039227
 0.000056  0.000022 -0.000064  0.000070  0.029234  0.000092  0.013899  0.105373  0.545296 -0.007080  0.000070 -0.000223 -0.000016 -0.000186  0.320218 -0.090214 -0.085215 -0.100542 -0.017082  0.165590  0.005582  0.138380  0.221761 -0.039805  0.099551  0.290416  0.020917 -0.368243  0.245158  0.318141  0.267016 -0.028915  0.031716
 0.000001 -0.000001  0.000005  0.000006 -0.000003 -0.000001  0.000002 -0.000003  0.000000  0.701777  0.000004  0.000005  0.000005 -0.000000 -0.063975  0.022011 -0.028623 -0.325993  0.085791 -0.033263  0.248144 -0.061382 -0.234585  0.072771 -0.136936  0.245015  0.045108 -0.094029 -0.206183  0.126265 -0.109095 -0.315450 -0.046692
-0.000034 -0.000001  0.000000 -0.000040  0.000005  0.605152  0.096357 -0.000037 -0.000018 -0.000042  0.000026  0.000047 -0.000003 -0.000004  0.112310 -0.064561  0.049705  0.015653  0.334505 -0.025319 -0.365748  0.167069 -0.081647 -0.002357 -0.149866  0.041641 -0.118235 -0.221301  0.036680 -0.358173  0.003042 -0.197735 -0.261208
-0.000000 -0.000000  0.000000  0.000000  0.000000 -0.000000  0.000000  0.000000 -0.000000 -0.000000  0.000000  0.000000  0.604539  0.097275 -0.114517 -0.127226  0.035429  0.172608  0.237761  0.084998  0.279747 -0.048633 -0.311331  0.126071 -0.110302 -0.160166 -0.121650 -0.012158  0.111833  0.058672  0.479764  0.079808 -0.047569
-0.000040 -0.000087  0.000031  0.000176 -0.085966  0.000157 -0.000041  0.000027  0.000115 -0.006484 -0.000117 -0.608422  0.000062 -0.000014 -0.392332  0.026023 -0.215253  0.112473 -0.021120  0.040415 -0.008193  0.350630  0.215570  0.415599 -0.061648  0.048026  0.072357  0.033458  0.090372  0.101571 -0.048750 -0.093827 -0.149660
 0.701815 -0.000000 -0.000000 -0.000000 -0.000000 -0.000000  0.000000 -0.000000 -0.000000  0.000000  0.000000  0.000000  0.000000 -0.000000  0.065273 -0.060188  0.223197  0.010707  0.054877  0.233297  0.198745 -0.075536  0.139487 -0.001589 -0.209646 -0.016023 -0.226292  0.124836  0.336356  0.029301 -0.305000 -0.076096 -0.061055
 0.000014  0.000036  0.000008  0.000004 -0.701357  0.000001  0.000029 -0.000100 -0.000022 -0.000128 -0.000021  0.000023  0.000005 -0.000031  0.007608  0.043425  0.085018  0.075149 -0.307073 -0.329839  0.197393  0.018335 -0.019981 -0.172541 -0.121948  0.180030 -0.104552 -0.152428  0.072361 -0.094809  0.048545  0.161121 -0.311020
 0.000030  0.000061  0.000001  0.000073  0.000034 -0.000014  0.002298 -0.699095  0.000001 -0.000046  0.000011  0.000067  0.000014 -0.000049 -0.193858  0.031936  0.081388 -0.135376 -0.090752  0.072569 -0.146078 -0.266744  0.148063 -0.025383 -0.320393 -0.122145  0.272745 -0.304711  0.130019  0.023631  0.115375  0.012639  0.058351
 0.000000 -0.000000  0.000000  0.000000 -0.000000  0.000000  0.000000  0.000000 -0.000000 -0.000000  0.000000  0.000000  0.000000  0.701815  0.037176  0.258638  0.083733 -0.246334  0.146914 -0.241282  0.127629  0.108259  0.113070 -0.032234  0.159022 -0.041069  0.242353  0.148858  0.304322 -0.178752  0.066928 -0.101247  0.051895
-0.000001 -0.701776 -0.000000  0.000003 -0.000001  0.000000 -0.000005  0.000001 -0.000003 -0.000003  0.000006 -0.000012  0.000002  0.000002 -0.002338 -0.137713 -0.200241 -0.179819  0.009246 -0.160146 -0.195735 -0.353233  0.059154  0.198269 -0.007570  0.221144 -0.174486  0.248657  0.146712 -0.022226  0.116681  0.069430 -0.052828
 0.000010 -0.000007 -0.086792  0.000104 -0.000056 -0.562850  0.051807  0.000028 -0.000008 -0.000060  0.000056  0.000008  0.000001  0.000008  0.150328  0.152396 -0.241024  0.322346  0.089777  0.154384 -0.145287 -0.023299 -0.068191 -0.145971 -0.229135  0.210542  0.084455  0.030095  0.069567 -0.357594  0.099716 -0.358050 -0.099661
 0.000046 -0.000005 -0.086762  0.000004  0.000000  0.563019 -0.051795  0.000021  0.000004 -0.000026 -0.000003 -0.000099  0.000004  0.000011  0.029583  0.221905 -0.293917  0.305122 -0.269974  0.181660  0.247853 -0.202874  0.019857 -0.143709 -0.068169  0.165661  0.211079  0.268288  0.029612  0.027259  0.096905 -0.145586  0.181233
-0.000002  0.000001 -0.701754 -0.000004 -0.000005 -0.000005 -0.000002 -0.000002  0.000013 -0.000001 -0.000000 -0.000022  0.000001 -0.000000 -0.053241 -0.043732  0.093090  0.171596  0.013106 -0.384125 -0.043632  0.017246  0.039898  0.056779 -0.059136 -0.028915 -0.233091 -0.140460  0.058320  0.109550 -0.028867 -0.221145  0.407932
 0.000001  0.000002  0.000002  0.000000 -0.000014 -0.000001 -0.000006 -0.000001  0.000001 -0.701771  0.000000  0.000010 -0.000001  0.000003 -0.097203  0.096805 -0.021325 -0.316100  0.089889 -0.033684  0.174478 -0.062421 -0.295716  0.014587 -0.125209  0.232080  0.019610 -0.069013 -0.160066  0.204578 -0.116120 -0.309955 -0.073450
-0.000001  0.000005 -0.000001  0.000007 -0.000002 -0.000002 -0.701782 -0.000004 -0.000001 -0.000000  0.000002  0.000000  0.000000 -0.000001  0.205218  0.049846 -0.157182 -0.147337 -0.323392  0.044608 -0.049356  0.027040 -0.164561  0.189123  0.044201 -0.347407 -0.149106 -0.112679  0.117461 -0.102311  0.022465 -0.231345 -0.089645
-0.000117 -0.000003  0.000038 -0.000044  0.000001 -0.000014 -0.000000  0.000004  0.000007  0.000006 -0.701467 -0.000042 -0.000049 -0.000012  0.144378 -0.164054  0.264408  0.185376 -0.036197 -0.130319 -0.067295 -0.130349  0.082020  0.088452  0.084171 -0.082075  0.239896  0.141378 -0.078010  0.218488  0.067311 -0.272246 -0.278775
-0.000024 -0.000003 -0.000069 -0.604968 -0.000002 -0.000045 -0.000000 -0.000059 -0.000003  0.096559  0.000009 -0.000025 -0.000008 -0.000021 -0.163772  0.353719  0.038319  0.027398  0.000622  0.023451 -0.339374  0.046485 -0.220660 -0.251557  0.044296 -0.031889 -0.144758  0.116273  0.202555  0.380192  0.022019  0.000864 -0.131005
 0.086349 -0.000000  0.000000 -0.000000 -0.000000 -0.000000 -0.000000  0.000000  0.000000 -0.000000  0.000000  0.000000  0.563264 -0.052202  0.127332  0.152094 -0.375328 -0.104008  0.104886 -0.213770 -0.046623 -0.052323  0.421800 -0.242011 -0.007660 -0.184318 -0.013172 -0.049342 -0.229743  0.108813 -0.251174 -0.045730 -0.130316
-0.000294  0.000041  0.000163 -0.000309  0.046347 -0.000119 -0.000021 -0.000419 -0.000128  0.003461  0.088769 -0.561638 -0.000015  0.000036 -0.099021 -0.152277  0.137313 -0.015534 -0.003822  0.063209  0.066158 -0.383901 -0.023202 -0.397386  0.451408 -0.023273 -0.126122 -0.155940 -0.002772 -0.156279  0.042274 -0.190665 -0.033245
-0.000338 -0.000064  0.000160 -0.000137 -0.046849  0.000108 -0.000069  0.000015 -0.000143 -0.003559  0.088750  0.560701  0.000053  0.000021 -0.524743 -0.124353 -0.096164  0.106513 -0.026798  0.107279  0.057374 -0.004153  0.210776  0.052895  0.385310  0.028933 -0.047607 -0.120138  0.095559 -0.046019 -0.010445 -0.292814 -0.195601
 0.000208  0.000042 -0.000135  0.000043 -0.029008  0.000521  0.013704  0.105982 -0.543273  0.007312  0.000283 -0.000268 -0.000146  0.000120  0.178549 -0.151844 -0.250045  0.122468  0.125965 -0.030052 -0.001161 -0.101468 -0.177962  0.056926  0.143098  0.078184  0.297931 -0.356062  0.382198  0.204924 -0.228674  0.124592  0.009267
-0.000000 -0.000000  0.000000  0.000000  0.000000  0.000000 -0.000000  0.000000  0.000000 -0.000000  0.000000  0.000000  0.000000 -0.701815  0.012062  0.230793  0.091367 -0.208512  0.198936 -0.222801  0.188770  0.097521  0.044847 -0.004664  0.135007 -0.076166  0.215870  0.146274  0.328771 -0.166061  0.171454 -0.083764  0.041518
 0.701815
