1 12
 0.288675 -0.112498  0.070722  0.085271  0.305079 -0.220624 -0.208719 -0.336012  0.338871  0.472689 -0.179527  0.472254
 0.288675  0.239045  0.005712  0.272807  0.044944 -0.293396 -0.344291 -0.092624  0.136520 -0.531719 -0.433237 -0.284244
 0.288675 -0.394919  0.081437  0.167049 -0.418402  0.509357 -0.397502 -0.244370 -0.065152  0.130828  0.028663 -0.227499
-0.288675 -0.086355  0.316281 -0.147914  0.178780 -0.422545 -0.521297  0.007834 -0.269241  0.229002  0.248219 -0.344141
-0.288675  0.339320  0.467628  0.160434  0.238576  0.386265 -0.034035 -0.462886 -0.105442 -0.250710  0.125061  0.214378
 0.288675 -0.381460  0.281417  0.320725  0.302850 -0.080514  0.233532  0.169844  0.257595 -0.249818  0.515167 -0.115533
-0.288675 -0.199565 -0.172999  0.406376 -0.304756 -0.408144  0.331278 -0.540724 -0.101801  0.024597  0.042487 -0.086085
-0.288675 -0.124735  0.097786 -0.452834 -0.053976  0.066157  0.071110 -0.238773  0.708530 -0.073562 -0.075805 -0.322421
-0.288675  0.363654 -0.078938  0.486464 -0.268426  0.038270 -0.254784  0.314866  0.444525  0.216580  0.239638  0.045124
 0.288675  0.432142 -0.291522  0.027415  0.307389  0.141508  0.176069 -0.252995 -0.020819  0.345442  0.206299 -0.521864
 0.288675  0.225828 -0.173470 -0.358369 -0.328816 -0.215271 -0.191147 -0.239426  0.041879 -0.262286  0.561178  0.270844
 0.288675  0.284181  0.655461 -0.062372 -0.422845 -0.181057  0.324331  0.075900 -0.012325  0.240772 -0.118942 -0.087103
 0.288675
