17 30
 0.000662  0.000229  0.000010  0.160285  0.000373  0.000193 -0.000159 -0.707260  0.000286  0.000279 -0.000920 -0.000855  0.019248  0.000286  0.000023  0.000049 -0.000443 -0.137854  0.115186  0.050777 -0.152078 -0.103349  0.240043  0.331995 -0.077196 -0.046395 -0.034756  0.103127 -0.406921 -0.227330
 0.000000  0.000000  0.000000  0.000000  0.000000  0.000000 -0.000000  0.000000  0.000000 -0.707107 -0.000000 -0.000000  0.000000  0.000000  0.000000 -0.000000  0.184698 -0.440701  0.132100  0.020667  0.136677  0.286567 -0.212300  0.075153  0.272052  0.064826 -0.089156  0.085135  0.022104 -0.091493
 0.000141 -0.000002 -0.000102 -0.162566 -0.000269 -0.000043 -0.000195 -0.001155  0.000031  0.000139  0.019573  0.706588 -0.000098  0.000013  0.000031 -0.000280 -0.000487 -0.129235  0.090483 -0.114449  0.044244 -0.051599 -0.135694  0.059377 -0.230955 -0.473453  0.208101 -0.055826  0.159319 -0.245096
-0.000195  0.000104 -0.000067  0.000007  0.000037 -0.000008 -0.000015 -0.000053  0.706937  0.000024  0.184032 -0.000063  0.000007  0.000004  0.000023  0.000005 -0.000018  0.226701  0.081605 -0.193158  0.081683 -0.029221 -0.102854  0.305911  0.332999  0.021721  0.193283 -0.323764 -0.076043  0.000017
-0.000287  0.000336  0.000025  0.159700  0.000373  0.000194 -0.000141  0.706951  0.000188  0.000280 -0.000933  0.000853  0.019279  0.000165  0.000269  0.000108 -0.000443 -0.138004  0.114503  0.050489 -0.152125 -0.103534  0.240230  0.332843 -0.077086 -0.046979 -0.035124  0.103118 -0.406699 -0.227729
 0.000016 -0.707402 -0.000022 -0.000062 -0.000056  0.000024 -0.000017  0.000010  0.000079 -0.000018 -0.000027  0.000006  0.183914 -0.000067  0.000023  0.000019  0.000027 -0.000012 -0.087836  0.210591  0.178248 -0.224093 -0.103048  0.130862 -0.124682  0.357075  0.067291 -0.037896  0.202218 -0.337723
 0.000069  0.000004  0.000013 -0.000074 -0.000034  0.000060 -0.000011  0.000021 -0.000024 -0.000012  0.000007 -0.000189 -0.184151  0.000042  0.000035 -0.707024 -0.000011  0.189596 -0.179630  0.272528  0.378072  0.335984  0.051968  0.088528 -0.110073 -0.103203  0.082703  0.023871 -0.160143 -0.039199
 0.708066 -0.000075 -0.000345 -0.159026  0.000235 -0.000003  0.000248 -0.000067  0.000198 -0.000009 -0.020735 -0.000282 -0.000388  0.000281  0.000059  0.000512 -0.000195  0.134550 -0.281885 -0.268276  0.042392  0.022516  0.173317  0.112314  0.194479 -0.078611 -0.291381  0.218389  0.142874 -0.247828
 0.001184  0.000048  0.000080 -0.161543 -0.000145  0.000039  0.000132 -0.000536  0.000022  0.000194  0.000259  0.000518  0.019574 -0.000016  0.707134  0.000259 -0.000005 -0.223690 -0.390814  0.165689 -0.160722 -0.049720 -0.047640  0.307667 -0.036927 -0.070838 -0.070499 -0.179330  0.044942  0.269244
 0.000045  0.000010 -0.000021  0.000011 -0.000029 -0.000007 -0.000031 -0.000108 -0.000042  0.000005 -0.184250  0.000080 -0.000031 -0.707027  0.000067 -0.000008  0.000003  0.094086  0.118922  0.030300  0.135731 -0.117622 -0.229616 -0.027082 -0.074875 -0.104665 -0.489351 -0.275583 -0.150836 -0.042585
-0.000000  0.000000  0.000000 -0.000000  0.707107 -0.000000 -0.000000 -0.000000  0.000000 -0.000000  0.000000  0.000000 -0.000000 -0.000000  0.000000 -0.000000 -0.184699  0.156572  0.180463 -0.038133 -0.006578  0.028528 -0.291432  0.323636 -0.134465  0.036683 -0.063462  0.377679  0.088149  0.207258
 0.000041  0.706811  0.000059 -0.000025 -0.000056  0.000023  0.000035 -0.000098 -0.000041 -0.000018 -0.000073  0.000076  0.184111 -0.000012  0.000017 -0.000030  0.000027  0.000126 -0.088119  0.210633  0.178500 -0.224225 -0.103387  0.130601 -0.124685  0.357406  0.067289 -0.037887  0.202690 -0.337895
 0.001226  0.000042  0.000168 -0.161537 -0.000144  0.000039  0.000136 -0.000290  0.000036  0.000194  0.000246  0.000452  0.019562 -0.000071 -0.707080  0.000226 -0.000005 -0.223742 -0.390788  0.165697 -0.160741 -0.049772 -0.047561  0.307887 -0.036997 -0.070944 -0.070560 -0.179349  0.044831  0.269072
-0.000000 -0.000000  0.000000 -0.000000  0.000000 -0.707107  0.000000  0.000000  0.000000  0.000000  0.000000  0.000000 -0.000000  0.000000 -0.000000  0.000000 -0.184699 -0.230529 -0.076044 -0.421274  0.290815  0.026296  0.087058  0.013268 -0.254527  0.194287  0.014615 -0.087117 -0.111763  0.116806
-0.000054  0.000005  0.000018  0.000072 -0.000019  0.000056  0.707251 -0.000043  0.000020 -0.000015  0.183986  0.000033  0.000043 -0.000049  0.000002  0.000072  0.000046 -0.107165  0.136427  0.147575  0.354334 -0.342813  0.226771  0.010308  0.149199 -0.160962 -0.072568  0.110737  0.095956  0.211095
 0.000138 -0.000124 -0.000049  0.890524 -0.000200 -0.000072  0.000008  0.000065  0.000042  0.000018  0.000084  0.000142  0.000042 -0.000004 -0.000001  0.000085 -0.000090 -0.030737 -0.251451 -0.095734  0.027524  0.008324 -0.090921  0.054378 -0.000318 -0.209750 -0.041705 -0.044306  0.271807  0.001402
-0.000019 -0.000045  0.000076  0.000004 -0.000029 -0.000008  0.000019  0.000014  0.000020  0.000005 -0.184178  0.000043  0.000025  0.707186  0.000012 -0.000037  0.000003  0.093966  0.118953  0.030472  0.135732 -0.117681 -0.229892 -0.027386 -0.074960 -0.104540 -0.489035 -0.275701 -0.150623 -0.042248
-0.000013  0.000052 -0.000013  0.000017 -0.000034  0.000060 -0.000058 -0.000037 -0.000040 -0.000012  0.000005 -0.000019 -0.184121  0.000071  0.000001  0.707189 -0.000011  0.189511 -0.178906  0.272628  0.378058  0.335933  0.051585  0.088096 -0.110412 -0.103231  0.083236  0.023618 -0.160210 -0.039165
-0.000293  0.000068 -0.000068 -0.162342 -0.000269 -0.000043 -0.000044  0.000554 -0.000080  0.000139  0.019493 -0.707624 -0.000066 -0.000024  0.000097 -0.000110 -0.000486 -0.129410  0.089966 -0.114074  0.043814 -0.051615 -0.135581  0.059748 -0.230775 -0.472779  0.207591 -0.056190  0.159347 -0.244385
-0.000003  0.000017  0.000018 -0.000121 -0.000037  0.000008  0.000008  0.000151  0.707277 -0.000024 -0.183961 -0.000048 -0.000025 -0.000066 -0.000009  0.000011  0.000018 -0.226501 -0.081551  0.193094 -0.081517  0.029303  0.102559 -0.306058 -0.332851 -0.021707 -0.193053  0.323503  0.076161  0.000172
 0.000027 -0.000122  0.707090 -0.000053  0.000010 -0.000020  0.000011  0.000017 -0.000011  0.000001  0.000012 -0.000121  0.184142 -0.000098  0.000017  0.000005  0.000015 -0.008125 -0.271614 -0.040638  0.081856 -0.205068 -0.310244 -0.176270  0.132162 -0.090003  0.141333  0.217328 -0.348954  0.002304
 0.000011  0.000041  0.707124 -0.000022 -0.000010  0.000020 -0.000043 -0.000033  0.000060 -0.000001  0.000021  0.000156 -0.184154  0.000001  0.000071  0.000021 -0.000015  0.008322  0.271479  0.040256 -0.081751  0.205110  0.310362  0.176291 -0.131966  0.089819 -0.141466 -0.217091  0.349121 -0.002657
 0.000000  0.000003 -0.000002  0.000007  0.000004 -0.000013  0.000008 -0.000004  0.000003  0.000018 -0.000006 -0.000001 -0.891705 -0.000009  0.000007 -0.000002  0.000003 -0.097524 -0.086407 -0.032659 -0.062354 -0.322675 -0.183949 -0.027539  0.043582  0.147925  0.047490  0.060694 -0.010176 -0.119967
 0.000094 -0.000057  0.000013  0.000113  0.000019 -0.000056  0.706963  0.000026 -0.000012  0.000015 -0.184027  0.000118 -0.000069 -0.000002  0.000001 -0.000025 -0.000046  0.107118 -0.136026 -0.147491 -0.354469  0.342948 -0.226895 -0.010326 -0.149515  0.160922  0.072892 -0.110884 -0.096242 -0.211270
-0.000000 -0.000000 -0.000000 -0.000000  0.707106 -0.000000 -0.000000 -0.000000  0.000000 -0.000000 -0.000000  0.000000  0.000000  0.000000  0.000000  0.000000  0.184699 -0.156717 -0.180572  0.038304  0.006771 -0.028513  0.290918 -0.323874  0.134160 -0.037001  0.063762 -0.378055 -0.087571 -0.206977
-0.000001  0.000005  0.000009 -0.000003 -0.000004  0.000021  0.000007 -0.000036 -0.000009  0.000008 -0.891668 -0.000002 -0.000004  0.000016  0.000002 -0.000004 -0.000001 -0.001327  0.057438 -0.023889  0.124039 -0.108068  0.131604  0.138601  0.210948 -0.031297  0.274588  0.013093  0.071714  0.106161
-0.000000 -0.000000 -0.000000 -0.000000  0.000000 -0.707107 -0.000000  0.000000  0.000000  0.000000  0.000000  0.000000  0.000000  0.000000 -0.000000  0.000000  0.184699  0.230456  0.076080  0.421436 -0.290797 -0.026347 -0.086837 -0.013032  0.254495 -0.194256 -0.014649  0.087182  0.111525 -0.116858
-0.000000 -0.000000  0.000000 -0.000000 -0.000000 -0.000000  0.000000 -0.000000 -0.000000  0.707106  0.000000  0.000000  0.000000 -0.000000 -0.000000  0.000000  0.184699 -0.440427  0.132179  0.020617  0.136898  0.286696 -0.212383  0.074689  0.272199  0.065097 -0.089185  0.085208  0.022352 -0.091378
-0.000000 -0.000000  0.000000  0.000000 -0.000000  0.000000 -0.000000  0.000000 -0.000000  0.000000 -0.000000 -0.000000  0.000000  0.000000  0.000000 -0.000000 -0.891806 -0.151699  0.011409  0.199139 -0.060911  0.096095 -0.003511 -0.108983  0.274018 -0.068199 -0.016718 -0.085244  0.019215 -0.171458
-0.706144 -0.000050 -0.000307 -0.159717  0.000236 -0.000003  0.000289 -0.001020  0.000001 -0.000008 -0.020889  0.000153 -0.000308  0.000218  0.000018  0.000432 -0.000196  0.134080 -0.284067 -0.268347  0.041829  0.022445  0.173727  0.113771  0.194750 -0.078989 -0.292526  0.218488  0.143210 -0.247728
 0.891806
