5 10
 0.707107  0.000000  0.000000  0.000000  0.000000  0.348791 -0.188910  0.439689 -0.102586 -0.372569 
 0.707107  0.000000  0.000000  0.000000  0.000000 -0.348791  0.188910 -0.439689  0.102586  0.372569 
 0.000000  0.707107  0.000000  0.000000  0.000000 -0.106620 -0.520466 -0.095309 -0.424578  0.168513 
 0.000000  0.707107  0.000000  0.000000  0.000000  0.106620  0.520466  0.095309  0.424578 -0.168513 
 0.000000  0.000000  0.707107  0.000000  0.000000  0.176788 -0.404083 -0.057029  0.526506  0.158120 
 0.000000  0.000000  0.707107  0.000000  0.000000 -0.176788  0.404083  0.057029 -0.526506 -0.158120 
 0.000000  0.000000  0.000000  0.707107  0.000000 -0.355635 -0.006969  0.536363  0.088290  0.279276 
 0.000000  0.000000  0.000000  0.707107  0.000000  0.355635  0.006969 -0.536363 -0.088290 -0.279276 
 0.000000  0.000000  0.000000  0.000000  0.707107 -0.457435 -0.173483 -0.081564  0.155582 -0.479373 
 0.000000  0.000000  0.000000  0.000000  0.707107  0.457435  0.173483  0.081564 -0.155582  0.479373 
 0.707107
