19 26
 0.000132  0.000029  0.000067  0.000242  0.000109  0.000379  0.959003  0.000015  0.000481  0.000111 -0.000019  0.024527 -0.000142  0.000691  0.000214  0.000113  0.005923  0.000090  0.000075 -0.210694  0.079710 -0.143493 -0.040304 -0.039117  0.020356 -0.069076
 0.958276 -0.000033  0.000002  0.000019 -0.000007 -0.000041  0.000010 -0.000014 -0.000049 -0.000020 -0.000031  0.000004  0.000007 -0.000025  0.000018  0.000011  0.033995 -0.000000 -0.000053 -0.004712 -0.222301 -0.051690  0.068015 -0.071331 -0.020679 -0.135269
-0.202170  0.000134 -0.706933 -0.000030 -0.000092 -0.000096 -0.000203 -0.000030 -0.000067 -0.000048 -0.000184  0.000242  0.000573 -0.000125 -0.000105  0.000026  0.080708  0.000359  0.000382 -0.012813 -0.525892 -0.122797  0.161612 -0.169649 -0.048685 -0.322154
 0.000229 -0.000681  0.000011  0.201945  0.000187 -0.000220 -0.000519 -0.000030  0.000012  0.000117  0.000107 -0.063771  0.000424  0.706726 -0.001255 -0.000081  0.013963 -0.001345  0.000156  0.023588  0.088067  0.268740 -0.069006 -0.061086  0.511428 -0.323888
 0.000149 -0.000404  0.000171  0.000040 -0.000091 -0.000295  0.000192 -0.014500  0.000092  0.000019 -0.059578  0.000239  0.198990  0.000416  0.002172 -0.000855  0.000003 -0.002454 -0.710482 -0.098351  0.214766  0.320248  0.165082  0.017388 -0.390316 -0.337030
-0.000000 -0.000000 -0.000000 -0.000000  0.000000 -0.707103  0.000000  0.000000 -0.000000  0.082125  0.000000 -0.000000 -0.000000 -0.000000 -0.000000  0.203390 -0.000000  0.000000  0.000000  0.429433  0.225680 -0.350506 -0.094836 -0.011849 -0.068037 -0.282720
-0.000025 -0.000005  0.000024  0.000025  0.000020  0.000083  0.000002 -0.000009 -0.000030  0.000006  0.992082 -0.000011  0.000073  0.000005 -0.000003 -0.000139  0.000034 -0.000007 -0.000033 -0.011389  0.016464  0.061436 -0.050920 -0.039372 -0.074273 -0.044024
 0.000370 -0.000368  0.000403  0.000569  0.000441  0.000906 -0.199482  0.000147  0.000165  0.000265 -0.000328  0.058536 -0.000766 -0.000085  0.000720  0.000269  0.014103 -0.710074  0.001968 -0.502008  0.189583 -0.341778 -0.098113 -0.094797  0.046561 -0.163775
-0.000000  0.000000 -0.000000  0.000000 -0.000000  0.707107  0.000000  0.000000  0.000000  0.082124 -0.000000 -0.000000 -0.000000  0.000000 -0.000000  0.203388 -0.000000  0.000000 -0.000000  0.430768  0.225567 -0.349511 -0.092736 -0.011034 -0.067677 -0.282820
 0.000233 -0.000525  0.000909 -0.000498 -0.000016 -0.000294 -0.000157 -0.014612  0.000018  0.000019 -0.060259  0.000379  0.200715  0.001047 -0.000783 -0.000864 -0.000016  0.002340  0.703702 -0.099923  0.216736  0.322987  0.165245  0.016861 -0.395097 -0.340133
 0.000003 -0.000002 -0.000328 -0.000047  0.000028 -0.000126  0.000099 -0.006107  0.000298  0.000008 -0.024783 -0.000011 -0.959226  0.000475  0.000131 -0.000358  0.000017  0.000278 -0.000140 -0.040717  0.089639  0.134314  0.069892  0.007797 -0.163083 -0.141276
 0.000000 -0.000000  0.000000 -0.000000  0.000000  0.000000 -0.000000 -0.000000 -0.000000  0.992620  0.000000 -0.000000 -0.000000  0.000000 -0.000000  0.000000 -0.000000  0.000000  0.000000 -0.077282 -0.040861  0.063272  0.017077  0.002055  0.012081  0.051170
-0.202074  0.000195  0.707279  0.000055 -0.000018 -0.000096  0.000108 -0.000011 -0.000342 -0.000048 -0.000235  0.000174 -0.000178 -0.000164  0.000026  0.000026  0.080623 -0.000247 -0.000348 -0.011648 -0.526540 -0.122231  0.160496 -0.169630 -0.048529 -0.321268
 0.000000  0.000000 -0.000000  0.000000 -0.000000 -0.000000  0.000000 -0.000000  0.000000  0.034881  0.000000  0.000000 -0.000000 -0.000000 -0.000000 -0.957739  0.000000 -0.000000 -0.000000  0.182536  0.095492 -0.149633 -0.039975 -0.004727 -0.028042 -0.119516
 0.000121  0.000198  0.000061 -0.958414  0.000001 -0.000090 -0.000197  0.000001  0.000106  0.000050  0.000042 -0.026722  0.000079  0.000068 -0.000101 -0.000033  0.005913  0.000095 -0.000201  0.008795  0.037505  0.112405 -0.029516 -0.026140  0.215281 -0.136653
 0.000141  0.708014  0.000137  0.000416 -0.202215 -0.000152 -0.000072  0.080326 -0.000010 -0.000060  0.000097  0.000067  0.000044 -0.000067 -0.000151 -0.000060 -0.000023  0.000182  0.000134  0.065677  0.169302  0.000386  0.286848 -0.557974  0.037459  0.152894
-0.000003 -0.000020 -0.000011 -0.000006 -0.000016 -0.000012  0.000001  0.992466  0.000007  0.000010 -0.000001  0.000014 -0.000002  0.000009 -0.000007 -0.000011 -0.000003 -0.000009 -0.000007 -0.015168 -0.020239  0.005681 -0.028068  0.109152 -0.013625 -0.038094
-0.000014  0.000007 -0.000033  0.000260 -0.000097  0.000380 -0.000067  0.006044  0.959089  0.000010 -0.025244  0.000161 -0.000076 -0.000269 -0.000163 -0.000084  0.000050  0.000109 -0.000281  0.006408 -0.037032  0.061562 -0.228099 -0.131046 -0.071174  0.001977
-0.000406  0.000880 -0.001015 -0.000968 -0.000378 -0.000909  0.201295 -0.000100 -0.001072 -0.000267 -0.000005 -0.058960  0.000362 -0.001691 -0.001246 -0.000272 -0.014221 -0.704112  0.002825  0.506251 -0.191861  0.345087  0.096083  0.094074 -0.048534  0.165489
-0.000001  0.706193 -0.000193  0.000198  0.202714  0.000149 -0.000324 -0.080595  0.000974  0.000060  0.000125 -0.000127  0.000219  0.000220  0.000085  0.000060 -0.000000  0.000315 -0.000016 -0.066889 -0.168321 -0.000798 -0.285064  0.560775 -0.036325 -0.154422
 0.000012  0.000024  0.000012  0.000009 -0.000023 -0.000005  0.000012  0.000004  0.000002 -0.000003  0.000015 -0.000003 -0.000006 -0.000001 -0.000005 -0.000010  0.992456  0.000003  0.000013  0.017094  0.084540  0.024087 -0.023278  0.034866 -0.008493  0.071980
 0.000080  0.001691 -0.000500 -0.000317  0.000309  0.000920  0.000239  0.014327 -0.201264  0.000025 -0.060936  0.000868 -0.000745  0.000825 -0.703643 -0.000202  0.000050  0.002116 -0.002293  0.012466 -0.088006  0.146092 -0.549950 -0.313991 -0.173625  0.004544
 0.000067  0.000042 -0.000036 -0.000011 -0.000024 -0.000148 -0.000017 -0.000063 -0.000021 -0.000018  0.000151  0.991803 -0.000023 -0.000012  0.000004 -0.000045  0.000095 -0.000010  0.000008  0.068131 -0.012015  0.081408  0.003307  0.004192  0.065713 -0.023799
-0.000014 -0.000016 -0.000015  0.000051 -0.958131  0.000065 -0.000115 -0.034012 -0.000006  0.000026 -0.000001 -0.000043 -0.000014 -0.000000  0.000010  0.000026 -0.000009 -0.000019  0.000024 -0.028441 -0.071137 -0.000372 -0.121305  0.236136 -0.015356 -0.065171
-0.000279  0.000529  0.000024 -0.201639 -0.000270  0.000217  0.000039  0.000070  0.000583 -0.000118  0.000088  0.063563 -0.000191  0.707483  0.002075  0.000082 -0.013951 -0.000431 -0.000770 -0.021964 -0.089064 -0.268493  0.069541  0.061250 -0.509938  0.324716
 0.000033  0.001740 -0.000627  0.000493  0.000252  0.000908  0.000500  0.014254 -0.199093  0.000025 -0.060226  0.000383 -0.000944 -0.000003  0.710544 -0.000199  0.000090  0.001590  0.000682  0.014132 -0.087722  0.146296 -0.544934 -0.311230 -0.168876  0.004139
 0.992620
