6 16
-0.673887 -0.000000  0.000000 -0.000000 -0.000000 -0.000000 -0.203547 -0.163724  0.323544 -0.021922 -0.172263  0.293077 -0.244284  0.337727  0.286535  0.032751
-0.000000 -0.000000 -0.000000 -0.673887  0.000000  0.000000  0.102135  0.041265  0.141833 -0.387716 -0.442523  0.122559  0.318392 -0.008104 -0.190155 -0.121884
 0.000000 -0.522435  0.000000 -0.000000  0.000000  0.151453  0.373081 -0.145807  0.081271  0.157419 -0.128138 -0.320015 -0.007871  0.068894  0.325159 -0.531906
-0.522435 -0.000000  0.000000 -0.000000 -0.151453 -0.000000 -0.026625 -0.263167 -0.573326  0.233548 -0.133860 -0.092181  0.133361 -0.159844 -0.400283 -0.144683
-0.000000 -0.000000 -0.673887  0.000000  0.000000  0.000000 -0.256520 -0.141661  0.074224 -0.093659  0.119208  0.211117  0.027473 -0.528934  0.179568 -0.272347
-0.000000 -0.000000  0.000000 -0.000000 -0.673887 -0.000000  0.034697 -0.206580  0.106525  0.061997 -0.019316 -0.142116  0.427016 -0.084952  0.343462  0.398384
-0.000000 -0.000000  0.522435 -0.000000  0.151453 -0.000000 -0.118760 -0.223492  0.003408 -0.171238 -0.252290 -0.119381 -0.291054 -0.623413  0.214888  0.115333
-0.000000 -0.000000  0.000000 -0.000000  0.000000  0.673887  0.327134 -0.401038  0.182926 -0.117430  0.264339  0.194464 -0.098733 -0.054074 -0.291047  0.160323
-0.000000  0.522435 -0.000000  0.000000  0.000000  0.151453  0.020716  0.103405  0.457175  0.560256 -0.247300 -0.182296  0.030173 -0.152080 -0.135978 -0.182179
 0.000000 -0.000000  0.000000  0.000000  0.000000  0.673887 -0.226786  0.458737 -0.350701  0.049482 -0.222519  0.110849  0.072000  0.008993  0.300020  0.038540
 0.000000  0.000000  0.000000 -0.522435 -0.000000 -0.151453  0.354276  0.080550 -0.195509  0.457729  0.190725  0.349044 -0.253669 -0.136661  0.237193  0.163987
 0.000000 -0.000000  0.000000  0.522435 -0.000000 -0.151453  0.486020  0.133778 -0.012560 -0.042385 -0.380084  0.507132  0.157024 -0.147115 -0.008088  0.006769
 0.000000 -0.673887 -0.000000 -0.000000  0.000000  0.000000 -0.273173  0.193203  0.291421  0.312301 -0.092381  0.106767  0.029494 -0.171311 -0.357499  0.271128
-0.522435  0.000000 -0.000000  0.000000  0.151453  0.000000  0.289180  0.474354  0.155988 -0.205271  0.356062 -0.285859  0.181739 -0.275790  0.030682  0.102437
 0.000000 -0.000000  0.000000  0.000000 -0.673887  0.000000  0.057262  0.312943  0.037399 -0.210438 -0.018537 -0.016275 -0.554934 -0.067987 -0.202071 -0.212051
-0.000000  0.000000 -0.522435  0.000000  0.151453 -0.000000  0.212124 -0.040764 -0.092334 -0.050428 -0.406056 -0.391701 -0.326492  0.058858 -0.016736  0.466632
 0.673887
