8 41
-0.447185  0.000000  0.000005  0.000003  0.000011 -0.000003  0.000005 -0.000000  0.092014 -0.159130 -0.082821  0.398491  0.002890  0.322194  0.050863 -0.251641  0.112683 -0.079791  0.146073  0.097685  0.068975  0.001177  0.392764 -0.307622  0.058051 -0.243811 -0.002195  0.060436  0.034982 -0.066508 -0.123753  0.004169  0.085090  0.010962  0.091982 -0.094358 -0.038092 -0.052510  0.092674 -0.034577 -0.033004
 0.000000 -0.000000  0.000000 -0.000000  0.000000 -0.447212 -0.000000  0.000000  0.292487  0.213234 -0.189512 -0.133381  0.070014  0.154524 -0.055446 -0.268383  0.274019 -0.067136  0.066050 -0.248141 -0.035359 -0.080556 -0.022775  0.314845 -0.165070 -0.074552 -0.135877  0.094711  0.118652  0.212704 -0.050961  0.157974  0.024335  0.064204  0.073439 -0.010126  0.050835 -0.198621 -0.173099 -0.143833  0.092036
 0.000479 -0.001248 -0.000968 -0.000307  0.423362  0.000982 -0.000042 -0.019736 -0.049644  0.024067 -0.106585  0.095440  0.328628 -0.181676  0.006645 -0.033639  0.146502 -0.145850  0.023476  0.203219 -0.339968  0.348681 -0.031850 -0.042665  0.098181  0.167035 -0.272722 -0.055409 -0.213260 -0.016794 -0.191837 -0.061148 -0.121230  0.072012 -0.015586 -0.051421  0.030502 -0.171335 -0.116245 -0.110660 -0.223607
 0.000002 -0.000003 -0.000010 -0.000011 -0.000002  0.000020 -0.000004  0.447151 -0.145116 -0.006879 -0.033836 -0.259264 -0.049343 -0.155606  0.278623 -0.260101  0.032512  0.045518 -0.006012 -0.014870 -0.379756 -0.187533 -0.021664 -0.208440 -0.168443  0.010162 -0.052638  0.208158  0.076798 -0.007546 -0.228670 -0.218123  0.155305 -0.153551  0.041951  0.056836  0.018092  0.022484  0.238816 -0.000134  0.144975
 0.000018  0.000000  0.000006  0.000004  0.000014 -0.000018 -0.000018  0.447128  0.066588 -0.104447  0.146394  0.071145 -0.097392  0.085565 -0.267130  0.053885  0.372471  0.185400 -0.155100 -0.027118  0.193229  0.068230 -0.199803 -0.194484  0.243524 -0.071978 -0.153678  0.004737 -0.095409  0.004737  0.111637 -0.194507  0.009994  0.117489 -0.176985  0.138519  0.272823 -0.060492 -0.155574 -0.115000  0.148507
 0.000000  0.000000 -0.000000 -0.000000  0.000000 -0.447212 -0.000000 -0.000000 -0.349750 -0.060849 -0.057886  0.026829 -0.107101 -0.121057 -0.233440  0.115310 -0.011428 -0.011799  0.239832  0.046205  0.044180 -0.429227  0.069147 -0.163039  0.066216  0.143684  0.049506 -0.033098 -0.090774  0.158059 -0.019118 -0.081230  0.024288  0.060268 -0.087804 -0.013296 -0.077894  0.097194 -0.021990 -0.297222 -0.336605
-0.008043  0.004103 -0.005224  0.009718  0.386583  0.000556 -0.028703  0.003722 -0.054057  0.096866 -0.153429 -0.134231  0.231036  0.261716 -0.036885  0.111674 -0.005592  0.059568  0.281685  0.208692  0.238957 -0.100921 -0.074416 -0.062381 -0.209573  0.204559  0.187561  0.093424 -0.176985 -0.103293  0.190013 -0.052521  0.302621 -0.122524 -0.080134 -0.109280  0.096235 -0.144167  0.018977  0.110089  0.280611
-0.000001  0.447147  0.000004 -0.000025  0.000011  0.000009 -0.000006  0.000005  0.052311  0.005528 -0.025655  0.177777 -0.104202 -0.214010  0.098040 -0.044173 -0.208010 -0.214423  0.002373  0.155676 -0.022710 -0.028222  0.057193  0.235706  0.120771  0.013928 -0.085517  0.203265  0.095538 -0.126472  0.149483  0.021527  0.205986  0.310676 -0.324741 -0.052181  0.110709 -0.034477  0.141220 -0.286372  0.222067
 0.000000 -0.000000  0.000000  0.000000  0.000000 -0.447212  0.000000  0.000000  0.362576 -0.004038 -0.069364 -0.116001 -0.094952  0.176037  0.219482  0.316127  0.002460  0.017605 -0.186415  0.252293 -0.168391  0.200362 -0.117524 -0.201993  0.047582  0.003849  0.207892 -0.154048  0.222115 -0.116124  0.124954 -0.109927 -0.009449 -0.017379 -0.053706  0.004038 -0.071386 -0.039829  0.220634 -0.086965 -0.119785
-0.000001 -0.000007  0.000051  0.446970 -0.000066 -0.000084 -0.000011  0.000010  0.087705 -0.139065 -0.060056  0.081724  0.177473  0.069004 -0.186677  0.198814  0.154717 -0.350837 -0.184388 -0.174344 -0.116083 -0.215297  0.237693  0.097056  0.049303  0.255377 -0.002362 -0.003326  0.086091 -0.160457 -0.057618 -0.168656 -0.080645 -0.181362 -0.134455  0.213355 -0.159486  0.067570  0.007878  0.104153  0.196493
-0.000610  0.000002  0.000006  0.000003  0.000005 -0.000000  0.446562  0.000011  0.180005  0.042175  0.237763 -0.112065  0.276288 -0.246942 -0.078272 -0.078510  0.071186  0.120917 -0.069333  0.028187  0.041701 -0.015501  0.154810 -0.324397 -0.025919  0.163916  0.224255  0.211674  0.135391 -0.029365  0.024325  0.284929 -0.169609  0.033077 -0.049272 -0.212831 -0.077785  0.114437 -0.141251 -0.179837  0.136402
-0.000011  0.447104 -0.000004  0.000008  0.000018  0.000021  0.000014  0.000029 -0.021390  0.090024  0.247537  0.040697  0.225613  0.213912 -0.014454  0.177280  0.064809  0.322734 -0.063216 -0.129335 -0.134590 -0.071448  0.172000  0.209727 -0.085327 -0.001329  0.086552  0.169799  0.061511 -0.085079 -0.085199 -0.258081 -0.008552  0.021919  0.126480 -0.168057  0.278071  0.072920 -0.003642  0.086054 -0.333306
-0.000002  0.000025  0.447132  0.000011  0.000002 -0.000025  0.000004  0.000011  0.159963  0.329721  0.117912 -0.020461  0.029536 -0.012372  0.134349 -0.023061  0.272477 -0.161868  0.136868  0.092153 -0.060505 -0.157748 -0.027129  0.040005  0.237942 -0.079752  0.135248  0.005327 -0.380650  0.054031  0.048849  0.029469 -0.065078  0.187626  0.063753  0.078391 -0.014416  0.341058  0.215991  0.166225  0.021514
-0.000023 -0.447162 -0.000003 -0.000002 -0.000011  0.000001 -0.000001 -0.000004  0.033508  0.103450  0.036339  0.373301 -0.045009 -0.149476  0.298928  0.162837  0.076950  0.193550 -0.029120  0.087157 -0.213695 -0.156440  0.145820  0.149920 -0.177125 -0.110800  0.015006  0.235124 -0.047438 -0.018455  0.309113 -0.074775  0.039255 -0.060310 -0.185975  0.070275  0.016078 -0.056218 -0.295638 -0.009731 -0.055580
-0.000001  0.447096  0.000015  0.000002 -0.000005 -0.000021 -0.000020  0.000010  0.168720 -0.013164 -0.060163  0.112788 -0.075397 -0.172591  0.027400 -0.087797 -0.019077 -0.090596  0.085574  0.164638 -0.073377 -0.271502 -0.259309 -0.120183  0.087300 -0.212995  0.152915 -0.075053 -0.047525 -0.047646  0.003220  0.041887 -0.154832 -0.416684  0.020159  0.053889 -0.003947 -0.186137 -0.385882  0.183018 -0.033783
 0.447194  0.000001  0.000002 -0.000004 -0.000002  0.000003  0.000002 -0.000003  0.143609 -0.208290  0.014119  0.184127 -0.122791 -0.001021 -0.079101  0.069112  0.008967 -0.127857  0.002082 -0.200525 -0.189747 -0.120640  0.036917 -0.296008 -0.096071  0.075103  0.032700  0.073211 -0.097262  0.073740  0.047927  0.183995  0.139061  0.328537  0.094892 -0.150612  0.100810 -0.319045  0.112054  0.343740 -0.075063
 0.000009  0.000012 -0.447112  0.000001 -0.000028 -0.000014  0.000010  0.000015 -0.220727  0.088128 -0.036388 -0.043366 -0.031087  0.121418  0.358896  0.106099  0.122319 -0.320158 -0.178058 -0.100332  0.133823 -0.014328 -0.003616 -0.037817 -0.017531 -0.102559  0.322265  0.046052 -0.221599  0.138911 -0.191138  0.004456 -0.279513  0.107482 -0.156152 -0.111441  0.216861 -0.020089 -0.042948 -0.062529  0.066402
 0.000621  0.004599  0.016787 -0.000336  0.420924 -0.000258 -0.000091  0.003499 -0.030204 -0.308020  0.311918 -0.203630 -0.022917  0.070183  0.139297 -0.116407  0.102992  0.067930 -0.197264  0.214120  0.098061 -0.325521  0.114293  0.192115 -0.014058 -0.161162 -0.187749 -0.184092  0.107393  0.138945  0.089603  0.117195 -0.169236  0.064525 -0.162435 -0.086509 -0.148007 -0.106151  0.130703  0.129841 -0.048161
-0.000114 -0.000014 -0.000008 -0.000002 -0.000036  0.000002  0.446951 -0.000064  0.059485  0.124354  0.075459  0.036958  0.020022 -0.127813  0.014193  0.110292  0.074025 -0.009418 -0.075353 -0.101769  0.208993  0.060053 -0.033465  0.091955 -0.036436 -0.195429  0.026134 -0.084488 -0.120278  0.000944 -0.359357 -0.007147  0.474226 -0.110713 -0.291895  0.123178 -0.181482 -0.175647  0.117432  0.088525 -0.229502
-0.000000 -0.000000 -0.000000  0.000000 -0.000000  0.447212  0.000000  0.000000  0.123109  0.077567  0.007315 -0.123998 -0.319855  0.009197 -0.094979 -0.080701  0.303436 -0.051770  0.221784  0.028905 -0.151722  0.048062  0.170236  0.106198  0.008495  0.228300  0.314436 -0.197767  0.159715  0.211344  0.101966 -0.093945  0.029166 -0.101196 -0.105033 -0.059674  0.044338 -0.202841  0.059421 -0.232946 -0.170139
 0.000083 -0.000002 -0.000113  0.000044 -0.000003 -0.000003 -0.446833 -0.000130  0.177416 -0.107568  0.183703  0.110410 -0.102607 -0.093946 -0.035524  0.046665  0.221418 -0.031776  0.162919  0.112942  0.155229  0.080171 -0.196414 -0.013787 -0.385068  0.124798  0.003497  0.179858  0.111945 -0.121331 -0.357613  0.192343 -0.038322 -0.003656 -0.248506 -0.013870 -0.036942  0.249337  0.006774  0.037346 -0.114818
-0.000051  0.000003  0.000018  0.000014 -0.000037  0.000001  0.446980 -0.000103 -0.008399 -0.325434  0.124728  0.097248 -0.098509  0.288317  0.094827  0.129771 -0.050747 -0.049270  0.388181  0.032326 -0.268416  0.051280 -0.243980  0.139110 -0.087566  0.015829 -0.044674 -0.115817  0.052655  0.143934 -0.140358 -0.077974 -0.010730  0.125411 -0.014832 -0.016274  0.003756  0.258786 -0.199825  0.003892  0.210739
 0.000052  0.000022 -0.000004  0.000011 -0.000061  0.000007 -0.447042 -0.000014  0.052745 -0.050037  0.252809 -0.085347  0.265164 -0.021177  0.062475  0.118116 -0.120593  0.091339  0.064519 -0.169489 -0.184111  0.025860  0.086914 -0.074492  0.252511 -0.166807  0.198822 -0.167684 -0.016391  0.233152 -0.139441  0.001558  0.313337  0.076334 -0.087969 -0.084446 -0.233461 -0.036780 -0.245070 -0.122308  0.220343
 0.000022 -0.000048  0.000028 -0.000013  0.000006  0.000012 -0.000004  0.447070  0.065657  0.088651 -0.116905  0.085071 -0.083785 -0.027293 -0.064017  0.409578 -0.100412 -0.044414  0.047576  0.123630  0.041805  0.068561  0.179896  0.157702  0.148706 -0.006261 -0.176356  0.106265  0.002922  0.315088 -0.084106  0.277934 -0.055554 -0.304188  0.091077 -0.348546  0.000298  0.050966  0.101573  0.073209  0.048236
 0.000013  0.000022 -0.000007 -0.447084  0.000002  0.000014  0.000032 -0.000035 -0.113152  0.053255 -0.100976  0.258940  0.195993 -0.041449 -0.176894  0.097221  0.063773  0.104236 -0.145894  0.215911 -0.119834 -0.144976  0.060609  0.077351 -0.071276  0.048574  0.205352 -0.209020  0.202514  0.127983 -0.214939  0.168628 -0.041769  0.065595  0.054970  0.387899  0.178860 -0.046705  0.154591  0.039164  0.232428
-0.000001 -0.000012  0.000019  0.447126 -0.000008 -0.000001 -0.000016  0.000029 -0.117676 -0.318600 -0.072247 -0.048292  0.214793 -0.183819  0.108880  0.075331  0.128734  0.095795  0.221800  0.042701  0.074690  0.140497 -0.104451  0.096993  0.105110 -0.222737  0.208642  0.197954  0.120128  0.142271  0.100966  0.222955  0.026211  0.010921  0.191188  0.298215  0.184925 -0.086540  0.184949 -0.064653 -0.114008
-0.000005 -0.000033  0.000003 -0.000014 -0.000006  0.000017 -0.000002  0.447084 -0.088464  0.137721  0.233916 -0.133556 -0.002235  0.250341 -0.124995 -0.003826 -0.251713 -0.199545  0.121517  0.049641 -0.108297  0.088167  0.141512  0.072427 -0.141267 -0.090126  0.129654 -0.000057 -0.083567 -0.298325  0.077606  0.277543 -0.103650  0.137475 -0.010151  0.321440 -0.130406 -0.149723 -0.143460 -0.059564 -0.191654
-0.447193 -0.000002 -0.000004 -0.000001 -0.000000  0.000002 -0.000002 -0.000006 -0.112556 -0.153589 -0.200797 -0.050272 -0.102785  0.040741 -0.282189 -0.052267  0.032771  0.160324 -0.254860 -0.066777 -0.330494  0.026247 -0.258859  0.163206  0.043053  0.023615  0.261329  0.197695 -0.200145 -0.004275  0.061720  0.194412  0.024824  0.092011 -0.182470 -0.181070 -0.169545 -0.001082  0.056939  0.163924 -0.032913
-0.000000 -0.000018  0.447145  0.000008 -0.000019  0.000004 -0.000008  0.000006 -0.293976  0.010676 -0.045964  0.014955  0.107089 -0.069353 -0.101222  0.127309  0.102107 -0.217096 -0.028176 -0.198815 -0.080916  0.089311 -0.047074 -0.106050 -0.312262 -0.387530  0.014357 -0.237316  0.172148 -0.113896  0.139428  0.026506 -0.057662 -0.103827 -0.166763 -0.291472  0.171914 -0.002636  0.046530 -0.113462  0.064506
-0.006841 -0.006274  0.007059 -0.011764 -0.383433 -0.000660 -0.026282 -0.003889  0.070324 -0.114752  0.202299  0.123514  0.331835  0.215398  0.106192 -0.184788 -0.114172 -0.033121 -0.045529  0.007453 -0.072071 -0.060563 -0.164118 -0.020217 -0.061411  0.229944 -0.141664 -0.108942 -0.264198  0.187142  0.167725  0.163182  0.003723 -0.305683 -0.235555  0.003219  0.154267 -0.078669  0.235744 -0.167963 -0.111405
-0.447179 -0.000001  0.000006 -0.000002  0.000008  0.000002  0.000011  0.000001  0.175692  0.008608  0.296983 -0.014061  0.008251 -0.256261 -0.125144  0.182910 -0.150810 -0.244010 -0.045563  0.021675  0.083014 -0.015401 -0.103709 -0.027675 -0.339070  0.013313 -0.017497  0.047812 -0.095438  0.292919  0.085379 -0.299118 -0.048008  0.127126  0.286499  0.055943  0.000354 -0.204698  0.065860 -0.004731  0.054865
-0.000004 -0.000001  0.000012  0.447114 -0.000007 -0.000014  0.000014 -0.000024  0.056049  0.211780 -0.113941 -0.048368 -0.042798  0.032514 -0.148850 -0.193877 -0.253686  0.074473 -0.158608  0.278510 -0.059434  0.052711  0.128980 -0.143750 -0.174810 -0.069121  0.001797 -0.173577  0.040965  0.324872 -0.060063 -0.000771  0.096695  0.141675 -0.214781  0.046875  0.286073  0.228174 -0.163756  0.196374 -0.067655
-0.000017  0.000013 -0.000010  0.000010  0.000009  0.000021  0.000021  0.447103  0.098850 -0.114665 -0.235190  0.240856  0.250596 -0.162774  0.178030 -0.201141 -0.044632  0.005751 -0.006445 -0.119315  0.235077 -0.019285 -0.101042  0.171072 -0.077768  0.166834  0.237931 -0.322706  0.087362 -0.014987  0.112969 -0.146060 -0.013103  0.207112  0.052602 -0.171414 -0.159494  0.126951 -0.047466  0.095985 -0.161786
 0.000362 -0.016533 -0.000149  0.000786  0.421851  0.000110  0.001978  0.005193 -0.131208  0.194995  0.223141  0.281364 -0.086732  0.153285  0.024541 -0.126383 -0.069524 -0.222944 -0.201315 -0.204945 -0.008263  0.028503 -0.273110 -0.088915  0.134383  0.113736  0.082269  0.147062  0.299595  0.175853  0.135882  0.113258  0.212835 -0.173373  0.135432  0.082445  0.003653  0.197090 -0.002980 -0.053436 -0.126187
-0.000000 -0.000000 -0.000000 -0.000000  0.000000  0.447212 -0.000000 -0.000000  0.184024  0.069738 -0.323705 -0.098301  0.186716  0.200328  0.025606  0.243430 -0.040003 -0.008355 -0.102525  0.019099 -0.007593 -0.358528 -0.240828 -0.156232 -0.060183 -0.156162 -0.192534  0.104606  0.089304  0.043609 -0.046889  0.061331  0.008798  0.207280  0.036116  0.041250 -0.142093  0.062583 -0.032379 -0.296089 -0.193995
-0.000299  0.003796 -0.004548 -0.020162  0.411293 -0.001997  0.000588  0.004263  0.332940 -0.107596 -0.105549  0.062879 -0.133600 -0.087203 -0.040878  0.006229 -0.286074  0.222327  0.077012 -0.407393 -0.033790 -0.016620  0.112889 -0.021707 -0.084768 -0.101587  0.080182 -0.094817 -0.277617 -0.033689 -0.055913  0.028318 -0.201248 -0.132181 -0.101014  0.162663  0.169622  0.145013  0.190835 -0.224203  0.041337
-0.000018  0.447149 -0.000002  0.000009 -0.000002  0.000004  0.000005 -0.000001 -0.172155  0.029934 -0.115477  0.057256 -0.089423  0.029019  0.189584  0.110346  0.236857  0.163596 -0.063062 -0.111371  0.011781  0.220315  0.162006 -0.180209 -0.292731  0.098085 -0.139137 -0.057240 -0.147294  0.249599  0.246263  0.125254  0.004882  0.014754 -0.002946  0.240054 -0.367154  0.098309 -0.047640  0.002508  0.080089
-0.447190  0.000006 -0.000003  0.000002 -0.000004  0.000004 -0.000002 -0.000000 -0.012284  0.095578  0.000706 -0.149368 -0.040416 -0.115290  0.276712  0.190732  0.016525  0.034487  0.151697 -0.256353 -0.014704 -0.129950  0.010186 -0.121947  0.146897  0.274727 -0.210979 -0.233121  0.170769 -0.149014  0.018613  0.282823  0.071731  0.105400 -0.096032  0.070807  0.303871 -0.057347 -0.107254  0.220083 -0.067901
-0.000002 -0.000006  0.447155 -0.000008 -0.000015 -0.000004 -0.000007 -0.000010 -0.081244  0.062032 -0.067892  0.055325  0.005509  0.144527  0.125356 -0.013993 -0.225261  0.113632  0.082255 -0.103859  0.153107  0.079196 -0.045195 -0.069880  0.119269  0.146537  0.066118  0.274256  0.180276  0.228851 -0.184123 -0.174377 -0.355280  0.068096 -0.298287  0.093869 -0.112936 -0.328495 -0.010423  0.115459  0.006344
-0.000004 -0.000001 -0.447098 -0.000001 -0.000011 -0.000020  0.000021  0.000032  0.002799  0.300797  0.058321  0.088123  0.175622 -0.054365 -0.192704 -0.024343  0.031698  0.054231  0.356811 -0.100736 -0.121352  0.012466 -0.114144 -0.090145  0.064154 -0.222411 -0.118271 -0.012498  0.198491  0.039838  0.200111 -0.115514 -0.206169  0.044662 -0.252993 -0.011257 -0.178329  0.025233  0.301772  0.234243  0.019295
 0.000006 -0.000006  0.000007  0.447058  0.000004 -0.000007  0.000040 -0.000038 -0.121013  0.288624  0.148917  0.282328 -0.155425  0.036584  0.051524  0.010104  0.018508  0.292905 -0.028408  0.046938 -0.027817 -0.123181 -0.198597  0.027210 -0.051888  0.081963 -0.007425 -0.239676 -0.060883 -0.173357 -0.200763  0.121599 -0.100196  0.083370  0.203617 -0.160974 -0.123208 -0.248914  0.139969 -0.213525  0.210554
 0.447212
