21 26
 0.000071 -0.000206  0.000010 -0.000016 -0.000191  0.000011 -0.002140  0.000051 -0.000059 -0.000081 -0.000011  0.000070 -0.996659  0.000028 -0.000038  0.000024 -0.000048 -0.000060  0.000009  0.000105  0.000061 -0.039364 -0.057419 -0.016830  0.020925 -0.033148
 0.000084  0.000051 -0.001617  0.000002  0.000036  0.000048  0.000026  0.000250  0.000000  0.000008  0.997242 -0.000011 -0.000145  0.000023  0.000002  0.000055 -0.000017  0.000076 -0.000005  0.000217 -0.000002 -0.040434  0.019910 -0.035342 -0.046793  0.005950
-0.001826  0.700641  0.000020 -0.195793  0.003200  0.000163  0.017888 -0.001163 -0.003599  0.000821 -0.000789  0.002016 -0.056151 -0.001838 -0.003554  0.000163  0.000874  0.000064 -0.000075  0.005067  0.001182  0.344081  0.478946  0.128058 -0.171635  0.271253
-0.000005 -0.000003 -0.999763 -0.000008  0.000005 -0.000015 -0.000011  0.000005 -0.000029 -0.000008 -0.000005 -0.000052 -0.000002 -0.000002  0.000006 -0.000029 -0.000012  0.000000  0.000001  0.000021  0.000002  0.011342 -0.005762  0.011270  0.013571 -0.000872
-0.966945 -0.001941 -0.005526 -0.000050 -0.000098 -0.000057 -0.000009  0.000248 -0.000301  0.000080 -0.018826  0.000603 -0.000156  0.000414  0.000744  0.000344  0.001114  0.000113 -0.000016  0.000581 -0.001319 -0.138479  0.068876 -0.123756 -0.159004  0.010242
-0.000484  0.000542  0.000261  0.000020 -0.000226 -0.006277 -0.000067  0.000758 -0.966559 -0.000416  0.000523  0.000051  0.000184  0.021473 -0.000370  0.000338  0.000455 -0.000038 -0.000014 -0.000181  0.000101 -0.114146  0.121790  0.141182  0.038896 -0.126307
 0.001186 -0.001553 -0.000582  0.001399 -0.001530  0.016393 -0.000062 -0.002150 -0.177692  0.001042 -0.001050 -0.000712  0.000297 -0.056284 -0.000864 -0.000772  0.006940  0.000339  0.000037 -0.720419  0.004273  0.297299 -0.323377 -0.372412 -0.097794  0.323556
-0.001779  0.003913  0.000463 -0.003637  0.001382  0.000175 -0.000686  0.059897 -0.004878 -0.000142 -0.001553 -0.185021 -0.001075 -0.001393 -0.014293 -0.013478 -0.687917 -0.001565 -0.000014  0.005909 -0.010410 -0.285142 -0.198433  0.361426 -0.082486  0.479834
-0.000011 -0.000116 -0.000021 -0.000087  0.000055  0.001985  0.000048 -0.000047 -0.000046  0.000063 -0.000001  0.000191 -0.000089  0.996467  0.000096 -0.000106  0.000337  0.000156  0.000003 -0.000054 -0.000008  0.038630 -0.039359 -0.045607 -0.009771  0.042808
-0.001920 -0.000071  0.000146  0.961544  0.000531 -0.000062  0.007145 -0.000408 -0.000409  0.000367  0.000165 -0.000828 -0.022436 -0.000323 -0.001427 -0.000043 -0.000566 -0.000023 -0.000029  0.000268 -0.000888  0.137253  0.189959  0.060307 -0.065771  0.109478
-0.001184 -0.713421  0.000212 -0.192466  0.001630 -0.000129  0.017507 -0.000884 -0.001669  0.000823 -0.000086 -0.000736 -0.054861 -0.001153 -0.004699  0.000082 -0.001923  0.000136 -0.000074 -0.001779  0.002875  0.335876  0.471847  0.137458 -0.162115  0.264566
-0.000029 -0.000033 -0.000001  0.000010 -0.000010  0.999699 -0.000007  0.000009 -0.000010 -0.000006 -0.000028  0.000010 -0.000005  0.000074  0.000018  0.000012  0.000005 -0.000015 -0.000001  0.000012  0.000004 -0.011057  0.011808  0.013765  0.003089 -0.011877
 0.002551 -0.000634 -0.000097 -0.001280 -0.191243 -0.000353 -0.000382  0.000012  0.000562  0.016623 -0.000221 -0.003665 -0.000418  0.001786  0.692424 -0.000755 -0.011295 -0.059150  0.000358 -0.003634  0.000879  0.191625 -0.231884  0.263030 -0.501252 -0.262874
-0.000000 -0.000000  0.000000 -0.000000 -0.000000  0.000000  0.000000  0.000000 -0.000000 -0.000000  0.000000 -0.000000 -0.000000 -0.000000  0.000000  0.000000  0.000000  0.000000 -1.000000  0.000000 -0.000000  0.000160 -0.000295  0.000164 -0.000310 -0.000232
 0.000002  0.000035 -0.000002 -0.000004  0.000003 -0.000023 -0.000012  0.000000 -0.000015  0.999710  0.000005 -0.000049  0.000018  0.000015  0.000024  0.000013 -0.000001 -0.000001 -0.000012  0.000011 -0.000017 -0.008010  0.008007 -0.008226  0.017859  0.008093
 0.000272  0.001032 -0.000161  0.000171  0.000398  0.000030  0.000266 -0.021648  0.000722 -0.000071  0.000385 -0.966863  0.000296  0.000507 -0.000843  0.004887 -0.000228  0.000849  0.000003 -0.000219  0.000045  0.103407  0.072600 -0.135538  0.030426 -0.171522
-0.000962  0.000575  0.000086 -0.000889 -0.183168 -0.000378 -0.000570 -0.001623  0.001917  0.015982  0.000512  0.002001  0.000363  0.002097 -0.721271 -0.000419 -0.000252 -0.056227  0.000346 -0.004819 -0.003648  0.190308 -0.225107  0.248263 -0.471274 -0.268557
 0.000000 -0.000006 -0.000010  0.000004  0.000003 -0.000013  0.000014  0.000021 -0.000011 -0.000009  0.000003  0.000021 -0.000007  0.000008 -0.000001 -0.999812 -0.000006 -0.000023 -0.000000  0.000012  0.000009  0.006586  0.006678 -0.010488  0.002309 -0.013115
 0.000191  0.000025  0.000003 -0.000077 -0.000007 -0.000026 -0.000074  0.000089  0.000046  0.002033 -0.000059  0.000023 -0.000056  0.000064  0.000383 -0.000151 -0.000087  0.996408  0.000044  0.000129  0.000005  0.022644 -0.029537  0.033270 -0.060863 -0.031153
-0.182261  0.003028  0.015054 -0.004470  0.002507  0.000402 -0.000014 -0.001677 -0.001330 -0.000142  0.051561  0.000918  0.000662 -0.002255  0.007365 -0.000714  0.001005  0.000030  0.000046  0.002542 -0.695355  0.386786 -0.195414  0.323104  0.432386 -0.033529
-0.000035  0.000041  0.000014  0.000004  0.000034 -0.000010 -0.999658  0.000070  0.000017  0.000003  0.000008  0.000001  0.000009  0.000005  0.000002  0.000010 -0.000017 -0.000007 -0.000003 -0.000026  0.000004  0.013196  0.018933  0.004417 -0.005825  0.009882
-0.000688  0.001189  0.000038 -0.000045 -0.964276  0.000032  0.000243  0.000344  0.000853 -0.006334  0.000116 -0.000011 -0.000082 -0.000359 -0.000325  0.000234 -0.000005  0.022409 -0.000137 -0.000373 -0.001468 -0.073179  0.092871 -0.095660  0.189777  0.102357
-0.000041  0.000115  0.000026 -0.000391 -0.000051 -0.000089 -0.000192 -0.996326 -0.000062 -0.000036 -0.000022 -0.000189 -0.000072  0.000159  0.000175 -0.001663  0.000151 -0.000056 -0.000002 -0.000098 -0.000045 -0.038596 -0.022441  0.045845 -0.009486  0.056090
 0.178209 -0.004790 -0.014575  0.002113  0.000162 -0.000099  0.000104  0.001137 -0.001924  0.000093 -0.049878  0.000596 -0.000993  0.001187 -0.002484  0.000782  0.013794  0.000150 -0.000045  0.000973 -0.718498 -0.365249  0.188087 -0.322005 -0.418684  0.036065
 0.002516 -0.008606 -0.000611  0.002073 -0.004411  0.017004 -0.000186 -0.003293 -0.184766  0.001258 -0.001481  0.001744  0.000754 -0.058333 -0.002149 -0.000585  0.007863 -0.000493  0.000043  0.693444  0.008031  0.312978 -0.337583 -0.390699 -0.106115  0.324387
-0.003340  0.001164  0.000699 -0.003063 -0.001680 -0.000185 -0.000649  0.057031 -0.000268  0.000108 -0.000520 -0.175829 -0.001180 -0.000620 -0.002965 -0.012800  0.725490 -0.002304 -0.000008  0.004887  0.004646 -0.266263 -0.187718  0.360690 -0.076778  0.443981
 1.000000
