1 28
-0.188982 -0.326720 -0.097391  0.143083  0.217253 -0.018512  0.044863 -0.030983 -0.174426  0.057334 -0.062917  0.512233  0.125480 -0.050876  0.064461  0.121357  0.235642  0.196570 -0.048154 -0.013234 -0.000228  0.042499 -0.047650  0.067046 -0.561458 -0.063731 -0.111749 -0.052741
 0.188982  0.170724 -0.021874  0.213539 -0.395487 -0.030368  0.057189 -0.053210 -0.154040  0.102723 -0.252472 -0.035433 -0.061129 -0.342572 -0.276075  0.000860  0.053858 -0.232870 -0.162905  0.105790  0.333021  0.026524  0.287946  0.213577 -0.229733 -0.198584  0.012668 -0.040902
-0.188982  0.237972 -0.022629  0.011174 -0.140538  0.089231 -0.146234  0.102399 -0.427670  0.002060  0.197277  0.046374 -0.488006 -0.079966  0.049085 -0.174935  0.240506 -0.154904  0.119769  0.133013 -0.396855 -0.180389  0.015981 -0.139960 -0.111631  0.060088 -0.075011 -0.021265
 0.188982  0.144503 -0.205074 -0.173599 -0.132580  0.042072  0.122488  0.187352 -0.041774  0.086704  0.283483  0.250853 -0.168850  0.196794  0.140878  0.314556 -0.337333  0.098188  0.269331  0.092061  0.010710  0.011349  0.072498  0.386942 -0.071250 -0.215113  0.119163  0.194823
 0.188982 -0.019334 -0.008961  0.039127  0.300475  0.164367  0.374434  0.011894 -0.008154 -0.276924  0.325355  0.014923 -0.136218 -0.095796 -0.358926 -0.133423  0.036372  0.099019 -0.192237  0.287066  0.034083  0.123604 -0.101812 -0.076345  0.107967 -0.276085 -0.294254  0.099367
-0.188982 -0.178919  0.230698  0.029479  0.004345 -0.047052 -0.390893  0.109019  0.150225  0.192184  0.003560 -0.079591  0.124438 -0.127429 -0.147608 -0.078891 -0.095776 -0.007850  0.412468  0.527905 -0.041854  0.218254 -0.077680  0.043777 -0.010955 -0.254219 -0.059996 -0.044173
-0.188982  0.102926 -0.034951  0.046658 -0.066531 -0.029425  0.161632  0.037058  0.264738 -0.604381 -0.295359  0.025462  0.040354  0.012912 -0.123082  0.174144 -0.027353 -0.102872  0.322562 -0.025760 -0.273452  0.060167  0.309572 -0.083591 -0.149086  0.008325 -0.096313  0.134736
 0.188982 -0.305144 -0.029287 -0.017914  0.147566  0.171599 -0.147959 -0.369794  0.251964 -0.169182  0.200932 -0.128853 -0.164296 -0.175088  0.020151  0.154903  0.062013 -0.360696 -0.040436  0.066938 -0.145393 -0.192924 -0.096375  0.169001 -0.206542 -0.006443  0.387288 -0.005792
 0.188982  0.002208  0.128607 -0.003262 -0.128814  0.235105 -0.022099  0.160057  0.198329  0.010784 -0.083834  0.041739 -0.034576  0.156291 -0.228377  0.111071  0.408141  0.212852  0.182644  0.199573  0.205223 -0.366920 -0.127087  0.169014  0.001830  0.426791 -0.119294  0.092189
-0.188982  0.063417  0.317127  0.125112 -0.043197  0.156805 -0.038148 -0.177782 -0.059738 -0.030947 -0.004977  0.028090  0.144267  0.385958 -0.026786  0.163587 -0.150675  0.049727 -0.371921  0.213558 -0.238074 -0.292895  0.232269  0.229654  0.090230 -0.154165 -0.098192 -0.286560
-0.188982 -0.184598 -0.545004  0.113739  0.077139 -0.190019  0.172671  0.026916  0.210134  0.309027 -0.105052 -0.254448 -0.186125  0.089167 -0.189860  0.004098  0.178924  0.085891  0.077031 -0.058523 -0.163365 -0.211968  0.094969  0.144759  0.163355 -0.207865 -0.060856 -0.172095
-0.188982  0.073943 -0.094379  0.250288 -0.258962  0.143215 -0.159036  0.145231  0.117837 -0.067765  0.203275 -0.087243  0.239461  0.252185 -0.098363 -0.158993  0.086436 -0.247580 -0.108139 -0.302733 -0.013390  0.021829 -0.382026  0.170896 -0.142600 -0.224697 -0.130784  0.306865
 0.188982  0.339433 -0.073380  0.188606  0.101438  0.204828 -0.015353 -0.371077  0.042298  0.061261 -0.316084  0.101951 -0.014783  0.093046  0.310689  0.087314  0.151656  0.000619  0.232923  0.074078  0.080238 -0.096296 -0.253222 -0.235440  0.102954 -0.394175 -0.071304 -0.000586
-0.188982 -0.267186  0.199307  0.617238 -0.027278  0.033848  0.171216  0.057083 -0.000793 -0.032067 -0.122837 -0.002292 -0.402778 -0.003677  0.219246 -0.043465 -0.212583  0.091482 -0.007179  0.046608  0.123352  0.030834 -0.056979  0.067763  0.166668  0.111183  0.146546  0.260765
 0.188982  0.025494  0.104126  0.261795  0.050549 -0.070163 -0.088012 -0.001331 -0.068052  0.024476  0.155930  0.039505 -0.058652  0.228668 -0.073950  0.304784  0.432388 -0.116595  0.065386 -0.125670 -0.103594  0.574965  0.133164  0.103717  0.227329  0.064393  0.078216 -0.177381
-0.188982  0.216935 -0.022595  0.192196  0.078198 -0.109318  0.230630 -0.250400 -0.104075  0.120250  0.271337  0.168359  0.436531 -0.141487 -0.131287 -0.141675  0.130354 -0.003264  0.196281  0.107618 -0.045795 -0.166541  0.150579  0.038228  0.192525  0.113277  0.365205  0.257529
-0.188982  0.160167  0.272447 -0.036298  0.437933 -0.082406 -0.023610  0.258957 -0.142294  0.014184 -0.056668 -0.054674 -0.149222  0.130377 -0.335793  0.213811 -0.037566 -0.164500  0.112741 -0.232603  0.296793 -0.223198 -0.061073 -0.113972 -0.094718 -0.199127  0.267817 -0.047426
-0.188982  0.229214 -0.004297 -0.169079  0.127041  0.119556  0.096469 -0.052181 -0.208050 -0.113551 -0.322855 -0.191205  0.002032 -0.216000 -0.052298  0.029358  0.031748  0.208843 -0.049937  0.012817 -0.186928  0.227015 -0.397507  0.517864  0.045307  0.071634  0.159028 -0.031927
-0.188982  0.044302 -0.301903  0.124232 -0.183309 -0.055613 -0.098491  0.107347 -0.040912 -0.464815  0.217136  0.012085  0.059904 -0.011274  0.122291  0.014729  0.034834  0.130609  0.025977  0.173692  0.370520 -0.044135 -0.141315 -0.051990  0.082554 -0.011233  0.222195 -0.496572
 0.188982 -0.002299 -0.228650  0.166257  0.292183  0.126812 -0.482823 -0.086075 -0.133058 -0.163462 -0.103868  0.246989 -0.033443  0.004213 -0.207481 -0.319511 -0.239597  0.033974  0.131557 -0.205516  0.034632 -0.069018  0.183324  0.247617  0.184681  0.103193 -0.124947 -0.023099
 0.188982 -0.179912 -0.148280  0.140020 -0.111607  0.215473 -0.080153  0.387099 -0.172074  0.025263 -0.155617  0.130350  0.238885 -0.261256 -0.145313  0.349302 -0.091005 -0.013714 -0.133963  0.008242 -0.317231 -0.132770 -0.140116 -0.259657  0.263889 -0.072286  0.165181  0.036291
 0.188982 -0.204812  0.213182  0.000904  0.007560 -0.436801 -0.038767  0.035807 -0.285742 -0.250773  0.066558 -0.196325  0.130281 -0.173924  0.254939  0.096687  0.186000  0.030572  0.147447 -0.116470  0.001680 -0.297979 -0.008988  0.241151  0.155666 -0.219259 -0.266153  0.114758
 0.188982  0.014558  0.296322  0.103785 -0.235271 -0.166934  0.241402 -0.061711  0.187264  0.045171  0.067634  0.281203 -0.073501 -0.108504 -0.202971 -0.194589 -0.163375  0.061670  0.222301 -0.291367 -0.233844 -0.083549 -0.295622  0.034179 -0.032547 -0.037123  0.022766 -0.430362
 0.188982  0.189216 -0.145970  0.263642  0.286583 -0.242200  0.158302  0.200704 -0.022240  0.070221 -0.047021 -0.082533  0.161947  0.088879  0.137238  0.020561 -0.204317 -0.427015 -0.003796  0.286966 -0.076490 -0.041349 -0.187599  0.083346 -0.172627  0.339770 -0.192276 -0.159183
 0.188982 -0.310132 -0.044406 -0.182329 -0.132565 -0.138671  0.139791 -0.019174 -0.297553 -0.132448 -0.298417  0.068837  0.027024  0.497153 -0.115361 -0.343509  0.072757 -0.149676  0.043188  0.207848 -0.038731  0.039570 -0.091548 -0.037687  0.009840 -0.093107  0.312867  0.069457
-0.188982  0.085133 -0.039678 -0.180254 -0.055776 -0.432916 -0.166554 -0.105240  0.209882 -0.041944 -0.093995  0.476061 -0.207548 -0.058364 -0.095583  0.153197  0.049170 -0.216767 -0.289692  0.143529  0.051789 -0.021628 -0.209840  0.045417  0.301648  0.029106 -0.085736  0.175785
 0.188982  0.226324  0.095661  0.058499  0.174427 -0.110144 -0.103448  0.420458  0.349055 -0.048884 -0.072067  0.090825 -0.008912 -0.056798  0.247706 -0.326758  0.234132  0.171154 -0.250660  0.063797 -0.158232 -0.038517  0.174703  0.099651 -0.086254 -0.205587  0.304923  0.025927
 0.188982  0.165760 -0.075262  0.208496 -0.058139 -0.387581 -0.260478 -0.213576 -0.051365 -0.045363  0.057414 -0.224819 -0.064988  0.130419 -0.248725  0.154073 -0.138031  0.457906 -0.118972  0.072551 -0.143560  0.003155 -0.119965 -0.203174 -0.283365  0.062190  0.107309  0.187412
 0.188982
