1 43
 0.152499  0.355133 -0.028186  0.121371 -0.055546 -0.097012 -0.237028  0.056588  0.126630  0.058182 -0.271768 -0.025335  0.103793 -0.034179  0.019519  0.135894 -0.173400  0.104779 -0.082472  0.155369 -0.178128 -0.114267 -0.006866  0.154219 -0.050791  0.226548 -0.170649  0.126195  0.001555 -0.140360 -0.241853 -0.123375  0.122088 -0.093289  0.375933  0.179498 -0.131645  0.138578  0.242203 -0.012317 -0.020236 -0.084986  0.073503
 0.152499  0.069095 -0.023165 -0.088613 -0.099074 -0.095984  0.238721  0.133641 -0.106535  0.204628  0.163778  0.325811  0.083447 -0.141643 -0.025606 -0.181709 -0.147461 -0.089130 -0.098002  0.091611 -0.082281  0.166545 -0.094232  0.380031  0.137792  0.251973 -0.073459  0.033413  0.130556 -0.206790  0.179871  0.097451  0.219626  0.124431 -0.161672  0.037573 -0.111442 -0.087781 -0.155400 -0.136058  0.180879  0.028988  0.095138
 0.152499  0.057036 -0.265398  0.247992 -0.137360  0.014573 -0.053720 -0.181620  0.043790 -0.262075 -0.150228  0.027591 -0.038323 -0.146793  0.109831  0.204525  0.137975 -0.042829  0.263418 -0.000264  0.266741  0.038102 -0.081853  0.225705  0.223500  0.093290  0.186071 -0.050942  0.034199  0.022632 -0.052120 -0.169117  0.068605 -0.306899 -0.285161  0.107877 -0.134136 -0.128532 -0.115363  0.137830  0.073166  0.009772 -0.047641
-0.152499 -0.148502  0.199427  0.023969  0.011438 -0.271315 -0.094794  0.128116  0.116589  0.056776 -0.049140  0.090703 -0.052762  0.271333  0.248310  0.366557 -0.001988 -0.165361  0.070935  0.001997 -0.106679  0.314021 -0.123322  0.072071  0.016005  0.159749  0.075832 -0.018032 -0.362143 -0.140905  0.104195 -0.013440 -0.051891  0.061285 -0.147594  0.116444  0.052563  0.230127 -0.011112 -0.081596 -0.103321 -0.027779 -0.207148
 0.152499  0.034434  0.270819 -0.143766  0.054281  0.083731 -0.039669  0.135105  0.263243 -0.136595 -0.114705 -0.042589 -0.004769 -0.200623  0.031250 -0.178846  0.087572  0.343513 -0.151979 -0.080166  0.195091  0.104817 -0.318923 -0.083332 -0.016925  0.099002  0.014498  0.159925 -0.066554 -0.082232  0.205832  0.160525 -0.082009 -0.020140 -0.143213  0.098519  0.068513  0.062433  0.094803  0.314505  0.117254 -0.282380  0.013295
 0.152499 -0.131382 -0.042476 -0.462934  0.095806  0.195852 -0.240166 -0.020143  0.282575  0.151426 -0.001295 -0.339255  0.056370 -0.073763 -0.066171 -0.047750 -0.315995 -0.165574  0.147004 -0.059375  0.007698  0.012789  0.076067  0.120299  0.033537  0.002527  0.086907 -0.175306 -0.106189 -0.037373 -0.012977 -0.066329 -0.060938 -0.168863 -0.015008  0.156004  0.052866  0.025755 -0.228470 -0.192558  0.108429 -0.032639  0.112730
-0.152499 -0.064960  0.019040  0.105175  0.056329 -0.015081  0.036415  0.407204  0.303505 -0.021449  0.024170  0.008921  0.011232 -0.174709  0.213275  0.179459 -0.238686  0.056195 -0.107797  0.074218  0.122618  0.190694  0.146965 -0.157161  0.079628 -0.206426 -0.098774  0.091480  0.008866  0.070158 -0.073007 -0.050052  0.139601 -0.011595  0.150959 -0.051178 -0.077668 -0.265819 -0.151395  0.151362  0.243888  0.324353 -0.043246
 0.152499  0.151330 -0.134705  0.042870  0.385068 -0.038790  0.013253  0.103716 -0.321207  0.173316 -0.055600 -0.219794  0.117172 -0.011874 -0.025606 -0.057061  0.055770  0.077813  0.119277  0.195261  0.001616  0.349208 -0.039806 -0.071561  0.039611  0.002775  0.270400 -0.190018 -0.130548  0.082683  0.268291  0.090673  0.079535 -0.118087  0.139780  0.036935 -0.027433 -0.055388  0.263064  0.082990 -0.022487  0.202541  0.055541
 0.152499  0.055938  0.021417 -0.148046 -0.027857 -0.112254 -0.040504  0.122717 -0.054929  0.075753 -0.111855  0.085788 -0.394060  0.178879  0.175556 -0.152717 -0.130138 -0.182981 -0.124295 -0.126598 -0.270023 -0.021557  0.020586 -0.023005  0.149796  0.135727  0.166086  0.147645  0.184592  0.437106 -0.003916 -0.008234 -0.275201 -0.183989 -0.023046 -0.017673 -0.155135 -0.073097  0.067147  0.161308  0.077550  0.009119 -0.054384
 0.152499 -0.139273  0.102227  0.011406 -0.287797  0.249864 -0.238995  0.113691 -0.169690 -0.007825  0.133278 -0.057344 -0.295927  0.227335  0.165814  0.051218  0.035508  0.130603  0.121016  0.255338  0.080280 -0.163204  0.099992 -0.013189 -0.003356  0.205029 -0.010837 -0.094701 -0.009769  0.088395  0.139192  0.025522  0.311498  0.201449  0.084318  0.122279  0.211418  0.035075 -0.086360  0.187886  0.050492  0.086328  0.182589
 0.152499  0.152830  0.141086 -0.060651 -0.121549 -0.114167 -0.239739 -0.089833  0.006212 -0.083403  0.302709  0.084127  0.013986  0.025961 -0.050523  0.022467  0.160682  0.139793 -0.145728 -0.397597  0.095523  0.276698  0.085498  0.212880  0.082168 -0.040620 -0.037211  0.002105 -0.073656  0.160093 -0.199312  0.227627  0.123770 -0.227174  0.136524 -0.090240  0.249907  0.026171  0.044724 -0.128193 -0.043802  0.229891  0.037260
 0.152499  0.338567  0.107880  0.057676  0.028099  0.185968  0.045492  0.166850  0.067998  0.106687  0.037080 -0.188691  0.073414  0.206394 -0.126407  0.042388  0.199543 -0.130867  0.106793  0.112413  0.248825  0.081112  0.310790 -0.028781 -0.045962  0.001844 -0.159177  0.404031  0.084839  0.102667  0.042197  0.073186 -0.117867  0.071822 -0.271959  0.131089 -0.143405  0.143544 -0.060411 -0.170008 -0.012497  0.077560 -0.102780
 0.152499  0.079529 -0.023582 -0.015105 -0.237680 -0.084564 -0.196378 -0.006726 -0.177462 -0.013947  0.025459  0.045497 -0.002242  0.081383  0.186016 -0.076890 -0.186916  0.334855  0.118413  0.138769  0.022955 -0.083718 -0.217697 -0.053138 -0.028097 -0.294984 -0.039062  0.037749 -0.095334 -0.124284  0.023585  0.048497 -0.347977  0.053947 -0.098313  0.124910 -0.017526 -0.303466  0.065874 -0.364758  0.075896  0.139175 -0.159243
-0.152499  0.290258  0.011766 -0.204334  0.053694  0.067661 -0.018793  0.009818 -0.134618 -0.106572  0.371779 -0.194001 -0.156309 -0.070912  0.196714  0.214225 -0.049995 -0.100261  0.280614 -0.103978 -0.113050  0.033253 -0.152459 -0.044256 -0.115332 -0.011723  0.219586  0.200479  0.229747 -0.334903 -0.153529  0.143037  0.064878  0.050905  0.049953 -0.140023 -0.102058 -0.029408  0.043138  0.119400  0.068314 -0.101470  0.004935
-0.152499  0.109619  0.034173 -0.152560  0.041808  0.034384  0.043214 -0.005907  0.265101 -0.300792  0.034732  0.032319  0.104793  0.217049  0.035289 -0.227003  0.039577 -0.067717  0.172829 -0.062780 -0.139094 -0.064324 -0.010350  0.024407  0.141595  0.103820 -0.199649 -0.192276 -0.018335 -0.121599 -0.011270 -0.008652 -0.060082  0.107459 -0.178397  0.140306 -0.116164 -0.111317  0.304315  0.170939 -0.150300  0.428235  0.232574
 0.152499 -0.125696 -0.046931  0.018204 -0.129823  0.165771  0.107542  0.072046  0.038710 -0.244889 -0.111571 -0.170897  0.002803 -0.039382  0.050874 -0.165173  0.075984 -0.425188 -0.008476  0.194888  0.018321  0.198757 -0.161049  0.031665  0.120729  0.046186 -0.135890 -0.047111  0.106355 -0.021420 -0.173386  0.199278 -0.002181  0.095954  0.232689 -0.008004  0.279175 -0.128555  0.185420 -0.101217 -0.001991 -0.078817 -0.379094
-0.152499 -0.002678 -0.085637 -0.206276 -0.248673  0.038354 -0.134679 -0.060829  0.106939  0.109525  0.131809  0.136215 -0.005479 -0.005630 -0.240569 -0.001185  0.264018  0.024468  0.152394  0.219657 -0.279217  0.220566  0.016371 -0.100183  0.196274 -0.234385 -0.115139  0.153141  0.008184  0.001798  0.175147 -0.334209  0.072101 -0.173519  0.017320 -0.032646  0.082067  0.039478  0.207183  0.065968  0.251778 -0.121157 -0.052814
-0.152499  0.054605  0.084624 -0.004384  0.222824  0.050687 -0.172553 -0.019260 -0.303691 -0.042704  0.033685  0.022636 -0.279034 -0.082933 -0.160056  0.037535 -0.214149 -0.142862 -0.222220 -0.059205  0.259017 -0.040005  0.134182  0.104837 -0.053668  0.030603 -0.205605 -0.138133 -0.100986 -0.112831 -0.071900 -0.184777  0.009213  0.009311 -0.255636  0.064201  0.073472 -0.012568  0.352696  0.054622  0.320251 -0.006430 -0.165289
-0.152499 -0.129798  0.191712 -0.005436  0.132136  0.164679 -0.289854 -0.042382 -0.105709  0.137401  0.047136  0.026269  0.144570  0.171328 -0.011363 -0.026417  0.133512 -0.092355 -0.152458  0.164703  0.193536  0.034038 -0.468585  0.224131  0.111228 -0.172336 -0.038061 -0.037040  0.222813  0.087767 -0.151869 -0.067403 -0.082416  0.028940  0.127363 -0.008911 -0.317352  0.146430 -0.143299  0.103292  0.008609  0.124401  0.029052
 0.152499 -0.054363  0.082505 -0.001636  0.153034 -0.029590 -0.175082  0.463585 -0.079896 -0.217484 -0.046685  0.274318  0.172136 -0.057787 -0.208438  0.053071 -0.034756 -0.089334  0.179460 -0.045675  0.041683 -0.186719 -0.027904  0.053630  0.026066  0.008703  0.240361  0.123336  0.199202 -0.091410  0.068897 -0.269198 -0.148996  0.013868  0.025938 -0.169774  0.338610  0.080728  0.019579 -0.060936 -0.108881  0.110999  0.052051
-0.152499 -0.005148  0.084372  0.337676 -0.268119  0.067637  0.000347  0.032632 -0.006250 -0.108888  0.174647 -0.143789  0.155889 -0.030051 -0.276642 -0.076382 -0.225160  0.129541  0.088726 -0.190707 -0.102702  0.229612  0.058267 -0.014554  0.053985  0.170373  0.252394 -0.164624  0.110284  0.133207 -0.023432 -0.066283 -0.233285  0.261522  0.097881  0.225785 -0.102800  0.146198  0.005619  0.026785  0.217492 -0.048110 -0.074370
-0.152499 -0.085221 -0.059763 -0.162353 -0.021478 -0.212787  0.039250  0.001657 -0.095970 -0.036419 -0.161472 -0.160248 -0.093007 -0.208385  0.409442 -0.281625  0.281958  0.076739 -0.003771 -0.093218  0.169314  0.139195  0.153731  0.103959 -0.041383  0.008312  0.071885  0.105140  0.138735 -0.026915 -0.049449 -0.336995 -0.019605  0.214715  0.108155  0.125788  0.026819  0.208983  0.045366 -0.220857  0.075620  0.080886  0.137442
-0.152499 -0.088997  0.113595 -0.101270 -0.126382  0.025858 -0.066152  0.226329 -0.153059 -0.107497 -0.046156 -0.063587  0.028320 -0.106502  0.005595 -0.090646 -0.045311  0.190191 -0.119158  0.126601 -0.131681  0.036418  0.102009 -0.209220  0.029835  0.043922  0.021379 -0.200608  0.305317 -0.091722 -0.105298  0.090258  0.236033 -0.386024 -0.278874  0.099753 -0.134166  0.206603 -0.030129 -0.141301 -0.275899  0.039397 -0.233476
-0.152499 -0.048102 -0.158143  0.080790  0.032174  0.062752 -0.040209 -0.030828  0.144344  0.290107  0.125572 -0.007898 -0.247498  0.110037 -0.160459 -0.240480 -0.019322  0.113704 -0.058457 -0.087207  0.233935 -0.052502 -0.002795 -0.060059  0.271126  0.232898  0.185374  0.221708 -0.062107 -0.324923 -0.000926 -0.118998  0.006479 -0.046781  0.182520  0.052801  0.019666 -0.158169 -0.014963  0.019590 -0.306061  0.107172 -0.260382
-0.152499 -0.259212  0.064509 -0.094959  0.006955 -0.102833  0.204947 -0.156993 -0.120984 -0.072830 -0.112382  0.010397  0.081475  0.058783 -0.093035  0.062382 -0.241531  0.013552  0.282014 -0.102048  0.176114 -0.176199 -0.167895 -0.085486  0.111170  0.088469 -0.075266  0.364587  0.022755  0.156499  0.110314  0.213253  0.198857 -0.193243  0.146190  0.150110 -0.005059  0.190237  0.163936 -0.130938  0.210448  0.176093  0.001597
-0.152499 -0.018294  0.217801  0.120207  0.121639  0.322724  0.092291 -0.200494  0.046368  0.054911 -0.079110  0.199437 -0.207260 -0.258185 -0.031205 -0.013460 -0.064494  0.020596  0.059492  0.203700 -0.218170  0.174262 -0.028833  0.180679 -0.260756 -0.067494  0.167102  0.217141 -0.009699  0.105602 -0.159421  0.017626 -0.050422 -0.060367 -0.079999  0.293932  0.235105 -0.090480 -0.000074 -0.035292 -0.176901  0.173224  0.119366
 0.152499 -0.009291  0.216170 -0.056784 -0.028885 -0.216588 -0.012767 -0.035243  0.030074 -0.193820  0.215715 -0.055741 -0.279022 -0.438847 -0.203460 -0.036534  0.083144 -0.081536  0.124577  0.218572 -0.007162 -0.109406 -0.032788 -0.006377 -0.061057  0.102934 -0.100618 -0.038674 -0.264099  0.085022  0.109494 -0.054410 -0.100794  0.026677  0.170638 -0.124250 -0.326792  0.127376 -0.106505 -0.026926 -0.121382  0.205607 -0.144540
 0.152499 -0.009762 -0.095960 -0.096731  0.273343 -0.125278  0.124941 -0.120998  0.081296 -0.452954  0.223120  0.105742 -0.173908  0.283557 -0.107379  0.101496 -0.120694  0.079850 -0.221342  0.182164  0.084626  0.173774  0.021040 -0.083222  0.037646 -0.111013  0.044574  0.014815  0.162379  0.006212  0.071283 -0.144148  0.065658  0.024820  0.145446  0.299885 -0.062326 -0.017486 -0.083952 -0.163360 -0.084839 -0.206832  0.110578
-0.152499  0.090766 -0.232061  0.131673  0.105297 -0.105789 -0.326868  0.012621  0.022447 -0.026802  0.184540  0.035522  0.132727 -0.090201  0.101568 -0.144392  0.085871 -0.214224 -0.009475 -0.165715 -0.080151 -0.085114 -0.142202 -0.098260 -0.365562  0.112699 -0.198567  0.037556  0.115057  0.136099  0.340119  0.002114  0.078136 -0.094047  0.043806  0.334638  0.104536 -0.113619 -0.179670  0.031527 -0.007622  0.016082 -0.171210
 0.152499 -0.173344  0.003205  0.286719  0.237378  0.168086  0.121186  0.056106 -0.082993  0.017274  0.408933 -0.022507  0.106197 -0.039556  0.293625 -0.110123  0.067976  0.026484  0.000487  0.038151 -0.162113 -0.085045 -0.033957 -0.164332  0.200078  0.174979 -0.189743  0.069544 -0.177396 -0.063903 -0.207870 -0.130580 -0.192909 -0.275598 -0.038130  0.023021  0.066898  0.156961 -0.002438 -0.086405  0.145696 -0.072731  0.148100
-0.152499  0.059589 -0.319403 -0.181272  0.210150 -0.174558 -0.174547 -0.022205 -0.000733  0.019545  0.056220  0.104735  0.055815 -0.104613 -0.031326 -0.025114 -0.118766  0.230462  0.199999  0.240568  0.050583  0.085110 -0.012843 -0.027771  0.166828  0.207991 -0.146851  0.045899 -0.004339  0.319774 -0.323829  0.142618 -0.054031  0.277791 -0.177610 -0.090844  0.170717  0.087695 -0.100388  0.099090 -0.091531 -0.108798 -0.087379
-0.152499  0.059473  0.187800 -0.112169 -0.148891 -0.035545  0.096017  0.138223 -0.238999 -0.137263  0.116146 -0.197450  0.278821  0.060738  0.034324 -0.149137 -0.137157 -0.057483 -0.028868  0.021323  0.044101 -0.028113 -0.020839  0.178929  0.006272 -0.022652  0.044932  0.211512 -0.342225  0.240352 -0.068668 -0.287159  0.183722 -0.061331 -0.034269  0.017772 -0.034690 -0.304111 -0.012800  0.099225 -0.258413 -0.250479  0.011442
 0.152499  0.111618  0.114435 -0.290101  0.079202  0.238972  0.102313 -0.093544 -0.178188  0.062497 -0.083763  0.135590  0.150615 -0.167701  0.034294  0.331251  0.184065  0.047751 -0.096403 -0.245230 -0.124359 -0.086774 -0.056509 -0.258157  0.247749  0.118291 -0.010328 -0.062068 -0.035288  0.076713 -0.053319 -0.179935  0.062761  0.246996  0.068364  0.275805 -0.026952 -0.132389 -0.089218 -0.028636 -0.017773  0.112054 -0.236568
-0.152499 -0.170808 -0.028959 -0.095828  0.004841 -0.087448 -0.120878  0.262846 -0.123095 -0.044038 -0.078898  0.189559 -0.014638  0.001653 -0.195573 -0.014579  0.354799 -0.082495  0.062144  0.033861  0.039722 -0.046804  0.177399 -0.053916 -0.038667  0.076383  0.118314 -0.005165 -0.185736 -0.114381 -0.257650  0.327869 -0.115129 -0.076472  0.128062  0.283956 -0.199852 -0.261953 -0.046621 -0.036594  0.178334 -0.174027  0.198233
-0.152499  0.228760 -0.167285 -0.031653 -0.174367 -0.137131  0.238142  0.211983 -0.011415  0.112297  0.135474 -0.139743 -0.100075 -0.149327 -0.034073  0.163210  0.021488 -0.104918 -0.182910  0.074946  0.074078 -0.257222 -0.134923  0.116654  0.250459 -0.268387  0.028347 -0.114576 -0.040622  0.039471  0.044113  0.128959 -0.179831 -0.058266  0.009961  0.335718  0.257939  0.231869  0.000305  0.117703 -0.102531  0.034283  0.122373
-0.152499 -0.041012 -0.188527 -0.045706  0.031507  0.416698 -0.092591  0.087067  0.074170 -0.106401  0.106455  0.252138  0.046496 -0.136804  0.251812  0.077394 -0.051736  0.058145 -0.017398 -0.042160  0.060482 -0.076559  0.204971  0.252052  0.097231 -0.055731  0.058042 -0.015487 -0.092383  0.147695  0.296582  0.170484 -0.065156  0.035343  0.143601 -0.079653 -0.244467  0.117000  0.279999 -0.166834 -0.155656 -0.180370 -0.094817
 0.152499 -0.373821 -0.028547  0.040084  0.029692 -0.209052 -0.174638 -0.117692  0.134833  0.059644  0.198373 -0.261104  0.179533 -0.127269 -0.023461  0.192744  0.095437 -0.011561 -0.274358  0.115184 -0.149625 -0.179884  0.091309  0.103612  0.037611  0.016074  0.223563  0.223845  0.140880  0.025331  0.002475  0.090486  0.062781  0.180560 -0.233967  0.063324 -0.040924 -0.152409  0.315292  0.020314 -0.013113  0.088713 -0.012129
-0.152499  0.100086  0.039428 -0.229501 -0.165580  0.005234  0.177384 -0.116216  0.103098  0.046982  0.137613  0.085389  0.206319  0.067063  0.080037  0.165083  0.050231  0.020836 -0.169261  0.293735  0.264207 -0.033431  0.010005 -0.066958 -0.279619  0.420609  0.156628 -0.142594  0.096278  0.076141  0.016767 -0.090199 -0.264891 -0.223774  0.082451 -0.132051  0.113347 -0.103983  0.090995 -0.045626  0.117801  0.103568 -0.018816
 0.152499 -0.128410  0.233958  0.046067 -0.039564 -0.166037  0.046556  0.020804  0.076406  0.342158  0.153596  0.135534 -0.027019 -0.125033  0.072508  0.076587 -0.070978 -0.075877  0.333127 -0.094636  0.267080  0.093241  0.038002 -0.103366 -0.022943 -0.071282 -0.194132 -0.202227  0.280697  0.081881 -0.049663 -0.070316 -0.029494 -0.014484  0.041343  0.158335 -0.052659 -0.152686  0.272740  0.051273 -0.274006 -0.251471  0.100258
-0.152499  0.075770  0.238588  0.062734 -0.025765 -0.071710 -0.239865 -0.292408 -0.191558 -0.099675 -0.136207 -0.047571  0.116417 -0.145198  0.091805  0.046523 -0.125360 -0.150750 -0.089936  0.117178  0.010776  0.110052  0.260825 -0.120188  0.375192  0.069121 -0.117371  0.110109  0.110811 -0.174883  0.268870  0.141263 -0.239467 -0.035851  0.078751 -0.059109  0.107438 -0.107893 -0.172676  0.070599 -0.110351 -0.054745  0.213593
 0.152499  0.123001 -0.036372 -0.008327 -0.157676 -0.014926 -0.133413 -0.158386  0.045778  0.022522  0.064273  0.316303  0.164477 -0.061583  0.122995 -0.249297 -0.162541 -0.329028 -0.094544  0.090312  0.173751  0.000796  0.034805 -0.385352 -0.028218 -0.167719  0.333951  0.046789 -0.201407 -0.034711 -0.154290  0.033294  0.168761  0.095476 -0.071095  0.065610 -0.059988  0.258937  0.075450  0.093877  0.016803  0.049787  0.038552
 0.152499 -0.266311 -0.382591 -0.136343 -0.247154  0.139380  0.012016  0.068488 -0.238499 -0.035800 -0.019671 -0.015398  0.011399 -0.052675 -0.099848  0.168664 -0.120969 -0.028042 -0.131229 -0.132523  0.042443  0.313081 -0.055807 -0.073691 -0.227231  0.057617 -0.230067  0.199964 -0.052414 -0.116926 -0.022214 -0.054024 -0.220118 -0.015295 -0.014638  0.007350 -0.106924  0.097461  0.028300  0.226931 -0.233824  0.147604  0.174601
 0.152499 -0.110664  0.061270 -0.128830  0.085597 -0.095483  0.126303 -0.118177 -0.091668 -0.009079  0.057440  0.102307  0.186742  0.109735  0.108485 -0.102259 -0.022011  0.122511  0.122696  0.059500 -0.045207 -0.071395  0.348980  0.285167 -0.099863 -0.172068 -0.010705  0.001907  0.037673 -0.177825 -0.034339  0.042441 -0.133786 -0.086184  0.149825  0.168715  0.039292  0.124071 -0.116053  0.465522  0.062612  0.046049 -0.396158
 0.152499
