3 24
-0.353553  0.000000  0.000000  0.322968 -0.422552  0.138694  0.197476  0.113614  0.262983 -0.360085  0.165566 -0.103206 -0.302844  0.009864  0.216395 -0.074987  0.059743  0.090588 -0.185066 -0.017598  0.234632 -0.030749 -0.154704 -0.116570
-0.000000  0.353553  0.000000  0.081602  0.171537 -0.012686  0.082523  0.064999  0.062638 -0.284129  0.031098 -0.026469 -0.067128 -0.089728  0.164666  0.183785 -0.496259 -0.282960 -0.000530  0.224666 -0.327873  0.424709 -0.052171  0.023154
-0.353553  0.000000  0.000000 -0.160133  0.117308  0.068026 -0.106453  0.368460  0.104613  0.185523  0.256427 -0.013515 -0.085780  0.076183 -0.224463  0.153886 -0.242022  0.189865  0.527044  0.219667  0.228281 -0.035134 -0.051726 -0.093122
 0.000000 -0.353553 -0.000000  0.179614  0.037534  0.310568  0.093990  0.140160 -0.182298  0.294049 -0.335164  0.122624 -0.246384 -0.182682  0.067098  0.297902 -0.189704  0.175695 -0.273389  0.269488 -0.020836 -0.051986 -0.109178  0.229620
 0.000000  0.000000  0.353553  0.102107  0.124420  0.052362 -0.002662  0.185296  0.101877  0.222572 -0.039364 -0.149324 -0.101703 -0.443846  0.389818 -0.245303 -0.008334 -0.138031  0.197839 -0.195534  0.125581  0.025543  0.437575  0.066188
 0.000000 -0.000000 -0.353553  0.172464  0.092262  0.372273 -0.155771 -0.153231  0.223477  0.268586  0.040713 -0.187937 -0.201350  0.139556 -0.148736 -0.384949 -0.244208  0.123538 -0.020607 -0.268020 -0.324203  0.044366  0.027022 -0.077866
 0.000000 -0.000000  0.353553 -0.012184 -0.145497  0.460213  0.344136 -0.058203 -0.249782 -0.008143  0.056005 -0.170038  0.255172 -0.072684 -0.180033  0.212551  0.007397  0.048754  0.092444 -0.173327 -0.214498  0.030664  0.026431 -0.434636
 0.353553  0.000000  0.000000  0.127524 -0.019037 -0.181322  0.093277  0.062048  0.288623 -0.062021 -0.020830 -0.362415  0.240662 -0.012937 -0.233474  0.087234 -0.360874  0.234495 -0.260232  0.149333  0.260549 -0.168014  0.309197 -0.082807
 0.353553  0.000000 -0.000000 -0.167501 -0.186892  0.069642 -0.077760 -0.095140  0.312103  0.388929  0.097903 -0.015045  0.073485  0.039713  0.396575  0.057284  0.139642  0.067025  0.008818  0.269458  0.091685  0.307540 -0.263923 -0.311016
-0.353553 -0.000000  0.000000 -0.159322  0.326235  0.262952 -0.137228 -0.232689  0.303175 -0.145474  0.082405  0.279800  0.236427 -0.263317 -0.051618 -0.007362  0.174203  0.158365 -0.304839  0.227559  0.007863  0.073006  0.246873 -0.092116
-0.000000 -0.353553  0.000000  0.116881  0.166960  0.200284 -0.189118 -0.311118 -0.180662 -0.169024 -0.044200 -0.059205  0.069930  0.169247  0.126889 -0.137024 -0.250599 -0.453658  0.105563  0.178730  0.372597 -0.129681 -0.045398 -0.237300
-0.000000 -0.000000 -0.353553  0.535892 -0.135857 -0.057388 -0.330732  0.065385 -0.055622 -0.016576 -0.052527 -0.118718  0.189965 -0.350568 -0.109019  0.217295  0.297098 -0.085478  0.240706  0.147639 -0.123836  0.032918  0.050790 -0.140687
 0.000000  0.353553  0.000000  0.179745  0.088232 -0.114531 -0.001090 -0.179415 -0.516339  0.225342  0.302424  0.035102 -0.232831 -0.127197 -0.140400 -0.143852 -0.011505  0.152534 -0.232769  0.088870  0.327144  0.226171  0.037741 -0.153778
 0.353553 -0.000000 -0.000000 -0.170013 -0.144898  0.287218 -0.223398  0.291441 -0.179089 -0.398010 -0.043954  0.119880  0.086882 -0.258539 -0.079770 -0.430324 -0.071022  0.247086  0.092576  0.093913  0.063951  0.101233 -0.170588  0.090095
 0.000000  0.353553  0.000000  0.132519 -0.247553  0.176148 -0.087437  0.011070 -0.135612  0.017667 -0.188648  0.289617  0.068618  0.439859  0.263298 -0.024723 -0.038194  0.158343  0.121917  0.235055 -0.070501 -0.182781  0.464375 -0.020033
-0.000000  0.000000 -0.353553 -0.131298  0.046932  0.146544 -0.154352  0.366878 -0.195788  0.033712  0.354523  0.017557  0.268934  0.029708  0.337716  0.245829 -0.112572 -0.087529 -0.300901 -0.361603  0.086646 -0.102537  0.052406 -0.010189
-0.000000 -0.000000 -0.353553 -0.227859 -0.211372  0.223110  0.404164  0.106760 -0.013050  0.123056  0.064433 -0.131229  0.013940 -0.007058 -0.212833 -0.149249  0.185213 -0.419982 -0.015529  0.284050  0.109097  0.150218  0.262630  0.233064
-0.000000 -0.000000  0.353553  0.289469  0.257430  0.160907 -0.187824  0.316041  0.022645  0.022394  0.047438 -0.233243  0.161017  0.439476 -0.110155 -0.056723  0.301733 -0.065166 -0.187110  0.074794  0.025058  0.279346 -0.077616  0.226323
-0.000000 -0.000000  0.353553 -0.030191 -0.444388  0.011057 -0.390342 -0.057343  0.084278  0.171955  0.343063  0.132277 -0.042997 -0.111307 -0.232503  0.018401 -0.175265 -0.315008 -0.199503  0.096132 -0.188438 -0.210588  0.006458  0.146447
-0.353553  0.000000  0.000000  0.078973 -0.045129 -0.250720  0.176741  0.163511 -0.112656  0.239665 -0.097476 -0.040339  0.472022 -0.065140  0.124403 -0.453008 -0.160563  0.003853 -0.126909  0.209194 -0.187948 -0.140527 -0.256588 -0.101593
 0.353553  0.000000  0.000000  0.292477  0.326689  0.043415  0.338418  0.154548  0.136477 -0.009270  0.373802  0.380320 -0.081204 -0.010647 -0.018614 -0.095665  0.123616 -0.105935  0.069068  0.126118 -0.133358 -0.374164 -0.090831 -0.099673
 0.000000  0.353553  0.000000 -0.158832  0.154345  0.193777 -0.062935 -0.200182 -0.079462 -0.045865  0.078075 -0.515024 -0.062292 -0.107873  0.197174  0.066739  0.145918  0.073761  0.034989  0.230789 -0.068941 -0.466793 -0.210559  0.239898
 0.000000  0.353553 -0.000000 -0.154655  0.088397  0.050502 -0.135894  0.323426  0.107699  0.061796 -0.459568  0.040710 -0.217653 -0.040939 -0.191949  0.000639  0.094223 -0.301157 -0.227133 -0.061214  0.109941 -0.192695 -0.110317 -0.432639
-0.000000  0.353553 -0.000000  0.216115 -0.050464  0.217641  0.109705 -0.190857  0.198117  0.150214 -0.142746  0.239483  0.334830 -0.087558 -0.098802  0.078290 -0.134486 -0.078485  0.135699 -0.269947  0.381992  0.009721 -0.283646  0.335720
 0.353553
