2 11
 0.441726  0.000000 -0.169908 -0.432150 -0.642395 -0.350662  0.011872 -0.056664 -0.021415 -0.156276  0.159335
 0.441726  0.000000 -0.448804 -0.124623  0.449968  0.067916 -0.171083  0.119228  0.532037 -0.188991 -0.136280
 0.441726  0.000000  0.442452 -0.268539  0.238190  0.397529  0.015913  0.127695 -0.151506  0.138172  0.513451 
 0.441726  0.000000  0.102177  0.442153  0.219887 -0.517880 -0.033624  0.303433 -0.414648 -0.015741 -0.130403 
 0.441726  0.000000  0.137633  0.165650 -0.111594  0.298203  0.270503 -0.554674 -0.024418  0.139337 -0.506232 
 0.000000  0.441726 -0.357863 -0.072782  0.051376  0.269254 -0.471025 -0.191659 -0.562840 -0.142242 -0.027523
 0.000000  0.441726  0.538669 -0.064850 -0.209682  0.066009 -0.303827  0.315173  0.253795 -0.250626 -0.378568
 0.000000  0.441726 -0.126217  0.227441 -0.011845  0.132349  0.642125  0.094129  0.005394 -0.498535  0.223183
 0.000000  0.441726 -0.227181 -0.219224 -0.015024 -0.024849  0.282172  0.339905 -0.011864  0.691553 -0.175561 
 0.110432 -0.331295 -0.242161  0.348743 -0.431562  0.504965 -0.087533  0.493663 -0.050444  0.033762 -0.038722 
 0.110432  0.331295 -0.012039  0.521296 -0.184662 -0.085386 -0.286794 -0.249734  0.370242  0.300229  0.439237 
 0.441726
