13 31
-0.050106  0.000000 -0.000000 -0.090361  0.000000  0.000000  0.560842  0.000000  0.000000 -0.000000 -0.000000  0.000000  0.000000  0.155729  0.008139 -0.446153  0.103242 -0.032634 -0.133940  0.075542 -0.151597  0.299548  0.275129  0.085431 -0.258764  0.031443  0.108655  0.016826 -0.060906  0.074231  0.362048
-0.000000 -0.000000 -0.000000  0.000000 -0.000000  0.039622 -0.000000 -0.000000  0.661687  0.000000 -0.000000 -0.000000  0.000000  0.024975 -0.117424 -0.290652 -0.056969 -0.041412 -0.130788 -0.317591 -0.009915 -0.261121  0.132645  0.262613  0.093381 -0.140156 -0.129149  0.190736 -0.115894 -0.261529 -0.143822
 0.000000 -0.000000  0.000000  0.000000 -0.000000  0.000000 -0.000000  0.701309  0.000000  0.000000 -0.000000 -0.000000  0.000000  0.005479 -0.390733 -0.011569 -0.326252 -0.283293  0.107007  0.207138 -0.206372  0.073439 -0.053115  0.116219  0.180792  0.034255  0.024066  0.073093  0.073149  0.058387  0.037759
 0.000000  0.000000 -0.000000  0.000000  0.000000  0.000000 -0.000000 -0.000000  0.000000  0.000000  0.701309 -0.000000  0.000000 -0.201064 -0.037882  0.070038 -0.031110  0.243528 -0.039417 -0.034802 -0.224242 -0.060357  0.045477  0.261684  0.090232 -0.128503  0.328299 -0.344931 -0.141767  0.045736  0.016809
-0.000000  0.000000  0.701309 -0.000000 -0.000000  0.000000 -0.000000 -0.000000  0.000000 -0.000000 -0.000000 -0.000000 -0.000000  0.122904 -0.041416 -0.088678 -0.236491  0.161405 -0.145459 -0.138134 -0.055335  0.039742 -0.413009  0.007628 -0.292351 -0.156354  0.033982 -0.039358  0.269293 -0.029106 -0.000682
-0.000000  0.000000  0.000000  0.701309  0.000000 -0.000000 -0.000000 -0.000000 -0.000000  0.000000 -0.000000  0.000000 -0.000000 -0.440018 -0.133293 -0.092095  0.153820 -0.232148 -0.126763 -0.278343  0.058167  0.280500 -0.130801 -0.031702 -0.046022  0.041010 -0.034236 -0.043240 -0.035769  0.077954  0.053187
 0.026072 -0.000000  0.000000 -0.000000  0.000000 -0.024725  0.000000 -0.000000  0.530175 -0.000000  0.000000 -0.000000 -0.120337 -0.066818 -0.089406  0.091734  0.274794 -0.084744  0.005070  0.325426  0.170547 -0.176893 -0.045517 -0.035990 -0.158326  0.238617  0.192108 -0.253685  0.430943  0.224317  0.102987
 0.701309 -0.000000 -0.000000 -0.000000  0.000000 -0.000000  0.000000 -0.000000 -0.000000 -0.000000  0.000000 -0.000000 -0.000000 -0.274838  0.218920 -0.110498 -0.075666  0.004323 -0.152196  0.349383  0.119887 -0.006645 -0.079940  0.032684  0.128350 -0.265490 -0.017339  0.128943  0.038411 -0.196022  0.236338
-0.011193 -0.000000  0.090361  0.000000 -0.000000  0.000000 -0.000000 -0.000000  0.000000 -0.000000 -0.038914  0.560842  0.000000  0.126379  0.428255  0.063378 -0.136409 -0.374329 -0.254006 -0.131967 -0.003156 -0.031761 -0.029532  0.114584  0.220695  0.224560  0.336359  0.003011 -0.016325  0.063103 -0.006887
-0.011193 -0.000000 -0.000000 -0.000000 -0.090361 -0.000000  0.000000  0.000000 -0.000000  0.560842  0.038914  0.000000 -0.000000 -0.090862  0.138869  0.179494 -0.018251 -0.300854  0.033453  0.023312 -0.139628 -0.176351  0.149388  0.045186 -0.369438 -0.404257 -0.054919  0.164691 -0.027769  0.331391 -0.088268
-0.000000  0.000000 -0.701309  0.000000 -0.000000  0.000000 -0.000000 -0.000000  0.000000 -0.000000 -0.000000 -0.000000 -0.000000  0.155278  0.044171 -0.087111 -0.224972  0.097348 -0.204185 -0.167888 -0.103351  0.013625 -0.440705  0.011737 -0.212757 -0.114448  0.072121 -0.022392  0.273552  0.013723  0.015353
 0.092284 -0.000000 -0.000000  0.000000 -0.000000 -0.000000  0.609025  0.000000  0.000000 -0.000000  0.000000  0.000000  0.000000  0.035564 -0.100065  0.265125  0.166278  0.024499 -0.200409  0.164247  0.097162  0.067083 -0.264136  0.163930  0.109347 -0.013073 -0.084217  0.042846 -0.105622  0.040799 -0.546951
-0.701309  0.000000 -0.000000  0.000000  0.000000 -0.000000 -0.000000 -0.000000  0.000000  0.000000 -0.000000  0.000000 -0.000000 -0.272607  0.169571 -0.072121 -0.006871  0.029191 -0.192925  0.391842  0.148312 -0.024056 -0.148085  0.071729  0.159356 -0.248595 -0.027082  0.147956  0.040556 -0.169995  0.134998
 0.000000  0.000000  0.000000 -0.000000  0.000000 -0.701309  0.000000  0.000000 -0.000000  0.000000  0.000000 -0.000000  0.000000  0.229944 -0.221013  0.242046  0.226196 -0.114368 -0.076557 -0.131469  0.079510  0.060953  0.023068 -0.086023  0.099355 -0.315306  0.229786  0.068464  0.028955 -0.200294  0.186454
 0.000000 -0.000000 -0.000000  0.000000  0.701309  0.000000 -0.000000  0.000000 -0.000000 -0.000000  0.000000  0.000000 -0.000000 -0.045156  0.060997  0.166931 -0.067347  0.167178 -0.049953 -0.132851  0.060434  0.210844  0.275407  0.231025  0.128470 -0.073175 -0.112728  0.154787  0.382927  0.198531  0.002858
-0.026072 -0.000000 -0.000000  0.000000  0.000000 -0.024726 -0.000000  0.000000  0.530175  0.000000  0.000000 -0.000000  0.120337  0.035648  0.235958  0.271015 -0.203693  0.136429  0.158161  0.070945 -0.158173  0.502787 -0.120031 -0.291765  0.041782 -0.063695 -0.030922  0.015636 -0.286302  0.102086  0.076510
-0.000000  0.000000 -0.000000  0.000000  0.000000  0.000000  0.000000  0.000000  0.000000 -0.000000  0.701309  0.000000  0.000000  0.204479  0.037041 -0.071715 -0.029258 -0.223446  0.039899  0.018653  0.330430  0.080671 -0.052908 -0.220063 -0.082961  0.187561 -0.230713  0.362187  0.104389 -0.052383 -0.009217
 0.009064 -0.000000 -0.000000 -0.000000 -0.000000  0.000000 -0.000000 -0.000000 -0.000000 -0.000000 -0.000000  0.000000  0.692245 -0.174199  0.035873 -0.005441  0.187049  0.042279  0.174013  0.034615 -0.242519 -0.003168 -0.008696  0.019508 -0.131170  0.159753  0.304171  0.331635  0.206589 -0.223053 -0.154459
-0.000000  0.000000 -0.000000  0.000000 -0.000000 -0.000000  0.000000  0.000000 -0.000000  0.000000 -0.000000  0.000000 -0.701309 -0.154365  0.091238  0.025392  0.102528  0.079684  0.198033 -0.009499 -0.295790  0.113499 -0.021370 -0.024632 -0.095138  0.105815  0.261970  0.373561  0.080847 -0.241144 -0.157006
 0.000000  0.560842 -0.000000 -0.000000 -0.000000  0.050106  0.000000 -0.090361 -0.000000  0.000000 -0.000000 -0.000000  0.000000 -0.090697 -0.219820 -0.054528 -0.211036  0.077358 -0.386819  0.062804 -0.049246 -0.050144  0.261083 -0.491201  0.070158 -0.027089  0.196345  0.077183  0.048337  0.083857 -0.193004
 0.011193 -0.000000  0.000000 -0.000000 -0.090361 -0.000000 -0.000000 -0.000000 -0.000000 -0.560842 -0.038914 -0.000000 -0.000000 -0.069532 -0.059003  0.053686 -0.059570  0.084892  0.088904 -0.051634  0.203850 -0.179738 -0.056182  0.126129 -0.144479 -0.133355  0.220695  0.405696 -0.211922  0.493149  0.100712
-0.000000 -0.560842 -0.000000 -0.000000 -0.000000 -0.050106  0.000000 -0.090361 -0.000000  0.000000 -0.000000  0.000000 -0.000000 -0.127555 -0.196301  0.298999 -0.204668  0.092813 -0.458489  0.063968 -0.169035 -0.140295  0.144220 -0.110570 -0.167165  0.295817 -0.100061  0.144097 -0.097449 -0.077363  0.150926
-0.020614  0.000000 -0.000000  0.000000 -0.000000 -0.000000 -0.000000 -0.000000 -0.000000 -0.000000 -0.071670 -0.609025  0.000000  0.001379  0.177043  0.105532 -0.333565 -0.231601 -0.048100 -0.030399  0.337368  0.128168  0.143560  0.181671 -0.162400  0.114083  0.346911 -0.115715 -0.060508 -0.189878 -0.127290
 0.000000  0.000000 -0.000000  0.000000 -0.701309  0.000000 -0.000000  0.000000 -0.000000 -0.000000 -0.000000 -0.000000 -0.000000 -0.024490  0.050707  0.136886 -0.057320  0.195004 -0.065718 -0.129202  0.052159  0.256725  0.263398  0.208951  0.194687 -0.003906 -0.134088  0.081295  0.413810  0.092292  0.001254
 0.000000  0.000000 -0.000000 -0.000000 -0.000000 -0.701309 -0.000000 -0.000000 -0.000000  0.000000 -0.000000  0.000000 -0.000000 -0.220334  0.204682 -0.339354 -0.233148  0.107229  0.077219  0.099327 -0.057432 -0.069830  0.012774  0.039097 -0.044256  0.239021 -0.185671 -0.062185 -0.012520  0.205065 -0.267157
 0.000000 -0.609025 -0.000000 -0.000000 -0.000000  0.092284  0.000000  0.000000 -0.000000 -0.000000  0.000000 -0.000000  0.000000  0.033942 -0.021659 -0.325557 -0.005864 -0.014233  0.066000 -0.001072  0.110312  0.083018  0.107618 -0.350517  0.218547 -0.297359  0.272956 -0.061620  0.134252  0.148466 -0.316720
 0.000000  0.000000 -0.000000  0.701309 -0.000000  0.000000  0.000000 -0.000000 -0.000000 -0.000000 -0.000000 -0.000000  0.000000  0.485124  0.121390  0.014219 -0.103951  0.227166  0.064208  0.320790 -0.083638 -0.193922  0.164743  0.076654 -0.005360 -0.034736  0.050452  0.053571  0.005296 -0.053116 -0.036417
 0.000000  0.000000 -0.000000 -0.000000  0.000000  0.000000  0.000000  0.701309  0.000000  0.000000 -0.000000 -0.000000  0.000000 -0.033600  0.337118  0.043068  0.272690  0.305219 -0.215922 -0.190804  0.178248 -0.097976  0.105336 -0.193755 -0.193291  0.000369 -0.011660 -0.044582 -0.079477 -0.057550 -0.043180
 0.011193 -0.000000  0.090361 -0.000000  0.000000  0.000000  0.000000 -0.000000 -0.000000  0.000000  0.038914 -0.560842 -0.000000  0.124881  0.236002 -0.051221  0.225812 -0.122831 -0.201774 -0.098957 -0.369508 -0.170940 -0.185426 -0.082694  0.397048  0.100676 -0.040356  0.128667  0.049381  0.269294  0.131339
 0.020614 -0.000000  0.000000 -0.000000  0.000000  0.000000 -0.000000 -0.000000  0.000000  0.609025 -0.071670 -0.000000  0.000000  0.019643 -0.182217 -0.115854 -0.038050  0.355227  0.051064 -0.069016  0.316304 -0.003120 -0.189307  0.074539  0.207161  0.249469  0.253808  0.221937 -0.169584  0.148960  0.174029
-0.050106  0.000000  0.000000  0.090361 -0.000000 -0.000000  0.560842 -0.000000 -0.000000  0.000000  0.000000 -0.000000  0.000000 -0.194348  0.100523  0.158251 -0.283805  0.006029  0.351566 -0.253899  0.046088 -0.372394  0.011700 -0.263445  0.140022 -0.017247 -0.017202 -0.063353  0.175603 -0.118535  0.231893
 0.701309
