2 37
-0.234888  0.000000  0.030861 -0.064465  0.101978  0.048665  0.109965 -0.005380  0.002432 -0.137956 -0.080543 -0.032819 -0.186274  0.272253 -0.036020  0.072642  0.132333  0.083908 -0.056028  0.035549 -0.003333  0.072204  0.246694  0.019016  0.196765  0.220719  0.013075  0.175227  0.133314 -0.115795  0.123918  0.600544  0.164618  0.163935 -0.164165  0.036949 -0.263908
 0.000000  0.234888 -0.076002 -0.036489  0.035846 -0.103295  0.062332  0.464135 -0.159848 -0.126277 -0.083565  0.146856  0.086585  0.112842  0.425508 -0.073716  0.034978  0.192902  0.174996  0.057477  0.119492 -0.166059  0.155951 -0.178971 -0.330372 -0.042115 -0.000577 -0.126406  0.018364  0.201426  0.052529  0.009022  0.040844  0.212339  0.053805 -0.167651 -0.103521
 0.058722  0.176166  0.295627  0.020975  0.005264 -0.058851 -0.027654 -0.243762 -0.027224 -0.023362  0.216701  0.016450 -0.172095 -0.012062  0.090223 -0.184629  0.395441 -0.112158  0.128500  0.137431  0.172081 -0.043169 -0.035995 -0.025161  0.083973  0.115517  0.190087 -0.112260 -0.188328  0.052642  0.012465 -0.115350  0.019719  0.164534  0.341293  0.339523 -0.275128
 0.000000  0.234888  0.077510 -0.162015 -0.045869 -0.131010 -0.044004  0.033988 -0.112627  0.174975  0.106705  0.058174  0.085504  0.223446  0.036736 -0.142636  0.083153  0.099067  0.012236 -0.304184 -0.014368  0.011567 -0.076834 -0.183835  0.625041 -0.049747  0.058264 -0.033483 -0.008016  0.262648  0.096662 -0.022976 -0.224474 -0.079935 -0.170146 -0.177684  0.099375
-0.234888  0.000000 -0.450862 -0.047629  0.103289  0.095470  0.119224  0.026317  0.116734  0.277896  0.227602  0.081716 -0.098603 -0.185036 -0.071535 -0.318633 -0.048238 -0.117055 -0.241710 -0.097143  0.054793 -0.277871  0.199935 -0.027673 -0.034009  0.029909  0.198711  0.052543  0.092215  0.139698 -0.184799 -0.078867 -0.027022 -0.030490 -0.086880  0.047059 -0.275136
 0.000000 -0.234888  0.018013 -0.022875 -0.053257 -0.225661  0.026111 -0.030557 -0.156266 -0.068723 -0.293300  0.192013 -0.064129 -0.032925  0.269595  0.190934 -0.164432 -0.237457  0.015969 -0.116890  0.155060 -0.220537  0.152914 -0.288829  0.198100 -0.012368 -0.053718  0.176768 -0.189699 -0.139348 -0.269335  0.050701 -0.070571 -0.284884  0.128560  0.166728 -0.104399
 0.234888 -0.000000  0.002296  0.241749 -0.290355 -0.019357  0.131286  0.054416  0.219538  0.188972  0.183258  0.347898 -0.205967 -0.158810  0.048666  0.003066 -0.153148 -0.035628  0.298613 -0.142786 -0.103706 -0.236846 -0.003715  0.267428  0.114526  0.030534 -0.131370  0.007199 -0.183642 -0.023910  0.093819  0.261739  0.084991  0.193708 -0.008586 -0.091915  0.063728
 0.000000  0.234888  0.157430  0.055243  0.185993  0.072380  0.130072 -0.180513 -0.209905  0.009187  0.020277 -0.202471  0.036866 -0.225721 -0.060269  0.206501 -0.146546 -0.228429  0.009670 -0.064201  0.168412  0.076543  0.156157  0.155718  0.008400 -0.395254 -0.107697 -0.084786 -0.156629  0.078328 -0.044716  0.094714 -0.117730  0.107059 -0.054892 -0.348653 -0.340853
 0.234888  0.000000 -0.227626  0.159549  0.090128 -0.321727  0.130984  0.125994  0.124250 -0.291034  0.435101 -0.187676 -0.034480  0.137709  0.001033  0.201828  0.144256 -0.011601  0.101543  0.076469 -0.115673 -0.084462 -0.231516 -0.074255  0.013324 -0.231130  0.125691  0.208815  0.064301 -0.101653 -0.042124  0.011168 -0.031010 -0.195601 -0.119447 -0.022434 -0.192986
-0.000000  0.234888  0.045891  0.157031  0.011257  0.101368 -0.030638  0.099060 -0.297738  0.052672 -0.080908 -0.166779 -0.209349  0.047474  0.027110 -0.344286  0.058969 -0.115687  0.299497  0.083083 -0.206014  0.021264  0.030644  0.135886 -0.072799 -0.000534 -0.258612 -0.011829  0.000367  0.026757 -0.245413  0.054998  0.032806 -0.358491 -0.328749  0.234317  0.034000
 0.234888  0.000000 -0.003942 -0.093567 -0.144831  0.070231  0.083430 -0.081881 -0.040925  0.081968 -0.155045 -0.397091 -0.144109  0.076432  0.127948  0.132454  0.084357 -0.070407 -0.021062 -0.323784 -0.279609 -0.160699  0.185291  0.103460 -0.064036  0.128595  0.033041  0.216926  0.143105  0.258149  0.184617 -0.191538  0.249732 -0.100763  0.250353 -0.104873 -0.081125
 0.000000 -0.234888 -0.069868  0.425799  0.196803 -0.104663  0.045673  0.007754  0.077637  0.145837  0.006740 -0.101393  0.046832  0.172813  0.047554 -0.136743  0.253277  0.331413 -0.123598 -0.039099  0.071694  0.047056  0.330750  0.114732  0.174718 -0.183268 -0.322993 -0.092041 -0.053281 -0.096041 -0.144594 -0.094979  0.043784 -0.005930  0.253199 -0.075882  0.068898
 0.000000  0.234888 -0.261305  0.014260  0.111502  0.271615  0.307526  0.163603  0.117596 -0.011812 -0.123939 -0.005995  0.102417 -0.233871  0.032243  0.181647  0.300307  0.002822 -0.008924 -0.081769  0.233537  0.169171 -0.216433  0.016631  0.064103  0.137155 -0.227247  0.295697 -0.188061  0.165034  0.024483  0.073389 -0.120869 -0.065272  0.118263  0.173182  0.139795
 0.058722 -0.176166  0.260166 -0.152450  0.266481 -0.033532  0.254481  0.130534 -0.093909  0.081698  0.017234 -0.077830 -0.043028 -0.033152 -0.127081 -0.247938 -0.159667  0.215113  0.085767 -0.322653  0.011384 -0.028721 -0.325131 -0.115361 -0.088078  0.186470 -0.200719  0.161980 -0.058004 -0.277749 -0.037255 -0.164369  0.014640  0.171123 -0.029728 -0.041548 -0.254866
 0.000000 -0.234888  0.165134 -0.066647  0.252664 -0.216340 -0.002671  0.270153 -0.101010  0.000759  0.058638  0.025674 -0.138921  0.043022  0.150088 -0.203240 -0.064421 -0.296080 -0.345873  0.037907 -0.072431  0.149429 -0.129273  0.285943 -0.030339 -0.170939  0.097878  0.198686 -0.179098  0.285591  0.061631  0.154029  0.061461  0.096579  0.073045  0.062326  0.220427
-0.234888 -0.000000  0.046269 -0.033095 -0.167706  0.003780 -0.137959  0.099348 -0.279600  0.028759  0.157889  0.077812  0.232939 -0.281297 -0.052154  0.039022  0.128231  0.109222  0.213293 -0.168494 -0.077684  0.124975  0.142992  0.020242  0.070620 -0.319406  0.144549  0.401417  0.140660 -0.133875 -0.095710 -0.060216  0.278364  0.192682  0.043936  0.169950  0.084888
-0.234888 -0.000000  0.291872  0.137092 -0.074619 -0.226817  0.177464  0.187961 -0.017298  0.246850  0.037962 -0.031516  0.195579 -0.136272 -0.250707  0.014157  0.058965 -0.158449  0.009954  0.375830 -0.107261 -0.210664  0.099867 -0.147776 -0.017245  0.120198 -0.174699  0.162118  0.146689  0.049664  0.317827  0.000390 -0.170850 -0.161849  0.128738 -0.082291 -0.023720
 0.000000 -0.234888  0.039899  0.015831 -0.183673  0.135454 -0.243369  0.304285  0.015101  0.240793 -0.029597 -0.186216 -0.264974  0.074367 -0.241443  0.074646 -0.047736  0.176420  0.229465 -0.014443  0.288757  0.121302 -0.111099 -0.025209 -0.078645 -0.100321  0.205855  0.013767  0.033631  0.197418 -0.134405  0.223498 -0.202896 -0.142189  0.240392 -0.045989 -0.141955
 0.234888 -0.000000  0.051232  0.318395  0.121152  0.212427  0.161408  0.022877 -0.327816 -0.332650  0.166953  0.160101 -0.101578 -0.095416 -0.197246 -0.111600 -0.137692 -0.094678 -0.076176 -0.129857  0.150137  0.015862  0.071504 -0.192259  0.077012  0.131025  0.095768 -0.082752  0.384503  0.065147  0.023235  0.079385  0.038472 -0.067086  0.206624 -0.054555  0.216534
 0.000000 -0.234888 -0.085341 -0.012268 -0.118155  0.201840  0.286002 -0.134252 -0.135390  0.314855  0.187997 -0.031239  0.140202  0.409440  0.078696  0.138328 -0.014059 -0.283653  0.086656  0.038136  0.016627  0.061646 -0.124967 -0.266163 -0.097042 -0.166313 -0.194683 -0.116920  0.109904  0.120525 -0.051829  0.046148  0.077928  0.252239 -0.043154  0.204505  0.053449
 0.000000 -0.234888 -0.058805  0.010540  0.118160  0.154498 -0.020113  0.384931 -0.026641  0.016657 -0.024518 -0.134277  0.286674 -0.082092 -0.007734  0.057284  0.184203 -0.336929  0.177897 -0.014209 -0.040951 -0.002770 -0.011387  0.089060  0.261838  0.231754  0.215967 -0.360513 -0.153989 -0.164982 -0.021485 -0.039387  0.261865 -0.048283 -0.043128 -0.155514 -0.071747
-0.000000 -0.234888  0.027886 -0.328856 -0.246519  0.434665  0.038541  0.006590 -0.076134 -0.299695  0.138833  0.052166  0.038633 -0.032920  0.137195 -0.221894  0.082691  0.110448 -0.102078  0.251296 -0.063404 -0.218523 -0.096167  0.113074  0.170606 -0.224380 -0.236049  0.040589 -0.015566 -0.026125  0.043329  0.035193 -0.055373 -0.151838  0.138180 -0.159146 -0.136420
 0.000000 -0.234888 -0.005298  0.127902  0.132264 -0.000071 -0.015811 -0.280771  0.062936 -0.182247 -0.054507  0.077014  0.523553  0.136940 -0.003326 -0.208043 -0.077242  0.013592  0.341559 -0.116223 -0.002250 -0.031376  0.048519  0.226313 -0.118916  0.130295  0.127961  0.179269 -0.019802  0.312298  0.012651  0.120198 -0.214517 -0.068193 -0.010045  0.038825 -0.119654
-0.234888  0.000000 -0.085384  0.001288 -0.075701 -0.022665 -0.164566  0.160775  0.251529 -0.264143 -0.032093 -0.105155 -0.125328  0.049767  0.034899 -0.142877  0.024834 -0.386489  0.135440 -0.335604 -0.009727  0.079910  0.072490  0.024430 -0.004558 -0.125599 -0.226611 -0.081766  0.218737 -0.188387  0.211298 -0.092250 -0.363563  0.177237  0.120872  0.107320 -0.008786
 0.234888  0.000000 -0.233319  0.001614 -0.287730 -0.225871  0.110039  0.096522 -0.126015 -0.161195 -0.376745  0.048475  0.016682  0.067387 -0.407187 -0.122950  0.020548 -0.075132 -0.052442  0.207288 -0.012971  0.062859 -0.025860  0.104977  0.194820 -0.005615 -0.064031  0.049115  0.026038  0.150335 -0.182859 -0.179692 -0.000235  0.353867 -0.020906  0.020076 -0.190025
-0.234888  0.000000 -0.017646  0.104578 -0.132218 -0.057650  0.088955  0.034373 -0.086532 -0.082892  0.004279  0.053682 -0.037525  0.203439 -0.081071  0.054445 -0.159969  0.051968 -0.015315 -0.081717  0.499204 -0.101487 -0.092827  0.287514  0.030151 -0.081928 -0.025665 -0.045106 -0.041169  0.035223  0.389925 -0.265625  0.315812 -0.231524 -0.161648  0.164007 -0.076701
 0.000000  0.234888 -0.119346 -0.153260  0.107194 -0.176860 -0.016457 -0.110302 -0.070452  0.137897 -0.176780 -0.132884  0.171393  0.068115 -0.056768 -0.103608  0.039494 -0.052401  0.011594 -0.040340  0.142544 -0.410931 -0.308889  0.217964 -0.001777 -0.130250  0.025020 -0.097289  0.255002 -0.226973 -0.110564  0.327952  0.091498  0.000228  0.295530 -0.005614  0.183676
 0.000000 -0.234888 -0.234055 -0.098326  0.240889 -0.106744 -0.084931 -0.168730 -0.266641  0.091242 -0.157344  0.388445 -0.222545 -0.122767 -0.145221  0.087772  0.396592  0.009201  0.143841 -0.087304 -0.159490  0.033637 -0.115963 -0.027947 -0.140692 -0.141926 -0.072170 -0.146503  0.040411  0.057262  0.309364  0.019471 -0.017971 -0.113341 -0.028444 -0.098657 -0.094956
 0.000000 -0.234888 -0.136512 -0.160856 -0.021219 -0.264892 -0.146018 -0.172753 -0.090571 -0.025191  0.198222 -0.271893 -0.118396 -0.285990  0.196009 -0.024453  0.039957 -0.023591  0.183039  0.149730  0.363825  0.021386  0.021513  0.019500  0.076218  0.290893 -0.248219  0.052279  0.178257  0.145737 -0.047522 -0.005344  0.046290  0.141659 -0.176709 -0.182770  0.181636
 0.234888  0.000000 -0.205310 -0.081690 -0.121633  0.004200 -0.074319  0.060427 -0.447305  0.099920  0.206672 -0.111032  0.092400  0.116479 -0.062659  0.043748  0.019704  0.042626 -0.149560 -0.043411  0.058875 -0.063581  0.241711  0.168607 -0.137488  0.183080  0.061944  0.048789 -0.274863 -0.314724  0.214510  0.053056 -0.386354  0.059928 -0.022141  0.126397  0.082140
 0.234888  0.000000 -0.013330 -0.230999  0.282826  0.070915  0.230267  0.055219  0.086685  0.202217 -0.093185  0.105402 -0.089960  0.011427  0.183469  0.042541 -0.189487  0.040078  0.262117  0.286281  0.050490  0.170283  0.192308  0.235855  0.218784 -0.105144  0.173890  0.058319  0.328997 -0.156881  0.109945 -0.201837 -0.158371 -0.037107  0.035701  0.141370  0.004351
-0.234888  0.000000 -0.278460  0.263130  0.111309  0.138714 -0.007776 -0.150807 -0.126065 -0.026299 -0.161736 -0.234243 -0.179405  0.026714  0.073359 -0.162119 -0.224380  0.032876  0.207286  0.219567 -0.119140 -0.085023 -0.152013 -0.224637  0.163299 -0.070286  0.206677  0.171129 -0.285693 -0.075321  0.250500 -0.064409  0.004461  0.181156  0.117772 -0.135976  0.144377
 0.234888 -0.000000 -0.139468 -0.201395  0.059281 -0.132924 -0.047050  0.029947  0.123372 -0.035453  0.036441 -0.195478  0.151440 -0.232312 -0.143017 -0.175809 -0.245913  0.113190  0.042029 -0.014710 -0.046353  0.105817  0.167874 -0.271512  0.065543 -0.168754 -0.156671 -0.217949 -0.150276  0.115504  0.286991  0.249796  0.225670 -0.097562  0.092912  0.355719 -0.067865
-0.234888 -0.000000  0.014386 -0.362652  0.015196 -0.117347  0.392072 -0.035821  0.059920 -0.202100  0.123679 -0.008422 -0.159449  0.135183 -0.315567  0.031647  0.031926  0.018524  0.259478 -0.041766 -0.037052 -0.027913  0.260303  0.030416 -0.103596 -0.014342  0.072151 -0.108927 -0.260022  0.047316 -0.191491 -0.055852  0.008410 -0.075338  0.128725 -0.107482  0.356691
-0.234888  0.000000 -0.042673  0.015397  0.218008  0.011857 -0.138170  0.097406 -0.174575 -0.100565  0.147925 -0.017180 -0.044908 -0.036384 -0.024144  0.401658 -0.231621  0.197335  0.008989  0.017572 -0.287092 -0.224910 -0.101481  0.195872  0.190299  0.151974 -0.174617 -0.198040  0.051072  0.250287 -0.122025 -0.080268 -0.115473  0.142550  0.144926  0.296408 -0.075711
 0.234888  0.000000  0.138882 -0.067144  0.322761  0.239209 -0.343544  0.078957  0.165045 -0.027780 -0.036970  0.028620 -0.033620  0.136776 -0.264732  0.084806  0.110512 -0.102345  0.062757  0.054609  0.165651 -0.442040  0.168645 -0.129768  0.010268 -0.126849 -0.102032  0.227704 -0.080779  0.073121  0.017506 -0.108699  0.063273  0.165062 -0.220125  0.051668  0.159740
-0.000000  0.234888 -0.189721 -0.114593  0.107947 -0.007122 -0.313816 -0.002601 -0.014018  0.076438  0.219775  0.242681  0.050313  0.271785 -0.086124 -0.016794 -0.197855 -0.189457  0.075757  0.093774 -0.006690  0.270532  0.007392  0.009432 -0.005788  0.187387 -0.262427  0.209158 -0.072515 -0.062678 -0.052466 -0.064336  0.224115 -0.135168  0.339819 -0.239274 -0.141996
 0.234888
