12 45
-0.554073 -0.000000  0.000000 -0.000000  0.000000  0.000000 -0.000000 -0.000000 -0.000000 -0.000000 -0.000000  0.000000  0.167098  0.295084  0.163114 -0.063548 -0.096700 -0.125752  0.118747  0.128078  0.056837  0.097876  0.147093 -0.127518  0.249619 -0.017129 -0.071649 -0.017862  0.074444 -0.109745 -0.169644  0.179416 -0.041573  0.057493  0.160016 -0.176648  0.024338  0.047201  0.267317  0.033472  0.359204  0.135077 -0.034820 -0.092010 -0.013444
-0.000000  0.000000  0.000000 -0.000000 -0.000000  0.000000  0.000000 -0.000000 -0.554073  0.000000 -0.000000  0.000000  0.254255 -0.118714  0.208076  0.043430 -0.020462 -0.029906  0.422294  0.216392  0.143022  0.034292 -0.018878  0.122028 -0.019637 -0.250069  0.175040 -0.065825 -0.074964  0.194959  0.054946  0.043050 -0.076741 -0.095024 -0.215080 -0.002393 -0.033199 -0.084759 -0.129388  0.014935 -0.080378  0.230293 -0.096265  0.051397  0.038751
 0.000000  0.000000  0.000000  0.000000  0.000000  0.000000  0.554073  0.000000  0.000000  0.000000 -0.000000  0.000000 -0.120349 -0.248267  0.083454 -0.035551 -0.014565  0.006993 -0.009402  0.119720 -0.007896 -0.219437  0.219571  0.133663  0.106612  0.163784 -0.131949 -0.298136 -0.110125  0.074202  0.228723  0.220966  0.168236 -0.092239  0.207027  0.061208 -0.007005  0.040512 -0.057534  0.117412  0.040721  0.174185  0.228892 -0.164487 -0.052624
-0.000000 -0.000000 -0.000000 -0.000000 -0.000000 -0.000000 -0.000000 -0.000000  0.000000 -0.000000 -0.000000 -0.554073  0.031056  0.219308  0.025403 -0.005043 -0.020304  0.006733  0.043388 -0.124822  0.076891  0.247059  0.273279 -0.073098  0.075258  0.083343 -0.091355 -0.243648 -0.227594  0.065318  0.094254 -0.027433 -0.060574  0.073959 -0.086716  0.084791  0.413254  0.115476 -0.150760  0.092918 -0.123077 -0.147499 -0.000951  0.172901  0.161958
-0.000000 -0.000000  0.000000  0.000000  0.000000  0.439321 -0.000000 -0.000000  0.000000  0.000000 -0.000000 -0.114752  0.007511 -0.044076 -0.083676  0.034722  0.074940 -0.060316  0.148433  0.087957 -0.048286  0.129379 -0.059078 -0.171236  0.262028  0.088824  0.236356  0.075288  0.222170 -0.091679 -0.122785  0.289219  0.142194  0.218672  0.066205  0.113137 -0.178780 -0.046143 -0.309156 -0.179388 -0.114563 -0.075426  0.336611  0.077323  0.113935
 0.000000  0.000000  0.000000  0.554073 -0.000000 -0.000000 -0.000000 -0.000000  0.000000  0.000000  0.000000 -0.000000 -0.171069 -0.042578 -0.340792  0.128059  0.100455  0.125861  0.223792  0.152287 -0.006161  0.201660 -0.031705  0.083653  0.025851 -0.108996  0.138624 -0.028909 -0.018036  0.064791  0.081643 -0.038244 -0.058011  0.143948  0.323561 -0.100442  0.054755 -0.173689  0.201327  0.317593 -0.057183 -0.105931 -0.047712 -0.069590  0.034350
 0.114752  0.000000 -0.000000 -0.000000 -0.000000 -0.000000 -0.000000  0.000000  0.000000  0.439321  0.000000  0.000000  0.019580  0.095576  0.050574 -0.225935 -0.018550 -0.309675  0.088306 -0.142512  0.030478 -0.167054 -0.185227  0.166824 -0.022865 -0.222506 -0.172925 -0.173973  0.111538 -0.315514  0.225063  0.187637 -0.159223  0.215745  0.113625  0.110244  0.053009 -0.190444  0.157500 -0.065008 -0.134399 -0.012512 -0.013841  0.126381  0.088720
-0.000000  0.000000  0.000000  0.000000 -0.000000 -0.000000 -0.000000  0.554073 -0.000000 -0.000000 -0.000000  0.000000 -0.037888 -0.060740 -0.062406  0.027444 -0.217935  0.142438  0.020049 -0.055295 -0.115977 -0.201700 -0.221931  0.008007 -0.042299  0.250760  0.206614 -0.075819 -0.046203  0.003929 -0.046977 -0.023296 -0.055088  0.155448 -0.069110 -0.248999  0.258573 -0.074087  0.070566 -0.043671  0.137165  0.286816  0.123073  0.203131  0.244603
 0.000000 -0.000000  0.000000  0.000000 -0.554073  0.000000 -0.000000  0.000000  0.000000  0.000000 -0.000000  0.000000  0.049269 -0.094332 -0.092630 -0.142921  0.132614 -0.302704 -0.063512  0.080469 -0.118157  0.015826 -0.097845  0.005426 -0.034358 -0.021436  0.104386  0.038422 -0.420051  0.189492 -0.128734  0.006220 -0.268951  0.105145 -0.047922  0.191441 -0.032847  0.092005  0.127776 -0.000423  0.190902 -0.079066  0.265387 -0.003802 -0.069355
-0.000000  0.000000  0.000000  0.000000 -0.000000 -0.000000 -0.000000  0.000000 -0.000000 -0.000000 -0.439321  0.114752  0.007673 -0.108843 -0.057904 -0.087593  0.341417  0.190123  0.135436 -0.060233 -0.419285  0.130674  0.192726  0.006312 -0.080024 -0.007475 -0.080642  0.041280  0.172262 -0.140871 -0.023735  0.093939 -0.211737 -0.045002  0.027851  0.222007  0.181759  0.112163 -0.094371 -0.006240  0.143566  0.267985 -0.119641  0.174856 -0.061514
 0.000000 -0.000000 -0.000000 -0.000000  0.000000 -0.000000 -0.554073  0.000000 -0.000000 -0.000000  0.000000 -0.000000  0.106960 -0.056960  0.179743 -0.032700 -0.035978  0.039632  0.033703  0.022035 -0.111010  0.051065 -0.265112  0.217966  0.050561  0.147515 -0.168555 -0.190388 -0.038138  0.162565 -0.036607  0.132980  0.214926 -0.148722  0.329868 -0.014540  0.145250  0.077884 -0.062695  0.087360 -0.084126  0.023416  0.179948  0.076293 -0.331603
-0.114752 -0.000000  0.000000  0.000000 -0.439321 -0.000000  0.000000 -0.000000  0.000000  0.000000  0.000000  0.000000  0.141451 -0.106572  0.128263 -0.136939 -0.126797  0.004211 -0.180251  0.131226 -0.014677 -0.019171  0.093421  0.069583 -0.171610  0.208736  0.342468  0.047925  0.191382 -0.148384  0.082612  0.196750  0.023169 -0.173183  0.190673 -0.053157  0.071153  0.073292 -0.057071  0.109057 -0.223538 -0.183009 -0.368527  0.027804  0.187551
-0.000000  0.000000  0.000000 -0.000000 -0.000000  0.000000 -0.000000  0.000000 -0.000000 -0.000000 -0.554073  0.000000 -0.092224  0.251985 -0.102403 -0.007991 -0.244068 -0.097903  0.021702  0.180202 -0.170528 -0.240271  0.004189  0.040383  0.081056  0.031024  0.071676 -0.293549  0.084001  0.228088 -0.169418 -0.012392  0.195069  0.021447 -0.231395  0.135162 -0.097300 -0.151841  0.089825  0.058028 -0.041944 -0.240966 -0.126445  0.003175 -0.054888
 0.000000  0.000000  0.000000 -0.000000  0.000000  0.000000  0.000000  0.439321 -0.000000 -0.000000  0.000000 -0.114752  0.158758  0.203286 -0.091714  0.063316 -0.040408 -0.040056  0.222750 -0.070666 -0.153935  0.075788  0.148561 -0.066929 -0.414707 -0.035960 -0.069451 -0.040399 -0.066822 -0.047170  0.220570  0.045835  0.010129 -0.241035  0.169438 -0.043057 -0.339878 -0.082525 -0.130575 -0.147186  0.173523 -0.248127  0.078545 -0.080660 -0.098547
-0.000000 -0.000000 -0.000000 -0.000000 -0.000000  0.000000 -0.000000  0.439321 -0.000000 -0.000000  0.000000  0.114752 -0.051385 -0.044505 -0.068435 -0.138775 -0.099683 -0.324331 -0.030073  0.210246  0.050081  0.065398  0.229760  0.048134  0.091219 -0.160315 -0.217920  0.368086  0.208094  0.178898  0.105695 -0.143376  0.168209  0.135094 -0.006868  0.052823  0.092329  0.269289 -0.028408  0.156772 -0.186504  0.023756  0.023610  0.140328 -0.087748
-0.000000  0.554073  0.000000 -0.000000 -0.000000  0.000000 -0.000000 -0.000000 -0.000000  0.000000 -0.000000 -0.000000  0.113944 -0.163414 -0.152013  0.152188  0.050193 -0.124086 -0.067623 -0.017444  0.010331  0.016023  0.001129 -0.012150  0.075521  0.014527 -0.294570 -0.029570  0.038975 -0.028321 -0.196257  0.132013 -0.069026 -0.355880 -0.099118 -0.120521 -0.142521 -0.104313  0.071162  0.254160 -0.025307 -0.059251  0.093377  0.291531  0.278268
 0.000000 -0.000000 -0.000000  0.000000  0.554073 -0.000000 -0.000000 -0.000000  0.000000  0.000000  0.000000 -0.000000  0.245907  0.008932 -0.058705  0.116683  0.062256 -0.171688 -0.164817  0.233254 -0.046049 -0.195631 -0.029147  0.200802 -0.091858  0.116198  0.130666  0.253938 -0.277736 -0.018476 -0.063594  0.241808 -0.134984  0.087800  0.092549  0.170563  0.149828  0.045867 -0.107924  0.082746  0.127673 -0.186319 -0.113200 -0.037374  0.059608
-0.000000  0.000000 -0.554073  0.000000 -0.000000 -0.000000  0.000000  0.000000  0.000000 -0.000000 -0.000000 -0.000000 -0.220647  0.126760 -0.172431  0.070818  0.086606 -0.140820  0.132860  0.017962  0.215431  0.010370  0.155794  0.174908 -0.068060  0.255002  0.119138  0.064724 -0.057242 -0.145390 -0.081141  0.185795 -0.070590 -0.160411 -0.151572 -0.118009  0.051775  0.009262  0.152505 -0.167451 -0.199176  0.102405  0.028873  0.106783 -0.330426
 0.000000  0.000000  0.554073  0.000000 -0.000000  0.000000 -0.000000 -0.000000 -0.000000 -0.000000  0.000000  0.000000 -0.111336 -0.020661 -0.111627  0.059180 -0.013696 -0.000256  0.294038  0.030085  0.204682 -0.343971  0.031717 -0.112823  0.076077  0.036312  0.092504  0.014734  0.100338 -0.141112 -0.078919 -0.043948 -0.260344 -0.258545  0.031960 -0.017509  0.200783  0.230226  0.038237 -0.079426 -0.076065 -0.192129  0.117275  0.039667 -0.231589
-0.000000  0.000000  0.554073  0.000000  0.000000 -0.000000 -0.000000  0.000000  0.000000 -0.000000  0.000000  0.000000 -0.102926  0.238111 -0.106092  0.024149  0.053580 -0.067674 -0.243036  0.081846  0.069502  0.363351  0.008947  0.371415 -0.099750  0.121388  0.108362 -0.046405 -0.034303 -0.103656  0.104896  0.150396  0.100998  0.015900 -0.227774 -0.034669 -0.168861 -0.039413  0.028128  0.023473  0.016955  0.267387  0.031919  0.083497 -0.083246
-0.000000  0.554073  0.000000  0.000000 -0.000000  0.000000  0.000000 -0.000000  0.000000  0.000000 -0.000000  0.000000 -0.148158  0.267692  0.004488 -0.261737 -0.033073  0.071645 -0.130769  0.219467 -0.159553 -0.040316 -0.066176 -0.184633  0.031165 -0.157999  0.084294  0.085451 -0.127201  0.000304  0.115097  0.013989 -0.120438 -0.029016  0.044120 -0.138595  0.183273 -0.162449 -0.263008 -0.089566 -0.168400  0.151479  0.015271 -0.264661 -0.169108
 0.000000  0.000000 -0.000000  0.000000  0.000000  0.000000 -0.000000 -0.000000  0.000000 -0.000000  0.000000 -0.554073 -0.084950 -0.117677 -0.267396 -0.372242  0.039350  0.048206  0.087524  0.003750  0.075674 -0.163940 -0.207404  0.160333  0.126832  0.048630 -0.112339  0.140573  0.020168  0.075349 -0.078422 -0.003017  0.015313 -0.035928  0.066828 -0.075178 -0.280083  0.123195 -0.095396 -0.041712  0.172851  0.147776 -0.341791 -0.004469 -0.035534
-0.000000  0.000000 -0.114752  0.000000 -0.000000  0.000000  0.000000  0.000000  0.439321 -0.000000 -0.000000  0.000000 -0.150014 -0.033532  0.221746  0.179517 -0.018403 -0.189814  0.193586  0.253817 -0.138595  0.118371 -0.142857  0.330063  0.115243 -0.103304  0.047925 -0.165947  0.052065 -0.134802  0.035481 -0.230640 -0.189422 -0.105309 -0.114008 -0.154692 -0.038047  0.230296 -0.253748 -0.034460  0.090418 -0.043594 -0.017925 -0.113317  0.177896
-0.000000 -0.000000 -0.000000  0.000000  0.000000 -0.000000  0.000000 -0.000000  0.000000  0.554073 -0.000000 -0.000000 -0.228433  0.046049 -0.038843  0.141005 -0.106539 -0.092484  0.122302 -0.080799 -0.003226  0.154686 -0.173842 -0.206426 -0.061209  0.065149  0.092392  0.180496 -0.071511  0.094859 -0.051187  0.075038  0.247996 -0.332890 -0.027189  0.266843  0.132221  0.137346  0.014580  0.096097  0.110263  0.158784 -0.066789 -0.225546  0.157867
-0.000000 -0.000000  0.000000 -0.000000  0.000000 -0.000000 -0.000000 -0.000000  0.000000 -0.000000 -0.000000 -0.554073 -0.001876 -0.130730  0.203625  0.312539  0.025828 -0.092203 -0.195742  0.142606 -0.165814 -0.095338  0.014422 -0.030828 -0.264200 -0.152460  0.059816  0.080048  0.332961 -0.010352 -0.097976 -0.032605 -0.071782  0.019290 -0.016498  0.052093  0.046428 -0.109602  0.259106  0.066337 -0.069092  0.165957  0.182321 -0.145512 -0.159982
-0.000000 -0.000000 -0.000000 -0.000000  0.000000  0.000000  0.000000 -0.000000 -0.000000 -0.554073  0.000000  0.000000 -0.388366  0.089543  0.126052 -0.102255 -0.137231 -0.066484  0.080990 -0.151011  0.101315  0.007275 -0.093451  0.149284 -0.147070 -0.288153 -0.006638  0.118099  0.013044  0.020453 -0.088819  0.246693  0.071401 -0.155506  0.130706  0.250361  0.154796 -0.086195  0.045858 -0.078563  0.106000 -0.012144  0.047603  0.047662  0.247465
-0.000000  0.439321 -0.114752 -0.000000 -0.000000  0.000000  0.000000  0.000000  0.000000  0.000000 -0.000000 -0.000000 -0.006580  0.052470  0.148853  0.043741 -0.065027  0.097682  0.068345 -0.305937  0.177697 -0.056899 -0.031893  0.109599 -0.015364  0.040971  0.308098 -0.001947  0.189858  0.018989  0.211703 -0.026287 -0.015519  0.238180 -0.068196  0.202164 -0.110832  0.223275 -0.033086  0.319568  0.304656 -0.088104  0.039631  0.067436 -0.231909
 0.000000  0.000000 -0.000000 -0.000000 -0.000000 -0.000000  0.000000 -0.554073 -0.000000 -0.000000 -0.000000 -0.000000  0.047247  0.065156 -0.189387 -0.032386 -0.329012 -0.146483  0.172821  0.055377 -0.198322 -0.089754  0.078037 -0.006895 -0.298791  0.095134 -0.021240  0.184002  0.065811  0.108375  0.211716 -0.100636  0.086314  0.071448  0.059791 -0.241255  0.062294  0.073997 -0.055491 -0.036070  0.126873  0.108913  0.204071  0.250441  0.096891
 0.114752 -0.000000  0.000000 -0.439321 -0.000000 -0.000000  0.000000 -0.000000 -0.000000  0.000000  0.000000 -0.000000 -0.055426  0.114925  0.028878  0.025338 -0.248316  0.249253  0.166443  0.152501 -0.014965  0.168405  0.006504  0.111600  0.127542  0.284067 -0.115878  0.192422  0.027783  0.103972  0.070150 -0.069284 -0.394623  0.032838  0.186211  0.227256 -0.173156 -0.144791  0.201857  0.107893 -0.158360  0.011435  0.054076 -0.081130  0.101742
 0.000000  0.439321  0.114752  0.000000  0.000000 -0.000000  0.000000 -0.000000 -0.000000  0.000000 -0.000000  0.000000  0.049731 -0.183987  0.037207  0.094423  0.043436 -0.031543  0.181867  0.051146  0.010503  0.087538  0.113931  0.138584 -0.119189  0.139978 -0.042897 -0.068531 -0.078588  0.016346 -0.109343 -0.157851  0.254473  0.247253  0.137559  0.124634  0.059435  0.113166  0.275042 -0.527155 -0.060351 -0.028214 -0.176659 -0.101325  0.094235
-0.000000  0.000000 -0.000000  0.554073 -0.000000  0.000000 -0.000000  0.000000  0.000000  0.000000  0.000000 -0.000000  0.130693  0.002593  0.172620 -0.202192 -0.347641  0.153787  0.059967 -0.046104 -0.032265 -0.020305  0.056785  0.082953 -0.107301  0.166020 -0.212721  0.124065 -0.073336 -0.254500 -0.248975 -0.012205 -0.081879  0.028641 -0.232821  0.188696 -0.124904  0.093391 -0.073039  0.042922 -0.151859  0.060227  0.164617 -0.169382  0.011485
 0.000000 -0.000000  0.000000  0.000000 -0.000000 -0.554073 -0.000000 -0.000000  0.000000  0.000000  0.000000  0.000000 -0.116192 -0.035033  0.021330  0.043131 -0.030932 -0.173865  0.006973  0.188969  0.206780  0.056718 -0.001024 -0.227089 -0.093422  0.131712  0.050184 -0.128990  0.025322 -0.164726 -0.233292 -0.159886  0.008719  0.128676  0.250162  0.205404 -0.117440 -0.187727 -0.330226  0.035218  0.052926  0.136264 -0.004170  0.230854 -0.055368
-0.000000 -0.000000 -0.114752 -0.000000 -0.000000  0.000000 -0.439321 -0.000000  0.000000  0.000000  0.000000 -0.000000 -0.050495  0.044270 -0.183173 -0.023359  0.070747  0.224022 -0.132293  0.352587  0.196954 -0.223451  0.174411 -0.113696 -0.062919 -0.131870  0.015026 -0.200118 -0.027277 -0.132160  0.235998  0.040612  0.020754 -0.017671 -0.051547  0.194581 -0.146004  0.270448  0.118491 -0.031708  0.059133  0.148039  0.154387 -0.041965  0.295286
 0.114752  0.000000 -0.000000 -0.000000  0.000000 -0.000000 -0.000000  0.000000 -0.000000 -0.439321 -0.000000 -0.000000  0.221288  0.040721 -0.157391  0.080867  0.020159 -0.342467  0.140409 -0.053961 -0.101369  0.018861 -0.286616 -0.281799  0.085424  0.223079 -0.048028 -0.095278  0.004896 -0.221673  0.272525 -0.028854  0.063499 -0.007973 -0.085512  0.131031  0.024537  0.091486  0.118052  0.155274 -0.129023  0.203064 -0.158114 -0.218189 -0.024282
 0.000000 -0.000000 -0.114752  0.000000 -0.000000 -0.000000  0.439321  0.000000  0.000000 -0.000000  0.000000 -0.000000  0.236188  0.285547 -0.061733 -0.019763  0.043741  0.265186 -0.077929  0.229387  0.066905  0.117707 -0.436873 -0.007373 -0.133611 -0.152387 -0.031141 -0.064226  0.063513 -0.020717 -0.098638 -0.070357  0.079640 -0.088908  0.103380  0.099046  0.046021  0.317581  0.111982 -0.069609 -0.098324 -0.042111  0.092657  0.261708 -0.056564
-0.000000 -0.000000 -0.000000 -0.000000  0.000000 -0.000000 -0.000000 -0.000000  0.000000 -0.000000 -0.439321 -0.114752 -0.009031 -0.151256  0.260265 -0.146270  0.152586  0.052246  0.044667  0.173840  0.234806  0.080761 -0.139991 -0.052191  0.040646  0.122527 -0.022243  0.302066 -0.163177 -0.266184  0.269909 -0.168058  0.211980 -0.083819 -0.073935 -0.115802  0.074967 -0.214982  0.123507  0.022896  0.145167 -0.185503  0.186688  0.057415  0.021588
 0.000000  0.000000  0.114752  0.000000  0.000000 -0.000000 -0.000000  0.000000  0.439321 -0.000000  0.000000  0.000000 -0.051460  0.094851  0.307159  0.025307  0.213214  0.076673  0.265091  0.024986  0.008770 -0.175312  0.004756 -0.224052 -0.191781 -0.016754 -0.011812  0.101728 -0.238487  0.194807 -0.023326  0.254301  0.069533  0.176103 -0.054312 -0.101392 -0.212439  0.051830  0.084518  0.172585 -0.260063  0.133521 -0.135552  0.196090  0.015194
 0.554073 -0.000000  0.000000 -0.000000 -0.000000  0.000000  0.000000 -0.000000 -0.000000  0.000000 -0.000000 -0.000000  0.195281  0.314316  0.105724 -0.199238  0.220367 -0.101350  0.062442 -0.063810  0.021419 -0.088999  0.233279  0.108412  0.080546  0.027484  0.211833  0.021366  0.068870 -0.017913 -0.276271 -0.176240  0.136226 -0.120205  0.203735 -0.128803  0.005249  0.017167  0.090707  0.132761  0.074758  0.131466  0.124661 -0.121760  0.168235
-0.554073  0.000000  0.000000  0.000000  0.000000 -0.000000 -0.000000 -0.000000  0.000000 -0.000000 -0.000000 -0.000000  0.058427  0.176625 -0.067891 -0.011344  0.313254 -0.047985  0.034088 -0.211594 -0.021347 -0.242473 -0.036145  0.237037 -0.025948  0.096991  0.074086  0.074756  0.011815  0.080336  0.051988 -0.358252  0.056451 -0.098941  0.060684  0.185459 -0.038187 -0.131939 -0.107365  0.045058 -0.273918  0.100318  0.169492 -0.040235  0.181195
-0.114752  0.000000 -0.000000 -0.439321 -0.000000 -0.000000  0.000000  0.000000 -0.000000  0.000000  0.000000 -0.000000  0.004505 -0.165354 -0.240977 -0.118835 -0.063435  0.103440  0.191436 -0.018583 -0.033498  0.060321  0.025126  0.098524 -0.230268 -0.212148  0.022425 -0.072410 -0.143021 -0.343233 -0.281190  0.005657  0.218192  0.184833 -0.071770 -0.115948  0.084683  0.043519 -0.040060  0.346791 -0.105285 -0.069077  0.093365 -0.220262 -0.043934
-0.000000 -0.000000  0.000000  0.000000 -0.000000  0.554073 -0.000000  0.000000 -0.000000  0.000000 -0.000000  0.000000 -0.067969 -0.016577  0.067096  0.122235 -0.218843 -0.051634 -0.108700  0.004188 -0.022786 -0.070334  0.113444 -0.033878  0.034307 -0.132389  0.062176 -0.043113 -0.323649 -0.239635 -0.048012 -0.319410  0.020700 -0.108529  0.225391  0.133626 -0.094149 -0.070344  0.018708  0.087592  0.021828  0.194598 -0.210248  0.288825 -0.164903
 0.114752 -0.000000 -0.000000 -0.000000 -0.439321  0.000000 -0.000000 -0.000000  0.000000  0.000000 -0.000000 -0.000000  0.106549  0.236808 -0.085478  0.464353  0.038062  0.161027  0.052485  0.061467  0.105619 -0.247519 -0.006779  0.176825  0.099090 -0.035152 -0.309324  0.223885 -0.011893 -0.113906 -0.000458  0.100374  0.145790  0.151308 -0.013510  0.026826  0.159237 -0.131482 -0.240194 -0.004163  0.143793  0.047740 -0.108948 -0.070146 -0.024903
-0.000000  0.000000  0.000000  0.000000 -0.000000  0.000000  0.000000 -0.000000 -0.554073  0.000000 -0.000000  0.000000 -0.414002  0.167334  0.211289  0.118973  0.174926 -0.059803 -0.058612  0.004669 -0.245959 -0.079441 -0.090622 -0.037972 -0.041050  0.154876 -0.146407  0.014907 -0.072849 -0.147382 -0.045308 -0.024289 -0.018318  0.151156  0.081619 -0.200654 -0.165410  0.308454 -0.004793  0.094584 -0.054132 -0.158991 -0.025427  0.014233  0.114349
 0.000000 -0.000000  0.000000 -0.000000  0.000000 -0.000000 -0.000000  0.000000 -0.000000  0.000000 -0.554073 -0.000000  0.093301 -0.045754 -0.058048  0.193419 -0.147624 -0.094269 -0.164505 -0.270281  0.316800  0.072626 -0.046002 -0.004006 -0.049833 -0.122249  0.009901  0.021312 -0.091204  0.094663 -0.025772  0.071160 -0.195262  0.080695  0.267934 -0.219371 -0.106256  0.233365 -0.112927 -0.071235 -0.186991  0.175567  0.073284 -0.187341  0.086545
 0.000000 -0.000000 -0.000000  0.000000  0.000000  0.439321  0.000000 -0.000000  0.000000 -0.000000  0.000000  0.114752 -0.068330  0.020798  0.025956 -0.134488  0.162053 -0.093843 -0.002545  0.145090  0.337815  0.030861 -0.085290 -0.072443 -0.423120  0.244261 -0.251480 -0.183597  0.217954  0.186154 -0.110890 -0.088027 -0.157304  0.080492 -0.034964 -0.022610  0.149405 -0.101901 -0.130920  0.113333  0.153784  0.001855 -0.076705 -0.150436  0.024210
 0.554073
