17 37
-0.000359 -0.002796 -0.029079 -0.001556 -0.000109  0.000129  0.007808 -0.547947 -0.000158 -0.000020  0.000071 -0.000506  0.081355  0.000664  0.001236  0.023898  0.009390 -0.066384 -0.342734  0.313055 -0.169125  0.143302  0.304259 -0.135762  0.220677  0.186574 -0.133471 -0.207572 -0.028466 -0.017994  0.080258  0.211500 -0.238953 -0.174517  0.148635 -0.062184  0.036145
-0.000455  0.610416 -0.000097 -0.000318  0.000545 -0.000257  0.000107  0.000369  0.020812  0.000987 -0.000252  0.000680  0.001165 -0.000850 -0.068040 -0.000551 -0.000462 -0.148331  0.096592  0.084975 -0.183820  0.104302  0.161508  0.240102  0.256341 -0.302386 -0.019161 -0.046288  0.103328  0.183344 -0.203049  0.016798  0.013703 -0.022967 -0.290306  0.035600 -0.351637
-0.009651 -0.001794 -0.001011  0.063044 -0.000786 -0.000556  0.000245 -0.001256 -0.000430 -0.570754  0.000567  0.016694  0.001921  0.035870  0.000356  0.000249  0.000997 -0.210770  0.142779 -0.038611  0.276970 -0.139356  0.021707 -0.061790  0.402549  0.076881 -0.093901 -0.324466  0.049998  0.074844  0.270503 -0.276920  0.175715 -0.042733 -0.079013  0.065459  0.136503
 0.000001 -0.000009  0.000005 -0.000007 -0.000003 -0.000019 -0.000013 -0.000008  0.000007  0.000006  0.000006 -0.000004  0.000012 -0.000004 -0.000011  0.000003  0.706987 -0.021954 -0.117469 -0.158626 -0.142232 -0.342686  0.106302  0.095841  0.170350 -0.073709  0.117016 -0.023951 -0.191901 -0.058815 -0.239406  0.152526  0.048751  0.063554 -0.089754  0.032926  0.342692
 0.000001 -0.000018  0.000001  0.000032  0.000003  0.000026 -0.000006  0.000053  0.706897  0.000002  0.000002 -0.000003 -0.000018 -0.000002  0.000003  0.000017  0.000000 -0.074987 -0.091423 -0.072919 -0.027298 -0.222347 -0.236679 -0.230114 -0.070721  0.024562 -0.067746 -0.209580  0.131983 -0.016267 -0.002867  0.146353 -0.108070  0.128380 -0.230296 -0.354442 -0.147610
-0.000088  0.000256 -0.000077  0.705083  0.000046  0.000157 -0.000033  0.000059  0.000031 -0.000042  0.000025 -0.000697 -0.000066  0.000200 -0.000052 -0.000041 -0.000086 -0.030721 -0.051037  0.234674 -0.136309 -0.169598 -0.040321  0.216012 -0.062948  0.257502  0.300254 -0.048324 -0.111852 -0.219741  0.050625 -0.070355  0.218282 -0.038996  0.007217 -0.064203 -0.253371
 0.000005  0.000015 -0.000004  0.000018 -0.000010  0.000005 -0.000214  0.000001 -0.000011  0.000036 -0.000005 -0.000010 -0.000005 -0.000013 -0.000011  0.706714 -0.000018  0.157369  0.269171 -0.020914  0.104266 -0.112352 -0.025840  0.108045  0.097091  0.181528 -0.232402  0.094117 -0.033835 -0.253598  0.063109  0.285482 -0.139009 -0.119758 -0.195318  0.174275 -0.093225
-0.000037  0.000198  0.000271 -0.000025 -0.703215  0.002847 -0.000059 -0.000081 -0.000006 -0.000039  0.000065 -0.000022  0.000132  0.000040  0.000028  0.000010 -0.000002 -0.158659  0.036204  0.165021 -0.023268  0.107435 -0.022594  0.154679 -0.322690  0.090525 -0.215010 -0.112285 -0.245619  0.221790  0.056986  0.093420  0.143111  0.011699 -0.251949 -0.003448  0.196171
-0.000000 -0.000000 -0.000000  0.000000 -0.000000 -0.000000  0.000000 -0.000000 -0.000000  0.000000 -0.707106 -0.000000 -0.000000 -0.000000  0.000000  0.000000 -0.000000 -0.134040  0.028034  0.090604 -0.135402 -0.348243  0.203938 -0.061086 -0.093104  0.052705 -0.317038  0.200135  0.072572  0.074508  0.026535 -0.121274  0.022681  0.244285  0.163051  0.096993 -0.116980
-0.000843  0.556454  0.001052 -0.001025  0.067271  0.020680 -0.000389 -0.003680 -0.011135  0.000190  0.000755 -0.000118 -0.000092  0.001785  0.036626 -0.000232  0.000567  0.141850  0.104531  0.094918 -0.101232 -0.120427 -0.038986 -0.046430 -0.354633  0.140584  0.160932 -0.216414  0.282789 -0.116092  0.213294 -0.061647 -0.206719  0.057436  0.052706  0.177806  0.417142
-0.000028 -0.000003 -0.000011 -0.000012  0.000007  0.000028 -0.000001 -0.000009 -0.000007  0.000001  0.000007  0.000005 -0.000002 -0.000016  0.000013  0.000014 -0.706941 -0.024225 -0.122682 -0.154150 -0.148000 -0.337546  0.118203  0.083496  0.176965 -0.062354  0.121880 -0.018195 -0.191538 -0.055917 -0.232206  0.155042  0.044917  0.061371 -0.098514  0.032107  0.345496
 0.002622 -0.000038  0.000053  0.000055  0.000056  0.000125  0.000111 -0.000015 -0.000070  0.000081 -0.000058  0.000031 -0.000069  0.703446  0.000053  0.000139 -0.000019 -0.082077  0.042926 -0.422064 -0.222566  0.131412  0.061818  0.227195 -0.025839  0.339741 -0.098201 -0.041529  0.131967  0.040402 -0.082471 -0.077923 -0.037165 -0.077707  0.087327 -0.147535  0.001651
-0.000045 -0.000024 -0.000006 -0.000044  0.000047 -0.000045 -0.000665 -0.000040  0.000304  0.000012 -0.000099 -0.000076  0.704984  0.000034  0.000006 -0.000538 -0.000121 -0.173528  0.190133 -0.099587 -0.344790  0.110656 -0.211441 -0.203769  0.033965 -0.098114 -0.011185 -0.038895 -0.311363 -0.184921  0.070572 -0.150435 -0.106862  0.060161  0.004529  0.147764 -0.037377
 0.000013 -0.000010 -0.000010  0.000023  0.000003  0.000014  0.000000  0.000039  0.000001  0.000009 -0.000022  0.706895 -0.000009 -0.000015 -0.000006 -0.000010  0.000006  0.441641  0.139752  0.020315 -0.120068 -0.096255  0.078228  0.077620  0.072159 -0.043348 -0.012236 -0.052637 -0.237923  0.226088  0.168715 -0.135295 -0.135412  0.037533  0.018878 -0.253400 -0.025912
 0.000006 -0.000000 -0.000001 -0.000002 -0.000002 -0.000001 -0.707065  0.000001 -0.000005 -0.000002  0.000000  0.000002  0.000001  0.000001  0.000000  0.000016 -0.000001  0.025293 -0.239036  0.154995  0.069170  0.026398 -0.218968  0.161465  0.113490  0.123078 -0.111907  0.143741 -0.002010 -0.052949 -0.160971 -0.349287 -0.276070  0.083477 -0.185606  0.021009  0.093546
-0.000057  0.000173  0.000274  0.703544  0.000198 -0.000006  0.000040 -0.000188  0.000032 -0.000060 -0.000114 -0.002213 -0.000004  0.000084  0.000007 -0.000042 -0.000028  0.032853  0.031999 -0.231013  0.112323  0.176787  0.051928 -0.194486 -0.002310 -0.286553 -0.277836  0.102660  0.096806  0.200921 -0.065603  0.103650 -0.269137  0.027561  0.002019  0.040078  0.236044
-0.000016 -0.000008 -0.000052 -0.000032  0.000007  0.000008  0.000005  0.000008 -0.000005  0.000004 -0.000002  0.706934 -0.000001 -0.000006  0.000011 -0.000006 -0.000001 -0.440533 -0.145146 -0.020011  0.114011  0.098733 -0.075162 -0.073519 -0.089259  0.036457  0.017773  0.067913  0.233548 -0.230688 -0.172583  0.144353  0.122107 -0.040278 -0.016482  0.247001  0.022014
 0.706855  0.000001  0.000003 -0.000031  0.000009 -0.000018 -0.000010  0.000002 -0.000019 -0.000007  0.000022  0.000010  0.000026  0.000013  0.000028  0.000001 -0.000031 -0.033480  0.283243  0.190299  0.019654  0.141562  0.161320 -0.036445  0.040932 -0.042056 -0.079658  0.042618  0.063165 -0.309422 -0.169520 -0.071968  0.097785  0.114839  0.004485 -0.361616  0.190331
-0.000583 -0.001118  0.050216 -0.000710  0.000111 -0.000242  0.000003 -0.634823 -0.000153  0.000158  0.000021  0.000551  0.000252 -0.000247 -0.001189 -0.000235 -0.015414  0.046634  0.130355 -0.128246  0.181072 -0.144921 -0.307820  0.347016 -0.167337 -0.305614 -0.135771 -0.186086 -0.006307 -0.094417 -0.149474 -0.076441  0.094147  0.075344  0.244693  0.022460 -0.056009
 0.000177 -0.000008 -0.000060  0.000187  0.000046  0.000005 -0.001162 -0.000208 -0.000254  0.000009  0.000077  0.000038  0.699693 -0.000045  0.000017 -0.005032  0.000022  0.184218 -0.130078  0.044244  0.361890 -0.125064  0.183855  0.189651 -0.065147  0.096759  0.061963  0.115993  0.320131  0.202613 -0.069542  0.113637  0.149493 -0.030391 -0.072154 -0.138625  0.036508
 0.000054 -0.000266  0.000045 -0.000088  0.704660 -0.001033  0.000001 -0.000143 -0.000043 -0.000054 -0.000051 -0.000074 -0.000064 -0.000147  0.000111  0.000101 -0.000035 -0.171589  0.006757  0.137866  0.015878  0.118399 -0.030814  0.138712 -0.281127  0.094625 -0.242464 -0.066475 -0.309424  0.224124  0.039230  0.102281  0.179494  0.002205 -0.231991 -0.041297  0.153557
 0.000039 -0.000125 -0.000034 -0.000052  0.000059  0.000033  0.000108  0.000129 -0.002241  0.000090  0.000023 -0.000022 -0.000115  0.000051 -0.703732  0.000173 -0.000032 -0.075903  0.029541  0.120792 -0.188800 -0.025114 -0.339578  0.121477  0.188760 -0.033242 -0.017854  0.257776  0.161455  0.100921  0.244650  0.178646  0.086175 -0.048529  0.144992 -0.124964  0.198097
-0.000006  0.000049 -0.706374 -0.000013  0.000011  0.000010  0.000055  0.000111 -0.000029  0.000001 -0.000068 -0.000059 -0.000011  0.000050  0.000046  0.000031 -0.000157  0.028310 -0.166773 -0.132875  0.046286  0.177215  0.080433  0.200355  0.050965 -0.067778  0.006062 -0.029451 -0.004820 -0.167222  0.290512  0.104908  0.028159  0.488512 -0.046750  0.025044 -0.029518
 0.012374  0.000966 -0.000822  0.062431  0.000899  0.000240  0.000115  0.000771 -0.000776  0.563919  0.000450  0.016047  0.002171 -0.041111  0.000028  0.001691 -0.000021  0.197028  0.061527  0.010696 -0.021737  0.068268 -0.152492 -0.175113  0.327618  0.239120 -0.178223 -0.312699  0.131113  0.136815 -0.113805 -0.082365  0.379587  0.171994 -0.006074  0.214999  0.067709
-0.000028 -0.000012 -0.000003  0.000021  0.000012  0.000006 -0.000308  0.000003  0.000007  0.000000 -0.000001 -0.000002 -0.000002 -0.000001  0.000003  0.706674 -0.000006 -0.154690 -0.251530  0.005202 -0.097581  0.107032  0.019412 -0.110153 -0.106715 -0.183077  0.247998 -0.071697  0.038213  0.259526 -0.062582 -0.296293  0.150862  0.127704  0.174593 -0.172244  0.092803
 0.020895  0.004009  0.000274 -0.001424  0.001583  0.000763 -0.000114  0.002485 -0.000304 -0.596854 -0.000117 -0.000786  0.000345 -0.073054 -0.000618  0.001432 -0.000983  0.387535 -0.078469  0.047218 -0.285541  0.197809 -0.164776 -0.105592 -0.075036  0.151774 -0.079010  0.014185  0.076197  0.057680 -0.366619  0.187139  0.190460  0.203260  0.070107  0.140524 -0.067099
-0.001187 -0.001458  0.029401 -0.002169  0.000623  0.000012  0.007853  0.544730 -0.000434  0.000772  0.000104  0.000089  0.082448  0.000819  0.000272  0.023747 -0.008508 -0.013940 -0.191320  0.165850  0.042145 -0.026855 -0.051696  0.268222  0.024932 -0.168396 -0.291013 -0.427749 -0.034112 -0.128966 -0.089624  0.121844 -0.133285 -0.088687  0.434323 -0.035692 -0.025113
-0.706867 -0.000013 -0.000007  0.000023 -0.000012 -0.000003 -0.000019 -0.000002 -0.000007  0.000013  0.000017  0.000036 -0.000003  0.000014 -0.000017 -0.000003 -0.000024 -0.015791  0.279993  0.190535  0.007133  0.151062  0.153603 -0.042223  0.039233 -0.032711 -0.083846  0.043604  0.066530 -0.305957 -0.186183 -0.064357  0.108417  0.124358  0.007281 -0.355468  0.187429
-0.000018 -0.000002 -0.000003  0.000001  0.000000 -0.000005 -0.707060 -0.000002 -0.000001  0.000000  0.000001  0.000007  0.000000 -0.000001 -0.000002 -0.000000 -0.000001 -0.026543  0.233117 -0.149993 -0.070634 -0.024936  0.221589 -0.160037 -0.110127 -0.122871  0.106818 -0.150793  0.000911  0.051249  0.161007  0.352924  0.272051 -0.086476  0.192259 -0.022203 -0.093644
-0.000000 -0.000000  0.000000  0.000000  0.000000 -0.000000  0.000000  0.000000 -0.000000 -0.000000 -0.707106 -0.000000  0.000000  0.000000 -0.000000 -0.000000 -0.000000  0.134152 -0.027720 -0.090228  0.135490  0.347871 -0.203967  0.061008  0.093121 -0.052358  0.317143 -0.201063 -0.071894 -0.074513 -0.026115  0.120913 -0.022619 -0.244276 -0.163071 -0.096551  0.117731
-0.000028  0.000018  0.000045 -0.000010 -0.000002 -0.706780 -0.000001  0.000009 -0.000028 -0.000008  0.000021 -0.000012 -0.000003 -0.000082  0.000002 -0.000010 -0.000001  0.179112 -0.235477 -0.086292 -0.173431 -0.021806  0.057902 -0.029869 -0.089574 -0.201378 -0.219651  0.024160  0.107976 -0.222110  0.158004 -0.159389  0.241715 -0.264710 -0.178859 -0.005751  0.037368
 0.000054  0.000008  0.704840  0.000034  0.000016  0.000022  0.000047  0.000015 -0.000027  0.000027 -0.000071 -0.000018 -0.000041 -0.000058  0.000106  0.000053  0.001668  0.022472 -0.182703 -0.118419  0.025705  0.194815  0.117066  0.158927  0.072840 -0.030988  0.021911 -0.007167 -0.004710 -0.156066  0.308901  0.113746  0.018431  0.480622 -0.076100  0.022148 -0.023655
-0.000766 -0.000110 -0.000094  0.000047 -0.000196  0.000132  0.000144 -0.000052 -0.000048  0.000004 -0.000041  0.000003  0.000027 -0.704872  0.000223 -0.000059  0.000153 -0.143886  0.054326 -0.427921 -0.177509  0.099285  0.088814  0.244475 -0.017528  0.314075 -0.084025 -0.042381  0.119345  0.029480 -0.023108 -0.106298 -0.071072 -0.110904  0.077265 -0.170638  0.013054
 0.000045  0.000028  0.000023  0.000017 -0.000007 -0.000026  0.000003 -0.000035  0.706823 -0.000009  0.000011  0.000004 -0.000006  0.000020 -0.000003  0.000036  0.000001  0.082125  0.086672  0.069245  0.036037  0.217418  0.228419  0.219181  0.059649 -0.010005  0.067990  0.211461 -0.136285  0.008042  0.012683 -0.146806  0.108238 -0.127323  0.244614  0.352629  0.164648
-0.000042 -0.000017  0.000012 -0.000066  0.000059 -0.000004  0.000102  0.000005  0.000963 -0.000093 -0.000016  0.000067 -0.000168 -0.000024  0.705257  0.000037 -0.000120 -0.097564  0.045213  0.133003 -0.216613 -0.009339 -0.315356  0.158591  0.226633 -0.080381 -0.020429  0.250598  0.177247  0.128814  0.211913  0.180616  0.088844 -0.051191  0.100054 -0.118741  0.143341
-0.001100 -0.563666  0.000854 -0.000908  0.066436  0.020110 -0.000325 -0.000642  0.011560 -0.000208  0.000470  0.000567  0.000512  0.000223 -0.037401 -0.000988  0.000048 -0.016463  0.208789  0.184580 -0.301504 -0.004351  0.134243  0.212598 -0.074618 -0.187374  0.139347 -0.260702  0.391885  0.084840 -0.012863 -0.041830 -0.186463  0.034708 -0.263984  0.215720  0.030104
-0.000008  0.000011  0.000001  0.000076  0.000000 -0.706838 -0.000012 -0.000005  0.000023  0.000004  0.000014  0.000039 -0.000009  0.000013 -0.000007 -0.000006 -0.000022 -0.175167  0.244240  0.094829  0.161110  0.018777 -0.055407  0.034774  0.075882  0.200985  0.227782 -0.038092 -0.088983  0.221666 -0.152440  0.157046 -0.252590  0.267641  0.172407  0.017172 -0.023800
 0.707106
