9 32
 0.140318  0.000092 -0.424720 -0.000008 -0.000168 -0.000276 -0.000011  0.000012  0.000015 -0.277745  0.225381 -0.157407 -0.001012 -0.041076  0.248908 -0.192132  0.024509  0.263234  0.335891 -0.201345  0.232408 -0.117818 -0.156013  0.294353 -0.071852  0.209623  0.135466 -0.027360 -0.051255 -0.055510 -0.162956 -0.209877
 0.000013 -0.000037 -0.000001  0.000024 -0.000010 -0.000107 -0.000028  0.000065 -0.565362 -0.184519  0.286498  0.184299 -0.149422  0.245305 -0.225050 -0.092221 -0.094277  0.196282 -0.096065  0.032972  0.050956  0.027909  0.060981 -0.203456 -0.326790  0.066624 -0.031848  0.013815 -0.377792 -0.039906  0.093206  0.130218
 0.018137  0.000422 -0.000086 -0.000140  0.000413  0.000833 -0.009346 -0.492158  0.042762  0.270512  0.098239 -0.227398  0.214186 -0.044122  0.129862 -0.129353  0.262725 -0.101601 -0.172556 -0.228973  0.118233  0.192331 -0.109226 -0.083982 -0.110776  0.097512 -0.128284  0.310474 -0.287455  0.165919  0.231672 -0.098038
 0.000052 -0.000007  0.000018  0.000006  0.000039  0.000175 -0.000211  0.000028 -0.565110 -0.031515 -0.267250 -0.439636  0.182673  0.021603 -0.183230 -0.149523  0.169204  0.018590  0.074764  0.006797  0.175671  0.020440 -0.020851  0.046242  0.253460 -0.092629  0.047823  0.159889  0.321453 -0.095145 -0.016061  0.208350
-0.000000 -0.000000 -0.000000  0.565651  0.000000 -0.000000  0.000000  0.000000  0.000000 -0.229802 -0.282782 -0.126809 -0.068704 -0.025602  0.148877  0.245238 -0.019401  0.021040  0.013392  0.332361 -0.016445  0.174482 -0.071804 -0.128717  0.060254  0.286646 -0.003072  0.166511 -0.192449 -0.292029  0.106412 -0.180077
-0.000080 -0.000023 -0.000237 -0.000054  0.000018  0.564954 -0.000018 -0.000235  0.000023  0.060500 -0.012245 -0.024082  0.149344  0.025198  0.223035 -0.141147 -0.028090  0.049818 -0.007756 -0.189380 -0.154577 -0.132155  0.034948 -0.437004  0.142098 -0.108280 -0.061294 -0.001359 -0.153383 -0.306189 -0.396109  0.035028
-0.000050 -0.565391 -0.000001 -0.000016  0.000030  0.000013 -0.000107  0.000004  0.000038  0.078417  0.098830  0.032448  0.153203  0.168028  0.055135 -0.129129 -0.045720  0.298998 -0.158819  0.269267 -0.328725  0.144790 -0.394944  0.112865  0.149138  0.104854  0.020909  0.046621  0.041850  0.189562 -0.143769  0.103830
-0.565394 -0.000078  0.000024  0.000002  0.000003 -0.000031 -0.000079 -0.000027  0.000011 -0.116869 -0.081891  0.003458  0.024658  0.103179  0.038702 -0.118496 -0.053053 -0.141018  0.398905 -0.081640 -0.042098  0.296811 -0.303269 -0.047310 -0.226365 -0.118099 -0.399545 -0.161342  0.091554 -0.027129  0.022566 -0.010364
-0.000009  0.000041  0.565130  0.000061 -0.000131  0.000045 -0.000009 -0.000202 -0.000017 -0.316781  0.042914 -0.242977  0.280966  0.028490  0.230753  0.085914 -0.031670 -0.020588 -0.100774  0.165327  0.249437 -0.282518 -0.120751  0.001873 -0.226973 -0.125293  0.037066 -0.181477 -0.070282  0.232974 -0.132838 -0.071393
 0.016141  0.034899  0.000128 -0.000194  0.000333 -0.000036 -0.004422  0.506975  0.000933  0.322262 -0.069071 -0.191171 -0.283735  0.313842  0.021885 -0.112513  0.354256 -0.008768 -0.042133  0.105301 -0.010305 -0.183868 -0.106076  0.053831 -0.130360 -0.148940 -0.146544  0.157310 -0.132491  0.035471 -0.040699 -0.334363
-0.000011  0.000072  0.565399 -0.000056  0.000046 -0.000005  0.000010  0.000006  0.000034  0.063467 -0.004267  0.091407 -0.172019  0.189469  0.135848 -0.178686 -0.151315  0.005425  0.105926 -0.335114 -0.101289  0.135809 -0.044055  0.304932 -0.012504  0.075890  0.311827  0.241962  0.037363 -0.334245  0.084583  0.002702
 0.565476 -0.000014 -0.000009  0.000005 -0.000002 -0.000003  0.000020  0.000031 -0.000019  0.196371 -0.007686 -0.024316 -0.087436  0.211275  0.306728  0.103798 -0.010878 -0.112661  0.161273  0.084945  0.174060  0.188286 -0.116268  0.037944 -0.054111 -0.050896 -0.258443 -0.283250 -0.011248 -0.125325  0.082176  0.426635
-0.000000  0.000000 -0.000000  0.000000 -0.000000  0.000000  0.565651  0.000000  0.000000  0.134720 -0.196306  0.086654  0.231140  0.263343 -0.303624  0.247089  0.052060 -0.099790  0.127293 -0.221089  0.043507 -0.165547 -0.219168  0.014727  0.078251  0.289830  0.118546 -0.195031 -0.195652  0.021467 -0.055695 -0.021647
 0.000000  0.000000 -0.000000 -0.424314 -0.000000 -0.000000 -0.141337  0.000000  0.000000 -0.129977 -0.347129  0.186122  0.200084  0.141031  0.248136 -0.121497  0.302419  0.137013  0.158208  0.152342 -0.178058 -0.135969  0.171321 -0.153946 -0.085843  0.284258  0.085101 -0.065016  0.032664 -0.033965  0.357690 -0.013295
-0.000152 -0.000010  0.000234 -0.000047 -0.564465  0.000015 -0.000040  0.000237 -0.000396 -0.148197  0.005947 -0.215443 -0.136230  0.004683 -0.036937 -0.303326  0.082391 -0.234195 -0.116021  0.001714 -0.164374  0.173782  0.051449  0.047593  0.235356 -0.020402  0.175130 -0.445598 -0.257102  0.030314  0.085540 -0.066401
 0.000010  0.000063 -0.000051 -0.000011  0.000017 -0.000007 -0.000115  0.000066 -0.565279  0.182355 -0.066949  0.220848  0.018635 -0.274819  0.362192  0.205317  0.048228 -0.241849 -0.056120 -0.063421 -0.230345  0.058622  0.050166  0.238704 -0.068059  0.116069 -0.052904 -0.125276  0.013594  0.124263 -0.224412 -0.241196
-0.000238  0.139457  0.000046 -0.000151  0.424766  0.000092  0.000237  0.000166 -0.000372  0.045938 -0.247914  0.023009 -0.232344  0.106609  0.086892 -0.205745 -0.060832  0.091761 -0.126784 -0.046981  0.233615  0.385328 -0.025221 -0.267053  0.060345  0.075067  0.313716 -0.231056  0.059948  0.328856 -0.166495 -0.121833
 0.000121  0.565168 -0.000027  0.000046  0.000011 -0.000023  0.000176  0.000035  0.000013 -0.106001  0.024050 -0.216800 -0.121948  0.140856  0.090851 -0.026148 -0.212049  0.062835 -0.125435 -0.071915 -0.380085 -0.166402 -0.132777  0.043201  0.121041  0.320094 -0.238831  0.110764  0.076150  0.280639 -0.011168  0.213418
 0.000000 -0.000000  0.000000 -0.000000  0.000000 -0.000000 -0.565651 -0.000000  0.000000  0.051228 -0.105105  0.161251  0.049444  0.016006 -0.217770 -0.051331 -0.034020 -0.107204 -0.337084 -0.144650  0.240621 -0.182673 -0.351746  0.051147  0.047488  0.282145 -0.146666 -0.209533  0.070893 -0.248466 -0.019268 -0.091592
 0.000000  0.000000 -0.000000 -0.565651 -0.000000  0.000000  0.000000 -0.000000  0.000000  0.074792 -0.045775 -0.232019  0.056638  0.065527 -0.068031  0.110250 -0.457186 -0.039971  0.015841  0.250271  0.139075  0.215036  0.139361  0.103143  0.126759  0.120747 -0.162276  0.118790 -0.215296 -0.148336 -0.132983 -0.260677
 0.000498  0.000108 -0.000214  0.000105 -0.000215  0.424660  0.001664 -0.000232  0.137890 -0.176611  0.095812 -0.097592  0.039630  0.203800 -0.187004  0.152024  0.316297 -0.052232 -0.193939  0.016477 -0.022408  0.321331  0.278099  0.270514 -0.305976  0.242441 -0.041698 -0.033066  0.239113 -0.018128 -0.199215  0.047075
-0.020538  0.000291 -0.000169 -0.000022  0.000144 -0.000332 -0.006631  0.495972  0.041325  0.108899  0.214641 -0.035974  0.221027 -0.279200  0.001958 -0.208747 -0.066720 -0.389361  0.098509  0.108503  0.077096  0.095776 -0.064882 -0.183088 -0.149696  0.363924  0.206731  0.168011 -0.022639  0.052164 -0.006487  0.250520
-0.000000 -0.000000 -0.000000 -0.424305  0.000000  0.000000  0.141347 -0.000000 -0.000000 -0.276506  0.031278 -0.045815 -0.366944 -0.262635  0.040875  0.301767  0.281034 -0.055623 -0.161497 -0.042874 -0.029369  0.081832 -0.452665 -0.154954 -0.002874 -0.063076  0.126997  0.128500 -0.002048 -0.157684 -0.038521  0.121022
-0.000011  0.139206 -0.000001 -0.000023 -0.426141  0.000008  0.000113 -0.000074  0.000070  0.371318 -0.135912 -0.178168  0.030987 -0.193285 -0.048468  0.130351 -0.163700  0.450409 -0.016310 -0.015286 -0.031091  0.078781 -0.105125 -0.149304 -0.440809  0.031826  0.173736 -0.122128  0.192396 -0.063826 -0.006747 -0.032104
 0.000119 -0.000026 -0.000025  0.000009 -0.000023 -0.565252 -0.000128 -0.000008  0.000060 -0.011596  0.350559 -0.127201  0.149768  0.283885  0.115211  0.124313  0.116014 -0.055147 -0.079477 -0.122290 -0.131480  0.087332  0.133738 -0.341750  0.058958  0.081867  0.003989 -0.087753  0.266049 -0.249485 -0.186237 -0.162996
 0.000000 -0.000000  0.000000 -0.000000 -0.000000 -0.000000 -0.565651  0.000000 -0.000000  0.037335 -0.001485 -0.126865  0.036993  0.147938 -0.140289  0.410081  0.075417 -0.033179  0.384800 -0.125177 -0.162681  0.070684 -0.018468 -0.032297  0.055038 -0.083396  0.275515  0.054653 -0.269927  0.235575 -0.140065  0.105916
 0.000024 -0.000091 -0.000003 -0.000050 -0.565116  0.000037  0.000120 -0.000074 -0.000028 -0.096731 -0.089684  0.366706 -0.062038  0.221152  0.138719  0.049747 -0.004245 -0.036935  0.032953 -0.025459  0.363182  0.056683  0.008653 -0.135982  0.142814  0.052857 -0.070325  0.363918  0.156549  0.265178 -0.205180 -0.001304
 0.000301 -0.000104 -0.000141  0.000022 -0.000144 -0.425415  0.001801 -0.000133  0.137568 -0.080527 -0.386931  0.039076  0.040185 -0.140505 -0.043091 -0.200205  0.124765  0.088264 -0.099709 -0.074540 -0.052563  0.030628  0.146504  0.143682 -0.194299 -0.011187 -0.129345  0.082201 -0.319211 -0.092533 -0.476000  0.309854
 0.565428  0.000088 -0.000022  0.000009  0.000025 -0.000008  0.000020  0.000021 -0.000029 -0.266374 -0.164996  0.067150  0.146944 -0.030364 -0.278970 -0.165386 -0.134816 -0.185706  0.091604 -0.097874 -0.285063  0.110414 -0.162591 -0.137544 -0.219751 -0.169192 -0.070011  0.147587  0.134098  0.085228 -0.011048 -0.333922
-0.140330 -0.000012 -0.424928  0.000015 -0.000204 -0.000024  0.000014  0.000005 -0.000089 -0.059329 -0.173992 -0.044306  0.145455  0.331177  0.238805  0.068550 -0.268035 -0.283096 -0.328826 -0.024818 -0.035245 -0.077252 -0.063406  0.114182 -0.246291 -0.275517  0.328853  0.107576  0.007377 -0.079178  0.099370  0.118087
 0.021562 -0.035000  0.000186  0.000080 -0.000093  0.001512  0.001846  0.504746  0.000430 -0.167025 -0.045761  0.005596  0.277005 -0.083872  0.102792  0.192224 -0.033962  0.292485 -0.222766 -0.435671  0.049966  0.277892  0.063911  0.043901  0.169656 -0.112950 -0.181259 -0.020115 -0.124856  0.074701  0.272694 -0.005785
-0.000048 -0.565374  0.000033  0.000002 -0.000041  0.000056 -0.000029 -0.000011 -0.000034 -0.051194 -0.170559 -0.299775 -0.359156 -0.024177  0.040273  0.065323 -0.197414 -0.121599  0.009261 -0.323205 -0.004911 -0.225051  0.219502 -0.171681 -0.140579  0.239614 -0.137177 -0.011710  0.095854  0.154087  0.070697  0.051145
 0.565651
