6 8
 0.707107  0.000000  0.203389  0.000000  0.082124  0.000000  0.381841 -0.553250 
 0.707107  0.000000 -0.203389  0.000000 -0.082124  0.000000 -0.381841  0.553250 
 0.000000  0.707107  0.000000  0.203389  0.000000 -0.082124 -0.553250 -0.381841 
 0.000000  0.707107  0.000000 -0.203389  0.000000  0.082124  0.553250  0.381841 
 0.000000  0.000000  0.957740  0.000000 -0.034880  0.000000 -0.162179  0.234981 
 0.000000  0.000000  0.000000  0.957740  0.000000  0.034880  0.234981  0.162179 
 0.000000  0.000000  0.000000  0.000000  0.992620  0.000000 -0.068882  0.099803 
 0.000000  0.000000  0.000000  0.000000  0.000000  0.992620 -0.099803 -0.068882 
 0.992620
