3 26
-0.270697 -0.000000  0.078475 -0.097390 -0.102250  0.006909  0.153665 -0.202801  0.168632 -0.028896  0.048321 -0.015131 -0.352809 -0.367898 -0.032895  0.027791  0.416667 -0.416125 -0.155794 -0.002696 -0.020142  0.327315 -0.056052 -0.236915 -0.023046 -0.062690
-0.000000  0.000000  0.349172 -0.029871 -0.121117 -0.058401  0.293017 -0.071516 -0.484129  0.034613 -0.020162 -0.104212 -0.092274  0.037016 -0.181788  0.053671  0.129598 -0.162024  0.087507 -0.195064 -0.020489 -0.176617  0.442146  0.309938  0.230410 -0.102291
-0.349172  0.000000  0.000000 -0.105669  0.078714 -0.126584 -0.127311 -0.092960 -0.102266  0.040140  0.568157  0.023877  0.206383  0.273110  0.203300  0.252360  0.235051  0.055020  0.026370  0.111305 -0.293526  0.141606 -0.020033  0.253979 -0.136358 -0.033655
-0.000000  0.000000 -0.349172 -0.156173 -0.025667  0.446054  0.289051 -0.040506 -0.119023 -0.028315 -0.007999 -0.054808  0.154938  0.073393 -0.314201  0.176248 -0.147916 -0.118741  0.023102  0.203002 -0.365006  0.130995 -0.100077 -0.080842  0.333661  0.188861
 0.349172 -0.000000 -0.000000 -0.187066 -0.112342 -0.227720  0.104241  0.171365  0.029211  0.206774  0.018090  0.237129 -0.204419  0.030553  0.101779  0.057083 -0.083074 -0.254130 -0.062878 -0.042608 -0.538426 -0.265953  0.029689 -0.119987 -0.326247  0.149234
-0.349172  0.000000  0.000000 -0.321130  0.018119 -0.213250 -0.008850  0.231307  0.196823 -0.074560 -0.437448 -0.199122  0.181973  0.083690  0.200885  0.261989 -0.041944 -0.056568  0.261987 -0.352822 -0.124735  0.027162  0.026948 -0.120451  0.144518 -0.025554
 0.000000 -0.000000  0.349172  0.043330 -0.014358  0.290813 -0.475269 -0.077158  0.073040  0.146741 -0.355462  0.005450  0.102132  0.181928  0.023934 -0.248565  0.100300 -0.308101  0.120487  0.295356 -0.246200  0.092768  0.040966  0.147312  0.003254 -0.033220
 0.000000  0.349172 -0.000000  0.172047  0.301841 -0.162174  0.181229  0.067495  0.351051 -0.228324  0.068801  0.298677  0.039373  0.059366 -0.003333 -0.303547 -0.040649 -0.042885 -0.145886 -0.077847 -0.265677  0.066819  0.141162  0.145632  0.363291 -0.219400
-0.000000 -0.270697  0.078475  0.084071 -0.329023 -0.017193 -0.097694 -0.187123  0.104364 -0.182334 -0.113416  0.428994  0.262988 -0.292167  0.021417  0.141862  0.181488  0.120245 -0.119026 -0.167619 -0.094723 -0.175593 -0.174613  0.252739  0.208657  0.277258
 0.349172 -0.000000 -0.000000  0.302422 -0.017656 -0.060250  0.041022 -0.221234  0.324640  0.396545  0.078587 -0.319138  0.003625  0.099859  0.137335  0.264321  0.280467  0.081722  0.115228 -0.008358 -0.053907 -0.121582 -0.014247 -0.138025  0.352966 -0.049606
 0.000000 -0.000000 -0.349172 -0.167174 -0.099919 -0.250826 -0.143747 -0.136139 -0.123934  0.086622 -0.191252  0.269981 -0.262553  0.310345  0.006964 -0.163586  0.258734  0.232575  0.049307  0.104982  0.086274  0.219832  0.312787 -0.110727  0.189153  0.278422
 0.000000  0.349172 -0.000000 -0.108807 -0.148868  0.153943 -0.467873  0.278637  0.060555  0.169179  0.259731  0.191636  0.038457 -0.085558 -0.209880  0.301711 -0.071765 -0.157584 -0.157629 -0.148315  0.208937 -0.060901  0.244677 -0.146857  0.194531 -0.004261
 0.000000  0.000000  0.349172 -0.065387  0.283911  0.030513  0.031568 -0.179054  0.264971  0.129174  0.016405 -0.125892 -0.003656  0.003478 -0.333444  0.051943 -0.133531  0.250526 -0.128850 -0.235076 -0.080356  0.255499  0.193219  0.048453 -0.201247  0.487763
 0.349172  0.000000 -0.000000 -0.264168 -0.209681  0.098270 -0.114363 -0.116298 -0.012683 -0.189255 -0.071984 -0.128098  0.048503 -0.217525  0.129253  0.109671 -0.047287  0.364715 -0.178862  0.010770 -0.233008  0.322038  0.263835  0.015553 -0.076846 -0.437009
 0.000000 -0.270697 -0.078475  0.039657  0.038411 -0.161935  0.201127 -0.031413  0.223450  0.184969  0.006016  0.228224  0.293130 -0.215701  0.028592  0.152563 -0.226102 -0.216696  0.233746  0.363222  0.213652  0.152690  0.432070  0.068809 -0.094537 -0.055496
 0.349172 -0.000000  0.000000 -0.218465 -0.094467  0.116430  0.066635  0.160490  0.084053 -0.210210  0.292633 -0.076846  0.334848  0.005445  0.013558 -0.367620  0.329190 -0.139420  0.371532 -0.218810  0.118456  0.113074  0.049470 -0.086135 -0.065997  0.180675
-0.000000  0.349172  0.000000  0.021599  0.205245  0.222835  0.024551 -0.211914  0.079314 -0.429720 -0.112878  0.086029 -0.101209 -0.036624  0.067243  0.307166  0.205671  0.079141  0.254320  0.210436  0.019444 -0.368981  0.222424 -0.094764 -0.235227  0.104577
-0.000000 -0.349172 -0.000000  0.211174  0.310929  0.038313 -0.181754 -0.033754 -0.253351 -0.219593  0.085662 -0.105968  0.123398 -0.051711  0.316540 -0.043797 -0.062135 -0.168405 -0.284834 -0.088084 -0.114966 -0.052480  0.302523 -0.410957  0.148679  0.174875
-0.349172 -0.000000  0.000000  0.242369 -0.431073  0.377221  0.271253  0.159493  0.186870  0.152191  0.011158  0.023595  0.058654  0.170277  0.170240 -0.190099  0.042066  0.215525 -0.136934 -0.080736 -0.071026 -0.107168  0.297324 -0.152547 -0.184730 -0.008130
-0.000000  0.000000 -0.349172  0.161384  0.199300 -0.094836 -0.045716  0.015967 -0.092669  0.141813 -0.251747 -0.026670  0.369321 -0.017226 -0.409039  0.007371  0.399454 -0.052368 -0.222582 -0.159899 -0.066386 -0.083950  0.063741 -0.006483 -0.322542 -0.217067
-0.270697  0.000000 -0.078475 -0.138465 -0.026618 -0.149644 -0.202110 -0.188704  0.016847  0.139936  0.178005 -0.159395  0.011691 -0.417321 -0.215411 -0.364190 -0.101775  0.208336  0.276524  0.084279 -0.260537 -0.345404  0.087663 -0.162406  0.101016 -0.052583
-0.000000 -0.349172 -0.000000 -0.500328  0.383282  0.340987  0.073374  0.037677  0.167100  0.208701  0.027852  0.166297 -0.126768  0.045544  0.091730 -0.061053  0.169561  0.093666 -0.149836 -0.036483  0.149802 -0.288050  0.006136  0.112657  0.108376 -0.190738
 0.000000  0.349172 -0.000000 -0.298261 -0.106391 -0.073835  0.118997 -0.553934 -0.039758  0.128161 -0.052380 -0.031471  0.346140  0.121243  0.216213 -0.140531 -0.180645 -0.187285 -0.294537 -0.036305  0.201770 -0.138904 -0.061006 -0.082090 -0.028215  0.039433
 0.000000 -0.000000 -0.349172 -0.048800 -0.105588 -0.042158 -0.107773  0.116872  0.236858 -0.140100  0.005675 -0.470775 -0.140980 -0.087769  0.095399 -0.066732  0.003789 -0.189359 -0.257543  0.107980  0.036647 -0.145608  0.186714  0.513453 -0.006336  0.253049
 0.000000 -0.000000 -0.349172  0.178048  0.080734  0.272405 -0.129699 -0.322085 -0.040001  0.130014  0.030115  0.135162 -0.203216 -0.062398  0.168986 -0.010561 -0.209573 -0.156325  0.310415 -0.529701 -0.053853  0.127792  0.044518  0.214895 -0.121261 -0.078500
-0.000000 -0.349172 -0.000000 -0.020187 -0.217087 -0.099661 -0.114903 -0.254217  0.283274 -0.351855  0.133023 -0.024970 -0.105002  0.458321 -0.376795  0.041394 -0.160226 -0.159101  0.002000 -0.079107  0.037438 -0.143682  0.039003 -0.129061 -0.051147 -0.235711
 0.349172
