11 23
 0.000508 -0.010573 -0.022117  0.081995  0.000249 -0.033064 -0.000855 -0.002832 -0.000636  0.547935  0.000127  0.336733  0.134896 -0.254560  0.236515 -0.112577 -0.171052  0.083249 -0.186924  0.456243 -0.126439  0.360131  0.037042
 0.000098 -0.001509 -0.000049 -0.000034  0.000007  0.704568 -0.000182 -0.000006  0.000146  0.000201 -0.000056 -0.111476  0.322614  0.247568  0.009315 -0.458500  0.239341 -0.031355  0.101764  0.196640  0.084288  0.025350  0.020949
 0.000001 -0.000000  0.000000 -0.000000  0.000002 -0.000000 -0.000000  0.707099 -0.000005  0.000000  0.000000 -0.103538 -0.204377  0.088786  0.099166 -0.207347 -0.410498  0.289326  0.159174  0.163997  0.053047 -0.241682 -0.145390
-0.000003  0.706964 -0.000004  0.000007  0.000016  0.000027 -0.000038 -0.000012 -0.000014 -0.000009  0.000005 -0.037268  0.172531  0.028792 -0.030966  0.144373  0.004544 -0.066904  0.059456  0.211602 -0.520290 -0.335805  0.100697
-0.707107  0.000000 -0.000000  0.000000  0.000000  0.000000 -0.000000 -0.000000 -0.000000 -0.000000 -0.000000  0.040824 -0.262969  0.364277  0.066313 -0.127987 -0.023678  0.104358 -0.075631 -0.160871 -0.286533  0.231834  0.311136
 0.000001 -0.000009 -0.706870  0.000004  0.000004 -0.000045 -0.000007  0.000028  0.000037  0.000008 -0.000024 -0.407586  0.169558 -0.277267  0.066273 -0.125986 -0.242763 -0.099245  0.135105 -0.224680 -0.139824  0.197136  0.111292
 0.000029  0.706900  0.000016  0.000035 -0.000018 -0.000004 -0.000036 -0.000009  0.000021 -0.000017 -0.000001  0.037245 -0.172789 -0.041199  0.035858 -0.147994  0.006150  0.084742 -0.060994 -0.200068  0.511440  0.347243 -0.105112
 0.000124  0.000163  0.003387  0.701521  0.000036  0.000051 -0.000402  0.000309 -0.000025 -0.000404 -0.000425  0.289271  0.014853 -0.008037  0.058722 -0.187629  0.044013 -0.081411  0.225069 -0.326876 -0.239413 -0.009858 -0.402190
 0.000000  0.000000 -0.000000  0.000000  0.000000 -0.000000 -0.000000  0.000000  0.000000 -0.000000  0.707107 -0.067626  0.269269  0.179579  0.507640  0.202557  0.006409  0.165599 -0.156907 -0.162880  0.051113 -0.065120 -0.080485
 0.000000 -0.000000 -0.000000 -0.000000  0.000000  0.000000 -0.000000  0.000000  0.000000 -0.000000  0.707107  0.067900 -0.269192 -0.179484 -0.507604 -0.202844 -0.006371 -0.165798  0.157217  0.162433 -0.051331  0.065049  0.080042
-0.000001  0.000000 -0.000000 -0.000000  0.000000 -0.000000 -0.707105  0.000000 -0.000001  0.000000  0.000000  0.157464 -0.133180 -0.199021  0.317652 -0.044033  0.166282 -0.047157  0.348164 -0.016480  0.117531 -0.165352  0.350002
 0.000000 -0.000000 -0.000000 -0.000000  0.000000  0.000000  0.000000 -0.000000  0.707106 -0.000000  0.000000  0.151072  0.134003 -0.203019 -0.131154 -0.265752 -0.024605  0.212143 -0.338823 -0.240632  0.007947 -0.278609  0.184874
-0.000009  0.000043 -0.706620  0.000141 -0.000022 -0.000030 -0.000009  0.000139  0.000011  0.000015  0.000018  0.386264 -0.179099  0.281861 -0.077052  0.130033  0.264409  0.110972 -0.123898  0.204894  0.138966 -0.209967 -0.119014
-0.707106 -0.000000  0.000000  0.000000  0.000000 -0.000000 -0.000000 -0.000000 -0.000000  0.000000 -0.000000 -0.040592  0.263055 -0.364741 -0.066039  0.127689  0.023988 -0.103805  0.075613  0.161292  0.286142 -0.231320 -0.311421
-0.000000  0.000000 -0.000000  0.000000  0.707107 -0.000000 -0.000000  0.000000  0.000000  0.000000  0.000000 -0.190460 -0.303997 -0.095340  0.238737 -0.190600  0.130959 -0.316089 -0.323999  0.074141 -0.068897 -0.128752 -0.141559
-0.000158 -0.000004  0.001954  0.703318 -0.000101  0.000048  0.000359  0.000294  0.000199  0.000064  0.000407 -0.368024 -0.048646  0.026587 -0.098528  0.203180  0.031550  0.120629 -0.185293  0.255118  0.238842 -0.037987  0.377334
 0.000216 -0.009020  0.022774 -0.080562 -0.000317 -0.032894 -0.001239  0.002375  0.000871  0.554188 -0.000019 -0.350516 -0.158692 -0.096970 -0.108129  0.025835  0.485121  0.429578  0.151643 -0.154444 -0.128185 -0.050946 -0.170686
-0.000000  0.000000 -0.000000 -0.000000 -0.000000 -0.000000  0.000000 -0.707105  0.000000  0.000000 -0.000000 -0.106028 -0.205461  0.089712  0.097768 -0.206770 -0.408243  0.290218  0.160455  0.161512  0.053267 -0.243490 -0.146083
-0.000635  0.017252 -0.000774 -0.000069  0.000063  0.057793  0.001843  0.000376 -0.000214  0.626613 -0.000095  0.015808  0.022297  0.308262 -0.111140  0.075603 -0.279534 -0.452776  0.029468 -0.262671  0.223730 -0.269858  0.118261
-0.000002  0.000000 -0.000000  0.000000  0.000000 -0.000000 -0.707105  0.000000 -0.000000  0.000000  0.000000 -0.157550  0.133268  0.200284 -0.318124  0.044606 -0.167707  0.045229 -0.348365  0.015793 -0.116323  0.164282 -0.349021
 0.000000  0.000000  0.000000  0.000000 -0.707107  0.000000  0.000000 -0.000000 -0.000000  0.000000 -0.000000 -0.190136 -0.303844 -0.095363  0.238877 -0.190696  0.130651 -0.316323 -0.324081  0.074302 -0.068937 -0.128631 -0.141522
-0.000012 -0.000845  0.000062  0.000029 -0.000016  0.705740 -0.000067 -0.000047 -0.000118 -0.000012  0.000069  0.109431 -0.324983 -0.288855  0.005847  0.447468 -0.201465  0.092302 -0.105700 -0.160635 -0.114347  0.011310 -0.036818
 0.000000 -0.000000 -0.000000 -0.000000  0.000000 -0.000000  0.000000 -0.000000  0.707106 -0.000000  0.000000 -0.150164 -0.133785  0.202908  0.131492  0.265758  0.023684 -0.212748  0.338497  0.241022 -0.007966  0.278895 -0.184725
 0.707107
