9 31
-0.095543  0.000000  0.000000 -0.000000  0.029179  0.000000  0.000000 -0.447334  0.000000  0.027213 -0.075334  0.029282 -0.122472  0.037773 -0.234949 -0.008863  0.240345  0.041600  0.232210  0.000095 -0.088317 -0.227295 -0.044656  0.206662 -0.331916 -0.109081  0.112362 -0.514322 -0.262747 -0.001055  0.158406
-0.000000  0.000000  0.000000  0.000000  0.000000 -0.000000 -0.000000  0.572056  0.000000  0.191354 -0.139878  0.234341 -0.108389 -0.125005  0.123487 -0.034585  0.058968  0.264610  0.125675  0.168561  0.149381 -0.180498 -0.243837  0.113548 -0.144157 -0.180421 -0.126931  0.010186 -0.161189 -0.303928  0.291524
-0.000000 -0.000000  0.000000 -0.000000 -0.000000 -0.476513  0.000000 -0.000000  0.095543 -0.161592  0.091425  0.181425 -0.136603  0.259309 -0.131077 -0.170804  0.375123 -0.107352 -0.005185 -0.384595 -0.006954 -0.048634  0.099094 -0.037471 -0.197678 -0.003046 -0.096131  0.334697  0.168434 -0.195504  0.152984
 0.000000 -0.447334 -0.000000  0.095543  0.029179 -0.000000 -0.000000  0.000000  0.000000 -0.225849  0.292609  0.099729  0.139711  0.112117  0.008555 -0.202296 -0.258507 -0.086521 -0.207942  0.089712 -0.234889 -0.364875 -0.178184 -0.068761  0.008520 -0.312276  0.100318 -0.103314  0.060054 -0.266244 -0.164468
-0.000000 -0.000000 -0.000000  0.000000  0.000000  0.000000  0.572056  0.000000 -0.000000  0.153607 -0.019843 -0.147510  0.066248  0.015475  0.347676 -0.331626  0.256920  0.073120 -0.074044  0.189183 -0.277540  0.172835  0.096965  0.152079 -0.117556  0.099565 -0.035401 -0.156117  0.265382 -0.125588 -0.062496
 0.000000  0.000000  0.476513 -0.000000 -0.000000  0.000000 -0.095543 -0.000000  0.000000  0.257495 -0.290647  0.230181  0.237071  0.041670  0.269993 -0.110615  0.142123 -0.123563 -0.108550 -0.159072 -0.149751 -0.158151 -0.199187 -0.221310 -0.161257 -0.009182  0.158478  0.090972 -0.129258  0.338467 -0.132595
 0.000000  0.000000  0.000000 -0.572056  0.000000 -0.000000  0.000000 -0.000000 -0.000000  0.040508 -0.268615 -0.071899  0.116349 -0.243802 -0.111858 -0.108463 -0.312470 -0.341364  0.089095 -0.116501  0.038740 -0.090090 -0.025583  0.223458 -0.184189 -0.090247  0.041253  0.028046  0.374146 -0.052719  0.115454
 0.000000 -0.000000 -0.000000  0.572056 -0.000000  0.000000  0.000000  0.000000  0.000000  0.151244 -0.045064 -0.017697  0.017089 -0.337046 -0.152538 -0.156738 -0.084927 -0.404661  0.179856 -0.043075 -0.196211 -0.083270 -0.096343 -0.108604  0.137300  0.224647 -0.194897 -0.045934  0.118499 -0.032147  0.299406
-0.000000  0.447334 -0.000000  0.095543 -0.029179 -0.000000 -0.000000  0.000000 -0.000000 -0.290067 -0.224984  0.005250  0.245508  0.208524 -0.033935  0.092570 -0.262101  0.099711 -0.117240  0.152160 -0.262976  0.034188  0.042924 -0.186542 -0.210327  0.158980  0.296285  0.043198 -0.036889 -0.284090  0.279137
-0.000000 -0.000000  0.476513 -0.000000 -0.000000  0.000000  0.095543  0.000000  0.000000 -0.083137  0.273460 -0.073431 -0.256354 -0.265032 -0.112629  0.336003  0.142298 -0.003439 -0.132220  0.233239 -0.149369  0.102996 -0.023920 -0.011890 -0.049669 -0.284696  0.195474  0.126278  0.233119  0.126316  0.285358
 0.572056 -0.000000 -0.000000 -0.000000  0.000000  0.000000  0.000000 -0.000000  0.000000 -0.240165  0.068552 -0.145607  0.203579  0.074521  0.224964  0.107377  0.289516 -0.386748  0.145611  0.237156  0.312275 -0.125101 -0.125590  0.082399  0.007210  0.085857  0.116671 -0.008558 -0.075904 -0.051340  0.062952
 0.000000 -0.000000  0.000000  0.000000 -0.572056 -0.000000 -0.000000  0.000000  0.000000 -0.086053 -0.038673  0.255790  0.340143 -0.293782 -0.223652  0.055703  0.205666  0.079665  0.095591  0.186320 -0.138902 -0.144434  0.314469  0.151909  0.044987 -0.017391 -0.060136  0.166206 -0.049841 -0.034219 -0.226833
 0.000000  0.000000  0.522432 -0.000000  0.049624 -0.000000 -0.000000 -0.000000 -0.000000 -0.139421  0.187969  0.002929  0.084331 -0.041222 -0.027719 -0.007683 -0.150820  0.268238  0.024947 -0.066235  0.308978 -0.228914  0.111818 -0.011648 -0.140620  0.455456 -0.251921 -0.230828  0.199760 -0.104767 -0.071611
 0.000000 -0.000000  0.000000 -0.000000 -0.000000  0.000000  0.000000  0.000000 -0.572056 -0.025736 -0.149337  0.185159 -0.129806 -0.066726  0.139735  0.177238  0.044926 -0.268295 -0.145228 -0.005625  0.103934  0.099903  0.330142 -0.330944 -0.122911 -0.191630 -0.201966 -0.253124  0.009547 -0.213497 -0.080475
-0.000000  0.000000 -0.000000  0.000000 -0.049624  0.522432  0.000000 -0.000000  0.000000 -0.046524  0.323937  0.239302  0.049394  0.056360  0.116990  0.045584 -0.014515 -0.039180  0.500336 -0.251332 -0.101953  0.295358 -0.094160 -0.080950 -0.267425 -0.028635  0.043062  0.102813  0.083805 -0.120193 -0.065772
 0.000000 -0.000000 -0.000000  0.000000 -0.000000  0.000000  0.000000  0.000000 -0.572056 -0.069370  0.067075 -0.049878 -0.196023 -0.043491  0.196850 -0.203499 -0.056184  0.163215  0.232339 -0.131083 -0.074126 -0.311159  0.169934  0.164354  0.211129  0.134815  0.389303  0.201386 -0.016020  0.100266  0.127033
-0.000000 -0.000000 -0.522432 -0.000000  0.049624  0.000000  0.000000 -0.000000  0.000000  0.019611  0.172293  0.145901  0.066743 -0.244952  0.115813  0.197894  0.108602  0.152399 -0.194660  0.001413  0.036149 -0.279221 -0.091679 -0.224351 -0.333007  0.187409  0.070920 -0.032673  0.294492  0.319164  0.067725
-0.000000 -0.000000  0.000000  0.000000 -0.000000  0.000000 -0.572056 -0.000000  0.000000  0.191536  0.058140 -0.526535 -0.031412 -0.064153  0.202487  0.088347  0.126442  0.047531  0.015283  0.033114 -0.300064 -0.102800  0.096779  0.034538 -0.239455  0.015476 -0.145560  0.117053  0.024269 -0.241062 -0.140102
 0.572056  0.000000  0.000000 -0.000000 -0.000000  0.000000 -0.000000  0.000000 -0.000000  0.183179 -0.106256  0.241126 -0.423771  0.225808 -0.193277  0.033338 -0.228090  0.036637  0.048159  0.209924 -0.270549 -0.066333  0.047431  0.054430 -0.131551  0.130875 -0.109659  0.061341  0.114143  0.114881 -0.204242
 0.000000 -0.000000 -0.000000 -0.572056 -0.000000  0.000000 -0.000000  0.000000 -0.000000  0.024570  0.234846  0.071735 -0.034922 -0.039692 -0.044918 -0.066601  0.140593 -0.061094  0.036450  0.113823 -0.318102 -0.048410 -0.093351 -0.374702  0.287784  0.289290 -0.169911 -0.084021 -0.251778 -0.071343  0.203104
 0.000000  0.572056 -0.000000 -0.000000  0.000000 -0.000000  0.000000  0.000000  0.000000 -0.079885  0.255019  0.187394 -0.139688 -0.170673  0.173407  0.049349 -0.035611 -0.187183 -0.290105 -0.218426 -0.124952 -0.100463 -0.204505  0.395234  0.089758 -0.009648 -0.107344 -0.094259 -0.118996 -0.074583 -0.211845
-0.000000  0.000000 -0.000000 -0.000000  0.000000 -0.000000 -0.572056 -0.000000 -0.000000 -0.094821  0.016233  0.328317  0.015251  0.028404  0.081284 -0.345380  0.130507  0.045651 -0.093280  0.221592  0.022588  0.319251  0.029458  0.152518  0.140537  0.038074  0.116338 -0.267274  0.301636  0.080041  0.147411
 0.572056 -0.000000  0.000000  0.000000 -0.000000  0.000000 -0.000000 -0.000000 -0.000000  0.109685  0.038813 -0.098958  0.200317 -0.266511 -0.122425 -0.109159  0.008696  0.325893 -0.158348 -0.467867 -0.058629  0.147348  0.078310 -0.101497  0.085237 -0.201073  0.090866 -0.186992 -0.058669 -0.089198  0.131181
-0.000000  0.000000 -0.000000  0.000000  0.049624  0.522432 -0.000000 -0.000000 -0.000000  0.238677  0.149137  0.013048  0.094348  0.252773 -0.141143 -0.128667  0.062513 -0.142526 -0.391810  0.007967  0.109581 -0.176327  0.340504  0.169336 -0.070332 -0.001348 -0.112359  0.172026 -0.104647  0.050606  0.331295
 0.000000  0.000000 -0.000000 -0.000000  0.572056  0.000000 -0.000000  0.000000 -0.000000 -0.044161  0.037138  0.098590  0.008279 -0.392087 -0.229733 -0.248833  0.073275 -0.043353 -0.037476  0.194280  0.071651  0.130053  0.118965 -0.021944 -0.204887  0.122487  0.199031  0.229969 -0.256429 -0.131300 -0.275046
 0.000000 -0.000000  0.000000 -0.000000  0.000000  0.476513  0.000000 -0.000000  0.095543 -0.372261 -0.427236 -0.095243 -0.294196 -0.079614 -0.104598 -0.079714  0.322500  0.091864 -0.124168 -0.117779 -0.015317 -0.179135 -0.170988 -0.134374  0.172627  0.029827 -0.020157  0.033374  0.191285 -0.119211 -0.138126
 0.000000  0.000000  0.000000 -0.000000  0.572056 -0.000000 -0.000000  0.000000 -0.000000 -0.020772 -0.126233  0.182451  0.320276  0.105891  0.034680  0.367713  0.123496  0.097627  0.189077 -0.037438 -0.250542 -0.142156  0.152305  0.181112  0.295201 -0.117607 -0.182257 -0.008175  0.191779  0.006087  0.030082
 0.095543  0.000000 -0.000000  0.000000  0.029179 -0.000000  0.000000 -0.447334 -0.000000 -0.288317 -0.081975  0.049867 -0.003472 -0.164711  0.308336 -0.197799 -0.179509  0.186605  0.020126  0.124554  0.012894  0.036665 -0.045563 -0.004884 -0.097784 -0.202846 -0.473678  0.289245 -0.140421  0.152562  0.218935
-0.000000  0.522050 -0.000000 -0.000000  0.050006 -0.000000 -0.000000 -0.000000  0.000000  0.142564  0.164068 -0.124386  0.062413  0.104411 -0.153608 -0.306742  0.042102  0.045533  0.240172  0.185838  0.160988 -0.231863  0.034631 -0.332168  0.089170 -0.393238 -0.050294 -0.022255  0.213462  0.097018 -0.147980
 0.000000  0.000000  0.000000 -0.000000 -0.000000 -0.000000  0.000000  0.000000  0.572056 -0.005944 -0.026176  0.120888 -0.253878 -0.140229  0.375947  0.015579 -0.127773 -0.102493  0.108715 -0.052804  0.033527 -0.173215  0.512083 -0.137889  0.092401 -0.061288  0.206760 -0.113213 -0.066552 -0.060668  0.044076
 0.000000  0.000000  0.000000 -0.000000  0.050006  0.000000  0.000000  0.522050 -0.000000 -0.433418  0.018481 -0.188966  0.010853  0.028208 -0.072432 -0.139186 -0.012487 -0.094412  0.078509 -0.077898 -0.228318  0.034441  0.189886  0.048475 -0.210235 -0.069582 -0.170516 -0.204026 -0.168838  0.462863  0.003887
 0.572056
