5 32
 0.363669  0.000000 -0.000000 -0.043063 -0.000000 -0.100925 -0.090713 -0.178012  0.166490  0.015475  0.092541 -0.122929  0.077846  0.008092 -0.124509 -0.047392  0.055684 -0.250575  0.081304  0.070809 -0.279510  0.046991  0.266181 -0.410827 -0.005485  0.361918 -0.127998 -0.120792 -0.245167  0.237385  0.098593 -0.233740
 0.345832  0.060900  0.000000  0.000000  0.000000  0.303824 -0.090775 -0.006803 -0.092820  0.162350  0.134713 -0.022146 -0.087231 -0.086495 -0.029163 -0.089049 -0.147733 -0.001600  0.086348  0.204274  0.104355 -0.103479 -0.142606  0.200111 -0.268318  0.186410 -0.116049 -0.121287  0.445999  0.187357  0.387003  0.164054
-0.000000  0.406731  0.000000  0.000000  0.000000 -0.170603  0.299762  0.193120 -0.135950  0.192958  0.305040 -0.081414  0.247991  0.339809 -0.179676  0.008685  0.116955  0.089186 -0.330952  0.137332  0.022954 -0.045275  0.155161  0.126072 -0.039543 -0.062516 -0.335179 -0.014765 -0.008609 -0.009871 -0.005775 -0.052746
 0.000000 -0.000000 -0.406731 -0.000000 -0.000000  0.134227  0.266992 -0.072813 -0.075016 -0.189763 -0.126218 -0.049251 -0.267726  0.102898  0.255481 -0.015318 -0.159718 -0.251804 -0.167240 -0.253495 -0.165757 -0.205597 -0.055944  0.025455 -0.122114 -0.126213 -0.313801  0.235091 -0.172765  0.090346  0.230728 -0.041340
-0.000000 -0.000000  0.000000  0.406731 -0.000000 -0.027782 -0.220300  0.343642  0.315668  0.145930  0.179126  0.056198 -0.226180  0.084637  0.198986 -0.162355  0.038728  0.073328  0.029147 -0.232920  0.075424 -0.067304 -0.010671  0.338617  0.035320  0.210492 -0.013434 -0.048130 -0.149194  0.115677 -0.045698 -0.337583
 0.000000  0.000000  0.406731 -0.000000 -0.000000  0.504012 -0.160162 -0.007926  0.157389 -0.097185  0.022488  0.060999 -0.030710  0.145417 -0.113429  0.138192  0.253998  0.088983 -0.182610 -0.103086  0.018379 -0.234148 -0.197159 -0.161146  0.167625 -0.045999 -0.246358 -0.003116 -0.234742  0.126567 -0.009085  0.252589
-0.000000 -0.000000  0.000000 -0.000000 -0.406731 -0.115462  0.169946  0.161784  0.235440  0.173948  0.046761 -0.170858  0.160168 -0.302218 -0.154768  0.122840  0.206538 -0.037631  0.064534 -0.233351 -0.074229  0.301413 -0.305647  0.037411 -0.117249 -0.159623  0.037723  0.108065 -0.131781  0.119222  0.324283  0.100714
 0.000000 -0.406731  0.000000 -0.000000  0.000000  0.075550  0.122375  0.155870  0.226296 -0.133990 -0.355236 -0.212148  0.326070  0.196600 -0.205089  0.111065 -0.184273  0.141748 -0.136803 -0.159039  0.218886 -0.079884  0.116756  0.019454 -0.183050  0.210211 -0.078023 -0.121395  0.097644 -0.189228  0.134619 -0.146676
-0.000000  0.406731 -0.000000  0.000000 -0.000000  0.149786  0.014244  0.158158 -0.173515 -0.316119 -0.116985 -0.273387 -0.000023  0.007015  0.159766  0.094317  0.144937  0.062189 -0.048827 -0.388865 -0.047513  0.161257  0.236837 -0.022764 -0.070715  0.159586  0.282181 -0.220924  0.168267  0.242732 -0.077090  0.136235
 0.000000  0.000000  0.000000  0.406731 -0.000000  0.301076  0.107435 -0.199872 -0.301717 -0.085971 -0.044856 -0.036999  0.197844 -0.217787  0.045573  0.231069 -0.083292 -0.007480 -0.023753  0.229482  0.043411  0.267022 -0.153934  0.169268 -0.102126 -0.003008 -0.103457 -0.225611 -0.299442  0.048087 -0.149151 -0.276704
-0.000000 -0.000000  0.000000 -0.406731  0.000000  0.195714 -0.095543 -0.113457 -0.080197  0.396875 -0.126678 -0.184483  0.246520 -0.064937  0.333407 -0.357782  0.093501  0.039468 -0.129617 -0.066569 -0.032722 -0.005768 -0.030211  0.185715 -0.139910  0.195970  0.050239  0.038151 -0.290812 -0.147774 -0.128194  0.056966
 0.000000 -0.000000  0.000000 -0.043063  0.363669 -0.032717 -0.121195  0.097281 -0.131683  0.202142 -0.050519  0.240929  0.145856 -0.432684 -0.268071  0.101779 -0.223477  0.221932 -0.176806 -0.317911 -0.282260 -0.164704  0.093791  0.013881 -0.063493 -0.083213 -0.050551  0.089498  0.017778  0.226494 -0.046286 -0.092563
 0.363669 -0.000000  0.000000  0.043063 -0.000000 -0.235554 -0.119784 -0.109747 -0.257423  0.083729 -0.283614  0.340395  0.109222  0.326461 -0.137844  0.188204  0.192029 -0.299860  0.044075 -0.259507  0.073193  0.017254 -0.189530  0.264387  0.007309  0.118118  0.066008  0.036680 -0.039714  0.008014 -0.059657  0.095070
 0.000000 -0.406731  0.000000  0.000000 -0.000000  0.217844  0.183649  0.335728 -0.405911  0.009959  0.167353  0.281651 -0.039839 -0.028013 -0.034831 -0.267280  0.216172 -0.057666  0.076300 -0.121732  0.051878  0.274123  0.276841 -0.114113  0.117504  0.037319 -0.079370 -0.033469 -0.046345 -0.056671  0.156765  0.052007
-0.000000  0.000000  0.000000  0.406731 -0.000000  0.065765 -0.018699  0.089125 -0.096032  0.097066 -0.030594 -0.272520  0.216305 -0.207563  0.013233  0.044166  0.250695 -0.240818  0.286004  0.007392 -0.009799 -0.400424  0.209804 -0.054671 -0.072315  0.013086 -0.073798  0.347622  0.122273 -0.186163 -0.160295  0.137774
-0.000000  0.000000  0.060900  0.000000  0.345832 -0.122013 -0.041060  0.429261  0.088024  0.141505 -0.119032 -0.058623 -0.024250 -0.024042  0.289014  0.343108 -0.238640 -0.205611 -0.026269  0.218633 -0.023971  0.233784 -0.007802 -0.049484  0.078779  0.139599 -0.133533 -0.011232 -0.158488 -0.032859  0.051769  0.387395
 0.000000  0.000000 -0.406731  0.000000 -0.000000  0.040400 -0.165043  0.278976 -0.064864  0.080512 -0.351978 -0.167959 -0.109119 -0.084217 -0.253043 -0.198518  0.216778 -0.090354 -0.267410  0.268859  0.170559 -0.005257 -0.218328 -0.162222  0.196582 -0.031380  0.018358 -0.020762  0.067540  0.246723 -0.160890 -0.094204
 0.000000  0.000000  0.000000 -0.000000 -0.406731  0.018475  0.072268  0.147522 -0.112278 -0.063234  0.153409  0.169462  0.153381  0.048943  0.001236 -0.014750 -0.432296  0.017737 -0.040056  0.059771  0.238440 -0.138292 -0.021373 -0.159790 -0.067332  0.246255  0.217961  0.325680 -0.178234  0.319873 -0.215874  0.135902
-0.000000  0.000000  0.000000  0.000000 -0.406731  0.077440 -0.262025  0.178503 -0.229061  0.127080  0.032509  0.021326 -0.214870  0.023759  0.013462  0.313645 -0.030036  0.008556 -0.290593  0.056393 -0.362815 -0.091811 -0.016764 -0.136116 -0.070263  0.117982  0.140706 -0.048165  0.067513 -0.429933  0.077527 -0.169638
 0.406731  0.000000  0.000000  0.000000 -0.000000  0.077328 -0.008590  0.017506  0.239241  0.069997  0.069345  0.138561 -0.125845 -0.131607  0.099630  0.052707  0.040778 -0.145684 -0.274908 -0.053803  0.328946  0.100626  0.236416 -0.159345 -0.393629 -0.395420  0.070581 -0.043681 -0.005526 -0.118128 -0.251115 -0.000227
-0.000000  0.000000 -0.406731 -0.000000  0.000000  0.248602 -0.237798 -0.013433  0.035455  0.163393  0.271242 -0.149868  0.190062  0.202888 -0.191948  0.070444 -0.277585 -0.149201  0.183926 -0.165380  0.008621 -0.039870  0.093447  0.052096  0.246383 -0.292906  0.168455 -0.270049 -0.145456 -0.074980  0.025801  0.155262
 0.345832 -0.060900 -0.000000  0.000000 -0.000000 -0.078332 -0.094758  0.096243  0.014767 -0.380983  0.258403 -0.099316  0.275343 -0.147244  0.128247 -0.213118 -0.131487 -0.056274 -0.184509 -0.144069 -0.138781  0.113589 -0.326303  0.010445  0.270645  0.018622 -0.194001  0.057059  0.224187 -0.218901 -0.210211  0.009828
-0.406731  0.000000  0.000000  0.000000 -0.000000  0.035292 -0.167694  0.131642  0.148823 -0.168172  0.029198  0.324499  0.345939  0.088839  0.079487 -0.161123  0.081774 -0.404776 -0.053891  0.116988 -0.235110 -0.044147 -0.088144 -0.016855 -0.372379 -0.078965  0.024512 -0.201863  0.135678  0.119507  0.001761 -0.010055
-0.000000 -0.000000  0.000000 -0.406731  0.000000  0.112054  0.272044  0.228171  0.058531 -0.086443  0.110785 -0.037659 -0.257730 -0.115472 -0.281704  0.141002  0.009201 -0.188625  0.312855 -0.011651 -0.075709 -0.124516 -0.124417  0.209146 -0.133658  0.150094 -0.107180 -0.160317 -0.046715 -0.076787 -0.429741 -0.088789
 0.000000 -0.000000 -0.000000  0.043063  0.363669  0.215157  0.062908 -0.046073  0.114578 -0.140765  0.201999 -0.087696 -0.057380  0.081581 -0.290637 -0.017867  0.067860 -0.154251 -0.236805  0.119563 -0.096958  0.180760 -0.025005  0.184208 -0.073563  0.154764  0.454395  0.438526 -0.073300 -0.111839  0.121577 -0.033711
-0.000000 -0.406731  0.000000 -0.000000 -0.000000 -0.220395 -0.324123 -0.010477 -0.202907 -0.127025  0.164886 -0.340416 -0.133474  0.207665 -0.054804  0.026957  0.071447  0.204534  0.003947  0.061196 -0.161630  0.100271  0.025880  0.131592 -0.366587 -0.160478 -0.117684  0.072628 -0.087033  0.242732 -0.172556  0.188113
 0.000000 -0.000000 -0.000000 -0.406731 -0.000000  0.043281 -0.291653  0.110232 -0.079224 -0.182486  0.106478 -0.016918  0.180984 -0.072149  0.202289  0.341937  0.148711 -0.070859  0.097867  0.093520  0.274428 -0.036995  0.139001  0.147875  0.134736 -0.126110 -0.059747  0.249673  0.023274  0.142056  0.203808 -0.403646
-0.406731  0.000000  0.000000 -0.000000 -0.000000 -0.067090 -0.186860 -0.295379 -0.057254  0.140972  0.203557 -0.094773 -0.144576 -0.120055 -0.130185  0.082810 -0.056921 -0.282275 -0.192375 -0.288321  0.350311  0.210812 -0.005604 -0.094395 -0.017641  0.287091 -0.272984  0.028364  0.173916 -0.045038 -0.067741  0.033686
-0.000000  0.406731  0.000000  0.000000  0.000000  0.036597 -0.332703  0.145271 -0.056948 -0.209250 -0.192533  0.072334 -0.040922  0.020332 -0.251245 -0.250836 -0.156113  0.129055  0.282668 -0.020200  0.097289  0.211029 -0.000026 -0.094774 -0.241176 -0.035141 -0.233750  0.180158 -0.228605 -0.296858  0.112272 -0.013137
 0.000000 -0.000000  0.406731  0.000000 -0.000000  0.176416  0.059875  0.074969 -0.078551  0.284518 -0.161897 -0.203634 -0.038895  0.290849  0.016195 -0.097353 -0.267604 -0.214134  0.125425 -0.100326 -0.135913  0.224209 -0.075427 -0.119331  0.055355 -0.269691  0.000697  0.188046  0.250313  0.153315 -0.132528 -0.311094
-0.000000 -0.000000  0.406731 -0.000000  0.000000 -0.252829 -0.017577  0.074979 -0.225577 -0.143355 -0.014778 -0.227505 -0.106470 -0.192633 -0.115520 -0.225924 -0.155999 -0.317290 -0.167410 -0.001481  0.162872 -0.300765  0.022727  0.133914  0.050983 -0.151847  0.164878 -0.252526 -0.252754 -0.024393  0.242637 -0.006109
-0.000000  0.000000 -0.060900  0.000000  0.345832 -0.092827  0.079054  0.090600 -0.194583  0.073620  0.233391 -0.079074  0.047267  0.123321  0.133773  0.064654  0.101443  0.121104  0.148237 -0.147878  0.189171 -0.166802 -0.468855 -0.462836 -0.234376  0.025804  0.175052 -0.090547 -0.068333 -0.076934  0.087735 -0.175835
 0.406731
