2 43
-0.217571 -0.000000 -0.178514  0.143823  0.122129  0.163233  0.011105 -0.018203 -0.063159  0.181593 -0.279053  0.060388  0.000921  0.098960  0.306045  0.075200  0.183045  0.042237  0.099171  0.049458  0.032277  0.039935 -0.052231  0.098188 -0.182637  0.121974  0.330952 -0.002215 -0.175806 -0.309748 -0.258020 -0.315298  0.090408  0.059476 -0.017423  0.142799 -0.142301 -0.079802 -0.134522 -0.155643  0.089114 -0.033367 -0.083169
 0.217571 -0.000000  0.047434  0.277456  0.036306 -0.083837 -0.053183  0.028628  0.074157  0.008332  0.020398 -0.044962  0.003969  0.001044 -0.130424 -0.183859  0.164327  0.431798 -0.091619  0.097129 -0.228265  0.320770  0.218544  0.159065  0.037431 -0.119481  0.019482  0.049832 -0.350348 -0.132432  0.120211  0.026238  0.187481 -0.140275  0.023659 -0.212957 -0.132515  0.010902  0.023956 -0.030001  0.106020  0.108891  0.162198
-0.000000  0.217571 -0.149387  0.099581  0.151433  0.177968  0.192277 -0.105611  0.204581 -0.248759  0.058735  0.113708  0.226772 -0.000566  0.039547 -0.020866  0.248385  0.262303  0.109721 -0.265618  0.165082 -0.112970  0.134385 -0.240585  0.009643  0.011223  0.039672 -0.228502  0.165654  0.071362 -0.138481  0.071907  0.036127 -0.096692 -0.193635 -0.131069 -0.134053  0.079106  0.090694 -0.002403 -0.135267 -0.241830  0.172233
-0.000000  0.217571 -0.091189 -0.323166  0.028574 -0.034072 -0.313878  0.067304  0.279335 -0.012875 -0.019886  0.021246 -0.106334  0.196537  0.022575 -0.036591 -0.064987  0.204077  0.040641  0.068702 -0.080144  0.057468  0.137125 -0.009004 -0.089335 -0.150972 -0.107447  0.075192 -0.061042  0.176686 -0.210431 -0.060540 -0.205450  0.299405 -0.020673 -0.041006 -0.010463 -0.122806 -0.019241 -0.381169 -0.292601  0.106657 -0.023318
 0.000000  0.217571 -0.035719 -0.003068  0.084295 -0.267433 -0.026938  0.105142  0.066339 -0.125509 -0.339915  0.064930 -0.244704 -0.034322 -0.130573  0.119466  0.121098 -0.277329  0.060822  0.032695 -0.024972 -0.085036  0.090329 -0.057011 -0.030892  0.026985 -0.072694  0.005952  0.138318 -0.269766 -0.203650  0.198863  0.040533  0.079189 -0.090138 -0.213824 -0.004062  0.111947  0.259018 -0.057301  0.340009  0.217876  0.159325
 0.217571  0.000000 -0.205197  0.095927 -0.062879  0.035616 -0.274070 -0.050327 -0.175084  0.236782 -0.021491  0.044287  0.293409  0.028002  0.205264  0.320981  0.053766 -0.041550 -0.013994 -0.166608  0.061837  0.133393 -0.038926  0.097266 -0.004842 -0.097854 -0.000367  0.013581 -0.023796  0.280690 -0.239382  0.417721 -0.002763 -0.134286  0.111241  0.072229  0.047223  0.124989 -0.048522 -0.067801  0.102356  0.165957  0.112948
-0.163178  0.054393  0.118683  0.130146 -0.213192 -0.146181 -0.196824 -0.073785  0.113093 -0.083942 -0.070813  0.077217  0.079345 -0.335753 -0.095838 -0.109746  0.152014 -0.154289 -0.246155 -0.125507  0.119065  0.176235  0.057648 -0.011256  0.074779 -0.137534 -0.030092 -0.116913 -0.221737  0.014877 -0.264860  0.033719 -0.159719  0.051794  0.087148 -0.019882 -0.011777 -0.112298  0.036305  0.030405  0.090643 -0.340083 -0.388034
-0.217571 -0.000000  0.095053  0.028082  0.086496  0.103165 -0.084893  0.018275 -0.089192 -0.017714 -0.081246  0.211207  0.125073  0.118146  0.205610 -0.207681  0.054121  0.168401 -0.146098 -0.180449 -0.276673 -0.008215 -0.290158 -0.268653  0.308319 -0.156600  0.070899  0.021586  0.074035 -0.084575  0.198998  0.198166  0.061489  0.198435 -0.105872  0.052490  0.145467 -0.073026  0.166205 -0.085915  0.123210  0.203920 -0.180403
 0.217571  0.000000  0.007078  0.185507  0.075803  0.268171 -0.040561  0.011482 -0.067896 -0.067074  0.103664  0.074893 -0.015743  0.247500 -0.115941 -0.064802 -0.156146 -0.331185 -0.049255 -0.061168  0.195010  0.156643 -0.130071 -0.030874  0.178051  0.085993  0.107111  0.183355 -0.075164  0.095119 -0.187762 -0.148845  0.257142  0.145688  0.056764 -0.356384 -0.142284 -0.087697  0.252606  0.019770 -0.182980  0.067392 -0.097204
 0.000000  0.217571  0.147812 -0.017741 -0.322177  0.068379  0.101629  0.113813 -0.209009 -0.084666  0.071293 -0.035724  0.034640  0.051947  0.281314 -0.027497 -0.145597  0.095661  0.242725  0.042119 -0.117891  0.111455 -0.008070  0.062997  0.083904 -0.096288 -0.372739 -0.187893 -0.038719  0.090667 -0.246543 -0.315089  0.161579  0.044253 -0.020214  0.091550  0.082537  0.059979  0.230642  0.052494  0.237962 -0.080328  0.098579
-0.217571  0.000000  0.018285 -0.185566 -0.142471 -0.214074  0.040656  0.061600  0.192072  0.216146  0.207539  0.022490  0.124284  0.211677 -0.011584  0.084339 -0.256972  0.037075 -0.013224 -0.021281 -0.225267  0.183271  0.081668  0.041594  0.009488  0.031569  0.342957 -0.103214  0.151423 -0.099512 -0.183794  0.056244 -0.060109 -0.184192 -0.130634 -0.064113 -0.256530  0.130477  0.197258  0.288128 -0.032873  0.057599 -0.154439
 0.000000  0.217571 -0.071308 -0.018784 -0.056438  0.002431  0.189815 -0.054159 -0.056549 -0.039573 -0.165293  0.300775  0.102206  0.145751 -0.150205 -0.169042 -0.182274  0.161008  0.268211 -0.118510  0.266569  0.032812  0.060155  0.304342  0.006893 -0.097935 -0.069984  0.452465 -0.009824 -0.105674  0.077316  0.141144 -0.115029  0.036745 -0.010715  0.095635  0.010670  0.162338 -0.079726  0.108861  0.088377 -0.061272 -0.222891
-0.000000 -0.217571  0.046923  0.052529 -0.310215  0.134475 -0.253782 -0.121450  0.298094 -0.064204  0.183678 -0.046703  0.083545  0.125785 -0.088759  0.169869 -0.033055  0.108428  0.011579 -0.106249  0.231553  0.048479  0.059042 -0.207976 -0.008357  0.328330 -0.110206  0.102304 -0.056536 -0.235721  0.047201 -0.127481 -0.015938  0.001547 -0.212137  0.013403  0.227641  0.162720 -0.044513 -0.136549  0.250682  0.146675 -0.048727
-0.000000 -0.217571 -0.107537 -0.152790 -0.099760  0.108339  0.042047 -0.154866 -0.030021 -0.216502 -0.019148  0.107249  0.058907 -0.104243 -0.046036 -0.371619 -0.051084 -0.122701 -0.173075  0.039738 -0.009336  0.122879  0.134961  0.076844 -0.163738  0.036237  0.013628  0.078378  0.226427  0.209092 -0.090367 -0.000758  0.100214 -0.133579 -0.201236  0.264165 -0.306637 -0.220674  0.028855 -0.195703  0.256086  0.188549  0.094072
 0.000000 -0.217571  0.126336 -0.168112  0.024526  0.054509 -0.088776 -0.091307 -0.084000  0.011994 -0.003491  0.330599 -0.067562 -0.126066 -0.142016 -0.072474  0.164695  0.058696  0.088901  0.069457 -0.263561 -0.230013 -0.099035  0.126546 -0.048973 -0.011798  0.059982  0.103132 -0.046456  0.158430 -0.334968 -0.100426  0.159476 -0.207511 -0.243580 -0.246487  0.319439  0.216343 -0.125064  0.042523 -0.085229 -0.021793 -0.076422
-0.000000  0.217571  0.047293 -0.185473  0.202714  0.072781 -0.007527 -0.081192 -0.183506  0.212809 -0.013974 -0.151266 -0.079196 -0.384495 -0.078921 -0.085427 -0.125795  0.228815  0.083654  0.043366  0.123504  0.202857 -0.157459 -0.285116  0.085321  0.300557 -0.213211  0.021829 -0.033452 -0.098644 -0.211657  0.112640  0.046822 -0.110675 -0.075629 -0.012133 -0.157137 -0.050086 -0.128709  0.090442 -0.071348  0.209765 -0.143296
-0.217571  0.000000  0.071641 -0.073724 -0.097195 -0.111424  0.051049 -0.431031 -0.230892 -0.043154 -0.246418 -0.068537  0.072447  0.247264 -0.234724  0.064060  0.034673  0.021697 -0.172567 -0.216214 -0.102648  0.158483  0.194210 -0.036247  0.157432  0.039608 -0.078241 -0.007568  0.157631 -0.111581 -0.129993 -0.129177  0.105330  0.023213  0.254742  0.025430  0.137870 -0.037813 -0.160417  0.037139 -0.220679  0.050820  0.230981
-0.217571 -0.000000 -0.129330  0.033061  0.012689 -0.046343 -0.275424 -0.015550  0.121759 -0.020896 -0.053699  0.002957 -0.009519 -0.112797  0.258309 -0.177485 -0.343773  0.053775  0.033171  0.048321  0.017344 -0.193539  0.192297  0.023268 -0.037479  0.166785 -0.039798  0.067573  0.097874 -0.058536  0.069404  0.163440  0.439500 -0.205541  0.340306 -0.124815  0.096376  0.010871  0.100158 -0.124043 -0.060705 -0.200803 -0.043870
 0.000000  0.217571  0.008164 -0.146270 -0.279944 -0.012680  0.263550 -0.149803  0.044535  0.057326  0.196220  0.155529 -0.212089 -0.132637  0.038571  0.292974  0.236107  0.082721 -0.091559  0.051600  0.150801 -0.132304  0.177934  0.028152  0.025941 -0.060411  0.154594  0.015552 -0.094131  0.086332  0.100879  0.063923  0.394181  0.085505  0.065794  0.106413  0.033569 -0.157358  0.097390 -0.015222 -0.068543  0.270530 -0.213797
-0.217571 -0.000000  0.063919  0.295307 -0.103121 -0.226413  0.033592  0.001002 -0.008860 -0.335777  0.064129 -0.242733 -0.066422  0.054135  0.140952  0.057306  0.012656  0.101828  0.133774  0.082437  0.163374  0.164182 -0.292388  0.137797 -0.154398 -0.135673  0.043303  0.089865  0.205009  0.018427 -0.103794  0.124954  0.013407 -0.166353 -0.177484 -0.170409  0.169238 -0.296851 -0.133891 -0.013981 -0.156759  0.163754 -0.055056
 0.000000  0.217571  0.071112 -0.021885 -0.216832  0.287565 -0.001299  0.017631  0.103921  0.166263 -0.157573  0.132129  0.143851 -0.219358  0.228666 -0.085753 -0.034036 -0.143664 -0.151348 -0.079842 -0.006905  0.002273  0.090094  0.326256  0.015547  0.113309 -0.056236 -0.140031  0.111630 -0.121544  0.203160 -0.080990 -0.220663 -0.039933 -0.116688 -0.373355  0.075693 -0.136375 -0.102273  0.072812 -0.132722  0.229698  0.132474
-0.217571 -0.000000 -0.092776  0.265300 -0.269086  0.144800 -0.066193 -0.255236 -0.107514  0.272895  0.081078  0.135764 -0.216352  0.203901 -0.090790 -0.085976 -0.007302 -0.134932  0.144927  0.266806 -0.020796 -0.145358  0.021417 -0.213873 -0.015881 -0.236818 -0.229599 -0.126066 -0.056055 -0.046809  0.064821  0.189765 -0.057145 -0.065615 -0.131648 -0.114085 -0.281936  0.024150 -0.135821 -0.063903 -0.055602 -0.050085  0.029917
 0.217571  0.000000  0.079579 -0.107526  0.002822 -0.179214  0.150244 -0.283274 -0.018993  0.088182 -0.154314 -0.056636  0.162356 -0.002710  0.144571  0.083844 -0.305624 -0.061661 -0.090847  0.027160 -0.054718  0.066284  0.007822 -0.126457 -0.250462 -0.032131  0.055337  0.019579 -0.200393 -0.028436  0.072642  0.159245  0.207732  0.285948 -0.419456 -0.128108  0.102282 -0.134324 -0.056082 -0.001460  0.023599 -0.295584  0.071189
 0.217571  0.000000 -0.221596 -0.077622 -0.198906 -0.120789 -0.198209 -0.183638 -0.010875 -0.091813 -0.045886 -0.288461 -0.039740  0.005834  0.210378 -0.104423  0.227526 -0.003028  0.054356  0.134712 -0.074808 -0.203691 -0.013353  0.161195  0.503950  0.151094  0.055721  0.199124  0.039765 -0.086312 -0.040727  0.037187 -0.034107  0.071075 -0.215487  0.082337 -0.148604 -0.017045  0.031151  0.174160 -0.105519 -0.133195  0.000410
-0.000000 -0.217571  0.022381 -0.306863 -0.191214 -0.078139  0.017316  0.090770 -0.043366 -0.192290 -0.025868  0.123892  0.397666  0.036775  0.043357 -0.144414  0.124995  0.008029  0.167462  0.244669  0.176932 -0.123906 -0.108131 -0.183363 -0.110729 -0.025503  0.028272 -0.059804 -0.269755 -0.190642 -0.071213  0.118943 -0.034263  0.077184  0.293833 -0.136728 -0.083515 -0.120599  0.011446  0.186577 -0.068193  0.168986  0.163319
 0.217571  0.000000 -0.277274 -0.239925 -0.304904  0.111149  0.038713  0.117586  0.127267  0.042858 -0.151009 -0.093229 -0.298059  0.127306 -0.097531 -0.144239  0.099554 -0.007679  0.168860 -0.349220 -0.140352  0.173708 -0.252888 -0.096429 -0.113349  0.003049  0.079530 -0.144928  0.040195  0.003457  0.083326  0.075828  0.127806 -0.103352  0.150937 -0.119290  0.060608 -0.144966 -0.185434  0.062316  0.127850 -0.155019 -0.085132
-0.000000 -0.217571 -0.266101  0.186392 -0.174696 -0.155605  0.276810  0.081039 -0.051086  0.090625 -0.229228 -0.052909  0.151079 -0.096091 -0.096258 -0.120858  0.042305  0.049518  0.119547  0.175673 -0.029830  0.153924  0.047408  0.008427  0.032138  0.251877 -0.021338 -0.227847  0.104799  0.195056  0.056395  0.023132 -0.001720  0.244363 -0.017167 -0.074964  0.105811  0.273190  0.127443 -0.241071 -0.201097  0.109783 -0.250793
 0.000000 -0.217571 -0.086335 -0.071109  0.023140  0.040228  0.200581  0.137657  0.016492  0.206136  0.035931  0.156422 -0.000861 -0.047053  0.043838  0.127693  0.133420 -0.099617  0.134226  0.041806 -0.058041  0.247497  0.154148 -0.111403  0.141633 -0.004360 -0.173028  0.269650  0.012331 -0.192180 -0.028573  0.066525 -0.127206 -0.268839 -0.063327  0.063485  0.217626 -0.362140  0.309916 -0.153888 -0.171094 -0.211795  0.087453
 0.000000 -0.217571  0.041607  0.088140  0.045364  0.282745  0.071967  0.234358  0.220548  0.050737 -0.005348 -0.066043 -0.026296 -0.028734  0.079109  0.014821  0.068333  0.030909 -0.091194  0.151815 -0.043534  0.105233  0.241744 -0.035028 -0.003553 -0.158350 -0.151098  0.112470  0.304056 -0.071840 -0.234666  0.173166  0.186677  0.364803  0.037935  0.039934  0.037492  0.024195 -0.289801  0.353464  0.020735 -0.021516 -0.042768
-0.217571 -0.000000  0.126477 -0.198244  0.063135  0.014029  0.007033 -0.040901 -0.250787  0.093689  0.390305 -0.136024 -0.140992  0.099054  0.151422 -0.251751  0.331246 -0.073422 -0.019393 -0.122106  0.107419  0.177659  0.055190  0.199940 -0.202885  0.204765  0.002854  0.045514 -0.001725 -0.044255  0.029981  0.243065 -0.037678  0.228873  0.009443 -0.149680  0.043954  0.198015  0.094424 -0.100787  0.045971 -0.147371  0.094721
-0.000000 -0.217571  0.156059 -0.211116  0.102204 -0.145035 -0.089816  0.020607 -0.000958  0.104907 -0.115654 -0.041332  0.186436  0.035906  0.041401  0.238526  0.207685  0.032654  0.055964 -0.132133  0.101909 -0.009154 -0.086101  0.132557 -0.000776 -0.170620 -0.345441  0.019295  0.214208 -0.026271  0.208665 -0.180477  0.220479 -0.043927 -0.043310 -0.226496 -0.402008  0.016601 -0.011541 -0.140166  0.029251 -0.060683 -0.247694
-0.217571 -0.000000 -0.057131 -0.036262 -0.038203 -0.106814  0.125107 -0.149093  0.304082  0.090713 -0.078590 -0.033490 -0.067518 -0.215336  0.242565 -0.062801  0.056758 -0.140135  0.051804 -0.016151  0.055605  0.227059 -0.143195 -0.239951  0.073643 -0.182462  0.065065  0.366995 -0.084011  0.268002  0.099398 -0.218765 -0.002101 -0.013415  0.084128 -0.091613 -0.045493  0.321307 -0.029818  0.069368  0.028730  0.069214  0.265638
 0.000000  0.217571  0.251005 -0.083516  0.028943 -0.044627  0.016077  0.160938  0.198141 -0.089176 -0.145207  0.218944  0.024703  0.303764  0.059459 -0.002414  0.140761 -0.167222 -0.149177  0.317230  0.076925  0.237156 -0.141115  0.024885  0.158745  0.278416 -0.076202 -0.122123 -0.059700  0.109634  0.081175  0.150212  0.172788 -0.211268 -0.066621  0.199831 -0.000651  0.118070 -0.236557 -0.065520 -0.081402 -0.138234  0.026795
 0.217571  0.000000 -0.084008 -0.183545  0.176614  0.195838 -0.034357 -0.396233  0.083722 -0.056132  0.003051 -0.072359 -0.037145  0.004586  0.059847 -0.053783 -0.008428 -0.018298 -0.041745  0.325912  0.155843  0.219602 -0.093796  0.078850 -0.015541 -0.343211  0.063371 -0.245383  0.176972 -0.254012  0.024950 -0.035034 -0.052113 -0.122553  0.104444  0.025978  0.222238  0.206518  0.195601 -0.022967  0.019495  0.005780 -0.156535
 0.217571  0.000000  0.098628  0.173516  0.191554 -0.386584 -0.055475 -0.167119  0.195099  0.348424  0.117918  0.146073  0.025285  0.149434  0.112279 -0.350489  0.123879 -0.092043  0.210665 -0.106156  0.130686 -0.074913  0.083240 -0.039219 -0.028830  0.061775 -0.085576 -0.144163  0.116775  0.073056 -0.053846 -0.151569  0.029473  0.026477  0.043132  0.105930  0.160884 -0.223185 -0.041991  0.169225  0.065607  0.165419 -0.043791
 0.217571  0.000000 -0.118605  0.075624 -0.104627 -0.149740  0.058680 -0.015175 -0.173696 -0.051298 -0.026687  0.244523 -0.184168  0.139936  0.273972  0.040796  0.042174  0.246740 -0.461755  0.102727  0.000707 -0.032468 -0.053372 -0.210712 -0.254274  0.167424 -0.148447  0.174215  0.167199  0.016954 -0.039352 -0.122263 -0.228236 -0.073948  0.131470 -0.147159 -0.064953  0.055386  0.070887  0.143212  0.010113 -0.074008 -0.113388
 0.000000 -0.217571 -0.181786 -0.014279  0.001329 -0.141564 -0.022438  0.170575 -0.008950 -0.058513 -0.006049  0.122947 -0.232656 -0.040218  0.117144 -0.101553 -0.121200 -0.037118 -0.197983 -0.317967  0.206053  0.014835 -0.059555  0.104123 -0.006588 -0.167550 -0.193435 -0.183649 -0.224080 -0.240568 -0.050962  0.008132  0.142653 -0.023344 -0.224407  0.229332 -0.027449  0.214955  0.033216  0.087285 -0.368040  0.138686  0.116940
 0.000000  0.217571 -0.038154 -0.028203 -0.003980  0.082595 -0.048243  0.165611 -0.142652 -0.015280 -0.113494 -0.363930  0.204602  0.159819  0.026671 -0.164560  0.178962 -0.232204 -0.066642 -0.030231 -0.062042 -0.081746  0.301628 -0.246084 -0.249584 -0.134400 -0.039410  0.157636 -0.118917  0.025876  0.081364 -0.079499  0.063393 -0.267896 -0.158024  0.055752  0.135547  0.114610  0.035397  0.111211 -0.123433  0.144676 -0.282264
 0.000000  0.217571 -0.365844 -0.055210 -0.018016 -0.204894  0.109801  0.203342 -0.082817  0.116748  0.360011  0.019685  0.250795 -0.049582 -0.139087 -0.092132 -0.028511 -0.081249 -0.247517  0.097433  0.048165 -0.056704 -0.113435 -0.031313  0.169213 -0.152894  0.004939  0.050325  0.128612 -0.204061 -0.083975 -0.167316  0.129713  0.010896 -0.026534 -0.116604  0.116650  0.013122 -0.311262 -0.244561  0.138845 -0.068250  0.073374
 0.163178  0.054393  0.352105  0.111215 -0.229705  0.067830  0.184620  0.004231  0.212932  0.262996 -0.083680 -0.219279  0.082521 -0.015191 -0.096826 -0.164043  0.030033  0.069524 -0.154659 -0.060017 -0.013559 -0.263380 -0.296096  0.049654 -0.139406 -0.050603  0.011337  0.162543  0.107454 -0.150970 -0.229756  0.103000  0.030986 -0.044397  0.116577  0.164827 -0.072736  0.101310  0.175869 -0.256657 -0.148101 -0.036752  0.105467
 0.000000 -0.217571  0.139939 -0.126188  0.067171  0.008474  0.318303  0.058243 -0.012927  0.049181 -0.122530 -0.193613 -0.164547  0.193061  0.198071 -0.080281 -0.146468  0.082924 -0.116100 -0.054247  0.253323 -0.176300  0.227481 -0.023609  0.338180 -0.087709  0.079258 -0.102120 -0.165135  0.121489 -0.176009  0.088680 -0.158562 -0.179317  0.011249 -0.228218  0.038771 -0.014790 -0.151538 -0.189392  0.222414  0.058187 -0.088806
-0.217571 -0.000000 -0.310387 -0.010697  0.200994  0.083381  0.234964 -0.201258  0.296034 -0.016226  0.061869 -0.135460  0.106243  0.148376 -0.053749  0.054315  0.027904 -0.042349 -0.172859  0.007068 -0.197798 -0.134607 -0.217162  0.239586 -0.060844  0.141134 -0.402832  0.002139 -0.283434  0.084399 -0.085848  0.075652 -0.005433 -0.015050  0.055030 -0.034672  0.044272 -0.107888  0.112467  0.148686  0.120617  0.084392 -0.093039
-0.217571 -0.000000 -0.106133 -0.075866 -0.035969  0.047576 -0.199129  0.150835 -0.054962  0.297196 -0.229922 -0.084808 -0.015620  0.087972 -0.252383 -0.046223  0.057186  0.256777 -0.185418  0.155718  0.393635 -0.039255 -0.087755  0.056717 -0.003267 -0.052425  0.071673 -0.039806  0.053157  0.227887  0.065233 -0.077577  0.087776  0.022800 -0.171812 -0.010224  0.148244 -0.138654  0.270803  0.232109  0.106461 -0.114941  0.209539
 0.217571
