5 24
 0.482232  0.000000 -0.000000  0.000000 -0.000000 -0.201908 -0.079375  0.176942 -0.008631 -0.326618 -0.057288  0.398607  0.065424  0.376332  0.058241 -0.207274 -0.090328 -0.266304 -0.038606 -0.083450 -0.111545  0.339104  0.082700 -0.078036
 0.000000 -0.000000  0.482232 -0.000000  0.000000 -0.024688 -0.009891  0.132402  0.132738 -0.340921 -0.199346 -0.096659  0.069014  0.060104  0.195671 -0.210258 -0.231745  0.454763 -0.011833 -0.327032  0.066553 -0.300209 -0.063805  0.095837
-0.000000  0.093415 -0.388817  0.000000 -0.000000  0.017513 -0.068593 -0.007961  0.066258 -0.143022  0.415115  0.037039  0.000652  0.295457  0.159526 -0.151709 -0.023243  0.354119  0.226710  0.269765 -0.022582 -0.314109  0.380365 -0.082214
-0.000000  0.000000 -0.000000 -0.000000  0.482232 -0.023515 -0.061535  0.074191 -0.354128  0.032557  0.008405  0.027329 -0.146133 -0.331055  0.153565 -0.407201  0.112825 -0.024622  0.489335 -0.092851 -0.195473  0.042943 -0.091102 -0.014759
-0.388817  0.093415 -0.000000 -0.000000  0.000000 -0.107808  0.105671  0.236162 -0.401445  0.013182  0.207259 -0.366002  0.147739  0.372767  0.022306 -0.073133 -0.333720 -0.224340 -0.021169 -0.108337  0.113041  0.091184 -0.124498 -0.214906
 0.000000  0.482232 -0.000000  0.000000  0.000000 -0.084808  0.263425 -0.052053 -0.172409  0.048915 -0.048368  0.211457 -0.402989 -0.211852  0.015464 -0.149951 -0.162631 -0.138756 -0.388332 -0.100997  0.052922 -0.260355  0.296643 -0.117023
-0.000000 -0.000000 -0.000000  0.482232  0.000000  0.234918 -0.182730 -0.140433  0.088959 -0.035284 -0.127094 -0.025168  0.409653 -0.217853 -0.221184 -0.166658 -0.396414 -0.244249  0.056270  0.084629 -0.179581 -0.161492  0.198389 -0.128139
 0.388817  0.093415  0.000000 -0.000000  0.000000  0.278259  0.285526 -0.207707 -0.250200  0.277124 -0.015885  0.035481  0.270871  0.040573  0.505632  0.315735 -0.178464  0.092732  0.094298 -0.110441 -0.037261  0.004610 -0.030145 -0.053519
 0.000000 -0.000000 -0.482232 -0.000000  0.000000  0.318425  0.252467  0.319549  0.109273 -0.186175 -0.220027  0.107500  0.051135 -0.058177 -0.129329  0.024040  0.046030 -0.101444  0.214661 -0.324602  0.428940 -0.125256 -0.081288  0.013851
-0.000000  0.093415 -0.000000  0.000000 -0.388817 -0.070713  0.212271  0.136150 -0.151220  0.021577 -0.316603 -0.339466  0.085349  0.041296  0.002984 -0.103681  0.256696 -0.048912  0.186832 -0.031677 -0.251256  0.096934  0.470398  0.339039
-0.000000  0.093415  0.000000  0.388817  0.000000 -0.375388 -0.299001  0.005808 -0.021390  0.310692 -0.101761  0.086441 -0.060782  0.008194  0.126312  0.073898 -0.131782  0.090753  0.187519 -0.022413  0.552493  0.157686  0.158459  0.230784
 0.000000  0.093415  0.388817 -0.000000 -0.000000  0.053337  0.027729 -0.145375  0.131268  0.235927  0.106306  0.155299 -0.072172  0.389733 -0.193161  0.058533  0.226059 -0.341707  0.386902 -0.194354  0.019839 -0.389172  0.020847 -0.039771
-0.000000 -0.000000 -0.000000  0.000000 -0.482232  0.035416 -0.148959 -0.198002 -0.084271 -0.299284  0.270969 -0.006192 -0.038719 -0.214737  0.365606 -0.164293  0.042384 -0.368024  0.054574  0.061603  0.163223 -0.144830 -0.263205  0.255918
-0.000000  0.482232  0.000000 -0.000000  0.000000  0.373646 -0.265852  0.030123  0.204217  0.090526  0.357380 -0.089856 -0.005545 -0.007423 -0.083166 -0.078338  0.020494  0.100993 -0.065447 -0.387586 -0.106689  0.370945  0.009704  0.207896
 0.000000 -0.482232 -0.000000 -0.000000 -0.000000  0.267818 -0.024489 -0.275327  0.106122  0.142505 -0.035013 -0.204391 -0.245726  0.116018  0.196918 -0.353587  0.062035 -0.074125 -0.160151 -0.221154  0.215393  0.168063  0.300261 -0.241687
-0.000000  0.000000  0.000000  0.482232 -0.000000  0.078665  0.387523  0.222780  0.208977  0.271062  0.055247  0.059923 -0.045803  0.173656  0.131912 -0.364220  0.130901  0.046857 -0.171088  0.235714 -0.094335 -0.002063 -0.336280  0.170904
 0.000000 -0.093415 -0.000000  0.000000 -0.388817 -0.258829  0.032418  0.097433 -0.086121  0.239880  0.228514  0.238427  0.363222 -0.253836 -0.111014 -0.193333  0.239658  0.222772 -0.035478 -0.298334  0.006761 -0.017872 -0.015222 -0.380193
 0.000000 -0.093415  0.000000  0.388817  0.000000 -0.258530  0.415441 -0.222159  0.168501 -0.323459  0.284785 -0.124111 -0.228100 -0.124122 -0.066290  0.264901 -0.074138  0.035080  0.215678 -0.245931 -0.126989  0.202280  0.034772 -0.088354
 0.000000  0.482232  0.000000 -0.000000  0.000000 -0.081567  0.013630 -0.280866  0.211677 -0.151724 -0.301627 -0.228065  0.116988  0.039692  0.109474 -0.134610  0.271967  0.028572  0.122988  0.200248  0.173369  0.161550 -0.171881 -0.458078
 0.000000  0.000000 -0.482232  0.000000  0.000000 -0.314229 -0.184695 -0.297942  0.075881  0.150795 -0.228307 -0.108807 -0.040838  0.194295  0.040633 -0.064783 -0.076766 -0.004829 -0.097333 -0.376644 -0.328183 -0.235474 -0.272392  0.116208
-0.000000 -0.000000  0.000000  0.482232  0.000000  0.197537 -0.298678  0.092094 -0.416550 -0.225483 -0.075723 -0.004382 -0.130929  0.137668  0.040876  0.257709  0.431544  0.095935 -0.210274 -0.103981 -0.069162 -0.126682 -0.017909 -0.157605
 0.482232 -0.000000 -0.000000 -0.000000  0.000000 -0.126859 -0.166336  0.449983  0.228304  0.146925  0.128112 -0.477367 -0.157552 -0.178868  0.083637  0.113812 -0.017232 -0.175168 -0.014617  0.011600 -0.020040 -0.216712 -0.007905 -0.218366
 0.482232 -0.000000 -0.000000  0.000000 -0.000000  0.017486  0.100696 -0.269039 -0.341620 -0.033120  0.109095 -0.244950 -0.007152  0.070380 -0.531578 -0.220077 -0.017620  0.185821 -0.039876  0.073547  0.252772 -0.052588 -0.150870  0.166277
-0.000000 -0.000000  0.000000 -0.000000 -0.482232  0.206774 -0.109866  0.083858 -0.078493  0.121031 -0.191539  0.114988 -0.469092  0.055049 -0.124938 -0.003430 -0.329763  0.203221  0.312726  0.111630 -0.161562  0.124028 -0.194899 -0.237496
 0.482232
