1 20
-0.223607 -0.190101 -0.233303 -0.043238  0.116437  0.049297 -0.252844  0.153167 -0.423823  0.141468  0.010232  0.234460  0.117936  0.297878  0.173399 -0.292010 -0.342906 -0.325582 -0.081987  0.226231
-0.223607 -0.047214  0.072661 -0.301530 -0.110782 -0.247193  0.176964 -0.015158 -0.260404 -0.241688  0.386403 -0.407979  0.155007 -0.285736  0.122494  0.217746 -0.190975 -0.137167 -0.282650  0.037461
-0.223607  0.283326 -0.322036 -0.031252 -0.273901  0.009866 -0.177339 -0.048751  0.404638 -0.261219 -0.112169 -0.364517 -0.113594  0.224773 -0.156840 -0.077569 -0.269527 -0.047442  0.122483  0.307792
-0.223607  0.069938 -0.210948  0.070823 -0.066085  0.033093 -0.072901 -0.080499 -0.057762  0.003889  0.529944 -0.126133  0.208389  0.311416  0.064508 -0.313634  0.342467  0.325315  0.101742 -0.319118
 0.223607  0.054452 -0.070658  0.103872 -0.470815 -0.216410 -0.222661  0.413018 -0.183780  0.245043 -0.138103 -0.271516 -0.097338 -0.078481  0.368413  0.062017  0.072785 -0.060586  0.251366 -0.169162
-0.223607 -0.039961  0.020025  0.348416  0.266409  0.383748  0.051456  0.252365 -0.213006 -0.299637 -0.199251 -0.275040 -0.229340 -0.122991  0.076435 -0.051924 -0.254744  0.256600 -0.026348 -0.289552
 0.223607 -0.116415 -0.155494  0.057544 -0.249331  0.178719  0.057891 -0.127282 -0.053641  0.364015  0.127188 -0.055686 -0.182280  0.317762 -0.127332  0.334523 -0.313550  0.286468 -0.438053 -0.077793
-0.223607 -0.152253 -0.077717  0.297345  0.060496 -0.000678 -0.282030  0.298629  0.361110  0.069376  0.273827  0.052786 -0.193801 -0.132259 -0.152769  0.155897  0.214427 -0.411410 -0.327820 -0.146993
 0.223607  0.235258  0.383533 -0.185325  0.183727  0.307073  0.041864  0.506984 -0.002017  0.135546  0.278551 -0.231264  0.078894  0.227953 -0.229698 -0.015353  0.004452 -0.060496  0.097320  0.229327
 0.223607  0.348011  0.296109  0.119398  0.112414 -0.188013 -0.363285 -0.139410 -0.099809 -0.328692 -0.124061 -0.035363 -0.023861  0.320438  0.239889 -0.009128  0.143800 -0.024070 -0.458883 -0.014186
 0.223607  0.174703 -0.261122 -0.217159  0.178901 -0.393139 -0.068243  0.202138 -0.150853 -0.165915  0.228374  0.235517 -0.494001 -0.118378 -0.267148 -0.145554 -0.136786  0.189171  0.041849 -0.085420
 0.223607 -0.156548 -0.252089 -0.322657 -0.242320  0.205420  0.294200  0.343566  0.162252 -0.351961 -0.188372  0.137238  0.152843  0.088860  0.073949 -0.212679  0.152839 -0.067798 -0.326097 -0.177635
-0.223607  0.213245  0.162197 -0.255384 -0.051254  0.065116 -0.202642  0.140867  0.227665 -0.089059  0.071790  0.417192  0.178445  0.076735  0.209966  0.374808 -0.340994  0.109604  0.176995 -0.352622
-0.223607 -0.396247  0.289620 -0.257017  0.188777 -0.392564  0.047403  0.121776  0.317410  0.207536 -0.182979 -0.208480 -0.175617  0.262213  0.125670 -0.203778 -0.055906  0.209160 -0.073096 -0.079582
 0.223607 -0.314947 -0.305878 -0.270792  0.342536  0.206143 -0.412064 -0.037889  0.087768 -0.100828  0.055526 -0.163274  0.018911 -0.100154  0.268394  0.291830  0.179570  0.210861  0.091866  0.229160
 0.223607  0.130178 -0.075100  0.178979  0.118085 -0.111483 -0.152918  0.082615  0.274171  0.206664  0.032863 -0.048924  0.472011 -0.399756  0.024822 -0.336620 -0.336020  0.226156 -0.238037  0.014122
-0.223607  0.042123 -0.189158  0.051877  0.091862 -0.286659 -0.046247  0.285813 -0.218132  0.006898 -0.338752 -0.012227  0.393191  0.112081 -0.423452  0.343245  0.210686  0.233780 -0.079171  0.056403
 0.223607 -0.080798 -0.051933 -0.207504  0.162064  0.019398 -0.204854 -0.247730 -0.058990  0.033543 -0.140825 -0.295762  0.148527  0.074027 -0.351532 -0.039227 -0.137095 -0.378938  0.134500 -0.568064
 0.223607 -0.524983  0.268524  0.295086 -0.265840 -0.127829 -0.172580  0.047474 -0.003227 -0.420779  0.184187  0.092192  0.150326  0.109767 -0.226850 -0.008399 -0.176459  0.098039  0.202616  0.093234
 0.223607  0.033945 -0.264553  0.328598  0.352540 -0.265853  0.444470  0.064724  0.165824 -0.079073  0.123716 -0.053098  0.116586  0.302071  0.266504  0.231371 -0.141011 -0.205948  0.171701 -0.033563
 0.223607
