13 29
-0.034773 -0.000000 -0.031280  0.000000  0.000000 -0.000000  0.076036 -0.000000 -0.000001  0.552554 -0.011754  0.000000  0.000000 -0.096253  0.139089 -0.091233 -0.306891 -0.013771 -0.088563 -0.118191 -0.369923  0.033109  0.217498 -0.181857  0.053051 -0.365430  0.307929 -0.284402 -0.055538
-0.000000  0.000000 -0.000000 -0.000000  0.000000  0.000000 -0.000000  0.000000 -0.000000 -0.000000  0.000489 -0.705909 -0.000000  0.015284 -0.010585  0.146531 -0.232843  0.216941  0.145635 -0.128153 -0.218341  0.008281 -0.346753 -0.225751  0.024924  0.152923  0.040519  0.244738 -0.190987
-0.000000 -0.000000  0.000000  0.031280  0.076038 -0.000000 -0.000000  0.000000 -0.000000 -0.000000 -0.011758 -0.034769 -0.552553 -0.177504  0.399960 -0.091468  0.284241  0.263926 -0.026726 -0.366984  0.161694 -0.179406 -0.080351  0.065487 -0.159388 -0.091619  0.239913  0.106776  0.170469
 0.000000  0.018238  0.000000 -0.000000  0.000000  0.044337  0.000000 -0.574455  0.052611  0.000000 -0.016757 -0.000001 -0.000000 -0.069333 -0.089869 -0.239363  0.384716 -0.078980 -0.157791 -0.085826  0.026304  0.210470  0.090214 -0.477275  0.032676 -0.078935 -0.086454  0.165735 -0.291219
-0.000000  0.000000 -0.000000 -0.000000  0.000000  0.000000  0.000000  0.000000  0.000000 -0.000000  0.020823  0.061576 -0.623997  0.394817 -0.320720  0.013289 -0.049845 -0.017639 -0.142819  0.159365 -0.242517  0.275082 -0.042191  0.246038 -0.151615 -0.057265  0.047054  0.043701 -0.267779
-0.000000  0.035937  0.000000 -0.000000  0.000000  0.087358 -0.000000  0.583100 -0.000000  0.000001 -0.000000  0.000000  0.000000 -0.212326 -0.108260  0.138790  0.232840  0.079643  0.080440 -0.206338  0.178028  0.234280 -0.009719 -0.090204  0.072318 -0.335564 -0.246057 -0.113090 -0.423585
 0.000000  0.706398 -0.000000  0.000000  0.000000  0.000000 -0.000000  0.000000  0.000000  0.000000 -0.000000  0.000000 -0.000000  0.228079  0.077958  0.094618  0.290802  0.058587  0.099819 -0.191194 -0.375321 -0.080598  0.119352  0.040248  0.223609  0.157920 -0.172729 -0.157470  0.081459
-0.000000  0.000000  0.000000  0.031280  0.076038  0.000000  0.000000 -0.000000  0.000000 -0.000001  0.011758  0.034769  0.552551  0.268362  0.037772 -0.076461  0.227952  0.244007 -0.188012 -0.187015 -0.112180  0.131243 -0.127998  0.343339 -0.330607 -0.156289  0.293053  0.156128 -0.131933
-0.703417  0.000000  0.000000 -0.000000 -0.000000 -0.000000  0.000000  0.000000 -0.000000  0.000000  0.002981 -0.000000  0.000000 -0.108823 -0.334445  0.002199  0.115446  0.209147 -0.024113  0.081598 -0.138316 -0.000988 -0.188213 -0.138723 -0.168585 -0.191895 -0.129081 -0.079655  0.393869
-0.000000 -0.000000  0.000000  0.000000  0.000000  0.000000 -0.000000  0.000000 -0.000000 -0.000000 -0.706398 -0.000000 -0.000000 -0.416646 -0.003892  0.067855  0.069377  0.119405 -0.210839  0.111863 -0.168828  0.160408  0.034230  0.142957 -0.087290  0.358731  0.047330 -0.147878 -0.102435
-0.000000 -0.006799  0.000000 -0.000000  0.000000  0.699599  0.000000 -0.000000  0.000000  0.000000  0.000000 -0.000000  0.000000  0.185848  0.189542  0.313704  0.049496  0.005082 -0.413891  0.195309  0.068943 -0.186611 -0.185626 -0.168125  0.027160 -0.024080  0.022012 -0.158565 -0.021599
-0.000000 -0.000000  0.706398  0.000000 -0.000000  0.000000 -0.000000  0.000000  0.000000 -0.000000  0.000000 -0.000000 -0.000000  0.060232  0.076980 -0.215222  0.075684  0.257423  0.110373  0.261033  0.089188  0.210693 -0.165517  0.017501  0.390531 -0.028682  0.200141 -0.136515  0.027095
-0.706395  0.000000 -0.000000  0.000000 -0.000000  0.000000  0.000000  0.000000  0.000000 -0.000000  0.000003 -0.000000  0.000000  0.121206  0.358813  0.009438 -0.113537 -0.170455  0.015639 -0.058981  0.161420  0.037309  0.200011  0.147917  0.158025  0.207136  0.063765  0.125060 -0.367281
-0.000000  0.000000 -0.000000  0.000000  0.000000 -0.000000 -0.000000  0.000000  0.706379 -0.000000  0.000019 -0.000000 -0.000000 -0.106482 -0.244430  0.046863 -0.070221  0.179928 -0.253614 -0.058998  0.003074 -0.248855  0.150151  0.178402  0.358728 -0.097680  0.022627  0.259574 -0.014593
-0.000000 -0.000000  0.706398  0.000000 -0.000000 -0.000000  0.000000 -0.000000 -0.000000  0.000000 -0.000000 -0.000000 -0.000000 -0.063143 -0.057082  0.214042 -0.102268 -0.243278 -0.119962 -0.263819 -0.112156 -0.194108  0.192752 -0.032166 -0.390015  0.002853 -0.192651  0.126928 -0.022749
-0.061584 -0.000000 -0.000000  0.000000 -0.000000 -0.000000  0.000000  0.000000 -0.000000 -0.623994 -0.020816  0.000000 -0.000000 -0.089950 -0.180550 -0.081439 -0.009965 -0.264830  0.058640 -0.156006 -0.165905 -0.254428 -0.088187 -0.068497  0.068990 -0.112420  0.453678 -0.320377 -0.174595
-0.034773  0.000000  0.031279  0.000000  0.000000 -0.000001 -0.076036 -0.000000  0.000000  0.552554 -0.011754  0.000000  0.000000 -0.005326 -0.342983 -0.000736  0.295638 -0.285298  0.154784 -0.057985  0.182568 -0.320432 -0.317088  0.104506  0.024858  0.238475  0.204407 -0.077397 -0.141630
 0.000000 -0.706398 -0.000000  0.000000 -0.000000  0.000000  0.000000  0.000000  0.000000  0.000000 -0.000000  0.000000  0.000000  0.209925  0.067789  0.102297  0.308274  0.064677  0.110003 -0.208979 -0.362261 -0.060744  0.120389  0.034914  0.228922  0.132287 -0.191907 -0.164661  0.049016
 0.000000  0.000000 -0.000000  0.706398  0.000000 -0.000000  0.000000  0.000000  0.000000  0.000000  0.000000  0.000000 -0.000000  0.105977 -0.058621 -0.295846 -0.121274  0.311207  0.010422  0.047224  0.084794 -0.299659  0.100850 -0.062263 -0.157185  0.106456 -0.186388 -0.228883 -0.225195
-0.000000 -0.000000  0.000000  0.000000  0.000000 -0.000000 -0.000000 -0.000000 -0.703913  0.000000 -0.002486 -0.000000  0.000000 -0.101110 -0.250508  0.000717 -0.030624  0.162710 -0.284192 -0.056380 -0.006490 -0.236039  0.164900  0.114527  0.359383 -0.084363  0.028450  0.293838 -0.026040
 0.000000 -0.000000 -0.000000 -0.000004  0.706394 -0.000000 -0.000000 -0.000000 -0.000000  0.000000  0.000000  0.000000  0.000000 -0.116353  0.095407  0.104889  0.160422 -0.006843  0.257861  0.437464 -0.192874 -0.219650  0.117821 -0.000209 -0.070403 -0.162262  0.013711  0.172890 -0.151736
 0.000000 -0.000000 -0.000000  0.000000  0.000000  0.000000  0.000000  0.000000  0.000000  0.000000  0.706398 -0.000000  0.000000 -0.438274  0.001888  0.048988  0.082718  0.102124 -0.210942  0.096551 -0.168104  0.138259  0.036929  0.107519 -0.074719  0.361384  0.069511 -0.152826 -0.103710
 0.000000 -0.000000 -0.000000 -0.706398  0.000000 -0.000000  0.000000 -0.000000 -0.000000 -0.000000 -0.000000 -0.000000 -0.000000  0.108966 -0.037855 -0.302439 -0.096501  0.334163  0.003192  0.026360  0.085166 -0.303974  0.092550 -0.043735 -0.180078  0.093644 -0.162097 -0.215289 -0.224921
 0.000000 -0.018239 -0.000000  0.000000 -0.000000 -0.044337  0.000000  0.574453  0.052611  0.000000 -0.016756 -0.000001  0.000000  0.146189  0.020021 -0.380243  0.148372 -0.159822 -0.239442  0.123618 -0.154404 -0.027336  0.100080 -0.385715 -0.040731  0.261679  0.163307  0.280528  0.138742
 0.000000  0.000000  0.000000 -0.000000 -0.000000 -0.000000  0.706398 -0.000000  0.000000  0.000000 -0.000000 -0.000000  0.000000  0.124594 -0.200883  0.300680  0.074811  0.189190  0.148261 -0.005935  0.213408  0.057605  0.309176 -0.173404 -0.078467  0.158790  0.287899 -0.021028  0.045720
 0.000000 -0.000000 -0.000000  0.000000 -0.000000  0.706398 -0.000000  0.000000 -0.000000  0.000000 -0.000000 -0.000000  0.000000 -0.144275 -0.167433 -0.336691 -0.092648 -0.019956  0.394836 -0.154767 -0.101638  0.140916  0.185661  0.183409 -0.040449  0.086725  0.024306  0.178229  0.100761
 0.000000 -0.000000 -0.006799  0.000000 -0.000000  0.000000 -0.699599  0.000000 -0.000000  0.000000  0.000000  0.000000  0.000000  0.115923 -0.150442  0.293766  0.010053  0.220540  0.123254 -0.012536  0.155434  0.096589  0.370282 -0.206212 -0.076166  0.094698  0.301948 -0.043731  0.055521
-0.000000  0.000000 -0.000000 -0.006795  0.699603 -0.000000  0.000000  0.000000  0.000000 -0.000000 -0.000000 -0.000000 -0.000000  0.107607 -0.143909 -0.087656 -0.217649 -0.048297 -0.237024 -0.381498  0.189365  0.227016 -0.096319 -0.044224  0.124343  0.190781 -0.071771 -0.203143  0.149021
 0.000000  0.000000 -0.000000  0.000000 -0.000000  0.000000  0.000000  0.000000  0.000000  0.000000  0.002493 -0.703906  0.000000  0.041233 -0.035331 -0.145044  0.226365 -0.220085 -0.166510  0.151348  0.184219  0.031103  0.341695  0.261641 -0.046716 -0.161563 -0.033893 -0.239174  0.153168
 0.706398
