12 25
 0.000431 -0.000001 -0.000061  0.021172 -0.000312 -0.000660  0.070066 -0.000247 -0.000006  0.005354 -0.000051 -0.608440  0.140618 -0.187139  0.275117  0.078062  0.200452 -0.008460 -0.377759 -0.275989 -0.326132  0.040159 -0.341288  0.057648  0.030606
 0.707107 -0.000000  0.000000  0.000000  0.000000  0.000000 -0.000000 -0.000000  0.000000 -0.000000 -0.000000 -0.000000  0.387645  0.178036 -0.165589  0.082904  0.016875 -0.092694 -0.098226 -0.020813  0.145461 -0.362317 -0.087750  0.185891 -0.264757
-0.000003  0.000000 -0.000000 -0.000000 -0.000004 -0.000003 -0.000002 -0.000001  0.000002  0.707090  0.000000 -0.000001  0.055887  0.123046 -0.346802  0.156535  0.053982  0.020067  0.178045 -0.175715  0.060916  0.408445 -0.314093  0.004846 -0.043326
 0.000017 -0.000020 -0.000000 -0.706876  0.000001 -0.000005 -0.000031 -0.000037 -0.000009  0.000083  0.000009 -0.000003 -0.007436 -0.247472 -0.058686 -0.286499  0.174983  0.062002 -0.000073  0.384403  0.157224 -0.027654 -0.366977  0.096466  0.042575
-0.000000 -0.000000 -0.707107 -0.000000  0.000000 -0.000000 -0.000000 -0.000000 -0.000000  0.000000 -0.000000  0.000000  0.301898  0.157112 -0.022680 -0.081023 -0.118967 -0.178514  0.106579  0.079514 -0.158720 -0.015048 -0.038860  0.057339  0.532143
-0.000002 -0.000001 -0.000001  0.000002  0.000006 -0.707089 -0.000001  0.000003 -0.000000  0.000000  0.000001 -0.000000  0.028125 -0.051885  0.276799  0.313908 -0.257281  0.158681  0.014125 -0.020006  0.393957 -0.055110 -0.198331 -0.070556  0.163893
-0.000005  0.000004 -0.000318  0.000165  0.000087  0.000937  0.000261 -0.704799 -0.000021  0.000044  0.000259  0.000148 -0.153047  0.471011  0.293680 -0.131783  0.235045 -0.193576 -0.069461  0.017220  0.194953  0.105165 -0.077025  0.037856 -0.009840
 0.000000  0.707107 -0.000000  0.000000 -0.000000 -0.000000 -0.000000  0.000000  0.000000  0.000000 -0.000000 -0.000000  0.007046 -0.038018  0.150984 -0.172200 -0.124093  0.180986  0.170982 -0.177238  0.020431  0.099979  0.067627  0.566633 -0.034543
 0.000002  0.000000 -0.000000 -0.000001 -0.000003 -0.000003 -0.000001  0.000001  0.000002 -0.707091 -0.000001  0.000000  0.057374  0.120496 -0.343575  0.157088  0.056458  0.019396  0.173619 -0.179869  0.057387  0.408634 -0.318274  0.005384 -0.042769
 0.000018 -0.000000 -0.000001  0.000029  0.706867 -0.000132 -0.000003 -0.000012 -0.000001 -0.000017 -0.000008 -0.000001  0.036857 -0.151559 -0.108381  0.261154  0.355724 -0.048787 -0.172130  0.049273  0.216341  0.112873  0.292039  0.209040  0.215773
 0.000002 -0.000001 -0.000005  0.000001 -0.000000  0.707090 -0.000000 -0.000001  0.000000 -0.000001  0.000003  0.000001  0.030510 -0.050938  0.278193  0.317926 -0.257191  0.162817  0.013798 -0.014712  0.389547 -0.053183 -0.198064 -0.069532  0.162255
-0.000523  0.000006  0.000409 -0.010882  0.018149  0.005186 -0.037310  0.069319 -0.000036 -0.002290 -0.000170 -0.562571 -0.219231 -0.033881 -0.247138 -0.311362 -0.112434 -0.281238  0.199513 -0.267971  0.444030 -0.168214  0.137083 -0.103345  0.106410
 0.707107 -0.000000  0.000000 -0.000000 -0.000000 -0.000000 -0.000000 -0.000000  0.000000  0.000000 -0.000000  0.000000 -0.387841 -0.178076  0.165348 -0.083114 -0.016947  0.092373  0.098886  0.020708 -0.144976  0.362086  0.088037 -0.186047  0.264773
 0.000000  0.707107 -0.000000 -0.000000  0.000000 -0.000000  0.000000  0.000000 -0.000000  0.000000  0.000000  0.000000 -0.007043  0.038001 -0.150989  0.172189  0.124099 -0.180975 -0.170985  0.177266 -0.020426 -0.099979 -0.067647 -0.566626  0.034545
-0.000052 -0.000003  0.000394  0.000001  0.003465  0.000014 -0.000010 -0.702570  0.000014  0.000075 -0.000299  0.000040  0.125172 -0.499330 -0.314056  0.078868 -0.236552  0.137503  0.068730 -0.100058 -0.142563 -0.134553  0.067813 -0.052289  0.034245
-0.000002  0.000000 -0.000021 -0.000043  0.706878 -0.000109  0.000002 -0.000002  0.000003 -0.000011  0.000020  0.000003 -0.030045  0.160738  0.115080 -0.247707 -0.354243  0.062727  0.171870 -0.027613 -0.229538 -0.104716 -0.290126 -0.205066 -0.222214
-0.000000  0.000000  0.000000  0.000000  0.000000  0.000000 -0.000000  0.000000  0.000000  0.000000  0.707107  0.000000 -0.190770  0.185971 -0.125078  0.035488  0.247653  0.402657  0.095287 -0.136516 -0.082836 -0.325468 -0.074467 -0.004986  0.206339
 0.000057 -0.000005 -0.000344 -0.012073 -0.017899 -0.004493 -0.038724 -0.069637  0.000043 -0.003520  0.000226 -0.559746  0.067441  0.237587 -0.050642  0.228027 -0.104892  0.291843  0.210001  0.569318 -0.091720  0.125445  0.233188  0.041217 -0.140202
-0.000000 -0.000000 -0.000000  0.000000  0.000000  0.000000  0.000000  0.000000 -0.707107 -0.000000 -0.000000  0.000000  0.390753 -0.001306  0.096235 -0.269247  0.144854  0.294879  0.011241 -0.118603  0.152075  0.146475  0.163785 -0.267530 -0.021129
 0.000002  0.000020 -0.000002 -0.706829  0.000002 -0.000019  0.000005 -0.000014  0.000009  0.000175 -0.000012  0.000001  0.014052  0.238092  0.072153  0.290038 -0.164815 -0.063296 -0.017175 -0.398438 -0.172430  0.029166  0.350540 -0.093898 -0.041028
 0.000000  0.000000 -0.000000  0.000000 -0.000000  0.000000  0.000000  0.000000 -0.000000  0.000000 -0.707107  0.000000 -0.190837  0.186488 -0.124862  0.035497  0.247743  0.402737  0.095167 -0.136184 -0.082805 -0.325276 -0.074476 -0.004910  0.206263
 0.000166 -0.000002  0.000014 -0.002310  0.000034  0.000097  0.703615  0.000034 -0.000147 -0.000535  0.000087  0.000022 -0.101553  0.171281 -0.243001 -0.152627 -0.291779  0.185707 -0.481280  0.047807  0.085057  0.103644  0.042341  0.046930  0.086118
 0.000000  0.000000  0.000000  0.000000  0.000000 -0.000000  0.000000 -0.000000  0.707107  0.000000  0.000000  0.000000  0.390693 -0.001242  0.096149 -0.269349  0.144759  0.294917  0.011017 -0.118629  0.152139  0.146508  0.163772 -0.267510 -0.021076
-0.000000 -0.000000 -0.707106 -0.000000 -0.000000 -0.000000 -0.000000 -0.000000 -0.000000  0.000000 -0.000000  0.000000 -0.301934 -0.157721  0.022220  0.080828  0.118703  0.178376 -0.106483 -0.079983  0.158888  0.014769  0.038938 -0.057462 -0.531985
-0.000233  0.000002 -0.000005 -0.001064 -0.000024 -0.000004  0.705071  0.000086  0.000148 -0.000313 -0.000078 -0.000071  0.079531 -0.141269  0.199183  0.140641  0.259466 -0.183259  0.539943 -0.003182 -0.034077 -0.109472  0.011734 -0.055776 -0.091043
 0.707107
