9 14
 0.011444  0.000792  0.001316 -0.031101 -0.000846  0.178829 -0.707854 -0.008797  0.000148 -0.442439  0.334170  0.116618  0.244765 -0.291293
-0.000000  0.000000 -0.707154 -0.000000  0.000000  0.000000  0.000000  0.235538  0.000000  0.029772  0.417270  0.266967 -0.120908  0.428445
-0.000060 -0.707545  0.000024  0.232232  0.000089  0.000210  0.000037 -0.002372  0.000012  0.142294  0.191625 -0.406332  0.436504  0.181200
-0.011472 -0.000722 -0.001319  0.031178  0.001474 -0.179748 -0.706358  0.008812 -0.000046  0.443255 -0.334813 -0.116933 -0.245118  0.291947
 0.008849 -0.000128 -0.000004 -0.000013 -0.000086 -0.932882  0.000363  0.000094  0.000160 -0.019727  0.257972 -0.000733 -0.003303 -0.250406
-0.011443  0.000975  0.001316 -0.030583 -0.705604 -0.181511 -0.000192 -0.008975 -0.000293 -0.387950 -0.334734  0.117279  0.251967  0.358096
-0.000000 -0.000000 -0.000000  0.000000 -0.000000 -0.000000  0.000000 -0.942693 -0.000000  0.030600  0.207742  0.130839 -0.072434  0.211829
 0.235426  0.000010  0.000002  0.000052 -0.000031  0.000027 -0.000064  0.000006 -0.707067  0.331712 -0.079936  0.425985  0.367880 -0.106816
-0.235386  0.000021 -0.000003 -0.000010  0.000019 -0.000037 -0.000038 -0.000001 -0.707146 -0.331463  0.080373 -0.426034 -0.367951  0.106380
-0.011336  0.000339  0.001315 -0.030792  0.708604 -0.180268  0.000433 -0.008963 -0.000303 -0.387907 -0.332419  0.117669  0.251221  0.355376
-0.000043  0.706667  0.000019  0.232704  0.000725 -0.000006  0.000110 -0.002339  0.000043  0.144132  0.191807 -0.407289  0.436044  0.181334
 0.000018 -0.000045  0.000162  0.942387 -0.000023  0.000004 -0.000020 -0.000004  0.000004 -0.125208 -0.094196  0.216046 -0.182690 -0.085466
-0.000000  0.000000 -0.707055  0.000000  0.000000  0.000000  0.000000 -0.235637  0.000000 -0.032887 -0.417335 -0.266103  0.122761 -0.428272
-0.942639  0.000012  0.000002 -0.000008  0.000003 -0.000011 -0.000003  0.000006  0.000001  0.164021 -0.021442  0.212817  0.183552 -0.071324
 0.942693
