1 9
 0.333333 -0.135519  0.233849  0.069556 -0.176946  0.331770 -0.806476  0.120841  0.067915
 0.333333  0.097239  0.485402  0.307485  0.054338 -0.384337  0.180213  0.551117 -0.249793 
 0.333333 -0.260016  0.314467 -0.236491  0.184916  0.133106  0.140033 -0.527163 -0.563064 
 0.333333 -0.131888 -0.438905 -0.057442 -0.224055 -0.717635 -0.254832 -0.194373 -0.087386 
 0.333333  0.246104 -0.441236  0.612199 -0.145080  0.370963  0.170640 -0.093858 -0.249510 
 0.333333  0.120881 -0.391787 -0.373129  0.654427  0.127535 -0.067802  0.362503 -0.031763 
 0.333333  0.255792  0.016740 -0.548046 -0.612039  0.175284  0.290058  0.166298  0.075623
 0.333333  0.507036  0.261038  0.085449  0.238200 -0.128387  0.009595 -0.441540  0.536739
 0.333333 -0.699630 -0.039568  0.140419  0.026238  0.091700  0.338571  0.056176  0.501240 
 0.333333
