1 23
-0.208514  0.453349  0.051043  0.072931 -0.116178 -0.121919  0.209030  0.135133  0.210509 -0.066398  0.018496 -0.193833  0.028222 -0.068488 -0.378190 -0.199700 -0.331842 -0.144533 -0.341274 -0.112240 -0.271901 -0.124354  0.168094
-0.208514 -0.341534  0.042019  0.233245 -0.106381 -0.351386 -0.032831 -0.376064  0.057459 -0.137183  0.306126 -0.029032  0.015366 -0.084238 -0.115922  0.339058 -0.012096 -0.090919 -0.387300 -0.047241  0.097666 -0.003553 -0.289505
 0.208514 -0.036292  0.221936  0.196850  0.344823  0.315538  0.176305 -0.314409 -0.197177  0.248134  0.202200  0.035479  0.020282  0.037073 -0.045816  0.197472 -0.419324  0.000016  0.151096 -0.187417 -0.292140 -0.119032  0.004481
-0.208514 -0.023596 -0.025789  0.123926  0.159866 -0.331284 -0.087017  0.301396 -0.263860  0.066427  0.042871  0.358160 -0.332185 -0.037073 -0.057828  0.055704 -0.351299  0.445855 -0.019768  0.049574  0.151993  0.028849  0.186883
-0.208514  0.180780  0.320407 -0.245390  0.266183 -0.330807  0.296899  0.081851 -0.125097  0.022686  0.219052  0.102779  0.305057  0.128927 -0.005799  0.102606  0.059445 -0.333526  0.248652  0.223471  0.146352  0.206514  0.016320
 0.208514 -0.025058 -0.137030 -0.083867  0.086246 -0.070742  0.373808  0.318418 -0.014499 -0.151452 -0.352812  0.137380  0.253923 -0.300632  0.079297  0.408298 -0.012964  0.090945 -0.146335 -0.268739 -0.139124  0.116365 -0.217254
 0.208514 -0.049539  0.297431 -0.474145 -0.185163 -0.096865 -0.107132 -0.028346 -0.113313 -0.102175 -0.056111 -0.352919 -0.133002 -0.061813  0.186683  0.252103 -0.270924  0.125543 -0.146688  0.399219 -0.168368 -0.091441  0.084730
-0.208514 -0.087928 -0.094881 -0.355117  0.120776  0.204506 -0.165810 -0.102912  0.419385 -0.090244 -0.165352  0.317097 -0.028957  0.034998 -0.362614  0.368723 -0.084690 -0.090564  0.146304  0.048798  0.073277 -0.263168  0.154826
 0.208514  0.135259  0.147134 -0.080967 -0.137972  0.220205 -0.234290  0.056105 -0.085953 -0.168936  0.347572 -0.106031  0.268442 -0.248210 -0.395571  0.090967  0.029848  0.276600  0.054796 -0.182055  0.290146  0.318120  0.138308
 0.208514  0.001457  0.134620  0.036812  0.114187  0.060758  0.095742  0.119774  0.084138  0.374276  0.027270  0.070002  0.303870  0.269164 -0.019772  0.043607  0.212976  0.214153 -0.504370  0.141558  0.267022 -0.345742  0.142929
 0.208514 -0.057603  0.202015 -0.128866  0.014966 -0.366819 -0.127972 -0.024143  0.278332  0.089007  0.115692  0.119522 -0.141764  0.241197 -0.018871  0.040330  0.315784  0.140971  0.028279 -0.358973 -0.456888  0.192256  0.236153
-0.208514 -0.293050 -0.067715  0.226642  0.135842  0.272759  0.060279  0.064761  0.108200 -0.174807 -0.050521 -0.039729  0.197356  0.185344 -0.032046  0.017876 -0.017646  0.129987 -0.162209  0.401569 -0.306360  0.484559  0.244004
-0.208514  0.175808 -0.077960  0.041267  0.023046 -0.041808 -0.405147 -0.039516 -0.340748  0.464207 -0.372516 -0.212219  0.061383  0.033338 -0.164929  0.303762  0.104210 -0.183005 -0.096453 -0.077081 -0.076722  0.209647  0.025673
 0.208514  0.380527 -0.147954  0.242774 -0.163087 -0.077627  0.179653 -0.364499  0.228282  0.049952 -0.083120  0.101229 -0.132214 -0.089513  0.263778  0.271130 -0.050846 -0.046049  0.016462  0.129701  0.250803  0.233344  0.391964
 0.208514 -0.361238 -0.344978 -0.157023  0.197988 -0.138418  0.088294  0.181666  0.264104  0.397070  0.167159 -0.327601 -0.105902 -0.170361 -0.103088 -0.094230 -0.212228 -0.203425  0.025534 -0.006378  0.173423  0.186803  0.093244
 0.208514  0.100134 -0.303911  0.164259  0.194667 -0.173418  0.194361 -0.029276 -0.195439 -0.206687  0.035353 -0.292337 -0.171784  0.094078 -0.411096  0.177917  0.336480  0.137461  0.213465  0.259370 -0.103049 -0.240674  0.020259
 0.208514  0.028873  0.206875  0.103495 -0.055386 -0.184984  0.002060 -0.152407  0.255534  0.088381 -0.390113 -0.012459  0.070975  0.253536 -0.293402 -0.162600 -0.249182  0.232204  0.177043  0.141408  0.142909  0.209158 -0.450384
 0.208514 -0.017146 -0.113340  0.184090 -0.462014 -0.062772 -0.137303  0.233290  0.003711  0.251409  0.222325  0.357662  0.196739 -0.138289 -0.108664  0.085748 -0.046241 -0.174566  0.173440  0.351173 -0.308760 -0.099883 -0.099670
-0.208514  0.324980 -0.068103  0.118335  0.286009 -0.009771 -0.267295  0.135227  0.402907  0.081612  0.234666 -0.241121  0.127931 -0.126642  0.322664  0.180381  0.006634  0.291577  0.144399  0.083603 -0.103992 -0.086181 -0.279715
 0.208514  0.151046  0.283328  0.062722  0.330794  0.178984 -0.117673  0.109181  0.078669 -0.026213  0.006471  0.203739 -0.455506 -0.294339 -0.120796 -0.047732  0.206858 -0.253770 -0.287533  0.228856 -0.012599  0.174472 -0.223633
-0.208514 -0.114749  0.133079 -0.084569  0.037810 -0.096952  0.171464 -0.340458  0.010506  0.259094 -0.154357  0.042887  0.131895 -0.618304 -0.091220 -0.252233  0.225730  0.284487  0.084154  0.141474 -0.134402 -0.072939  0.124257
-0.208514  0.169475 -0.212109 -0.355078 -0.246396  0.253306  0.359364 -0.085088 -0.045947  0.281792  0.246043  0.077424 -0.276452  0.174688 -0.069571  0.085384  0.098735  0.242246 -0.107010  0.020490 -0.063613  0.224102 -0.306233
 0.208514  0.193116 -0.446139 -0.289941  0.280528 -0.157196 -0.246917 -0.331023 -0.153076 -0.135581  0.082621  0.248748  0.255555  0.030661  0.031864 -0.261450 -0.143058  0.011522 -0.245691  0.084693 -0.131077  0.069733 -0.076525
 0.208514
