9 38
 0.499542  0.000000  0.000000  0.000000 -0.000000  0.000000 -0.000000  0.000000 -0.000000  0.156668  0.360294 -0.341337  0.016525  0.127288  0.122782  0.190567  0.041943 -0.093932  0.229473  0.106535  0.170959 -0.091311  0.141158  0.129218 -0.045628  0.101755 -0.096032 -0.355798  0.121935  0.081251  0.045773 -0.107694  0.039018 -0.109715 -0.063848  0.094029  0.206512  0.102015
 0.499542 -0.000000 -0.000000 -0.000000 -0.000000  0.000000  0.000000  0.000000  0.000000  0.009446  0.260410  0.247988 -0.002720  0.022412 -0.092544 -0.115617 -0.329356  0.069234 -0.049976 -0.003921  0.106101 -0.253900 -0.097546  0.138057  0.023305 -0.108905  0.087321  0.395706 -0.185120 -0.141619  0.114020  0.040626 -0.068564  0.144885  0.238795 -0.019344  0.046812 -0.218328
 0.000000 -0.000000 -0.037972  0.000000  0.000000  0.000000  0.000000 -0.000000  0.461570  0.104281 -0.254631 -0.073154  0.184975 -0.094246  0.234064  0.057979 -0.202108 -0.095169 -0.053521 -0.208766  0.371641  0.125230 -0.122770  0.039520  0.193216  0.233076 -0.286177 -0.086167 -0.226249 -0.101198  0.046096 -0.032108  0.117042 -0.094278  0.097057  0.032740 -0.086982 -0.224069
-0.000000 -0.000000 -0.000000 -0.499542  0.000000 -0.000000 -0.000000  0.000000  0.000000  0.170054  0.222718 -0.214585  0.155815  0.169507  0.018242 -0.083011  0.066112 -0.078117 -0.023316 -0.101298  0.075593  0.268722 -0.289955  0.006821 -0.245204 -0.199628  0.017189  0.013258 -0.008169 -0.179908 -0.102123 -0.059938 -0.158921  0.168297  0.043696 -0.033017 -0.408378  0.109892
-0.000000  0.000000  0.009791  0.012586 -0.000000 -0.017541 -0.000000  0.019985  0.439638  0.040507  0.026468  0.067755 -0.197311  0.129719 -0.133813  0.146168  0.244199 -0.043316 -0.065668  0.282571 -0.033559  0.288526  0.030282 -0.079042 -0.193916  0.019895 -0.123480  0.235556  0.170710 -0.184529 -0.092497 -0.192196 -0.085529 -0.041125  0.263992 -0.211973  0.348761 -0.062475
-0.000000  0.000000  0.000000 -0.000000  0.000000 -0.000000 -0.000000  0.499542 -0.000000  0.022380  0.004280 -0.060939 -0.038009  0.260991 -0.047406  0.066731 -0.010359  0.153625 -0.168594 -0.042049  0.112989  0.211432 -0.189973 -0.009673  0.114678 -0.008185 -0.193592  0.220033  0.120611  0.303502  0.253462  0.291776  0.030288  0.160745 -0.094068  0.273705  0.165706  0.171129
-0.000000  0.000000  0.010081 -0.036813 -0.000000  0.000000 -0.000000  0.000000  0.452648 -0.161770 -0.017115 -0.082001 -0.013146 -0.155228 -0.018506 -0.157405 -0.236092  0.058516  0.171871 -0.170844 -0.113430 -0.079991  0.323197  0.067847 -0.152148 -0.291268 -0.143478 -0.035824  0.349033  0.005154  0.253548  0.161935 -0.241420  0.097597 -0.197353 -0.084904 -0.092384  0.012150
 0.000000  0.000000 -0.000000 -0.000000 -0.499542  0.000000 -0.000000  0.000000  0.000000 -0.085521 -0.034859 -0.322680  0.201034  0.298527 -0.007551 -0.111295 -0.327471 -0.144202 -0.077496  0.144583 -0.328278  0.014781  0.147008 -0.226823 -0.004188  0.122540 -0.009181  0.136134 -0.167912 -0.163978  0.098731  0.016596  0.176822 -0.074821 -0.038556 -0.087351  0.050338  0.112126
-0.000000 -0.000000 -0.009847 -0.012658 -0.000000 -0.034883  0.000000  0.000000 -0.442154 -0.126198 -0.041606  0.042329  0.074088 -0.134960 -0.024465  0.119773 -0.078476 -0.187241  0.096842 -0.045739  0.122089  0.498674  0.270989  0.196120 -0.072210  0.147314 -0.030502  0.082984  0.146089 -0.277121  0.253997 -0.018802  0.007071  0.175043 -0.083576  0.010834  0.071856 -0.275803
 0.499542  0.000000 -0.000000 -0.000000  0.000000  0.000000 -0.000000 -0.000000 -0.000000  0.092112 -0.387726  0.010561 -0.026343  0.005415 -0.012081  0.301000  0.019998  0.208884  0.070471 -0.014135 -0.102991  0.125274 -0.062971 -0.355995  0.064456 -0.010031  0.176070  0.145553  0.207817  0.035430 -0.024026 -0.102987  0.033799 -0.088054 -0.248918 -0.069000 -0.304965 -0.114782
-0.000000  0.000000  0.000000  0.000000 -0.000000  0.499542 -0.000000  0.000000 -0.000000 -0.385018  0.207481  0.116560  0.196339  0.049964  0.207979  0.227696  0.183448 -0.232607 -0.068914  0.025776 -0.027767 -0.044081 -0.092011 -0.264806  0.163709 -0.352865 -0.095226 -0.059894  0.039925 -0.070316  0.083254  0.073513  0.032153 -0.075965  0.008035  0.056192  0.012944 -0.204757
 0.000000  0.000000  0.000000  0.000000  0.499542 -0.000000 -0.000000 -0.000000 -0.000000 -0.127219 -0.119426 -0.204491 -0.079670  0.220349 -0.287843  0.165846 -0.115748 -0.330674  0.105847 -0.248544  0.030225 -0.034681  0.278101 -0.160420  0.062021 -0.115758 -0.011995  0.148748 -0.281899  0.121188 -0.089838 -0.159729  0.014582  0.130458  0.083559  0.010190  0.003108  0.142974
-0.017818 -0.030267  0.000000 -0.000000 -0.000000  0.000000  0.439717 -0.011740 -0.000000  0.410315 -0.095804  0.034268 -0.109528 -0.115245 -0.039732  0.043709 -0.033370 -0.213876  0.361738  0.176990 -0.099428  0.062530 -0.030584 -0.072750  0.157361 -0.236239 -0.025944 -0.018708 -0.067184 -0.190586 -0.068567  0.462470  0.087861  0.027042  0.076742  0.099825  0.052452  0.025908
-0.000000  0.000000 -0.499542 -0.000000  0.000000 -0.000000  0.000000  0.000000 -0.000000 -0.078420  0.099558  0.148228  0.116212  0.118072 -0.247462 -0.151719 -0.007134  0.033205  0.086642  0.007891  0.279645 -0.077957 -0.027912 -0.261400  0.260474  0.202074 -0.039333 -0.149640  0.217345 -0.180290 -0.156010  0.093727  0.020434  0.271560 -0.132275 -0.288458  0.044502  0.127586
-0.000000  0.000000 -0.000000 -0.000000  0.000000  0.000000  0.000000 -0.499542  0.000000 -0.122689  0.112012 -0.022241 -0.275307  0.205604  0.118750  0.258705 -0.109570  0.414632 -0.125102 -0.012987 -0.087778  0.251592  0.085807  0.122540  0.297426 -0.048212 -0.126023 -0.109369 -0.152124 -0.070185 -0.000467  0.166834 -0.087856  0.123922  0.065467 -0.032372 -0.059573  0.153790
 0.000000 -0.000000  0.000000  0.499542 -0.000000  0.000000  0.000000 -0.000000  0.000000  0.253691  0.004794  0.078668  0.282231  0.155579  0.074349 -0.019290  0.158594 -0.073536  0.067686 -0.242807 -0.117949  0.106452 -0.067997  0.064475  0.145743 -0.062613  0.178336 -0.049106  0.061882 -0.036522  0.370291 -0.122504 -0.201910  0.009495  0.267487 -0.210869 -0.087168  0.246726
 0.000000 -0.499542  0.000000 -0.000000 -0.000000  0.000000  0.000000  0.000000 -0.000000  0.063060  0.135415 -0.045194  0.013539  0.079764 -0.271146  0.045608  0.201203  0.002311 -0.028312 -0.100196 -0.224760 -0.105655  0.062180  0.211571  0.059724  0.104552 -0.283815  0.039303  0.139979  0.108645  0.026314  0.094502  0.379659 -0.015964  0.136930 -0.156894 -0.313356 -0.242385
 0.000000 -0.000000  0.499542  0.000000  0.000000 -0.000000  0.000000  0.000000 -0.000000 -0.099766  0.073626  0.267502 -0.027114  0.102830 -0.070591 -0.029391  0.058668  0.138044  0.408780 -0.145597 -0.023036 -0.011808 -0.214686 -0.217156 -0.207187  0.181994 -0.248873 -0.116218 -0.244193 -0.089997  0.147969 -0.023690  0.090320  0.129689 -0.198333 -0.159494  0.083402  0.057187
-0.000000  0.000000 -0.000000  0.000000 -0.499542  0.000000 -0.000000 -0.000000 -0.000000  0.110071 -0.029010  0.018909 -0.247456 -0.011806  0.152530 -0.069916  0.307443  0.026577  0.055486 -0.294884  0.295193 -0.052109  0.300207 -0.075375  0.042981 -0.276819  0.033688  0.130015 -0.080799  0.053691 -0.054131 -0.186534  0.234899  0.274300  0.018189  0.039244  0.021439  0.017142
 0.000000  0.000000 -0.499542  0.000000 -0.000000  0.000000  0.000000 -0.000000  0.000000 -0.058570  0.078640  0.102704 -0.215680 -0.213439  0.272754  0.272140  0.036103 -0.110642  0.087136 -0.056368 -0.153020 -0.121145 -0.069385 -0.080699 -0.362600  0.236039 -0.134542  0.180327 -0.133806 -0.006655  0.221988  0.049484  0.049175  0.033600  0.069026  0.046036 -0.156913  0.271095
 0.000000 -0.000000  0.000000 -0.000000 -0.000000 -0.499542 -0.000000  0.000000  0.000000 -0.341407 -0.004116  0.010538 -0.040980  0.258108  0.234442  0.040346 -0.031195 -0.076546  0.147051 -0.216142  0.102537  0.034328 -0.115727 -0.043918 -0.139395 -0.074922  0.267495 -0.056408  0.175635  0.054215 -0.108463  0.320122  0.178000 -0.190994  0.244416 -0.113292  0.058852 -0.121174
-0.000000  0.000000 -0.009791 -0.012586  0.000000  0.017541 -0.000000  0.019985 -0.439638  0.110353 -0.216643 -0.136047 -0.091156  0.006682  0.117479 -0.075481 -0.132144  0.105327 -0.042297 -0.066509  0.117048 -0.163883 -0.038391 -0.164938 -0.075089 -0.183447 -0.540981  0.024747  0.145610 -0.006762 -0.038501 -0.040270 -0.218324 -0.215666  0.246752 -0.275912  0.090055 -0.007832
 0.000000 -0.000000  0.000000  0.000000 -0.030267 -0.000000 -0.451788 -0.017486 -0.000000  0.121448  0.155448  0.173955  0.017121 -0.107291  0.093369 -0.036873 -0.223212 -0.107816  0.235614 -0.250012 -0.297045  0.161505 -0.100591  0.012886  0.219200 -0.022528 -0.148702  0.148114  0.234157 -0.030376 -0.367980 -0.124556  0.089463 -0.062179  0.011228  0.235015  0.127215  0.129780
-0.000000 -0.000000  0.499542  0.000000 -0.000000  0.000000  0.000000  0.000000 -0.000000 -0.027151  0.079977 -0.023636 -0.054487 -0.207301  0.118492  0.155413 -0.049221 -0.224674 -0.240172  0.076955  0.185559 -0.175198  0.105531 -0.121125  0.123724  0.278632  0.047356  0.138582  0.305878 -0.106723 -0.077538  0.163800 -0.009406  0.166365  0.144458 -0.079766 -0.204214  0.319850
 0.000000 -0.000000  0.000000  0.000000  0.000000  0.499542  0.000000  0.000000 -0.000000 -0.010999 -0.155827  0.175554 -0.025086  0.329625  0.005221 -0.195792 -0.063093  0.152151  0.225169  0.023041  0.150613  0.056811  0.255044  0.032875 -0.221940  0.233966  0.093997 -0.011995  0.112991  0.008875 -0.105431  0.113950 -0.012690 -0.154258  0.299685  0.268918 -0.194457  0.058036
 0.000000  0.000000  0.000000 -0.000000 -0.000000  0.000000 -0.000000 -0.499542 -0.000000  0.243899 -0.147773  0.258973  0.195239  0.156968 -0.064083  0.080464 -0.169732 -0.198978 -0.272893  0.003898  0.066277 -0.045055 -0.080899 -0.047617 -0.331685 -0.111047 -0.063995 -0.086694  0.195438  0.249730  0.079569  0.020661  0.211248  0.194810 -0.085491  0.103449  0.167848  0.023887
-0.000000  0.000000  0.000000  0.499542  0.000000  0.000000 -0.000000 -0.000000 -0.000000  0.033706  0.077110 -0.205894  0.244490  0.022331  0.000556  0.150151  0.116625  0.146760 -0.087617 -0.150441  0.031420 -0.059969  0.040571  0.019857 -0.319672  0.003690 -0.103605  0.155346 -0.090324 -0.209219 -0.433604  0.256159 -0.146990  0.120471 -0.199868  0.119739 -0.003038 -0.114223
-0.017818  0.030267  0.000000 -0.000000 -0.000000 -0.000000  0.439717 -0.011740 -0.000000 -0.035246  0.079141  0.141920 -0.186977  0.172352 -0.111954 -0.007397 -0.024783 -0.070537 -0.214734 -0.333330  0.040679 -0.082615 -0.062819  0.160379  0.032600  0.009130 -0.031112  0.082728  0.155250 -0.343353  0.017367 -0.185207  0.062373 -0.419179 -0.299042  0.128320  0.009677  0.168158
-0.000000 -0.000000  0.000000 -0.000000  0.030267 -0.000000 -0.451788 -0.017486  0.000000  0.269677 -0.007782  0.054356 -0.383629  0.270673  0.059177 -0.114457  0.130739 -0.311062 -0.136842 -0.033912 -0.003959 -0.089864  0.058454 -0.066782  0.041361  0.093966  0.044519 -0.063736 -0.095433 -0.128547  0.139207  0.277587 -0.236405 -0.103058 -0.258103 -0.043006 -0.059901 -0.234474
-0.034602 -0.000000 -0.000000 -0.000000  0.000000  0.000000 -0.452849  0.012091 -0.000000 -0.026017 -0.163501 -0.056697  0.077743 -0.107549 -0.299475  0.186234  0.035790  0.141732  0.044200  0.131453  0.243252 -0.090976 -0.048655  0.138858 -0.075498 -0.291793  0.048538 -0.022018 -0.052887 -0.359905  0.178521  0.116550  0.292474 -0.215915  0.030443  0.029969 -0.006829  0.292887
-0.000000 -0.000000  0.000000 -0.000000  0.000000 -0.499542  0.000000  0.000000 -0.000000 -0.043345  0.050139  0.271464  0.210787  0.126585 -0.010710 -0.024588  0.143815  0.014384  0.003262  0.255895  0.017071 -0.072307  0.257426 -0.204725  0.090378 -0.061404 -0.281256 -0.028678 -0.033802 -0.090063  0.070445 -0.126012 -0.163693 -0.057581  0.068535  0.435401 -0.254467 -0.004370
 0.499542  0.000000  0.000000 -0.000000  0.000000 -0.000000  0.000000  0.000000  0.000000 -0.246650 -0.244898  0.085145  0.007348 -0.160528 -0.044312 -0.361754  0.267819 -0.184513 -0.241663 -0.084950 -0.159314  0.212920  0.012658  0.101465 -0.040587 -0.011131 -0.166032 -0.184703 -0.145154 -0.019036 -0.125228  0.188018  0.021365  0.023942  0.068150  0.004528  0.053384  0.258305
 0.000000 -0.499542 -0.000000 -0.000000 -0.000000 -0.000000  0.000000 -0.000000 -0.000000 -0.024822 -0.065789 -0.178544 -0.150821 -0.112747 -0.076616 -0.027998 -0.069756  0.105941 -0.111220 -0.184693 -0.072315 -0.059297 -0.142420 -0.308749 -0.058775  0.054351  0.179266 -0.268828  0.075798 -0.264434  0.124478 -0.094527 -0.128214  0.174843  0.208780  0.365619  0.210358 -0.071814
-0.000000  0.499542  0.000000 -0.000000 -0.000000 -0.000000  0.000000  0.000000  0.000000  0.158583  0.312648 -0.052144 -0.030023 -0.228760 -0.317616 -0.012240  0.000999  0.132552 -0.182467 -0.259717 -0.073165  0.137860  0.134841 -0.338008 -0.067656  0.070159  0.000391 -0.154096 -0.003786  0.062272  0.102696  0.137336  0.154348 -0.166622  0.221964  0.041029 -0.050436 -0.154420
-0.000000  0.000000  0.000000 -0.000000  0.499542  0.000000 -0.000000  0.000000  0.000000  0.142788  0.065448 -0.092034  0.057530  0.043471  0.434893 -0.342357  0.074274  0.225363 -0.105290  0.085149 -0.081068  0.012584  0.159477 -0.136951 -0.012453 -0.045579  0.024794  0.130237  0.053158 -0.225527  0.103707 -0.034575  0.416883  0.071498 -0.087607 -0.041452  0.080007  0.008365
 0.000000  0.000000  0.000000 -0.000000  0.000000 -0.000000 -0.000000 -0.499542 -0.000000 -0.115931  0.023698 -0.313908  0.052197 -0.105788 -0.111749 -0.260658  0.278895 -0.034771  0.219239 -0.007522  0.155635  0.005644 -0.192713 -0.091169  0.122762  0.140305 -0.023995  0.421519  0.081746  0.125704  0.182651  0.085928 -0.096569 -0.158487 -0.039008  0.171751  0.071005 -0.003168
-0.000000  0.000000  0.000000  0.499542  0.000000 -0.000000 -0.000000  0.000000 -0.000000 -0.130703  0.132374 -0.097464 -0.367322 -0.026363 -0.052316 -0.228021 -0.237976 -0.148028  0.012324  0.269407  0.160652  0.217582 -0.233575 -0.069706 -0.081323 -0.163560 -0.079407 -0.098830  0.049064  0.063669 -0.012329 -0.178307  0.169022  0.045561 -0.041019  0.050519 -0.329678 -0.027327
 0.000000  0.499542 -0.000000  0.000000  0.000000  0.000000  0.000000  0.000000  0.000000 -0.093348 -0.253622 -0.178117 -0.102566  0.178352 -0.025771  0.032947  0.129928 -0.032985  0.077863  0.005749 -0.232399 -0.294017 -0.213128  0.226705  0.076165  0.073876 -0.104626 -0.081575  0.206085 -0.208805  0.042888 -0.098118  0.098641  0.352537  0.146514  0.165969 -0.049970 -0.168398
 0.499542
