1 26
-0.196116  0.081873 -0.167691  0.222725  0.005104  0.044326  0.035250  0.198045  0.519960  0.064740 -0.210760 -0.076894 -0.114751  0.007802  0.160779  0.202022 -0.298473 -0.093200  0.080416 -0.216706 -0.071479  0.179244 -0.300662  0.213183 -0.270723 -0.179739
-0.196116  0.006609  0.031366  0.410691  0.281999  0.370283  0.261767 -0.040292 -0.012289  0.128261  0.113670 -0.202214 -0.016268  0.233917 -0.174451 -0.242641  0.280672 -0.223627 -0.029018 -0.113278 -0.113346 -0.236158  0.127073 -0.035052 -0.243003  0.053458
-0.196116 -0.005521 -0.228722 -0.191402 -0.022870  0.156938  0.200628 -0.129850 -0.337938 -0.205680 -0.569793  0.055178  0.016950 -0.163766 -0.389065  0.068111 -0.080764 -0.160026  0.211711 -0.029342 -0.069624  0.126720  0.054294 -0.061382 -0.119579 -0.056816
-0.196116  0.211459 -0.204689 -0.201968 -0.281572  0.150385 -0.023919 -0.159896  0.030661  0.074369  0.052687 -0.205044  0.199252 -0.078577  0.088989 -0.375270 -0.199727  0.134609 -0.003515 -0.400807  0.226091 -0.330425  0.035204  0.000298  0.171484 -0.224881
-0.196116  0.075335  0.044913 -0.104254  0.086538  0.219057  0.082745 -0.152690  0.251110 -0.347637  0.197723 -0.195022 -0.361797 -0.197547 -0.215546  0.370175 -0.023433  0.201960 -0.142008  0.206465 -0.035498 -0.249534  0.111025  0.107422  0.204090 -0.098576
 0.196116 -0.232300 -0.201578 -0.361025  0.067665 -0.008506  0.142004  0.047587 -0.005714  0.175944  0.182936 -0.117510  0.217421 -0.045309  0.138522  0.259947 -0.087115 -0.414062  0.098322  0.015332 -0.139505 -0.242749  0.262104  0.389585 -0.085342  0.009369
 0.196116 -0.214927  0.126436 -0.113222  0.093631 -0.276992  0.321041  0.026536 -0.030123 -0.445300 -0.011065 -0.190199 -0.058190  0.422214 -0.012145 -0.147494 -0.193770  0.258585 -0.012244 -0.155643  0.135223  0.003046  0.095867  0.093967 -0.272621 -0.137119
 0.196116 -0.216134  0.015831  0.088393  0.156798  0.430422 -0.100435  0.292240 -0.181559 -0.175275  0.069577 -0.254365  0.094460  0.004831 -0.015331  0.104948 -0.213521 -0.203511 -0.188189 -0.194586  0.239029  0.286534 -0.099929 -0.102968  0.357346 -0.013748
-0.196116 -0.131485 -0.042189 -0.000381 -0.296856 -0.207312 -0.129626  0.114083  0.105992 -0.229029  0.228098  0.216498 -0.084800  0.350648 -0.293569 -0.004840  0.172719 -0.415186  0.192366 -0.118596 -0.054467 -0.054680 -0.109927 -0.022787  0.275448 -0.234302
-0.196116 -0.258363  0.292187 -0.000065  0.159235 -0.239542 -0.142841 -0.239046  0.075573  0.158192  0.195205 -0.198146  0.202189 -0.220720 -0.386519 -0.009609 -0.306100 -0.104005  0.143507  0.053684  0.235157 -0.032509 -0.250023 -0.099090 -0.177346  0.117524
-0.196116  0.140047  0.113408 -0.036979 -0.314323 -0.205017  0.076982  0.133987 -0.158535 -0.062188  0.152003 -0.326820 -0.364826 -0.164389  0.143519 -0.002069 -0.086878 -0.208238 -0.001397 -0.243250 -0.135523  0.163439  0.202106 -0.139932 -0.085149  0.447779
-0.196116  0.230611 -0.098312  0.227579  0.126698 -0.292307 -0.046934  0.001358 -0.285109 -0.065931 -0.055097 -0.360035  0.259565  0.111888 -0.036118  0.052283  0.092166  0.135387  0.056181  0.071313 -0.149183  0.067421 -0.173300  0.492245  0.311124  0.099848
 0.196116  0.157470  0.075527 -0.160177 -0.151268  0.182212 -0.267316  0.395950 -0.210019  0.150427 -0.010246 -0.297099 -0.147995  0.169113 -0.154406  0.114586  0.017281  0.174294  0.333277  0.146949 -0.071977 -0.285618 -0.238070 -0.102904 -0.231302 -0.087243
 0.196116  0.184575 -0.445684  0.050904  0.198225 -0.039429  0.362385  0.004313  0.058146 -0.104020  0.293737  0.070178 -0.062371 -0.049358  0.027248 -0.167279 -0.213163 -0.009334  0.371452  0.190352 -0.018175 -0.013315 -0.245831 -0.255196  0.163664  0.202508
-0.196116 -0.080198  0.172293  0.188272  0.036460  0.016753  0.075613  0.294396 -0.242009 -0.210069  0.285250  0.144689  0.132185 -0.464075  0.202158 -0.096270  0.032731  0.092782  0.265814  0.031549 -0.086787  0.053399  0.103186  0.059132 -0.146689 -0.425003
-0.196116 -0.153698  0.100792 -0.296896  0.372038  0.024263 -0.001264  0.101175 -0.106458  0.279187  0.074695  0.224078 -0.199051  0.095622 -0.083387 -0.092825 -0.201447  0.248406 -0.017415 -0.327094 -0.468949  0.040607 -0.072198  0.014754  0.210356  0.011979
 0.196116  0.058498  0.226390  0.238397 -0.094600 -0.147043  0.087015  0.094082  0.095047  0.146563 -0.258638 -0.134446 -0.047695 -0.039219 -0.113798 -0.244621 -0.413626 -0.181188 -0.080183  0.297512 -0.282848 -0.123180  0.261992 -0.077679  0.278319 -0.254521
 0.196116  0.063711  0.275242  0.167438  0.251327 -0.120535 -0.003833 -0.102383 -0.076521 -0.031112 -0.270980  0.124953 -0.270341 -0.130888  0.183288  0.142450  0.069686 -0.141465  0.336692 -0.348154  0.261937 -0.376375 -0.040605  0.083498  0.211652  0.048966
-0.196116 -0.178758 -0.417406  0.148120  0.274849 -0.107987 -0.577974 -0.018522 -0.100711 -0.133147 -0.050479 -0.021079 -0.188093  0.104134  0.172539 -0.078764 -0.195938 -0.011921  0.025460  0.130050  0.053428 -0.137631  0.312205 -0.108010 -0.107655  0.011713
 0.196116 -0.278652 -0.297076 -0.001022  0.027655 -0.192309  0.021781  0.186505  0.150239  0.225024 -0.056462 -0.222811 -0.302341 -0.327491 -0.288655 -0.251199  0.367638  0.130481  0.005491 -0.090534  0.157588  0.150604  0.064732  0.150037  0.073801 -0.106932
-0.196116 -0.229180  0.168040 -0.148049 -0.101944  0.260616 -0.002912  0.204978  0.123728 -0.151923 -0.164184  0.121854 -0.090199 -0.002717  0.118001 -0.435545 -0.048944 -0.041293  0.101634  0.306853  0.127697 -0.095579 -0.133549  0.384242  0.071412  0.376767
-0.196116  0.103949  0.093224 -0.362895  0.349319 -0.187006  0.017591  0.263610  0.271087 -0.148829 -0.223608 -0.241326  0.236682 -0.049363  0.191057 -0.060609  0.302785 -0.147658 -0.049386  0.068027 -0.040785 -0.064979 -0.043549 -0.378677  0.082062 -0.050850
-0.196116  0.417325  0.041010 -0.181498  0.211347 -0.086800  0.126753  0.187312 -0.174149  0.259396  0.106232  0.152332 -0.221355  0.143949 -0.076633 -0.010676 -0.105080 -0.177494 -0.136760  0.188394  0.496271  0.158792  0.116421  0.152255 -0.043046 -0.186443
-0.196116 -0.099632 -0.031869  0.165484 -0.099536 -0.026409  0.165717  0.370403  0.162083  0.149011 -0.071652  0.122794  0.273586  0.113987 -0.161842  0.284437 -0.065044  0.320956  0.210247 -0.058499  0.213358 -0.083293  0.411328 -0.127462  0.154614  0.260090
 0.196116  0.324036  0.169431 -0.119791  0.145620  0.176655 -0.294666 -0.140277  0.286862 -0.119629  0.086221 -0.036224  0.099256  0.043390 -0.155035 -0.154644  0.025314 -0.004601  0.411873 -0.104367 -0.074710  0.378845  0.367110  0.148566 -0.011780  0.047457
 0.196116  0.284095 -0.078164  0.048589  0.091432 -0.114238 -0.150401  0.324497  0.036637 -0.263896  0.034910  0.268366  0.157065 -0.226491 -0.349778 -0.088784 -0.089482 -0.057748 -0.368655 -0.208096 -0.080201 -0.272961 -0.037735  0.124232 -0.196336  0.213810
 0.196116
