1 27
-0.192450  0.158021 -0.054315 -0.062343  0.136436  0.333867 -0.236535  0.403177  0.098414 -0.138057 -0.353574 -0.026472  0.005242 -0.050765  0.006564  0.361782  0.110129 -0.296394  0.037643  0.155201  0.009607  0.051711 -0.242997  0.069979 -0.198381 -0.248137  0.038202
 0.192450  0.074767  0.310805  0.362799  0.299517 -0.052577 -0.166812  0.021700 -0.059231 -0.005676  0.111200 -0.544034  0.034029 -0.161234  0.194798  0.081432 -0.037013 -0.009181 -0.218672  0.092875 -0.187026  0.117952  0.272629 -0.111280 -0.026660 -0.169364  0.043291
-0.192450 -0.098800  0.052458  0.332409  0.083814 -0.162325 -0.347220 -0.059726 -0.233281 -0.140197 -0.120788  0.417116 -0.113030 -0.070835  0.117824 -0.073494  0.122523 -0.315006 -0.036705 -0.028823  0.287333 -0.002876  0.316838  0.102428  0.269775 -0.004166  0.007821
 0.192450  0.011001 -0.075586  0.137020 -0.094770  0.317653  0.068870 -0.261224 -0.456174  0.020456 -0.002519  0.034223 -0.046747  0.244657  0.209719 -0.112209  0.133647 -0.023008 -0.177725  0.248795  0.069243  0.409299 -0.312501  0.073146 -0.096072  0.056075  0.166145
-0.192450  0.105667  0.009307 -0.020398 -0.061695 -0.075312  0.114755 -0.126560  0.018713 -0.185746 -0.138591 -0.213032 -0.071904  0.194779  0.114068 -0.150607  0.140988 -0.240880  0.372048 -0.036366 -0.013768  0.284266  0.233587 -0.212579 -0.323341  0.186641 -0.443406
 0.192450  0.345623  0.102931  0.094403 -0.167782 -0.125684 -0.195458  0.010558  0.049493 -0.082741 -0.264604 -0.047124 -0.180606  0.462523 -0.277709  0.024387  0.273113  0.136033  0.115398 -0.035539 -0.216950 -0.105616  0.115347 -0.043163  0.131289  0.092999  0.359155
 0.192450 -0.009174 -0.277631  0.053729 -0.214436 -0.075510 -0.184699 -0.126715  0.079542 -0.467260  0.262898 -0.132118 -0.075421 -0.437250 -0.289399  0.008205  0.213048 -0.024394  0.060907  0.234010 -0.017338  0.030888 -0.038257  0.228212 -0.105433  0.136974 -0.001444
 0.192450 -0.007408 -0.217823 -0.295989  0.064339  0.096863  0.024052  0.257053  0.299698 -0.221954 -0.018331 -0.029601 -0.323242  0.016991  0.253701 -0.269811  0.061995  0.125335 -0.263861 -0.195644  0.261871  0.267160  0.237581 -0.067676  0.059883 -0.090804  0.158701
-0.192450  0.293691 -0.024195  0.089820 -0.340589  0.405434  0.151185  0.127944 -0.054920  0.021525  0.272552 -0.226132  0.060962  0.047477  0.062779 -0.187455  0.232780 -0.172743 -0.143548 -0.019545  0.080801 -0.368809  0.100546  0.024297  0.288914 -0.082519 -0.161109
 0.192450  0.031467  0.099814 -0.007505  0.483372  0.150292  0.115269  0.000413  0.058601  0.119112  0.000374  0.014644 -0.230306  0.080283 -0.260093  0.097294  0.241269 -0.021113 -0.141705 -0.117553 -0.010114  0.047395 -0.064267  0.362765  0.181929  0.278158 -0.432309
 0.192450 -0.257834 -0.216166  0.284159 -0.019944 -0.051230  0.509727 -0.062778  0.079223 -0.124029 -0.310495 -0.135583  0.191094 -0.037836 -0.152078  0.051804  0.055418 -0.373618 -0.026955 -0.286392 -0.037203  0.027073 -0.024538 -0.012627  0.148114 -0.143631  0.176527
 0.192450  0.255557  0.289957 -0.405039  0.092841  0.093376 -0.007678 -0.397300  0.114412  0.027547  0.261140  0.123487  0.161759 -0.047544 -0.001896  0.157558  0.061738 -0.428390  0.075018 -0.151861  0.133160  0.027173  0.110027 -0.004045 -0.070718 -0.068214  0.259741
-0.192450 -0.139725 -0.061947 -0.064192  0.191533  0.348379  0.033042 -0.114192  0.044419  0.188978 -0.125182 -0.180281 -0.130583 -0.167050  0.015092 -0.255720 -0.110701  0.011766  0.462029  0.184617 -0.148179  0.024859  0.223229  0.273321  0.184976  0.100760  0.339757
 0.192450 -0.163796  0.009144 -0.181991 -0.174216 -0.096224 -0.038228  0.052086  0.104868  0.320920 -0.045414  0.071037  0.143617 -0.046793 -0.091773  0.037673  0.330252  0.002384  0.115252  0.396450 -0.037419  0.299980  0.124367 -0.158953  0.353306 -0.342558 -0.227094
 0.192450 -0.006701 -0.016617  0.028798 -0.408341 -0.055302 -0.053015  0.015168  0.049666  0.454307 -0.251211 -0.129428 -0.102337 -0.054016  0.024338  0.128131 -0.126321 -0.097750 -0.155167  0.004047  0.240551 -0.058427  0.277862  0.392285 -0.341566  0.095599 -0.045441
-0.192450 -0.122259  0.457911  0.251503 -0.019606 -0.060024  0.280426  0.258069  0.212894  0.016048  0.242070  0.041873 -0.099435  0.072435 -0.292839 -0.132063  0.105892  0.006524  0.058331  0.190860  0.353632  0.161438 -0.078127  0.035288 -0.203197 -0.024508  0.223940
 0.192450  0.132776 -0.335504  0.130799  0.220184 -0.102613  0.078202  0.340808 -0.265731  0.269144  0.284311  0.141040  0.082304 -0.057449  0.108900  0.007056  0.330963  0.043741  0.338209 -0.178886 -0.003665 -0.066973  0.110129  0.006073 -0.276165 -0.057365  0.120704
-0.192450 -0.057390  0.198906 -0.238594 -0.148364 -0.283352  0.346961  0.092582 -0.189399 -0.097898  0.043212  0.062343 -0.363208 -0.113648  0.298333  0.208054  0.195901 -0.080087 -0.102146  0.050233 -0.416320 -0.012698  0.020548  0.243362  0.024448 -0.052456  0.096755
 0.192450 -0.010039  0.248251 -0.178866 -0.128655 -0.042491 -0.136979  0.239246 -0.381206  0.107312 -0.119369 -0.178618 -0.253246 -0.325400 -0.183442 -0.251081 -0.090079 -0.199684  0.141145 -0.249898  0.078469  0.025873 -0.296375 -0.238351  0.123140  0.089387 -0.013920
 0.192450  0.235533  0.098089 -0.073075  0.157378 -0.021486  0.280677  0.104537 -0.023120 -0.080903 -0.333122  0.206231  0.208833 -0.252533  0.079287 -0.210868  0.053662 -0.008638 -0.158456  0.440059  0.026940 -0.258507  0.117699 -0.193094 -0.084967  0.332164  0.030248
 0.192450  0.074317  0.276048  0.155255 -0.211687  0.030480 -0.051563  0.195653  0.226618 -0.129216 -0.029162  0.079759  0.345529 -0.080617  0.425331  0.026560  0.003324  0.127354  0.276156 -0.194181 -0.019592  0.192480 -0.179637  0.282196  0.214043  0.245023 -0.047993
 0.192450 -0.262826  0.011812  0.122617  0.043524  0.002782 -0.040459 -0.204191  0.255139  0.067738  0.002409 -0.095662 -0.360232  0.045725  0.374892  0.149917  0.200090 -0.043843  0.203236  0.133177  0.209478 -0.429494 -0.271133 -0.235615  0.002377  0.035787 -0.009998
 0.192450  0.399436 -0.168334  0.184177 -0.014225 -0.085358  0.197709  0.096560  0.057608 -0.011609  0.166691  0.136719 -0.315802  0.064803  0.010686  0.147373 -0.550405 -0.193717  0.188450  0.239753  0.020991  0.108868 -0.010035 -0.018728  0.219604 -0.082100 -0.091562
 0.192450 -0.379531  0.007977 -0.270199  0.055188 -0.061184 -0.059717  0.305585 -0.238202 -0.236635  0.159496 -0.195780  0.201407  0.432874  0.002769  0.088209 -0.166393 -0.196203  0.077600  0.213868  0.109229 -0.168398  0.144669  0.132671  0.076071  0.164474  0.016453
-0.192450 -0.037151 -0.220500  0.040566 -0.011450 -0.141773 -0.171067  0.134792  0.266686  0.307314  0.191014 -0.040028  0.043707  0.037683  0.047393 -0.020039  0.047435 -0.376279 -0.246292  0.044982 -0.226409  0.178716 -0.127490 -0.186110  0.085968  0.502440  0.183239
 0.192450 -0.297058  0.141712  0.141017 -0.192892  0.507074 -0.012057  0.109858  0.016000 -0.061286  0.108422  0.346469 -0.143468 -0.048058 -0.099519  0.173299 -0.076301 -0.009668 -0.004336 -0.094122 -0.330673  0.010663  0.291179 -0.280410 -0.153196  0.124699 -0.053700
 0.192450 -0.064058  0.068746  0.046662  0.040684 -0.063967 -0.156294  0.019070  0.196322  0.006740  0.028001  0.169728 -0.005415  0.150948  0.040707 -0.584471 -0.067059 -0.268741 -0.043132  0.042201 -0.363256 -0.160781 -0.158609  0.236579 -0.225813 -0.319246 -0.122307
 0.192450
