7 9
 0.707107  0.000000 -0.197913  0.000000 -0.068585  0.000000 -0.025022  0.665604 -0.111676 
 0.707107  0.000000  0.197913  0.000000  0.068585  0.000000  0.025022 -0.665604  0.111676 
 0.000000  0.707107  0.000000 -0.197913  0.000000  0.068585  0.025022 -0.110761 -0.665757 
 0.000000  0.707107  0.000000  0.197913  0.000000 -0.068585 -0.025022  0.110761  0.665757 
 0.000000  0.000000  0.960032  0.000000 -0.028278  0.000000 -0.010317  0.274432 -0.046045 
 0.000000  0.000000  0.000000  0.960032  0.000000  0.028278  0.010317 -0.045667 -0.274495 
 0.000000  0.000000  0.000000  0.000000  0.994883  0.000000 -0.003743  0.099570 -0.016706 
 0.000000  0.000000  0.000000  0.000000  0.000000  0.994883 -0.003743  0.016569  0.099593 
 0.000000  0.000000  0.000000  0.000000  0.000000  0.000000  0.998626  0.042648  0.030438 
 0.998626
