11 28
-0.171103  0.000014  0.000021  0.000014 -0.000031  0.000008 -0.000000 -0.000009  0.514736  0.000004 -0.000016 -0.062581  0.297194 -0.095075 -0.234356 -0.174082  0.160500  0.187967 -0.417485  0.340207 -0.046524 -0.081115  0.204151  0.117182  0.142189 -0.238535 -0.131991 -0.097186
 0.008018 -0.000278 -0.016267 -0.032885  0.057414 -0.000013  0.001478  0.000103  0.001040 -0.566845 -0.000876 -0.216303 -0.154419 -0.172465  0.049607 -0.038150  0.340224 -0.180209 -0.125326  0.167892 -0.208581  0.078125 -0.091494  0.341162 -0.038432  0.323565  0.276942  0.142550
 0.171198 -0.000012 -0.000005 -0.000023 -0.000084  0.000028 -0.000019  0.000018  0.514549 -0.000017 -0.000017  0.375535  0.034710 -0.188695  0.048611 -0.030714  0.027405 -0.125945  0.177892 -0.131130  0.016999  0.402199  0.108235 -0.285755  0.262415  0.138287  0.288945  0.180099
-0.000003 -0.000014  0.685865 -0.000018 -0.000005  0.000005  0.000006 -0.000005  0.000006  0.000018 -0.000038  0.121830  0.204451  0.149323 -0.131958  0.413327 -0.029553 -0.098502 -0.260350 -0.231662  0.041259 -0.077297  0.009411  0.172625  0.010973 -0.003097  0.298109 -0.061700
 0.000032  0.000029 -0.000289 -0.000050 -0.685197  0.000018  0.000022 -0.000043  0.000011  0.000213  0.000020 -0.268762  0.185887 -0.205620  0.010033  0.070655 -0.134256 -0.318158 -0.035247 -0.031624  0.085921 -0.211987  0.158321 -0.096333  0.063386  0.093744 -0.121111  0.375118
-0.000000  0.000000  0.000000  0.000000 -0.000000 -0.000000  0.000000 -0.514497  0.000000 -0.000000 -0.171497 -0.201678 -0.198692 -0.015822 -0.247091 -0.202523 -0.236515 -0.056985 -0.336095 -0.111593 -0.203674  0.093560 -0.138379 -0.367821 -0.210431 -0.146992  0.258833  0.035355
-0.000161  0.000069 -0.000019 -0.685360 -0.000023  0.000021  0.000088 -0.000101 -0.000011  0.000038 -0.000003  0.214030  0.164123 -0.208872 -0.288795  0.008818 -0.018308 -0.130003  0.177563 -0.120829 -0.408761 -0.049922 -0.069952  0.064337 -0.177591  0.030357 -0.221084 -0.084358
 0.685879  0.000002 -0.000026  0.000010  0.000004 -0.000002 -0.000003 -0.000032 -0.000017 -0.000007 -0.000004  0.056367 -0.117002 -0.128889  0.254117  0.121925 -0.147473 -0.176775 -0.102044  0.253265 -0.219477 -0.157553 -0.062032  0.101034  0.164838 -0.404456  0.000651 -0.106254
 0.009632 -0.000418  0.016613 -0.029957 -0.059956 -0.001060 -0.000535  0.000673 -0.000661 -0.562626  0.000884  0.149995  0.281289  0.453692  0.108097 -0.241536 -0.161140 -0.207636 -0.027144  0.024727  0.040385 -0.099430 -0.110455 -0.291909  0.152929  0.071711 -0.145304 -0.268526
-0.003535 -0.515597  0.000010 -0.165975  0.000100 -0.000023  0.000055  0.000121 -0.000073 -0.000017  0.000373  0.363792 -0.173275 -0.213033  0.138746 -0.049024  0.094772 -0.023632 -0.254749  0.147660  0.378954 -0.316873  0.001848 -0.165043 -0.294187  0.132853  0.066278 -0.033277
 0.000008  0.000021 -0.000086 -0.000044  0.000009  0.685748 -0.000030  0.000008 -0.000017 -0.000004 -0.000018 -0.166300  0.226058 -0.138302  0.355355  0.117810  0.322047  0.070328 -0.084951 -0.211066 -0.112676  0.069101 -0.038137 -0.248010 -0.140228 -0.085726 -0.054034 -0.144621
-0.000000  0.000000  0.000000 -0.000000  0.000000  0.000000 -0.000000  0.685994  0.000000 -0.000000  0.000000  0.011963 -0.300889  0.101397 -0.155635 -0.054969  0.045367 -0.143059 -0.398690 -0.201016 -0.086701  0.177883 -0.157532 -0.163482 -0.010505 -0.129336 -0.194139  0.184647
 0.000128  0.000033  0.000577 -0.000024  0.684969 -0.000028 -0.000030 -0.000081  0.000002 -0.000015  0.000091 -0.228606  0.304319 -0.190512 -0.002040  0.041327 -0.193969 -0.353945 -0.012956  0.019335  0.232394 -0.067649 -0.032864 -0.076342 -0.000362 -0.002480 -0.152250  0.309546
-0.000024  0.000028 -0.171178  0.000088 -0.000076 -0.514457 -0.000005  0.000026  0.000038 -0.000070  0.000001  0.042108  0.306436  0.191475  0.345735  0.273462  0.143515  0.079419 -0.140100  0.049493 -0.235915  0.166898  0.125799 -0.153528 -0.411369 -0.074522  0.013578  0.180357
 0.000020  0.000033 -0.000037  0.000001 -0.000018 -0.000003 -0.000012  0.000006 -0.685773  0.000001 -0.000027  0.234270  0.248766 -0.213540 -0.139308 -0.153766  0.141618  0.046223 -0.180183  0.157233 -0.022541  0.241402  0.234357 -0.125401  0.303331 -0.074679  0.118302  0.062484
-0.003639  0.515438 -0.000047 -0.166295 -0.000004 -0.000010 -0.000039  0.000063  0.000004  0.000095 -0.000252 -0.052943 -0.227675 -0.088142 -0.062797  0.371367 -0.026236 -0.108949 -0.132170  0.346956  0.219369  0.141154  0.166705 -0.271211 -0.071614  0.248646 -0.108507 -0.322282
-0.000335 -0.000068  0.000043 -0.685294  0.000054  0.000010 -0.000009 -0.000040 -0.000033 -0.000015 -0.000023 -0.279965 -0.081921  0.247892  0.250579 -0.052088 -0.021997  0.211305 -0.064218 -0.023715  0.285616  0.094497  0.054422  0.033524  0.252225 -0.173566  0.213744  0.185704
 0.000000 -0.000007 -0.170896 -0.000009 -0.000087  0.514860  0.000017  0.000018  0.000020  0.000024  0.000027  0.263736  0.005829  0.376966 -0.127107  0.115140 -0.285692 -0.015573 -0.027358  0.330827 -0.085951  0.074492  0.176259  0.176573 -0.223801  0.040755  0.085430  0.371914
-0.000108 -0.684458 -0.000062 -0.000109 -0.000220  0.000006  0.000050 -0.000046  0.000026  0.000013 -0.000471 -0.313810 -0.040911  0.093495 -0.152211  0.317104 -0.091280 -0.063720  0.092690  0.149995 -0.119866  0.345263  0.123941 -0.079916  0.167334  0.086421 -0.131823 -0.217375
-0.000280  0.000186 -0.004052 -0.000233 -0.164924 -0.000044 -0.515430 -0.000072  0.000274 -0.000016 -0.000089  0.022022  0.152864 -0.141893  0.099873 -0.160743 -0.206117 -0.134594 -0.077195 -0.011443  0.282611  0.471736 -0.174688  0.334282 -0.255244 -0.117484 -0.043058 -0.187498
-0.000000  0.000000  0.000000 -0.000000  0.000000  0.000000  0.000000  0.000000  0.000000 -0.000000 -0.685994  0.095780  0.071756 -0.120056  0.170318  0.125254 -0.223156  0.326415 -0.182914  0.005349 -0.077475  0.019091 -0.250896  0.074340  0.207314  0.314851 -0.200715  0.094392
 0.000050  0.000100  0.000042  0.000111  0.000098  0.000204 -0.684731 -0.000174 -0.000205 -0.000117 -0.000118 -0.005077  0.020776  0.089036 -0.205426  0.207781  0.256899  0.103046  0.161064  0.212587 -0.032465 -0.211647 -0.327519 -0.270721  0.132002 -0.060726  0.079866  0.189044
 0.016572 -0.000733  0.000174 -0.058937 -0.001750 -0.001079  0.000845  0.000726  0.000374  0.601779  0.000001 -0.063411  0.117566  0.261819  0.147815 -0.261773  0.169970 -0.363716 -0.143363  0.181317 -0.158707 -0.019293 -0.189711  0.048421  0.106744  0.371686  0.125120 -0.116786
 0.000000  0.000000  0.000000 -0.000000  0.000000 -0.000000 -0.000000  0.514495  0.000000 -0.000000 -0.171499 -0.217848  0.202257 -0.151969 -0.040180 -0.128428 -0.297052  0.134513  0.195976  0.156259 -0.087827 -0.143352  0.071571 -0.149575 -0.196693  0.024535  0.517611 -0.210208
-0.685950 -0.000002  0.000018  0.000005 -0.000000 -0.000012  0.000001  0.000002 -0.000000  0.000000 -0.000003  0.162218 -0.175426 -0.140084  0.329929  0.145803 -0.175136 -0.268269  0.043170  0.139681 -0.212602 -0.037374 -0.093798  0.003638  0.201079 -0.298455  0.110081 -0.039996
 0.000000 -0.000000  0.000000  0.000000 -0.000000  0.000000 -0.000000 -0.000000 -0.000000  0.000000 -0.685994  0.009955 -0.072142  0.162661 -0.098144 -0.043219  0.355910 -0.345826  0.217876 -0.016957  0.150786 -0.007452  0.267710  0.054272 -0.105533 -0.284519  0.006148 -0.050923
-0.000005  0.000007  0.685936  0.000013 -0.000002 -0.000003 -0.000018 -0.000001  0.000001  0.000001  0.000001 -0.054066 -0.135227 -0.023696  0.184698 -0.311579  0.005783  0.114634  0.216581  0.331192 -0.124590  0.145678  0.062074 -0.149983 -0.175985 -0.001272 -0.263216  0.208346
 0.000243 -0.000480  0.003914 -0.000183  0.165010 -0.000245 -0.515239  0.000303 -0.000001  0.000118  0.000242 -0.016106 -0.181075  0.023073  0.173280 -0.115602 -0.133820 -0.003223 -0.137374 -0.270330 -0.240532 -0.190401  0.609543  0.026780  0.079771  0.199715 -0.061943 -0.063184
 0.685994
