20 34
 0.000093 -0.000088 -0.000344 -0.198080 -0.002128  0.000740 -0.000014 -0.000177 -0.000112  0.000289 -0.000107 -0.000510  0.000013  0.000271  0.000143 -0.000079  0.708394  0.000171 -0.000012 -0.000092  0.387392 -0.031518  0.045098 -0.236007  0.054352  0.305718  0.230346 -0.106227  0.063537 -0.001930  0.235996  0.023506  0.111252 -0.129273
-0.000006  0.000018 -0.000035 -0.000001 -0.000047  0.000016 -0.000010  0.000020  0.000015  0.707460  0.000033 -0.000019  0.000098 -0.204114  0.000021 -0.000007  0.000001 -0.000011  0.000020  0.000049  0.038519 -0.332602  0.207879  0.158675  0.236510  0.072340 -0.021084  0.211871  0.141901  0.202645  0.103526  0.152123 -0.063888  0.267756
-0.000000  0.000000  0.000000  0.000000  0.912006  0.000000  0.000000  0.000000  0.000000 -0.000000  0.000000  0.000000 -0.000000  0.000000 -0.000000 -0.000000 -0.000000 -0.000000 -0.000000 -0.000000  0.040073 -0.020821  0.074893  0.101423 -0.206382  0.125787 -0.152265 -0.183940 -0.020614  0.132316 -0.014128 -0.020763  0.096817  0.083300
 0.000069  0.000172  0.704968  0.000367  0.000022 -0.000052 -0.177360  0.000197 -0.000979 -0.000036  0.000132  0.000014  0.000093 -0.000030  0.000094  0.000077  0.000279 -0.024132  0.001224 -0.000132 -0.271869  0.248112  0.068302  0.144046  0.001479  0.215847  0.216617  0.060589  0.320315  0.187605  0.058077 -0.254964 -0.027426 -0.077314
-0.000014  0.000045  0.000155 -0.198557 -0.002110  0.000966 -0.000163 -0.000271  0.000036  0.000275  0.000031 -0.000365  0.002085  0.000282  0.000144 -0.000079 -0.705814  0.000083  0.000207 -0.000141  0.388448 -0.031097  0.045649 -0.237584  0.054458  0.307303  0.231127 -0.106203  0.063987 -0.001944  0.236292  0.024641  0.112096 -0.129609
-0.000009  0.000004  0.000134 -0.000033  0.000734 -0.202674 -0.000299  0.000003 -0.000002 -0.000054 -0.707158 -0.000121 -0.000016 -0.000036 -0.000059 -0.000041 -0.000096  0.000057  0.000097  0.000084  0.260041  0.343872  0.198375  0.015472  0.135789 -0.061262  0.034363  0.059727 -0.269066  0.254491 -0.144629 -0.077011 -0.188296  0.083562
 0.000133 -0.707150  0.000069 -0.000050  0.000024 -0.000034  0.000071  0.000002 -0.000040 -0.000006  0.000017  0.000057 -0.000066 -0.000010 -0.000048  0.000045 -0.000098  0.204029 -0.000030  0.000026 -0.109475  0.101531 -0.134748 -0.262193  0.084503 -0.110967 -0.030384 -0.338000  0.153761  0.120610  0.179029  0.077343 -0.247767  0.277277
-0.000001  0.000009  0.000019 -0.000023 -0.000015 -0.000093 -0.000071 -0.707068 -0.000057  0.000117  0.000016  0.000019  0.000071  0.204267 -0.000032 -0.000003  0.000021 -0.000002  0.000001  0.000007  0.249135 -0.051229 -0.034155 -0.022335 -0.227757 -0.083656  0.163245  0.134023  0.270405 -0.141421 -0.216009 -0.154343 -0.044988  0.350522
-0.000040  0.000012  0.000013 -0.000001 -0.000624  0.910997  0.000004  0.000024 -0.000031 -0.000038 -0.000011 -0.000014  0.000022  0.000013 -0.000004  0.000005  0.000057  0.000010 -0.000010 -0.000037  0.197143  0.219855  0.012775  0.119123  0.148716 -0.149607 -0.034035 -0.007348 -0.017712  0.117273  0.001446 -0.037137  0.077833  0.036220
-0.000072 -0.000324 -0.000161  0.000187  0.000033  0.000031 -0.166241 -0.000086 -0.707563  0.000102  0.000257  0.000099 -0.000070 -0.022119 -0.000263 -0.000453 -0.000068  0.012884  0.000168 -0.000210  0.027903 -0.052630 -0.435739  0.084297  0.242543  0.307030  0.008305 -0.065977 -0.113082  0.027538 -0.291101 -0.007343  0.023339  0.118904
-0.000000 -0.000000  0.000000  0.000000 -0.204907  0.000000 -0.000000  0.000000  0.000000  0.000000  0.000000 -0.000000 -0.000000 -0.000000  0.707097 -0.000000  0.000000 -0.000000  0.000000 -0.000000  0.036464  0.109342  0.015445  0.050583 -0.248411  0.282185 -0.394940  0.015211 -0.097457  0.027584  0.204104 -0.136623  0.115941  0.245710
 0.707094  0.000096  0.000064 -0.000060 -0.000009  0.000022 -0.000006 -0.000008 -0.000070  0.000046  0.000022 -0.000009 -0.000009 -0.000028  0.000091 -0.000003 -0.000152  0.204149 -0.000046 -0.000009  0.104408 -0.160256 -0.042196 -0.231831  0.043349 -0.042739 -0.316339  0.123689  0.184982  0.225842 -0.156965 -0.256858 -0.036282 -0.264581
 0.000015 -0.000067 -0.000160 -0.000188  0.000704 -0.202849 -0.000073  0.000034  0.000043 -0.000017  0.707054 -0.000034  0.000080 -0.000015 -0.000060 -0.000041  0.000040 -0.000008 -0.000006  0.000495  0.260296  0.343387  0.198474  0.016147  0.135916 -0.061944  0.034676  0.059201 -0.269467  0.254362 -0.143816 -0.078389 -0.188364  0.083467
-0.000045 -0.000444  0.000461  0.000279  0.000044  0.000092 -0.167019 -0.000035  0.706649  0.000181  0.000213 -0.000192 -0.000123 -0.022068 -0.000263 -0.000454  0.000082  0.012877  0.000232 -0.000223  0.027465 -0.052018 -0.436031  0.084290  0.242804  0.307923  0.008623 -0.065803 -0.112397  0.027837 -0.291666 -0.007548  0.023599  0.118934
-0.000006  0.000513  0.000116 -0.154756 -0.006449 -0.038785  0.000118  0.000531  0.000285 -0.000104 -0.000783  0.000647 -0.705868 -0.000108 -0.000382 -0.000270 -0.001847  0.000005  0.000321 -0.000040  0.139295 -0.145509 -0.054307  0.361493  0.080477 -0.094289 -0.048366 -0.202267 -0.018429 -0.161942  0.178805 -0.314270 -0.280309 -0.086909
 0.000063  0.000168 -0.000046 -0.000007  0.000149 -0.000183 -0.910042 -0.000042 -0.000180 -0.000044 -0.000019 -0.000006 -0.000303  0.000020  0.000051  0.000107  0.000090 -0.000210  0.000053  0.000023  0.039247 -0.098934  0.224882 -0.140676  0.010887 -0.189617 -0.078474 -0.063449 -0.105775 -0.141330  0.040108 -0.018346  0.092978  0.046089
 0.000023 -0.000009  0.000011  0.000013  0.000000 -0.000072  0.000063  0.707145 -0.000109 -0.000017 -0.000014  0.000013 -0.000006  0.204212 -0.000031 -0.000003 -0.000071  0.000001  0.000045  0.000022  0.249188 -0.051142 -0.033830 -0.023174 -0.227468 -0.083277  0.163190  0.134090  0.270393 -0.141533 -0.216377 -0.153745 -0.044283  0.350717
 0.000060  0.000471 -0.000048 -0.000534  0.000517 -0.000693  0.163710 -0.000253 -0.000014  0.000007 -0.000109  0.000019 -0.000311 -0.022398 -0.000023 -0.000083 -0.000007 -0.013342  0.000755 -0.708338 -0.154560 -0.059766  0.255299 -0.149639  0.278536  0.018948  0.022741 -0.177617 -0.063136 -0.162825 -0.123292 -0.331394  0.250859  0.165186
-0.000100  0.000013  0.000036 -0.000055  0.001077 -0.202368  0.000065 -0.000077 -0.000218  0.000019  0.000023 -0.707035 -0.000287 -0.000011  0.000171  0.000023 -0.000082  0.000061  0.000027  0.000200  0.158175  0.210321 -0.118372  0.184878  0.200931 -0.217010 -0.146461 -0.045332  0.273716 -0.017671  0.072462  0.097973  0.375029  0.000349
 0.000041  0.000121 -0.000053  0.910153  0.000343 -0.000039  0.000169  0.000005 -0.000035  0.000026 -0.000007 -0.000119  0.000011  0.000100  0.000015 -0.000267  0.000039  0.000118 -0.000178  0.000046  0.215625 -0.007464  0.075146  0.022102  0.082625  0.168692  0.005406 -0.128472  0.090553 -0.156849  0.089415 -0.021900 -0.119057 -0.108015
-0.000089  0.000070 -0.000161 -0.150530  0.010415  0.038638 -0.000535 -0.000211 -0.000190  0.000357  0.000569 -0.000010 -0.000046  0.000242  0.000247 -0.000427  0.000482  0.000136  0.706733 -0.000216 -0.000705  0.167906  0.220691  0.009622  0.094149  0.203505 -0.237620 -0.040794  0.209188 -0.305002 -0.222848  0.225223 -0.221402 -0.068409
-0.000016 -0.707062  0.000067 -0.000028 -0.000028  0.000004  0.000014 -0.000019 -0.000079 -0.000023 -0.000089  0.000007 -0.000053  0.000004  0.000048 -0.000045 -0.000036 -0.204068 -0.000052 -0.000226  0.109429 -0.101683  0.135574  0.262484 -0.084292  0.110618  0.030239  0.337665 -0.153511 -0.121113 -0.178663 -0.078102  0.247651 -0.277432
-0.000116  0.000076  0.000033  0.000068  0.001087 -0.202280  0.000036 -0.000072  0.000072  0.000018 -0.000062  0.707178 -0.000151  0.000002  0.000172  0.000022  0.000066  0.000060 -0.000132  0.000220  0.158510  0.210547 -0.118132  0.183998  0.200950 -0.216320 -0.146149 -0.045112  0.273745 -0.017423  0.072339  0.098550  0.375446  0.000295
 0.000001 -0.000001  0.000007  0.000026 -0.000007 -0.000000  0.000008  0.000004  0.000000  0.000009  0.000005  0.000001 -0.000001 -0.000017  0.000008  0.000004  0.000010 -0.911876 -0.000001  0.000010  0.017542 -0.038964 -0.102766 -0.222047  0.055816 -0.071797 -0.166966 -0.095688  0.133528  0.150913  0.002164 -0.057276 -0.132402  0.008166
-0.000084  0.000154  0.000661 -0.150818  0.010398  0.038545 -0.000491 -0.000167 -0.000127  0.000333  0.000463 -0.000168  0.000058  0.000116  0.000247 -0.000427  0.000263  0.000018 -0.707476  0.000909 -0.001676  0.167881  0.221334  0.009734  0.095296  0.203987 -0.236699 -0.041514  0.209305 -0.304975 -0.222884  0.222853 -0.220599 -0.067823
 0.000032  0.000047 -0.000009 -0.000219 -0.000036  0.000028 -0.000019 -0.000114  0.000093 -0.706753  0.000071 -0.000021  0.000062 -0.204271  0.000021 -0.000008  0.000016  0.000007  0.000044 -0.000064  0.038904 -0.332843  0.208089  0.158547  0.236884  0.072983 -0.021176  0.212029  0.142333  0.202588  0.103416  0.152678 -0.063997  0.267938
-0.000085 -0.000272 -0.000142  0.000473 -0.000509  0.000388 -0.164191  0.000269  0.000002  0.000106  0.000521  0.000000  0.000571  0.022474  0.000023  0.000083  0.000056  0.013444 -0.001886 -0.705872  0.155304  0.060554 -0.255697  0.150281 -0.279323 -0.019367 -0.023235  0.178106  0.063586  0.163227  0.123623  0.332720 -0.252102 -0.165707
 0.000000 -0.000000 -0.000000  0.000000  0.204888 -0.000000  0.000000  0.000000 -0.000000 -0.000000 -0.000000  0.000000 -0.000000  0.000000  0.707116  0.000000  0.000000  0.000000  0.000000  0.000000 -0.036449 -0.109673 -0.015951 -0.050150  0.248487 -0.282286  0.395077 -0.015472  0.096905 -0.027588 -0.204112  0.136149 -0.116330 -0.245443
-0.707119 -0.000021  0.000080  0.000003 -0.000012  0.000019 -0.000056  0.000016 -0.000044  0.000008  0.000046 -0.000025  0.000022 -0.000066  0.000091 -0.000003 -0.000045  0.204174 -0.000050  0.000016  0.104317 -0.160331 -0.042073 -0.231990  0.043298 -0.042725 -0.316164  0.123603  0.184952  0.225901 -0.156826 -0.257039 -0.036355 -0.264494
-0.000053 -0.000036  0.709239 -0.000195 -0.000028  0.000031  0.176283 -0.000188  0.000354  0.000062  0.000160 -0.000010 -0.000080  0.000027 -0.000093 -0.000076  0.000221  0.023949 -0.000397 -0.000058  0.270281 -0.246675 -0.067804 -0.143341 -0.001683 -0.214674 -0.215008 -0.060132 -0.318534 -0.186240 -0.057377  0.253477  0.027449  0.076867
 0.000025  0.000392  0.000104 -0.153641 -0.006419 -0.038789 -0.000070  0.000607  0.000337 -0.000140 -0.000877  0.000510  0.708339 -0.000096 -0.000381 -0.000269  0.000224 -0.000004  0.000424  0.000219  0.137584 -0.144930 -0.054113  0.360752  0.080531 -0.095034 -0.049033 -0.201627 -0.018656 -0.161734  0.177316 -0.313554 -0.279030 -0.086034
 0.000028 -0.000009  0.000005  0.000016 -0.000008  0.000027  0.000002  0.000011  0.000001 -0.000018 -0.000003  0.000028  0.000014 -0.911702 -0.000009  0.000028 -0.000021  0.000031  0.000019  0.000023  0.100800  0.131661 -0.099709 -0.078147 -0.233448 -0.085490  0.081129 -0.022993  0.066174 -0.147622 -0.122969 -0.120365 -0.004819  0.023133
 0.000000  0.000000 -0.000000  0.000000  0.204892 -0.000000 -0.000000  0.000000 -0.000000  0.000000 -0.000000 -0.000000  0.000000 -0.000000  0.000000 -0.707111 -0.000000 -0.000000 -0.000000 -0.000000 -0.045675  0.140553 -0.164030 -0.167544  0.206737 -0.007265 -0.042576  0.420218 -0.062251 -0.256248  0.255529 -0.110568 -0.097270  0.059039
-0.000000 -0.000000 -0.000000 -0.000000 -0.204903 -0.000000  0.000000  0.000000 -0.000000  0.000000  0.000000 -0.000000 -0.000000 -0.000000  0.000000 -0.707102 -0.000000  0.000000 -0.000000 -0.000000  0.045319 -0.140516  0.164260  0.167212 -0.207337  0.006552  0.042851 -0.419879  0.062242  0.256800 -0.255024  0.110591  0.097707 -0.059003
 0.912006
