14 41
-0.086930  0.000000  0.000000  0.000000 -0.000000  0.000000  0.000000  0.000000 -0.000000  0.000000  0.000000 -0.546918 -0.000000 -0.000000 -0.251454  0.110509  0.000247 -0.165166  0.279086  0.093696  0.020000  0.106365 -0.025978  0.267941 -0.237813 -0.118184  0.014096 -0.103605  0.015011  0.073683  0.087292  0.055199  0.197288  0.006558  0.131057  0.089287 -0.200908  0.406393 -0.218584 -0.010626 -0.066731
 0.086930 -0.000000  0.000000 -0.000000  0.000000 -0.000000 -0.000000  0.000000  0.546918 -0.000000 -0.000000  0.000000 -0.000000  0.000000  0.041155  0.127213 -0.131726 -0.005271 -0.111588  0.029144 -0.256658 -0.149152  0.102587 -0.124512 -0.127339 -0.221799 -0.251232  0.134665 -0.114002  0.366109  0.012369 -0.107130  0.235874  0.125470 -0.080571  0.187852 -0.041766 -0.193123 -0.177269 -0.191314 -0.071208
 0.086930  0.000000  0.000000 -0.000000 -0.000000 -0.000000 -0.000000 -0.000000 -0.000000  0.000000  0.000000 -0.000000  0.546918 -0.000000 -0.002118  0.014402  0.092127 -0.356575  0.097926  0.000024 -0.225945  0.163671 -0.027261 -0.086593  0.062545  0.034126  0.001125 -0.087184  0.053495  0.273023  0.126835 -0.048067 -0.028457 -0.156407  0.144087 -0.422517 -0.190188 -0.220471  0.092347  0.146271 -0.118628
-0.086930  0.000000 -0.000000  0.000000  0.000000 -0.000000 -0.000000 -0.000000  0.546918 -0.000000  0.000000  0.000000  0.000000  0.000000 -0.021513 -0.098335  0.040459  0.038637  0.051472  0.051488 -0.065232 -0.191659 -0.219259  0.340104  0.170785  0.281589  0.097990 -0.115421  0.279841  0.157104 -0.018673  0.233427 -0.219331  0.005311 -0.006008  0.026163  0.196164  0.069557 -0.007915  0.295646  0.034233
-0.000000 -0.000000 -0.000000  0.000000  0.000000  0.000000 -0.000000  0.000000  0.000000 -0.000000 -0.633847  0.000000 -0.000000 -0.000000  0.070578 -0.154915  0.183510 -0.050531  0.102358 -0.069801 -0.013480 -0.027202 -0.286318 -0.036367 -0.184401  0.204860 -0.226573 -0.050735  0.162809 -0.128978 -0.015911  0.060867  0.069630  0.180022  0.046652  0.206057 -0.279383 -0.157327  0.202657 -0.163309 -0.063548
-0.086930  0.000000  0.000000 -0.000000 -0.000000 -0.000000  0.546918  0.000000  0.000000  0.000000 -0.000000  0.000000 -0.000000  0.000000  0.008934  0.180107  0.180764  0.205881 -0.030566 -0.125879 -0.158124 -0.036349 -0.016973  0.072161 -0.043349 -0.193165  0.132932 -0.204603  0.148119  0.069645 -0.123319 -0.159594 -0.377588  0.092215 -0.237495 -0.146693 -0.271301  0.064866 -0.054698 -0.236183  0.073252
 0.086930  0.000000  0.000000 -0.000000 -0.000000 -0.000000  0.000000 -0.546918  0.000000 -0.000000  0.000000 -0.000000 -0.000000 -0.000000  0.052362  0.350092  0.083466  0.280325  0.059059  0.134540  0.122164 -0.043227  0.066578 -0.173243  0.088307  0.372031 -0.092225 -0.006123  0.095696  0.152672 -0.035724 -0.141039  0.058100 -0.013753  0.159033 -0.086653  0.042799  0.225351  0.071843 -0.118034 -0.305263
 0.633847 -0.000000  0.000000  0.000000 -0.000000  0.000000 -0.000000  0.000000  0.000000  0.000000  0.000000  0.000000 -0.000000 -0.000000 -0.063326  0.005387 -0.121111 -0.160174 -0.217761  0.096372  0.031571  0.196061 -0.057782 -0.054375 -0.141751 -0.183261  0.106794  0.015234  0.248939  0.076112 -0.017928  0.285157 -0.213976  0.193403  0.050622  0.033760  0.176195  0.198532  0.195794 -0.196073 -0.050876
-0.000000  0.000000  0.000000  0.000000  0.000000  0.000000  0.000000  0.633847 -0.000000 -0.000000 -0.000000 -0.000000 -0.000000  0.000000  0.007491  0.266266 -0.124753  0.131810 -0.237094 -0.118801  0.233925 -0.042999 -0.298681 -0.194300 -0.094450  0.175396 -0.136136 -0.053493  0.038899  0.148282 -0.148759 -0.116429  0.011723 -0.119539  0.206467 -0.111975 -0.036700  0.168629 -0.084663  0.073243 -0.091177
 0.000000  0.000000  0.000000 -0.000000  0.000000 -0.000000  0.000000 -0.000000  0.000000 -0.000000  0.000000 -0.633847 -0.000000 -0.000000  0.162031  0.065656  0.196168 -0.150173 -0.096090  0.033060 -0.083268 -0.189039 -0.071550 -0.220160  0.094089 -0.006560 -0.022787  0.368568  0.212025 -0.228743 -0.162377 -0.105416 -0.128770 -0.054663 -0.052889 -0.096634  0.237295 -0.159397 -0.067217 -0.019766  0.041331
 0.086930 -0.000000  0.000000 -0.000000  0.546918 -0.000000  0.000000  0.000000  0.000000  0.000000  0.000000 -0.000000 -0.000000  0.000000 -0.044806 -0.047321  0.242707  0.126340 -0.000499 -0.384628 -0.050754  0.112633  0.204612  0.054183 -0.240491  0.089392  0.176884  0.122706  0.104934  0.133987  0.073110 -0.214659 -0.001773  0.084532  0.340455  0.138528  0.144919 -0.070071 -0.042547  0.112393  0.176197
 0.086930 -0.000000 -0.000000  0.000000  0.000000  0.000000  0.000000  0.000000  0.000000 -0.546918  0.000000  0.000000  0.000000  0.000000  0.193556  0.282028  0.070318  0.016129  0.196650  0.128225  0.017555 -0.155511  0.002139 -0.152504 -0.124118 -0.106649 -0.076979 -0.263016 -0.136087 -0.114817  0.045857  0.113130  0.003222  0.367253  0.110135 -0.117369  0.084524 -0.054692 -0.012971  0.278753  0.266392
 0.086930 -0.000000  0.000000 -0.000000 -0.000000 -0.000000  0.000000  0.546918  0.000000 -0.000000  0.000000  0.000000 -0.000000 -0.000000  0.043681  0.041505  0.228048  0.127564  0.333838  0.272224 -0.148942  0.006606  0.412732  0.051939  0.197770  0.168756  0.065549  0.055873  0.050614 -0.019178  0.136679 -0.006105  0.044514  0.124786 -0.080251  0.043119  0.085332  0.029919  0.169963 -0.202919 -0.199594
-0.000000 -0.000000 -0.000000 -0.000000 -0.000000  0.633847 -0.000000 -0.000000 -0.000000  0.000000  0.000000  0.000000 -0.000000  0.000000 -0.066378 -0.032367 -0.053373  0.098585 -0.005885  0.092132  0.152912 -0.225678 -0.031323 -0.040880 -0.030567 -0.154954  0.282093  0.316669  0.061415  0.079821  0.047813 -0.073869  0.050539  0.174208 -0.037791 -0.020125 -0.298323  0.005456  0.222891  0.284578 -0.132720
-0.086930 -0.000000 -0.546918 -0.000000  0.000000  0.000000  0.000000  0.000000 -0.000000  0.000000  0.000000 -0.000000 -0.000000  0.000000  0.006192  0.234446  0.124841 -0.092483 -0.057213 -0.180811  0.157569  0.101571  0.024163  0.136409 -0.070003 -0.067181  0.042488 -0.014860 -0.157059 -0.082838  0.016130  0.170040 -0.179274  0.120117 -0.050382  0.104005  0.101315 -0.252604 -0.121886  0.101120 -0.540980
 0.000000  0.000000 -0.633847  0.000000 -0.000000  0.000000 -0.000000 -0.000000 -0.000000  0.000000  0.000000  0.000000  0.000000 -0.000000  0.279111 -0.107382  0.000013  0.095347 -0.050264  0.224483  0.066092 -0.146570 -0.086165  0.038611 -0.148432 -0.057405  0.078597 -0.037609  0.146013  0.079190  0.354027 -0.085797  0.113972 -0.273981  0.056335 -0.076847  0.012162  0.058773  0.068847 -0.192112  0.276473
 0.086930 -0.000000 -0.546918 -0.000000  0.000000  0.000000  0.000000  0.000000  0.000000 -0.000000  0.000000 -0.000000  0.000000  0.000000 -0.329666 -0.109996 -0.124856 -0.018019  0.115467 -0.079352 -0.234166  0.068295  0.075697 -0.181158  0.242027  0.133710 -0.133578  0.058446 -0.012162 -0.008939 -0.426428 -0.070605  0.047186  0.197412 -0.014907 -0.014944 -0.115410  0.184488  0.042096  0.121527  0.220563
 0.000000 -0.000000  0.000000  0.000000 -0.000000  0.000000  0.000000  0.000000  0.000000 -0.000000 -0.000000 -0.000000 -0.000000 -0.633847 -0.046718 -0.040631 -0.262216  0.079484  0.278316  0.108648  0.218965  0.023975  0.148028 -0.026395  0.010577 -0.179688 -0.143118 -0.088230  0.323181 -0.003126 -0.123134 -0.101862 -0.189466 -0.123178  0.170111  0.110093 -0.021877 -0.263590 -0.069788  0.024743 -0.026573
 0.086930  0.000000 -0.000000 -0.000000  0.000000  0.546918 -0.000000 -0.000000  0.000000 -0.000000  0.000000 -0.000000 -0.000000  0.000000 -0.109486 -0.128842  0.096948  0.176433  0.137831 -0.239069 -0.254664 -0.018623 -0.158992 -0.098453  0.077331 -0.179115 -0.184893 -0.316593  0.003114 -0.155813  0.053122  0.059374  0.120063 -0.191871  0.070599 -0.085654  0.354637  0.051140 -0.103508 -0.149182 -0.140965
-0.086930  0.000000 -0.000000  0.000000 -0.000000 -0.000000  0.000000 -0.000000  0.000000  0.000000  0.000000  0.000000  0.000000 -0.546918 -0.236064 -0.104451  0.174605  0.058183 -0.351587  0.131170 -0.135583 -0.058857 -0.009066  0.205431 -0.209269  0.125528 -0.186600  0.120923 -0.230542 -0.080338  0.118930 -0.014295  0.008827  0.214680 -0.003407 -0.360921  0.096569  0.098611  0.086815 -0.040059 -0.016993
-0.000000 -0.000000 -0.000000 -0.000000 -0.000000  0.000000 -0.000000 -0.000000  0.633847  0.000000  0.000000  0.000000 -0.000000 -0.000000 -0.016948 -0.024917  0.078750 -0.028790  0.051871 -0.069574  0.277744  0.294070  0.100671 -0.186024 -0.037487 -0.051590  0.132226 -0.016605 -0.143095 -0.451456  0.005440 -0.108976 -0.014274 -0.112845  0.074705 -0.184663 -0.133223  0.106619  0.159787 -0.090024  0.031904
 0.000000 -0.633847 -0.000000  0.000000 -0.000000  0.000000  0.000000  0.000000 -0.000000  0.000000 -0.000000 -0.000000  0.000000  0.000000 -0.041682 -0.011401 -0.004776  0.174385 -0.108276  0.143750 -0.161501  0.246982  0.079372 -0.219100 -0.267854  0.129274  0.024759 -0.061055  0.234217 -0.107343  0.077381  0.071852  0.090721 -0.090645 -0.308086  0.035864 -0.039283 -0.029627 -0.166320  0.277014 -0.048611
 0.086930  0.000000 -0.000000  0.546918  0.000000  0.000000  0.000000  0.000000 -0.000000 -0.000000 -0.000000 -0.000000  0.000000 -0.000000 -0.077895  0.220723  0.095891  0.028522  0.003516  0.109147 -0.085366  0.225689 -0.228005  0.129497  0.126508 -0.136647 -0.236802  0.064496 -0.090715 -0.029109  0.178732 -0.330444 -0.142101 -0.115536 -0.092624  0.279669  0.065496  0.041312  0.257471  0.215815  0.072800
-0.086930 -0.000000 -0.000000  0.000000 -0.000000  0.000000 -0.000000 -0.000000  0.000000  0.000000  0.000000 -0.000000  0.000000  0.546918 -0.290207 -0.151541 -0.129289  0.150300 -0.029034  0.257088  0.118185 -0.031072  0.162490  0.174841 -0.197011 -0.082720 -0.352466  0.018669  0.144007 -0.083960 -0.023775 -0.132347 -0.210754  0.071923  0.193743 -0.233329  0.071215 -0.206875  0.005934 -0.011383 -0.047790
 0.086930 -0.000000 -0.000000  0.000000  0.000000  0.000000  0.000000 -0.000000 -0.000000  0.000000 -0.546918 -0.000000  0.000000  0.000000  0.235033 -0.013956 -0.090048  0.237168  0.140708 -0.062607  0.023767  0.179015  0.135161  0.106444  0.066776 -0.177571 -0.095604  0.336856 -0.186336  0.161334 -0.024142  0.159082 -0.149410 -0.148637 -0.068871 -0.268748  0.082614  0.207062 -0.207584  0.162216  0.043262
-0.633847  0.000000  0.000000 -0.000000 -0.000000  0.000000 -0.000000 -0.000000  0.000000  0.000000  0.000000 -0.000000  0.000000 -0.000000  0.086646  0.030402 -0.008754 -0.007666 -0.090389 -0.028400 -0.022204  0.321280  0.016146 -0.224432  0.105442 -0.242993 -0.071038  0.045627  0.247246  0.196937  0.052413  0.190964  0.069028  0.233515  0.115444  0.002158  0.191805  0.136830  0.280408 -0.052812  0.019312
 0.086930  0.000000  0.000000 -0.000000 -0.000000  0.000000  0.546918 -0.000000  0.000000  0.000000  0.000000  0.000000  0.000000  0.000000  0.157669 -0.299523  0.002939 -0.025299 -0.164886  0.250873  0.038939  0.175011 -0.096941 -0.042514  0.301708  0.021054 -0.002842  0.022811 -0.059107 -0.090714  0.122411 -0.085384  0.149116  0.191731  0.329247  0.119058 -0.008424  0.007545 -0.319137  0.133059 -0.131812
-0.086930  0.000000  0.000000 -0.000000  0.000000  0.000000 -0.000000 -0.000000  0.000000 -0.000000 -0.546918  0.000000 -0.000000  0.000000 -0.316829  0.193494 -0.122631 -0.178604 -0.259335  0.143503 -0.008144 -0.147489  0.196666 -0.064297  0.146935 -0.059851  0.358190 -0.278057 -0.002350 -0.011856  0.042582 -0.229624  0.068712 -0.059998  0.014804  0.029939  0.241176 -0.024728 -0.027284  0.027050  0.030387
-0.000000  0.000000 -0.000000 -0.000000  0.633847 -0.000000 -0.000000  0.000000 -0.000000 -0.000000  0.000000  0.000000  0.000000 -0.000000 -0.146434 -0.101362  0.255047 -0.094744 -0.022691  0.247497  0.333069 -0.092269 -0.056204 -0.176539  0.186927 -0.116732 -0.197921 -0.118312 -0.079870  0.150882 -0.048110  0.182851 -0.001345 -0.096486 -0.302016 -0.027645 -0.065880  0.034485 -0.051629 -0.028572 -0.004387
-0.086930  0.000000 -0.000000  0.000000 -0.000000 -0.000000 -0.000000 -0.000000  0.000000  0.000000  0.000000  0.000000  0.546918  0.000000 -0.056572 -0.153710 -0.230670  0.031537  0.188565 -0.086245  0.194187 -0.068478 -0.127105 -0.169168 -0.100937  0.140633  0.032089  0.077618 -0.082656 -0.027897  0.226829 -0.202114 -0.201137  0.281340 -0.266021  0.137599  0.244220  0.171475 -0.162696 -0.141823  0.015994
-0.086930  0.000000  0.000000  0.000000  0.000000  0.546918  0.000000  0.000000  0.000000 -0.000000 -0.000000  0.000000  0.000000 -0.000000  0.186414  0.166354 -0.035092 -0.290688 -0.131010  0.132293  0.077447  0.280170  0.195293  0.145830 -0.041906  0.358698 -0.142037 -0.050410 -0.074291  0.063304 -0.108535  0.026236 -0.178635 -0.010026 -0.026801  0.108978 -0.008897 -0.057463 -0.154811 -0.180628  0.294780
-0.086930 -0.000000  0.000000  0.546918  0.000000 -0.000000  0.000000 -0.000000  0.000000  0.000000  0.000000  0.000000  0.000000 -0.000000 -0.200336  0.034366 -0.064158  0.079361 -0.030186 -0.043727 -0.094823 -0.190249  0.106982 -0.264157  0.045139  0.118170  0.097704  0.112428 -0.043019 -0.061925  0.219806  0.438396 -0.198876 -0.056661  0.253853  0.004802 -0.209937 -0.051797 -0.201824 -0.168109  0.070749
-0.000000 -0.000000 -0.000000  0.633847 -0.000000 -0.000000  0.000000  0.000000 -0.000000 -0.000000 -0.000000 -0.000000  0.000000  0.000000  0.240073 -0.220105 -0.027381 -0.093088  0.023012 -0.056448  0.155477 -0.030579  0.104425  0.116193 -0.148106  0.015943  0.120021 -0.152660  0.115393  0.078549 -0.343880 -0.093147  0.294213  0.148581 -0.139117 -0.245457  0.124631  0.009047 -0.048016 -0.041164 -0.123862
-0.000000  0.000000  0.000000  0.000000  0.000000 -0.000000  0.633847 -0.000000  0.000000  0.000000 -0.000000  0.000000  0.000000  0.000000 -0.143754  0.103039 -0.158509 -0.155817  0.168647 -0.107851  0.102839 -0.119645  0.098291 -0.025581 -0.222926  0.148506 -0.112249  0.156860 -0.076804  0.018179  0.000783  0.211380  0.197138 -0.245004 -0.079169  0.023845  0.241361 -0.062480  0.322566  0.088980  0.050528
-0.086930  0.000000 -0.000000  0.000000 -0.000000  0.000000 -0.000000  0.000000 -0.000000  0.000000  0.000000  0.546918  0.000000 -0.000000 -0.063669  0.186600  0.227595 -0.339208  0.167723  0.132011 -0.076504 -0.112721 -0.108900  0.012788 -0.128769 -0.125788 -0.012313  0.323545  0.260736 -0.191417 -0.100894 -0.066972  0.048051 -0.056792  0.069762 -0.022707  0.074104  0.221661 -0.296485 -0.033534 -0.018831
 0.000000  0.000000  0.000000  0.000000  0.000000  0.000000 -0.000000  0.000000  0.000000  0.633847 -0.000000 -0.000000 -0.000000 -0.000000 -0.006999  0.153307  0.077527  0.151810  0.235729  0.290247 -0.028135  0.086050 -0.256346 -0.107162 -0.162516 -0.037089  0.204665 -0.061130 -0.240857  0.045744 -0.175119  0.091300  0.019543  0.158659  0.111863 -0.064379  0.150761 -0.222072 -0.018836  0.019541  0.181416
 0.086930  0.546918  0.000000 -0.000000  0.000000  0.000000  0.000000 -0.000000 -0.000000 -0.000000  0.000000 -0.000000 -0.000000  0.000000 -0.168263  0.195571 -0.052095  0.183908 -0.051758 -0.045581  0.059178  0.267816 -0.058830  0.029810  0.057191  0.102143  0.005687  0.060358  0.326016 -0.114741  0.204979  0.091045  0.306185  0.087510 -0.299284 -0.143906 -0.040443 -0.213088 -0.203202  0.061565  0.122254
 0.086930  0.000000  0.000000 -0.000000 -0.000000  0.000000 -0.000000  0.000000 -0.000000  0.546918  0.000000  0.000000  0.000000  0.000000  0.201668  0.104354 -0.019532 -0.159811 -0.076546 -0.208155  0.050162 -0.255238  0.299230 -0.028309  0.064230 -0.063666 -0.314174 -0.192170  0.143053 -0.167832  0.248811  0.007319 -0.019428  0.183377 -0.019508 -0.042757 -0.090200  0.202677  0.008859  0.256106  0.056141
 0.000000 -0.000000  0.000000 -0.000000  0.000000  0.000000 -0.000000  0.000000  0.000000 -0.000000  0.000000 -0.000000  0.633847 -0.000000  0.050641  0.120202  0.119542  0.280461 -0.247200  0.074396  0.027403 -0.082137  0.133195  0.220684  0.033127 -0.150792 -0.028659  0.008254  0.025161 -0.211508 -0.305161  0.215870  0.198106 -0.107798  0.105211  0.245842 -0.046622  0.042276  0.060702 -0.003837  0.088558
-0.086930  0.546918 -0.000000  0.000000  0.000000  0.000000 -0.000000  0.000000 -0.000000 -0.000000 -0.000000 -0.000000  0.000000  0.000000  0.119955 -0.208785  0.046559  0.018194 -0.073728  0.212179 -0.246348  0.018423  0.150818 -0.283734 -0.367620  0.047678  0.023007 -0.131118 -0.054572 -0.009663 -0.115299 -0.007772 -0.201044 -0.192563 -0.057771  0.185471 -0.005084  0.178752  0.010447  0.259478 -0.178591
 0.086930 -0.000000  0.000000  0.000000 -0.546918  0.000000  0.000000  0.000000  0.000000 -0.000000 -0.000000 -0.000000 -0.000000 -0.000000 -0.214515 -0.164794  0.538292  0.016537 -0.026797 -0.097793  0.335255  0.005698  0.139475 -0.150415 -0.023853 -0.045894 -0.052496 -0.014411  0.012368  0.308851  0.017353 -0.002745 -0.003332 -0.027290 -0.009565  0.106488  0.068567 -0.030104 -0.102383  0.079279  0.171113
 0.633847
