2 16
-0.353553 -0.000000 -0.409871  0.109117  0.014459  0.204086  0.173564 -0.067585 -0.368018 -0.370268  0.106829 -0.141667 -0.004481  0.428696 -0.329678 -0.148462
 0.353553  0.000000  0.022972  0.250485  0.107327  0.192006  0.347974 -0.418306 -0.404792  0.118525  0.177549  0.078178  0.271224 -0.011266  0.233907  0.351192
-0.353553  0.000000  0.317191 -0.360204 -0.163716  0.143987  0.410988  0.173598 -0.067765  0.105809  0.101070 -0.053996 -0.388914  0.179476  0.210423  0.376028
 0.000000 -0.353553  0.431439  0.087962 -0.254463  0.182667 -0.020348 -0.194008  0.281862  0.117801  0.056791 -0.447650  0.333382  0.259094 -0.260456 -0.043606
-0.000000 -0.353553 -0.000910 -0.308770 -0.140639  0.170081 -0.124452 -0.034474 -0.108327  0.001312 -0.440277  0.597849  0.248514  0.296658  0.037721  0.009196
-0.353553 -0.000000 -0.071474 -0.042927 -0.494034  0.014506 -0.411261 -0.375536 -0.341130  0.181146  0.063900 -0.044324 -0.072034 -0.385059 -0.012126  0.069049
-0.000000 -0.353553 -0.558575  0.218780 -0.282847 -0.241640  0.253706 -0.132298  0.368152  0.255350 -0.033590 -0.002020 -0.192990  0.123223  0.187374  0.073875
 0.353553 -0.000000  0.134408  0.183383 -0.618342  0.099598  0.253718  0.193426 -0.027975 -0.437351  0.025075  0.181808 -0.152421 -0.219133 -0.133402 -0.120260
-0.000000 -0.353553 -0.160486 -0.198529  0.186836  0.077570  0.082435 -0.016484  0.019675 -0.404321 -0.389005 -0.365332  0.047997 -0.432247 -0.021162  0.351560
-0.353553 -0.000000  0.310737  0.319157  0.122573 -0.289735  0.419979 -0.181126 -0.113659  0.109180 -0.453110  0.111568 -0.019176 -0.186176 -0.126458 -0.273508
 0.000000  0.353553 -0.240691 -0.172782 -0.031104  0.406644  0.256046 -0.003548  0.262225  0.362129 -0.096166  0.118465  0.125914 -0.232124 -0.502316  0.100384
-0.000000 -0.353553 -0.075883 -0.088536 -0.019669 -0.300906  0.135945  0.533743 -0.360496  0.295907  0.265864 -0.012777  0.309463 -0.174219 -0.229397  0.000932
 0.353553  0.000000  0.038351  0.197286  0.013014 -0.030142 -0.223219  0.113575 -0.296312  0.269387 -0.381227 -0.175998 -0.452884  0.241766 -0.330881  0.247159
 0.000000  0.353553  0.015606 -0.151129 -0.197991 -0.615083  0.021820 -0.139889  0.079903 -0.217651 -0.043922  0.027262  0.278133  0.207242 -0.219656  0.435154
 0.353553 -0.000000 -0.049148 -0.606011 -0.022718 -0.188617  0.214796 -0.339343 -0.161494  0.075307 -0.002708 -0.212407 -0.150523  0.025570 -0.027463 -0.454984
 0.000000 -0.353553  0.139331 -0.034817  0.281686 -0.096210 -0.049420 -0.299916  0.141262 -0.121570  0.400130  0.375657 -0.342319 -0.097390 -0.436051  0.143581
 0.353553
