2 44
 0.213201  0.000000 -0.159390  0.049864  0.140446  0.023973  0.337226 -0.278704  0.072247 -0.072958  0.111534 -0.001162 -0.037373 -0.064718  0.219573 -0.257477 -0.141402 -0.062962  0.017054  0.188649 -0.147512  0.007582  0.109040  0.099836  0.386858  0.019128 -0.119228 -0.101046  0.064880  0.024499  0.156691  0.315208 -0.062073 -0.165311 -0.086550  0.087211  0.036159  0.004442 -0.093832 -0.244071  0.108217 -0.193175 -0.007382  0.011764
-0.000000 -0.213201 -0.026157  0.220028 -0.136328  0.093246 -0.030273  0.142297 -0.179633  0.214079 -0.048718 -0.109547 -0.095656  0.173236  0.249946  0.129834 -0.095842 -0.134805  0.010939  0.138877  0.179448 -0.315622  0.098374 -0.244129  0.002689 -0.093279  0.063932 -0.175751  0.277476  0.233791  0.072200  0.153037 -0.048809 -0.163709 -0.201232 -0.199615  0.086216  0.148475  0.130493  0.052691 -0.126600  0.117593 -0.071324  0.021552
 0.000000  0.213201  0.034774  0.049241  0.073493 -0.007215  0.308256  0.132183  0.094836 -0.291545  0.003223  0.215727  0.162234  0.012737 -0.077941 -0.119519  0.141872 -0.010709  0.076832  0.268085  0.034573  0.137604 -0.083274 -0.176211 -0.028905  0.020191 -0.164796 -0.088933  0.083297  0.091485  0.020689 -0.247982  0.030569 -0.043526  0.083343 -0.225188  0.102496  0.205081  0.227059 -0.080728 -0.427655 -0.021186 -0.084795 -0.119419
-0.213201 -0.000000  0.065620 -0.132760 -0.101122 -0.075972 -0.009594 -0.326991  0.060944  0.157846  0.117653  0.223458  0.093562  0.191427 -0.099077  0.170477  0.142416 -0.340417 -0.064565  0.085348 -0.087751 -0.040747 -0.105499  0.099500 -0.283007  0.099179 -0.243752 -0.016234  0.167843 -0.124442  0.088749 -0.083178 -0.104430 -0.332814 -0.233604 -0.022810 -0.127695  0.044475 -0.058597 -0.022999  0.065869 -0.144463  0.150244  0.007737
-0.000000  0.213201  0.216372  0.191099  0.209883 -0.059597 -0.013660 -0.038221  0.020379  0.058834  0.040111  0.053172 -0.052530  0.063641  0.196379 -0.100542 -0.311785 -0.024481 -0.184362  0.110163  0.289725 -0.027602 -0.223516  0.223763  0.080164 -0.190555 -0.087151  0.410582  0.046785 -0.201998  0.123000 -0.088007  0.097721 -0.106504 -0.047903  0.029123 -0.053082 -0.048856  0.044211  0.105910 -0.082665  0.306919  0.004004  0.035498
-0.000000 -0.213201 -0.038284  0.281533  0.016442 -0.021862  0.086218  0.021408 -0.016323 -0.174705 -0.250214  0.010492 -0.024161  0.117049  0.024677  0.058178  0.268143  0.224863  0.098533  0.030455  0.004771 -0.067056 -0.105505 -0.021979 -0.089999 -0.094003 -0.209642  0.087713  0.076527 -0.063323  0.067715 -0.078889 -0.064197 -0.077240  0.008070  0.368150  0.047077  0.238772 -0.207277 -0.038123  0.290841  0.154416 -0.175376 -0.355507
-0.213201  0.000000  0.175817 -0.089130  0.275233  0.063375 -0.004835  0.137860 -0.336565  0.260811  0.010182  0.078831  0.220681 -0.060500 -0.139525 -0.213299 -0.139165  0.147194  0.077882 -0.050184  0.180515  0.041253 -0.154029 -0.154520  0.139591  0.013441  0.050116 -0.230517 -0.098294 -0.115201 -0.044644 -0.010479 -0.070982 -0.117414 -0.238188 -0.008636  0.079059 -0.101543 -0.045012 -0.094145  0.097524 -0.132746  0.102558 -0.373309
-0.000000 -0.213201  0.063839 -0.145956  0.288367 -0.044070 -0.150551  0.250998 -0.102746 -0.222538 -0.032529  0.242092 -0.131837  0.195657  0.114365  0.074971  0.126807 -0.185579 -0.141496  0.061434 -0.007698 -0.228897 -0.020531  0.180795  0.148800 -0.146350  0.140361 -0.009677  0.253653 -0.076224 -0.179681 -0.029774  0.071849  0.075824  0.200345  0.118797 -0.105395 -0.128313  0.035346 -0.169073 -0.084511 -0.321310  0.040029 -0.056462
-0.000000  0.213201 -0.053802  0.209712 -0.087423  0.001242  0.117195 -0.008479  0.017584  0.024526 -0.056588 -0.086209 -0.041048  0.349129 -0.279001  0.046879 -0.195200  0.078300  0.025004 -0.029534 -0.133285 -0.175717 -0.008047  0.099232  0.000820  0.224032  0.254621 -0.010033  0.202504 -0.306069 -0.039859 -0.079448 -0.304108  0.107203  0.056691 -0.117559  0.197636 -0.141393 -0.120916 -0.305628 -0.058944  0.077891 -0.106221  0.012310
 0.000000 -0.213201  0.286914  0.067679 -0.006503 -0.208310 -0.040594 -0.333551 -0.139369  0.068070 -0.141765 -0.040581  0.076795  0.152743  0.037272 -0.378787 -0.036333  0.095417  0.157430 -0.079710 -0.004146 -0.098745  0.204387  0.109629  0.093640  0.148262 -0.170247 -0.035367  0.060655  0.090475 -0.238302 -0.192264 -0.130346  0.109236  0.064309  0.014985 -0.135203  0.038983 -0.058298  0.269607 -0.228725 -0.091078 -0.137154  0.105317
-0.213201 -0.000000  0.103088  0.010250  0.056676 -0.013289  0.076759 -0.332334 -0.221021 -0.106915 -0.124718 -0.031810 -0.459539 -0.025558 -0.138501  0.025903 -0.055332 -0.019323  0.079969  0.039499 -0.135351  0.151474 -0.103918  0.055577 -0.159268 -0.336139 -0.021830  0.040110 -0.006442  0.285276 -0.002946  0.126874 -0.032048  0.105229  0.059610 -0.292321  0.003984 -0.214260  0.048014 -0.094670  0.021966  0.031333 -0.039237 -0.223034
 0.213201 -0.000000  0.164322  0.070520  0.180256 -0.191542 -0.053103 -0.049524  0.029866  0.160750  0.297994  0.026496 -0.052212  0.288202  0.024646  0.034602  0.274455 -0.129954 -0.194185 -0.144276 -0.040139  0.391269  0.041448 -0.148712  0.199424  0.099391  0.247410  0.099885 -0.008615  0.230491 -0.049362 -0.055997 -0.180919 -0.037844 -0.001437 -0.019896  0.024232  0.084494  0.114255 -0.035101  0.153351  0.157117 -0.119645 -0.127739
 0.213201  0.000000  0.040699 -0.096007  0.150596  0.130279  0.033409  0.103278  0.205596  0.172980 -0.227472 -0.277002 -0.105614  0.103186 -0.098177  0.050437  0.079603  0.024431 -0.076658 -0.077185 -0.157550 -0.194010  0.084817  0.097954  0.217988  0.080062 -0.290315  0.030726 -0.035177 -0.072422  0.109030 -0.176082  0.108666 -0.027008  0.056970 -0.406362 -0.094346  0.040066  0.158125  0.114345  0.163268 -0.039976  0.212874 -0.260710
 0.213201  0.000000 -0.049019  0.207483  0.227650  0.272626 -0.053723 -0.261022  0.072520 -0.184827 -0.010137  0.093791  0.273792  0.111365 -0.079739  0.178375 -0.044893 -0.001176 -0.159195  0.113426  0.370607 -0.007037  0.123883 -0.175967 -0.145353 -0.064588 -0.026428 -0.117095 -0.069970  0.021237  0.074251  0.038756 -0.186270  0.192668  0.113172 -0.132999 -0.121629 -0.226348 -0.106409  0.189092  0.150846 -0.154413 -0.006080  0.001980
-0.000000  0.213201 -0.330842  0.144496  0.219749 -0.287131  0.085532 -0.019399  0.089931  0.295540 -0.071219  0.107026 -0.120137 -0.204543  0.125360 -0.106028  0.061159 -0.163722  0.084831 -0.104367  0.070034 -0.086283  0.135163 -0.115559 -0.236293 -0.033418  0.102505  0.195567  0.101075 -0.122031 -0.107159  0.068138 -0.062061  0.294878 -0.058603 -0.048632 -0.007041  0.209854 -0.050464  0.096137 -0.038555 -0.216989  0.090620 -0.204424
 0.000000 -0.213201 -0.011494  0.256889  0.152839 -0.065469  0.017503  0.097770  0.160378 -0.041601 -0.231912  0.084663  0.117127 -0.222693 -0.223616  0.191775 -0.033983 -0.057392  0.132581 -0.187234  0.098336  0.287188  0.007480  0.305771  0.065014  0.251315 -0.014514  0.018157  0.339803  0.114385 -0.035472  0.207675  0.105249 -0.076818 -0.208063 -0.027585  0.058765 -0.191241  0.119441  0.083836 -0.072313  0.031606 -0.011633  0.007410
 0.213201 -0.000000  0.097644 -0.033320 -0.277697 -0.070906 -0.173251  0.016971  0.096329  0.022552 -0.164515  0.171922 -0.157186 -0.166055  0.028837 -0.239349  0.224490  0.307557 -0.180064  0.253574  0.180575  0.076600 -0.076654  0.096294 -0.063572 -0.034310  0.033952 -0.057531  0.101887 -0.156119 -0.214479  0.164771 -0.309211 -0.091488 -0.040882 -0.164756  0.077439 -0.002233  0.195822 -0.039697  0.155758 -0.019740  0.181338  0.073943
-0.213201  0.000000 -0.103455  0.046548  0.295082 -0.210016  0.300036  0.178998 -0.064674  0.080125  0.059571 -0.216620  0.035806 -0.023175  0.083439  0.092610  0.292088  0.179420 -0.235647  0.096270 -0.003565 -0.068528  0.071688  0.308479 -0.135597 -0.088944 -0.037057 -0.218057 -0.213607  0.003007 -0.016672 -0.036314 -0.145766 -0.007782 -0.179222 -0.095265 -0.090828 -0.121215  0.000587  0.020521 -0.005758  0.048348 -0.205001  0.264519
 0.213201  0.000000  0.335836  0.105271  0.234234 -0.088073 -0.034771  0.057746  0.071879  0.036175  0.173565 -0.163045 -0.004048 -0.301356 -0.243287 -0.113465 -0.127087  0.026970  0.054182 -0.056881 -0.108464 -0.204889  0.001451 -0.037172 -0.339327 -0.118129  0.085352 -0.096600  0.212463  0.139643  0.219746 -0.114550 -0.065333 -0.154335  0.181108  0.143762 -0.009623  0.113937  0.131681 -0.120669  0.150215 -0.111484  0.001249  0.161141
-0.000000  0.213201  0.149672 -0.143289  0.099187 -0.033712 -0.157919  0.072309 -0.036704 -0.218696 -0.240267 -0.138142 -0.002886 -0.004443  0.068294  0.193666 -0.023579  0.013026  0.169766 -0.079290  0.059972  0.048989  0.300459 -0.059945  0.025922  0.004294 -0.035130  0.142427 -0.122620  0.011446  0.111464  0.138772 -0.409521 -0.094534 -0.189023  0.121658 -0.342567  0.107197  0.054886 -0.252101 -0.224341  0.051504  0.146259 -0.023864
-0.213201 -0.000000 -0.251803 -0.175280  0.095528 -0.135506 -0.063636  0.052822  0.011221  0.169919 -0.225683 -0.003506  0.105617  0.247672 -0.275180 -0.129304 -0.149227 -0.100949  0.025321  0.297558  0.203604  0.093389  0.198319  0.171041  0.000855 -0.011715  0.014641  0.027636 -0.083079  0.225401  0.071260  0.094044 -0.013072 -0.083401  0.357600  0.131554  0.129809  0.183529  0.120540 -0.018653  0.167080  0.094095  0.087982  0.076323
 0.213201 -0.000000  0.161028 -0.006037 -0.057593  0.077330  0.114327  0.005674 -0.186043  0.266038 -0.046077 -0.003917 -0.078397  0.018276  0.059278  0.035085  0.319108 -0.102637  0.109939  0.030044  0.187525 -0.003984 -0.098982  0.132664 -0.037199  0.124905 -0.143343  0.000935 -0.068592  0.115534  0.348848 -0.022508 -0.031802  0.321294  0.061582  0.216554  0.276655 -0.197926 -0.069719 -0.137973 -0.211020  0.001361  0.278378  0.071712
-0.000000  0.213201 -0.002067  0.021933 -0.159735 -0.039939  0.139834  0.109223  0.012852  0.002865 -0.344286  0.155059 -0.038310  0.040343 -0.014674 -0.268546  0.108662 -0.136134 -0.279262 -0.305406 -0.035047 -0.119736  0.038585 -0.156639 -0.052575  0.024838  0.086548 -0.006100 -0.085908  0.084539  0.220549  0.118036 -0.003762 -0.333862  0.129693  0.119230 -0.057129 -0.347059  0.011972  0.170691 -0.063037 -0.072238 -0.193204 -0.063747
 0.213201 -0.000000 -0.044992  0.314900 -0.172449 -0.376493  0.072859 -0.072897 -0.344424 -0.103122  0.042459 -0.074866  0.056084 -0.022184 -0.031522  0.246862 -0.022843 -0.062066  0.060239 -0.114307  0.138406  0.023537  0.065694  0.075067  0.049950 -0.091776  0.008161 -0.056542 -0.277815 -0.165241 -0.126246 -0.040303  0.156758 -0.326172  0.222076 -0.106522  0.066165  0.040564  0.038290 -0.061152 -0.027859 -0.157555  0.229343 -0.031581
-0.213201  0.000000  0.085015  0.149671  0.042586  0.106356  0.103927 -0.139343  0.187588  0.017778 -0.207456 -0.054063 -0.231022 -0.234348  0.039774  0.233301 -0.119723 -0.165314 -0.156846  0.105926  0.031334 -0.094405 -0.239162 -0.083491  0.227346  0.195746  0.118550 -0.080264 -0.231545  0.124114 -0.203034 -0.253971 -0.236772 -0.032747  0.029684  0.245627  0.118010  0.104246  0.128726  0.088553  0.007201 -0.154880  0.070212  0.049961
-0.000000 -0.213201  0.047061 -0.173399 -0.260405 -0.210672  0.159755  0.162806  0.079861 -0.055379  0.127970 -0.147621  0.270578 -0.112095  0.223549  0.026337 -0.194109 -0.114068  0.004867  0.034991  0.105688 -0.071110 -0.234725  0.164007 -0.101377  0.157844  0.017419  0.187001 -0.036345  0.162489  0.069281  0.054372 -0.292982  0.103438  0.186091 -0.160333 -0.104423 -0.089155 -0.001672 -0.036742  0.078905 -0.080757 -0.132889 -0.332254
 0.000000  0.213201  0.149212  0.039298 -0.042147 -0.026888  0.063961 -0.090972 -0.124182  0.287238 -0.065532  0.128112  0.095882 -0.110491  0.089651  0.234822  0.001523  0.037864  0.014583  0.151731 -0.064834 -0.059482  0.061946 -0.120170  0.015644  0.179456 -0.199244 -0.102574  0.071745 -0.093484 -0.186162  0.171551  0.204216  0.153756  0.232330  0.131867 -0.287970 -0.115108  0.325946 -0.218594  0.149246  0.143453 -0.264232 -0.041726
-0.213201 -0.000000  0.107222  0.007874 -0.085706  0.061910  0.132191 -0.159352  0.101091 -0.179616  0.266349 -0.068125 -0.206613 -0.023023 -0.175271 -0.119966  0.169414  0.023173 -0.096444 -0.118879  0.384137 -0.207899  0.107611  0.154428  0.031520  0.225342  0.209112 -0.187276  0.004556 -0.065311  0.094948  0.195732  0.189267  0.065673  0.042532  0.034930 -0.215223  0.212021  0.049289  0.001736 -0.063344  0.144705  0.094604 -0.225180
-0.000000 -0.213201  0.099990  0.134550  0.019481  0.063283  0.177325  0.042697  0.273671  0.061643 -0.025659 -0.174683  0.060072  0.285203 -0.100879 -0.165500  0.006379  0.019714 -0.029943 -0.049397  0.074585 -0.044244 -0.130257 -0.209466 -0.206358 -0.036272 -0.077772  0.270773 -0.229462  0.082774 -0.332080  0.226232  0.198545 -0.000922 -0.139562  0.056612 -0.060232 -0.069441  0.084867 -0.323026 -0.068594 -0.150215  0.126406  0.121246
 0.000000  0.213201  0.051379 -0.122840 -0.120153  0.091245  0.261012 -0.046724 -0.041959 -0.002271  0.082414  0.044617  0.028948  0.081899  0.020913  0.143343  0.091334  0.286775  0.268038  0.132852  0.104044 -0.135946  0.216936  0.090630  0.042358 -0.024760  0.276164  0.336370  0.115960  0.219815 -0.055564 -0.193334  0.112672 -0.121438 -0.186145  0.088814  0.037361 -0.164544  0.143637  0.161826  0.199284 -0.245279  0.017075 -0.022805
-0.213201 -0.000000  0.124664 -0.201689  0.170298 -0.288919 -0.045330 -0.268453  0.109787 -0.191167 -0.184454 -0.209904  0.193579 -0.050388  0.302222  0.055244  0.098001  0.098938 -0.112329 -0.036463  0.032639 -0.069310  0.065794 -0.268484 -0.031259  0.120995  0.090574 -0.001194  0.193596 -0.050468  0.048053  0.002438  0.183402 -0.023093  0.069509 -0.104223  0.366867 -0.129545 -0.052333 -0.112845  0.073346  0.133586  0.165665  0.038494
 0.213201  0.000000 -0.174684 -0.356179  0.193888  0.093836  0.233427 -0.016959 -0.209879 -0.078457  0.028198 -0.143728 -0.162821 -0.072662 -0.122508 -0.010827  0.099766 -0.175398  0.199104 -0.111079  0.251266 -0.072708 -0.218063 -0.159905 -0.012001  0.119132 -0.114785  0.097028  0.152034 -0.091011 -0.294552  0.037488 -0.141019 -0.196463  0.109571 -0.015720 -0.019881 -0.040445 -0.067535  0.113881  0.060883  0.224097 -0.086132  0.187207
 0.213201 -0.000000  0.201947 -0.048202  0.189846 -0.141928 -0.066370 -0.011782  0.013991 -0.042670 -0.066270  0.183665  0.047832  0.022632 -0.122768  0.094588  0.054015 -0.027497  0.157649  0.330799 -0.269318 -0.284553 -0.135067  0.024572 -0.051979  0.170092  0.236848  0.042085 -0.320653  0.013000 -0.004323  0.350020  0.081653 -0.040668 -0.087634 -0.074974  0.078151  0.063822 -0.156775  0.257195 -0.092736  0.147500 -0.035857 -0.065209
-0.000000  0.213201 -0.194374  0.059936  0.017435 -0.154697 -0.138065  0.010875  0.095832 -0.145205  0.279519 -0.051663  0.057939  0.153593 -0.006942 -0.019460 -0.048159  0.066712  0.048422 -0.109462 -0.130200 -0.218466 -0.100570  0.026043  0.010743 -0.091127 -0.270499 -0.188462  0.045934  0.176421 -0.179210  0.117302 -0.162803  0.055215 -0.054783  0.266568  0.138710 -0.236966  0.291741  0.211288 -0.047341  0.154675  0.264523 -0.183379
-0.213201 -0.000000  0.106892  0.195343 -0.051022  0.099715  0.252397  0.090555  0.044283  0.108381 -0.004036  0.068053  0.230909 -0.070903  0.015993 -0.019180  0.163588 -0.020976  0.103648  0.004277 -0.196706  0.010975 -0.049797 -0.068735  0.194961 -0.226717  0.151312  0.024368  0.169537  0.053643 -0.083710  0.077884 -0.139237 -0.010513  0.276817 -0.078096 -0.275467 -0.023364 -0.236988  0.098385  0.031991  0.221592  0.439262  0.118485
-0.000000 -0.213201 -0.197574 -0.085596  0.161863  0.066681  0.000201 -0.137961  0.110249  0.255788  0.106167  0.051718 -0.137338  0.073507  0.122466  0.182141 -0.071472  0.495837  0.012650 -0.028422 -0.046125  0.117440 -0.108465 -0.057506 -0.112689  0.096779  0.073237  0.020962  0.031869 -0.065587  0.130014  0.064641 -0.059356 -0.264694  0.305005  0.064145 -0.094313 -0.038826  0.038926  0.067051 -0.389888 -0.085848  0.045485 -0.093564
 0.000000 -0.213201  0.066733  0.022109 -0.023670  0.135426  0.104961  0.086913 -0.103483 -0.009493  0.137411 -0.167778 -0.055226 -0.177875 -0.090567 -0.054749 -0.038322 -0.169944 -0.234956  0.320109 -0.153019  0.122771  0.469686 -0.074663 -0.161926  0.060039 -0.031907  0.164267  0.026957 -0.213521 -0.145590 -0.053425 -0.047502 -0.074380  0.007200  0.174633  0.126273 -0.213609 -0.006550  0.118488 -0.142501  0.137004  0.092034 -0.256880
 0.000000  0.213201 -0.131608  0.061617 -0.045759  0.026931 -0.221959 -0.098782 -0.264118  0.024596 -0.000679 -0.343956  0.189275 -0.126086 -0.242472  0.015549  0.178578  0.100893 -0.360554  0.148960 -0.050452 -0.049770 -0.212398  0.000668  0.155732  0.052608 -0.039153  0.240598  0.218441  0.205095 -0.032994  0.132689  0.061174 -0.001452 -0.011916  0.037425 -0.072366  0.123147 -0.153127 -0.005196 -0.187945 -0.207785 -0.055738 -0.045616
-0.000000 -0.213201 -0.014205 -0.121910  0.017993  0.137431  0.229854 -0.163673 -0.248533 -0.046092 -0.041314  0.247334  0.231032 -0.051248 -0.102740  0.073631 -0.044234  0.075159 -0.263399 -0.308140 -0.149804 -0.159875  0.043603  0.049156  0.027742 -0.128482  0.011774  0.226600 -0.048275 -0.088418  0.077404  0.125917 -0.152331  0.156782 -0.044357 -0.010421  0.199971  0.272324  0.373355  0.016115 -0.016093  0.071115  0.028412  0.084237
-0.000000 -0.213201 -0.075688 -0.053074 -0.101675 -0.311345  0.057801 -0.075701  0.065465 -0.004177 -0.050056 -0.192603 -0.001011  0.042436 -0.246895 -0.005084  0.068304 -0.064952  0.127723  0.193792  0.019348  0.062644 -0.160678 -0.269501  0.233936 -0.215783  0.137937 -0.012219  0.053927 -0.322800  0.304795 -0.024147 -0.011985  0.170830 -0.135934  0.125333 -0.191020 -0.150769  0.278003  0.153952 -0.032374 -0.066190 -0.057068  0.063285
-0.213201 -0.000000 -0.103181  0.279404  0.128375  0.262111 -0.211448 -0.001875 -0.212319 -0.147200  0.048931 -0.147644  0.041420  0.047290  0.232053 -0.241262  0.203301 -0.118896  0.244824  0.043759 -0.140334  0.053524 -0.112059  0.057468 -0.118680  0.283181  0.094626  0.149745 -0.087806 -0.159663  0.134097  0.056145 -0.053146 -0.068562  0.113303 -0.096685 -0.014970 -0.033461  0.348005  0.059912  0.140081 -0.101412  0.015962  0.085708
-0.213201  0.000000  0.120587  0.036631 -0.017173  0.068795 -0.198480 -0.023411  0.264045  0.137466  0.202064  0.015378  0.038720 -0.156037 -0.112735  0.079696  0.242587 -0.065015  0.210276 -0.071745  0.131318 -0.168026  0.152544  0.001400  0.250443 -0.253345 -0.178593  0.166262 -0.106115 -0.123447 -0.020565  0.152575 -0.148517 -0.122798  0.174826 -0.105833  0.301995 -0.071956 -0.039973 -0.054611 -0.098982 -0.089014 -0.321917 -0.007536
 0.213201 -0.000000 -0.142925 -0.081429 -0.000422  0.209456 -0.078045 -0.284305  0.122299  0.130968 -0.180875 -0.158105  0.283062 -0.074230  0.098860 -0.084612  0.132735 -0.179433  0.088023 -0.017399 -0.005559 -0.030108 -0.066074  0.268032 -0.087886 -0.282884  0.330077 -0.167267 -0.041798 -0.006701 -0.154072 -0.175055  0.058249 -0.102895 -0.055108  0.081946 -0.037781 -0.031445  0.118355 -0.164666 -0.173950  0.197414 -0.087752 -0.210339
-0.000000  0.213201  0.312420 -0.108352 -0.036126  0.124099  0.168010  0.071990  0.035087  0.009714 -0.077315 -0.280258  0.031008  0.220143  0.128011  0.112583 -0.049068 -0.064274  0.011631 -0.056976 -0.023147  0.290902 -0.061913  0.120303 -0.114139 -0.165488  0.016715 -0.186984  0.129571 -0.211176 -0.084471  0.315658  0.004037  0.048607  0.088189  0.121395  0.171666  0.225849  0.011689  0.311171 -0.009898 -0.254629 -0.071368 -0.034449
 0.213201
