1 11
 0.301511 -0.400541  0.139470 -0.178305 -0.113413 -0.010865  0.072904 -0.226245 -0.554771  0.486149  0.289515
 0.301511  0.585837 -0.336631  0.132287 -0.159818  0.346320  0.264623 -0.195683 -0.388650 -0.067674 -0.160127
-0.301511 -0.091086 -0.240570 -0.725436 -0.133192  0.512135  0.072338  0.133909  0.053541 -0.046801  0.091758
 0.301511  0.288094 -0.012453 -0.168447 -0.367143 -0.360034  0.304930  0.361231  0.270739  0.041309  0.484426
-0.301511  0.444351  0.267532 -0.147135  0.214357 -0.126281 -0.091457  0.465804 -0.339703  0.424609 -0.188405
-0.301511 -0.337383 -0.199339  0.304749 -0.296182 -0.040710  0.593287  0.234641  0.003157  0.231620 -0.335516
-0.301511  0.268268  0.329856  0.139529 -0.027280  0.265694  0.200712 -0.471860  0.384942  0.412517  0.237117
 0.301511 -0.030099  0.161974 -0.347184  0.569690 -0.112938  0.552346 -0.118429  0.154957 -0.049441 -0.280256
 0.301511  0.023733  0.232231 -0.246721 -0.499771 -0.026144 -0.257518 -0.103753  0.256498  0.199013 -0.600661
 0.301511 -0.048813 -0.517812  0.125036  0.316531  0.179310 -0.224756  0.191580  0.332709  0.540889  0.011243
 0.301511 -0.134061  0.490700  0.255039  0.011627  0.595189  0.062351  0.453792  0.030455 -0.128299  0.060814
 0.301511
