7 33
-0.487127 -0.000000  0.000000  0.000000 -0.000000 -0.000000 -0.000000 -0.013978 -0.206427 -0.165026 -0.134439  0.084565 -0.030133  0.324970 -0.245711 -0.256455 -0.033973  0.423858  0.053020 -0.073283 -0.133329  0.063391  0.024421  0.059236 -0.138493 -0.160993  0.130613  0.150018 -0.128941  0.046271 -0.037875 -0.150448 -0.303961
 0.487127  0.000000 -0.000000 -0.000000  0.000000 -0.000000  0.000000  0.121312  0.034037 -0.137314  0.050887 -0.382999 -0.035180 -0.023217 -0.293865  0.019499  0.075569  0.233769  0.260278 -0.001861 -0.119424  0.218970 -0.111954  0.004288  0.044981 -0.044276 -0.219939  0.373300 -0.063916  0.239672 -0.173185 -0.063909 -0.001337
 0.000000 -0.379554  0.000000 -0.107573 -0.000000  0.000000  0.000000 -0.084144 -0.267569  0.074074  0.028864 -0.337115  0.135805  0.131223  0.208635 -0.048885  0.021169 -0.100113 -0.157071  0.047760  0.219164  0.296557  0.247324 -0.319882 -0.035445 -0.260829 -0.118994  0.154080 -0.046699 -0.335969 -0.030506 -0.009211 -0.063164
 0.379554  0.000000  0.000000  0.107573 -0.000000  0.000000 -0.000000 -0.039198 -0.140590  0.344924  0.151119  0.187172  0.092017  0.144562 -0.148280 -0.294146 -0.304800 -0.130127  0.090611 -0.157418 -0.011728 -0.005954 -0.028296  0.277664 -0.106205 -0.067580 -0.216165 -0.181903 -0.173541 -0.201019  0.155436 -0.246955 -0.190041
 0.000000 -0.487127  0.000000  0.000000 -0.000000  0.000000  0.000000  0.161826  0.343581  0.159606  0.120416 -0.012230  0.061956 -0.087493 -0.107916  0.032716 -0.006859  0.175061  0.033953 -0.241802  0.046066 -0.531342  0.150177  0.046575  0.112291 -0.144186  0.074240  0.091763  0.071589 -0.104290 -0.236060  0.071353 -0.174665
 0.000000 -0.487127 -0.000000 -0.000000 -0.000000 -0.000000  0.000000 -0.132303 -0.049041 -0.137185 -0.058977  0.305352 -0.201886 -0.074722 -0.020664 -0.086730  0.047655  0.065957  0.038187  0.173534  0.281855  0.182004 -0.192765  0.057486  0.400301  0.260133 -0.177677 -0.003510  0.175044  0.125372  0.141154 -0.157266 -0.176744
 0.000000  0.000000  0.487127  0.000000 -0.000000 -0.000000  0.000000  0.079071  0.115336  0.007691 -0.231069  0.018147  0.170865 -0.082755  0.401698 -0.150074 -0.206412  0.157345 -0.076597  0.130406 -0.339562  0.031558  0.102926  0.057076  0.313965 -0.216047 -0.225569 -0.096498 -0.109042  0.171710 -0.045007 -0.014512  0.002204
-0.000000  0.000000 -0.107573 -0.000000  0.000000  0.000000  0.379554 -0.007316  0.183661  0.020412  0.041121 -0.081500  0.129226 -0.131233  0.021537 -0.565912 -0.097554 -0.187453  0.080154  0.080516 -0.147673  0.189404 -0.157775 -0.147447  0.041716  0.126765  0.341354 -0.020787  0.220939 -0.061029 -0.303375 -0.000201 -0.077289
 0.000000  0.000000 -0.000000 -0.000000  0.000000 -0.487127 -0.000000  0.158334  0.058377  0.175271  0.178436 -0.034056 -0.292914  0.320002  0.006531  0.044823 -0.174070 -0.017749 -0.367111  0.064702 -0.131572  0.003158  0.084101 -0.021780  0.196242  0.219042  0.136987  0.204500 -0.044765  0.018210 -0.079645 -0.295966  0.206077
 0.000000  0.000000  0.000000  0.000000  0.487127  0.000000  0.000000 -0.486670  0.059918 -0.143475 -0.102519 -0.208860  0.078615  0.173246 -0.069528 -0.056673 -0.104620  0.112932 -0.017243  0.098132  0.143229 -0.153088 -0.096745  0.315723  0.097602 -0.050804 -0.016585 -0.063022  0.052743 -0.175857 -0.184022 -0.030903  0.363061
 0.000000  0.000000  0.000000 -0.000000  0.000000 -0.000000  0.487127 -0.016424 -0.150524  0.066217 -0.022973  0.121449  0.262742  0.251320  0.097574  0.281081  0.025491 -0.132626  0.191793 -0.298330  0.225872  0.039883  0.054948  0.017337  0.173560 -0.165583  0.138176 -0.017664 -0.003264  0.403058 -0.102118 -0.196756  0.104352
-0.000000  0.000000 -0.000000  0.054038  0.433088  0.000000  0.000000 -0.059706  0.012283  0.007824  0.164212 -0.348795 -0.059158 -0.021687  0.102245  0.244288 -0.039029 -0.134654  0.005221  0.063732 -0.165269  0.025595 -0.024548  0.096029  0.129966  0.009591  0.285025 -0.096721 -0.049638  0.121732  0.271063 -0.008551 -0.568391
 0.000000  0.000000 -0.107573  0.000000 -0.000000  0.000000 -0.379554 -0.229388  0.477805  0.077562 -0.191352  0.198428  0.003442  0.008852 -0.041996  0.033001 -0.037721 -0.274857  0.135845  0.161336  0.096047  0.130158  0.015047 -0.167922 -0.063700 -0.294953  0.162868  0.156833 -0.243959  0.145198 -0.069642 -0.270473 -0.040970
 0.000000  0.000000  0.000000  0.487127  0.000000 -0.000000  0.000000 -0.030209  0.200335  0.131450 -0.098329 -0.044689  0.177704  0.112422 -0.176004  0.135549  0.373874  0.149045 -0.300225 -0.133814 -0.151780  0.185592 -0.198911 -0.191256  0.048597 -0.072429 -0.113137 -0.302105  0.186460 -0.116057 -0.012684 -0.185549 -0.031355
 0.487127  0.000000 -0.000000  0.000000 -0.000000  0.000000 -0.000000 -0.161225 -0.171503  0.080423 -0.190074  0.315948  0.119299  0.212864  0.056854  0.081008  0.202689  0.252492 -0.023072  0.294169 -0.110144 -0.070141  0.210516 -0.076455  0.011171  0.139883  0.363252  0.030562 -0.033661 -0.089776 -0.110920  0.210362 -0.134538
 0.000000  0.000000 -0.000000  0.000000 -0.487127  0.000000  0.000000 -0.317866 -0.177652  0.032921  0.113568 -0.214300  0.077367 -0.382914 -0.076246  0.075609 -0.042202  0.197957  0.012858  0.099418 -0.070870 -0.104779  0.010067  0.086736  0.163364 -0.126478  0.323386 -0.038202 -0.001811 -0.073241  0.187106 -0.354593  0.128787
 0.000000 -0.000000  0.107573  0.000000  0.000000  0.379554  0.000000 -0.185831  0.081338  0.156353 -0.003268 -0.175317  0.024166 -0.048620 -0.163893 -0.222513  0.047058  0.012022 -0.374587 -0.075376  0.162349 -0.016595  0.396100 -0.004080 -0.114357  0.356425 -0.027403 -0.023526 -0.130464  0.419111 -0.000753 -0.051456 -0.007730
-0.000000 -0.000000 -0.000000 -0.000000  0.000000  0.487127 -0.000000  0.404364 -0.070510 -0.083966 -0.034946 -0.002663  0.123094  0.072068  0.009146  0.230709 -0.194412 -0.054693 -0.159764  0.399335  0.077184 -0.085268 -0.134784  0.125674 -0.123019  0.035274  0.035898  0.040435  0.130104 -0.108436 -0.226865 -0.370410 -0.051607
 0.000000 -0.000000 -0.107573  0.000000  0.000000  0.379554 -0.000000 -0.175042 -0.053038  0.455921 -0.133602 -0.003805 -0.272090  0.085121  0.256050  0.011898 -0.117091  0.118391 -0.073126 -0.194986 -0.140970 -0.026928 -0.368700 -0.055598  0.016110 -0.078626  0.036622  0.365625  0.173795  0.051376  0.113909  0.121281  0.074091
 0.000000  0.000000 -0.000000 -0.000000  0.000000 -0.487127  0.000000 -0.035151 -0.106836  0.217827 -0.320026 -0.108174  0.222833 -0.219493  0.074420  0.021782 -0.074909  0.064669 -0.141496  0.123976  0.225413 -0.122337 -0.197535  0.100955 -0.395811  0.032685 -0.093906  0.102488  0.208631  0.239942 -0.059053 -0.020039 -0.205978
-0.000000  0.487127  0.000000  0.000000 -0.000000 -0.000000 -0.000000 -0.092870  0.139880  0.038945  0.122741  0.100673 -0.023578 -0.078895 -0.076186  0.118758 -0.330721  0.241909 -0.020875 -0.048859  0.314864  0.154509  0.263066 -0.130839  0.233580 -0.069537 -0.110546  0.084201  0.356632 -0.143913 -0.089698  0.055550 -0.251640
 0.379554  0.000000 -0.000000 -0.107573 -0.000000 -0.000000  0.000000  0.072484  0.052085 -0.483706 -0.145025  0.007415 -0.238651  0.029114  0.137115 -0.163987 -0.095924  0.050039 -0.326998 -0.311789  0.135244 -0.103699 -0.066858 -0.109019 -0.143606 -0.261746  0.199865 -0.143885  0.133288  0.068024  0.160582 -0.134093 -0.025684
-0.000000  0.000000 -0.000000 -0.487127  0.000000 -0.000000  0.000000  0.043685  0.207983  0.253549  0.266094 -0.014599 -0.165630  0.070689  0.203239 -0.004653  0.285456  0.313159  0.071779  0.092769  0.079590  0.246840 -0.028767  0.210469 -0.202420 -0.114322  0.019397 -0.342268  0.077043  0.057829 -0.099097 -0.109163  0.013863
 0.000000  0.000000 -0.000000 -0.000000 -0.000000 -0.000000 -0.487127 -0.021738 -0.220369 -0.014495  0.230336 -0.070817  0.186648  0.090789  0.159775 -0.032988 -0.197968  0.142611  0.126080 -0.171550  0.091794 -0.089880 -0.280038 -0.360036  0.088385  0.223711  0.077605 -0.266581 -0.095480  0.169989 -0.288501 -0.009333 -0.003179
 0.000000 -0.000000 -0.047652 -0.028471  0.411004  0.000000 -0.000000  0.314387  0.056670  0.098370  0.052788  0.156823  0.336856 -0.269292 -0.013633 -0.098012 -0.003715  0.310896 -0.039531 -0.051726  0.162333  0.142259 -0.050812 -0.109672  0.027262  0.049754  0.198313  0.180810 -0.186424 -0.075303  0.382020 -0.076047  0.252212
-0.000000 -0.000000 -0.000000 -0.487127 -0.000000 -0.000000  0.000000 -0.078419 -0.076940 -0.003553 -0.093369  0.143580  0.146294 -0.192563 -0.300028  0.196463 -0.033589 -0.132491 -0.402843 -0.227949 -0.150207  0.183792 -0.235961  0.104467  0.181538 -0.016114  0.005452  0.004931 -0.218170 -0.097718 -0.237042  0.129990 -0.121798
-0.000000  0.379554  0.000000 -0.107573 -0.000000  0.000000 -0.000000  0.072937 -0.069075  0.052867 -0.049813 -0.090122 -0.013524  0.024289  0.141392 -0.270624  0.497981 -0.101256 -0.037694  0.022851  0.235921 -0.350090 -0.144958 -0.018408  0.322645 -0.022775 -0.109869  0.159280 -0.187875 -0.124210 -0.037190 -0.190767 -0.191210
 0.000000 -0.000000  0.487127  0.000000  0.000000  0.000000 -0.000000 -0.133498 -0.017580 -0.048147  0.515650  0.169198  0.134825  0.125449 -0.190727 -0.076770  0.093372 -0.122860 -0.159339  0.207797  0.045660 -0.097898 -0.227920 -0.089484 -0.108600 -0.247849  0.043015  0.200810  0.169895  0.152964  0.114832  0.161880  0.022211
-0.000000 -0.000000 -0.487127  0.000000 -0.000000 -0.000000  0.000000 -0.205922  0.068954 -0.258678  0.338729  0.183451  0.300967 -0.023265  0.334088 -0.005072  0.062974  0.052901 -0.173952 -0.025603 -0.281847 -0.055504  0.090051  0.096394 -0.080895  0.036287 -0.269804  0.217090  0.049313  0.099034 -0.006783 -0.121078 -0.071781
 0.000000 -0.000000  0.000000 -0.000000 -0.000000  0.000000  0.487127 -0.178346  0.159342 -0.036182  0.072174  0.025845 -0.174102 -0.051381  0.012698  0.152586 -0.176840  0.207134 -0.022320  0.189752  0.055821 -0.175927 -0.200329 -0.393326 -0.167311  0.060705 -0.199641 -0.110521 -0.454449 -0.072383 -0.004266 -0.023164 -0.079232
 0.000000 -0.000000 -0.000000  0.487127 -0.000000 -0.000000 -0.000000  0.039658 -0.119661 -0.025540  0.187668  0.099423 -0.232939 -0.260233  0.201431 -0.018535  0.049822  0.056060 -0.164887 -0.030769  0.227798  0.210564 -0.040092  0.313665 -0.032182 -0.170410  0.153696  0.060769 -0.306847  0.020067 -0.358324  0.166191 -0.014628
-0.000000  0.000000  0.047652 -0.028471  0.411004 -0.000000 -0.000000 -0.051405 -0.351184  0.102452  0.030285  0.204267 -0.275999 -0.367021 -0.102067 -0.002620  0.118819 -0.068235  0.069706 -0.013905 -0.241936 -0.111973  0.203274 -0.262916 -0.086269 -0.149549 -0.095716 -0.049475  0.174070  0.068651 -0.227784 -0.298583  0.069055
 0.000000  0.000000 -0.487127 -0.000000 -0.000000 -0.000000  0.000000  0.165603 -0.127492  0.130831  0.005608 -0.055162 -0.019101  0.053891 -0.219987 -0.146522 -0.097906  0.023100 -0.165570  0.340510  0.026782 -0.103993  0.010222 -0.062773  0.251197 -0.386464 -0.066999 -0.251285 -0.015302  0.302342  0.074008  0.268305  0.086326
 0.487127
