14 19
-0.000017 -0.080961 -0.000030 -0.000119 -0.000081 -0.000364  0.000012 -0.000044  0.000129  0.000078  0.202953 -0.000285 -0.000354 -0.707091 -0.081158  0.435468  0.313593  0.364055 -0.158686
-0.000000 -0.000001 -0.000005  0.000001 -0.707127  0.000002 -0.000003  0.082095 -0.203374 -0.000001 -0.000001 -0.000002 -0.000001  0.000006 -0.059648 -0.394547 -0.129660  0.459041 -0.255178
 0.000001 -0.000001 -0.000000 -0.000000  0.000000  0.000000 -0.000000 -0.034870 -0.957744  0.000000  0.000000 -0.000000 -0.000001 -0.000000  0.024931  0.167422  0.055621 -0.195243  0.107917
-0.706363 -0.013671  0.000111  0.000511 -0.000221  0.003066  0.061334 -0.000106 -0.000092  0.202159 -0.000454  0.000693  0.002447 -0.001031  0.288418 -0.196524  0.327339  0.200967  0.432286
-0.000789 -0.013083 -0.000010  0.000474  0.000244  0.706332 -0.063761  0.002747 -0.000610 -0.001445  0.000061  0.201782 -0.000124 -0.000886  0.230899  0.262118 -0.478127  0.240945  0.217830
 0.000005  0.000001 -0.707131  0.203350  0.000012  0.000001 -0.000001 -0.000007  0.000001 -0.000006 -0.000001  0.000013 -0.082090  0.000000  0.554292  0.013048  0.059475 -0.100947 -0.361577
 0.001892  0.013116  0.000015 -0.000477 -0.000240  0.707871  0.063185 -0.002740  0.000610  0.000164  0.000044 -0.201315  0.000106  0.000469 -0.232497 -0.259963  0.474891 -0.241714 -0.220526
-0.000000 -0.000000  0.000000  0.000000  0.000000 -0.000000  0.000000 -0.000000  0.000000  0.000000  0.000000 -0.000000  0.992619 -0.000000  0.098412  0.003835  0.009041 -0.018929 -0.067582
 0.000006  0.034271  0.000018  0.000053  0.000034 -0.000011  0.000011  0.000018 -0.000056  0.000006  0.957935 -0.000011  0.000150  0.000028  0.034394 -0.184676 -0.132558 -0.154271  0.067285
-0.000000 -0.000000  0.000001  0.000000  0.000000  0.000000 -0.000000 -0.992617 -0.000000  0.000000 -0.000000 -0.000000 -0.000000  0.000000 -0.009415 -0.069561 -0.026356  0.084179 -0.044763
 0.000002 -0.000002  0.707082  0.203361  0.000005 -0.000006 -0.000021 -0.000006 -0.000000 -0.000006 -0.000001  0.000003 -0.082096  0.000025  0.554230  0.013184  0.059387 -0.100965 -0.361765
 0.000015 -0.992434  0.000002 -0.000007  0.000014 -0.000002 -0.000004 -0.000068 -0.000001 -0.000004 -0.000029  0.000016 -0.000008  0.000006 -0.000993 -0.079066 -0.051864 -0.077810  0.008807
 0.707846 -0.013654  0.000114  0.000508 -0.000193  0.001955  0.061059 -0.000092 -0.000102  0.201402 -0.000506  0.001456  0.002443 -0.001226  0.288744 -0.195259  0.324816  0.201429  0.432301
-0.000245 -0.005759  0.000048  0.000212 -0.000087  0.000114  0.025878 -0.000047 -0.000040 -0.958419 -0.000114  0.000174  0.001031 -0.000305  0.121080 -0.082757  0.138242  0.084454  0.181595
-0.000177  0.081023  0.000054  0.000124  0.000072 -0.000060 -0.000055  0.000039 -0.000128 -0.000307 -0.202906  0.000004  0.000343 -0.707120  0.079748 -0.435310 -0.313753 -0.365200  0.156779
 0.000060 -0.000012  0.000003 -0.000003 -0.000062  0.000000 -0.991504 -0.000396  0.000073 -0.000001 -0.000037 -0.000057  0.000346 -0.000027  0.006479 -0.062652  0.110226 -0.006556  0.027550
-0.000027  0.000000  0.000002 -0.000004  0.707086 -0.000000 -0.000003  0.082097 -0.203385  0.000000 -0.000004  0.000004  0.000002 -0.000002 -0.059672 -0.394790 -0.129020  0.459105 -0.255107
-0.000001 -0.000000 -0.000002 -0.957754  0.000000 -0.000002  0.000000  0.000000  0.000000 -0.000001  0.000000 -0.000000 -0.034858 -0.000000  0.235975  0.005506  0.025012 -0.042479 -0.152802
 0.000000 -0.005533 -0.000012  0.000204  0.000106  0.000026 -0.026493  0.001154 -0.000257 -0.000060 -0.000070 -0.958516 -0.000044 -0.000080  0.098140  0.109198 -0.199738  0.101846  0.093214
 0.992619
