10 12
-0.000021  0.000046  0.002247 -0.000272 -0.000036  0.996406  0.000002 -0.000313 -0.000507  0.000148 -0.033163 -0.077913
 0.004140  0.002803 -0.000377 -0.060636  0.013356  0.000392 -0.018639 -0.000139 -0.192879  0.705611  0.627296 -0.259195
 0.000006  0.000014  0.999642  0.000008  0.000132  0.000018  0.000008  0.000101  0.000005 -0.000017  0.010740  0.024493
-0.004128 -0.003027  0.000451  0.059961  0.002033 -0.000770  0.018574  0.000131  0.191843  0.708514 -0.625701  0.256379
-0.999981  0.000000 -0.000004 -0.000000 -0.000002  0.000004 -0.000002  0.000000 -0.000001 -0.000002  0.005727 -0.002119
 0.000000  0.000001 -0.000001  0.000000  0.000000 -0.000002  0.000000  0.999993  0.000001  0.000000 -0.001232 -0.003518
-0.000028 -0.967665  0.006730 -0.001109  0.000111 -0.021312 -0.000032 -0.000935  0.001539 -0.000523 -0.091403 -0.234020
-0.000176  0.178989  0.018196 -0.001780  0.704655 -0.058125  0.000252 -0.002544  0.009973 -0.008608 -0.263820 -0.630818
-0.000165 -0.000031  0.000031  0.000010 -0.000028 -0.000047 -0.999623  0.000005  0.000046  0.000004 -0.025468  0.010217
-0.001655  0.000573  0.000516  0.023805 -0.000680 -0.001859  0.007395  0.000006 -0.962201 -0.000217 -0.255410  0.091134
 0.000539  0.000033  0.000016  0.996068  0.000167  0.000112 -0.002419 -0.000029 -0.000256  0.000310  0.080736 -0.036400
 0.000104 -0.177679 -0.018255  0.002527  0.709422  0.057782  0.000015  0.002529 -0.007746 -0.006764  0.251776  0.630848
 0.999998
