4 25
-0.372769 -0.000000  0.000000  0.034979 -0.135761 -0.268153 -0.245414 -0.090850  0.537856  0.355224 -0.058896 -0.072541 -0.126974  0.059039  0.074412  0.053659 -0.110897 -0.191132 -0.229282 -0.279447  0.196424  0.018490  0.027350 -0.170753 -0.021281
 0.000000 -0.407748  0.000000  0.000000 -0.267286 -0.021116  0.139371 -0.133245 -0.249967  0.088068 -0.015223  0.039226  0.017257 -0.194101 -0.086808  0.052212 -0.165716  0.050182 -0.304688 -0.056366 -0.081430 -0.316262 -0.232016 -0.274340  0.492638
-0.000000 -0.000000 -0.000000 -0.407748 -0.089731 -0.094739  0.283739  0.056350 -0.298363  0.110275 -0.320220 -0.193377  0.172975  0.152458  0.342086  0.037719 -0.040516 -0.246631  0.098416 -0.120198 -0.060349  0.225828  0.041761 -0.383696 -0.173483
-0.407748 -0.000000  0.000000  0.000000  0.106839  0.366976  0.175076  0.094971  0.132951 -0.006187 -0.149799 -0.371325  0.083696  0.248837 -0.089492  0.137789  0.127173 -0.143094  0.241211  0.225975  0.167919 -0.329212 -0.245067  0.051122  0.169950
 0.000000 -0.407748  0.000000  0.000000 -0.162478 -0.230909  0.491687 -0.131672  0.170798 -0.111914  0.110600  0.019900 -0.079077  0.190752 -0.156228  0.266556  0.105057  0.344415  0.081972  0.011831  0.247147  0.037097  0.114302  0.015088 -0.300394
-0.000000 -0.407748  0.000000  0.000000  0.131230 -0.276973 -0.121006  0.241272 -0.082487 -0.218333 -0.077476 -0.238757 -0.146305 -0.072073  0.239620 -0.166544 -0.180144 -0.113127  0.125166  0.059828  0.348311  0.194587  0.130033  0.306428  0.321292
 0.372769  0.000000 -0.000000  0.034979 -0.102559 -0.274750 -0.065656  0.167393  0.085719 -0.177560  0.259046 -0.238245  0.039248 -0.088064 -0.194642 -0.074700  0.246014 -0.459375  0.065988  0.049236  0.083804 -0.376147  0.063516 -0.275361 -0.138873
-0.000000 -0.000000 -0.407748 -0.000000 -0.093221  0.100262  0.171671  0.254589  0.359767  0.045564  0.324338  0.100789  0.115259 -0.166196  0.239900 -0.173198 -0.314573  0.127498  0.262282  0.247563 -0.076257  0.084544 -0.069445 -0.279017  0.066844
 0.000000  0.000000 -0.407748  0.000000 -0.136184 -0.102030 -0.082492  0.139811 -0.082074  0.336374 -0.203654  0.026815  0.348470 -0.151822 -0.384148  0.141001  0.290125 -0.018609 -0.051290  0.242699  0.142650  0.275850  0.180667  0.086657  0.147575
 0.372769 -0.000000  0.034979 -0.000000 -0.111877  0.015550 -0.281990 -0.014754  0.257278 -0.238259 -0.176620  0.021864  0.057971  0.163319 -0.025516  0.438160  0.031433  0.075615  0.297585 -0.200681 -0.058968  0.241864 -0.306809 -0.132262  0.284410
 0.000000  0.407748 -0.000000  0.000000  0.150665 -0.060227  0.333337  0.258014  0.038566 -0.205857  0.023203  0.247786 -0.179868  0.202131  0.034152  0.024515  0.187656  0.025144 -0.302584 -0.061342  0.248096  0.051137  0.173354 -0.212653  0.422310
 0.372769  0.034979  0.000000  0.000000  0.046126  0.150856  0.304007 -0.147974  0.119984  0.222500 -0.181969  0.301696 -0.158781 -0.068302 -0.062574  0.090580 -0.320987 -0.469379 -0.007362  0.120960  0.253770 -0.001535 -0.154344  0.246008 -0.061709
-0.000000  0.000000  0.000000  0.407748 -0.089181 -0.339832  0.002045 -0.095470  0.031685  0.001087 -0.306802  0.089394 -0.124787  0.340722  0.153983 -0.016268 -0.020163 -0.070350  0.022279  0.503451 -0.400418 -0.081062  0.105522 -0.043082  0.056652
-0.000000 -0.407748  0.000000  0.000000  0.535109  0.199449 -0.163040  0.082226  0.019623  0.039508  0.174569  0.095770 -0.058158  0.016569  0.101874  0.333676  0.131915 -0.157548 -0.296195  0.231153 -0.090128  0.169087  0.001039 -0.265821 -0.128638
 0.000000  0.000000 -0.407748 -0.000000  0.405482 -0.136747  0.026801 -0.390481 -0.089221 -0.065349  0.146005 -0.106205  0.100817  0.362576 -0.340758 -0.167039 -0.273844 -0.096205  0.082608 -0.210338 -0.072235  0.052791  0.048496 -0.077409  0.123695
-0.372769  0.034979 -0.000000 -0.000000 -0.271290  0.002222 -0.128104  0.059051 -0.245757 -0.302173  0.066579  0.190569 -0.326676 -0.008077 -0.346610 -0.053459 -0.109493 -0.210804  0.076919  0.165656  0.095714  0.324430 -0.271025 -0.201082 -0.161232
-0.372769  0.000000  0.034979 -0.000000  0.121877 -0.243824  0.138375 -0.067418  0.025456 -0.239603  0.056629  0.373456  0.300540 -0.316196  0.087356  0.303120  0.037744 -0.294682  0.244728 -0.163874 -0.197208 -0.118634  0.114100  0.154301  0.080444
-0.000000 -0.000000 -0.000000  0.407748 -0.201154  0.219889  0.201573 -0.271910 -0.098882  0.157754  0.343759 -0.234036 -0.166370 -0.059598  0.187067  0.035015  0.291094 -0.242719  0.123828 -0.146188 -0.081859  0.346683  0.099814  0.037400  0.191568
 0.000000  0.000000 -0.407748 -0.000000 -0.264977  0.072831 -0.083507 -0.132459 -0.006674 -0.360691  0.072469  0.027203  0.264578  0.208412  0.348616  0.015610  0.093706 -0.124672 -0.431381  0.013002  0.116658 -0.037800 -0.219727  0.260470 -0.143568
 0.000000 -0.000000 -0.407748 -0.000000  0.112902  0.097594 -0.116413 -0.335016 -0.036077 -0.115581 -0.345892  0.085303 -0.363999 -0.311260  0.186001 -0.039270  0.258460  0.114873  0.205558 -0.024059  0.207396 -0.213265  0.100943 -0.230177 -0.063960
 0.000000  0.407748 -0.000000 -0.000000  0.105226 -0.282455 -0.001414 -0.191805 -0.169809  0.010020  0.179166 -0.373878 -0.044769 -0.254431  0.099409  0.458201 -0.259615  0.157128 -0.097129  0.283200  0.145824  0.005672 -0.123505 -0.009846 -0.018287
-0.000000 -0.000000 -0.000000  0.407748  0.294678 -0.255753  0.222979  0.131928  0.008689  0.043377 -0.183849 -0.045049  0.141268 -0.189364  0.008305 -0.235012  0.182583  0.083239 -0.058907 -0.171548  0.033954  0.137848 -0.588147 -0.053462 -0.152892
 0.000000 -0.000000  0.000000 -0.407748  0.046890 -0.292821 -0.089446 -0.112544 -0.089707  0.330682  0.311793  0.234371 -0.153728  0.197644  0.157086 -0.098556  0.349402  0.020071  0.199737  0.141220  0.028402 -0.064356 -0.357427  0.147207  0.147679
-0.000000  0.000000 -0.407748  0.000000 -0.023144 -0.051493  0.071619  0.456507 -0.121466  0.118689 -0.003561 -0.099991 -0.434370  0.045175 -0.044307  0.286488 -0.047940 -0.021678 -0.021254 -0.300141 -0.340188 -0.151549 -0.057466  0.241366 -0.099287
-0.000000  0.000000 -0.000000 -0.407748  0.026739 -0.034708  0.205618 -0.172692  0.383057 -0.223498 -0.121295 -0.257347 -0.176661 -0.260833 -0.160131 -0.157234  0.156219 -0.059074 -0.224961  0.144944 -0.392336  0.211315 -0.059350  0.139074  0.107392
 0.407748
