1 32
 0.176777 -0.111006 -0.060787  0.216168  0.012929 -0.027485 -0.051826  0.138489  0.023514  0.139409 -0.265886  0.089996  0.004436 -0.218911  0.233478  0.083178  0.057453  0.249031 -0.012817 -0.158685  0.362265  0.146669  0.199177  0.388627  0.237196 -0.105387  0.078318 -0.308429  0.239681  0.056875 -0.102625  0.033244
 0.176777  0.151701 -0.040694  0.068645 -0.209831  0.095364 -0.400523  0.211564 -0.003638 -0.334089  0.037524 -0.387309 -0.086300  0.164583  0.095321 -0.230748 -0.092488 -0.114844 -0.147930  0.092554  0.406312 -0.081516  0.102207 -0.156073  0.089311 -0.118546 -0.044890 -0.013826 -0.085655  0.062187  0.163643 -0.014338
-0.176777  0.008170  0.024213  0.265176  0.234149  0.188505 -0.043503  0.060138  0.140373  0.070654 -0.024998  0.014308  0.068685  0.346026  0.000278  0.000714  0.183063  0.025532 -0.033481  0.265417 -0.223275 -0.025961  0.200788  0.283969  0.063732 -0.249180  0.047001 -0.185903 -0.442975 -0.058840  0.178204  0.200881
 0.176777 -0.189484  0.345257 -0.080599 -0.062736 -0.123479 -0.059048 -0.050387  0.011213 -0.242483  0.036545 -0.059235  0.290277 -0.194603  0.164544 -0.096812 -0.029090  0.073071  0.083756 -0.250058 -0.214694  0.406470  0.216795 -0.102529 -0.055234  0.099673 -0.218195 -0.108308 -0.271552  0.025514  0.144496  0.217813
-0.176777 -0.233058  0.446321  0.146484 -0.239096 -0.099951 -0.172180  0.029449 -0.037152  0.139762 -0.374066 -0.057052  0.066444 -0.021332  0.107976 -0.218390  0.085487 -0.139069 -0.217525  0.002460 -0.176001 -0.275149 -0.109699  0.000243 -0.228757 -0.173643 -0.026659 -0.062411  0.065118  0.048247 -0.222433 -0.178792
 0.176777  0.052308  0.311317 -0.164511  0.431751  0.198451 -0.042113 -0.201953 -0.047991  0.052939  0.182253 -0.144467  0.029111  0.235219  0.154216 -0.234629 -0.113808 -0.022953 -0.140857 -0.008635  0.056414  0.183689 -0.349557  0.126963  0.177658  0.002403  0.030457 -0.099239  0.107719 -0.123270 -0.318727  0.011069
-0.176777 -0.129093 -0.092941 -0.087727 -0.125125 -0.059272  0.158727  0.337869 -0.041903 -0.095868  0.185655  0.216694 -0.039222  0.225072  0.391731 -0.047810  0.107586  0.155365 -0.126856  0.038467  0.041019  0.246152 -0.121718  0.083080 -0.090357 -0.298458 -0.274769  0.390096  0.089711  0.003378 -0.069297  0.043300
 0.176777 -0.273653 -0.208519 -0.133184 -0.018826  0.065989 -0.035457  0.036502  0.048404  0.204547  0.110107  0.200110  0.250149 -0.124839 -0.136132 -0.115028 -0.076746  0.054557 -0.639568 -0.116126  0.029740 -0.032850 -0.118087 -0.065165  0.051869 -0.039962  0.267070  0.060200 -0.205700  0.057148  0.206353 -0.011081
 0.176777 -0.103932  0.202480 -0.062500  0.004677  0.152575  0.287282  0.146835 -0.153528 -0.069932  0.116136 -0.170538  0.277340 -0.048977 -0.039605  0.170760  0.255183 -0.103830  0.001686 -0.069440  0.259668 -0.423449  0.055989  0.189110 -0.166429  0.077094 -0.016194  0.148416  0.043785 -0.293540  0.013258  0.306638
-0.176777 -0.169611 -0.053924  0.141210  0.390061  0.214419 -0.078471  0.409835  0.013398 -0.047117 -0.184059  0.080374  0.160219 -0.253231 -0.180869 -0.150140 -0.272739 -0.143713  0.265315 -0.081582  0.112978  0.076732 -0.018427 -0.189445  0.016897 -0.125227  0.004652  0.194441 -0.109970 -0.189277 -0.155786 -0.064393
-0.176777 -0.303242  0.134401  0.090761  0.134578 -0.001636  0.277541 -0.046582 -0.028606 -0.103447  0.219031 -0.376345 -0.418695 -0.157037 -0.002276  0.099064 -0.199447 -0.152191 -0.179536 -0.155889 -0.121904  0.024249  0.256951  0.108540  0.116550 -0.195235  0.157864  0.105523  0.094569  0.106518  0.118601 -0.086164
-0.176777  0.291642  0.144029 -0.249641  0.179210  0.030272 -0.119160  0.072696 -0.011237  0.113255  0.173056  0.210026  0.028925  0.086299 -0.028009  0.015156  0.123439 -0.231735  0.070679 -0.494233  0.183912 -0.031108  0.109970  0.077737 -0.266780 -0.213744  0.007697 -0.169180  0.012471  0.253835  0.199316 -0.175560
 0.176777 -0.028394 -0.006179  0.240605  0.042832  0.117004  0.206748 -0.254937  0.095042  0.023793 -0.213391 -0.150964  0.076729  0.176396 -0.040285 -0.216946 -0.029297  0.332869  0.189954 -0.150149  0.057666  0.067417 -0.168632 -0.058006 -0.285390 -0.214420  0.089638  0.161650  0.181470 -0.071027  0.440714 -0.139226
 0.176777  0.184833  0.115740  0.224742 -0.050625  0.077096  0.098959  0.239152 -0.495043 -0.085863  0.070955  0.191694 -0.134041 -0.048807  0.202083 -0.021374 -0.147016  0.131951  0.062167 -0.146858 -0.223510 -0.216639 -0.197982  0.109210  0.174240  0.140873  0.034436 -0.048062 -0.249074 -0.038107  0.172358 -0.282765
 0.176777 -0.197654 -0.216075 -0.333524  0.037386  0.012751 -0.377917 -0.011226  0.030820 -0.108893 -0.150690 -0.005619 -0.330055 -0.124770 -0.043777 -0.047520 -0.062372 -0.071984  0.130246 -0.063221 -0.211465 -0.093012 -0.204267  0.470485 -0.192121 -0.057410 -0.102991  0.058603 -0.018907 -0.146086  0.139138  0.145722
-0.176777  0.055919  0.159898 -0.149864 -0.020219 -0.158532  0.086108 -0.091891  0.048523  0.180657  0.025275  0.034072 -0.169243 -0.258008 -0.099428 -0.276559  0.227490  0.010185 -0.057021  0.160056  0.249554  0.080578  0.041326  0.054437  0.214554  0.022030 -0.273051 -0.017396 -0.130841 -0.468065  0.269068 -0.271436
-0.176777  0.010946  0.203931 -0.094813 -0.026179  0.174781 -0.104458 -0.024810 -0.131068 -0.090215  0.155375 -0.005323 -0.072962 -0.213195 -0.109392  0.215467 -0.212535  0.466502 -0.067283  0.321850  0.221594  0.093732 -0.017624  0.070502 -0.461574 -0.029565  0.101558 -0.136581 -0.153042  0.030992 -0.092635 -0.081849
 0.176777 -0.011195  0.202512 -0.275919  0.179188 -0.230558 -0.042577  0.197286  0.038181 -0.022639  0.003990  0.007909  0.220224 -0.134075  0.140962  0.184071  0.000093 -0.055155  0.167330  0.456565 -0.121878 -0.071059 -0.081086 -0.088865  0.166914 -0.271961  0.211805 -0.020432  0.235771  0.125804  0.312544 -0.114614
 0.176777 -0.179703 -0.129591 -0.157143 -0.110599  0.337020 -0.010111  0.240013  0.031101  0.211734  0.140980 -0.246115 -0.099877  0.030636 -0.078808  0.160441  0.268643  0.176232  0.082524 -0.117275 -0.236587  0.013506 -0.009152 -0.316970  0.028606 -0.188300 -0.186438 -0.338903  0.048024 -0.138112 -0.115139 -0.203240
-0.176777  0.201283 -0.114467  0.010953 -0.060804  0.298637 -0.065398 -0.112683  0.080045 -0.397705  0.181620  0.090868  0.282515 -0.255555 -0.054850 -0.287209  0.095039  0.138029 -0.096141  0.011633 -0.292687 -0.138175  0.176614  0.171231  0.107181 -0.074194 -0.014611 -0.017937  0.362882 -0.041030 -0.052804 -0.110913
-0.176777 -0.345428 -0.048365  0.119800 -0.163496  0.179705 -0.025524 -0.023505  0.241847  0.137691  0.294189 -0.091753  0.241163  0.017382  0.138109  0.009621 -0.145063 -0.153051  0.252091  0.086016  0.134098 -0.059482 -0.231149  0.241104  0.054564  0.302682 -0.191198 -0.087971 -0.013594  0.244669  0.158658 -0.223293
-0.176777  0.156157 -0.006155 -0.203378  0.086594 -0.087551  0.217123  0.376107  0.370240 -0.006614 -0.085603 -0.242771 -0.131671 -0.091793  0.174190 -0.303748  0.111359  0.253280  0.012601 -0.086073 -0.062810 -0.115070 -0.124602 -0.007722 -0.069097  0.318676  0.273273 -0.086520 -0.092867  0.131208 -0.011188  0.126878
 0.176777  0.295759 -0.022925 -0.076336 -0.023309  0.095537  0.043558  0.136725  0.132961  0.094678 -0.230633 -0.270550  0.193432  0.014126  0.008093  0.240147 -0.029496 -0.130505 -0.184430  0.029644 -0.137698  0.274069  0.164534  0.294198 -0.118872  0.149053 -0.032588  0.303139 -0.095000 -0.038976 -0.083015 -0.434796
 0.176777 -0.135286 -0.085304 -0.109518  0.270979 -0.001271  0.093438 -0.301870  0.179102 -0.248154 -0.107023  0.079712 -0.046195 -0.085744  0.206568  0.052498  0.179641  0.134823  0.043073 -0.007773  0.141404 -0.340343  0.082603 -0.090482  0.057725 -0.114506 -0.175713  0.139262 -0.354702  0.251410 -0.223811 -0.287202
-0.176777 -0.066927 -0.146072 -0.090902  0.074610 -0.509931  0.010662  0.062553 -0.006906 -0.184572  0.013701 -0.178925  0.276592  0.300231 -0.175862  0.121761 -0.291424  0.233400 -0.058426 -0.193958 -0.004607 -0.179323 -0.024984  0.113075  0.073759 -0.071166 -0.121570 -0.219284 -0.009622 -0.234196 -0.065454 -0.166484
 0.176777  0.279130  0.152941  0.057159 -0.078462  0.047988  0.077937  0.024664  0.417948  0.270262  0.098579  0.117381 -0.076730 -0.114160  0.092357  0.050869 -0.507325  0.060698 -0.067998 -0.024605 -0.070322 -0.270574  0.083575 -0.047729 -0.003421 -0.184714 -0.332527  0.026556  0.024692 -0.075722 -0.007621  0.205567
-0.176777  0.242653 -0.301258  0.174668  0.083323 -0.144533 -0.112615 -0.184585 -0.177473  0.200463  0.115977 -0.368372  0.181993 -0.392088  0.323155  0.090654  0.097243 -0.056888 -0.014636 -0.063801 -0.037989  0.005164 -0.261102 -0.046836 -0.078852 -0.233663 -0.024906  0.015464 -0.143050 -0.043111 -0.015794  0.143609
 0.176777 -0.091728 -0.269768  0.005020  0.273493 -0.124164  0.118070  0.053897 -0.269649  0.192425  0.085009 -0.013816  0.013638  0.032947  0.162748 -0.363782 -0.116957 -0.095304 -0.044179  0.253283 -0.053554 -0.067569  0.383197 -0.024842 -0.380126  0.163076 -0.172093 -0.183517  0.134286  0.044392 -0.001651 -0.071266
-0.176777  0.043176 -0.124687 -0.193568 -0.014296  0.274776  0.371010 -0.059512 -0.066828 -0.253495 -0.426434  0.043752  0.018962 -0.019515  0.154744  0.137560 -0.162783 -0.246740 -0.211183  0.064237  0.058921  0.070100 -0.181997 -0.085040 -0.013733 -0.022827 -0.190320 -0.374852  0.022828 -0.004769  0.179725  0.075797
-0.176777 -0.026966  0.101536  0.103951  0.387120  0.072628 -0.320473  0.054735 -0.061130  0.051552 -0.129027 -0.049754 -0.048544  0.028638  0.021051  0.245643  0.111363  0.242326 -0.265657 -0.056603 -0.049809 -0.098494  0.000898 -0.151016  0.070392  0.339384 -0.343104  0.167346  0.246173  0.103646  0.270683  0.078935
 0.176777 -0.012719 -0.001693  0.401224  0.154669 -0.178830 -0.030369  0.090124  0.356751 -0.304854  0.204863  0.181878 -0.129977 -0.074099  0.067919  0.168274  0.168545 -0.215361 -0.174731  0.003954 -0.011793  0.088360 -0.196790 -0.072458 -0.293702  0.092879  0.058962 -0.204268  0.079120 -0.262401  0.002906 -0.140062
 0.176777  0.106643  0.037748  0.162783  0.066912 -0.141670  0.203337  0.164934 -0.063064 -0.057878  0.020373 -0.100272 -0.006998 -0.143033 -0.529134 -0.131616  0.133115 -0.002062 -0.075285  0.094824  0.001028  0.090775 -0.267279  0.168385  0.020253 -0.133976 -0.357201 -0.058006 -0.016166  0.447115 -0.053957  0.089052
 0.176777
