7 8
 0.717657  0.194129 -0.059985 -0.019115  0.006579  0.002173 -0.000266 -0.665786 
 0.696397 -0.200449  0.061842  0.019705 -0.006776 -0.002238  0.000274  0.685994 
 0.000286  0.960278  0.024957  0.007979 -0.002740 -0.000906  0.000111  0.277797 
-0.000025  0.000076  0.995969 -0.002583  0.000882  0.000293 -0.000036 -0.089654 
-0.000007 -0.000002  0.000009  0.999588  0.000282  0.000095 -0.000011 -0.028704 
-0.000002 -0.000005  0.000003  0.000001  0.999951 -0.000033  0.000004  0.009877 
-0.000001 -0.000001  0.000000 -0.000001  0.000000  0.999995  0.000001  0.003263 
 0.000000  0.000000  0.000000  0.000000  0.000000  0.000000  1.000000 -0.000399 
 1.000000
