9 47
-0.014492 -0.403360 -0.000000 -0.000000  0.000000 -0.028985 -0.000000 -0.000000 -0.000000  0.064748 -0.014358  0.014985  0.052522 -0.102170 -0.130775 -0.151270 -0.056761 -0.108256  0.203385 -0.054042 -0.163013  0.200873  0.110540 -0.201192 -0.057130  0.004672 -0.120037 -0.007265  0.089747  0.410696 -0.026156 -0.034126  0.047076  0.063704 -0.090829  0.272932  0.091441  0.197383  0.146730  0.016295  0.082458 -0.296733 -0.218036  0.148021  0.183566 -0.212734  0.043481
-0.000000 -0.000000 -0.000000  0.000000 -0.000000  0.000000  0.000000 -0.000000  0.446838 -0.072721  0.138476 -0.072186  0.053804 -0.090624 -0.122579 -0.016097 -0.044063 -0.017645  0.079571  0.150948 -0.037435 -0.138221  0.220041 -0.036443  0.164779  0.059508  0.200898  0.069574 -0.078604  0.087684  0.100854  0.259356 -0.084327 -0.299016 -0.150208 -0.272787  0.275713  0.126744  0.044738  0.027708  0.212101 -0.117384  0.229659 -0.163229  0.137074  0.059568  0.163129
-0.000000  0.000000 -0.000000 -0.000000 -0.446838  0.000000 -0.000000 -0.000000  0.000000  0.043481  0.157412  0.209706 -0.137976  0.176146 -0.242529 -0.035145  0.075593  0.297913 -0.157845 -0.229978 -0.125310 -0.044542  0.261458  0.090255 -0.037746 -0.188265 -0.170596  0.068127  0.013176  0.068616  0.254445  0.113133 -0.215678  0.015088 -0.000602  0.113337  0.057091 -0.106864  0.007473 -0.095596  0.134462  0.005091 -0.146449 -0.136348 -0.063445  0.133619 -0.191266
 0.014492 -0.000000  0.028985 -0.000000  0.000000 -0.000000 -0.000000 -0.403360  0.000000  0.076367 -0.099070 -0.139356  0.056823  0.118411 -0.018914 -0.183468  0.209913 -0.308038 -0.305320 -0.026896  0.109817 -0.293423  0.133378 -0.169254  0.232053  0.023600 -0.137529  0.019411 -0.226795 -0.080546  0.002107  0.024379 -0.081492 -0.048782 -0.037252 -0.110674 -0.063056 -0.161473  0.083305 -0.031463  0.101108 -0.078946 -0.239772  0.305275 -0.000035 -0.111493 -0.001606
 0.000000  0.000000  0.446838 -0.000000  0.000000  0.000000  0.000000 -0.000000  0.000000  0.191648 -0.046062 -0.039904  0.134597 -0.004635  0.011216  0.135378  0.013812  0.150629  0.141572 -0.184908 -0.093125 -0.116031  0.057955 -0.326499 -0.066433 -0.104014 -0.149685 -0.020522 -0.145226 -0.189040  0.090431  0.196517  0.258051 -0.153734 -0.011089  0.072530 -0.072118  0.106406  0.012461  0.199141 -0.050434  0.308674 -0.091952 -0.192609  0.005801 -0.226041  0.161128
 0.000000 -0.000000 -0.000000 -0.000000  0.000000  0.000000 -0.000000 -0.000000  0.446838  0.059371 -0.141106  0.144785  0.068205 -0.009384  0.136849 -0.040930 -0.115146 -0.095359  0.101288  0.083972  0.026975 -0.144461 -0.145420 -0.313695 -0.077680  0.086005 -0.031175  0.098084 -0.111985 -0.038925 -0.045663  0.085028 -0.264307  0.219747  0.073650  0.293445 -0.284188 -0.043861 -0.198321 -0.018688  0.075021 -0.193540  0.028047 -0.225613 -0.196288  0.089784 -0.170813
-0.000000  0.000000  0.000000  0.446838  0.000000  0.000000  0.000000  0.000000 -0.000000 -0.067736 -0.138427 -0.068526 -0.280914 -0.198305 -0.153460  0.220000 -0.147078  0.044374  0.099080 -0.011066 -0.119674  0.252920  0.218247 -0.052322  0.295932  0.140280 -0.137291  0.012043 -0.228582 -0.303437 -0.188948 -0.047574  0.037324  0.086689 -0.060988  0.108377 -0.030374 -0.031563  0.024221 -0.136797  0.185979  0.050630  0.021385  0.084949  0.039591  0.135549 -0.024660
-0.000000  0.000000  0.000000 -0.000000  0.000000  0.446838 -0.000000 -0.000000 -0.000000 -0.097731 -0.025300  0.019222 -0.007574  0.206828  0.299898 -0.226943 -0.026008  0.132301  0.242399  0.053348  0.024224  0.139801  0.136965  0.250340  0.160282  0.084428  0.038626 -0.036706 -0.099061  0.090207  0.051835  0.254516  0.011442  0.101884 -0.173604 -0.073196 -0.254947  0.003871 -0.192014  0.199139  0.119665  0.125375 -0.126586  0.098182  0.163181 -0.111654 -0.144007
-0.000000 -0.000000 -0.446838  0.000000 -0.000000 -0.000000  0.000000  0.000000 -0.000000  0.116613 -0.085802  0.050179 -0.276060  0.088167  0.035784 -0.188252  0.033926  0.121257  0.018237  0.192645  0.016970 -0.076044 -0.017292 -0.057379 -0.069561  0.026948 -0.087446  0.017767  0.081252 -0.000825 -0.165142  0.184336  0.380454 -0.044431  0.252053 -0.009007 -0.008954 -0.160234  0.164114  0.021556  0.283759  0.023547 -0.143868 -0.234590 -0.124375 -0.082298  0.263215
-0.000000 -0.000000  0.000000 -0.446838  0.000000 -0.000000  0.000000 -0.000000  0.000000  0.089604 -0.166371  0.117777 -0.176823 -0.010014 -0.011628  0.121972 -0.185018 -0.079050  0.129629  0.021989 -0.106444 -0.046579 -0.194786  0.033040  0.165333 -0.247673 -0.154174 -0.257102  0.075603 -0.115567 -0.012146 -0.008174 -0.186311 -0.107737 -0.167419  0.088337 -0.070555 -0.326792  0.120227 -0.037207  0.131518  0.018795  0.148109  0.022548  0.371013 -0.015559  0.092158
-0.000000  0.000000  0.000000  0.000000  0.028985  0.000000 -0.000000 -0.417853  0.000000 -0.019504 -0.017194 -0.065267  0.004762 -0.009039  0.038874  0.133850 -0.026758  0.058419  0.135329 -0.261718  0.190344 -0.116429 -0.006764  0.121674  0.246931  0.076601  0.043282  0.115933  0.246957  0.130882 -0.107078  0.234554 -0.119717  0.166500  0.385534  0.293238  0.198487  0.063643  0.042489  0.124327 -0.056543  0.160520  0.129051  0.023496  0.127177  0.099869  0.089737
-0.014492  0.403360 -0.000000  0.028985  0.000000 -0.000000 -0.000000 -0.000000  0.000000 -0.132762  0.241507 -0.328515 -0.063684  0.076416 -0.069423 -0.115656 -0.044184  0.147671  0.212402  0.018047  0.086076  0.109993 -0.192289 -0.372625  0.038820  0.093516 -0.165841  0.034885  0.140592  0.174537 -0.046341  0.053416 -0.123868  0.065408 -0.207795 -0.063287  0.083955 -0.201599  0.280275 -0.051217 -0.077378  0.098551 -0.005147  0.015944 -0.096610 -0.102307 -0.184658
 0.000000 -0.000000 -0.000000 -0.446838 -0.000000 -0.000000  0.000000 -0.000000  0.000000  0.202942  0.115162 -0.069683  0.125922 -0.145167 -0.054106 -0.053641  0.027417  0.066029  0.004605 -0.004928  0.173230  0.273722  0.199798 -0.029803  0.025854 -0.055853 -0.241267 -0.182844 -0.135047 -0.070140 -0.125152  0.117387  0.096078  0.244821  0.006608 -0.071216  0.155170  0.061332 -0.148293  0.108768  0.141273 -0.066535  0.227190  0.186236 -0.360587  0.149408  0.019948
-0.000000  0.000000 -0.000000 -0.000000 -0.000000 -0.000000 -0.446838 -0.000000 -0.000000 -0.212183 -0.198117 -0.017571  0.204761 -0.362764 -0.105250 -0.106781 -0.108552  0.256320 -0.030847 -0.184106 -0.001132 -0.120613 -0.127629 -0.063280 -0.113885 -0.045569  0.121911 -0.128878  0.054030 -0.076345  0.064800  0.007331 -0.017909  0.224389  0.170518 -0.300839 -0.039558 -0.006456  0.069023 -0.003306  0.292799 -0.008154 -0.130396  0.071434  0.121041 -0.040399 -0.110631
-0.000000  0.417853 -0.000000  0.000000 -0.000000  0.000000  0.000000 -0.000000  0.028985 -0.002510  0.109325  0.239691  0.003662 -0.305147  0.056943 -0.035543  0.115236 -0.140543 -0.049160 -0.106505 -0.183494  0.067368  0.032985  0.090199  0.015306  0.271397 -0.309079 -0.079597  0.014927  0.237356  0.008834 -0.173215 -0.192356 -0.128279  0.108773 -0.064577 -0.234262  0.129780  0.019850  0.223818  0.084848  0.076662 -0.088141 -0.040119  0.007140  0.074328  0.284945
-0.000000  0.000000  0.446838  0.000000 -0.000000 -0.000000  0.000000 -0.000000  0.000000 -0.160216  0.146839  0.104880  0.055653  0.155962  0.024521 -0.152545  0.150880  0.070465  0.056432  0.198429  0.274213 -0.075945 -0.054400  0.093986  0.042831  0.036484 -0.298660  0.012433  0.178185 -0.098153 -0.180014 -0.171841  0.161478 -0.043178  0.105808  0.026849 -0.041341  0.190971  0.030078 -0.299072  0.280368 -0.137410  0.061536 -0.106206  0.196563  0.091606 -0.062996
-0.000000  0.000000 -0.000000  0.000000 -0.000000  0.000000  0.000000 -0.000000 -0.446838 -0.186205 -0.037803  0.187124 -0.131193 -0.122551  0.173269 -0.328879 -0.064657 -0.269377 -0.016709 -0.098984 -0.034188 -0.173473  0.095171 -0.191955 -0.004017 -0.003060  0.056233 -0.009292 -0.009757 -0.114986 -0.097219  0.032426 -0.037797  0.026088 -0.222735  0.076775  0.279583  0.114831  0.021040  0.224812  0.087629  0.045887  0.136129 -0.289510 -0.023651  0.141887 -0.186949
 0.446838 -0.000000  0.000000 -0.000000 -0.000000 -0.000000 -0.000000  0.000000 -0.000000 -0.141122 -0.036991 -0.072689 -0.201099  0.008255 -0.285004 -0.151161  0.037855 -0.013545 -0.063229  0.131750 -0.097724 -0.054622 -0.139072  0.125289  0.159793 -0.050248 -0.030304 -0.113228  0.050985 -0.101371  0.137130  0.012271 -0.142611  0.065265  0.063378  0.120319 -0.067099  0.309558 -0.063420  0.044220  0.028939  0.058274  0.217225 -0.003308 -0.226321 -0.482561  0.009833
 0.000000  0.000000  0.000000  0.000000  0.446838  0.000000  0.000000  0.000000  0.000000 -0.202874  0.200598  0.173230 -0.082095  0.255910 -0.030167  0.037055  0.171268  0.194845  0.128758 -0.008093 -0.133619 -0.113126  0.199445 -0.122222 -0.182778 -0.062226  0.161262 -0.387931 -0.216770 -0.030150 -0.202834 -0.025697 -0.264730  0.009586  0.158975  0.073194  0.079920 -0.005261  0.054295 -0.038123 -0.013217  0.003391 -0.088024  0.114136 -0.025529  0.020733  0.089265
 0.000000  0.000000  0.000000  0.000000 -0.000000  0.446838  0.000000  0.000000  0.000000  0.159206  0.007622 -0.027046 -0.105620 -0.100895  0.225765 -0.122335  0.008304  0.306914 -0.220125 -0.192063 -0.127286 -0.010450 -0.036846 -0.107338 -0.181328  0.046845 -0.042538  0.302789  0.022718 -0.163436 -0.181676 -0.091513 -0.163277 -0.143234  0.003680  0.036459  0.107880  0.017633  0.016999 -0.097145 -0.035741 -0.210857  0.283092  0.168299  0.064558 -0.173086  0.149781
 0.014492 -0.000000  0.000000 -0.000000  0.000000 -0.000000  0.028985  0.403360  0.000000  0.038462 -0.100578  0.005573  0.220375  0.334700 -0.039377 -0.207725  0.000037 -0.117019 -0.112091 -0.186950 -0.129205  0.041383  0.158715 -0.178098  0.220618  0.195994  0.100471 -0.024609  0.209681 -0.107801  0.139558  0.013118 -0.002376  0.311015  0.067291 -0.023786 -0.102290 -0.026287  0.165234 -0.134989 -0.022390  0.090414  0.184562  0.029367  0.077779  0.115568  0.297109
-0.000000 -0.000000  0.000000 -0.000000 -0.000000 -0.446838  0.000000 -0.000000  0.000000 -0.117296 -0.058738 -0.260909 -0.059119  0.149098  0.087427 -0.205371  0.059294 -0.004300  0.032180 -0.110934 -0.226316  0.122178 -0.060653  0.017344 -0.137846 -0.059641 -0.163624  0.188556 -0.121769  0.062837 -0.125558  0.024606 -0.094891  0.051281  0.076453 -0.122983  0.115133 -0.104080 -0.527529 -0.040039  0.078616  0.098330  0.057091 -0.034327  0.239006 -0.062144  0.120909
 0.000000  0.000000  0.446838 -0.000000 -0.000000  0.000000  0.000000  0.000000 -0.000000  0.230974  0.086837 -0.155783 -0.257434 -0.113715  0.097477 -0.140469  0.153202 -0.120891  0.077817  0.207665 -0.310969  0.078300 -0.044171  0.150879 -0.038406 -0.043097  0.241110  0.095657 -0.077781  0.018871  0.125097 -0.008203 -0.014734  0.217358  0.279605 -0.041910  0.045468 -0.226777  0.255053  0.149306  0.075950 -0.088308  0.020726 -0.000491 -0.042965  0.096510 -0.076123
-0.000000  0.000000  0.000000  0.000000  0.000000 -0.000000  0.000000  0.000000 -0.446838 -0.114313 -0.156189 -0.242247  0.040563  0.058538 -0.116573  0.166656  0.125021  0.148551 -0.042717  0.203678  0.140327  0.063736 -0.001124 -0.183606 -0.125072  0.084595  0.053921  0.042437 -0.095756  0.129709  0.253443  0.153518 -0.132986 -0.178733  0.060403  0.154277 -0.284449 -0.008207 -0.036377  0.148928  0.194280 -0.232324  0.204931  0.010489  0.067228  0.202637  0.130420
-0.446838 -0.000000  0.000000 -0.000000 -0.000000 -0.000000  0.000000 -0.000000  0.000000 -0.138363 -0.262979  0.018333 -0.065471  0.032789 -0.036449  0.152474  0.171803 -0.025591  0.076177 -0.037616 -0.142908 -0.196915  0.243816  0.042146  0.038684 -0.151086 -0.128200  0.048544  0.024332  0.274956 -0.141225 -0.060589  0.087526  0.100816  0.035958 -0.191214 -0.196401  0.013214  0.099257 -0.011696 -0.068321 -0.025119  0.400732 -0.050577 -0.141653 -0.237208 -0.178416
 0.014492  0.000000 -0.028985 -0.000000  0.000000  0.000000  0.000000 -0.403360  0.000000  0.064546 -0.103572 -0.052535  0.121845  0.255677  0.118043  0.022983 -0.111222  0.085351  0.183592 -0.168918 -0.067316  0.189851  0.060625  0.003770  0.042938  0.169630  0.091118 -0.160636  0.037866 -0.071368  0.244884 -0.495308  0.030549 -0.082675 -0.004185 -0.076137  0.107402 -0.093737 -0.020807  0.042722  0.189155 -0.160424  0.078202 -0.272721 -0.175230 -0.110856  0.006619
-0.000000 -0.000000  0.446838  0.000000  0.000000  0.000000  0.000000  0.000000 -0.000000 -0.146560 -0.273707  0.146618 -0.204658  0.059459 -0.088547 -0.017224 -0.304799  0.046573 -0.225870 -0.037754  0.135362  0.068980  0.018605  0.035478 -0.019820  0.147047  0.134621 -0.081479  0.143241  0.268092 -0.184908  0.134152 -0.017072 -0.067076 -0.120126 -0.064235  0.070094 -0.226439 -0.140232 -0.023007 -0.016414 -0.064694 -0.113552  0.027224 -0.295138 -0.044331  0.241740
 0.014492 -0.403360 -0.000000  0.028985  0.000000  0.000000 -0.000000 -0.000000  0.000000 -0.005646  0.140769  0.168551  0.058514  0.050345  0.064545  0.171183  0.030885 -0.093688 -0.061010  0.035709 -0.026885 -0.004051 -0.197056 -0.029081 -0.178462  0.320856 -0.074972  0.081517 -0.054807  0.124791  0.056546  0.002483 -0.083126 -0.046418 -0.041547 -0.043886  0.061815 -0.127610  0.095564 -0.046984  0.361235  0.494552  0.207908  0.179735 -0.125959 -0.055968 -0.103986
 0.000000  0.000000 -0.000000 -0.000000  0.028985  0.000000 -0.000000  0.417853 -0.000000  0.114154 -0.129726 -0.125621  0.162194 -0.067929  0.080782 -0.102245 -0.014266  0.084374 -0.135242 -0.014117  0.185362  0.047718  0.068085  0.009525  0.316713 -0.026080  0.031428 -0.092659 -0.197063  0.199916 -0.112071 -0.178868 -0.118151 -0.321241  0.322157  0.184764  0.165619 -0.147544 -0.001614  0.063565  0.065088  0.104970 -0.034550 -0.112048  0.012398 -0.151696 -0.263511
-0.000000 -0.000000  0.000000 -0.000000  0.446838  0.000000  0.000000  0.000000 -0.000000  0.040043  0.078471 -0.045759  0.104286 -0.079110  0.022966  0.210614  0.064122  0.177218 -0.392031  0.175120 -0.030107 -0.043220  0.098707  0.098167  0.090536  0.001860 -0.135415  0.135107  0.098958  0.059480  0.084158 -0.051039 -0.010897  0.369280 -0.282427  0.117865  0.104989 -0.135905 -0.031714  0.127320  0.102012 -0.015085 -0.094870 -0.298310  0.120808 -0.133736  0.025866
-0.000000  0.000000  0.000000 -0.000000  0.000000 -0.446838 -0.000000  0.000000  0.000000  0.042178  0.176149  0.040970 -0.136586  0.046337  0.313726 -0.051653 -0.388955  0.245172 -0.172217 -0.032466 -0.008962 -0.174495  0.051207  0.073924  0.040872  0.238732 -0.087620 -0.138992 -0.165918  0.024991  0.140858  0.099903  0.152995  0.008144  0.016132  0.027917 -0.129830  0.100144  0.181066  0.064658 -0.109607 -0.188892  0.155049  0.169678  0.089308 -0.070481 -0.133285
-0.446838  0.000000  0.000000  0.000000  0.000000  0.000000  0.000000  0.000000 -0.000000  0.072426 -0.111006 -0.209738 -0.003857 -0.056573  0.028404 -0.084797  0.211920 -0.031148 -0.081339 -0.126773 -0.051781  0.079493 -0.255800  0.252701 -0.053434  0.246928 -0.005479 -0.324563 -0.092455 -0.112715  0.067079  0.291705 -0.116311 -0.024596 -0.133865  0.172709  0.110868  0.171728  0.076755 -0.282038  0.015713 -0.037697 -0.077252 -0.185156 -0.067161 -0.066288  0.027162
 0.000000 -0.000000 -0.000000 -0.000000 -0.446838 -0.000000  0.000000 -0.000000 -0.000000  0.158357 -0.002531 -0.284756 -0.009813  0.043760  0.111909  0.097055 -0.016300  0.150388 -0.053738  0.218442 -0.054907 -0.290629  0.029583 -0.038109 -0.016865  0.008825  0.190861 -0.218999  0.004421  0.136398 -0.313662 -0.277919 -0.095405  0.199276 -0.194030  0.065607 -0.012922  0.217220 -0.030603  0.075212  0.105890  0.177331 -0.066045  0.015107  0.035815  0.083012  0.166694
 0.000000 -0.000000 -0.000000  0.000000  0.000000 -0.000000 -0.446838 -0.000000  0.000000 -0.029384  0.116026 -0.011417 -0.023212 -0.200009 -0.025036 -0.217280  0.106519  0.014186  0.218683  0.036094  0.106462 -0.219552  0.174308  0.111924 -0.004554  0.082091  0.026697  0.027694 -0.111058  0.080672  0.187387 -0.153201  0.163213 -0.023413 -0.168665  0.350406 -0.022452 -0.298650 -0.137264 -0.208309 -0.165143  0.102507  0.154581  0.049988 -0.077318  0.000997  0.219576
 0.014492  0.403360 -0.000000  0.000000 -0.000000 -0.028985 -0.000000 -0.000000  0.000000  0.270677 -0.182907  0.331500 -0.121354  0.135386 -0.193427  0.045518  0.118851 -0.004469  0.014357 -0.059093  0.208657  0.054851 -0.142214 -0.060250 -0.084885  0.068936  0.225689  0.087220 -0.317737  0.170690  0.059198 -0.049416  0.162789  0.198251 -0.081817  0.037788  0.189312  0.134859 -0.031154 -0.049142  0.126544  0.007821  0.109190  0.097290  0.251386 -0.129206 -0.060185
-0.000000  0.417853  0.000000 -0.000000  0.000000 -0.000000  0.000000  0.000000 -0.028985 -0.073569 -0.043866 -0.065402  0.282144  0.050663  0.132858  0.122471 -0.212291 -0.192633 -0.032298  0.128430 -0.284329 -0.036498  0.206402  0.105377 -0.198259 -0.113977  0.063060  0.033404  0.189803 -0.053695  0.008092  0.138808  0.119985 -0.109549  0.043010  0.310293  0.118413  0.001998 -0.026441 -0.156564  0.295995  0.011612 -0.022069  0.247201 -0.100938 -0.110228 -0.107002
-0.000000  0.000000 -0.000000 -0.000000 -0.000000 -0.000000  0.446838  0.000000  0.000000 -0.068302  0.251654 -0.109523  0.171256 -0.124485 -0.332480 -0.141178 -0.075040 -0.015726  0.017640 -0.325153  0.040087 -0.130713 -0.053463  0.201019 -0.115691  0.044986  0.206729  0.011226 -0.109009 -0.043353 -0.235423 -0.039653  0.149643  0.025879 -0.081204  0.114627 -0.270240 -0.236672  0.023587  0.114584  0.174837 -0.075374  0.088877 -0.066974  0.046132 -0.076430 -0.003890
-0.000000 -0.000000  0.000000  0.000000 -0.000000  0.446838 -0.000000 -0.000000 -0.000000 -0.114835  0.122292 -0.189639 -0.086976  0.091657 -0.145539  0.085394 -0.307929 -0.205655 -0.148186 -0.012024 -0.129255 -0.165080 -0.111620 -0.068693 -0.085140  0.052594 -0.240479 -0.211332 -0.226133  0.198769  0.147283 -0.043912  0.223552  0.117768  0.251310 -0.038174  0.150582 -0.003888 -0.163951 -0.079506 -0.101358 -0.023822  0.048574 -0.115217  0.128789  0.129934 -0.019234
 0.446838  0.000000 -0.000000 -0.000000 -0.000000  0.000000 -0.000000  0.000000  0.000000  0.138072 -0.345971 -0.096984  0.145930  0.023087 -0.071744  0.004720  0.033858 -0.015901  0.134558  0.034135  0.024999 -0.077521  0.241595  0.237264 -0.360465  0.266151 -0.220450 -0.043416 -0.049109  0.005198 -0.163467  0.102012 -0.108605  0.010297 -0.049815 -0.102707  0.068535 -0.092154  0.226731 -0.045518 -0.205963 -0.008328  0.040392 -0.146336  0.109100  0.062825 -0.139281
 0.000000 -0.000000 -0.000000  0.446838 -0.000000  0.000000  0.000000  0.000000  0.000000  0.356816  0.146330  0.024558 -0.068026 -0.088585  0.023347 -0.014271  0.090996 -0.117452 -0.033267 -0.010493  0.166383 -0.003440  0.100613 -0.116200 -0.125747 -0.065471 -0.013313 -0.423673  0.374998  0.002265  0.042914  0.123540 -0.043000 -0.010759  0.021901 -0.095262 -0.031819 -0.167439 -0.268330  0.059065  0.040677 -0.063079  0.198579  0.034880  0.139539 -0.117822 -0.099823
 0.014492 -0.000000 -0.000000  0.000000 -0.000000 -0.000000 -0.028985  0.403360  0.000000 -0.036009  0.014511 -0.134942 -0.204795  0.100394  0.095092  0.291818  0.085712 -0.132556  0.270655 -0.265360  0.176867 -0.315000 -0.042251  0.128792 -0.017915  0.103607 -0.134601  0.099471  0.061363 -0.115628  0.112606 -0.055771 -0.050189  0.062794 -0.043073 -0.050654  0.180684 -0.010148 -0.057048  0.209193  0.186652 -0.272238 -0.176653  0.143601 -0.134142 -0.077313  0.073844
-0.000000 -0.000000  0.000000 -0.000000  0.000000  0.000000 -0.000000 -0.000000  0.446838 -0.291778 -0.201298 -0.147513 -0.194575  0.059076  0.047351 -0.094947  0.198326 -0.011200 -0.239191 -0.114987  0.110058  0.166207  0.030675 -0.024438 -0.230041 -0.088977 -0.035429 -0.127184  0.096420 -0.052915  0.100985 -0.138201  0.198112 -0.072162 -0.090040  0.234710  0.026487  0.015452  0.135244  0.340046  0.008484  0.120267  0.087640  0.128459  0.095780  0.183200 -0.074270
-0.000000  0.000000 -0.000000  0.446838 -0.000000 -0.000000  0.000000  0.000000  0.000000  0.012444 -0.083909  0.102438  0.298374  0.123487  0.064695 -0.141000 -0.100657  0.056556  0.058600  0.035133  0.016237 -0.029209 -0.288592  0.197817  0.030061 -0.405213 -0.229216 -0.035866 -0.211425  0.096048  0.008074  0.029622 -0.071131  0.059923 -0.105551  0.010958  0.137353 -0.045103  0.191664  0.155663  0.027722 -0.073764  0.142182  0.076263 -0.154266  0.126389  0.255312
 0.446838  0.000000 -0.000000  0.000000  0.000000  0.000000 -0.000000  0.000000  0.000000 -0.078338  0.027074 -0.037699 -0.018783 -0.088229  0.341368  0.200909  0.297898 -0.007515 -0.062687 -0.309662 -0.133280  0.035389 -0.116224 -0.076453  0.178376 -0.145502  0.105527 -0.121800 -0.053109  0.279984 -0.070104  0.135639  0.220713 -0.007939 -0.116595 -0.020646 -0.093406 -0.023375  0.018926 -0.293223  0.094018 -0.121822  0.053323 -0.096422 -0.085329  0.117998 -0.033254
 0.000000 -0.000000  0.000000  0.000000 -0.446838  0.000000  0.000000  0.000000 -0.000000 -0.358531  0.114658  0.190138  0.180810 -0.048099  0.131180  0.187810  0.173436 -0.066975 -0.051684  0.160671  0.040862  0.174368  0.011089 -0.067690 -0.001069  0.122352  0.010428 -0.100443 -0.132173 -0.154226 -0.073674  0.091662  0.020026  0.154465  0.117087  0.043122  0.164359 -0.256964  0.048362  0.121770 -0.151003 -0.176895  0.035730 -0.068677  0.131963 -0.332995  0.128431
 0.000000  0.000000  0.000000 -0.000000 -0.000000  0.000000 -0.446838 -0.000000  0.000000  0.118033  0.086236  0.061187  0.114161  0.267022 -0.254962  0.050318  0.117849  0.024248 -0.066686 -0.010962 -0.327725 -0.014371 -0.217305  0.038956  0.175943  0.207945  0.002466  0.004924  0.087123 -0.048419 -0.311826  0.078564  0.156908 -0.169783 -0.082230  0.068877 -0.005211 -0.043612 -0.097513  0.311945 -0.057848 -0.170303  0.050858  0.032561 -0.015370  0.117708 -0.191316
 0.000000 -0.000000 -0.000000  0.000000 -0.000000  0.000000  0.446838 -0.000000  0.000000 -0.060063 -0.240044  0.132607  0.096875 -0.186465 -0.044046 -0.100161  0.196413  0.309472  0.128337  0.161092 -0.242628 -0.246940 -0.130199 -0.093512  0.157723  0.193488 -0.070904 -0.099437  0.129483 -0.001247  0.174035 -0.032122  0.149467 -0.010786 -0.006331  0.002075  0.221374 -0.111000 -0.203759  0.008073 -0.091469 -0.024101 -0.037265  0.228368 -0.031525  0.142225 -0.092964
 0.446838
