5 12
-0.699849  0.000000  0.000000  0.000000  0.000000  0.438664 -0.243649  0.052663 -0.396690  0.085850 -0.022249  0.300696
-0.000000  0.000000  0.699849 -0.000000  0.000000 -0.336352  0.157924 -0.281088 -0.401819  0.337516 -0.129377  0.031842
 0.000000  0.000000  0.079235  0.620614 -0.000000  0.293843  0.187605  0.115118  0.391892  0.547739 -0.131322  0.054087
-0.000000 -0.101050  0.044345  0.000000 -0.554454  0.224837  0.036302 -0.700715  0.237735 -0.143871  0.155215  0.190327
-0.000000  0.101050  0.044345  0.000000 -0.554454  0.094662  0.318624  0.398360 -0.265303  0.088119  0.500233 -0.287831
-0.000000  0.000000 -0.079235 -0.000000 -0.620614 -0.285439 -0.317089  0.270123  0.024629  0.049808 -0.585575  0.087110
-0.000000 -0.699849  0.000000 -0.000000 -0.000000 -0.253637 -0.397329  0.096617  0.092619  0.277420  0.426573  0.105688
-0.000000 -0.699849 -0.000000  0.000000 -0.000000  0.234842  0.438093  0.062077 -0.165252 -0.243923 -0.376756 -0.174728
 0.699849  0.000000 -0.000000 -0.000000 -0.000000  0.468475 -0.320031  0.000625 -0.395303  0.118232 -0.042360  0.127610
-0.101050  0.000000  0.044345 -0.554454  0.000000  0.267686 -0.159506 -0.115772  0.224133  0.418685 -0.143138 -0.569105
-0.000000  0.000000 -0.699849 -0.000000  0.000000 -0.229682  0.250859 -0.309631 -0.334190  0.429206 -0.045731  0.025761
 0.101050 -0.000000  0.044345 -0.554454 -0.000000  0.061221  0.369497  0.244627  0.214522  0.194412 -0.003855  0.629646
 0.699849
