20 26
 0.001775 -0.000290  0.000913  0.000979  0.000720  0.001220  0.665541 -0.007466 -0.000181  0.003238  0.001164 -0.006370 -0.002353  0.000706 -0.018988 -0.000563 -0.001452  0.001115 -0.057032  0.177814  0.003535 -0.014746  0.362093  0.058834  0.053061 -0.619743
-0.000201 -0.005027 -0.001845  0.002500  0.001683 -0.000672  0.006336 -0.728353 -0.017236  0.005967 -0.161164 -0.002155  0.003041 -0.001394  0.001631 -0.002512 -0.046358  0.000760  0.000617  0.001965  0.502429  0.093103  0.160132 -0.172438  0.330993  0.122073
-0.000755  0.004649  0.001450  0.171712  0.011986  0.000376  0.010119 -0.000271  0.700937  0.005836 -0.008401 -0.002652  0.001329 -0.007752 -0.000116  0.050873 -0.000083 -0.000942  0.002599  0.000428  0.240448  0.100588  0.261223  0.455153 -0.317796  0.178418
 0.000041  0.000500 -0.000050 -0.000317 -0.000056  0.000130  0.000062 -0.000017 -0.000201 -0.000018 -0.000052 -0.000080 -0.000008  0.000126  0.000101  0.000216 -0.997557 -0.000232 -0.000024  0.000064 -0.051693 -0.012438 -0.018207  0.019781 -0.035249 -0.009354
-0.001546  0.000342 -0.001398 -0.003751  0.007353 -0.000909  0.745946 -0.000201 -0.008643 -0.001325  0.005282 -0.001186  0.003936 -0.000465  0.001810 -0.000109  0.002717 -0.001628  0.050919 -0.159062 -0.017253  0.002315 -0.336837 -0.047942 -0.048887  0.544989
-0.000168  0.000069  0.000144 -0.000003 -0.000071  0.001918 -0.000005  0.000058  0.000011  0.000369  0.000007  0.000081 -0.000050 -0.000017  0.000085  0.000005  0.000077  0.996632  0.000060 -0.000058 -0.009063 -0.061749  0.009867  0.034215  0.036386  0.015313
 0.000214 -0.000179  0.000152 -0.970648  0.000115  0.000011 -0.000297 -0.000624  0.000539 -0.000615 -0.001731 -0.001517 -0.000355 -0.002679  0.000270  0.017529  0.000504  0.000203  0.000548  0.000603  0.084800  0.037130  0.089514  0.156379 -0.115977  0.055076
-0.000388  0.003276  0.000661  0.168174  0.008471  0.000087  0.000308  0.008528 -0.712746  0.002298 -0.000449 -0.015207  0.002531 -0.007557 -0.007767  0.050062  0.001862  0.000133  0.002043  0.000176  0.221909  0.104002  0.249947  0.450715 -0.330657  0.160214
-0.000219  0.000294 -0.997359  0.000082  0.000396 -0.000037  0.000007 -0.000077  0.000362 -0.000157 -0.000177 -0.000123  0.000004 -0.000166 -0.000000  0.000064  0.000205  0.000080 -0.000077 -0.000014 -0.028695 -0.004837  0.052812 -0.029322 -0.011118  0.025612
 0.001637 -0.011276 -0.001848 -0.000149  0.004236 -0.000626  0.014421  0.684787 -0.009303  0.007084 -0.172103 -0.000578  0.002141 -0.001396  0.023709 -0.003236 -0.049275  0.000624  0.000088  0.003252  0.537915  0.084093  0.171867 -0.195562  0.345513  0.119778
-0.000000 -0.000000  0.000000  0.000000 -0.000000 -0.000000  0.000000  0.000000  0.000000 -0.000000 -0.000000  0.000000 -0.000000 -0.999933  0.000000  0.000000  0.000000  0.000000  0.000000 -0.000000 -0.004582 -0.001618 -0.005785 -0.005841  0.004675 -0.004661
 0.001821 -0.003985 -0.018668  0.001529  0.000555 -0.000141 -0.000190 -0.000314  0.000060  0.000048  0.000309  0.002702 -0.966160  0.000514  0.000042  0.000101 -0.000134  0.001450  0.000739  0.000397  0.105803  0.021679 -0.187522  0.099770  0.019153 -0.094892
-0.000035 -0.000008  0.000886 -0.001084  0.000124 -0.005754  0.000239  0.000024 -0.000114  0.969622  0.000104 -0.000546 -0.000137  0.000077  0.000255  0.000108 -0.000126  0.019514  0.000141 -0.000558  0.000114  0.194376 -0.023763 -0.099406 -0.100997 -0.031421
 0.002937 -0.006194  0.003051  0.003952  0.012878 -0.016304  0.008211  0.000295  0.000094 -0.174039 -0.004752  0.699198  0.001322 -0.000111  0.002396  0.001560 -0.002238  0.056588  0.000090  0.000341  0.040692  0.541639 -0.046496 -0.284496 -0.300792 -0.091751
 0.052603 -0.169752  0.001145  0.000232  0.709307  0.001426 -0.005629 -0.011062  0.000257  0.006249  0.003045 -0.016256  0.006813 -0.000026 -0.005070 -0.001078  0.001741  0.003505 -0.000824  0.002078  0.262625 -0.396231 -0.064823 -0.269702 -0.392086 -0.089964
-0.018688 -0.969648  0.000042  0.000551  0.002994 -0.000311  0.000288 -0.000641  0.000438 -0.000397  0.001594  0.000242 -0.000468 -0.000005 -0.000926  0.000381 -0.000236 -0.001869  0.000019  0.000136 -0.106590  0.132912  0.027979  0.100663  0.135215  0.034493
-0.000196  0.000154 -0.000143  0.000009 -0.000285 -0.000133  0.000048  0.000084 -0.000086 -0.000206 -0.000408 -0.000010 -0.000054 -0.000103 -0.000092  0.000217  0.000241 -0.000055 -0.996888  0.000002  0.000523  0.002347 -0.039837 -0.003517 -0.007034  0.067525
-0.000007  0.000001 -0.000005 -0.000009 -0.000028 -0.999717 -0.000023 -0.000015  0.000023  0.000008 -0.000021 -0.000016 -0.000024 -0.000002 -0.000004 -0.000000  0.000008  0.000000 -0.000001  0.000004 -0.001251 -0.019914  0.002822  0.009358  0.008303  0.001723
 0.000096 -0.000584 -0.000706  0.000256 -0.000641 -0.000406 -0.001141  0.000609  0.001357  0.000407  0.971712 -0.000816  0.000946 -0.000554  0.000311 -0.000670 -0.016515  0.000784 -0.000492  0.000658  0.180255  0.038023  0.061314 -0.061022  0.111485  0.040561
-0.053101  0.175231  0.000684 -0.005139  0.704306 -0.000954 -0.003274  0.008818 -0.003592 -0.001289 -0.000598  0.012846 -0.011208  0.000224 -0.009414 -0.000473 -0.001446 -0.005238 -0.000121 -0.000129 -0.282871  0.375941  0.074526  0.260861  0.408492  0.089837
-0.003177  0.003308  0.049579 -0.000067 -0.002459  0.000485  0.012141 -0.012264 -0.006440 -0.000605  0.002302 -0.005915 -0.182335 -0.001488  0.706112  0.000139  0.000720 -0.003817 -0.001758 -0.000772 -0.266462 -0.073880  0.497295 -0.269670 -0.076194  0.250963
-0.997008 -0.000182 -0.000072 -0.000100 -0.000062  0.000081 -0.000091  0.000230 -0.000028 -0.000229 -0.000010  0.000104  0.000261  0.000004 -0.000100 -0.000195  0.000043  0.000562 -0.000038 -0.000350  0.033356 -0.041037 -0.010044 -0.029782 -0.044535 -0.014394
-0.001077  0.000699 -0.000104 -0.000317 -0.000465 -0.000371  0.000257  0.000576 -0.001493 -0.000332  0.000877  0.000401  0.000365 -0.000200  0.000647  0.000272  0.001037 -0.000425  0.018783  0.971100 -0.008708  0.003110 -0.119550 -0.019190 -0.018972  0.203711
 0.000620  0.000499  0.002287  0.001628  0.009021 -0.015997  0.000782  0.002264  0.012710 -0.171354 -0.005181 -0.714378  0.000055  0.000117  0.001880  0.000281 -0.001975  0.055359  0.000515 -0.000464  0.025180  0.544067 -0.060948 -0.274149 -0.270166 -0.090469
 0.000102  0.000168  0.000034  0.000145 -0.000047 -0.000005  0.000032  0.000021  0.000063  0.000141 -0.000179 -0.000007  0.000168 -0.000813  0.000105 -0.997284  0.000167  0.000067  0.000059  0.000208  0.021754  0.011845  0.025926  0.049506 -0.037150  0.017499
-0.002658  0.003019  0.049391 -0.002264 -0.016800  0.000334 -0.003231  0.009108  0.000993 -0.001193 -0.003473 -0.005180 -0.181854 -0.001475 -0.707313 -0.000640 -0.001169 -0.003311  0.000043 -0.004965 -0.247109 -0.070431  0.488270 -0.286250 -0.066174  0.270134
 0.999933
