2 35
-0.060412  0.181237  0.113459  0.006927  0.204965 -0.087590 -0.070745 -0.021068  0.055103  0.179101 -0.032975  0.286549 -0.566809  0.053090 -0.039540 -0.179532  0.075232 -0.211919 -0.182711  0.275443  0.118061 -0.111156  0.282768  0.035265  0.198260  0.040323  0.155163  0.167646 -0.018645  0.047656  0.191538  0.037672  0.067497 -0.115900  0.010475
 0.241649  0.000000  0.361991 -0.025352  0.038791 -0.239336 -0.253411 -0.073927  0.114672 -0.156952  0.284534  0.125590  0.107951 -0.062454  0.008710 -0.001858 -0.240477  0.104958 -0.050383  0.119246  0.145121 -0.421171 -0.300653  0.073491 -0.049052 -0.137137 -0.216283  0.037295  0.101963  0.034197  0.050606  0.138698  0.106854 -0.191689  0.023614
-0.241649 -0.000000 -0.192169  0.155830  0.143230 -0.287350 -0.123374  0.247981 -0.019288 -0.167959 -0.100681  0.271176  0.093398 -0.143078 -0.085771  0.108718  0.099794  0.013708 -0.007404  0.020079 -0.038283 -0.224912 -0.130152 -0.247124 -0.254225  0.053915  0.120094  0.213985 -0.080905 -0.135922  0.041771 -0.473077 -0.116987 -0.034657  0.078086
 0.241649  0.000000 -0.138030 -0.156329  0.064903 -0.186706 -0.295517 -0.356090 -0.294625  0.017698  0.025330 -0.198358  0.018915 -0.088222  0.187930 -0.154845 -0.031938  0.141769  0.113665  0.202592  0.146921  0.116087  0.228206 -0.113467 -0.210149  0.246913  0.135915  0.177579  0.082105 -0.124340 -0.199124  0.019078 -0.184196 -0.070841  0.137760
-0.000000  0.241649  0.297037 -0.073981 -0.109631  0.010011 -0.178463  0.289976  0.059696  0.162754  0.006563  0.167676  0.246213 -0.146300  0.156423  0.018342 -0.292668  0.208320 -0.196201  0.016417  0.044535  0.218003  0.132565 -0.196451  0.175677 -0.152119  0.353519 -0.038880 -0.032136  0.097722 -0.069683 -0.008814 -0.203216  0.209791  0.001209
 0.241649 -0.000000  0.114862  0.046490  0.178235 -0.030569 -0.039611 -0.182557 -0.125604  0.046400 -0.041343 -0.024243  0.169344  0.151581  0.000872  0.251308  0.374891 -0.031915 -0.022467  0.036519  0.077921 -0.143468  0.054116 -0.447009  0.361067 -0.073547 -0.120568 -0.226852 -0.286194 -0.179439  0.135850  0.014370 -0.076589  0.098914  0.024916
 0.241649 -0.000000  0.261747  0.030998  0.030971  0.089477  0.182849  0.114343 -0.237092  0.032716 -0.244502  0.176188 -0.189686  0.388202  0.083014  0.266910  0.051533  0.065858  0.076017 -0.014520 -0.101310  0.081985 -0.211510 -0.017440 -0.173935 -0.195552  0.102150  0.340181  0.181333 -0.142787 -0.218752  0.108407 -0.020747 -0.000859  0.144133
-0.241649  0.000000  0.213922 -0.127861  0.116102  0.056059  0.053466  0.104903 -0.088333  0.442167  0.203628 -0.135112  0.281850  0.218354  0.187452  0.035287  0.213179 -0.026223 -0.106030 -0.099722  0.219322 -0.016975  0.064472  0.167777 -0.245058  0.072568 -0.128731  0.133025  0.089827  0.012071  0.301124 -0.121437 -0.173872 -0.173393 -0.030610
-0.000000  0.241649  0.044677 -0.224200 -0.056125  0.199297 -0.034631 -0.169973  0.218108 -0.161063 -0.213550 -0.061421  0.010751  0.177631  0.241880 -0.035185 -0.112969 -0.259986 -0.041880 -0.137552 -0.085657 -0.275617 -0.149424 -0.130643  0.133242  0.359979 -0.113309  0.202233  0.109669  0.214174 -0.042036 -0.155751 -0.234683  0.194630 -0.020067
-0.241649 -0.000000 -0.223615 -0.019345 -0.181961 -0.108431 -0.144361 -0.007995 -0.166533 -0.020745 -0.154324 -0.144310  0.070377  0.094349  0.052707  0.090905  0.114536 -0.193631 -0.218298 -0.034253  0.442903 -0.149082 -0.134916 -0.132934 -0.007815 -0.174264  0.238813 -0.055922  0.277997  0.171505 -0.066716  0.212116  0.325740  0.131993  0.061628
 0.000000  0.241649 -0.304976 -0.115112 -0.076384  0.277936 -0.161847 -0.085632 -0.020121  0.297155  0.418075  0.300664 -0.030407  0.000184 -0.028654 -0.014333  0.197261  0.140347  0.078631 -0.066122 -0.023704 -0.081988 -0.205262  0.049530  0.215690 -0.030979 -0.010930  0.016353  0.168657 -0.191658 -0.296180 -0.168695  0.103779  0.030184 -0.030810
 0.241649 -0.000000  0.028596 -0.281480  0.269310 -0.185282 -0.193785  0.305766 -0.038012 -0.010420  0.069349 -0.153498  0.101524  0.024198 -0.140957  0.053237  0.262363 -0.175987 -0.071630 -0.046613 -0.364812 -0.125362  0.009106  0.236874 -0.042913  0.167601  0.301684 -0.073858  0.026157  0.064864 -0.117392  0.119737  0.096108  0.130888 -0.249503
-0.000000  0.241649 -0.010958  0.012096  0.031019  0.038243  0.051057  0.407990 -0.130917 -0.180001  0.115253 -0.232553 -0.226376  0.001465  0.253500 -0.124262 -0.081226  0.073794  0.272287 -0.013902  0.078381 -0.205810  0.086817  0.002535  0.003182  0.017391 -0.056619 -0.209979  0.180280 -0.383322  0.240539  0.023765  0.020822  0.269761  0.144570
-0.000000 -0.241649  0.158731  0.186972  0.100694  0.197654  0.033555  0.015758 -0.158209  0.262229  0.089442 -0.241832 -0.107276 -0.221264 -0.141287  0.135497 -0.124382 -0.240312  0.162998  0.392739 -0.011006 -0.146837 -0.130724 -0.029663  0.038563 -0.057280  0.055879 -0.134922  0.199111  0.231495 -0.145128 -0.276441 -0.178354  0.159950  0.062589
-0.000000  0.241649 -0.068659  0.088667  0.136640  0.187840 -0.096732 -0.109484  0.079076  0.050685 -0.315333 -0.090935  0.046158 -0.294489  0.506459  0.142913  0.124210  0.046788  0.079496  0.121830 -0.228577 -0.100586 -0.019665  0.107909 -0.071709 -0.269386  0.082771 -0.107438 -0.005430  0.054670  0.058980 -0.029453  0.153076 -0.342823 -0.117570
 0.241649 -0.000000  0.041469  0.357839 -0.360680  0.006836 -0.027995  0.079192  0.001480  0.005665  0.070526  0.104886  0.166707 -0.176145  0.028023 -0.058479  0.093847 -0.446578  0.058633 -0.026690 -0.037239  0.148000 -0.028949 -0.122086  0.068776  0.176991  0.093382  0.121688  0.290486 -0.235551  0.192389  0.128933 -0.075941 -0.203233 -0.209836
 0.000000 -0.241649 -0.098531  0.129653  0.065713  0.198895 -0.118327  0.265129 -0.089275 -0.349819  0.252449  0.047915 -0.004849  0.160580  0.316782 -0.068202  0.065411 -0.170419  0.084041 -0.012950  0.225655 -0.031155  0.140362  0.107426  0.149202 -0.159325  0.015688  0.128066 -0.288184  0.174956 -0.283212  0.017074 -0.196539 -0.156047 -0.120910
 0.241649  0.000000 -0.059409  0.335569  0.187862 -0.163057  0.028929 -0.151092  0.249834 -0.061072  0.043659 -0.080680 -0.055118 -0.012856  0.131184 -0.005189  0.098867 -0.020206 -0.437261 -0.176895  0.068466  0.108719  0.138321  0.232761 -0.046984 -0.219795 -0.113770 -0.030061  0.265002 -0.102772 -0.124835 -0.250185 -0.122312  0.289598  0.016655
-0.000000 -0.241649 -0.011952 -0.266712 -0.330176 -0.151546  0.193325 -0.017521  0.066890  0.037012  0.234624 -0.077435  0.032933 -0.046446  0.229742  0.117761 -0.018676 -0.107670 -0.062213  0.132401 -0.310397 -0.140678  0.334987 -0.144477  0.056039 -0.217987 -0.057309  0.308120 -0.014368 -0.053453  0.013768 -0.155380  0.291168  0.107105  0.093746
-0.241649  0.000000 -0.182208  0.056331 -0.030987 -0.070151  0.050630 -0.182857 -0.392458 -0.053289  0.087288  0.142147  0.037820  0.231755  0.102406 -0.005014 -0.270832 -0.038085 -0.325976  0.200429 -0.350609 -0.124982 -0.061924  0.074037 -0.008094 -0.078306  0.002363 -0.203815  0.030638 -0.148858  0.086890  0.158681 -0.293428  0.025924 -0.231456
-0.241649 -0.000000  0.130353 -0.140100  0.192617  0.047558 -0.186371  0.095872 -0.222770 -0.076249 -0.092874 -0.220420 -0.055807 -0.249845 -0.195628 -0.178779  0.022383 -0.060148 -0.151632 -0.264431 -0.185466  0.087110  0.026999 -0.183293  0.249535 -0.240967 -0.308114  0.200572  0.222184 -0.105033 -0.130445  0.079067 -0.093665 -0.217748  0.067702
 0.000000  0.241649 -0.244386  0.280580 -0.183056 -0.039964 -0.270650  0.125213  0.145469  0.178032  0.030034 -0.135684 -0.016512  0.085380 -0.193542  0.301163  0.015274  0.051566  0.080457  0.022314 -0.158828 -0.168564  0.233798  0.059095 -0.083718 -0.055511 -0.204967  0.168472 -0.068521  0.186997  0.001090  0.338076 -0.247194  0.037203  0.229434
 0.000000 -0.241649  0.009629  0.028231 -0.040953  0.369040 -0.150738 -0.003037  0.021848 -0.190987  0.173792 -0.091145 -0.242176 -0.185746  0.048722  0.120356  0.233683  0.360448 -0.313916  0.084193 -0.058228  0.064926 -0.181297 -0.137005 -0.100310  0.151837  0.088423  0.198382  0.015488  0.074743  0.322446  0.143973 -0.027736  0.164067 -0.082052
-0.000000 -0.241649 -0.161621  0.023032  0.186823 -0.312876  0.127965 -0.035656  0.062298  0.335564  0.022211  0.067886 -0.198324 -0.165477  0.239276 -0.028860 -0.098705  0.082598  0.265194 -0.356156  0.021414 -0.098846 -0.149483 -0.179256  0.070093 -0.072123  0.030862  0.118905  0.016705  0.123924  0.056652  0.245483 -0.159480  0.155612 -0.292775
 0.241649 -0.000000 -0.232286 -0.036098  0.073267 -0.042714 -0.184960  0.054134 -0.159827  0.018746 -0.018314  0.096416  0.127839  0.155792  0.043328 -0.333400  0.012765 -0.090560  0.111376  0.083357 -0.156975  0.273445 -0.226870  0.034947  0.072381 -0.246555 -0.100480  0.079655  0.007613  0.329770  0.421154 -0.134832  0.059218  0.147257  0.246980
 0.241649 -0.000000 -0.275364 -0.072626 -0.082980 -0.053235  0.204600  0.190958  0.208669  0.084606 -0.030686 -0.389918 -0.061519  0.223685 -0.128085 -0.113921 -0.104082  0.212991 -0.183014  0.110196  0.058676 -0.106628 -0.165003 -0.127914  0.202678 -0.091167  0.212274  0.034950  0.037813 -0.051077  0.043768 -0.146799 -0.168857 -0.411129 -0.068022
-0.000000  0.241649 -0.052753 -0.147117 -0.000964 -0.238959  0.453232  0.123413 -0.031350 -0.122195  0.185263  0.100801 -0.027764 -0.261944  0.149388  0.047831  0.299840 -0.039979 -0.121500  0.198388  0.010985  0.149119 -0.170423 -0.062756 -0.001702  0.110493 -0.150471 -0.123626  0.062151  0.253779 -0.152438  0.184266 -0.199740 -0.091778  0.245284
-0.241649  0.000000  0.174253  0.211532  0.021345  0.004718  0.157151 -0.162154  0.191925 -0.050745 -0.017265 -0.072424  0.270593  0.065387 -0.057682 -0.487386  0.308788  0.153540  0.165685  0.190595 -0.120408 -0.197308 -0.038387  0.045975  0.061577 -0.131092  0.242929  0.184753  0.026920 -0.071754 -0.094625  0.195891 -0.088301  0.176333  0.075975
-0.060412 -0.181237 -0.027281 -0.164196  0.032144  0.088633 -0.166161 -0.017727  0.322759  0.155541  0.059257 -0.033034 -0.105939 -0.027138  0.113323 -0.061703 -0.056979 -0.364782 -0.114942 -0.048760 -0.058653  0.077593 -0.267328 -0.039746 -0.203741 -0.093911  0.138335 -0.156396 -0.271195 -0.341809 -0.045275  0.176290 -0.137908 -0.019340  0.407646
-0.241649  0.000000  0.270227  0.078994 -0.339283 -0.379080 -0.298967 -0.070473  0.040238 -0.040324  0.068149 -0.179724 -0.304357  0.214561  0.143251  0.058230  0.216600  0.090716  0.154505 -0.035534 -0.146224  0.225566 -0.184801  0.054713  0.136766  0.027845  0.024239 -0.175389 -0.011605  0.065011 -0.047759 -0.216322 -0.060891 -0.073936 -0.057302
 0.000000 -0.241649 -0.079231 -0.163871 -0.112711 -0.034501 -0.167762  0.276263  0.181479  0.146410 -0.376647  0.136656  0.038527  0.021667  0.082662 -0.113669  0.122234  0.083807 -0.031769  0.421892  0.107510  0.054077 -0.020629  0.029485 -0.001478  0.037781 -0.434690 -0.050081  0.090808 -0.161997 -0.145282  0.066914 -0.051339  0.140130 -0.248023
 0.000000 -0.241649 -0.004809 -0.071252  0.068761  0.111676 -0.068770  0.005434  0.201094 -0.087654  0.050571  0.254570 -0.013503  0.212092 -0.001968 -0.061589  0.078816  0.092632  0.102345 -0.102791 -0.152571 -0.071646  0.308857 -0.306004 -0.175130 -0.020992  0.067183 -0.387576  0.455125  0.196371  0.012518  0.021214 -0.082690 -0.203342  0.128420
 0.000000  0.241649 -0.003248 -0.329721 -0.061058  0.038593  0.012714 -0.159077  0.128218 -0.204369  0.091582 -0.027677 -0.093029 -0.029256 -0.246133  0.090245  0.089251 -0.161346  0.210788  0.094933  0.161217  0.115967  0.035188 -0.072791 -0.279021 -0.454680  0.034006  0.041118  0.020550 -0.035432  0.128171 -0.033316 -0.262961  0.104469 -0.369418
 0.241649 -0.000000  0.108731 -0.022946 -0.419339  0.068171  0.027848  0.034852 -0.282251  0.139129 -0.158061  0.068329 -0.160272 -0.165811 -0.048837 -0.342109  0.191245  0.035371 -0.158501 -0.253358 -0.000683 -0.340580  0.048389  0.027874 -0.250553 -0.111448 -0.029336 -0.160557 -0.223682  0.120617 -0.056861 -0.108998 -0.132543  0.011802  0.001855
-0.000000  0.241649  0.049926  0.246498  0.128096  0.037512  0.003006  0.086450  0.038689  0.114088  0.197727 -0.163944 -0.058048  0.182563  0.049256 -0.237049 -0.079749 -0.073066 -0.104570  0.079870 -0.108511  0.120881 -0.054092 -0.472179 -0.356162  0.036047 -0.180586 -0.010390 -0.149947  0.097009 -0.214289  0.016721  0.311093  0.028459 -0.243760
 0.241649
