6 9
 0.707107  0.000000  0.000000  0.235702  0.000000  0.000000 -0.138233 -0.052652  0.650049 
 0.707107  0.000000  0.000000 -0.235702  0.000000  0.000000  0.138233  0.052652 -0.650049 
 0.000000  0.707107  0.000000  0.000000  0.235702  0.000000  0.645522  0.083646  0.144046 
 0.000000  0.707107  0.000000  0.000000 -0.235702  0.000000 -0.645522 -0.083646 -0.144046 
 0.000000  0.000000  0.707107  0.000000  0.000000  0.235702 -0.092937  0.659299  0.033638 
 0.000000  0.000000  0.707107  0.000000  0.000000 -0.235702  0.092937 -0.659299 -0.033638 
 0.000000  0.000000  0.000000  0.942809  0.000000  0.000000  0.069117  0.026326 -0.325025 
 0.000000  0.000000  0.000000  0.000000  0.942809  0.000000 -0.322761 -0.041823 -0.072023 
 0.000000  0.000000  0.000000  0.000000  0.000000  0.942809  0.046469 -0.329650 -0.016819 
 0.942809
