11 34
-0.576698 -0.000030  0.000039 -0.000006  0.000040 -0.000028 -0.000016 -0.000376  0.000045 -0.000025  0.000006 -0.018456 -0.231258  0.331192 -0.023069  0.173429 -0.136763  0.090797 -0.210704  0.043979 -0.072036 -0.020264 -0.057659 -0.385532 -0.049574  0.044721  0.330941  0.088678 -0.057732  0.272310  0.197897  0.016164 -0.027284 -0.054450
 0.000003 -0.577120  0.000093  0.000004  0.000021 -0.000023  0.000009  0.000001 -0.000005  0.000011 -0.000032 -0.051243 -0.100115 -0.075423  0.170415 -0.264276 -0.179183 -0.247493 -0.309718 -0.198862  0.118096  0.148666  0.224924  0.003534  0.237473 -0.021236 -0.079851  0.112342  0.224175  0.209684  0.053819 -0.229208 -0.030418  0.088369
 0.040426 -0.012695 -0.003446 -0.005970 -0.000405 -0.478761 -0.000241 -0.012168 -0.000041  0.020228  0.002714  0.140467 -0.354066 -0.241076  0.273095 -0.012833  0.043426  0.096444 -0.035823  0.137310  0.155802 -0.236349 -0.350263  0.152359  0.040735 -0.010192 -0.202389  0.078882 -0.119617  0.166589  0.288996  0.051857 -0.183679 -0.148702
 0.000029  0.576561 -0.000528  0.000062 -0.000039 -0.000024  0.000024 -0.000042 -0.000001  0.000004 -0.000021 -0.208184  0.148264 -0.053778  0.007562 -0.190883 -0.248827 -0.133577 -0.306069 -0.157877  0.040206  0.317855  0.062373 -0.010383  0.081589  0.013768 -0.266999  0.070978 -0.126771  0.088947  0.315444  0.216330 -0.051045  0.042384
-0.576613 -0.000072  0.000010 -0.000010 -0.000020  0.000010 -0.000024 -0.000383  0.000001  0.000008  0.000166  0.046080  0.179700 -0.185909  0.230925 -0.123446 -0.124198 -0.119287  0.297416  0.196654  0.225302 -0.169727  0.313050  0.029458  0.136154 -0.072705 -0.120849 -0.179947  0.041942 -0.254638  0.102979  0.121497  0.124217 -0.128645
-0.000001 -0.000003  0.577322 -0.000002 -0.000009 -0.000005  0.000000  0.000000 -0.000000 -0.000003  0.000001 -0.122506  0.021179  0.064505  0.209941  0.401578 -0.157700  0.105513  0.223309 -0.281505 -0.027765  0.178043 -0.039506 -0.007142  0.091859 -0.230324 -0.134271  0.212138  0.043183 -0.113791  0.014465 -0.182008 -0.041399 -0.261083
-0.000000 -0.000000  0.000000  0.000000  0.577350  0.000000  0.000000  0.000000  0.000000 -0.000000  0.000000  0.049047  0.126565 -0.138971 -0.161478  0.063589  0.032188 -0.046984 -0.284648 -0.327296 -0.002180 -0.380465  0.027365  0.013371 -0.051789 -0.144753 -0.008483 -0.028297 -0.029775  0.108436 -0.054480  0.091167  0.303715 -0.347936
-0.000008 -0.000010 -0.000001 -0.577304 -0.000003 -0.000000  0.000006 -0.000000 -0.000001  0.000005 -0.000011 -0.095398  0.346748 -0.059893  0.176365  0.144087  0.162936  0.208521 -0.040779  0.211759  0.086406  0.082910  0.033227  0.119350  0.153023  0.327684  0.055322  0.204218  0.027936  0.316220 -0.030720 -0.030923  0.230909 -0.064471
 0.000011 -0.000003  0.000021  0.000016 -0.000032 -0.000030 -0.000019 -0.000005 -0.000017 -0.577169  0.000019 -0.134162 -0.202470 -0.096139  0.138747  0.036674  0.078111  0.202889  0.013483 -0.276546  0.326430  0.136587  0.037095 -0.087442 -0.058798  0.167866  0.083797 -0.217977  0.171879  0.029565 -0.234348  0.370297 -0.098931 -0.038344
 0.000000  0.000000  0.000000 -0.000000 -0.000000  0.000000 -0.000000 -0.000000  0.577350  0.000000  0.000000 -0.251802 -0.121656 -0.288220 -0.173409  0.024255 -0.231803 -0.130056  0.153177  0.119610 -0.168024 -0.082572  0.148707  0.051653 -0.329680  0.208707  0.023397  0.250207  0.196867  0.087812 -0.024318  0.040220 -0.127624 -0.161617
-0.000017  0.000011 -0.000020 -0.000000 -0.000001  0.000002  0.000001  0.577264 -0.000021  0.000001  0.000008 -0.013185  0.053150 -0.063029 -0.003242 -0.147517  0.262946 -0.079607 -0.038540  0.031994 -0.223376  0.199733  0.036483  0.089722  0.191361 -0.018645  0.294502 -0.150240 -0.000066 -0.036639  0.099933 -0.000063 -0.300120 -0.461729
 0.000000 -0.000000 -0.000000  0.000000  0.577350 -0.000000  0.000000 -0.000000  0.000000  0.000000  0.000000 -0.171101  0.078718  0.213741  0.155636  0.148471  0.075910 -0.186530  0.121865  0.047595 -0.091442 -0.146211 -0.058052 -0.002310  0.227345  0.251996 -0.039854  0.025921  0.137420 -0.117046  0.076054  0.082303 -0.420645  0.330037
-0.000532  0.034645  0.010171 -0.000594  0.001126 -0.528597 -0.000163  0.000201  0.000022 -0.000247 -0.000235 -0.183032 -0.035513  0.069705 -0.295143  0.243230  0.350595 -0.337130  0.087563  0.012120  0.276391  0.173059  0.255283  0.031634 -0.040430 -0.197607  0.144063  0.050281  0.039671  0.032195  0.112260 -0.009050  0.140656  0.132078
 0.000000  0.000000  0.000000 -0.000000  0.000000  0.000000 -0.000000 -0.000000  0.577350 -0.000000 -0.000000  0.341224  0.041613  0.535566 -0.005754 -0.129769  0.148724  0.117018  0.060827 -0.183981  0.188284  0.009157  0.150094  0.171468  0.045628  0.060248 -0.194615 -0.058090 -0.127322  0.083987  0.067715 -0.014315 -0.045737 -0.082853
 0.000000 -0.000000  0.000000  0.000000  0.000000  0.000000  0.000000 -0.000000  0.000000 -0.000001  0.577347  0.237295 -0.064205 -0.061069  0.114822 -0.018634  0.255009 -0.103269  0.054728  0.064710 -0.256347  0.080782  0.152372 -0.332071  0.060311 -0.134668 -0.240680  0.278584 -0.000739  0.114053 -0.198934  0.300784  0.003191  0.000795
-0.000010 -0.000007  0.000004  0.000967 -0.000013  0.000002  0.000008 -0.000012 -0.000090  0.576184 -0.000047 -0.239463 -0.179310  0.012898 -0.109494  0.082988 -0.066840  0.025382  0.137960 -0.007971  0.107366  0.079901 -0.031255 -0.095323  0.196012  0.063976 -0.202064 -0.439021  0.024124  0.322615 -0.309421  0.130948 -0.034760 -0.111575
 0.000000  0.000000  0.000000  0.000000  0.577350 -0.000000  0.000000  0.000000  0.000000 -0.000000  0.000000  0.122558 -0.205223 -0.075081  0.006683 -0.212710 -0.109044  0.234485  0.162620  0.279556  0.092825  0.526203  0.030108 -0.011037 -0.175398 -0.106710  0.047977  0.002191 -0.107829  0.008578 -0.021861 -0.173400  0.116541  0.017638
-0.040485 -0.011240 -0.003426 -0.005042 -0.000513 -0.482840  0.000184  0.012811  0.000465  0.018680 -0.001532  0.072619  0.090669 -0.119349  0.066541 -0.047427 -0.219904  0.292065  0.123027 -0.309734 -0.446154 -0.024759  0.305126  0.081041  0.085203  0.090294  0.177536 -0.136391 -0.209385  0.067444 -0.079429  0.017071  0.005931  0.255938
-0.000000 -0.000000  0.000000 -0.000000 -0.000000  0.000000  0.577350 -0.000000  0.000000 -0.000000 -0.000000 -0.239512 -0.311194  0.195949  0.151791 -0.091423  0.145460  0.028601 -0.016176  0.002663 -0.308493  0.017274 -0.006001  0.159236  0.010743  0.091254 -0.107200 -0.074518  0.190502 -0.156715  0.160114  0.082173  0.423974 -0.032852
-0.000917  0.013440  0.004097 -0.011030  0.000301  0.508172 -0.000222  0.000927  0.000426  0.036535  0.000856  0.010946 -0.284410 -0.267997  0.013555  0.195842  0.196618  0.017684  0.174183 -0.152355  0.010413 -0.066172  0.225502  0.253406  0.077293 -0.129346  0.127915 -0.002956 -0.270336  0.254552  0.313580  0.055675 -0.021104  0.240476
 0.000006 -0.000002  0.000017  0.000009  0.000002 -0.000003 -0.000007  0.577230  0.000003  0.000001  0.000057  0.095097  0.135048  0.042694  0.202601  0.234336 -0.096770  0.035684 -0.094533  0.067527  0.000116 -0.049986  0.029680  0.019773 -0.435550 -0.172925 -0.238837 -0.207094  0.247163  0.207211  0.055431 -0.015215  0.054475  0.289828
-0.000000 -0.000000 -0.000000 -0.000000  0.000000  0.000000  0.000001  0.000000 -0.000000  0.000000  0.577348 -0.175587  0.152656  0.042368  0.132998 -0.201298 -0.063544 -0.210346  0.278100 -0.248917  0.126667 -0.028397 -0.317439  0.027600 -0.208743  0.136588  0.223616 -0.168973 -0.103462  0.124260  0.142111 -0.216399  0.112307  0.000052
-0.000004 -0.000003 -0.577317 -0.000008  0.000002 -0.000001  0.000003  0.000004  0.000000 -0.000001 -0.000004  0.056219  0.006445  0.163054  0.152523  0.225034 -0.316368 -0.125705  0.148066 -0.073561 -0.020255  0.152584 -0.163997  0.331373  0.133585 -0.287790  0.156113  0.203380  0.088350  0.042868 -0.148900  0.216678  0.046083 -0.110012
 0.000000 -0.000000 -0.000000 -0.000001 -0.000000 -0.000001 -0.000001  0.000000 -0.000000  0.000000 -0.577347  0.062306  0.086201 -0.020019  0.249093 -0.219689  0.192434 -0.313782  0.332642 -0.182938 -0.127831  0.051120 -0.167281 -0.303525 -0.148360  0.001490 -0.018441  0.110291 -0.104595  0.239202 -0.054862  0.084657  0.114559 -0.000203
 0.000000  0.000000 -0.000000 -0.000000  0.000000  0.000000  0.577350 -0.000000  0.000000  0.000000 -0.000000  0.477726  0.083162 -0.221470 -0.130826  0.312452 -0.155912 -0.248185 -0.017081 -0.064285  0.115787  0.171177 -0.050231 -0.104632  0.035730  0.302846  0.023143 -0.093654 -0.073456 -0.017163  0.000290 -0.067024 -0.091525 -0.019291
-0.000019  0.576925 -0.000228 -0.000005 -0.000034 -0.000037 -0.000001 -0.000025 -0.000007 -0.000018  0.000013  0.172031 -0.245569 -0.027293  0.187652 -0.093975  0.040461 -0.086446 -0.011636 -0.041330  0.055871 -0.183478  0.140334  0.011056  0.159202 -0.018590  0.174303  0.037560  0.348150  0.117975 -0.270652 -0.444753  0.008715  0.034218
 0.000052 -0.000002 -0.000004 -0.000118  0.000006  0.000020  0.000010  0.000040 -0.000032 -0.576884  0.000033 -0.096900 -0.003969  0.079726 -0.235465  0.056495 -0.138204 -0.163529  0.138037  0.253850 -0.227789 -0.070196 -0.056551  0.016285  0.263712 -0.109590 -0.278989 -0.222269 -0.175970  0.316769 -0.047187 -0.233780  0.056622 -0.054831
 0.575901  0.000046  0.000048  0.000021  0.000014 -0.000033 -0.000011  0.000997  0.000082  0.000008 -0.000125  0.022764 -0.020922  0.153676  0.193400  0.048184 -0.279134 -0.015016  0.098313  0.209282  0.111422 -0.175331  0.302342 -0.361135  0.089880 -0.021329  0.237471 -0.106444 -0.022510  0.011189  0.275991  0.135455  0.110442 -0.154418
 0.000006  0.000004  0.000002  0.577297 -0.000002 -0.000001 -0.000002  0.000000  0.000004  0.000016  0.000015  0.074803  0.260487 -0.105538 -0.183131 -0.028842  0.074564  0.299658  0.181286  0.017173  0.031270  0.047528 -0.127621 -0.028657  0.245512  0.091659  0.031864  0.128257  0.404360  0.253559  0.242217  0.055036  0.149326  0.031208
 0.000000  0.000000  0.000000  0.000000  0.000000  0.000000 -0.000000  0.000000 -0.577350 -0.000000 -0.000000  0.089516 -0.080140  0.247120 -0.179080 -0.105383 -0.083144 -0.012798  0.214210 -0.064711  0.019915 -0.073507  0.299289  0.223295 -0.283975  0.268923 -0.170870  0.192089  0.069172  0.171983  0.043656  0.025965 -0.173318 -0.244059
-0.000005 -0.000005  0.000015  0.577290 -0.000003 -0.000002  0.000003 -0.000005  0.000007 -0.000007  0.000004 -0.167688  0.078214  0.037060  0.362991  0.176270  0.091134 -0.087665 -0.218109  0.190491  0.053094  0.031454  0.164489  0.155349 -0.090162  0.233903  0.025817  0.076282 -0.384688  0.069381 -0.264070 -0.084524  0.079557 -0.090086
-0.000015 -0.000000 -0.577288  0.000000  0.000016  0.000013 -0.000007  0.000000  0.000001  0.000009  0.000001 -0.183042  0.013592 -0.097001  0.050280  0.182791  0.167434  0.223238  0.077740 -0.207661 -0.000857  0.029383  0.130830 -0.337620 -0.042756  0.052592 -0.286610  0.009887 -0.044416 -0.155757  0.166170 -0.398913 -0.084038 -0.147713
 0.000000 -0.000000  0.000000 -0.000000 -0.000000 -0.000000  0.577350  0.000000 -0.000000  0.000000  0.000000 -0.238212  0.227725  0.025375 -0.020932 -0.220863  0.010719  0.219462  0.033318  0.061728  0.193014 -0.188543  0.056162 -0.054486 -0.046481 -0.394239  0.084028  0.168248 -0.117107  0.174011 -0.160102 -0.015102 -0.332493  0.052123
-0.000011 -0.000008 -0.000000  0.000001 -0.000001  0.000007  0.000002 -0.577284 -0.000006  0.000002 -0.000025  0.080538  0.197188 -0.018124  0.195150  0.086492  0.160511 -0.039572 -0.129126  0.089739 -0.236260  0.153932  0.081099  0.108109 -0.242912 -0.189644  0.064411 -0.362118  0.244482  0.168974  0.148319 -0.015779 -0.241487 -0.162817
 0.577350
