2 41
 0.055728  0.167183 -0.202322  0.223114 -0.009889  0.147198  0.065570  0.298062  0.067943  0.022454 -0.290102 -0.193949  0.313945  0.042026 -0.173845 -0.213424 -0.131100  0.129568 -0.228886  0.284403  0.044380 -0.239202 -0.062286 -0.007772 -0.112844 -0.046964  0.140360  0.104812 -0.162612  0.001352 -0.128472 -0.083841  0.038517 -0.090816 -0.016438 -0.086761 -0.109458  0.209971 -0.026631  0.016718 -0.244462
 0.000000 -0.222911 -0.135374 -0.089566 -0.050231  0.137378  0.044913 -0.179215 -0.188990  0.140230 -0.125757  0.152032  0.307508  0.122887 -0.147242 -0.153926 -0.248584  0.162837  0.103331 -0.229956 -0.122807  0.120537 -0.067491  0.059952  0.091125  0.039994 -0.036236 -0.050911  0.125781  0.351572 -0.013324  0.222617  0.129966  0.134410  0.086274 -0.089485 -0.314169 -0.135149  0.075791  0.214697 -0.085302
 0.222911 -0.000000 -0.077321 -0.357524 -0.079817  0.160960 -0.083657  0.106160  0.162432 -0.081385  0.012612 -0.137385  0.138354  0.081137  0.151666  0.226163 -0.001999  0.098551  0.085501 -0.066348 -0.030880  0.085776  0.167084  0.008400 -0.025042  0.052519 -0.093535 -0.313547 -0.524544  0.167856 -0.046241 -0.036712 -0.036820 -0.040750 -0.284279 -0.150044  0.011453 -0.005787 -0.148165  0.075200  0.070325
 0.000000 -0.222911  0.088516 -0.136976  0.060473 -0.092514  0.015586  0.019644  0.371292  0.241975 -0.030652  0.263682  0.068085 -0.012908 -0.036736  0.272379 -0.097367 -0.149648 -0.125782  0.034057  0.222815 -0.046746 -0.097627  0.109740 -0.077164  0.115785 -0.271947  0.276625  0.007455  0.208016 -0.077185  0.028370 -0.118550 -0.044516 -0.058100  0.149700 -0.216909  0.298059 -0.021579 -0.206677 -0.023889
 0.055728 -0.167183  0.167262  0.064465 -0.153090  0.333390 -0.191246 -0.066944 -0.136342  0.338620 -0.006791 -0.101544 -0.122870 -0.049156  0.029010  0.085111 -0.056335  0.092239  0.030247  0.232048 -0.048494 -0.001655  0.117939 -0.238450  0.392717  0.102244  0.027763 -0.051222  0.026125  0.041874 -0.249762 -0.183423 -0.278251  0.059468  0.053164 -0.037189  0.033692 -0.020622  0.178590 -0.212569 -0.148490
-0.222911 -0.000000 -0.042153  0.051313 -0.132030  0.081557  0.000639  0.061832 -0.014504  0.007742 -0.000210  0.077774  0.246009 -0.139293 -0.117894  0.277459  0.015800 -0.239071  0.078478  0.062015 -0.358832  0.125133  0.125683  0.339244 -0.237510 -0.125101  0.044798 -0.124617  0.149890 -0.035133 -0.247167 -0.094642 -0.263921 -0.092653  0.106296 -0.069824  0.150072  0.132741  0.169568  0.210637  0.084460
 0.222911 -0.000000  0.056487 -0.329802  0.150301  0.246078 -0.026733  0.150527 -0.237661 -0.158352 -0.157784  0.170260 -0.070904 -0.151634  0.110447  0.060172 -0.043881  0.152381 -0.163700  0.091412  0.142818 -0.175907  0.323612  0.104254 -0.048860 -0.302091 -0.166825  0.140433  0.063763 -0.172106 -0.019066  0.110446 -0.014220  0.116584  0.283057  0.030928 -0.101492 -0.021323  0.086699  0.068268  0.141659
 0.222911  0.000000 -0.164808 -0.021259 -0.253558  0.104583  0.226586  0.202611  0.087867  0.196647 -0.004272 -0.036039 -0.119710  0.147371 -0.077526  0.071946 -0.039649 -0.305354  0.113705 -0.075224  0.277968 -0.095464 -0.025331  0.074317  0.007657  0.001497  0.013835 -0.098764  0.004017 -0.083083  0.224984  0.296600 -0.209725  0.037893  0.144234  0.085970  0.243292 -0.185399  0.098350  0.150495 -0.314916
-0.222911  0.000000 -0.054951  0.142496 -0.337980  0.130816  0.160727 -0.140161 -0.107287 -0.109925  0.116864  0.015372 -0.127142  0.302992 -0.119641  0.352778  0.043628  0.377146  0.172931  0.060149  0.128880 -0.073347  0.079233 -0.084162 -0.124169  0.092791  0.000621  0.277347 -0.150753 -0.025480  0.083895  0.091994  0.093937 -0.128021  0.124382 -0.088703 -0.003742  0.180796  0.092838  0.045649  0.145401
-0.222911  0.000000  0.236340 -0.065559 -0.002952  0.015132  0.005977 -0.012856  0.406350 -0.132518 -0.305786 -0.305162 -0.178675 -0.227085 -0.197149 -0.015930  0.010130  0.078839  0.017842 -0.016542  0.062914  0.290029  0.168523 -0.037719  0.053066  0.063730 -0.173248  0.155124  0.057796  0.042753  0.049186 -0.011056  0.064372  0.152916  0.121950 -0.216780  0.054376 -0.054430 -0.019865  0.267899 -0.191946
 0.000000  0.222911 -0.198751 -0.137648 -0.053133 -0.061475 -0.337734  0.165733  0.281333 -0.147591  0.244560  0.071118 -0.150125  0.084749 -0.196990  0.012106 -0.215099  0.195175 -0.108349 -0.118074  0.126854 -0.009161 -0.129742  0.165814  0.340616  0.017213  0.146631 -0.169457  0.192069 -0.051572  0.010469 -0.115760 -0.074303 -0.109426  0.115878 -0.060369 -0.138387  0.094244  0.195909  0.082087  0.106779
-0.000000 -0.222911 -0.098908 -0.124701  0.048216 -0.182683 -0.039985  0.051259  0.047572  0.302847  0.056881 -0.334264 -0.366180  0.207035 -0.004655 -0.040247 -0.097460  0.103898  0.033966  0.142684 -0.071381 -0.010114 -0.130740  0.144856 -0.406357 -0.263053  0.034087 -0.046845  0.030437 -0.027399 -0.131603 -0.018100  0.046744  0.207371 -0.046393 -0.189324 -0.132345 -0.114094  0.152350 -0.095941  0.096422
 0.222911  0.000000  0.161650  0.050066 -0.275805 -0.030161 -0.052045 -0.147253  0.147163 -0.159062  0.069421  0.132245  0.269420 -0.144749  0.119074 -0.026783 -0.147223  0.006923  0.051329  0.125564  0.084740  0.066917 -0.265168  0.148107 -0.151940  0.200332 -0.014418 -0.022881 -0.148601 -0.240372 -0.064260 -0.075980  0.162066  0.237479  0.317042 -0.219615  0.050908 -0.193109  0.106885 -0.249272  0.001927
 0.000000 -0.222911  0.405289 -0.261141 -0.175179  0.178686  0.243017  0.146902 -0.153594 -0.077045  0.051826 -0.148872  0.107299  0.120723 -0.194377 -0.062172 -0.015455  0.073509 -0.189951  0.019466  0.113542  0.241224 -0.246190  0.155031  0.056459 -0.180063  0.078732 -0.076931  0.171417 -0.007053  0.097482 -0.120140  0.095809 -0.258999 -0.090929  0.073086  0.149194  0.042976 -0.129233 -0.144998  0.043207
 0.222911  0.000000 -0.073546  0.014748 -0.322156  0.181224  0.075772 -0.144946  0.170254  0.053845  0.009196 -0.098361 -0.071022 -0.243029 -0.140056 -0.024559  0.109142 -0.123121  0.202699  0.006870 -0.196762 -0.009959 -0.131284 -0.035147  0.149482 -0.236124 -0.033312  0.082298 -0.023366 -0.328306 -0.000845  0.001983  0.138678  0.059063 -0.173070  0.256257 -0.396767  0.130699 -0.090142  0.126367  0.136331
-0.000000 -0.222911  0.143891  0.289601  0.036464  0.190425 -0.111432  0.032574  0.160742  0.053571 -0.008620  0.252061 -0.049572  0.047449  0.188162 -0.072725 -0.183389 -0.052545 -0.023681  0.095180  0.253577  0.036934 -0.103534 -0.185502 -0.116092 -0.092379  0.108430 -0.001806  0.038299 -0.091366 -0.076582 -0.020754 -0.110336 -0.205656 -0.126746 -0.184320 -0.032805 -0.210583 -0.193677  0.437412  0.267374
 0.222911  0.000000  0.148894  0.124795  0.076508 -0.204818  0.146430  0.156880  0.124139  0.112781  0.214771  0.188069  0.058231  0.102607  0.066204  0.191231  0.372163  0.176099 -0.052670  0.090281 -0.245190  0.063093 -0.034959 -0.026625  0.154103 -0.294348  0.029682  0.045116 -0.048618  0.117096  0.124074 -0.126743 -0.003578 -0.049654  0.250751 -0.200017 -0.178855 -0.107448 -0.086859  0.127096 -0.272600
-0.222911  0.000000 -0.144772  0.094371 -0.033923  0.335114  0.059463  0.036203  0.099196 -0.033377 -0.028911  0.097486 -0.159055  0.328443  0.190330 -0.256748  0.139967 -0.194309 -0.223295 -0.275987 -0.064986  0.187071 -0.035878  0.153221  0.075013 -0.095571 -0.148581  0.135991 -0.290788  0.005535 -0.118615 -0.265105  0.023816  0.104605  0.189894  0.111163 -0.014503 -0.043878  0.074656 -0.072423  0.032049
-0.222911  0.000000 -0.032785  0.204884 -0.154400  0.056427 -0.041439  0.092383 -0.111695  0.021117 -0.018828  0.093234 -0.061451 -0.428753 -0.003997  0.109736 -0.117431  0.064412 -0.095274 -0.036517  0.080583 -0.083218 -0.110058  0.117824  0.002093 -0.267442  0.027326 -0.027390 -0.197871  0.292531  0.480664 -0.146760 -0.084321  0.204833 -0.198574 -0.037337 -0.010589 -0.110908  0.117019 -0.106006  0.054964
 0.000000 -0.222911 -0.214360 -0.081056  0.041830 -0.030655 -0.176536 -0.197412  0.032314  0.195907 -0.081491 -0.056576 -0.004990 -0.153893 -0.055741 -0.015961  0.078853 -0.230697 -0.214559  0.090117 -0.054000  0.074815  0.057954  0.015786  0.185178 -0.087710  0.184340  0.071579 -0.228991 -0.018803  0.166143  0.269993  0.255559 -0.375446  0.226570 -0.259258  0.139932  0.075340  0.058571 -0.095737  0.160813
-0.000000 -0.222911 -0.086753  0.041822  0.078339 -0.054841 -0.151584 -0.010794  0.172686 -0.029850 -0.352978 -0.011876  0.144995  0.175370  0.084508  0.197785 -0.153092  0.265547  0.012059 -0.155547 -0.260486  0.054266  0.064745  0.072758  0.015924 -0.008011  0.158252  0.164988  0.035788 -0.357665  0.254763 -0.040121 -0.181407 -0.093356 -0.081417  0.236899  0.051414 -0.252062 -0.034919 -0.176445 -0.074363
 0.222911 -0.000000  0.014569  0.029454 -0.041430 -0.099207 -0.202112  0.065116 -0.290911  0.064960 -0.323503  0.052630 -0.236326  0.103670 -0.078693  0.240322 -0.001264 -0.137703 -0.083590  0.075181 -0.005160  0.164406 -0.116497  0.100592 -0.044937  0.273033  0.221341 -0.036777 -0.052733  0.084240  0.106044 -0.258954  0.141947  0.212271  0.168603  0.142819 -0.027343  0.184765 -0.246749  0.233800  0.062125
 0.222911 -0.000000  0.021099  0.093078 -0.172564 -0.047020 -0.066632  0.031402 -0.003576 -0.118893 -0.019814  0.242779 -0.125827  0.080265 -0.250964  0.007908 -0.018189 -0.086944 -0.353811  0.038650 -0.155904  0.183753  0.208575 -0.285162 -0.238595  0.063775 -0.187522 -0.103054  0.046575 -0.016816  0.046964 -0.022647  0.190503 -0.119562 -0.267624  0.035228 -0.037679 -0.121130  0.404885 -0.024946 -0.107144
 0.000000  0.222911  0.235656  0.001053 -0.119911 -0.068636 -0.122147 -0.204905 -0.025583  0.099135 -0.145906 -0.072089 -0.022587  0.034042 -0.133565 -0.139553 -0.065164 -0.034307  0.021155 -0.259086  0.019744 -0.057769  0.050103 -0.197928 -0.289417 -0.140318 -0.080788 -0.250200 -0.105266  0.023949  0.140533 -0.048611 -0.331154 -0.260454  0.355385  0.004791 -0.251426  0.067933 -0.149674 -0.152028  0.030156
-0.222911  0.000000  0.196713 -0.003741 -0.021865 -0.110887 -0.206909  0.087241 -0.169220  0.001966 -0.154565  0.027167  0.101505  0.077985 -0.270958  0.128343  0.402002 -0.118107 -0.026513 -0.125248  0.264299 -0.146925 -0.020343  0.161054  0.106054  0.030803  0.103059 -0.017496 -0.168699 -0.188318 -0.232682  0.134385 -0.003561  0.041437 -0.181929 -0.103580 -0.273207 -0.305258  0.067654 -0.029943 -0.031963
-0.222911  0.000000 -0.015940 -0.268874  0.017324  0.114864 -0.066167  0.268374  0.172399  0.056682  0.116059  0.222445  0.092906  0.006012 -0.297268  0.023933 -0.032068 -0.088246  0.121904  0.005693 -0.115829 -0.052438  0.027839 -0.462943 -0.119897 -0.095461  0.302684  0.053863 -0.049847  0.047384 -0.039163 -0.006607  0.149929  0.258320  0.158518  0.125761  0.131559 -0.117150 -0.164324 -0.134516  0.093871
 0.000000  0.222911 -0.059767 -0.143430 -0.058295 -0.018092 -0.080647  0.084563 -0.151789  0.070425 -0.063851  0.258651 -0.070879  0.008888  0.129506 -0.131172 -0.102429 -0.096282  0.380166 -0.002715  0.149132  0.394197  0.137857  0.049500 -0.044604 -0.146446  0.173983  0.250472  0.035556 -0.101043  0.030604 -0.079468  0.017809 -0.112873 -0.207460 -0.274716 -0.095592  0.156024 -0.016658 -0.179320 -0.273309
-0.000000  0.222911  0.327789 -0.000879 -0.209129  0.162747 -0.254135 -0.008545  0.113974  0.052071  0.141350 -0.129470 -0.028459  0.141807  0.201764 -0.011889 -0.116895 -0.171163 -0.050279  0.026327 -0.210629 -0.295410  0.231128  0.260653 -0.058871  0.065025  0.148137  0.214796  0.148202  0.242334  0.094859  0.106086  0.246767 -0.080242 -0.060814  0.049900 -0.069428 -0.160031 -0.098918  0.007382 -0.063952
-0.000000 -0.222911  0.036483  0.073535 -0.255666 -0.110013 -0.086889 -0.046787  0.079823  0.033136  0.157061  0.175325 -0.097852 -0.141603  0.010944 -0.297391  0.143543  0.311375 -0.211623 -0.066381  0.040684  0.101088  0.263615  0.179178 -0.120841  0.019623  0.273696 -0.092901 -0.105351 -0.023923 -0.135857  0.264089 -0.136978  0.170009 -0.035106  0.173054  0.086105  0.223990 -0.189720  0.030486 -0.152729
-0.222911  0.000000  0.019110 -0.314032 -0.060101  0.116464  0.154685 -0.017820  0.028364  0.231638 -0.097602  0.259173 -0.093728 -0.006053  0.074295 -0.154045  0.145342  0.071550 -0.108076  0.036524 -0.214790 -0.312309 -0.082975  0.023700 -0.037535  0.326433 -0.066895 -0.158707  0.089610 -0.283335  0.268811 -0.133729 -0.013785  0.018098 -0.109517 -0.307336 -0.020984  0.113315 -0.035447  0.098896 -0.054193
-0.000000  0.222911  0.226641  0.010064  0.144157  0.108057  0.239894  0.242434 -0.005454  0.064883 -0.083351  0.001384 -0.210118 -0.205418  0.184273  0.118080 -0.104001  0.103864 -0.072851 -0.181276 -0.216408  0.165247 -0.277823 -0.055287 -0.040533  0.193148  0.259035  0.020553 -0.164814 -0.001577 -0.148713  0.373901 -0.039471 -0.110846  0.024713  0.047784 -0.134337  0.022615  0.234644 -0.023562  0.063330
 0.222911 -0.000000 -0.119733  0.050939 -0.209821 -0.004539 -0.063061  0.221726  0.051718  0.251574 -0.152232 -0.079423  0.106014 -0.184254  0.119877 -0.017838  0.319942  0.182410  0.054093 -0.453634  0.123363 -0.069842  0.013668 -0.080712 -0.121551  0.061212 -0.014821  0.130404  0.284867  0.127611 -0.115611 -0.181682  0.148885 -0.097570  0.014455 -0.083284  0.184188 -0.008671  0.081111 -0.046630  0.220426
 0.000000 -0.222911 -0.076392  0.052065 -0.043075  0.161191 -0.395651  0.227680 -0.174977 -0.279582  0.172416 -0.138836 -0.024176 -0.018622  0.048746  0.063794  0.068676 -0.098231 -0.060779 -0.161030 -0.176602 -0.007796 -0.298282 -0.158839 -0.107664  0.022904 -0.230348  0.142419  0.102506 -0.063961  0.066123  0.241476 -0.133633  0.062189  0.010099 -0.222577 -0.025772  0.187999 -0.180299 -0.042730 -0.215625
 0.000000 -0.222911  0.041131 -0.237498 -0.187547 -0.255367  0.040353 -0.119850 -0.044667 -0.288726 -0.152452  0.093652 -0.186639 -0.087195  0.089838 -0.041353 -0.127487 -0.058500  0.083992 -0.128751 -0.083491 -0.358048 -0.178297 -0.092059  0.045554 -0.149667  0.133904  0.135115 -0.157722  0.140094 -0.262527 -0.199760  0.000456 -0.196472  0.011170  0.042119  0.127091 -0.004919  0.138584  0.174400 -0.259268
-0.000000  0.222911 -0.117348 -0.121117  0.098970  0.300898 -0.093892 -0.480289  0.134838 -0.047056 -0.110043  0.028527  0.018237  0.033271  0.121405  0.240936  0.246038  0.066067 -0.190631  0.033306  0.158684  0.042480 -0.254099 -0.078074 -0.178032 -0.207078  0.222022 -0.114859  0.209310  0.094133 -0.048722  0.053040  0.021244  0.088444 -0.087231  0.036333  0.076996  0.022439  0.037443 -0.004742 -0.233489
-0.000000 -0.222911 -0.061729 -0.051360 -0.130728 -0.054363  0.208432  0.060516  0.093063 -0.329109 -0.077319 -0.154973  0.090000  0.080845  0.243916 -0.039166  0.155216 -0.232795 -0.049043  0.084902  0.074266  0.022871  0.181916 -0.157287  0.017243  0.116634  0.361557 -0.039715  0.192018  0.134488  0.158262 -0.028754 -0.208462  0.127093  0.039461 -0.109824 -0.357703  0.081977  0.171325 -0.106769  0.163166
 0.222911  0.000000  0.210670  0.182710  0.091027  0.078711 -0.039552 -0.003151  0.169224 -0.164316 -0.316191  0.211523 -0.123253  0.237352 -0.188667 -0.146924  0.113058  0.002481  0.263750  0.030453 -0.153809 -0.151473 -0.072933  0.119776  0.127993 -0.149194 -0.012725 -0.087313  0.014910  0.164418  0.031341  0.199597 -0.066729  0.147303 -0.108395 -0.179547  0.237715  0.221595  0.080076 -0.180516  0.220518
 0.000000  0.222911  0.148844 -0.205511 -0.176896 -0.250497 -0.153702 -0.054476 -0.068468  0.170369 -0.003281 -0.083705  0.278383  0.183673  0.108644 -0.137995  0.021765  0.002658 -0.166715  0.083328 -0.034393  0.114139 -0.145618 -0.170297  0.088145 -0.112805 -0.053681  0.309362 -0.108239 -0.035932  0.107586  0.098094 -0.250216  0.213498 -0.099056  0.046072  0.168966  0.104821  0.227860  0.278151  0.201517
 0.000000 -0.222911  0.244083  0.046792  0.310269  0.146113 -0.199972  0.033753  0.036801  0.061759  0.158077 -0.086242  0.153587  0.009308  0.035532 -0.084406  0.084687 -0.000742  0.260216 -0.103663  0.126523 -0.053470  0.030568  0.003777 -0.145232  0.022777  0.105320 -0.103927 -0.146373 -0.104097  0.231888 -0.136948  0.189084 -0.011239  0.054330  0.192546 -0.024604  0.287455  0.429498  0.192235 -0.160752
-0.222911  0.000000 -0.095351 -0.078234 -0.188024 -0.048945 -0.217405  0.214126  0.040517 -0.041917 -0.210474  0.085013 -0.028964 -0.014123  0.230473 -0.140707  0.233622  0.126514  0.227194  0.426780  0.003412  0.111009 -0.166087  0.005228 -0.028488  0.021091 -0.212139 -0.196628  0.050450  0.155232  0.037060  0.149759  0.081329 -0.221994  0.128531  0.319832 -0.061374 -0.117773  0.056841 -0.010916 -0.001673
 0.222911 -0.000000 -0.102983 -0.146477  0.164110  0.184586 -0.034004 -0.107529 -0.019430 -0.086661  0.158567  0.000077 -0.081341 -0.126828 -0.306960 -0.224741  0.225751  0.057556  0.097544  0.144549 -0.054507  0.043920 -0.094743  0.149201 -0.189652  0.266843  0.093893  0.348173 -0.092360  0.179825  0.089160 -0.120853 -0.343278 -0.157680 -0.014406  0.045488 -0.014871 -0.264076  0.034858  0.038378  0.070557
 0.222911
