1 44
-0.150756  0.103409  0.079798  0.279762 -0.061710  0.017444 -0.011772  0.233158  0.034266 -0.194557  0.082275  0.112748 -0.032728 -0.124239  0.134401  0.135367 -0.260061  0.040575 -0.077081 -0.087306 -0.125541 -0.011240  0.056285 -0.080656 -0.004342  0.092710 -0.130728 -0.194915 -0.181066  0.021046 -0.070421  0.044485  0.018852  0.197088 -0.087235  0.221213 -0.300924  0.027040  0.148492  0.259743 -0.102275 -0.003536 -0.460697 -0.020091
-0.150756  0.003080 -0.448108  0.164991  0.208293  0.154763  0.295209 -0.075932 -0.087466  0.089217  0.297190 -0.068192 -0.087197 -0.152285  0.236448 -0.178115  0.160185  0.142884 -0.062139  0.064065 -0.113526 -0.240078 -0.016709 -0.030076  0.000233  0.104404  0.164749  0.042723 -0.147182 -0.006499 -0.126378 -0.174096  0.025632 -0.098372 -0.273669 -0.099639  0.023983 -0.005797 -0.024892  0.081078  0.120420 -0.005882 -0.009228  0.103911
-0.150756 -0.109356 -0.297285 -0.185639  0.058717 -0.053270  0.146768 -0.032124  0.190224 -0.222577 -0.260828  0.200591  0.179753 -0.065512 -0.151494 -0.063748 -0.054204  0.141147  0.085777  0.142901 -0.047778  0.075739 -0.023427  0.070149 -0.013022 -0.305299 -0.108817  0.135275 -0.211952  0.000366  0.121161 -0.075059 -0.168152 -0.108168 -0.016610 -0.191446 -0.173587  0.337696  0.121413  0.064900 -0.209574 -0.127309 -0.032802 -0.043479
-0.150756 -0.022326 -0.068699 -0.219904  0.014491 -0.186541  0.149474  0.058260  0.014621 -0.004266 -0.171531 -0.231953  0.065900 -0.342068  0.145948  0.091814 -0.034042  0.169024 -0.063543 -0.147302  0.068143  0.004949 -0.040392  0.014520  0.002880 -0.097202 -0.084060 -0.396133  0.176700 -0.175719  0.269302 -0.220914  0.145722 -0.081243  0.003244  0.127506  0.161717 -0.207110  0.287949  0.018239  0.043479  0.067106  0.074970 -0.033996
-0.150756  0.071931  0.096059  0.165972  0.061715  0.168034  0.127965  0.245180  0.051772 -0.239150  0.088384  0.038463  0.132159  0.001985 -0.107175 -0.048211  0.144634 -0.104733 -0.089273  0.070758  0.119060 -0.240283  0.167827 -0.093305  0.088095 -0.235249 -0.168637 -0.128968  0.273918  0.129550 -0.122223  0.033832  0.119482 -0.017884 -0.054524 -0.218219  0.144867 -0.219312 -0.145426  0.034881 -0.401171 -0.096447  0.134461 -0.108034
-0.150756  0.353428  0.106653  0.023403 -0.236605  0.140630  0.127475  0.020597  0.015223  0.167186  0.031857  0.091932 -0.206268 -0.144050 -0.005293 -0.113641 -0.102509  0.017107 -0.001347  0.267242 -0.089688  0.080038 -0.125803 -0.020967  0.078947  0.054486 -0.247247  0.107611  0.174053  0.010494  0.047726  0.052388 -0.104470 -0.504319  0.090038  0.079456  0.094196  0.002453  0.066956 -0.208154  0.028952 -0.157426 -0.196538  0.056844
 0.150756 -0.200947 -0.021372  0.041309  0.086004  0.035377  0.098876  0.168585 -0.220661 -0.297774 -0.063221  0.081529  0.038904  0.092484 -0.019985  0.190571  0.061798  0.149167 -0.071607 -0.265554 -0.123172  0.161958 -0.053195 -0.108839  0.281227  0.019303  0.015238  0.154956  0.191763 -0.155829  0.020409 -0.015474  0.212970 -0.271400 -0.163107 -0.066661 -0.201795 -0.006378 -0.143640 -0.266603  0.206927 -0.064527 -0.146116 -0.137915
 0.150756  0.092239 -0.153823 -0.030526  0.192788  0.172889  0.168170 -0.014537 -0.003236 -0.046829 -0.061561 -0.089706  0.057203  0.013043 -0.080935 -0.114787 -0.006774  0.173595  0.187723  0.067520  0.263733  0.109559 -0.125596  0.096382 -0.221912  0.181170 -0.503491 -0.172612  0.056540 -0.133440 -0.068269  0.192369  0.126859  0.175407 -0.026484  0.128533 -0.158096  0.034379 -0.276660 -0.042728  0.096050 -0.056526  0.051693  0.151843
-0.150756 -0.120932 -0.051467 -0.039498 -0.096194 -0.094549  0.132551 -0.260299  0.015639 -0.110082 -0.221543  0.053031 -0.233622 -0.085798  0.091543 -0.120389 -0.018683 -0.095419  0.124413  0.352278  0.032220  0.027474 -0.120929 -0.010794  0.037937 -0.100259  0.112259  0.067689  0.263610  0.223098 -0.146196  0.015529  0.225946  0.276191 -0.018091 -0.019297 -0.231820 -0.221370  0.002228 -0.117652  0.098805  0.233500 -0.163958 -0.186927
-0.150756 -0.209769  0.097131  0.243263  0.099036 -0.164386  0.063105 -0.011172  0.077956 -0.103758  0.015414 -0.114955 -0.059535  0.046653 -0.297092  0.191593 -0.329530 -0.219947  0.037467  0.150325 -0.007316 -0.393727 -0.015273 -0.007541 -0.079965 -0.053578 -0.111732 -0.053208 -0.044752 -0.158902  0.014804 -0.004608 -0.164230 -0.022771 -0.184002 -0.027946  0.020196  0.027702  0.071270 -0.284587  0.305541  0.018546  0.101945  0.144438
-0.150756  0.130218 -0.049188  0.220983 -0.072128 -0.096869  0.175710 -0.096912 -0.220768  0.145735 -0.075856  0.037361  0.409564 -0.052501  0.095986 -0.039265  0.026836 -0.139161 -0.224202 -0.145865  0.029969  0.045907 -0.198586  0.147110  0.120665 -0.056185  0.061624 -0.080802  0.005418  0.004287 -0.235856  0.404411  0.031918  0.078994  0.110778 -0.045318 -0.093775  0.162522  0.264272 -0.176232  0.050512 -0.059148  0.170352 -0.009554
-0.150756 -0.167774  0.041688  0.009329 -0.213968  0.285925 -0.017044 -0.238977  0.149590  0.009029  0.073744  0.210275  0.225253  0.104729  0.154562  0.054135 -0.114202 -0.023723  0.029061 -0.034695  0.129125 -0.191166 -0.082040 -0.185045 -0.086323  0.023054 -0.013122  0.049259  0.044602 -0.105638 -0.075095 -0.265488  0.199597 -0.100921  0.088951  0.401337 -0.039957  0.174154 -0.068332  0.049660  0.045746 -0.102486  0.225367 -0.265655
 0.150756 -0.072236  0.002256 -0.008402  0.100287 -0.204468 -0.151714  0.124535  0.033582  0.157485  0.040867  0.031309  0.056748 -0.063538  0.280392 -0.017229 -0.031904  0.025015  0.067229 -0.062699  0.151345 -0.258695  0.013816  0.286399  0.032428  0.050830 -0.070622  0.103385  0.283315 -0.014988 -0.205453 -0.344674 -0.057407  0.039475  0.094134 -0.020176 -0.148758  0.196695  0.022358 -0.315021 -0.283038 -0.013197 -0.193435  0.177491
 0.150756 -0.144096  0.161651 -0.165523 -0.321194  0.150548  0.108146 -0.079790 -0.113978  0.002459 -0.308075 -0.159113 -0.032992 -0.028081  0.025364 -0.090739 -0.086678  0.195971 -0.260665 -0.058776  0.099552 -0.145320 -0.069416 -0.121218 -0.024975 -0.038332  0.022652 -0.055138  0.062468 -0.154270 -0.376390  0.002483 -0.387230  0.024169 -0.207792 -0.124275  0.076318  0.018208 -0.101982  0.173120 -0.000118 -0.014749 -0.126320  0.019305
 0.150756  0.057573 -0.050364 -0.071424  0.061043  0.100714 -0.009913 -0.232574  0.150650 -0.297960  0.082682 -0.112489 -0.011081 -0.209181  0.005817  0.306704 -0.013335  0.111311 -0.100317  0.059599 -0.099898 -0.068401  0.148729  0.256947 -0.007243  0.048162  0.194082  0.077203  0.361103  0.256664  0.040520  0.250091 -0.112138  0.014572 -0.100865  0.254318  0.033218  0.135716  0.039605  0.089684  0.026232 -0.244372  0.081795  0.100016
 0.150756 -0.112497  0.222638 -0.195756  0.208841  0.366671  0.112605  0.060191  0.108925  0.012837  0.142069 -0.168931  0.049521 -0.225800  0.028312 -0.132336 -0.032237  0.036588 -0.084064  0.138509 -0.041404 -0.172148  0.057998 -0.219783  0.097942  0.036919  0.096314  0.096739 -0.076148 -0.206908  0.183092  0.244966  0.055945  0.139367  0.232143 -0.053222 -0.072768  0.169671  0.173611 -0.212573 -0.092917  0.227786 -0.094404 -0.091449
-0.150756 -0.259609  0.034330 -0.155199  0.018710 -0.017879 -0.132978 -0.191435 -0.139805 -0.048628  0.140921 -0.200688 -0.110735 -0.168759 -0.132133  0.023039  0.096332 -0.075113  0.149251 -0.208269  0.063004 -0.098496 -0.101873  0.024061 -0.231982  0.122311 -0.084650  0.094329 -0.157266  0.022374 -0.156350  0.127206  0.118352 -0.110848  0.157227 -0.150453 -0.051321 -0.209985  0.164992 -0.010113 -0.115728 -0.460813 -0.194382 -0.147323
 0.150756 -0.182549  0.106056  0.127758 -0.325284 -0.083854  0.247615 -0.064634 -0.159298  0.154531  0.039397 -0.175768  0.155037 -0.054723 -0.117348 -0.054800  0.084727 -0.159690  0.012162  0.131051 -0.146131 -0.011765  0.010838 -0.114377  0.053395  0.180186 -0.028449 -0.099405  0.130756  0.138093  0.388454 -0.191612  0.109908  0.110934 -0.005887 -0.150331 -0.230040  0.177078 -0.095366  0.158945 -0.066828 -0.236990 -0.007757  0.178086
 0.150756 -0.146958  0.128693 -0.003773 -0.033554 -0.146510  0.414444  0.071546 -0.103374 -0.186364  0.293551  0.041970 -0.128759  0.079478 -0.248884 -0.214809 -0.110235 -0.012210  0.174945 -0.081811  0.216036  0.111474 -0.190907  0.164185  0.033793 -0.013686  0.225970 -0.024208 -0.007981  0.010130 -0.108555 -0.007118  0.020893 -0.159964 -0.003105  0.276215  0.104370  0.078403  0.149097  0.124053 -0.218833  0.172792  0.009005  0.058298
 0.150756  0.122722 -0.139764 -0.176598  0.079360 -0.219404 -0.276874  0.138009 -0.014757 -0.054877  0.082239  0.073315 -0.042948 -0.157619  0.022295 -0.322066 -0.052563 -0.204744  0.025423 -0.005852  0.073873 -0.135703 -0.111089 -0.372182 -0.046271 -0.208587  0.220234 -0.272145  0.114645  0.002215 -0.003071  0.160652 -0.044180 -0.165057 -0.046044  0.102957 -0.247020  0.104072 -0.146888  0.033746  0.123688 -0.182748  0.039694  0.032230
-0.150756  0.050401 -0.169903 -0.128047 -0.017027 -0.055756  0.071286  0.043154  0.015534  0.056022 -0.013551 -0.005319 -0.044329 -0.118906 -0.330345 -0.002396  0.082319 -0.040113 -0.398997 -0.208652  0.292498 -0.040424  0.082791 -0.113215  0.020609  0.280250 -0.057995  0.078341 -0.093333  0.374311  0.100551 -0.107418 -0.193986  0.030111 -0.007288  0.187958 -0.145295  0.001972 -0.115084 -0.234663 -0.036161  0.158848 -0.003682 -0.153244
 0.150756  0.133720 -0.046779  0.040014  0.017251  0.180300  0.067832  0.184048  0.005456  0.074697 -0.275873  0.020551 -0.294953  0.192203  0.140420  0.252663  0.043687 -0.113847  0.006660  0.027012  0.463631 -0.202866 -0.117701 -0.003298  0.009570  0.062336  0.099239  0.089139 -0.050393  0.058981  0.162608  0.060751  0.135643 -0.112745 -0.079789 -0.147764 -0.178782  0.038197  0.326274  0.182117  0.008504 -0.086614  0.101531  0.030226
-0.150756 -0.044674 -0.026455  0.194017 -0.171858 -0.282226 -0.125765 -0.131352  0.100514  0.104046  0.052612 -0.059208  0.121537 -0.176919 -0.037448  0.138645  0.095633  0.218849  0.026429  0.013942  0.267854 -0.055237  0.058952 -0.143489 -0.054726 -0.037468  0.040595  0.304978  0.056934 -0.236851  0.103116  0.308165  0.146821 -0.191454 -0.089497 -0.002333 -0.063014 -0.023840 -0.191416  0.161344 -0.163215  0.277722 -0.084106  0.188965
-0.150756  0.011053 -0.045427  0.020609  0.051816 -0.097995  0.005685 -0.061497 -0.002919  0.034847  0.160369 -0.241299 -0.155541  0.377201 -0.004418  0.180940 -0.170185  0.388597 -0.151423  0.143928 -0.021472  0.092218  0.023067 -0.130868 -0.146862  0.014786  0.128990 -0.322111  0.099278  0.108728 -0.113837  0.007393  0.046333 -0.147880  0.300580 -0.206139 -0.163555  0.191650 -0.037633 -0.059744 -0.102615  0.039419  0.057147 -0.079872
-0.150756  0.029924  0.214280 -0.052798 -0.040190  0.184947 -0.131358  0.294752  0.160958  0.053564  0.119873 -0.242081  0.266541 -0.087428  0.007100 -0.089114 -0.196766  0.031377 -0.053683  0.060694  0.099681  0.266897 -0.220083  0.210005 -0.282147 -0.055197  0.225802  0.129783 -0.008440  0.154541  0.022909 -0.111766  0.105135 -0.029836 -0.350334 -0.142691 -0.125383 -0.044114 -0.050807 -0.072953  0.094947 -0.017958  0.032214 -0.029598
-0.150756 -0.010067 -0.005623 -0.063362 -0.081327  0.023657 -0.161466  0.030666 -0.061361 -0.026480  0.164547  0.035979  0.012474  0.164792 -0.188275 -0.309337 -0.083650  0.305112 -0.128447  0.019262  0.234764 -0.024076  0.243600  0.019084  0.289405 -0.140059 -0.049932  0.163295  0.099798 -0.021025  0.014903 -0.073770  0.126597  0.222281  0.099927  0.011437 -0.017179 -0.061460  0.259996  0.098366  0.323656 -0.211246 -0.034852  0.243327
 0.150756 -0.042117  0.085475  0.042061  0.003827  0.071776 -0.158387 -0.236750 -0.004374 -0.286826  0.124291  0.037882  0.254068  0.061434  0.086952  0.128394  0.329582 -0.017398 -0.132011  0.248742  0.232757  0.063080 -0.230683 -0.102445  0.026691 -0.090357 -0.048364 -0.228013 -0.215210  0.172158  0.026837 -0.139228 -0.059441 -0.122032  0.020131  0.004062  0.092222 -0.074057  0.110494 -0.138668  0.074161  0.092461 -0.264866  0.265982
-0.150756 -0.193569  0.065543 -0.044739  0.234002  0.118172  0.103337 -0.094412 -0.065853  0.408681  0.169483  0.055491 -0.021799 -0.036818  0.071074  0.265798 -0.060466 -0.048876  0.207503  0.019355  0.258742  0.277903  0.080159 -0.105296  0.296722 -0.241632  0.026108 -0.127717  0.047117  0.023536  0.037021  0.057971 -0.295300  0.090160 -0.168281  0.066816 -0.051299 -0.033978 -0.099908 -0.007580 -0.048751 -0.166318 -0.090866 -0.046597
-0.150756 -0.011338 -0.086940 -0.132065 -0.078902  0.307253  0.107142  0.102361 -0.087754  0.092586 -0.066919  0.133569  0.136343 -0.018327 -0.176810  0.127474  0.056559 -0.124829  0.213339 -0.226640 -0.027159 -0.150345  0.172172  0.142805 -0.219013 -0.139219  0.171461 -0.145320  0.147132  0.110775 -0.029133  0.016849  0.017281 -0.128179  0.277824 -0.086148 -0.033383  0.042497 -0.105503  0.090436  0.256717  0.242611 -0.285042  0.230207
-0.150756  0.078551 -0.238647 -0.441368 -0.018021 -0.047838  0.052699  0.169853 -0.182115 -0.050083  0.050561 -0.185527  0.228597  0.283006  0.051047  0.211530 -0.110129 -0.238225  0.024492  0.183147 -0.130854  0.012728 -0.062582 -0.251263  0.030692  0.134606 -0.036605  0.228025  0.075117 -0.055604 -0.133963  0.028915  0.016802  0.071331 -0.067633  0.163465  0.053045 -0.101793  0.088040  0.037566 -0.167397  0.029229 -0.037441  0.237071
 0.150756  0.020298 -0.203748 -0.233967 -0.312767 -0.010883 -0.031044 -0.084799  0.270559  0.075439  0.292125  0.097461 -0.020371  0.058670  0.014725  0.088156 -0.237037  0.028228  0.068189 -0.215301 -0.025348 -0.168417 -0.213638  0.065956  0.264117 -0.004948 -0.170799 -0.146594 -0.056165  0.162726  0.063406  0.176159  0.180927  0.086489 -0.186103 -0.283199  0.178152  0.048873 -0.047770 -0.065608  0.008947  0.096557 -0.081668 -0.070590
 0.150756  0.134218 -0.116809  0.021738 -0.206732 -0.106131  0.088898  0.244929 -0.313648 -0.027973  0.031053 -0.072931  0.073203 -0.136120  0.027070  0.202225 -0.084956  0.176364  0.071961  0.272395  0.141878 -0.185786  0.003226  0.130026  0.003247 -0.204065  0.149687  0.080152 -0.285688  0.004510  0.064333 -0.011892  0.025171  0.144464  0.215713  0.116340  0.162578 -0.038295 -0.278744 -0.117198  0.080747 -0.174363 -0.070603 -0.252619
-0.150756 -0.154317  0.160213 -0.043499 -0.122152 -0.041358  0.074244  0.161491  0.075842  0.087269 -0.153320 -0.132373 -0.088149  0.263557  0.171872 -0.134404  0.319492  0.228780  0.169958 -0.120701 -0.168276 -0.184615  0.047999 -0.046567 -0.069213 -0.186262 -0.034281 -0.039120 -0.148187  0.267628  0.086546  0.230804  0.044352  0.013571 -0.202357  0.314884  0.016856  0.084584  0.018252 -0.256426 -0.041430 -0.073197 -0.009953  0.119218
-0.150756 -0.017650 -0.041953  0.139243  0.037393  0.111032 -0.063827  0.077145  0.017250 -0.046521 -0.115026 -0.025213 -0.294956 -0.224592 -0.096953  0.126164 -0.005153 -0.019260 -0.071059 -0.161773 -0.011729  0.165198 -0.346236 -0.247445  0.001747 -0.141254  0.063050  0.098633  0.032515  0.037096 -0.075259 -0.118168  0.189488  0.273972  0.132672 -0.003592  0.315717  0.313043 -0.116378 -0.067801 -0.076190 -0.093906  0.030511  0.311691
-0.150756  0.170156  0.202691 -0.218197 -0.178894 -0.210537  0.262033  0.050152  0.150219 -0.223781  0.279955  0.012132 -0.162914 -0.027135  0.246991  0.110855  0.300151 -0.187449 -0.023730 -0.063442  0.134979  0.133693  0.190017 -0.003661 -0.131651 -0.038118 -0.091466  0.065007 -0.019202 -0.200110 -0.078355 -0.040971 -0.076211  0.127623  0.011637 -0.171055 -0.061912  0.236020 -0.056512 -0.022537  0.240496 -0.034043  0.058414 -0.040097
 0.150756  0.059579  0.084181  0.005847 -0.071014 -0.029819  0.189088  0.089139  0.239396  0.029807  0.076175  0.162136  0.067315 -0.146583 -0.025528  0.162297  0.003865  0.256152  0.156638 -0.104821 -0.138670 -0.037176 -0.176655 -0.210256  0.011466 -0.016914  0.043400  0.110804 -0.067081  0.104706 -0.148128 -0.075562 -0.189141  0.063526  0.223493 -0.052573 -0.296582 -0.423462  0.057234 -0.045453  0.036416 -0.043391  0.311826  0.230673
 0.150756  0.138663 -0.044579 -0.024266  0.052418  0.018833  0.186724 -0.203545  0.260437  0.147382 -0.012474 -0.174472 -0.092080  0.176833 -0.081013  0.007105 -0.031528 -0.208838 -0.379025 -0.106550 -0.088587 -0.000165  0.005976  0.171682 -0.007112 -0.394044  0.045993  0.044539 -0.132076 -0.204847  0.009217 -0.074934  0.197987 -0.025499  0.058810  0.166864 -0.188820 -0.202940 -0.163441 -0.027425 -0.105992 -0.130714 -0.175691  0.115827
-0.150756  0.143290 -0.097179  0.174814  0.001973 -0.015232  0.039261  0.033986  0.402216 -0.136408 -0.145423 -0.326834  0.149661  0.167351 -0.026918 -0.121182  0.105648 -0.041977  0.264938 -0.093506  0.100919 -0.025541 -0.153875 -0.012483  0.302059  0.245322  0.248629 -0.036564  0.067527 -0.127375  0.038525 -0.022721 -0.209030  0.048556  0.167638  0.002564  0.078826 -0.026165 -0.101855  0.019604  0.065077 -0.136023 -0.215086 -0.122194
-0.150756  0.324522  0.264444 -0.163972  0.078196 -0.006215  0.076234 -0.302786 -0.143662 -0.141246 -0.179542  0.169806  0.040021 -0.027075  0.024855 -0.038718 -0.228212  0.076781  0.136647 -0.088586  0.078379 -0.070369  0.202203 -0.029198  0.086249  0.207287  0.273018 -0.121212 -0.214590 -0.033421  0.047555 -0.062740  0.182207  0.004036 -0.158458 -0.108975 -0.002019 -0.025024 -0.157149 -0.211023 -0.173275 -0.107745  0.031579  0.228842
-0.150756 -0.192646  0.187945 -0.122108  0.150034 -0.055009 -0.022620  0.066270 -0.004556 -0.084864 -0.088118 -0.183637 -0.035163 -0.109990  0.233866 -0.034951 -0.128922 -0.106974 -0.079690  0.039540 -0.004671 -0.066210 -0.060639  0.187565  0.385216  0.032973 -0.181808  0.045455 -0.214751  0.237668 -0.092000  0.043487  0.068894 -0.244747  0.228929  0.011144 -0.081397  0.039861 -0.294893  0.282765  0.127047  0.096147  0.167121  0.138210
-0.150756 -0.307148  0.030078 -0.107204  0.092693 -0.107440  0.108443  0.167183  0.127859  0.043196 -0.007781  0.455322 -0.009387  0.115351  0.123361 -0.036673 -0.001457  0.040692 -0.319930  0.137814  0.013862 -0.041014 -0.190054  0.133846 -0.148994  0.248863  0.159517 -0.074857  0.080012 -0.127214  0.211338  0.193752 -0.041952  0.082195  0.100889 -0.034872  0.152576 -0.161902 -0.164992  0.025758  0.000270 -0.197758 -0.101658  0.097592
-0.150756 -0.144766 -0.196240 -0.026815 -0.361337  0.256008 -0.249991  0.109046 -0.042949 -0.105721  0.054209 -0.015903 -0.212273 -0.082758 -0.084275  0.039266  0.162145 -0.065580  0.012962  0.124321 -0.033328  0.084763  0.029225  0.268737  0.198143  0.073352  0.116747 -0.246702 -0.095956 -0.303653 -0.024716  0.028594 -0.061894  0.007279 -0.024091  0.065384 -0.247935 -0.060478 -0.024994 -0.172935 -0.194514  0.049637  0.239115  0.135631
-0.150756  0.249856  0.263104 -0.190186  0.183574 -0.061952 -0.095263 -0.030790 -0.113007  0.137817  0.060780  0.082763 -0.005963  0.020261 -0.326373  0.142904  0.319890  0.160551 -0.003287  0.091675 -0.167052 -0.270607 -0.383104  0.147986  0.137992 -0.012128 -0.010440 -0.040405  0.069819 -0.121883 -0.023953 -0.097459  0.031464  0.098285 -0.128563  0.050454 -0.140113  0.123494 -0.024312  0.205926  0.023307  0.060436 -0.024764 -0.150751
 0.150756 -0.103737  0.007129 -0.066707  0.009053 -0.123223  0.052068  0.171211  0.311789  0.235041 -0.140508  0.063537  0.078428 -0.152772 -0.233600  0.118033  0.135243 -0.005565 -0.008834  0.251045 -0.004782  0.104449  0.260991 -0.065180  0.102988  0.187322  0.089945 -0.156435 -0.132974  0.011703 -0.437286 -0.008378  0.328882 -0.106655 -0.085551  0.044405  0.113912  0.106199  0.089594 -0.002522  0.098732 -0.119445 -0.056543 -0.008867
 0.150756
