3 49
-0.249740 -0.000000  0.000000  0.289991  0.041202 -0.209257  0.050412 -0.126056 -0.067337  0.242787  0.315581 -0.130825  0.081300  0.143271  0.053126  0.225561  0.084450 -0.034023  0.047345  0.106344  0.261412 -0.153774 -0.162215  0.068879  0.086257  0.009320  0.120645  0.126056 -0.112613 -0.141474  0.088594 -0.023398 -0.152268 -0.117620 -0.118266 -0.058573  0.133788  0.184825 -0.151650  0.166299 -0.138965 -0.188037 -0.157865 -0.101899  0.066468 -0.037337  0.105692  0.126650  0.156529
 0.000000  0.000000  0.249740 -0.272541  0.151541  0.035603 -0.129112 -0.061424  0.037950  0.114159 -0.127444 -0.085611 -0.031531 -0.114516 -0.205711  0.123477 -0.108294 -0.168779  0.120959  0.095654  0.020854  0.079760 -0.161740  0.039371  0.000829  0.220851  0.147985 -0.107454 -0.148807  0.055132 -0.052796  0.263918  0.066402  0.055313 -0.024522 -0.054657  0.220182  0.036515 -0.040330  0.241087 -0.021878 -0.127272 -0.065130  0.249735  0.277969 -0.084393  0.107815 -0.283893 -0.223829
-0.000000  0.249740 -0.000000  0.060451 -0.197395  0.017708 -0.015860 -0.091623 -0.166878 -0.040231  0.328229  0.127409  0.006918  0.113276 -0.058318  0.015983  0.159719 -0.152986 -0.033985  0.274387 -0.273838  0.075333 -0.021567 -0.183926 -0.054402  0.233124 -0.232104 -0.285114  0.018569  0.051061 -0.055081  0.074355  0.145488  0.126307 -0.066797 -0.077284 -0.155550  0.080945 -0.108429 -0.014160  0.123466 -0.047585  0.007590 -0.126165  0.281070 -0.126654 -0.145656  0.166716 -0.063163
 0.249740 -0.000000 -0.000000 -0.200122  0.070434 -0.044789  0.204639  0.174489 -0.052010 -0.072077  0.026743 -0.033206  0.151169  0.112511 -0.098133 -0.294588  0.054742 -0.031932  0.218710  0.034829 -0.107925 -0.030264  0.309451  0.005899 -0.064929  0.021568 -0.014400 -0.108767 -0.094725 -0.037773  0.108469 -0.022498 -0.202002  0.024049 -0.084510 -0.154335 -0.073300 -0.015924  0.130336  0.435199 -0.245870 -0.189485  0.038897 -0.136401  0.035762  0.116795  0.115281  0.036278  0.213263
 0.000000 -0.000000 -0.249740 -0.279467 -0.087193 -0.068553 -0.069875  0.079800 -0.033369  0.107081  0.191986 -0.155069 -0.224659  0.041432  0.257042 -0.065232 -0.112870 -0.037606  0.139326  0.075144 -0.123918  0.072405  0.000761  0.033371 -0.103297 -0.041739  0.208086 -0.004954  0.237518 -0.007547 -0.186899  0.074593  0.150212 -0.206649 -0.031416  0.032004 -0.024911 -0.143789  0.003933  0.122315  0.045055  0.151933 -0.242376 -0.015572 -0.101678 -0.408456  0.169597 -0.007076  0.180852
-0.000000  0.249740  0.000000 -0.122840 -0.275469 -0.113236 -0.134818 -0.111817 -0.172664 -0.021310 -0.024011 -0.006280  0.123048 -0.027140 -0.050829 -0.164321 -0.040531  0.050515 -0.038465  0.087919  0.030337 -0.031209  0.048888  0.067518  0.039709 -0.311103 -0.067192  0.073209 -0.334547 -0.015122 -0.084455 -0.022794 -0.232059  0.023391  0.241990  0.273671  0.073845 -0.020038  0.134062 -0.039449  0.181610  0.015215 -0.277110 -0.219115  0.155431 -0.002560  0.222161 -0.091490 -0.152909
-0.217480 -0.000000  0.032259  0.005548 -0.006483 -0.269842  0.170864  0.153902  0.010601  0.203618  0.046577  0.027813 -0.261344 -0.059712 -0.077062 -0.183823  0.008027 -0.056925 -0.063726 -0.202361  0.174335  0.073390 -0.074006 -0.196014  0.321685  0.022032  0.016837  0.037038  0.042928  0.022995 -0.236883  0.156263 -0.038835  0.029181  0.148312 -0.136674 -0.051355 -0.227337  0.301288  0.145180  0.142756 -0.131883  0.157568 -0.139901  0.059509 -0.000762 -0.157898  0.133288 -0.125077
-0.000000 -0.000000  0.249740  0.008328  0.217154 -0.040294 -0.089765 -0.204451 -0.212891  0.158732  0.021664 -0.100195  0.077899  0.098016 -0.014675  0.165722  0.029092  0.104239  0.105698 -0.130434 -0.257748  0.117046  0.059152  0.190749  0.079814 -0.144243  0.046731 -0.148775  0.171796 -0.276049 -0.098874 -0.114566  0.162441  0.022790  0.083039  0.029587 -0.105529  0.052891  0.257705  0.088701  0.312563  0.016869 -0.027245  0.175200  0.038530  0.262986  0.066383  0.165862  0.140152
-0.000000  0.249740  0.000000  0.092574  0.091169  0.204078 -0.080419 -0.073514  0.068915 -0.023625  0.003500 -0.235580 -0.194739  0.010953  0.196671  0.197867  0.078392 -0.083958 -0.019607 -0.062167 -0.023678  0.051967 -0.060139  0.156964  0.101432 -0.045243 -0.189272 -0.150554 -0.060225  0.179267  0.307056 -0.136675  0.139962 -0.052322  0.229772 -0.018622 -0.045905 -0.321256  0.137741  0.030012 -0.171967 -0.276085  0.159724 -0.150681 -0.029076 -0.097863  0.231139 -0.047253 -0.035745
-0.249740 -0.000000 -0.000000 -0.063785  0.146480  0.081205 -0.121354  0.082862 -0.103076  0.021551  0.036408  0.057274 -0.067011 -0.023193  0.049240 -0.067363 -0.054462  0.043398  0.062119  0.084811 -0.023724 -0.223043  0.245334  0.154380  0.427825  0.180877  0.093200 -0.051363 -0.033847  0.005071  0.223648  0.118725 -0.102487  0.395542  0.022807 -0.125416 -0.092112  0.006792  0.059218 -0.267225 -0.004585  0.202594 -0.096595 -0.018633  0.063437 -0.118942  0.021063 -0.136619  0.242818
-0.000000  0.000000  0.249740 -0.084068  0.156804 -0.098693  0.284529  0.092535  0.100353 -0.061942  0.063199  0.305149  0.005629 -0.161251  0.089740  0.181826  0.023173 -0.223994  0.011803 -0.119287  0.051433 -0.151095  0.150842 -0.021270 -0.094489 -0.172443  0.128864 -0.200257  0.203535  0.088570  0.017542  0.048213  0.028250 -0.115277  0.238797  0.293325  0.049624  0.194215  0.047441 -0.154723 -0.173790  0.017186 -0.027285 -0.113014  0.262582 -0.122162  0.048760  0.100512  0.060189
-0.249740  0.000000 -0.000000  0.054562 -0.048900  0.067513 -0.123547  0.097583  0.166424  0.008966 -0.194951  0.078707 -0.011990 -0.127332 -0.074566  0.026170 -0.130933 -0.278502 -0.201037  0.107858 -0.365154 -0.026311  0.004666  0.288071  0.145819 -0.001933  0.127712 -0.038840 -0.088920  0.192735 -0.002660 -0.188975 -0.121590 -0.168457 -0.138497  0.105350 -0.054503  0.162266  0.076557  0.272718  0.049237 -0.044958 -0.094426 -0.102305 -0.166298 -0.035384 -0.244911  0.170066 -0.008227
-0.000000  0.249740 -0.000000  0.229444  0.098868 -0.112335  0.202840 -0.050760  0.176319  0.177988 -0.126202 -0.057029  0.123340 -0.058085 -0.014033 -0.263722  0.033026  0.080123  0.126118  0.058213 -0.228309  0.045343  0.018358  0.234659 -0.041331  0.032540  0.078964  0.098265  0.191198 -0.186845 -0.017955  0.014995  0.062498  0.067397  0.118313 -0.015966 -0.012481 -0.251775 -0.165042 -0.141622 -0.254243 -0.098962 -0.316940  0.026781  0.094961 -0.014552 -0.238116 -0.030506 -0.213366
 0.000000  0.000000 -0.249740  0.062573  0.159105  0.089190  0.152743  0.137506 -0.173020 -0.351225 -0.218854  0.028777  0.017847  0.111052  0.095744  0.026024  0.143826 -0.247151 -0.125742  0.076970  0.054167 -0.257992 -0.164546 -0.072326  0.018369  0.023223  0.251595  0.042681  0.007666 -0.101660 -0.024238 -0.216775  0.133408  0.112508  0.035407 -0.104498  0.110345 -0.229468 -0.017154  0.142819  0.190868  0.087865 -0.161344  0.056086  0.233243  0.105872  0.117561  0.124159 -0.089933
-0.000000  0.249740 -0.000000  0.052543 -0.051232  0.012778  0.101524 -0.062822 -0.272201  0.030451 -0.099130 -0.154783  0.266392 -0.237624 -0.016331  0.016056 -0.104976 -0.129846  0.066913 -0.113795 -0.202554 -0.224419  0.007702 -0.333938  0.270599 -0.278499  0.073058  0.015552  0.048257  0.100327 -0.174591  0.025576  0.149343  0.048563 -0.093066 -0.059784  0.054031  0.058949 -0.201979 -0.017287 -0.071406 -0.158099  0.163804  0.075910 -0.214823 -0.099283  0.036656 -0.129907  0.107707
 0.000000  0.249740  0.000000 -0.007276 -0.024545 -0.011741 -0.120805 -0.169592  0.076966  0.035287 -0.123260 -0.002865 -0.064834  0.164858 -0.434775 -0.081657 -0.143565 -0.108573 -0.206132  0.059845  0.155851  0.087136  0.208137 -0.049631 -0.045151 -0.014325  0.109537  0.205250  0.358313  0.089732  0.151236 -0.091135 -0.145038 -0.059355  0.153113 -0.094576 -0.058591 -0.019113 -0.183137  0.003175  0.106609 -0.030674  0.132341  0.148908  0.123597 -0.118012  0.174940  0.158244  0.181027
 0.249740  0.000000 -0.000000 -0.183022  0.127902 -0.151856 -0.149957 -0.157434 -0.047129  0.049037  0.009507  0.001249 -0.057307 -0.083146  0.075735  0.140503 -0.088620  0.251612 -0.176439  0.153748  0.130335 -0.100643  0.048908 -0.053763 -0.109584  0.090667  0.245740 -0.037880 -0.091128  0.044562 -0.182850 -0.333490  0.045279  0.366224  0.210232 -0.018226 -0.028545  0.052855  0.004535  0.072007 -0.132728 -0.191603  0.026316 -0.099430 -0.130673 -0.157314 -0.260171  0.132040 -0.018984
 0.000000  0.000000 -0.249740 -0.043003  0.050424 -0.234217  0.147220 -0.288844 -0.028714 -0.022802 -0.147729 -0.066947  0.216389  0.269734  0.163473  0.084699 -0.248243 -0.081819 -0.035696 -0.206685  0.055174 -0.168902 -0.050116  0.226411 -0.089155  0.111624 -0.271099 -0.047994 -0.001926  0.350081 -0.126251  0.182564 -0.076381  0.042009  0.025743  0.038653 -0.079307 -0.056256  0.063340  0.051328  0.037613  0.029916  0.003746  0.121548  0.135621 -0.006309 -0.190758 -0.053760  0.160589
 0.217480  0.000000  0.032259 -0.359546  0.112218 -0.019894  0.247741  0.048475  0.143078  0.171475  0.204287  0.132353  0.081321  0.022568 -0.178683  0.097247 -0.085813 -0.148791  0.065152  0.139241  0.068856 -0.110997 -0.151761  0.109528  0.212035 -0.116753 -0.296450  0.209548 -0.022381  0.072380  0.161145 -0.087066  0.172935  0.104324 -0.088190 -0.027104 -0.038875 -0.072012 -0.046060 -0.072900  0.143416  0.022540 -0.174939  0.055679 -0.251529  0.004934  0.065239  0.216657 -0.142979
 0.000000 -0.249740 -0.000000 -0.080133 -0.206237  0.345927  0.073158  0.161282 -0.120595  0.004710 -0.018188 -0.275454 -0.080189 -0.017677 -0.151096  0.189090  0.036683  0.152027 -0.152150 -0.065057  0.035066 -0.014024  0.149406 -0.067339  0.074996 -0.063489 -0.161097  0.069382  0.156020  0.148441 -0.086657  0.034948  0.040150 -0.035671  0.085595 -0.064036  0.030251  0.045937  0.011073 -0.039303 -0.077584 -0.276275 -0.458420  0.016982  0.193637  0.094987 -0.182287  0.028163  0.116475
 0.000000  0.000000  0.249740 -0.187634  0.169265 -0.136075  0.089984 -0.056906 -0.056699 -0.142023 -0.121982 -0.136842  0.106375  0.008398  0.260284  0.053821  0.100963  0.059652 -0.444575  0.023382 -0.016725  0.298961  0.076363  0.014859  0.212317 -0.008477 -0.114725  0.060058  0.056217 -0.054213 -0.148383 -0.005122 -0.179245 -0.043766 -0.328972 -0.096393 -0.113825 -0.034494 -0.111980 -0.052580 -0.169100  0.106064 -0.030549 -0.063217  0.093180 -0.130649  0.178027  0.072855 -0.136552
-0.249740  0.000000 -0.000000 -0.100181 -0.069790 -0.034224  0.103212  0.160149 -0.287680  0.291365 -0.005538 -0.082092 -0.032699  0.028256 -0.118047  0.053019 -0.162654 -0.002406  0.028602  0.195637  0.137349 -0.010479  0.096251  0.143835 -0.155749 -0.034163 -0.026302 -0.155797  0.163056  0.143224 -0.075948 -0.330256  0.087350  0.026964 -0.210200  0.096831  0.081459 -0.173926 -0.069729 -0.056696 -0.136384  0.192458  0.212329 -0.173285  0.097169  0.270212  0.005770 -0.171745 -0.125652
 0.249740 -0.000000  0.000000  0.261433 -0.042140  0.101233 -0.038429  0.041088  0.026177 -0.069765 -0.116386 -0.123313  0.010393  0.151588 -0.145235  0.022381 -0.090749  0.027132  0.192329  0.260664  0.086384 -0.071264 -0.223484 -0.002363  0.264939 -0.005633 -0.097037 -0.009910  0.216141  0.005565 -0.227615 -0.044764 -0.059185 -0.002800  0.044420  0.058136 -0.069868  0.226970  0.366010  0.035648 -0.306137  0.266187  0.049181  0.008153  0.050412 -0.162999  0.074378  0.048047 -0.117921
-0.249740  0.000000 -0.000000 -0.011324  0.141903  0.154370  0.006844  0.072760 -0.180476 -0.023049 -0.167063  0.146934  0.056834 -0.050961 -0.026232  0.179857  0.239463  0.109120  0.316857  0.071114 -0.018181 -0.028224  0.095631  0.173214 -0.294676 -0.094380 -0.077349  0.378149  0.002268  0.115125 -0.182798  0.096470 -0.088666  0.069596 -0.055469 -0.135516 -0.145545  0.013176  0.091646 -0.023422  0.098956 -0.157278  0.155507 -0.057373  0.003408 -0.297721  0.051847  0.121276 -0.136188
 0.249740 -0.000000  0.000000  0.076619  0.069816  0.280034  0.027273 -0.049086 -0.193439 -0.021330  0.073660  0.001098 -0.275508  0.228118  0.102999 -0.007253 -0.214592 -0.205960  0.194427 -0.216542  0.077076  0.144122  0.075867  0.143803  0.142130 -0.038239  0.205407  0.041394 -0.031330  0.002501 -0.112358  0.127096 -0.180158  0.102300 -0.052464  0.168163 -0.144683  0.075675 -0.349667 -0.018135  0.045767 -0.079328  0.029760 -0.178875 -0.025867  0.116857 -0.070975  0.085155 -0.225108
 0.000000  0.000000 -0.249740 -0.095761 -0.010558 -0.147590 -0.131689 -0.046488  0.150169 -0.032761  0.136780 -0.232980 -0.090345  0.000293 -0.203823  0.271208  0.270427 -0.267303 -0.033726  0.009928 -0.108805 -0.091358  0.333822  0.045450  0.010745 -0.078869  0.045424  0.081209 -0.224711 -0.110512 -0.220928  0.167403  0.030171 -0.024449  0.105489 -0.016651 -0.041419 -0.076502 -0.008067 -0.105847 -0.262598  0.210658  0.122092  0.118862 -0.034863  0.193413 -0.038116  0.098755 -0.095917
 0.000000 -0.249740  0.000000  0.006691  0.085644  0.121160 -0.009273 -0.011674 -0.137222  0.133213  0.024469 -0.152886  0.395197  0.017080 -0.094862 -0.021185  0.128203 -0.013476 -0.072917 -0.039225  0.117219 -0.154768  0.179756 -0.043121  0.074503  0.242326 -0.003860 -0.160364  0.072069 -0.103184  0.112620  0.020265 -0.031676 -0.258495  0.269797  0.138977 -0.162507 -0.097927 -0.121394  0.139168  0.165943  0.113990  0.039613 -0.112585 -0.168577 -0.258644 -0.066277 -0.066206 -0.292758
-0.000000  0.249740 -0.000000  0.139230  0.099109 -0.022782  0.236206 -0.037946  0.234672 -0.154873  0.098783 -0.248988 -0.029527 -0.105074 -0.056699  0.094789  0.061109  0.336490  0.070853 -0.004936  0.056195  0.049592  0.228924 -0.068705  0.056013  0.090466  0.157379  0.128439 -0.032873  0.315885  0.072375  0.059916  0.215938  0.064451 -0.160505  0.206365 -0.013539  0.111368  0.013519  0.243599  0.242975  0.219764 -0.046630 -0.128023  0.048103  0.061959  0.009226 -0.039443 -0.061563
-0.000000  0.000000 -0.249740 -0.217424 -0.136499  0.120206  0.050998 -0.092527 -0.042560  0.212888 -0.046597  0.083082  0.151392 -0.019777  0.179787 -0.040124  0.011577  0.038084  0.074162 -0.206234 -0.157168  0.204611  0.013959  0.006829  0.187758  0.227466  0.043541  0.292190 -0.048016  0.013321  0.104491 -0.191483  0.155249 -0.095576  0.192922 -0.119087  0.255219  0.291899  0.019808 -0.006052 -0.119011  0.118864  0.172748 -0.093030  0.253282  0.031853  0.026739  0.134914 -0.075002
 0.000000  0.000000  0.249740  0.149352  0.090203  0.149371  0.001337 -0.036423 -0.118943  0.323882 -0.077209 -0.090440 -0.170922  0.103623  0.028187 -0.278197  0.189496 -0.212885 -0.121526 -0.207900  0.008035 -0.063074  0.060447 -0.149805 -0.215661  0.030047 -0.158597  0.128409 -0.225827  0.100804 -0.006956 -0.103059  0.107060  0.205395 -0.061768  0.205096  0.077348  0.017140  0.054330  0.102208 -0.127037  0.252268 -0.126571  0.159245 -0.047076 -0.182769  0.003805  0.123872  0.103147
-0.000000  0.249740  0.000000 -0.094092  0.020933  0.024021  0.328662  0.292643 -0.176788 -0.033374  0.042839 -0.021733 -0.079078  0.238214 -0.075477  0.083544  0.011427  0.143823 -0.093883  0.088149 -0.057687  0.088693 -0.071220  0.053129  0.076220  0.149770  0.110507  0.062104 -0.285794 -0.114666 -0.010893 -0.104361 -0.068016 -0.229959  0.075926  0.262101 -0.087897  0.025635  0.053740 -0.158524  0.008998 -0.114763  0.148360  0.367408 -0.021528 -0.141903 -0.155964 -0.128499  0.130615
 0.000000  0.000000  0.249740  0.113897 -0.140687  0.109866  0.039300 -0.064304  0.100529  0.052201  0.126494  0.171437 -0.030343  0.236047  0.252992 -0.084459 -0.216420  0.044308 -0.117465  0.128199  0.040193 -0.252536  0.300344  0.023978 -0.010099 -0.159149  0.099219  0.077183 -0.147124  0.062193 -0.076861 -0.016558  0.224247 -0.227835  0.040956 -0.392011 -0.129411  0.037987  0.082358  0.056429  0.005880  0.007862  0.011384  0.174897  0.057053  0.031169  0.008716 -0.143693 -0.226967
 0.000000  0.249740 -0.000000 -0.002564  0.075358 -0.254333 -0.192669  0.230508 -0.021559  0.038210 -0.134856  0.006742 -0.069539  0.084795 -0.007246  0.159190 -0.082419 -0.037034  0.148589 -0.295988 -0.036320 -0.120547  0.072985 -0.241971 -0.096348  0.342828 -0.073019 -0.023521  0.025222  0.050095 -0.008215 -0.200393 -0.075988 -0.137002 -0.059699 -0.125384 -0.181440  0.170615  0.057807 -0.169679 -0.000709 -0.055923 -0.314081 -0.038705 -0.130304  0.117981  0.179716 -0.038221 -0.199644
 0.000000  0.000000  0.249740 -0.097608  0.076755  0.104925  0.114010 -0.184899  0.052762 -0.048363  0.024779 -0.081594 -0.152571 -0.214928  0.003670  0.062314 -0.052696 -0.064618  0.127725  0.078338 -0.117304 -0.129729 -0.225191 -0.119898 -0.050876  0.117315 -0.107821  0.246472 -0.076529 -0.068283 -0.126693 -0.166281 -0.183812 -0.182132  0.219608 -0.127236 -0.269223 -0.107608 -0.164591  0.066418  0.033463  0.254633  0.007670 -0.216285  0.107009  0.136128 -0.109783 -0.187285  0.270900
 0.000000 -0.249740 -0.000000 -0.074896 -0.012839 -0.256155  0.066502 -0.240213 -0.155380 -0.125752 -0.199611 -0.152274 -0.375156  0.021503 -0.112703 -0.150188 -0.078595  0.090365 -0.005114  0.061873 -0.191941 -0.326327  0.025253  0.003502  0.011671  0.030915 -0.081409  0.113823  0.003472 -0.177735  0.249982  0.066082  0.218497 -0.131652 -0.157346  0.169461 -0.034184  0.127874  0.011159 -0.090138 -0.013869 -0.175979  0.116677 -0.128294  0.101361 -0.082197  0.022223  0.054872 -0.131396
-0.000000  0.000000  0.249740 -0.113358 -0.499524 -0.123676 -0.030832  0.011444  0.128116 -0.105524 -0.138031 -0.106543  0.081114  0.119273  0.055624  0.221001  0.073148 -0.098383  0.287002 -0.204713  0.116033  0.013797  0.026346 -0.017205  0.059118 -0.094696  0.109079 -0.001815  0.004184 -0.150638  0.222485 -0.190793 -0.020773  0.145126 -0.170485 -0.010762 -0.077415 -0.170886  0.001197  0.054815  0.026305  0.090562  0.029761  0.055230  0.117968 -0.222182 -0.274200  0.030017 -0.013621
 0.249740  0.000000 -0.000000  0.063936  0.114026 -0.033673  0.118888 -0.123078 -0.107466  0.176126 -0.278569  0.009774 -0.038614  0.133340 -0.161893  0.105665  0.121205 -0.026462  0.032826  0.089825  0.009390  0.155738  0.004564 -0.045333 -0.020617 -0.120993  0.202964 -0.184316 -0.207618  0.144663  0.100824  0.109346  0.016769 -0.235719 -0.082238 -0.319013  0.186432 -0.048977  0.111804 -0.272938  0.115019  0.144291 -0.104634 -0.304776 -0.072581 -0.098442 -0.164036  0.001492  0.132625
 0.000000  0.249740 -0.000000 -0.168428  0.237968  0.123660 -0.115233  0.134427  0.076772 -0.011282  0.120934 -0.405563  0.004392 -0.050760  0.203493 -0.157373 -0.069868 -0.082517  0.012350  0.059296  0.079426 -0.169201 -0.002792 -0.042574 -0.147871 -0.151443 -0.109890 -0.031046  0.113255 -0.115825  0.114505  0.017472 -0.230358 -0.073039 -0.059983 -0.111766  0.251981  0.196235  0.110905 -0.115251  0.186731  0.017811  0.125069  0.028198  0.096844  0.000259 -0.332563  0.115489 -0.124360
-0.249740  0.000000  0.000000 -0.033648 -0.034563  0.072091  0.225305  0.008028  0.251806 -0.005853 -0.273686 -0.133025  0.040018  0.234530  0.093270  0.072209 -0.162770 -0.208868 -0.000103  0.204130  0.084279  0.187113  0.144506 -0.126653 -0.084113  0.059930 -0.133912 -0.021098 -0.037259 -0.329078 -0.123114  0.059565  0.179287  0.222796  0.164759  0.034377  0.041287  0.216403  0.001949 -0.019483  0.100223 -0.104658 -0.005866 -0.226419 -0.214405  0.004276  0.079520 -0.102300  0.101793
 0.000000  0.249740 -0.000000 -0.084994  0.039002  0.293696 -0.125060 -0.116406  0.067309 -0.086103  0.069817  0.156827  0.132987 -0.043558 -0.199262 -0.019438 -0.144139  0.037359 -0.100766 -0.244131  0.208819 -0.159855  0.024164  0.113668 -0.006848  0.178364  0.000708  0.026720 -0.060177 -0.306404 -0.216148  0.048302  0.232174 -0.150493 -0.317442  0.079550  0.054309 -0.174381  0.176148 -0.049778 -0.102129 -0.051473 -0.007722 -0.242028  0.051311 -0.066209 -0.050633  0.062569  0.151359
-0.000000  0.249740  0.000000 -0.165130 -0.144902  0.040534  0.041723 -0.269287 -0.257193 -0.011904 -0.103745  0.158591 -0.110122 -0.105705  0.175994 -0.001792  0.305595 -0.149221 -0.031094  0.169418  0.250997  0.013143  0.031332  0.027627  0.028474  0.112949  0.052170  0.099010  0.265116 -0.010665  0.150527  0.167746 -0.009180 -0.074856 -0.018327  0.066934 -0.059467  0.103032  0.197968  0.136238 -0.105440 -0.006360 -0.116306  0.086520 -0.278535  0.239211 -0.169224 -0.143170 -0.030599
-0.000000  0.000000 -0.249740 -0.094112 -0.025258  0.123158  0.215619 -0.183437  0.217286  0.150289  0.049341 -0.008709 -0.134156 -0.013369 -0.140023 -0.091549  0.308627 -0.005376 -0.110364 -0.226422  0.019939 -0.102134 -0.107032  0.135259 -0.011997 -0.151788  0.054502 -0.222930  0.056726 -0.072778 -0.107177 -0.244968 -0.119916  0.117096 -0.137602 -0.127379 -0.205362  0.278179  0.020611 -0.025563  0.103686 -0.059553  0.003256  0.016888  0.068673 -0.129810  0.100214 -0.348946 -0.085616
-0.000000  0.000000 -0.249740  0.156276  0.092147  0.008908  0.102008 -0.151910 -0.065298  0.008811 -0.110273  0.140067 -0.180373 -0.376127  0.046296  0.079473 -0.188239  0.002761  0.189454  0.082788  0.204301  0.160892  0.311982 -0.078641  0.103682 -0.038978 -0.295210 -0.194440 -0.156413 -0.183431 -0.003528 -0.190629 -0.074962 -0.128853 -0.068439 -0.026281  0.022831 -0.037605 -0.060746  0.115378  0.041818  0.043065 -0.101283  0.264052  0.096721 -0.137424 -0.049246  0.102432 -0.016525
-0.217480 -0.032259 -0.000000 -0.015996 -0.122545  0.134467  0.309120 -0.203099 -0.145634 -0.141959  0.171567 -0.173609  0.063122 -0.169802 -0.128111  0.001273 -0.308985 -0.017202 -0.052946 -0.103055 -0.053195  0.103694 -0.125559 -0.044205 -0.254674  0.061588  0.227134 -0.096317 -0.087115 -0.004366  0.170782  0.066256 -0.126583  0.111056  0.040035 -0.159794 -0.132369 -0.004508  0.242532 -0.109635 -0.152911  0.111153 -0.079738  0.085070 -0.148383 -0.013421  0.122577  0.245788 -0.171217
 0.217480 -0.032259 -0.000000  0.112718 -0.120955 -0.112530 -0.048818  0.213434 -0.048925  0.098202 -0.083295 -0.231523  0.134606 -0.357218  0.090046 -0.160104  0.005056 -0.223285 -0.044125  0.078835  0.269270  0.082975 -0.043071  0.254514 -0.069659  0.087039  0.089529  0.048376 -0.124004  0.031658 -0.001489  0.041354  0.254559 -0.017654 -0.020769 -0.045787 -0.394698  0.153385  0.011934 -0.168282  0.117047 -0.094080  0.061875  0.013955  0.155572  0.053285  0.082424  0.083560  0.154705
 0.000000 -0.000000 -0.249740 -0.018440  0.192999  0.072498 -0.133502  0.067614  0.026534  0.267291 -0.050780  0.107828  0.106298  0.056625  0.038580  0.169822 -0.156689  0.011378 -0.127610  0.049597 -0.067505  0.090752 -0.081428 -0.346745 -0.066212 -0.273967  0.077777  0.139912 -0.030745 -0.117636  0.284210  0.143986  0.024112  0.060772 -0.117685  0.149033 -0.397299 -0.039368  0.137372  0.117316 -0.114060  0.021300 -0.027049 -0.057921  0.231412  0.039527 -0.118438 -0.127026 -0.039656
 0.249740  0.000000 -0.000000  0.080524 -0.240318  0.135619  0.157478 -0.020280  0.160122  0.361526 -0.118342  0.000772 -0.028322 -0.120495  0.191019  0.203712 -0.012804  0.046809 -0.093058  0.128622 -0.174328 -0.253819  0.095734 -0.068435 -0.038455  0.241004  0.076992  0.006213  0.067771 -0.066617 -0.056211  0.122652 -0.317849  0.072360 -0.143748  0.123067  0.105559 -0.196230  0.108702 -0.073533  0.175714 -0.083265  0.122026  0.038122  0.036990  0.075396  0.224788  0.128017  0.009225
-0.000000  0.249740 -0.000000 -0.064763 -0.133748  0.011719  0.037921  0.236917 -0.071997  0.107285 -0.234825  0.050306 -0.143845 -0.031319 -0.026767  0.118073 -0.016737  0.293678 -0.143613 -0.121750  0.029015 -0.176986 -0.152139  0.187388 -0.061219 -0.110479 -0.116309 -0.201667 -0.042024 -0.165792  0.069451  0.282191  0.058737  0.033164  0.157239 -0.167391 -0.053818  0.134898 -0.289596  0.266554 -0.074638  0.251074  0.037465 -0.040114 -0.049702  0.006922  0.038459  0.204844  0.000828
-0.249740  0.000000  0.000000 -0.242093  0.028140  0.157440 -0.065735 -0.158707  0.206175  0.068898 -0.198742 -0.039995  0.056012  0.125790  0.089185 -0.214800  0.147844  0.173020  0.234924  0.137123  0.133910 -0.080024 -0.109010 -0.195711  0.113750 -0.029969  0.123024 -0.254144 -0.122571  0.181674 -0.100869 -0.007372  0.017553 -0.149055 -0.032345  0.135437 -0.206354 -0.042407 -0.139565 -0.134926 -0.081055 -0.077570 -0.017774  0.115095  0.038095  0.168238  0.059631  0.355028  0.030260
 0.249740
