1 33
 0.174078 -0.195466 -0.031122  0.062954  0.013151  0.364423  0.127481 -0.153824 -0.172114 -0.071308 -0.121424 -0.120195 -0.015991 -0.018119  0.312829  0.175526  0.002290 -0.099439  0.122443  0.185412  0.135557 -0.240704 -0.052052  0.087173 -0.069466  0.109899  0.024535  0.007513 -0.083535 -0.155025  0.275919 -0.513345 -0.162483
 0.174078  0.018863  0.375664 -0.250497  0.064120 -0.046872 -0.196334  0.226072  0.212536 -0.083923  0.175409  0.065033  0.123691 -0.091631 -0.037951 -0.016545 -0.392630  0.104017  0.099099  0.030406  0.174044  0.012686 -0.305262  0.064381 -0.051356  0.083208  0.051658 -0.414692  0.036710 -0.096921  0.223854 -0.007317 -0.090958
 0.174078 -0.078131  0.061439  0.172637  0.023974  0.009500  0.175163 -0.151481 -0.044926  0.180556 -0.134791  0.026206  0.141811 -0.289103  0.007764 -0.047086 -0.189907  0.017675 -0.033851  0.274930 -0.209256  0.009925 -0.175429 -0.067016  0.437115  0.008831  0.426900 -0.029806  0.104340 -0.047721 -0.098346  0.041363  0.353821
-0.174078 -0.254169 -0.053357  0.274941  0.187653 -0.040752  0.002447  0.056074 -0.024065  0.112604 -0.023515  0.099029  0.138069 -0.257522  0.120871  0.246884 -0.112397  0.262322 -0.081185 -0.053245  0.066172 -0.186875 -0.058751 -0.118433 -0.117430 -0.053989 -0.331887 -0.145084 -0.435015 -0.212088 -0.178332  0.159635  0.122519
 0.174078  0.158768 -0.369578 -0.011420  0.101130  0.216200 -0.024878  0.033464 -0.283391 -0.104446  0.169796 -0.143873  0.141308 -0.038110 -0.188632 -0.023125 -0.267899  0.133368 -0.174247 -0.012763 -0.036451  0.358839  0.025110 -0.054370  0.064382 -0.426275 -0.021409 -0.124528 -0.181903  0.115296  0.013564 -0.193617 -0.105547
 0.174078  0.079811  0.170152 -0.039517 -0.185864  0.207234 -0.178506  0.156932 -0.010439  0.070257  0.184568 -0.088568 -0.059468 -0.272007  0.024176  0.152595  0.328593  0.007047 -0.333913  0.140142 -0.174069  0.091322  0.008202  0.204721  0.144376  0.089280  0.074098  0.147350 -0.229773 -0.224165  0.020474  0.254513 -0.326258
-0.174078  0.225547  0.079621 -0.291019  0.323747 -0.089705  0.184971 -0.101257 -0.351194  0.349675 -0.163298  0.000092  0.150824 -0.305727  0.058263  0.086463  0.025589 -0.235204  0.089749 -0.195630  0.064222  0.130100 -0.105840  0.217949  0.042594  0.078383 -0.132096 -0.043224  0.104978  0.048306 -0.062911  0.019560 -0.209945
-0.174078 -0.237619  0.045158  0.174173 -0.022193  0.060343 -0.083229  0.027820  0.042749  0.161347  0.222836 -0.010806  0.202939 -0.003308 -0.363134 -0.224119  0.036453 -0.189127  0.342694  0.129468 -0.030727 -0.216075  0.180228  0.239551  0.194637  0.005838  0.038295 -0.135908 -0.246421  0.242166 -0.127548 -0.098701 -0.236788
 0.174078  0.012725 -0.092423 -0.019592  0.125481  0.134235 -0.161369 -0.162219  0.293527  0.197690  0.104139  0.110821 -0.015885  0.141346 -0.164139 -0.008969 -0.188398 -0.232480  0.037953 -0.109269 -0.048287 -0.064079 -0.343481  0.206744  0.023168 -0.189910 -0.224264  0.438339  0.025985 -0.306799 -0.148810 -0.082706  0.077242
-0.174078  0.297537  0.245179  0.183218 -0.224803  0.239006  0.302728  0.046794  0.231638  0.082392  0.222153 -0.027527  0.114273 -0.075296  0.338540 -0.027530 -0.228925 -0.029089  0.104401  0.188145  0.029008  0.267025  0.162534  0.136127 -0.173599 -0.042920 -0.164853  0.130721 -0.013789  0.140605 -0.098081 -0.019939  0.135940
-0.174078  0.040788  0.179154 -0.339567  0.039173  0.071635  0.160081  0.200718 -0.080191 -0.140886 -0.030551 -0.119045 -0.019801  0.143610 -0.271199  0.367839  0.093703  0.023564  0.157998  0.399889  0.192477 -0.080145  0.041035 -0.137495  0.278732 -0.227291 -0.167755  0.120706  0.021384 -0.116248 -0.070783  0.030243  0.162994
 0.174078  0.013658 -0.012459 -0.177958 -0.294811  0.264658  0.098635  0.014374 -0.351686 -0.102006  0.072629  0.396842 -0.077184 -0.008815 -0.006041 -0.122585 -0.097355  0.073144  0.253018 -0.338274  0.096738 -0.083174  0.085961  0.093440  0.191472  0.127674 -0.064449  0.085167 -0.204214 -0.012911  0.103304  0.221618  0.247286
-0.174078  0.074681 -0.191160 -0.042662 -0.000587  0.291244  0.003380  0.031444 -0.005754  0.172195 -0.104725  0.022168  0.257377  0.220681  0.088099 -0.287175 -0.176345 -0.030047 -0.123322  0.209401  0.047136 -0.154108 -0.125458 -0.398037  0.095982  0.172557 -0.108528  0.084846  0.068176 -0.009786  0.181525  0.340304 -0.301575
 0.174078 -0.329755 -0.053162 -0.231867  0.142077 -0.207409  0.130634 -0.361891  0.048528 -0.343692  0.168102  0.204283  0.134785 -0.168337  0.123078 -0.197501  0.034294 -0.074135 -0.157962  0.326332  0.117896  0.070933  0.122081  0.135960 -0.015412 -0.068568 -0.223126  0.086980  0.046924  0.097645  0.016598  0.182643 -0.062529
 0.174078 -0.119650  0.286258  0.066174 -0.382700  0.005375  0.143652 -0.221899 -0.176205 -0.067468 -0.166395 -0.055802  0.032705  0.175358 -0.021645  0.007495 -0.086098  0.129335  0.021954 -0.085445 -0.004716 -0.014719 -0.157373 -0.063286 -0.052815 -0.168242 -0.075473 -0.131711  0.150886 -0.064259 -0.513928  0.058859 -0.379993
-0.174078  0.373730 -0.206616 -0.096254 -0.222034 -0.110793  0.204333 -0.192669  0.068123 -0.222996  0.342966  0.011979 -0.001934 -0.272853 -0.142139 -0.016169  0.017163 -0.078653 -0.072866 -0.028871 -0.186616 -0.353887 -0.095940 -0.175577  0.019683  0.152679 -0.078805 -0.173844  0.041300 -0.214022 -0.083776 -0.206412 -0.024153
 0.174078 -0.017782  0.273402 -0.043615  0.019842 -0.237214 -0.037982 -0.278886 -0.074503  0.322773  0.304177 -0.260199 -0.127314  0.008893 -0.027032  0.012049 -0.104303  0.287799 -0.008656 -0.084756  0.034817 -0.040857  0.100813 -0.318332  0.162922  0.143918 -0.174818  0.274222 -0.101525  0.196268  0.168995 -0.151151 -0.033559
 0.174078  0.155303 -0.092434 -0.191448 -0.153406 -0.051740 -0.219461 -0.055070  0.076041  0.100619 -0.230006 -0.175215  0.419691  0.169158  0.138584  0.027244  0.068245  0.223812 -0.049039  0.030314 -0.258467 -0.198488  0.205765  0.307609  0.125990  0.028149 -0.304907 -0.182325  0.069252  0.030605  0.023177 -0.057112  0.212408
-0.174078 -0.063508  0.307879 -0.134286  0.020016  0.145193 -0.287291  0.091355 -0.017463 -0.269208 -0.281331 -0.083192 -0.081822 -0.309929  0.062622 -0.173322 -0.275890 -0.225703 -0.202951 -0.154546 -0.198429 -0.210333  0.179510 -0.142173  0.054870 -0.158401 -0.073020  0.186329 -0.027407  0.153580 -0.074504 -0.133996  0.027230
-0.174078  0.077670  0.130281 -0.054650  0.196858 -0.003932 -0.098521  0.050288 -0.285573  0.054612  0.232130  0.154075 -0.242563  0.384459  0.260525 -0.225061  0.008604  0.020834 -0.350188  0.170897  0.022139 -0.091932 -0.129119  0.172419  0.134855  0.083852  0.022765 -0.156917 -0.103578  0.010335 -0.286292 -0.187638  0.139000
 0.174078  0.032702 -0.012149 -0.049254  0.280973  0.029709  0.097359 -0.016159  0.223891 -0.278601  0.031817 -0.293371  0.116066  0.195560  0.205642  0.036457 -0.009360 -0.241183  0.136177 -0.250416  0.000076  0.175084  0.134636 -0.164548  0.284540  0.291345  0.058569 -0.078002 -0.273204 -0.129033 -0.277244  0.083048 -0.023459
-0.174078  0.116446  0.236113  0.042739  0.225944  0.229890  0.262087 -0.356953  0.186348 -0.059504 -0.219620  0.003949 -0.074087  0.109549 -0.359846 -0.134379 -0.037684  0.284456 -0.235459 -0.106715  0.040458  0.006753  0.209159  0.217248 -0.015503  0.033348  0.093534 -0.079450 -0.109982 -0.203214  0.183131  0.031470 -0.029688
 0.174078  0.185645  0.109714  0.010376  0.119789  0.276066 -0.356370 -0.205115 -0.067742  0.118820  0.076574  0.013763  0.125267 -0.170003 -0.052085 -0.183518  0.304364 -0.036111  0.099741  0.071301  0.347989 -0.020069  0.205886 -0.270942 -0.236713 -0.053984  0.067415 -0.126085  0.131326 -0.150041 -0.220785  0.000842  0.208670
 0.174078 -0.003083 -0.009359 -0.244139 -0.057569 -0.167669  0.209066  0.045465  0.070006  0.355742  0.043352  0.083042 -0.086388  0.132254  0.129964  0.043244 -0.159791 -0.275886 -0.095374 -0.006939 -0.050467 -0.233016  0.390409 -0.094557 -0.156304 -0.366509  0.245260 -0.149217 -0.170780 -0.184949  0.060809  0.092073 -0.055955
 0.174078 -0.180830  0.017909  0.050638 -0.139965  0.069508  0.081312  0.105114 -0.003444  0.181433 -0.130186  0.117145 -0.157463  0.005930 -0.311784  0.032748 -0.065976 -0.333340 -0.240620  0.109480 -0.065449  0.292606  0.137502 -0.137708 -0.023698  0.347955 -0.397767 -0.257279  0.055308 -0.040762 -0.001822 -0.156604  0.129995
 0.174078  0.178968 -0.034708  0.006249 -0.098169 -0.167801  0.093591  0.019044 -0.117840 -0.038692 -0.214299 -0.453826 -0.156800 -0.048849 -0.136263 -0.298926 -0.035377 -0.144028  0.022760  0.196092  0.158317 -0.125980 -0.267248  0.139943 -0.265101  0.049507 -0.044351  0.032415 -0.374051  0.082526  0.006364  0.194246  0.184919
 0.174078  0.029103 -0.014093 -0.026267 -0.006817 -0.030708  0.173713  0.248154  0.029894 -0.018895  0.002509  0.113640  0.391074  0.015222 -0.184133  0.158935 -0.053786  0.033237 -0.376037 -0.109668  0.330283 -0.211550  0.041309  0.051045 -0.139183  0.235423  0.220214  0.289629  0.004325  0.233004 -0.212690 -0.162232  0.009340
-0.174078  0.100100  0.105765  0.354167 -0.243782 -0.293542 -0.208430 -0.160016 -0.183780 -0.111178  0.014811 -0.038182  0.229868  0.112449  0.016337  0.100125 -0.098577 -0.320339 -0.171447 -0.081993  0.359084  0.082072  0.064334  0.074420  0.238996 -0.099789  0.000067  0.006034  0.002713 -0.231436  0.259947  0.033220  0.040716
 0.174078 -0.011412  0.055106  0.219066  0.146993 -0.150135  0.260667  0.461342 -0.074275 -0.017805  0.023757 -0.085442  0.024275 -0.100813  0.033946 -0.455340  0.115618  0.136562  0.043623 -0.086901  0.044255 -0.072154  0.133879  0.032313  0.144977 -0.115234 -0.195495  0.099746  0.247144 -0.354412  0.045854 -0.125348 -0.078100
 0.174078  0.100021 -0.105808  0.198103  0.074538  0.187679  0.071148 -0.009791  0.216592  0.037095  0.036293 -0.086354 -0.327416 -0.101555  0.076287  0.150050  0.025818 -0.072085 -0.144906 -0.129244  0.300674 -0.286470 -0.028045  0.103192  0.304154 -0.162056 -0.164699 -0.247809  0.230090  0.361560  0.009355  0.201711 -0.034428
-0.174078 -0.089731 -0.182299 -0.281390 -0.310566 -0.063317 -0.016536 -0.002972  0.331984  0.175884 -0.226134  0.046409 -0.076903 -0.160697  0.124647 -0.223499  0.130569  0.144426 -0.051745 -0.050303  0.379720  0.208459 -0.087292 -0.043235  0.261463 -0.077611  0.041024 -0.019426 -0.214993 -0.043274 -0.097796 -0.282754 -0.050225
-0.174078 -0.226940 -0.279011 -0.126525 -0.072314  0.048147 -0.132798  0.003457 -0.099623  0.062287  0.134901 -0.350357 -0.188903 -0.101575 -0.016740  0.040009 -0.390587  0.127404  0.012794  0.030741  0.161447  0.001386  0.265556  0.236619 -0.052144  0.241324  0.117494  0.051125  0.293404 -0.234377 -0.189792  0.139278  0.014890
 0.174078  0.405075 -0.105641  0.162261  0.104344 -0.221621 -0.194297  0.000459  0.018750 -0.070924 -0.275397  0.340661 -0.219426 -0.052538 -0.005716  0.087320 -0.236670  0.117537  0.196309  0.306505  0.052606 -0.017691  0.237294  0.023622  0.090088  0.143569 -0.021654  0.106001 -0.102533 -0.019358 -0.139851 -0.057212 -0.279495
 0.174078
