2 24
 0.288675  0.000000  0.216849 -0.245344  0.164113  0.249386  0.360973 -0.208187 -0.123856 -0.265317 -0.086151  0.106396  0.171955  0.025420 -0.096220  0.278764 -0.158949 -0.001225  0.398180 -0.080527 -0.121004  0.307318  0.140380 -0.077015
-0.288675 -0.000000 -0.040609 -0.018810 -0.120808  0.090632  0.079203  0.334834 -0.409601 -0.005346  0.064236 -0.215984  0.234926 -0.251101 -0.283633  0.026058  0.073794 -0.202634 -0.011636 -0.062751 -0.138490  0.225000 -0.423216 -0.236703
 0.000000 -0.288675  0.005526  0.316123 -0.246648 -0.144433 -0.341353 -0.206258 -0.262890  0.068667  0.049146  0.027300  0.303885  0.021630 -0.092905  0.035222  0.046147 -0.298475  0.427264 -0.068659  0.141423 -0.131481  0.282242  0.028917
 0.288675  0.000000  0.044428  0.141149 -0.304772  0.164763  0.043336 -0.014358 -0.312409  0.327444  0.412139  0.266176 -0.219800 -0.059139  0.125833  0.272728  0.095240  0.184092 -0.078502  0.277123  0.048658  0.192320 -0.098407  0.100715
-0.288675 -0.000000  0.312326 -0.300126 -0.225827 -0.384877  0.279463  0.312142  0.014001  0.179033  0.166070 -0.012210  0.151587  0.104053  0.278389  0.010178 -0.267184 -0.042882  0.149046  0.072380 -0.043415 -0.011679  0.144415  0.243804
 0.288675 -0.000000 -0.016299 -0.151295 -0.084953  0.005935 -0.175413  0.031987 -0.090561  0.002016  0.230497 -0.182424 -0.085443 -0.016624  0.159226 -0.083638 -0.472027  0.157792  0.088252 -0.493321  0.295668 -0.155577 -0.249323 -0.217441
 0.288675 -0.000000  0.362747 -0.065153  0.209355  0.069692  0.173457 -0.064822 -0.294342  0.230617 -0.115005 -0.030445  0.242470 -0.054414  0.247689 -0.381681  0.175857 -0.191331 -0.244279  0.132650  0.086782 -0.250163  0.047490 -0.240693
-0.000000 -0.288675 -0.047650 -0.160500 -0.123566 -0.022779 -0.179084  0.172593  0.036120 -0.150619 -0.157256  0.415845  0.023969  0.308169  0.363565 -0.176621  0.275088 -0.070739 -0.004926 -0.190396  0.055594  0.404027 -0.157940 -0.148993
-0.000000 -0.288675  0.093213 -0.018309 -0.126373  0.450322 -0.060811  0.397792  0.012688 -0.257723 -0.021775 -0.102115  0.123123  0.034118 -0.153104 -0.013170 -0.155331  0.096064 -0.266945  0.167942  0.386269  0.007803  0.333955  0.126148
-0.288675 -0.000000  0.190567  0.446126  0.077466 -0.014884 -0.039400 -0.068922 -0.235118 -0.284038  0.001490 -0.055108 -0.272737 -0.090165  0.363136 -0.051502 -0.302870  0.055515 -0.099090  0.035873 -0.206771  0.189925  0.227670 -0.276021
 0.000000 -0.288675 -0.120783  0.159390  0.038165 -0.213498  0.281510 -0.112101  0.134973 -0.168076  0.066631  0.079608  0.324136 -0.144603  0.211013  0.524924  0.024235 -0.047463 -0.383254 -0.148014  0.111709 -0.174716 -0.114303 -0.082634
-0.000000 -0.288675  0.094686  0.137213  0.081314 -0.000176  0.137008  0.349943  0.006078  0.077845 -0.033356  0.450304 -0.144750  0.022715 -0.272900 -0.022853 -0.052128  0.237784  0.172629 -0.071453 -0.268445 -0.443901 -0.005940 -0.266966
 0.288675  0.000000 -0.390436  0.022238  0.303552  0.034430 -0.142711  0.311676 -0.009879 -0.086640  0.315662  0.032203  0.257991 -0.224135  0.231603 -0.151516 -0.054668 -0.066764  0.041013 -0.004836 -0.397446  0.031761  0.174658  0.229322
-0.000000 -0.288675 -0.394888 -0.044183 -0.192759  0.173705  0.142425 -0.132352 -0.110180  0.051108 -0.264427 -0.303094  0.080528  0.280504  0.254049 -0.030806 -0.157612  0.188166  0.153417  0.357767 -0.212767 -0.174052 -0.193009 -0.043034
 0.288675  0.000000  0.027654  0.023802 -0.345326 -0.199117 -0.056534  0.100240  0.157632  0.036041 -0.523087  0.058841 -0.000341 -0.618048  0.039742 -0.042791 -0.134707  0.077946  0.041463  0.101146 -0.015625  0.134679  0.000885 -0.004066
 0.288675 -0.000000 -0.159448  0.257088  0.135121 -0.462719  0.192168  0.162256  0.085776  0.034113  0.094145 -0.133212  0.067288  0.284329 -0.258331 -0.126229 -0.103948  0.058198  0.009654  0.253256  0.218890  0.331524  0.052593 -0.295545
-0.000000  0.288675 -0.239943  0.080614  0.042291  0.131241  0.186239  0.374756 -0.006084  0.055270 -0.148972 -0.107560 -0.250469 -0.020643  0.294991  0.276960  0.242601 -0.243722  0.313497 -0.045268  0.288312 -0.149268  0.186358 -0.189725
-0.000000  0.288675  0.062908  0.337398  0.144226 -0.027704  0.057780  0.092640 -0.209528 -0.285367 -0.183939  0.260560  0.162049  0.100908  0.063276 -0.091743 -0.132187  0.069016  0.136866  0.100470  0.251835 -0.124222 -0.419390  0.428550
-0.000000  0.288675 -0.142414 -0.373664 -0.215384 -0.185520 -0.173792 -0.075373 -0.148508 -0.469926  0.163653  0.232481  0.022773 -0.027452 -0.049905  0.024521 -0.000647 -0.046768 -0.053792  0.372926  0.021042 -0.262248  0.072644 -0.305516
-0.000000  0.288675  0.064462  0.232056 -0.397488  0.110097  0.198928 -0.021223  0.176822 -0.149953  0.158336 -0.116010  0.327882  0.031528  0.061743 -0.212853  0.340385  0.436066  0.079611 -0.225445 -0.096681 -0.035148  0.117405 -0.105238
-0.000000  0.288675  0.216477  0.074877  0.089356  0.146394 -0.462730  0.143572  0.225456  0.257202 -0.120816  0.023911  0.370132  0.214789  0.081551  0.366816 -0.167697  0.062047 -0.031652  0.144511 -0.144977  0.027181 -0.075352 -0.249538
-0.288675  0.000000 -0.209610 -0.199936  0.317098 -0.125149 -0.094515 -0.062846 -0.323190  0.209625 -0.124625  0.092571  0.172641 -0.181414  0.033199  0.048020  0.091062  0.574463  0.048470 -0.039532  0.260870  0.104484  0.205993 -0.037750
 0.288675  0.000000  0.167178 -0.055231 -0.029162 -0.296649 -0.170523  0.196417 -0.366268 -0.179000 -0.221029 -0.308265 -0.147703  0.243985 -0.058452  0.267118  0.248005  0.165754 -0.168989 -0.179521 -0.243731 -0.084132  0.086585  0.198052
 0.000000  0.288675 -0.331384  0.038454 -0.232869  0.068634  0.173270 -0.044754 -0.221369  0.213975 -0.229299  0.274468  0.078525  0.223404 -0.141938 -0.047003 -0.302057 -0.171303 -0.346345 -0.300009 -0.105748  0.031385  0.263341  0.034906
 0.288675
