17 38
-0.000013  0.000008  0.000011 -0.000127 -0.000227 -0.000499 -0.000149  0.000145 -0.697730 -0.000019  0.000285 -0.000056 -0.000004  0.000025  0.007157  0.000065  0.000013  0.149138  0.061624 -0.163340  0.129389 -0.080572  0.244377  0.093075 -0.332649  0.084983  0.245005 -0.055089  0.052962 -0.254833 -0.078204 -0.036219  0.098160  0.192797  0.064690  0.128158 -0.156528 -0.144071
 0.000078  0.000008 -0.000083  0.000156 -0.000084  0.000037 -0.000108 -0.000048  0.703996  0.000075  0.000097  0.000093 -0.000022 -0.000059 -0.001556 -0.000123 -0.000130  0.139230  0.061929 -0.165099  0.149910 -0.108917  0.227798  0.123547 -0.376193  0.041946  0.235479 -0.029449  0.109337 -0.233145 -0.096157 -0.058286  0.023348  0.195505  0.082702  0.004202 -0.112444 -0.124888
-0.000096 -0.000083  0.000162  0.000302  0.703644  0.000111 -0.000212 -0.000052  0.000242  0.000161 -0.000152 -0.000273  0.000017 -0.000049 -0.000062 -0.000842  0.000149  0.187563  0.085900  0.175011 -0.151519 -0.012919 -0.160373  0.073720  0.167552  0.061950  0.169990  0.168804  0.142699 -0.191724  0.141865  0.166941 -0.086620  0.074604  0.214497  0.058697  0.241515 -0.249290
-0.000167 -0.541052  0.001124  0.001962 -0.095073  0.001074 -0.000532 -0.000915  0.001788  0.000122 -0.000885  0.000480  0.028565  0.000423  0.000498 -0.030121  0.000436 -0.198763  0.093747  0.177191  0.201171 -0.136002 -0.095910 -0.192463  0.180958  0.153972  0.274337  0.096960  0.385193  0.126240  0.006947 -0.171734 -0.198647  0.095690 -0.232051  0.190329 -0.138085 -0.137352
-0.000138  0.000094  0.000252 -0.540798  0.001565  0.000271  0.000028 -0.094957 -0.000563 -0.000057 -0.029837  0.033125 -0.000785  0.001072 -0.000668  0.000272 -0.000039 -0.067991 -0.359768 -0.161955 -0.154466  0.192088 -0.024753 -0.020167  0.029049  0.140970  0.225001 -0.021454  0.148684 -0.167560  0.195346  0.048379  0.214773  0.094983 -0.396674 -0.294377  0.112590  0.012082
 0.000082 -0.000130  0.000129  0.000103 -0.000072  0.000008 -0.000109  0.696713 -0.000009  0.000052 -0.000089  0.008434  0.000301  0.000071 -0.000048 -0.000030 -0.000101  0.086776  0.157565 -0.147553  0.090509  0.072543  0.211692 -0.208764  0.014871  0.213494 -0.056580 -0.116146  0.127626  0.227562  0.238566  0.223455  0.062249 -0.128434  0.046585 -0.235263 -0.020413 -0.206943
 0.000828  0.003436  0.000615  0.539796  0.000612 -0.000188 -0.000754 -0.095822  0.000590  0.000085  0.029486  0.031345  0.000110  0.000067 -0.000351  0.000969 -0.001279 -0.025271 -0.168158  0.052580 -0.042113  0.230949 -0.083835  0.251261 -0.060562  0.159212  0.090916 -0.023789  0.334917  0.072524 -0.284934  0.414277  0.231684 -0.145930 -0.209579 -0.090494 -0.073714  0.002902
-0.024802  0.000392 -0.000070  0.000831  0.000211  0.609967  0.065898  0.000169  0.000456  0.000458 -0.000306 -0.000074  0.000136 -0.000480  0.000034  0.000081 -0.000785  0.293466  0.100534  0.114820  0.201740  0.276277 -0.222486 -0.003929  0.048362 -0.263452 -0.032917 -0.469292  0.089931 -0.066080  0.064147 -0.058353 -0.041507  0.131925 -0.110301 -0.015016 -0.045425 -0.020100
-0.000236  0.645209  0.001449  0.000605  0.000609  0.000403 -0.000788 -0.000613  0.002027  0.000703 -0.000311  0.001375  0.048404  0.000544  0.001193  0.000947  0.001251 -0.038685  0.166532  0.010133  0.282066 -0.286560 -0.223386 -0.152711  0.068314  0.354894  0.191075 -0.091127  0.046306  0.049284 -0.091247  0.018708 -0.081331  0.071334 -0.221851  0.094638  0.167818  0.174346
 0.000004  0.000012 -0.000122  0.000006 -0.000068 -0.000010  0.000032  0.000003 -0.000033  0.000041 -0.000080  0.000124 -0.000011 -0.000056  0.000014 -0.000084  0.706053 -0.145736 -0.200404 -0.085020  0.140445 -0.040702 -0.254141 -0.197811 -0.208796 -0.195295  0.059182  0.013755 -0.177022  0.119817 -0.068302  0.168133  0.028344  0.032274  0.011261  0.052738  0.096368 -0.360093
-0.000016 -0.000220 -0.000002 -0.000237 -0.000077  0.000058  0.000059 -0.704541  0.000088 -0.000157 -0.000060 -0.000337  0.000294 -0.000052  0.000162 -0.000148 -0.000121  0.098612  0.227904 -0.129744  0.116136  0.015390  0.224181 -0.236980  0.017898  0.169494 -0.097466 -0.108196  0.058618  0.238449  0.250730  0.157865  0.004268 -0.120911  0.127846 -0.179884 -0.026131 -0.206457
-0.000186 -0.000004 -0.000072  0.000069 -0.000055  0.000018  0.000020  0.000113 -0.000028  0.000050  0.705648  0.000048  0.000015 -0.000080 -0.000061 -0.000068  0.000016  0.006834 -0.070952  0.009319  0.209358  0.015598 -0.130409 -0.185479  0.003717 -0.005435  0.042378  0.124984 -0.031077 -0.390596  0.101344  0.067321 -0.079831 -0.351160  0.062590 -0.107331 -0.245527  0.101042
-0.000036  0.000050  0.000126 -0.000075  0.000023  0.000095  0.000033  0.000021 -0.000084  0.000080  0.000019 -0.000055 -0.705780  0.000016  0.000004  0.000164  0.000008 -0.011369 -0.070361 -0.096179  0.232256 -0.102009  0.165190  0.125935  0.006261 -0.141476 -0.146564 -0.003108  0.201482 -0.081579  0.129933 -0.015899  0.030374 -0.251446 -0.153315  0.262953  0.341848 -0.021460
 0.000000  0.000002 -0.000030 -0.000025 -0.000017 -0.000004  0.000013  0.000011  0.000059 -0.000000 -0.000003  0.706333 -0.000010 -0.000046  0.000083 -0.000004  0.000073 -0.053916  0.239763  0.195571 -0.193867  0.075077  0.188845 -0.102909 -0.121371 -0.036041  0.089380 -0.080398 -0.182114 -0.133800 -0.170718 -0.006204 -0.197696 -0.206279 -0.275531 -0.045779  0.136088 -0.155172
 0.706757 -0.000000 -0.000000  0.000000 -0.000000 -0.000000 -0.000000  0.000000 -0.000000  0.000000 -0.000000  0.000000  0.000000  0.000000  0.000000 -0.000000 -0.000000  0.060406 -0.069200 -0.188583  0.027207  0.381901  0.014993 -0.033926 -0.050713  0.035219  0.315315  0.020124 -0.026526  0.177903 -0.015499 -0.076847 -0.227289 -0.127979  0.161421  0.157740  0.134657  0.171115
-0.002577  0.000008 -0.000032 -0.000032 -0.000024  0.000003 -0.703946 -0.000032 -0.000022 -0.000021  0.000002  0.000010  0.000014 -0.000011 -0.000015  0.000007 -0.000000 -0.242352  0.038881  0.000674 -0.186243 -0.132201 -0.054891 -0.098354  0.009000 -0.112406  0.177363 -0.398098  0.187385 -0.063517 -0.018261 -0.076161  0.174196 -0.153131  0.266671 -0.009240  0.055815  0.057543
-0.000004 -0.000009  0.001005 -0.000005 -0.000059  0.000049 -0.000015  0.000038 -0.000034 -0.000023  0.000017  0.000001 -0.000038  0.705393  0.000027 -0.000018 -0.000005  0.211635  0.002306 -0.085490 -0.102129 -0.229367  0.139013 -0.135388  0.131088 -0.360643  0.222081  0.060871  0.018445  0.101528 -0.011739  0.280674 -0.029831  0.035403 -0.119082  0.019761 -0.086082  0.188843
-0.706757 -0.000000 -0.000000  0.000000 -0.000000 -0.000000 -0.000000  0.000000 -0.000000 -0.000000  0.000000  0.000000  0.000000 -0.000000 -0.000000  0.000000 -0.000000  0.044692 -0.074600 -0.194376  0.016368  0.366994  0.027450 -0.032545 -0.054191  0.049927  0.317068  0.047623 -0.031601  0.182714 -0.019565 -0.073113 -0.224335 -0.135774  0.167040  0.158236  0.136845  0.172093
 0.000035  0.000042  0.000001 -0.000033 -0.000021 -0.000020  0.000032 -0.000038 -0.000007 -0.000025  0.000028 -0.706353  0.000035  0.000028 -0.000009  0.000044 -0.000001 -0.057484  0.217748  0.188523 -0.200814  0.093759  0.185345 -0.095464 -0.123332 -0.019212  0.104561 -0.083802 -0.159307 -0.135379 -0.170690  0.016195 -0.176587 -0.209315 -0.303899 -0.067788  0.139327 -0.155648
 0.013749 -0.000397  0.026127 -0.000322 -0.000402  0.558553 -0.036299 -0.000041 -0.001343  0.000440 -0.000506  0.000106 -0.000035 -0.067489 -0.000074  0.000077  0.000200  0.209010 -0.063832 -0.152968 -0.168002 -0.228393  0.035176 -0.147260  0.058398  0.113707  0.054184  0.390884  0.007650  0.120639 -0.288710 -0.272440  0.267154 -0.268327  0.022669 -0.068850  0.063695 -0.099321
 0.000001  0.000049 -0.000007  0.000006  0.000015 -0.000002  0.000024 -0.000037 -0.000006 -0.000035 -0.000013  0.000033  0.000006 -0.000027  0.000028 -0.706459  0.000008  0.176889 -0.420930  0.296219  0.059626 -0.181783  0.160498  0.084059  0.025880  0.138526  0.087089 -0.208688 -0.131523  0.104984  0.023038 -0.028525 -0.120955 -0.100172  0.069983 -0.046643 -0.014467 -0.051640
-0.000772 -0.000238 -0.000305  0.645090  0.000488 -0.000139  0.000460  0.000212 -0.000752 -0.000626 -0.049748  0.001519 -0.001190  0.000787 -0.000174 -0.000634  0.001247 -0.035725 -0.161999 -0.180636 -0.096533 -0.030747  0.051358 -0.227532  0.076086 -0.015125  0.111330  0.002214 -0.157078 -0.201872  0.402168 -0.305720 -0.012140  0.201181 -0.156415 -0.168909  0.154422  0.006564
-0.000022  0.000001  0.706624 -0.000005  0.000001 -0.000015  0.000007  0.000003 -0.000001  0.000009  0.000019 -0.000018 -0.000006 -0.000001 -0.000002 -0.000006  0.000007 -0.096843 -0.037516  0.247468  0.249602  0.172160  0.253759 -0.232059  0.112414 -0.065495  0.010489  0.094899  0.003483 -0.086391 -0.179968  0.049212  0.192398  0.193177  0.144931 -0.086429  0.190375  0.105316
-0.000046 -0.000019  0.000040  0.000122 -0.000107 -0.000107 -0.000129 -0.000090 -0.000041  0.000026 -0.000068  0.000043  0.000118 -0.000125  0.000027  0.000098 -0.705541 -0.143502 -0.219690 -0.117211  0.127609 -0.042400 -0.244707 -0.217196 -0.182441 -0.181533  0.031522 -0.002434 -0.162889  0.097064 -0.102004  0.174993 -0.007001  0.045458  0.016513  0.059056  0.096962 -0.367399
 0.000129  0.539398 -0.000584 -0.001808 -0.096135  0.000251  0.000360  0.000312 -0.001142  0.000677 -0.000697 -0.001311 -0.029114 -0.000208 -0.001130 -0.031286 -0.000989 -0.152716 -0.104367  0.164286 -0.135355  0.203964  0.171536 -0.012114  0.099914 -0.271332  0.045367  0.207147  0.330351  0.067359  0.116832 -0.197891 -0.105340  0.011623  0.034625  0.075707 -0.337682 -0.346454
 0.000103  0.000112 -0.000072 -0.000001  0.697567  0.000056  0.000118  0.000259 -0.000273  0.000111  0.000076  0.000051 -0.000211  0.000037  0.000011 -0.007483 -0.000191 -0.236800 -0.087666 -0.129998  0.161542  0.022009  0.172925 -0.102656 -0.130391 -0.079327 -0.128835 -0.128352 -0.046346  0.220011 -0.127192 -0.219336  0.044991 -0.060891 -0.241715 -0.021930 -0.309533  0.184413
 0.000033 -0.000073  0.003973  0.000021  0.000039 -0.000001 -0.000029 -0.000009  0.000003  0.000045  0.000044  0.000029 -0.000032  0.702355  0.000011  0.000049 -0.000002 -0.141416 -0.003878  0.068480  0.091326  0.215663 -0.155884  0.107336 -0.115082  0.355952 -0.217296 -0.035704 -0.007605 -0.085850 -0.038035 -0.339780  0.075963 -0.073351  0.113557 -0.033860  0.093349 -0.211272
 0.000027  0.000022 -0.000002  0.000007 -0.000029  0.000042  0.000006  0.000023  0.000025 -0.000039 -0.000003  0.000018 -0.000027 -0.000009  0.706429  0.000007  0.000034 -0.143252  0.091332 -0.178816  0.196573 -0.009271  0.046586  0.313124  0.383190 -0.074121  0.188336 -0.038858 -0.196142 -0.014725 -0.098209 -0.026880  0.005357 -0.051635  0.011073 -0.173715 -0.030195 -0.170013
-0.000008 -0.000000 -0.000030  0.000073  0.000005 -0.000068  0.000010 -0.000056 -0.000009 -0.000028  0.000053  0.000009 -0.000004 -0.000035  0.706257 -0.000079 -0.000028  0.138936 -0.092197  0.179086 -0.190608  0.000722 -0.053395 -0.302779 -0.396461  0.058540 -0.192929  0.047943  0.216456  0.023156  0.092342  0.019769 -0.032014  0.051897 -0.005309  0.130003  0.045791  0.176885
 0.000011  0.000047 -0.000003 -0.000125 -0.000056  0.000315 -0.000118 -0.000023 -0.000016 -0.000130 -0.000033  0.000149 -0.705594  0.000009 -0.000005 -0.000025 -0.000007  0.006892  0.090768  0.097810 -0.198458  0.067982 -0.191710 -0.142991  0.000751  0.182779  0.168459 -0.007488 -0.195441  0.088197 -0.141531  0.019053 -0.040925  0.259306  0.128414 -0.253174 -0.321842  0.042201
 0.000001 -0.000007 -0.706616 -0.000016 -0.000003  0.000014  0.000000  0.000005 -0.000030  0.000006 -0.000004 -0.000003  0.000025 -0.000015  0.000002  0.000002  0.000001 -0.070497 -0.038413  0.240346  0.246049  0.166674  0.246396 -0.243561  0.119616 -0.064059  0.012295  0.104030  0.008811 -0.080890 -0.200337  0.026236  0.209839  0.178860  0.141697 -0.091157  0.193926  0.096335
 0.000656 -0.000599 -0.001281  0.002051  0.000577 -0.000229  0.000826  0.000560 -0.092515 -0.541185 -0.000263  0.001380  0.001364  0.000570 -0.031815 -0.001520 -0.028929 -0.048820  0.114886  0.164038  0.159158 -0.110667 -0.112080  0.214097 -0.311865 -0.218805  0.130075  0.178328  0.129014  0.194853  0.116682 -0.119308 -0.088049 -0.048856  0.035214 -0.481312  0.163194  0.110627
 0.013253  0.000299 -0.025853  0.000018  0.000186  0.562100 -0.035439 -0.000063  0.000061  0.000022  0.000769 -0.000049  0.000328  0.067525  0.000038 -0.000181  0.000484 -0.525663 -0.045689  0.027120 -0.052075 -0.072678  0.206768  0.151454 -0.111823  0.172124 -0.018571  0.120859 -0.105902 -0.048418  0.217348  0.334290 -0.219876  0.123167  0.097834  0.083998 -0.013543  0.120805
-0.000077  0.000012 -0.000058  0.000012  0.000006 -0.000045 -0.000085  0.000075 -0.000194  0.000152 -0.705566 -0.000182  0.000123  0.000003 -0.000012  0.000080 -0.000034  0.010785 -0.051836  0.030111  0.220592  0.019226 -0.135821 -0.157659 -0.005837 -0.003416  0.027790  0.124237 -0.012747 -0.367170  0.052318  0.105041 -0.079265 -0.375056  0.082230 -0.087173 -0.263901  0.100883
 0.000771  0.000244 -0.001449  0.000857  0.000589 -0.000666  0.000365  0.002516  0.001437  0.645812 -0.000870  0.000876  0.000040  0.000827  0.000928 -0.001251 -0.046393 -0.024945  0.172496  0.280389  0.114543  0.002155 -0.085189  0.157966 -0.226772 -0.108380  0.251299  0.145081 -0.143960  0.196044  0.308256 -0.064826  0.315546 -0.111168 -0.050295 -0.041255  0.002690  0.067140
 0.001119  0.000009  0.000020  0.000052  0.000016  0.000004  0.705366  0.000012 -0.000013  0.000008  0.000003  0.000072  0.000020 -0.000004  0.000020 -0.000004 -0.000009 -0.284844  0.023964 -0.016603 -0.215690 -0.173247 -0.022238 -0.097996  0.002325 -0.071801  0.182333 -0.327639  0.174134 -0.053591 -0.029048 -0.066832  0.180647 -0.172703  0.282096 -0.006136  0.062331  0.060154
 0.000258  0.002292 -0.000424 -0.001640  0.000339  0.000430 -0.000332  0.002722  0.094814 -0.538557 -0.000850 -0.000304 -0.001222  0.000394  0.032995 -0.000059 -0.026544  0.019241  0.091688  0.171805 -0.022006  0.113766  0.010056 -0.025763  0.041625  0.089881  0.170849 -0.004998 -0.301296  0.039496  0.251738  0.042042  0.466803 -0.084603 -0.095894  0.434720 -0.161130 -0.031027
-0.000007  0.000001 -0.000005 -0.000061  0.000068 -0.000066 -0.000021  0.000002 -0.000012  0.000066  0.000008  0.000008 -0.000008  0.000021 -0.000004 -0.706376 -0.000018 -0.159203  0.421824 -0.310594 -0.063880  0.178641 -0.165853 -0.074666 -0.035723 -0.131028 -0.100040  0.195725  0.101550 -0.116023 -0.029081  0.047810  0.133711  0.096075 -0.060015  0.036533  0.038104  0.071028
 0.706757
