1 17
 0.242536 -0.256985  0.067267 -0.364072 -0.222454  0.093427 -0.091510  0.373861  0.292201 -0.097646 -0.227963 -0.230134 -0.546295  0.084729 -0.114880  0.012106  0.113552
 0.242536  0.169967  0.294983  0.178243  0.014875  0.288276  0.240003 -0.207221 -0.185881 -0.214709 -0.177614 -0.332447  0.007345  0.244830 -0.261704 -0.480304 -0.166553
 0.242536 -0.193100 -0.293172 -0.136238 -0.264873 -0.642549  0.200045 -0.257551 -0.229850 -0.318083  0.021498 -0.043219  0.038993  0.009410 -0.226412  0.014195  0.024275
-0.242536 -0.333719  0.015282 -0.176605  0.187487  0.185405  0.257529 -0.284817  0.210399  0.016386  0.402525 -0.236452 -0.104506 -0.093119 -0.285355  0.242692 -0.398781
 0.242536  0.003923  0.334647  0.353029 -0.469286 -0.038802 -0.196429  0.024169 -0.013088  0.242294  0.302966 -0.129523  0.000309 -0.473476 -0.219139  0.061761  0.013437
 0.242536  0.437073  0.097878  0.089887  0.454791 -0.167858  0.033288  0.024724 -0.047323 -0.195738  0.408837 -0.055948 -0.424145  0.030649 -0.008085  0.212759  0.242389
 0.242536  0.064349  0.064520 -0.127328  0.029932 -0.110239  0.443198  0.037261  0.121955  0.659809 -0.027208 -0.105298  0.222199  0.301502 -0.120362  0.152275  0.256515
 0.242536 -0.291119  0.024605 -0.086911 -0.193822  0.395211  0.033826 -0.311568 -0.467665  0.066377  0.185325  0.164848 -0.193832  0.172336  0.387076  0.173129  0.156783
 0.242536 -0.496354  0.364471  0.314013  0.253634 -0.155291 -0.187255  0.082493  0.206728 -0.235093  0.008378  0.017182  0.306546  0.307326  0.102065  0.189307 -0.002276
 0.242536 -0.214479  0.052018  0.093103  0.323785 -0.177443  0.321819 -0.031008  0.007351  0.174125 -0.267676  0.003190 -0.209346 -0.510744  0.394270 -0.202249 -0.199692
-0.242536  0.066324  0.149212  0.224222 -0.388161 -0.121485  0.392345 -0.116976  0.462031 -0.144556  0.197984  0.192571 -0.194778  0.190676  0.321094 -0.191719  0.079935
-0.242536 -0.091532 -0.005039 -0.109824 -0.008973 -0.134943 -0.050944  0.179043 -0.169542  0.001112  0.273033 -0.704509  0.162426  0.004469  0.401852 -0.210747  0.189320
 0.242536 -0.117719 -0.561735  0.319965  0.025798  0.037929 -0.104002  0.262343  0.043267  0.216675  0.330286  0.043813 -0.122419  0.262357 -0.019915 -0.306577 -0.299362
-0.242536 -0.023840  0.193929  0.150436 -0.106313 -0.084882  0.360715  0.571597 -0.463969 -0.052710 -0.034555  0.088003 -0.102910  0.105390 -0.050864  0.260043 -0.293483
 0.242536  0.143659  0.309480 -0.578123 -0.024708 -0.088203 -0.058989  0.161089  0.013434 -0.031452  0.342682  0.289454  0.225137  0.000221  0.122086 -0.268688 -0.335479
 0.242536 -0.001119 -0.266131  0.010060 -0.028854  0.397176  0.383990  0.291437  0.136504 -0.380233  0.119681  0.022480  0.369278 -0.313584 -0.001652  0.085645  0.243321
 0.242536  0.369138 -0.135448  0.022600 -0.214777  0.012461 -0.058339 -0.101183  0.161284 -0.066092 -0.180206 -0.304788  0.086464  0.091860  0.353380  0.456910 -0.469917
 0.242536
