2 33
 0.186772  0.062257 -0.236080 -0.157550  0.194057  0.237155  0.107558  0.221895 -0.017747  0.026754  0.167513  0.045326 -0.120682 -0.008300  0.092053  0.070790  0.357223  0.343132 -0.149851 -0.248552 -0.114007 -0.104683  0.069312  0.018164 -0.364225 -0.115752 -0.039598 -0.267225  0.106131  0.120290  0.088413 -0.205666 -0.114710
 0.000000 -0.249029 -0.006349  0.113423  0.016378  0.288926 -0.025741  0.077244  0.197918  0.173375 -0.176168  0.088462  0.043856 -0.182312 -0.082477 -0.010400 -0.084791 -0.027610  0.039292  0.285068  0.447472 -0.146823 -0.233503  0.165198 -0.278167 -0.213818 -0.094425  0.073984 -0.236725 -0.094990  0.077720 -0.250007 -0.138164
-0.000000 -0.249029  0.100394  0.064924 -0.087167  0.007894 -0.097132 -0.413620  0.050549 -0.118130  0.311323  0.420276 -0.003783  0.143032 -0.079904 -0.117969 -0.187716  0.393614  0.023552  0.056779 -0.158906 -0.172087 -0.000058  0.078765 -0.059133 -0.080159  0.226096 -0.034960 -0.119141  0.146057 -0.088994 -0.101435  0.183466
-0.000000 -0.249029  0.493308  0.054516 -0.001719  0.135308 -0.084819  0.024687  0.063056 -0.227652 -0.204765 -0.031863  0.025660  0.081856  0.275544 -0.097338  0.124646 -0.038855  0.032408 -0.292310 -0.032796 -0.021687  0.024695  0.273828 -0.187707  0.020804 -0.159169  0.176242  0.122248  0.174860  0.309255  0.202229  0.138719
 0.249029  0.000000  0.043122 -0.006498  0.139496 -0.001968 -0.116028  0.205062 -0.232032 -0.115890  0.115032 -0.099238  0.323012  0.080349  0.070726 -0.150232 -0.157578 -0.144997 -0.248678  0.125557  0.112822  0.064506 -0.031678 -0.196688  0.140316 -0.336276  0.192752  0.109131  0.158063  0.278356  0.172773 -0.308934  0.206791
-0.000000  0.249029  0.090360 -0.391780 -0.046922  0.062325 -0.218990 -0.193170 -0.000059  0.036102 -0.089442  0.015527  0.075007 -0.065933  0.252911  0.053576 -0.217109  0.392503 -0.088438  0.100887  0.327700 -0.061057 -0.205042 -0.113585  0.111709  0.205317 -0.067161 -0.066943  0.241598  0.104081  0.123532  0.137748 -0.215181
 0.000000 -0.249029 -0.213157 -0.126071 -0.207461 -0.039462 -0.275728  0.069310 -0.269926  0.315747  0.145378 -0.077656 -0.010342 -0.207352 -0.043794 -0.075074 -0.063912 -0.076142  0.027646 -0.382903  0.258396 -0.165866  0.181095  0.377510  0.156599  0.057878  0.077064  0.000589  0.099296  0.083897 -0.132052  0.005453  0.076297
 0.249029  0.000000 -0.032395  0.162802  0.050054  0.000285  0.051463  0.135258  0.201652 -0.231868 -0.020029  0.066706 -0.028173  0.081909 -0.077058  0.279121 -0.182064 -0.021382 -0.546817 -0.024416  0.217751  0.045851  0.140952  0.164775 -0.024107  0.356667 -0.027833  0.022942 -0.144295  0.183667 -0.270396  0.091518  0.038376
 0.000000  0.249029  0.004790  0.168994 -0.212467  0.037683  0.129888 -0.238525  0.315147 -0.054168  0.121870  0.237574  0.373111 -0.170546 -0.005382 -0.044664  0.382804 -0.156851 -0.016269 -0.151454  0.215972 -0.128125  0.208671 -0.042955  0.282537 -0.031486 -0.100658 -0.083522  0.009022  0.086760  0.143590 -0.109564 -0.065254
 0.000000  0.249029  0.096649  0.152963  0.322981  0.305678  0.191552  0.061210 -0.245228  0.230154  0.148985  0.376926 -0.039732  0.031707  0.177886 -0.185953 -0.246368 -0.154431  0.164629 -0.239803  0.137626  0.105503  0.039917 -0.106431 -0.035747  0.189511  0.109089  0.081497 -0.186681  0.014839  0.018326  0.111887 -0.071150
 0.249029 -0.000000  0.012448 -0.115032  0.195250 -0.260095  0.158486 -0.006095 -0.086340  0.005767 -0.340326 -0.091658  0.115595 -0.025378  0.152437 -0.110401  0.106529  0.231014  0.006019 -0.062922 -0.029222 -0.352859  0.123998  0.038778  0.195783 -0.162314  0.180097  0.171017 -0.472160  0.006565 -0.073311  0.130654 -0.172604
-0.249029 -0.000000  0.077103  0.176443  0.170498  0.181070 -0.236949  0.096088  0.131155 -0.156536  0.259109 -0.372891  0.129868 -0.177969  0.256601 -0.252354  0.109669  0.186963  0.002579  0.168665 -0.026175  0.211440  0.133341  0.169433  0.097771  0.163535  0.218671 -0.114854 -0.174024 -0.096265 -0.139681 -0.067012 -0.139781
 0.000000 -0.249029 -0.254182  0.264442  0.019873  0.086797  0.002683  0.134031  0.185231 -0.063424 -0.312171  0.052889 -0.043394 -0.147676  0.120085 -0.006991  0.076770  0.018773  0.206725 -0.054644  0.006016 -0.182635 -0.187720 -0.336039  0.076182  0.261382  0.405255 -0.071915  0.250045  0.194589 -0.063519  0.047353  0.130742
 0.249029 -0.000000  0.007536  0.039959  0.235269  0.009553 -0.211688 -0.016718  0.031474  0.106787 -0.124191  0.212423  0.177109 -0.296407  0.038999 -0.288392 -0.081323 -0.172448 -0.136127  0.130199 -0.362618 -0.114160 -0.125825  0.108785  0.033306 -0.020655 -0.329936 -0.326219  0.127234 -0.056029 -0.222397  0.164785  0.046498
 0.249029 -0.000000  0.040404  0.133220 -0.352809  0.193257  0.155653 -0.244893  0.020475 -0.015152  0.053997 -0.264066 -0.074938 -0.413881  0.129562  0.018752 -0.307881 -0.039627 -0.105165 -0.145120 -0.205003  0.041620  0.120422 -0.200550 -0.206392 -0.182088  0.078147  0.160766  0.055911  0.004694 -0.075080  0.038800 -0.245516
 0.000000  0.249029 -0.091661 -0.061634 -0.232391  0.158757  0.063727  0.085496  0.128399  0.028756  0.045855 -0.148409 -0.325105  0.162806  0.262222 -0.099285 -0.172640 -0.215775  0.030675  0.286951 -0.053099 -0.394279  0.168234  0.126610  0.047895 -0.016620  0.028275 -0.260824 -0.151370  0.138179  0.202442  0.058754  0.250706
 0.000000  0.249029 -0.087192  0.005077 -0.169714  0.052186 -0.114748  0.014856  0.063068  0.054799 -0.005362  0.049943 -0.171490 -0.069224  0.049834 -0.091141  0.121376 -0.020609 -0.256046 -0.196561 -0.264324  0.035391 -0.583141  0.183248  0.180440  0.120720  0.080752  0.316608 -0.195651 -0.024098  0.102122 -0.243468  0.066211
-0.000000  0.249029 -0.017578  0.034651  0.088519  0.034777 -0.306364 -0.174723  0.025047  0.074018 -0.059116 -0.294140  0.162620  0.135578 -0.201856 -0.129084  0.017578 -0.010910  0.145288 -0.104443 -0.014846 -0.267312  0.094717 -0.243424 -0.355160  0.266588 -0.216260  0.217568 -0.110310  0.156487 -0.180048 -0.208745  0.168467
 0.000000 -0.249029 -0.021151 -0.185492  0.387659  0.193700  0.124638 -0.520647  0.137354  0.152650 -0.050316 -0.294149 -0.131999  0.068282 -0.051562  0.090460  0.006241 -0.203532 -0.095427 -0.154914  0.024403  0.150972 -0.099251 -0.023277  0.218806 -0.017836  0.009412 -0.223653 -0.113310  0.171871  0.064335 -0.084619  0.065123
 0.000000  0.249029  0.015477  0.238761  0.366949 -0.180117 -0.054095 -0.171120 -0.028804  0.054309 -0.010813  0.023736 -0.122398 -0.296927  0.156219  0.467009 -0.054130  0.045548  0.158655  0.131599 -0.051088 -0.091241  0.129501  0.300758  0.007659 -0.058320  0.056759  0.192106  0.228275  0.013950  0.084215 -0.194184  0.158061
-0.249029  0.000000 -0.060542  0.250832  0.148303 -0.098403 -0.057967 -0.048254 -0.044571  0.106612 -0.045830 -0.038260 -0.058617  0.054363 -0.369080 -0.197747 -0.088012 -0.015633 -0.327392  0.044308 -0.121367 -0.219581  0.108968  0.055150 -0.043360  0.080721  0.147657  0.021091  0.163379  0.087760  0.440437  0.121096 -0.408312
 0.186772 -0.062257  0.127570  0.082302 -0.140004 -0.440569 -0.116936 -0.166604 -0.243251  0.074202 -0.050486  0.067391 -0.139617 -0.151104  0.178767 -0.061996  0.190769 -0.140010 -0.069036  0.097654  0.130491  0.196991 -0.004350 -0.105308 -0.301549  0.263712  0.118540 -0.314036 -0.221417  0.033561  0.206103 -0.173508 -0.006648
-0.249029 -0.000000  0.115790  0.087228  0.008023  0.111888 -0.150111  0.006735 -0.122352 -0.075949 -0.307883  0.145790 -0.439849 -0.132156  0.008639 -0.151986  0.030714  0.166901 -0.261356 -0.079170  0.105584  0.023619  0.305631 -0.281464  0.226472 -0.162333 -0.206964  0.005639 -0.009420 -0.126409 -0.104264 -0.226239  0.156757
-0.000000 -0.249029 -0.036614  0.042786  0.003462 -0.145067 -0.155790  0.256257  0.145409  0.016340  0.147926  0.055738 -0.005677 -0.026670  0.111283  0.208801 -0.266376  0.041820  0.215967 -0.100607 -0.221113  0.003261  0.059378 -0.183372  0.244189  0.107889 -0.384338 -0.018235 -0.239846  0.234848  0.224061 -0.227257 -0.267070
-0.249029 -0.000000  0.141234  0.162371 -0.083614 -0.090992 -0.123592  0.057831  0.146417  0.587241  0.027315  0.023181  0.072916  0.173223  0.262094  0.192183  0.155876  0.022034 -0.230590  0.049238 -0.064937  0.062753 -0.023046 -0.136860 -0.083352 -0.256496  0.046568  0.038149 -0.033919  0.268828 -0.226037  0.201465  0.001481
-0.000000 -0.249029  0.000613 -0.199898 -0.017758  0.236551  0.143999 -0.063963 -0.292319  0.039602  0.147380  0.094397 -0.048291 -0.135374  0.048395  0.035734  0.340923 -0.108375 -0.080360  0.455831 -0.125186 -0.105651  0.108869 -0.062974  0.086844  0.286875 -0.121232  0.372338  0.033040  0.194140 -0.053931  0.021959 -0.069207
 0.249029  0.000000  0.206888 -0.241953  0.100521 -0.238996  0.084793  0.122248  0.506431  0.222965  0.107206  0.042737 -0.296230 -0.015912 -0.081690 -0.357947  0.005435 -0.014093  0.091060  0.055921  0.063462  0.118574  0.150244  0.015290  0.011058  0.062380  0.103514  0.219778  0.241136  0.036058 -0.080558 -0.140313 -0.061444
 0.249029  0.000000  0.377389 -0.084723 -0.097713  0.306572 -0.268446  0.078189 -0.005087  0.179649 -0.144154  0.059599  0.089582  0.176047 -0.145887  0.311703  0.051518 -0.087296  0.012922 -0.001125 -0.193653 -0.102736  0.165442 -0.027879  0.134492  0.129800  0.315634 -0.131284  0.017958 -0.321407  0.027676 -0.185297 -0.124147
 0.000000 -0.249029 -0.142929  0.058439  0.087205 -0.123927  0.114983 -0.082151  0.096673  0.123600  0.197890 -0.052454  0.130717  0.169376  0.372586 -0.023568 -0.072660  0.000568 -0.251512 -0.071675  0.038530 -0.236021  0.017768 -0.154550 -0.033947  0.157828 -0.107399  0.133804  0.121162 -0.593391  0.127883 -0.069289  0.144938
-0.249029 -0.000000  0.034603 -0.266861  0.140343 -0.118348 -0.227660 -0.028569  0.060580 -0.362363  0.132722  0.158537 -0.129735 -0.003413  0.168707  0.096779  0.021866 -0.456077 -0.043802 -0.118099  0.044979 -0.268528 -0.082114 -0.083579 -0.152571 -0.159800  0.159560  0.023038  0.007040 -0.013243 -0.243211 -0.045475 -0.313641
-0.249029 -0.000000  0.496559 -0.036008  0.000497 -0.120920  0.426095  0.189427 -0.098953  0.053085  0.137203 -0.157119  0.068468 -0.249456 -0.153763  0.044752 -0.088195  0.066515 -0.080257 -0.081895  0.000757 -0.318741 -0.220790 -0.041272  0.024325  0.130743 -0.009958 -0.218398  0.030491  0.056454 -0.133971 -0.176417  0.115340
 0.249029  0.000000  0.094805  0.417651 -0.053256 -0.009788  0.046692 -0.108692 -0.203297 -0.037947  0.068817 -0.144556 -0.221260  0.380837  0.108321 -0.088951  0.110534  0.017929  0.127322  0.030351  0.145872 -0.133190 -0.207741  0.104241  0.190580 -0.041473 -0.184716 -0.072871  0.227217  0.039318 -0.264100 -0.138822 -0.336483
-0.249029 -0.000000 -0.135932 -0.125014 -0.126699 -0.018035  0.264076 -0.067432 -0.034749  0.037938 -0.398514  0.107247  0.246420  0.183421  0.225326 -0.111380 -0.185753 -0.049261 -0.022811  0.012222 -0.177066  0.145875  0.162546  0.259985 -0.093579  0.120639  0.031332 -0.037350  0.141054  0.109488 -0.157780 -0.439409 -0.151393
 0.249029
