
  0  0.117851130197757285889286101 -0.117851130197757340912546355  0.117851130197758297246625123  0.117851130197757869237488743 -0.117851130197757666437472380 -0.117851130197758010678438408 -0.117851130197756573744641631 -0.117851130197755863131432730  0.117851130197756506375029138  0.117851130197758399839255694  0.117851130197758821546466946 -0.117851130197758364778867941  0.117851130197758665407801581  0.117851130197758556953703014  0.117851130197758480578436226 -0.117851130197758568297168244  0.117851130197758886313994225  0.117851130197758373086567088  1.178511301977588863139942248e-01

  0  0.235702260395514571778572202  0.228551137690451698698704090 -0.197947007105410678046001662  0.365659766421990679060964602 -0.073567666477591809129094741  0.179398455011966938757038588 -0.334359615848220274988891049 -0.192504178910050512767127527  0.042817045786960644471804294  0.385827696978291871708968697  0.389883201468438903887362215 -0.100933565336894207746813636 -0.061074692148569222627105734 -0.116574575361496516737777173 -0.355882857194235290514789868 -0.217920160083511871222769658 -0.158895058654638595926119476  0.057153482806085176773375081 
  1 -0.235702260395514681825092709 -0.363057864277419195818451605  0.098757397822631115522659488  0.116686206078892987891392884 -0.031195707083767777848364576  0.405477646182499478638445317 -0.586201908969301749264234347  0.347158467201795308828366979  0.056324251529534238638603598 -0.113209495184104838430073133  0.104568116725741347501003713  0.092297321856933721660732044  0.277983600013674998221394757  0.038001013125595814517244985  0.195303839252525361864024078 -0.026121361181216389657055565 -0.059583440883330465823061696 -0.056485449334941092439847741 
  2  0.235702260395516594493250245  0.329045398552469652036665468 -0.054482560567303814087324748 -0.138641752580928089531864256 -0.111319202233618784932134022 -0.242148783239905114286110235 -0.313442332610969777689346322 -0.093441018087771104067625495  0.419334287562480485176937342 -0.175559118669173913648124362 -0.288493855460500249287105271  0.205496874932642282723482645  0.197322955894470047598907893 -0.226621484937425754889873779  0.178551073957229256233911890 -0.302858892999955717526905721 -0.030494073077989709381820527 -0.298380492620333605594245413 
  3  0.235702260395515738474977487 -0.161329279621682844479409018  0.240654243545893390087949196  0.279039188061649583074558256 -0.236806136344513973462119587 -0.017169529335586425429803015  0.076355935456259954699801892  0.054163367925890015247146654 -0.003561160252089814506176578 -0.473603399922155847119945027 -0.110784781500414776164720188 -0.186116638748787778499002403  0.217222854670276790825869662 -0.398902762034374857132634426 -0.438559582841570045930483165  0.112779319618077153128973909  0.110315623639178925929514238  0.150818438535180486317617381 
  4 -0.235702260395515332874944760  0.255837702099820182805945193  0.142813713334197135644662753  0.175389226793853685072992372  0.078394444707846412673116557 -0.174039980672768311868638808 -0.076329223035155230680875137  0.250828455956413414688205288  0.161954389921857608725802580  0.223555573641588768802278796  0.074085925133386668481251958  0.349025721739139852439932910 -0.109379252173416581380381834 -0.281655221222279940481662136 -0.145402571775273175452066615  0.598956369651460481234178657  0.096784223925006471439362599 -0.196449484254274408585221393 
  5 -0.235702260395516021356876815 -0.146775476117040992461216554  0.028279521859110926452999667 -0.260839793222136425647050134  0.330152756104607899190379883 -0.405155567290397647969672767 -0.392238478031628244108901596 -0.122938602877521927574338938 -0.410417236329518959100492309 -0.048315665135783601468507775 -0.062994731890841271305437644 -0.131308126138337720524335191 -0.011025046761941850143070427 -0.113995808651632285794438881 -0.371513634860155797127534774 -0.089284824149705165065272431 -0.157244376603400556172726414 -0.190063286392922443308385085 
  6 -0.235702260395513147489283262 -0.052393298310910152528515737 -0.239403075276254616229063346 -0.087443862458917387911765031 -0.265073977631578071268662194 -0.005836565020775879598761044 -0.059582563286094197012494628 -0.168986339361023149178509320  0.218203247265072625062521522  0.122521275404703140883501313 -0.402184116058059829544070463  0.138491508587273482350525275  0.214926096665232034565486130  0.235219992640516325989492874 -0.292421437729307005754875518  0.235504746915436751394912727 -0.391198895152640215754297551  0.367759798719840133276104063 
  7 -0.235702260395511726262865460  0.133246094590629397762097420 -0.199927874025270581928017885 -0.182671102854956452510586280 -0.351688812016763836988285027  0.229221262487256421957766001  0.009054420779958618980795863  0.014769494476212744054465377 -0.051953135615893211636415151 -0.158249024723923931395712372  0.003929100435934356122629879 -0.390394168473921323800346350 -0.353657124995113827258972836 -0.391481787845654625909415716  0.186445698967834636676217490  0.153107591722543681618052061 -0.355636329281041406105831268 -0.183425998409799999568840605 
  8  0.235702260395513012750058277 -0.229087163740643117178078826 -0.088842800281975702725951669 -0.155125284251399969150369412  0.262983811670162194207593306 -0.148339139393681734534744844  0.143634857150906025230171006  0.210418405990631636600859955  0.109435693864905565661450534 -0.097559742027605697955289742  0.302645068172811950644963616  0.323826635272882123951949940 -0.070917279001436721914302438 -0.320527657903419524275520289  0.099142232994071557671531859 -0.057923565574799046462838590 -0.502796722674239428090264131  0.335002758479800247178080966 
  9  0.235702260395516799678511388  0.096354077516551486112220300 -0.230360039194388013894889723  0.146713215871856665948420526  0.187882757399410847787648605 -0.104453722262225570793369063  0.077498270986724483636693631  0.663588957963552213939646685  0.066554942552768691434476531  0.068647429983749902784038229 -0.234944925611621123663500313 -0.368973667590199844499134277  0.048925235131923869134087891  0.250976412982312572418292299 -0.127745557975641053506774165  0.005657976160884364508430128 -0.213357155038562106897682968 -0.200662037280312123197194979 
 10  0.235702260395517643092933892  0.242407119845185168473928293 -0.053830447217231880031461551 -0.367458493129276305344185771  0.244375007760531034111750950  0.304831560318095993338850802 -0.088548790877229205154063177 -0.148686153838756312200010748  0.128459518305839182127168346 -0.403148218024459183725198563  0.298195734654108092346377207 -0.018507904538417045292467231  0.090168091558788717896841258  0.296946317909764421805228832 -0.211768140168837294719911789  0.375439024731942663478181932 -0.019861109157289872608127042 -0.119892632586673167713201341 
 11 -0.235702260395516729557735883 -0.022927336200471935159406916 -0.096523909333527334271146322 -0.127352284951223425661041150  0.522434111446039453922549067  0.278328597618733833765625185  0.063818211968981246918510269 -0.050896790506787185538745003  0.418290855799776528173511761  0.139522799005870779407898451 -0.187806717115002411793117480 -0.283850404247914107463404351  0.039270704265479104951231315 -0.346220750757164850286559318 -0.082878846989053523686120060 -0.107408008401026747114165912  0.261550947463564363728400972  0.206916193224493426920380761 
 12  0.235702260395517330815603162 -0.373546593084965743278205025  0.087435168440786853868908635 -0.341218854694261383041957794 -0.171918468004302062691565113  0.318935702976819265001178286  0.130323863399685671435801124  0.084360239955417473222808872  0.062817007338460624323354074  0.271173497980240804460351847 -0.166766775941892255518219680  0.262915454533266431812361941 -0.232680125518506648426750837 -0.061484068798927314939903321 -0.362630892246955347424288568 -0.115486017817339335427787722  0.048316664401443641992529420 -0.382028163767056391959819894 
 13  0.235702260395517113907406029 -0.468562633441005395263864730 -0.102364140626629580299047050 -0.105341927035070671184820070 -0.135806080328673052585704631 -0.354118103414587743625781269 -0.135765475513454880843481828 -0.170220195281323716577064759  0.305593326013964131700889615  0.236189167660208137474548915  0.205243659112183964677656248 -0.362988426606290463295474008  0.081649706357143966237990482  0.004687507424919754345688682  0.192336379745787584234014041  0.346114499883997937807042153  0.134437897960750137523757396 -0.086366517241284623373608759 
 14  0.235702260395516961156872453  0.274871366098094131128620754  0.104667368100414597759995929 -0.465983785645395788560388720 -0.169638695965892961144312612  0.063397250991732626647411422 -0.151954707447064235937054209  0.259139538156446894016145949 -0.347099077913975264178536584  0.320938586385511614990214899 -0.038684893591193147467812265 -0.083351316394684688335483050  0.287691353911166939455977543 -0.189091792159165694183322118  0.084971557024775194152986860  0.097876441483092814456121178  0.170859978420409845377707543  0.348303850969760624470793198 
 15 -0.235702260395517136594336488 -0.045729188226043212461759558 -0.652765690716743989452028329 -0.076371336637468741604891677 -0.158053805858437670285999814 -0.072090415233182425634348659  0.229871430229282117522798985  0.128337598724634242432327165 -0.101240115964366440689462933 -0.087264113395091265691931506  0.283877085763779376473975313  0.159905154835301446789356215  0.370726804472206946565807084 -0.121265183879631826562484238 -0.137954515957125080415166668 -0.109612370059549582203696060  0.277296874768554695738810578 -0.163781196565151446499215664 
 16  0.235702260395517772627988450 -0.083776911681925439085729355 -0.155572842708082421787321899  0.243118631835071051695710068  0.271922976761767639470798730  0.239940630539794158305197738  0.120468846748732680565702798 -0.305820097147715868398255151 -0.337709347591933897790670432  0.135914470469093262304017579 -0.271881560630114637320056681  0.087104880112521083840900881  0.349414870659191052185057330 -0.213263391560656090796110201  0.235943073094725903500186275  0.262761212459460558922303558 -0.199707276380317120642224858 -0.261475061895309034018736530 
 17  0.235702260395516746173134176 -0.096725884573966696643968367 -0.468126858721926544473117618  0.096636347893816114157546082  0.056860705430678395256921184  0.015630655878933487473443457 -0.335818961789320873638107698  0.037273416887404322781607692 -0.155479979060917590546315147 -0.190259021200441310545992991 -0.270936207676855103404674197  0.175694682522444825260496924 -0.478877190028327151820504437 -0.007542252151784060145231362  0.057221244520092304024059702  0.148702306636077867933753462  0.333150234797973148447025604  0.241996951587395531404036178 

  0  1.000000000000000006613633252 -0.000000000000000000017364175  0.000000000000000000018634725  0.000000000000000000014399560  0.000000000000000000002541099  0.000000000000000000027105054 -0.000000000000000000025410988 -0.000000000000000000002541099  0.000000000000000000020328791 -0.000000000000000000009317362  0.000000000000000000010587912 -0.000000000000000000003388132  0.000000000000000000000000000  0.000000000000000000007199780 -0.000000000000000000006776264 -0.000000000000000000017787692 -0.000000000000000000003388132 -0.000000000000000000007623297 
  1 -0.000000000000000000017364175  0.999999999999999944543058877  0.000000000000000000001694066  0.000000000000000000000000000 -0.000000000000000000016093626 -0.000000000000000000006776264  0.000000000000000000010164395  0.000000000000000000013552527  0.000000000000000000003388132 -0.000000000000000000014399560  0.000000000000000000000423516 -0.000000000000000000006776264  0.000000000000000000008470329  0.000000000000000000013552527 -0.000000000000000000008470329  0.000000000000000000007623297 -0.000000000000000000011858461 -0.000000000000000000008470329 
  2  0.000000000000000000018634725  0.000000000000000000001694066  0.999999999999999931153162047  0.000000000000000000023716923  0.000000000000000000037269450  0.000000000000000000010164395  0.000000000000000000006776264  0.000000000000000000003388132  0.000000000000000000020328791  0.000000000000000000000000000 -0.000000000000000000027105054  0.000000000000000000013552527  0.000000000000000000013552527  0.000000000000000000003388132  0.000000000000000000020328791  0.000000000000000000010164395 -0.000000000000000000006776264  0.000000000000000000006776264 
  3  0.000000000000000000014399560  0.000000000000000000000000000  0.000000000000000000023716923  1.000000000000000008890457814  0.000000000000000000025410988  0.000000000000000000040657581 -0.000000000000000000016940659  0.000000000000000000010164395  0.000000000000000000020328791  0.000000000000000000003388132 -0.000000000000000000016940659 -0.000000000000000000025410988  0.000000000000000000030493186  0.000000000000000000011858461 -0.000000000000000000003388132 -0.000000000000000000011858461  0.000000000000000000020328791  0.000000000000000000000000000 
  4  0.000000000000000000002541099 -0.000000000000000000016093626  0.000000000000000000037269450  0.000000000000000000025410988  0.999999999999999902692855019  0.000000000000000000013552527  0.000000000000000000006776264  0.000000000000000000010164395 -0.000000000000000000006776264 -0.000000000000000000016940659 -0.000000000000000000008470329  0.000000000000000000010164395 -0.000000000000000000020328791  0.000000000000000000016940659  0.000000000000000000006776264  0.000000000000000000010164395  0.000000000000000000006776264 -0.000000000000000000023716923 
  5  0.000000000000000000027105054 -0.000000000000000000006776264  0.000000000000000000010164395  0.000000000000000000040657581  0.000000000000000000013552527  0.999999999999999939772569318 -0.000000000000000000006776264 -0.000000000000000000013552527 -0.000000000000000000027105054  0.000000000000000000000000000  0.000000000000000000005082198 -0.000000000000000000003388132  0.000000000000000000013552527 -0.000000000000000000010164395  0.000000000000000000000000000  0.000000000000000000011858461 -0.000000000000000000020328791  0.000000000000000000003388132 
  6 -0.000000000000000000025410988  0.000000000000000000010164395  0.000000000000000000006776264 -0.000000000000000000016940659  0.000000000000000000006776264 -0.000000000000000000006776264  0.999999999999999953379306583  0.000000000000000000013552527  0.000000000000000000000000000 -0.000000000000000000027105054 -0.000000000000000000006776264  0.000000000000000000000000000  0.000000000000000000000000000 -0.000000000000000000016940659 -0.000000000000000000013552527 -0.000000000000000000010164395 -0.000000000000000000006776264 -0.000000000000000000006776264 
  7 -0.000000000000000000002541099  0.000000000000000000013552527  0.000000000000000000003388132  0.000000000000000000010164395  0.000000000000000000010164395 -0.000000000000000000013552527  0.000000000000000000013552527  1.000000000000000010083080204 -0.000000000000000000003388132  0.000000000000000000006776264  0.000000000000000000016940659  0.000000000000000000000000000 -0.000000000000000000020328791 -0.000000000000000000003388132 -0.000000000000000000013552527 -0.000000000000000000023716923  0.000000000000000000016940659  0.000000000000000000006776264 
  8  0.000000000000000000020328791  0.000000000000000000003388132  0.000000000000000000020328791  0.000000000000000000020328791 -0.000000000000000000006776264 -0.000000000000000000027105054  0.000000000000000000000000000 -0.000000000000000000003388132  0.999999999999999956252442340 -0.000000000000000000006776264  0.000000000000000000003388132  0.000000000000000000020328791  0.000000000000000000013552527  0.000000000000000000000000000  0.000000000000000000013552527 -0.000000000000000000006776264  0.000000000000000000020328791  0.000000000000000000013552527 
  9 -0.000000000000000000009317362 -0.000000000000000000014399560  0.000000000000000000000000000  0.000000000000000000003388132 -0.000000000000000000016940659  0.000000000000000000000000000 -0.000000000000000000027105054  0.000000000000000000006776264 -0.000000000000000000006776264  0.999999999999999913426456527  0.000000000000000000016940659 -0.000000000000000000006776264  0.000000000000000000000000000 -0.000000000000000000005082198  0.000000000000000000000000000  0.000000000000000000006776264  0.000000000000000000000000000  0.000000000000000000000000000 
 10  0.000000000000000000010587912  0.000000000000000000000423516 -0.000000000000000000027105054 -0.000000000000000000016940659 -0.000000000000000000008470329  0.000000000000000000005082198 -0.000000000000000000006776264  0.000000000000000000016940659  0.000000000000000000003388132  0.000000000000000000016940659  0.999999999999999992356374684  0.000000000000000000008470329  0.000000000000000000000000000 -0.000000000000000000009317362 -0.000000000000000000006776264 -0.000000000000000000003388132  0.000000000000000000003388132 -0.000000000000000000001694066 
 11 -0.000000000000000000003388132 -0.000000000000000000006776264  0.000000000000000000013552527 -0.000000000000000000025410988  0.000000000000000000010164395 -0.000000000000000000003388132  0.000000000000000000000000000  0.000000000000000000000000000  0.000000000000000000020328791 -0.000000000000000000006776264  0.000000000000000000008470329  1.000000000000000004336808690 -0.000000000000000000006776264 -0.000000000000000000003388132  0.000000000000000000006776264  0.000000000000000000013552527  0.000000000000000000003388132  0.000000000000000000000000000 
 12  0.000000000000000000000000000  0.000000000000000000008470329  0.000000000000000000013552527  0.000000000000000000030493186 -0.000000000000000000020328791  0.000000000000000000013552527  0.000000000000000000000000000 -0.000000000000000000020328791  0.000000000000000000013552527  0.000000000000000000000000000  0.000000000000000000000000000 -0.000000000000000000006776264  0.999999999999999971268642429 -0.000000000000000000003388132  0.000000000000000000000000000  0.000000000000000000000000000  0.000000000000000000006776264  0.000000000000000000013552527 
 13  0.000000000000000000007199780  0.000000000000000000013552527  0.000000000000000000003388132  0.000000000000000000011858461  0.000000000000000000016940659 -0.000000000000000000010164395 -0.000000000000000000016940659 -0.000000000000000000003388132  0.000000000000000000000000000 -0.000000000000000000005082198 -0.000000000000000000009317362 -0.000000000000000000003388132 -0.000000000000000000003388132  0.999999999999999929255808245  0.000000000000000000010164395 -0.000000000000000000005082198 -0.000000000000000000011858461 -0.000000000000000000006776264 
 14 -0.000000000000000000006776264 -0.000000000000000000008470329  0.000000000000000000020328791 -0.000000000000000000003388132  0.000000000000000000006776264  0.000000000000000000000000000 -0.000000000000000000013552527 -0.000000000000000000013552527  0.000000000000000000013552527  0.000000000000000000000000000 -0.000000000000000000006776264  0.000000000000000000006776264  0.000000000000000000000000000  0.000000000000000000010164395  0.999999999999999938742577255  0.000000000000000000000000000  0.000000000000000000000000000  0.000000000000000000000000000 
 15 -0.000000000000000000017787692  0.000000000000000000007623297  0.000000000000000000010164395 -0.000000000000000000011858461  0.000000000000000000010164395  0.000000000000000000011858461 -0.000000000000000000010164395 -0.000000000000000000023716923 -0.000000000000000000006776264  0.000000000000000000006776264 -0.000000000000000000003388132  0.000000000000000000013552527  0.000000000000000000000000000 -0.000000000000000000005082198  0.000000000000000000000000000  0.999999999999999898518676655  0.000000000000000000013552527  0.000000000000000000013552527 
 16 -0.000000000000000000003388132 -0.000000000000000000011858461 -0.000000000000000000006776264  0.000000000000000000020328791  0.000000000000000000006776264 -0.000000000000000000020328791 -0.000000000000000000006776264  0.000000000000000000016940659  0.000000000000000000020328791  0.000000000000000000000000000  0.000000000000000000003388132  0.000000000000000000003388132  0.000000000000000000006776264 -0.000000000000000000011858461  0.000000000000000000000000000  0.000000000000000000013552527  0.999999999999999973653887209  0.000000000000000000006776264 
 17 -0.000000000000000000007623297 -0.000000000000000000008470329  0.000000000000000000006776264  0.000000000000000000000000000 -0.000000000000000000023716923  0.000000000000000000003388132 -0.000000000000000000006776264  0.000000000000000000006776264  0.000000000000000000013552527  0.000000000000000000000000000 -0.000000000000000000001694066  0.000000000000000000000000000  0.000000000000000000013552527 -0.000000000000000000006776264  0.000000000000000000000000000  0.000000000000000000013552527  0.000000000000000000006776264  0.999999999999999999295268588 

