
  0 -0.279419401538166712500085159 -0.153823246612040308528655125 -0.279419401538164510241527352 -0.279419401538128967546438172 -0.279419401538108691014248783  0.279419401538162730442346054  0.153823246612055628440877617  0.279419401538161238444631443 -0.279419401538170489128617632  0.279419401538145676348748672  0.279419401538171386875121505  2.794194015381713868751215046e-01
  1 -0.279419401538173261298047406  0.279419401538114971580593557 -0.279419401538166022486717535 -0.279419401538110795721716120  0.279419401537595215196394319  0.279419401538172723642190071  0.153823246612119659632251026 -0.153823246612961220692455955 -0.279419401538173790063446927 -0.279419401538160084202998615  0.279419401538171319139590779  2.794194015381737900634469274e-01
  2 -0.279419401538167708014519935 -0.153823246611986860451527781  0.279419401538137860877388310  0.279419401538099477789447653 -0.279419401538166991546619303 -0.153823246612222331328265895 -0.279419401538164823332009712  0.279419401538100435573646826 -0.279419401538170660405455831  0.279419401538135221278779177  0.279419401538174884484224889  2.794194015381748844842248886e-01
  3 -0.279419401538174256812482182  0.279419401538168419657720901  0.279419401538136348632198128  0.279419401538117649614169705  0.279419401537536914664023799 -0.153823246612212338128421879 -0.279419401538100792140636303 -0.153823246613022023563440571 -0.279419401538173961340285126 -0.279419401538170539272968110  0.279419401538174816748694163  2.794194015381748167486941625e-01

  0  0.000000000000006548778938227  0.000000000000000995514766910 -0.558838803076340969312567342 -0.066706836049508916590845137  0.103522031916020090040980554  0.314725841781581497407426981  0.179558989270540458305070418  0.224145932030827256395888111  0.110268026983539461663929269 -0.052792197411548479763361260 -0.689964738422994428013439866 
  1 -0.433242648150155280109248682 -0.000000000000053448088877637  0.125596154926128111115513249 -0.430013395945095490565356078  0.435852347979097629407114339 -0.075828151090512836587746726  0.310200609687715279016648195 -0.144015591927062574923433004  0.081085890620301785588477581 -0.537507535907619173119569023  0.058681628119716407463227464 
  2  0.000000000000001512222560084 -0.558838803076302371118915663 -0.000000000000028161583066508 -0.407978751059096308843356093 -0.217542589473777993707413227 -0.464202157897992547934710658 -0.085021556626576272307769296  0.467448808572012314651493783  0.161977938739099520197551284  0.059715470689529985908291154 -0.053891236986698980253849851 
  3 -0.000000000000018171838470181 -0.558838803076228445335885825 -0.000000000000011317951322024  0.375707117290965866607298576  0.497320143469122755635692182  0.017924172722084162256422500 -0.452967876341430655210557044 -0.225594076225226557229439767  0.146408422420336319113610968 -0.091196826795570115258362815 -0.114323582549485554978843833 
  4 -0.558838803075703906210643102  0.000000000000058300518529347 -0.000000000000571776330480845  0.023783551980985141139040943 -0.602381126188236649878372103  0.055427702035053267582261289 -0.348955394817847014085100688 -0.312672954442689556790041516  0.123320916031847373480552672 -0.188509472958709322338677165 -0.225654979455103936510237082 
  5 -0.000000000000009993206733036  0.433242648150385061770611950  0.125596154925950392313924175 -0.403486756949414955114282047  0.269094547484225478199693082  0.100844437492029446876628737 -0.690208095218845975782253482  0.247434074049011334565451384 -0.005110990557807236841674137  0.081702921336091871970703799 -0.082650162211729956741076801 
  6 -0.000000000000064031185751961  0.433242648150220451772887328 -0.125596154926045163699758686  0.361859642755415893372421265  0.091789945466577261388324040 -0.676497495056546845884279384 -0.003743370711421313064817460  0.064533849053930711345597980  0.402897925180226824227016150 -0.122310657995124233466158973 -0.134329788424718160047208193 
  7  0.433242648151122459137087398  0.000000000000060802874955347  0.125596154925139214881190872 -0.400166897613693767546665797 -0.027124886748411655290754655 -0.188530706164639364391709744  0.047944856027037461859306635 -0.651385260935528096403954179  0.135534169291915627147851291  0.189851188645266462373673022 -0.345106981728902876448627710 
  8  0.000000000000003300941979342  0.000000000000000171270490800 -0.558838803076344450468902758 -0.200692623298551517046855140 -0.002638817513582000495508395  0.157846719980758613507184490 -0.074941873881258728665047744 -0.170804542713627532864477040  0.523082813920362473068120801  0.146063535451938938730317985  0.541071575563880554911137810 
  9  0.558838803076305760551747287  0.000000000000010455060032146 -0.000000000000024862913728072  0.000644901079287354006622049 -0.243455650536181570259578952  0.142800935863702267939064593 -0.145640276785142723002335584  0.080667983557816933048534389  0.081109608747470646173370612 -0.752398054506370162538425594  0.087384211204424943024036878 
 10  0.000000000000000067726617209 -0.000000000000003497621632841  0.558838803076346203623815667  0.091186982130741883211303388 -0.030824486284371653567517040  0.357282246479196646202778145  0.178405184981571883826153777  0.190997764153283590269532047  0.676364504692611119725503127  0.125554313445587581877377348 -0.096135264546530436599797772 

  0  0.999999999999999927250034226  0.000000000000000000003388132  0.000000000000000000000000000  0.000000000000000000013552527  0.000000000000000000013552527  0.000000000000000000006776264  0.000000000000000000020328791  0.000000000000000000000000000  0.000000000000000000027105054  0.000000000000000000000000000 -0.000000000000000000013552527 
  1  0.000000000000000000003388132  0.999999999999999980918041764  0.000000000000000000011434945  0.000000000000000000003811648  0.000000000000000000015246593 -0.000000000000000000004235165  0.000000000000000000011858461 -0.000000000000000000011858461 -0.000000000000000000003388132  0.000000000000000000010587912  0.000000000000000000003388132 
  2  0.000000000000000000000000000  0.000000000000000000011434945  0.999999999999999920527980757  0.000000000000000000003388132 -0.000000000000000000017787692  0.000000000000000000005505714 -0.000000000000000000006352747 -0.000000000000000000005082198 -0.000000000000000000006776264  0.000000000000000000000000000 -0.000000000000000000004235165 
  3  0.000000000000000000013552527  0.000000000000000000003811648  0.000000000000000000003388132  1.000000000000000000975781955 -0.000000000000000000027105054 -0.000000000000000000015246593  0.000000000000000000008470329  0.000000000000000000003388132  0.000000000000000000000000000 -0.000000000000000000003388132  0.000000000000000000004235165 
  4  0.000000000000000000013552527  0.000000000000000000015246593 -0.000000000000000000017787692 -0.000000000000000000027105054  0.999999999999999927575294878  0.000000000000000000003388132  0.000000000000000000000000000  0.000000000000000000006776264  0.000000000000000000020328791  0.000000000000000000000000000 -0.000000000000000000003388132 
  5  0.000000000000000000006776264 -0.000000000000000000004235165  0.000000000000000000005505714 -0.000000000000000000015246593  0.000000000000000000003388132  0.999999999999999917546424782 -0.000000000000000000001694066  0.000000000000000000005082198  0.000000000000000000000000000  0.000000000000000000001270549  0.000000000000000000000847033 
  6  0.000000000000000000020328791  0.000000000000000000011858461 -0.000000000000000000006352747  0.000000000000000000008470329  0.000000000000000000000000000 -0.000000000000000000001694066  1.000000000000000006613633252 -0.000000000000000000003388132 -0.000000000000000000020328791  0.000000000000000000000000000  0.000000000000000000020328791 
  7  0.000000000000000000000000000 -0.000000000000000000011858461 -0.000000000000000000005082198  0.000000000000000000003388132  0.000000000000000000006776264  0.000000000000000000005082198 -0.000000000000000000003388132  0.999999999999999958420846685  0.000000000000000000013552527 -0.000000000000000000008470329  0.000000000000000000000000000 
  8  0.000000000000000000027105054 -0.000000000000000000003388132 -0.000000000000000000006776264  0.000000000000000000000000000  0.000000000000000000020328791  0.000000000000000000000000000 -0.000000000000000000020328791  0.000000000000000000013552527  0.999999999999999985038010020 -0.000000000000000000006776264 -0.000000000000000000010164395 
  9  0.000000000000000000000000000  0.000000000000000000010587912  0.000000000000000000000000000 -0.000000000000000000003388132  0.000000000000000000000000000  0.000000000000000000001270549  0.000000000000000000000000000 -0.000000000000000000008470329 -0.000000000000000000006776264  0.999999999999999973003365905  0.000000000000000000002541099 
 10 -0.000000000000000000013552527  0.000000000000000000003388132 -0.000000000000000000004235165  0.000000000000000000004235165 -0.000000000000000000003388132  0.000000000000000000000847033  0.000000000000000000020328791  0.000000000000000000000000000 -0.000000000000000000010164395  0.000000000000000000002541099  0.999999999999999971160222212 

