
  0 -0.340245503238053765041829651 -0.352890707690285919628748676  0.352890707681869228565024396 -0.352886979186937772351917095  0.352890707582588372757514267 -0.306903755025948572998607464 -0.352890707673978712497885740  0.352890707690281135613767638 -0.207013537770561433225833051  3.528907076902859196287486759e-01
  1 -0.340245503193954895899964175 -0.352890707690285112629966641  0.352890707661724496599581560 -0.352886979177557425375313591 -0.178461937827993616823441664  0.352890707430825027946441272 -0.352890707655376715385069780  0.352890707690282276655239016  0.324339107396989656886560766  3.528907076902851126299666407e-01
  2 -0.340245503248027474833912326 -0.352890707690283848423128468 -0.352890707647581703163648312 -0.352886979128693338173894736  0.324339107544952689446329103 -0.352890707448144447499474227  0.352890707667246157771493570  0.352890707690281025919612837 -0.178461937522867581843539694  3.528907076902838484231284683e-01
  3 -0.340245503203928605746256958 -0.352890707690283041424346433 -0.352890707667726435129091148 -0.352886979119312991197291232 -0.207013537865629300134626828  0.306903755008629153445574508  0.352890707685848154884309530  0.352890707690282166933979160  0.352890707644683508268854122  3.528907076902830414243464330e-01
  4  0.352890707610549284826279015 -0.352890707690285635649094648  0.352890707687584530928342694  0.352890707622198513364461178  0.249353154012565702581354782 -0.306903755065008668597098876 -0.352890707685657386313664297  0.352890707690283904747431329 -0.310551091409423805759539017  3.528907076902856356490946477e-01
  5  0.352890707654648153968144492 -0.352890707690284828650312612  0.352890707667439798962899858  0.352890707631578860341064682 -0.281999491398016286999601149  0.352890707391764932347949860 -0.352890707667055389200848337  0.352890707690285045761797653  0.220801553758127284325749745  3.528907076902850457617976526e-01
  6  0.352890707600575575034196341 -0.352890707690283564443474440 -0.352890707641866400800330014  0.352890707680442947542483537  0.220801553974930019270169618 -0.352890707487204543097965639  0.352890707655567483955715014  0.352890707690283795026171473 -0.281999491161729954377245660  3.528907076902837950261714733e-01
  7  0.352890707644674444121851709 -0.352890707690282757444692405 -0.352890707662011132765772850  0.352890707689823294519087041 -0.310551091435651970310786313  0.306903754969569057847083096  0.352890707674169481068530974  0.352890707690284936067642851  0.249353154005821135708043101  3.528907076902849360676428514e-01

  0 -0.000000000044098869134882865  0.000000000009973709822757457 -0.693136210848603049868108666  0.012645204406620679107127111  0.357406370525621133266364407  0.261265824164841016535214616 -0.514540369170113325969061896  0.232995685193445871365072047 -0.066063353098708226088285958 
  1 -0.000000000000000806987501646 -0.000000000000002071202320844 -0.000000000000000283989226813 -0.705781415380568677073441081  0.092984906369614087779664705  0.502779636240778649231356057  0.093522207237695324741095105 -0.376576756159002179084405518  0.299804239040375257268049997 
  2  0.000000000020144731966980700  0.705781415329450931728672708 -0.000000000005715302364413414  0.000000000019858095792883932  0.540991701874571349602325437 -0.336044530175105314698550882  0.140608320180112985754825213 -0.066395440424701894217666964  0.268506223027961531639581580 
  3 -0.000000000009380346986758164 -0.000000000058244434175010257 -0.705777686809136285716378273  0.000003728502885522149230880 -0.275958872612412088701520571 -0.241814503317331195086990585  0.494066358855463398050845286 -0.339378782163919606311734342 -0.089279217428028631374059120 
  4  0.531352645410581989580955931  0.028551600037635683321349559  0.103537553570022670162606958  0.042339616146936402436563559  0.110793709393377916001908329 -0.115140630915492288859254284 -0.348288488227365430872049801 -0.621575311433260114992588319 -0.413694518348880232929288409 
  5 -0.659794462456773600945048736  0.045986952422195874517807422  0.000000000039060095605134044 -0.000000000056379515151624852 -0.233523872788892701760749514 -0.266543810525849115140297960 -0.499173053370518439772864430 -0.394231993805446636513134182  0.179957948630420276619904310 
  6 -0.000000000018601997107962125 -0.705781415341224870269379310  0.000000000011678673836916704  0.000000000000190768563406659  0.514045348125567056569648616 -0.366801059272884313661091532  0.083008668820263068845231955 -0.111885927447632117255746018  0.289271597094431563907714067 
  7 -0.000000000000001141025842557  0.000000000000000109694351430 -0.000000000000002769118111545  0.705781415380566071681410489  0.055894518311237812370782579  0.492059365910611811671237364  0.107342066781629095593585035 -0.335539868276214327881849450  0.364028370380709633512272827 
  8 -0.531352645167551090085288762 -0.028551600247693851373823027  0.103537553638862372540482230  0.042339616235259702495762578  0.400766403674547061388843544  0.215833782685938803489345689  0.271547734197673571441590534 -0.132047144698159237946035946 -0.637153005208870543130388747 

  0  0.999999999999999971648113190 -0.000000000000000000006776264  0.000000000000000000006776264 -0.000000000000000000019058241 -0.000000000000000000015246593  0.000000000000000000002541099 -0.000000000000000000011858461  0.000000000000000000008470329 -0.000000000000000000013552527 
  1 -0.000000000000000000006776264  0.999999999999999906758613166  0.000000000000000000013552527  0.000000000000000000008470329  0.000000000000000000013552527  0.000000000000000000010164395  0.000000000000000000006776264  0.000000000000000000006776264 -0.000000000000000000013552527 
  2  0.000000000000000000006776264  0.000000000000000000013552527  0.999999999999999993603207182 -0.000000000000000000003388132 -0.000000000000000000006776264  0.000000000000000000016940659  0.000000000000000000027105054  0.000000000000000000000000000 -0.000000000000000000013552527 
  3 -0.000000000000000000019058241  0.000000000000000000008470329 -0.000000000000000000003388132  1.000000000000000007264154556  0.000000000000000000003388132  0.000000000000000000008470329 -0.000000000000000000001694066  0.000000000000000000006776264  0.000000000000000000000000000 
  4 -0.000000000000000000015246593  0.000000000000000000013552527 -0.000000000000000000006776264  0.000000000000000000003388132  0.999999999999999898518676655  0.000000000000000000013552527  0.000000000000000000000000000  0.000000000000000000000000000  0.000000000000000000000000000 
  5  0.000000000000000000002541099  0.000000000000000000010164395  0.000000000000000000016940659  0.000000000000000000008470329  0.000000000000000000013552527  0.999999999999999979562789049  0.000000000000000000010164395  0.000000000000000000006776264  0.000000000000000000006776264 
  6 -0.000000000000000000011858461  0.000000000000000000006776264  0.000000000000000000027105054 -0.000000000000000000001694066  0.000000000000000000000000000  0.000000000000000000010164395  1.000000000000000046512273200 -0.000000000000000000006776264  0.000000000000000000013552527 
  7  0.000000000000000000008470329  0.000000000000000000006776264  0.000000000000000000000000000  0.000000000000000000006776264  0.000000000000000000000000000  0.000000000000000000006776264 -0.000000000000000000006776264  0.999999999999999908493336642  0.000000000000000000000000000 
  8 -0.000000000000000000013552527 -0.000000000000000000013552527 -0.000000000000000000013552527  0.000000000000000000000000000  0.000000000000000000000000000  0.000000000000000000006776264  0.000000000000000000013552527  0.000000000000000000000000000  0.999999999999999995121090224 

