
  0 -0.202030508910354063661072611  0.202030508910448333982873108 -0.202030508910450866502965181 -0.202030508910449475092107122 -0.202030508910448727954837535 -0.202030508910449815829744880 -0.202030508910447418712951623 -0.202030508910416550636844277 -0.202030508910431770192603178 -0.202030508910415760795561621  0.101015254455415580777570897 -0.202030508910446766809290361  0.202030508910448932530234956  2.020305089104508665029651809e-01
  1  0.202030508910447488440703841  0.202030508910438922240654196  0.202030508910364813864425984  0.101015254455325116920191408 -0.202030508910448972930318408 -0.202030508910450723713539065 -0.202030508910451320864990615  0.202030508910437143457912434  0.202030508910444180702505913  0.202030508910431897708331189 -0.202030508910438795619392977 -0.202030508910448577562443684  0.202030508910450878510504241  2.020305089104513208649906153e-01

  0 -0.404061017820801552101776452  0.000000000000093424779925637 -0.041744088896232649131209664 -0.031811146494118229087754183  0.102795871529935243466409751  0.135863075919436614033769875  0.387779959623054606927599827  0.385480372689685002202814035 -0.099304772078683417362227667 -0.002244455516562717597796902  0.035331474567836779998824918 -0.654266578507700527738821100  0.258469437800621444726320922 
  1  0.000000000000009411744327533  0.404061017820887256223527303  0.548085210970316408251624962 -0.461668637910602194373167056 -0.136345779683192926001896426  0.138866994195018446717399853 -0.086895870292857458472421048 -0.166970732221737021663040407  0.018287853675218375321039630  0.297601296820974138334974998  0.300507931380874369908535321 -0.207985134604320463140927910 -0.165623736992579281487869558 
  2 -0.404061017820815680367391165 -0.000000000000086052650336302 -0.017285651283344052555856194 -0.057551919390637789818810982  0.180675757210980456217495720  0.589686054610741663376156929  0.199086141724512251933282801  0.085153108665130471457982431 -0.087828550892919341360452496 -0.127473990668053667650269113  0.262411132966550234311758558  0.532268113202835481336146206 -0.172428364944560559579318088 
  3 -0.303045763365774592019074793 -0.101015254455124358178691978  0.462244438177967371039148864  0.597952203798183282439267228  0.438161423426229067759835392 -0.149363048409188975586140216 -0.187161113341851161626181593 -0.176369964275669418392235993 -0.037166926944546089904016601  0.178501503145645706112278756  0.087555521912838291444540397 -0.057000692364879060488707914 -0.046398380722220759555542678 
  4  0.000000000000000244978788111 -0.404061017820897700885155943 -0.202761828017814169127430377  0.288090437451610351620020709 -0.511678523625932238827387216  0.313072623848146867485582601 -0.140146389674900665218309527 -0.240643226235369330612669583 -0.011752078543430388534535237  0.143557251766248594282253392  0.408935486613898815764925679 -0.267471459294379369325779169 -0.125421979638024469756838082 
  5  0.000000000000000907875722174 -0.404061017820900539543283944 -0.262449609478707867552677024 -0.461932766363905516555010342  0.541055282621990749395389508 -0.076403292441416121018814799 -0.319288653500847073140721938 -0.042150726557184321593221019  0.206004236579430718192531766  0.091670962808946769665449997  0.295229156299714244051854428 -0.118876002622543110482798874  0.006303659946282999654101773 
  6  0.000000000000003902141097839 -0.404061017820898739577942238  0.166940199684528385853238275 -0.267435641197727695558524277 -0.018547124965856631517913860 -0.076169145051640184435504544  0.152281569358350695383703781 -0.275431589090905696350910711 -0.754312388017182372827382220  0.089723237961494462942759615 -0.156437392460212527724758118  0.079029176654805423294085798  0.156173504850350759105858701 
  7 -0.404061017820853694094756711  0.000000000000020592825985881  0.129587186529416888665432010 -0.102417406993422326866543907 -0.326391685646170998623405435 -0.138128058311717421391797214 -0.556306682878463946864775608  0.208654063235218932854790098 -0.038004279568189700627635266 -0.254316886729166273723758140  0.105402363752603776411926381  0.160412788724532294487449061  0.477351723602060966161145933 
  8 -0.404061017820875950895109091  0.000000000000012410511780963 -0.101131197924249805480012999 -0.102542440048541234108114926 -0.152930897261790792312770131 -0.422534201882437207255715714  0.448697462235385177264489903 -0.494203231209929837717577394  0.337868742319706966825828762 -0.007620715707094290957316582  0.151211124887824975666027714  0.128941728641855605532167556  0.121650438555478152245238870 
  9 -0.404061017820847658503892810  0.000000000000016136903740663 -0.080408006040459152793909662 -0.144744595754246896423308305 -0.036185330808654671876914075  0.143778591555096813982121164 -0.263124287644066221522696353 -0.287062958591235269930437221  0.040131302823591550891428430 -0.254336512589605497069999984 -0.559761363619291897782137557 -0.248741403386457132667947297 -0.440674937886548497256418780 
 10  0.303045763365854376396963873 -0.101015254455023214848598343  0.314268761358106486428079865  0.012528858890512241601327174  0.128779710125352132423577796  0.262190900778585766914491675  0.101015677405170446842997550 -0.312341491223802794185288034  0.166649663193384935225326363 -0.682821911801093326852777482  0.080348498653495486777073933 -0.165514494131301139940074495  0.279426015446962812464838308 
 11  0.000000000000001810742642090 -0.404061017820895344371734045  0.349337903685158740094921642 -0.089017057794302399196108115 -0.174172932124643136951353158 -0.336602339796922392004376381  0.160633924347437012720616299  0.414952833793494994308638513  0.079187330039192153721976011 -0.286575301246318124185697221  0.136008696938459830731629058  0.020171549375707369136071119 -0.507785324139650511194882948 
 12 -0.000000000000001945987438372  0.404061017820899811040739197 -0.302890245213385824374265759  0.083993875678289957418132944  0.114737764976512491528818066 -0.286762184544479891183058756 -0.081160038161303492170101700 -0.098479839742958352390319026 -0.466790069555076109436651116 -0.385305247694159552177429334  0.425204021152574194178852193 -0.134790397905780712789892799 -0.246849493307510607531421280 

  0  0.999999999999999953867197561  0.000000000000000000013552527 -0.000000000000000000016940659  0.000000000000000000018634725  0.000000000000000000010164395  0.000000000000000000000317637 -0.000000000000000000010164395  0.000000000000000000006776264 -0.000000000000000000013552527  0.000000000000000000020328791  0.000000000000000000000000000  0.000000000000000000000000000  0.000000000000000000000000000 
  1  0.000000000000000000013552527  0.999999999999999946060941919  0.000000000000000000023716923  0.000000000000000000002541099 -0.000000000000000000023716923 -0.000000000000000000001905824 -0.000000000000000000003388132 -0.000000000000000000020328791 -0.000000000000000000006776264 -0.000000000000000000013552527  0.000000000000000000027105054  0.000000000000000000000000000  0.000000000000000000003388132 
  2 -0.000000000000000000016940659  0.000000000000000000023716923  0.999999999999999934134718022  0.000000000000000000008470329  0.000000000000000000006776264  0.000000000000000000006564505  0.000000000000000000003388132  0.000000000000000000006776264  0.000000000000000000001694066 -0.000000000000000000020328791  0.000000000000000000006776264 -0.000000000000000000006776264  0.000000000000000000006776264 
  3  0.000000000000000000018634725  0.000000000000000000002541099  0.000000000000000000008470329  0.999999999999999901337602304 -0.000000000000000000013129011  0.000000000000000000011355535 -0.000000000000000000002541099  0.000000000000000000006776264 -0.000000000000000000008893846  0.000000000000000000000000000 -0.000000000000000000008470329 -0.000000000000000000003388132 -0.000000000000000000004235165 
  4  0.000000000000000000010164395 -0.000000000000000000023716923  0.000000000000000000006776264 -0.000000000000000000013129011  1.000000000000000005746271514  0.000000000000000000018634725  0.000000000000000000020328791  0.000000000000000000023716923 -0.000000000000000000016093626  0.000000000000000000006776264  0.000000000000000000010164395  0.000000000000000000006776264 -0.000000000000000000005082198 
  5  0.000000000000000000000317637 -0.000000000000000000001905824  0.000000000000000000006564505  0.000000000000000000011355535  0.000000000000000000018634725  0.999999999999999950885641586 -0.000000000000000000004446923 -0.000000000000000000015246593  0.000000000000000000003494011 -0.000000000000000000001482308 -0.000000000000000000005188077 -0.000000000000000000006776264 -0.000000000000000000002752857 
  6 -0.000000000000000000010164395 -0.000000000000000000003388132  0.000000000000000000003388132 -0.000000000000000000002541099  0.000000000000000000020328791 -0.000000000000000000004446923  0.999999999999999999620529240  0.000000000000000000000000000  0.000000000000000000013552527 -0.000000000000000000006776264  0.000000000000000000000000000 -0.000000000000000000006776264  0.000000000000000000000000000 
  7  0.000000000000000000006776264 -0.000000000000000000020328791  0.000000000000000000006776264  0.000000000000000000006776264  0.000000000000000000023716923 -0.000000000000000000015246593  0.000000000000000000000000000  0.999999999999999909794379249  0.000000000000000000003388132  0.000000000000000000013552527  0.000000000000000000000000000  0.000000000000000000013552527  0.000000000000000000006776264 
  8 -0.000000000000000000013552527 -0.000000000000000000006776264  0.000000000000000000001694066 -0.000000000000000000008893846 -0.000000000000000000016093626  0.000000000000000000003494011  0.000000000000000000013552527  0.000000000000000000003388132  0.999999999999999975930711771 -0.000000000000000000020328791  0.000000000000000000023716923 -0.000000000000000000003388132  0.000000000000000000001694066 
  9  0.000000000000000000020328791 -0.000000000000000000013552527 -0.000000000000000000020328791  0.000000000000000000000000000  0.000000000000000000006776264 -0.000000000000000000001482308 -0.000000000000000000006776264  0.000000000000000000013552527 -0.000000000000000000020328791  0.999999999999999968232876346  0.000000000000000000020328791  0.000000000000000000013552527  0.000000000000000000006776264 
 10  0.000000000000000000000000000  0.000000000000000000027105054  0.000000000000000000006776264 -0.000000000000000000008470329  0.000000000000000000010164395 -0.000000000000000000005188077  0.000000000000000000000000000  0.000000000000000000000000000  0.000000000000000000023716923  0.000000000000000000020328791  0.999999999999999914022767722  0.000000000000000000000000000  0.000000000000000000006776264 
 11  0.000000000000000000000000000  0.000000000000000000000000000 -0.000000000000000000006776264 -0.000000000000000000003388132  0.000000000000000000006776264 -0.000000000000000000006776264 -0.000000000000000000006776264  0.000000000000000000013552527 -0.000000000000000000003388132  0.000000000000000000013552527  0.000000000000000000000000000  0.999999999999999946331992462  0.000000000000000000013552527 
 12  0.000000000000000000000000000  0.000000000000000000003388132  0.000000000000000000006776264 -0.000000000000000000004235165 -0.000000000000000000005082198 -0.000000000000000000002752857  0.000000000000000000000000000  0.000000000000000000006776264  0.000000000000000000001694066  0.000000000000000000006776264  0.000000000000000000006776264  0.000000000000000000013552527  0.999999999999999912667515006 

