
  0  0.204124145231932330589344309 -0.204124145231931757805336584  0.204124145231930867770220664  0.204124145231932182080751732  0.204124145231931267759507148  0.204124145231930608686559021  2.041241452319323305893443085e-01

  0  0.408248290463864661178688617  0.142849013623425709939890500 -0.723670907100560082585508082 -0.251260907759713016015315143  0.447625648440566853214018020  0.160396838953658433019511427 
  1 -0.408248290463863515610673169  0.399938888891531827243005365 -0.463022975677340305065065804  0.526458801384374931676881498 -0.056917495586149117429709517 -0.422603208248078664562756915 
  2  0.408248290463861735540441328  0.144293789911627574635427651  0.252126303623034922740111727 -0.213747234548833624432338275  0.163943479958075858572848736 -0.822423016245058927141745042 
  3  0.408248290463864364161503465  0.637773423170269274107020002  0.352065251400237265948624590  0.422358229232570136141072456  0.110449920523616990757629405  0.334727940338644191207474743 
  4  0.408248290463862535519014296  0.094069043631063921775752826 -0.259468497401306254701233711 -0.085372911406231925311271884 -0.865884034905155949889479783 -0.010805152214075097695853258 
  5  0.408248290463861217373118043 -0.619046381444859077634087358 -0.084075126198744861800917372  0.654481625866585761013612815  0.086947490396744769671519108 -0.084499819081252470443442991 

  0  0.999999999999999937387324539 -0.000000000000000000020328791 -0.000000000000000000013552527 -0.000000000000000000013552527 -0.000000000000000000011964340 -0.000000000000000000011011428 
  1 -0.000000000000000000020328791  0.999999999999999965847631567  0.000000000000000000000000000  0.000000000000000000000000000 -0.000000000000000000001694066 -0.000000000000000000003388132 
  2 -0.000000000000000000013552527  0.000000000000000000000000000  0.999999999999999904590208821  0.000000000000000000000000000 -0.000000000000000000005929231 -0.000000000000000000006776264 
  3 -0.000000000000000000013552527  0.000000000000000000000000000  0.000000000000000000000000000  0.999999999999999917438004565 -0.000000000000000000003388132  0.000000000000000000001694066 
  4 -0.000000000000000000011964340 -0.000000000000000000001694066 -0.000000000000000000005929231 -0.000000000000000000003388132  0.999999999999999937062063887 -0.000000000000000000000158819 
  5 -0.000000000000000000011011428 -0.000000000000000000003388132 -0.000000000000000000006776264  0.000000000000000000001694066 -0.000000000000000000000158819  1.000000000000000000650521303 

