
  0 -0.158113883008419482318110925 -0.158113883008420288381768587 -0.158113883008419759169135670 -0.158113883008419999699387636 -0.158113883008417873497612229 -0.158113883008416812334735908 -0.158113883008417666753810463  0.158113883008419264393474256  0.158113883008420334379045755  0.158113883008418149725220724  1.581138830084203343790457547e-01

  0 -0.316227766016838964636221851 -0.337274080353680758101887066  0.035184416764164963309672804 -0.044984265482046496260030858 -0.051648299757488678474057426  0.148059788897938876745582343  0.352174834428702428912186587  0.360593090650198223699870667  0.010800870879405102426774519 -0.710087508410015072848366080 
  1 -0.316227766016840576763537174 -0.144140951734044892579961715 -0.182268912430663811507862947 -0.070052565641063708711780596 -0.523576709812085955828876715  0.021382350079313794203732550 -0.520390862836796009758492249 -0.445155014723583269037115659 -0.199894958837158617426699343 -0.239951369787709047843508696 
  2 -0.316227766016839518338271339  0.278462684360300972356665195  0.581372466911805722193738039 -0.473209174693411622521091800  0.123267420523482666987365175 -0.199233348783904612959569022  0.113212417899285349864749260 -0.128211415304627208646857592 -0.419989796519255243622973164  0.001494366170121519740649514 
  3 -0.316227766016839999398775271  0.112243295384468528839484215  0.366945994144889384830886259  0.217433179152449985061402310  0.104412932291315995584116659 -0.103908118044992292624444704 -0.048958397326349938181462964 -0.335827036877649600748975064  0.744310356587063557439864353 -0.120835859375598242278725385 
  4 -0.316227766016835746995224457  0.280877276410213682245487626 -0.234045180386832077549879270 -0.216838932328129797795284936  0.482472788629046039899066906  0.481605102825824204869483922 -0.445180658671745578742248023  0.225207396284013301252435388  0.068949910881984248083335573 -0.030494906434443428213621418 
  5 -0.316227766016833624669471817 -0.314868809084831108676587677 -0.106455658850913145694618532  0.490621796280154220151444380  0.499977491892945829517593340  0.002860433615092724218293625  0.144489957616067571795044969 -0.350802294730297868993349961 -0.379013876876601177621584418  0.106010789988385175047595765 
  6 -0.316227766016835333507620925 -0.346709555630960473808239303 -0.163507473956654782249928691 -0.165871132745422903740999641  0.099383378037581421558268029 -0.663998212991376027529866893 -0.242448144809940555535342395  0.377706946815783111857586785  0.133114097875437548685185855  0.235819572941840009390294941 
  7  0.316227766016838528786948512  0.000838478260737304764842615 -0.386012820454898715634688838 -0.425389628659270707119284191  0.373152898595164564805566967 -0.287409842213253077314663586  0.108287455435832729894619214 -0.423818544239887754474828407  0.110486722454887493801280272 -0.380307655473248528435947433 
  8  0.316227766016840668758091509 -0.663662347197641697507143610  0.435531008383645499453841465 -0.244689195456356072005564203  0.177766584629209669219849187  0.279789428230465177796981377 -0.290872301870555566560014663 -0.074934784837920663791964188  0.064642520618584975524735774  0.075555086321116060947523322 
  9  0.316227766016836299450441447  0.191413728288382131324449342  0.247707464267055961552833551  0.407177728658155929175686133  0.183369518580407571785913928 -0.305611590419317826226646914 -0.464516007266053799356925885  0.202265001191642359990702747 -0.216852639082594226126068752 -0.453292345755297199571490913 

  0  0.999999999999999930068959875 -0.000000000000000000013552527 -0.000000000000000000006776264 -0.000000000000000000006776264 -0.000000000000000000020328791  0.000000000000000000000000000 -0.000000000000000000013552527  0.000000000000000000000000000 -0.000000000000000000010164395  0.000000000000000000000000000 
  1 -0.000000000000000000013552527  0.999999999999999964329748525 -0.000000000000000000011382005 -0.000000000000000000015246593 -0.000000000000000000026258021  0.000000000000000000008470329 -0.000000000000000000010164395  0.000000000000000000006776264 -0.000000000000000000015246593 -0.000000000000000000006776264 
  2 -0.000000000000000000006776264 -0.000000000000000000011382005  0.999999999999999959342418532  0.000000000000000000002435220  0.000000000000000000002607273 -0.000000000000000000007239485  0.000000000000000000008682088  0.000000000000000000002329341  0.000000000000000000002157287 -0.000000000000000000003970467 
  3 -0.000000000000000000006776264 -0.000000000000000000015246593  0.000000000000000000002435220  0.999999999999999992410584793 -0.000000000000000000000847033  0.000000000000000000000847033 -0.000000000000000000003388132 -0.000000000000000000003388132  0.000000000000000000002541099  0.000000000000000000000000000 
  4 -0.000000000000000000020328791 -0.000000000000000000026258021  0.000000000000000000002607273 -0.000000000000000000000847033  0.999999999999999939555728884 -0.000000000000000000013340769  0.000000000000000000006352747  0.000000000000000000000000000 -0.000000000000000000002964615  0.000000000000000000007623297 
  5  0.000000000000000000000000000  0.000000000000000000008470329 -0.000000000000000000007239485  0.000000000000000000000847033 -0.000000000000000000013340769  0.999999999999999991814273598  0.000000000000000000001694066  0.000000000000000000006776264 -0.000000000000000000003388132  0.000000000000000000006776264 
  6 -0.000000000000000000013552527 -0.000000000000000000010164395  0.000000000000000000008682088 -0.000000000000000000003388132  0.000000000000000000006352747  0.000000000000000000001694066  0.999999999999999951048271912 -0.000000000000000000006776264  0.000000000000000000005082198 -0.000000000000000000006776264 
  7  0.000000000000000000000000000  0.000000000000000000006776264  0.000000000000000000002329341 -0.000000000000000000003388132  0.000000000000000000000000000  0.000000000000000000006776264 -0.000000000000000000006776264  0.999999999999999998211066415  0.000000000000000000010164395  0.000000000000000000000000000 
  8 -0.000000000000000000010164395 -0.000000000000000000015246593  0.000000000000000000002157287  0.000000000000000000002541099 -0.000000000000000000002964615 -0.000000000000000000003388132  0.000000000000000000005082198  0.000000000000000000010164395  0.999999999999999895049229703  0.000000000000000000003388132 
  9  0.000000000000000000000000000 -0.000000000000000000006776264 -0.000000000000000000003970467  0.000000000000000000000000000  0.000000000000000000007623297  0.000000000000000000006776264 -0.000000000000000000006776264  0.000000000000000000000000000  0.000000000000000000003388132  0.999999999999999931207372156 

