
  0  0.166666666666666806628132116 -0.166666666666667569445675623  0.166666666666667692245124184 -0.166666666666666993327746218  0.166666666666665223516777435  0.166666666666666268294648423  0.166666666666665632260996462 -0.166666666666666407180946718 -0.166666666666667371985354959  1.666666666666676922451241841e-01

  0  0.333333333333333613256264233 -0.460820619514535045001778213 -0.218554907171379568864354008  0.119378459363969181548947342  0.175948738180029974983607441 -0.175527776599734966475933017  0.134514283096979180308133336  0.729705392759436824836119517 -0.046730826076950984651283858 
  1 -0.333333333333335138891351246 -0.202463232137128814667570258  0.218262724670815354068866519  0.222115921490665656180211324 -0.295686311682329278186258034  0.039525907709924955254896699 -0.241510120936493669711853625  0.226364462875724224116933021  0.743211092554955757326969751 
  2  0.333333333333335384490248368 -0.265959708937130130516381110  0.406529880363536014046578482  0.071840870499227161405765910 -0.018139901989552623683447322  0.223142833000400404644121381  0.691154359152603658966469019 -0.265326833534239282471646482  0.222513395272957801123412704 
  3 -0.333333333333333986655492437 -0.045064606982166451276889188 -0.134502692003454163037143299 -0.573316251365184272883405298  0.226411842923997843306108471  0.628910073924748789933950044  0.155444561305772784522605430  0.250469989516316514420544298  0.079919589980843583523599256 
  4  0.333333333333330447033554869 -0.203270941814209524174704782 -0.663844640416376668816140355  0.159056006670978973061621881 -0.275629231681886787091832758  0.406663905696571645960631092 -0.166704151032681644880261394 -0.301011899603525581541312722  0.147769584173471337900642938 
  5  0.333333333333332536589296846 -0.009584016009491781410064572  0.341156365802450076352625094  0.182656458758267202001162287  0.592537324765843833186251127  0.341494461619489186638039258 -0.515546914711447560534639950 -0.048078161478928968016198541  0.056805882047892280700647017 
  6  0.333333333333331264521992923  0.576427406873811064714607094  0.185204105773338212180155124  0.093087521473446385146478712 -0.448809637982690807622015994  0.339753359386389431630835778  0.018451986776110633580634817  0.432265590045041902367934858 -0.097969554101199395293344922 
  7 -0.333333333333332814361893437 -0.440930864640463779282469892  0.237635187113576237433773368  0.318677387660572571716774762 -0.266247006859770015470712662  0.322410028462177659838022725 -0.096334646510755383781081460  0.014362456295457647238513767 -0.593397642859887981087955305 
  8 -0.333333333333334743970709918  0.325250824358198976758325613 -0.270904415429362652992153343  0.658542258979830687920260096  0.361428766909848044671261375  0.144680773006257516516328415  0.344269769423046820126278755  0.056357179500283551507337689  0.052655441640254884875854344 

  0  1.000000000000000017889335846  0.000000000000000000000000000 -0.000000000000000000006776264 -0.000000000000000000008470329  0.000000000000000000018634725  0.000000000000000000010376154 -0.000000000000000000029222637 -0.000000000000000000010164395  0.000000000000000000009105604 
  1  0.000000000000000000000000000  0.999999999999999946223572245  0.000000000000000000000000000  0.000000000000000000006776264 -0.000000000000000000006776264  0.000000000000000000000000000  0.000000000000000000027105054  0.000000000000000000000000000  0.000000000000000000010164395 
  2 -0.000000000000000000006776264  0.000000000000000000000000000  0.999999999999999977557015030  0.000000000000000000000000000  0.000000000000000000003388132  0.000000000000000000005082198 -0.000000000000000000010164395  0.000000000000000000027105054  0.000000000000000000016940659 
  3 -0.000000000000000000008470329  0.000000000000000000006776264  0.000000000000000000000000000  0.999999999999999954517718864  0.000000000000000000000847033 -0.000000000000000000008470329  0.000000000000000000037269450  0.000000000000000000003388132 -0.000000000000000000007199780 
  4  0.000000000000000000018634725 -0.000000000000000000006776264  0.000000000000000000003388132  0.000000000000000000000847033  0.999999999999999955764551363 -0.000000000000000000002541099  0.000000000000000000005082198 -0.000000000000000000006776264  0.000000000000000000000000000 
  5  0.000000000000000000010376154  0.000000000000000000000000000  0.000000000000000000005082198 -0.000000000000000000008470329 -0.000000000000000000002541099  0.999999999999999935598390954  0.000000000000000000004658681  0.000000000000000000006776264  0.000000000000000000000211758 
  6 -0.000000000000000000029222637  0.000000000000000000027105054 -0.000000000000000000010164395  0.000000000000000000037269450  0.000000000000000000005082198  0.000000000000000000004658681  0.999999999999999950614591043 -0.000000000000000000013552527  0.000000000000000000002964615 
  7 -0.000000000000000000010164395  0.000000000000000000000000000  0.000000000000000000027105054  0.000000000000000000003388132 -0.000000000000000000006776264  0.000000000000000000006776264 -0.000000000000000000013552527  0.999999999999999919443778584 -0.000000000000000000006776264 
  8  0.000000000000000000009105604  0.000000000000000000010164395  0.000000000000000000016940659 -0.000000000000000000007199780  0.000000000000000000000000000  0.000000000000000000000211758  0.000000000000000000002964615 -0.000000000000000000006776264  0.999999999999999920907451517 

