
  0 -0.282842712474621281167150993 -0.282842712474619835844339907 -0.282842712474620636121068473  0.282842712474619268291607665  0.282842712474607649466131279 -0.282842712474621150276843720 -0.141421356237317880763710611  2.828427124746212811671509935e-01
  1  0.141421356237337894620818661 -0.282842712474619163096891880 -0.282842712474621863925818704  0.282842712474621566854423443 -0.282842712474607693484739482  0.282842712474609388743256380  0.282842712474620140586465539  2.828427124746218639258187044e-01

  0 -0.424264068711959175774417127 -0.141421356237283386532779805 -0.311924550465535669880982883 -0.396493760663749088019730538 -0.536105942531309611297479084 -0.485627110674238842861821439  0.149172719799496970115152729 
  1 -0.000000000000000672753592250 -0.565685424949238998941231787 -0.046276946868921263608735424 -0.264150696206071259762495490  0.367322036880573269779053092 -0.197751287197141296789930712 -0.658826079869428234755002888 
  2  0.000000000000001227801022743 -0.565685424949242500046887178 -0.150576473581330855510415981  0.077880263158785865378454325  0.402319172935777576974227671 -0.031599823334610517833041148  0.698857728345059654392629894 
  3 -0.000000000000002298538759856  0.565685424949240835146031109 -0.464312823532371910477531060 -0.269112898728606601800967743  0.568007655130598567306404734 -0.258734612281384442517310693  0.049148283407669183766908238 
  4  0.565685424949215342950870761 -0.000000000000000044024490966  0.040898166400528288156869484  0.388301025180159139842638039 -0.109328320359201753546199518 -0.718039734407087863602477812 -0.003988985982952801805530150 
  5 -0.565685424949230539020100100 -0.000000000000011761558722618 -0.293593217147584536330781266  0.734514269131734578728142732  0.089929929380440852062247956 -0.077749573644616249875596761 -0.200398160886078948386018229 
  6 -0.424264068711938021336623622  0.141421356237302259809202401  0.757913061863019819116432663 -0.065123897938327104093804432  0.270428276211823751966128668 -0.368093103675641370267114516  0.112706180071324078660740739 

  0  0.999999999999999982869605675 -0.000000000000000000020328791  0.000000000000000000013552527 -0.000000000000000000015670110 -0.000000000000000000001482308  0.000000000000000000000000000  0.000000000000000000006776264 
  1 -0.000000000000000000020328791  0.999999999999999939284678341  0.000000000000000000027105054 -0.000000000000000000020328791 -0.000000000000000000015670110  0.000000000000000000000000000  0.000000000000000000000000000 
  2  0.000000000000000000013552527  0.000000000000000000027105054  0.999999999999999933592616935 -0.000000000000000000010164395  0.000000000000000000003599890  0.000000000000000000000000000  0.000000000000000000000000000 
  3 -0.000000000000000000015670110 -0.000000000000000000020328791 -0.000000000000000000010164395  0.999999999999999897000793614 -0.000000000000000000001879354 -0.000000000000000000007623297  0.000000000000000000006352747 
  4 -0.000000000000000000001482308 -0.000000000000000000015670110  0.000000000000000000003599890 -0.000000000000000000001879354  0.999999999999999949096708002 -0.000000000000000000002382280 -0.000000000000000000018502376 
  5  0.000000000000000000000000000  0.000000000000000000000000000  0.000000000000000000000000000 -0.000000000000000000007623297 -0.000000000000000000002382280  0.999999999999999947090933983 -0.000000000000000000005082198 
  6  0.000000000000000000006776264  0.000000000000000000000000000  0.000000000000000000000000000  0.000000000000000000006352747 -0.000000000000000000018502376 -0.000000000000000000005082198  1.000000000000000005529431080 

