
  0  0.176776695296637155913619180 -0.176776695296636503332331561 -0.176776695296636813915596396 -0.176776695296636766061623008 -0.176776695296636611278210359  0.176776695296637284486444310  0.176776695296636921576872124  0.176776695296636957301333708  1.767766952966372844864443095e-01

  0  0.353553390593274311827238360  0.372251300209604026492538759 -0.242059877597372248353088664 -0.280746071989755297557220942  0.083092065585536205561147365  0.621960746960969890987508402 -0.451140352002926378117454720  0.041839561222413810296857656 
  1 -0.353553390593273006664663122  0.149096691478035532393950531 -0.092155182506089565732331458 -0.218863427806581312031874303  0.065212247286687317982868152  0.416015557367556951576768876  0.566503628957433649142132193 -0.546011406571663049825011982 
  2 -0.353553390593273627831192793  0.716664579444438651128958945  0.243659035175879007387362597 -0.211316254577467503922229460 -0.309282002434777689636388742 -0.170526623192565093988155335  0.056345439233553351030442434  0.359802863980110291055886790 
  3 -0.353553390593273532123246017 -0.064823499795359711429516662  0.128328810988545041776474551 -0.340093203171246166645899991  0.015669883334318746557445811 -0.279228987281240979292061544 -0.618715480426940551939799656 -0.526918423477022109500684383 
  4 -0.353553390593273222556420718  0.101413878138238158867808891 -0.802643534019077677175556945  0.372348184253377726695387329 -0.230660750495128219421489719 -0.080950567207917304351572421 -0.148585793282176893191181936 -0.000546064087945671447370479 
  5  0.353553390593274568972888619 -0.079408752800909697940957063 -0.419703499712575926300058352 -0.654591424910374377514957200 -0.191327796547920116215389316 -0.406241981618417381805219435  0.249657095093758585492701649  0.009260143067465477676418603 
  6  0.353553390593273843153744249  0.060779405469736738487624003  0.185740734024097389667090630  0.242031161906775059937521263 -0.784342823229578363667877094  0.065963001375198213924015440 -0.013494552994247854747836008 -0.398120930620718034873917537 
  7  0.353553390593273914602667415  0.548729696386920124707986535 -0.046788227074889841960173486  0.295381633691439361304219638  0.433517931883063082265563487 -0.396372387031917540781925796  0.070525604385284660225851477 -0.366651803825680253236642472 

  0  0.999999999999999930340010418  0.000000000000000000013552527  0.000000000000000000020328791 -0.000000000000000000032187252 -0.000000000000000000014351584  0.000000000000000000020037623 -0.000000000000000000001694066  0.000000000000000000017787692 
  1  0.000000000000000000013552527  0.999999999999999995771611527 -0.000000000000000000013552527  0.000000000000000000000000000  0.000000000000000000001879354  0.000000000000000000022446373  0.000000000000000000000000000  0.000000000000000000000000000 
  2  0.000000000000000000020328791 -0.000000000000000000013552527  1.000000000000000035995512127  0.000000000000000000000000000  0.000000000000000000002911676  0.000000000000000000008470329  0.000000000000000000013552527  0.000000000000000000013552527 
  3 -0.000000000000000000032187252  0.000000000000000000000000000  0.000000000000000000000000000  0.999999999999999938959417689  0.000000000000000000006035110 -0.000000000000000000002541099  0.000000000000000000013552527  0.000000000000000000027105054 
  4 -0.000000000000000000014351584  0.000000000000000000001879354  0.000000000000000000002911676  0.000000000000000000006035110  0.999999999999999948717237241  0.000000000000000000005364266  0.000000000000000000000622040 -0.000000000000000000003652830 
  5  0.000000000000000000020037623  0.000000000000000000022446373  0.000000000000000000008470329 -0.000000000000000000002541099  0.000000000000000000005364266  0.999999999999999896838163288  0.000000000000000000001270549  0.000000000000000000000635275 
  6 -0.000000000000000000001694066  0.000000000000000000000000000  0.000000000000000000013552527  0.000000000000000000013552527  0.000000000000000000000622040  0.000000000000000000001270549  0.999999999999999934947869651  0.000000000000000000000000000 
  7  0.000000000000000000017787692  0.000000000000000000000000000  0.000000000000000000013552527  0.000000000000000000027105054 -0.000000000000000000003652830  0.000000000000000000000635275  0.000000000000000000000000000  0.999999999999999923238486188 

