
  0 -0.188982236504613063481886233 -0.188982236504614013568249982 -0.188982236504613042041788272 -0.188982236504613838903279995  0.188982236504614122598330953  0.188982236504613074540748392 -0.188982236504614112664328547  1.889822365046141225983309525e-01

  0 -0.377964473009226126963772466 -0.272423412979064571238846035  0.384304476319082535270112502 -0.222597588177470284139880877  0.166485263110215753399310536 -0.662358326525281318410305620 -0.345330028917463426361500814 
  1 -0.377964473009228027136499964 -0.299928268042537668740948886  0.410394467627413034787947285  0.017850213862216593377742289  0.005939951436029413128057675  0.720050431548772835771594913 -0.282729084073621926890239331 
  2 -0.377964473009226084083576544 -0.130401750665136820393958696 -0.419297974016610550877619257  0.049508941412381247532657497 -0.784877918792285489706008622 -0.085555808516552701982287293 -0.196273203707195169226439914 
  3 -0.377964473009227677806559989  0.373905529062378007526361301 -0.200570802439646809792682912  0.691777740551087242228209956  0.345703826813031306320299352 -0.056479091945939503845419130 -0.275411328136619133278087390 
  4  0.377964473009228245196661905 -0.753215667932057373571298059 -0.121064985858784884385373672  0.506602462627454386485167243  0.068569792335555707997517359 -0.089401186806031465740738067 -0.076235425886287833894530350 
  5  0.377964473009226149081496784  0.316204828418228205556394367  0.600392772763222053232588099  0.340567826314967766262054721 -0.464123303432363055667916538 -0.107683719274662683414286925 -0.231717961183096639673660230 
  6 -0.377964473009228225328657094 -0.108162936889471836860875022  0.304497619414195298115496588  0.310630981294205531787399818 -0.128804633663798775102438295 -0.112742110641696744598074919  0.791790257765512817231430553 

  0  0.999999999999999998482116959  0.000000000000000000000000000 -0.000000000000000000013552527 -0.000000000000000000013552527 -0.000000000000000000015246593  0.000000000000000000006776264 -0.000000000000000000027105054 
  1  0.000000000000000000000000000  0.999999999999999978207536333  0.000000000000000000010164395 -0.000000000000000000006776264  0.000000000000000000008470329  0.000000000000000000006776264 -0.000000000000000000027105054 
  2 -0.000000000000000000013552527  0.000000000000000000010164395  0.999999999999999979020687962  0.000000000000000000000000000 -0.000000000000000000004235165 -0.000000000000000000006776264  0.000000000000000000000000000 
  3 -0.000000000000000000013552527 -0.000000000000000000006776264  0.000000000000000000000000000  0.999999999999999937007853779 -0.000000000000000000015246593  0.000000000000000000006776264  0.000000000000000000013552527 
  4 -0.000000000000000000015246593  0.000000000000000000008470329 -0.000000000000000000004235165 -0.000000000000000000015246593  0.999999999999999905782831211 -0.000000000000000000001694066 -0.000000000000000000003388132 
  5  0.000000000000000000006776264  0.000000000000000000006776264 -0.000000000000000000006776264  0.000000000000000000006776264 -0.000000000000000000001694066  1.000000000000000014528309111  0.000000000000000000000000000 
  6 -0.000000000000000000027105054 -0.000000000000000000027105054  0.000000000000000000000000000  0.000000000000000000013552527 -0.000000000000000000003388132  0.000000000000000000000000000  0.999999999999999896675532962 

