
  0  0.499597012728371426203925060  0.499756758453702179165710484  0.472696819013604275404793684  0.236665941894631141689201576  0.499965838528067280858817323  0.499997931114534688323315648  0.470350067163165058551667352  4.999979311145346883233156476e-01
  1 -0.499987323058224043858047136  0.497137493061487221427015293  0.464682290454604032001271335  0.217077995506452071095546998  0.499961068936131357802856237  0.499997931114535246199543500  0.489750447685144991327070921  4.999979311145352461995435001e-01
  2  0.499630073235558618688356702 -0.496211053252013244987354140  0.497632335164625161242138440  0.297855691766460675749643439  0.499961531301836559611434865  0.499997931114536388216796833  0.409669333157351793175309299  4.999979311145363882167968334e-01
  3 -0.499954262551036851373615494 -0.498830318644228202726049332  0.489617806605624917838616092  0.278267745378281605169541388  0.499956761709900636555473780  0.499997931114536946093024686  0.429069713679331725950712867  4.999979311145369460930246858e-01
  4  0.499586750608282158432355696  0.499900044789276749043847176 -0.487453790140052325047552093  0.434255199636015407836349758  0.499966162481009153423098038  0.499997931114535170007235829  0.272690581353146548168782382  4.999979311145351700072358286e-01
  5 -0.499997585178313311629616500  0.497280779397061791305151984 -0.495468318699052568451074441  0.414667253247836337256247707  0.499961392889073230367136952  0.499997931114535727883463681  0.292090961875126480944185950  4.999979311145357278834636811e-01
  6  0.499619811115469350916787339 -0.496067766916438675109217449 -0.462518273989031439210207336  0.495444949507844941869686567  0.499961855254778432175715580  0.499997931114536869900717014  0.212009847347333282792424328  4.999979311145368699007170143e-01
  7 -0.499964524671126119145184857 -0.498687032308653632847912640 -0.470532802548031682613729684  0.475857003119665871289584516  0.499957085662842509119754494  0.499997931114537427776944867  0.231410227869313215567827896  4.999979311145374277769448668e-01
  8  0.499600421799483666006076038  0.499800418984047555611815311  0.474001303782192113270245112 -0.467390446690605610146349372  0.499969372960735666024936416  0.499997931114534441206535484 -0.239792804434830148852583059  4.999979311145344412065354839e-01
  9 -0.499983913987111804055896158  0.497181153591832597873120120  0.465986775223191869866722764 -0.486978393078784680726451423  0.499964603368799742968975330  0.499997931114534999055658282 -0.220392423912850216077179491  4.999979311145349990556582820e-01
 10  0.499633482306670858490507681 -0.496167392721667868541249313  0.498936819933212999107589869 -0.406200696818776076113012563  0.499965065734504944777553959  0.499997931114536141100016670 -0.300473538440643414228941113  4.999979311145361411000166696e-01
 11 -0.499950853479924611571464516 -0.498786658113882826279944505  0.490922291374212755704067521 -0.425788643206955146693114614  0.499960296142569021721592873  0.499997931114536698976244522 -0.281073157918663481453537545  4.999979311145366989762445220e-01
 12  0.499590159679394398234506675  0.499943705319622125489952003 -0.486149305371464487182100664 -0.269801188949221344026306244  0.499969696913677538589217131  0.499997931114534922890455665 -0.437452290244848659235468030  4.999979311145349228904556649e-01
 13 -0.499994176107201071827465522  0.497324439927407167751256811 -0.494163833930464730585623012 -0.289389135337400414606408294  0.499964927321741615533256045  0.499997931114535480766683517 -0.418051909722868726460064462  4.999979311145354807666835173e-01
 14  0.499623220186581590718938317 -0.496024106386093298663112622 -0.461213789220443601344755907 -0.208611439077391810006521962  0.499965389687446817341834673  0.499997931114536622783936851 -0.498133024250661924611826084  4.999979311145366227839368506e-01
 15 -0.499961115600013879343033879 -0.498643371778308256401807813 -0.469228317779443844748278256 -0.228199385465570880600176540  0.499960620095510894285873588  0.499997931114537180660164703 -0.478732643728681991836422516  4.999979311145371806601647030e-01
 16  0.499878184394274497368091531  0.498901324068190096545222234  0.470028728807406046479944531  0.230152788857187715927795843 -0.499988200579220461942497183  0.499997931114534830001434537  0.476797468165867255860974200  4.999979311145348300014345372e-01
 17 -0.499706151392320972693880665  0.496282058675975138806527043  0.462014200248405803076422182  0.210564842469008645334141265 -0.499992970171156384998458269  0.499997931114535387877662390  0.496197848687847188636377768  4.999979311145353878776623896e-01
 18  0.499911244901461689852523174 -0.497066487637525327607842390  0.494964244958426932317289287  0.291342538729017249961132652 -0.499992507805451183189879641  0.499997931114536529894915723  0.416116734160053990484616146  4.999979311145365298949157229e-01
 19 -0.499673090885133780209449023 -0.499685753029740285346537582  0.486949716399426688913766939  0.271754592340838179381030601 -0.499997277397387106245840727  0.499997931114537087771143575  0.435517114682033923260019714  4.999979311145370877711435753e-01
 20  0.499867922274185229596522168  0.499044610403764666423358926 -0.490121880346250553972401245  0.427742046598571982047838971 -0.499987876626278589378216469  0.499997931114535311685354718  0.279137982355848745478089229  4.999979311145353116853547182e-01
 21 -0.499716413512410240465450029  0.496425345011549708684663734 -0.498136408905250797375923594  0.408154100210392911467736921 -0.499992646218214512434177554  0.499997931114535869561582571  0.298538362877828678253492797  4.999979311145358695615825706e-01
 22  0.499900982781372422080953810 -0.496923201301950757729705699 -0.465186364195229668135056489  0.488931796470401516081175780 -0.499992183852509310625598926  0.499997931114537011605940958  0.218457248350035480101731175  4.999979311145370116059409582e-01
 23 -0.499683353005223047981018386 -0.499542466694165715468400890 -0.473200892754229911538578837  0.469343850082222445501073729 -0.499996953444445233681560012  0.499997931114537569455063756  0.237857628872015412877134743  4.999979311145375694550637563e-01
 24  0.499881593465386737170242509  0.498944984598535472991327061  0.471333213575993884345395959 -0.473903599728049035934860159 -0.499984666146552076776378090  0.499997931114534582884654373 -0.233345403432127951543276212  4.999979311145345828846543734e-01
 25 -0.499702742321208732891729687  0.496325719206320515252631870  0.463318685016993640941873611 -0.493491546116228106514962209 -0.499989435738487999832339176  0.499997931114535140760882226 -0.213945022910148018767872644  4.999979311145351407608822258e-01
 26  0.499914653972573929654674152 -0.497022827107179951161737563  0.496268729727014770182740716 -0.412713849856219501901523350 -0.499988973372782798023760548  0.499997931114536282778135559 -0.294026137437941216919634266  4.999979311145362827781355591e-01
 27 -0.499669681814021540407298044 -0.499642092499394908900432755  0.488254201168014526779218368 -0.432301796244398572481625401 -0.499993742964718721079721633  0.499997931114536840654363412 -0.274625756915961284144230697  4.999979311145368406543634116e-01
 28  0.499871331345297469398673146  0.499088270934110042869463753 -0.488817395577662716106949817 -0.276314341986664769814817030 -0.499984342193610204212097375  0.499997931114535064568574554 -0.431004889242146461926161183  4.999979311145350645685745544e-01
 29 -0.499713004441298000663299050  0.496469005541895085130768561 -0.496831924136662959510472165 -0.295902288374843840394919081 -0.499989111785546127268058461  0.499997931114535622444802407 -0.411604508720166529150757614  4.999979311145356224448024068e-01
 30  0.499904391852484661883104788 -0.496879540771605381283600872 -0.463881879426641830269605060 -0.215124592114835235767927694 -0.499988649419840925459479833  0.499997931114536764462055740 -0.491685623247959727302519237  4.999979311145367644620557401e-01
 31 -0.499679943934110808178867408 -0.499498806163820339022296063 -0.471896407985642073673127408 -0.234712538503014306361582272 -0.499993419011776848515440919  0.499997931114537322338283593 -0.472285242725979794527115668  4.999979311145373223382835925e-01

  0  0.999584335786595470061972196 -0.000033060507187192488888492  0.000010262120089267755360759 -0.000003409071112239796763137 -0.000281171665903071145055290 -0.000082931205739381991148471  0.028828258793241162807590035 
  1  0.002619265392214957740812774  0.995967811705715424153064624 -0.000143286335574569891199528 -0.000043660530345376439603187  0.000855434385512082640128827  0.000257952289881840155140533 -0.089668482480445613560810642 
  2  0.008014528559000243417074875 -0.024935516151020885825486295  0.960150609153656600452345776 -0.001304484768587837861957418  0.002668090206198228924637395  0.000800411027962201739395451 -0.278236112078298850915341472 
  3  0.019587946388179070600430842 -0.061189749871829534043501204 -0.197589257741384266120043128  0.704056388585236751862656002  0.006513153037443425765640897  0.001953403391616835333760292 -0.679035328121549277733629696 
  4  0.000004769591935923048901513  0.000004307226230721247225707 -0.000000323952941872559381608 -0.000003534432668385164902517  0.999954039107287742801314506 -0.000027580483709567650858147  0.009587432317330401213363361 
  5 -0.000000000000000557874671187 -0.000000000000001699910290526 -0.000000000000000481688145637  0.000000000000000247118679338 -0.000000000000000141682444175  0.999995862229072010661599240  0.002876721177799704720500463 
  6 -0.019400380521979932765239173  0.060680734005813265372969922  0.197659485810018510382884971  0.710142871597995207404250412 -0.006447401002702197313965529 -0.001935175562814735969942602  0.672699033342431623261684082 

  0  0.999999999999999933809457370  0.000000000000000000000211758 -0.000000000000000000000847033 -0.000000000000000000001694066  0.000000000000000000000026470  0.000000000000000000000000000  0.000000000000000000000000000 
  1  0.000000000000000000000211758  0.999999999999999894940809486 -0.000000000000000000001694066 -0.000000000000000000003388132 -0.000000000000000000000052940  0.000000000000000000000026470  0.000000000000000000006776264 
  2 -0.000000000000000000000847033 -0.000000000000000000001694066  0.999999999999999943784117357  0.000000000000000000000000000  0.000000000000000000000000000  0.000000000000000000000000000  0.000000000000000000000000000 
  3 -0.000000000000000000001694066 -0.000000000000000000003388132  0.000000000000000000000000000  0.999999999999999943838327465  0.000000000000000000000000000 -0.000000000000000000000211758 -0.000000000000000000027105054 
  4  0.000000000000000000000026470 -0.000000000000000000000052940  0.000000000000000000000000000  0.000000000000000000000000000  0.999999999999999982327504588  0.000000000000000000000000000  0.000000000000000000000847033 
  5  0.000000000000000000000000000  0.000000000000000000000026470  0.000000000000000000000000000 -0.000000000000000000000211758  0.000000000000000000000000000  0.999999999999999970889171669  0.000000000000000000000000000 
  6  0.000000000000000000000000000  0.000000000000000000006776264  0.000000000000000000000000000 -0.000000000000000000027105054  0.000000000000000000000847033  0.000000000000000000000000000  0.999999999999999991272172511 

