 0.7071068  0.0000000  0.0000000  0.0000000  0.0000000 -0.3709365  0.1310999 -0.5036126  0.0187905 -0.3020599 
 0.7071068  0.0000000  0.0000000  0.0000000  0.0000000  0.3709365 -0.1310999  0.5036126 -0.0187905  0.3020599 
 0.0000000  0.7071068  0.0000000  0.0000000  0.0000000 -0.1687270  0.3413631  0.1081942  0.5473633  0.2090212 
 0.0000000  0.7071068  0.0000000  0.0000000  0.0000000  0.1687270 -0.3413631 -0.1081942 -0.5473633 -0.2090212 
 0.0000000  0.0000000  0.7071068  0.0000000  0.0000000 -0.2191726  0.1289585 -0.1484046 -0.3294637  0.5520533 
 0.0000000  0.0000000  0.7071068  0.0000000  0.0000000  0.2191726 -0.1289585  0.1484046  0.3294637 -0.5520533 
 0.0000000  0.0000000  0.0000000  0.7071068  0.0000000 -0.0451758 -0.5544897 -0.2341468  0.2928476  0.2234186 
 0.0000000  0.0000000  0.0000000  0.7071068  0.0000000  0.0451758  0.5544897  0.2341468 -0.2928476 -0.2234186 
 0.0000000  0.0000000  0.0000000  0.0000000  0.7071068 -0.5327850 -0.2054141  0.3972653 -0.0757253 -0.1019371 
 0.0000000  0.0000000  0.0000000  0.0000000  0.7071068  0.5327850  0.2054141 -0.3972653  0.0757253  0.1019371 
