::::::::::::::
run.001.014
::::::::::::::
 0.2672612  0.1840355  0.1899762 -0.1144453 -0.2080198 -0.0696194  0.4460836 -0.0708866 -0.3110265  0.0915228 -0.5311574 -0.2199695 -0.3009718  0.2591649 
 0.2672612  0.4820989  0.4012496 -0.0395877 -0.2160498  0.2712670 -0.0496575  0.1471258  0.1738497 -0.5086739  0.0311797  0.2392735  0.2046460 -0.0114711 
 0.2672612  0.1498208  0.0833076 -0.3439646  0.3199540 -0.3020044  0.1820871 -0.4189488  0.5643354  0.1192470  0.1222941 -0.1310712  0.1060601  0.0504360 
 0.2672612  0.1740287  0.1170290 -0.1625465  0.4015448  0.0792951 -0.3443542  0.4457364 -0.2278517  0.3690930 -0.0578874 -0.2522198  0.3170661  0.1331874 
 0.2672612  0.0966677 -0.0061432  0.6144162  0.4421357 -0.0458552  0.3608564  0.2420134  0.0277335 -0.0965891  0.2528357 -0.0242125 -0.2809452 -0.0420271 
 0.2672612 -0.3119834 -0.2568493 -0.2915292  0.2418704  0.1515739 -0.1345315  0.2517636  0.2536726 -0.1677351 -0.3482145  0.3986605 -0.3657128  0.1044181 
 0.2672612  0.1398441 -0.3726192 -0.1920118  0.1662232  0.0583578  0.2329948 -0.2609665 -0.4976982 -0.0280839  0.0635598  0.3614913  0.2576812 -0.3609265 
 0.2672612  0.3811405 -0.3850733  0.1815815 -0.3816613  0.2330337 -0.2033938 -0.0654821  0.2345676  0.4867276  0.0851881  0.0476105 -0.2311643 -0.0392002 
 0.2672612 -0.2206270  0.1178564  0.4444974  0.0396087 -0.0415028 -0.2700669 -0.4359853 -0.0964159  0.0339019 -0.1396486  0.2846602  0.2517316  0.4772515 
 0.2672612 -0.2682866 -0.2600760  0.1496850 -0.3490496 -0.2821625  0.2571206  0.3557511  0.2374685 -0.0185255 -0.1849114 -0.0897639  0.5139682 -0.0963320 
 0.2672612 -0.2800781 -0.1900717 -0.0386138 -0.0124140  0.5421024 -0.0160318 -0.2203951 -0.0204557 -0.3073866  0.1347674 -0.5951944  0.0296732  0.0380149 
 0.2672612  0.0371570  0.0394518  0.1041190 -0.0346220 -0.4635505 -0.5029495 -0.1171859 -0.1076367 -0.2545516 -0.1797974 -0.2281742 -0.2270470 -0.4687239 
 0.2672612 -0.1237115 -0.0337227 -0.2728525 -0.2773894 -0.3325079 -0.0487151  0.1602242 -0.2388375 -0.0907707  0.6160395  0.0604237 -0.1898005  0.3710355 
 0.2672612 -0.4401065  0.5556847 -0.0387477 -0.1321308  0.2015726  0.0905578 -0.0127641  0.0082949  0.3718241  0.1357524  0.1484858 -0.0851849 -0.4148275 
::::::::::::::
run.002.014
::::::::::::::
 0.3779645  0.0000000  0.0520238 -0.1572311 -0.4174585 -0.2323826  0.0668173 -0.3705072 -0.2451025 -0.1142231 -0.0821068  0.3703343  0.0071423 -0.4925842 
 0.3779645  0.0000000  0.3703720  0.3775192 -0.1329915  0.2647931 -0.2334773 -0.3176809  0.3976748 -0.0269706 -0.3505137 -0.0695884 -0.0097148  0.2180422 
 0.3779645  0.0000000  0.1967832  0.1790942  0.5927017  0.0692246 -0.0947350  0.3394396 -0.0781935 -0.2591363  0.0722421  0.1206591 -0.2680630 -0.3757154 
 0.3779645  0.0000000 -0.0014929 -0.4449483 -0.0026747  0.2617177  0.2650740  0.2665523 -0.1397785 -0.2529747 -0.3063426 -0.2560140  0.4324809  0.1392161 
 0.3779645  0.0000000  0.1133094 -0.1092564  0.1984587 -0.2505062  0.3220209  0.0175907  0.0777823  0.7808421 -0.0056698 -0.0406885 -0.0654894  0.0669310 
 0.3779645  0.0000000 -0.2232787  0.0211255 -0.4361089 -0.2869916 -0.4096158  0.4897914  0.1503612 -0.0093090  0.2488165 -0.1379001 -0.0905680  0.1215878 
 0.3779645  0.0000000 -0.5077167  0.1336969  0.1980733  0.1741451  0.0839159 -0.4251861 -0.1627439 -0.1182284  0.4235742  0.0131974 -0.0057880  0.3225225 
 0.0000000  0.3779645  0.1081872  0.2231388  0.1344191 -0.6259591  0.2777569 -0.1030751  0.2164975 -0.3440528  0.0684387 -0.2247359  0.2765712  0.0324898 
 0.0000000  0.3779645  0.3196042 -0.0163907 -0.2876056  0.2308741  0.4370250  0.2023855  0.0069260 -0.1213062  0.2750869  0.3177675 -0.3301829  0.2938093 
 0.0000000  0.3779645  0.0409661 -0.6292204  0.1483645  0.1163899 -0.2821256 -0.2477184  0.4250636 -0.0157927  0.2199702 -0.1141568 -0.1234021 -0.1595404 
 0.0000000  0.3779645  0.2549904 -0.0579377  0.0629274 -0.1454712 -0.3811736 -0.1102700 -0.6704624  0.0719632 -0.1237369 -0.2021924 -0.1393311  0.2754763 
 0.0000000  0.3779645 -0.1846080  0.3095802 -0.2189036  0.3360761  0.1690949  0.0247793 -0.0917174  0.1816476  0.0297812 -0.5144372 -0.0593393 -0.4761179 
 0.0000000  0.3779645 -0.5350487  0.0057914  0.0931512 -0.0794203  0.0262984  0.0898466  0.1238912 -0.0164218 -0.6054463  0.2826237 -0.2780915  0.0876839 
 0.0000000  0.3779645 -0.0040912  0.1650384  0.0676470  0.1675107 -0.2468760  0.1440520 -0.0101985  0.2439627  0.1359061  0.4551311  0.6537757 -0.0538010 
::::::::::::::
run.003.014
::::::::::::::
 0.4878315  0.0000000  0.0000000  0.0213676 -0.0167704  0.4163048 -0.4764737  0.0581044 -0.1221324 -0.1920090  0.3759097  0.0075330 -0.3705595  0.1646408 
 0.4878315  0.0000000  0.0000000  0.0795873  0.2129362 -0.4368800 -0.0128140 -0.1080288 -0.0369277 -0.1280148  0.3095875  0.3749644  0.4290779 -0.2633323 
 0.4878315  0.0000000  0.0000000  0.0078229  0.1521177  0.0822173  0.3972272 -0.0485928  0.2926417 -0.0443160 -0.3431707  0.0281758  0.0562618  0.6021466 
 0.3781939  0.0000000 -0.1096376 -0.2646196 -0.0122177  0.0633428  0.1188288  0.5920498 -0.0307026 -0.0161147 -0.2433190 -0.3715274  0.0576107 -0.4520647 
 0.3781939  0.0000000  0.1096376  0.1243073 -0.4370325 -0.1428548 -0.0000801 -0.4649726 -0.1416040  0.4860759 -0.1982472 -0.1581992 -0.2056655 -0.1973410 
 0.0000000  0.4878315  0.0000000 -0.1081081  0.5350706 -0.1541782  0.2406083 -0.1048311 -0.2061711  0.0230492 -0.0182720  0.0548449 -0.5527980 -0.1393359 
 0.0000000  0.4878315  0.0000000  0.1338668 -0.1939418 -0.0966284 -0.3973864 -0.0443851  0.4490919 -0.3526836 -0.4082018  0.1321189 -0.0361057 -0.1606444 
 0.0000000  0.4878315  0.0000000 -0.1832327 -0.1545276  0.3675013  0.0250472 -0.0722646 -0.5524823  0.0113946 -0.1483158  0.1749588  0.4413761  0.1042742 
 0.0000000  0.3781939 -0.1096376  0.4115773 -0.2595777  0.0932665  0.2846065  0.3988199  0.2301768  0.3621413  0.3692969  0.1921833 -0.0427201  0.0121809 
 0.0000000  0.3781939  0.1096376 -0.2084518  0.0188813 -0.2437908 -0.1146870 -0.1131322  0.1691260  0.0483555  0.3721231 -0.6590264  0.2330156  0.2402600 
 0.0000000  0.0000000  0.4878315  0.0488860  0.4579343  0.3650924 -0.2376010 -0.0095779  0.2648696  0.4548824 -0.0909513  0.0434232  0.2026872 -0.1782544 
 0.0000000  0.0000000  0.4878315 -0.3620873 -0.1988433 -0.4040095 -0.1745230  0.3996641 -0.1074262  0.1604289 -0.0608761  0.3011043 -0.1544649  0.2871484 
 0.0000000  0.0000000  0.4878315  0.6470492  0.0445957 -0.0910617  0.0858358  0.1619691 -0.3398647 -0.3087039 -0.1038704 -0.2743417  0.0280081  0.0426844 
 0.0000000  0.0000000  0.4878315 -0.2819088 -0.2707939  0.2520725  0.4427515 -0.1994363  0.2210667 -0.3489504  0.2449331  0.0731748 -0.0790306 -0.2600859 
::::::::::::::
run.004.014
::::::::::::::
 0.5656854  0.0000000  0.0000000  0.0000000  0.0532269  0.0445042  0.1546476 -0.0618757 -0.4671159 -0.3705467  0.1453874 -0.2807101 -0.1122220 -0.4235684 
 0.5656854  0.0000000  0.0000000  0.0000000 -0.3483248 -0.1933658  0.3897390  0.3480008  0.2426041  0.3044208 -0.1467620 -0.0486612  0.2038746  0.1768553 
 0.4242641 -0.1414214  0.0000000  0.0000000  0.1081819  0.3568703 -0.1693244 -0.2610491  0.5499644 -0.3798506 -0.1217890  0.2255141 -0.1522030  0.1688808 
 0.4242641  0.1414214  0.0000000  0.0000000  0.2852821 -0.1583882 -0.5565245 -0.1204511 -0.2506153  0.4680185  0.1236217  0.2136476  0.0299996  0.1600700 
 0.0000000  0.5656854  0.0000000  0.0000000 -0.0920272  0.0655025 -0.1212553  0.4646972 -0.1986632 -0.3422178 -0.1156191  0.0732308 -0.3203808  0.3982958 
 0.0000000  0.5656854  0.0000000  0.0000000  0.3347713  0.1195088 -0.0995333  0.0542114  0.3903287  0.0666086 -0.0477179 -0.4637629  0.3072480 -0.2687983 
 0.0000000  0.5656854  0.0000000  0.0000000 -0.2870191 -0.0561967  0.3175886 -0.5540581  0.0084794  0.0636419  0.1019843  0.3934987 -0.0324178 -0.1272949 
 0.0000000  0.0000000  0.5656854  0.0000000 -0.1948407  0.7108564  0.0153915  0.0668822 -0.1382716  0.2750459  0.1813476 -0.0337519  0.0482638  0.0297534 
 0.0000000  0.0000000  0.5656854  0.0000000  0.4834099 -0.2850738  0.2582532  0.2411321  0.0925087 -0.1677140  0.1548837  0.4021829  0.0862828 -0.1016753 
 0.0000000  0.0000000  0.4242641 -0.1414214 -0.2599141 -0.1892776 -0.3071093 -0.1275254 -0.1154050 -0.1289206 -0.6952950  0.0064457  0.1833515 -0.1975008 
 0.0000000  0.0000000  0.4242641  0.1414214 -0.1248447 -0.3784326 -0.0577502 -0.2831603  0.1764221 -0.0141887  0.2469865 -0.4976870 -0.3627469  0.2933966 
 0.0000000  0.0000000  0.0000000  0.5656854 -0.3791625 -0.0931186 -0.3708412  0.2608424  0.2006878 -0.0810208  0.2692787  0.1829883  0.0040140 -0.4112798 
 0.0000000  0.0000000  0.0000000  0.5656854  0.0687165  0.0362513  0.0813377 -0.1970560 -0.2261123 -0.2500205 -0.0289271 -0.0541794  0.5858256  0.4097757 
 0.0000000  0.0000000  0.0000000  0.5656854  0.2766786  0.1041561  0.2271637 -0.0248777 -0.0475322  0.3023583 -0.4759220 -0.0027756 -0.4533150 -0.1212203 

::::::::::::::
run.005.014
::::::::::::::
 0.5316271  0.0000000  0.0000000  0.0000000 -0.1277250 -0.0769220  0.0258422  0.4795252 -0.5749879  0.0153788 -0.2067406  0.2051945  0.1057880  0.1940219 
 0.5316271  0.0000000  0.0000000  0.0000000  0.1277250 -0.1836636  0.1251081  0.0881087  0.3542329  0.3817242  0.2982786  0.1314618 -0.4624410 -0.2293756 
 0.6593521  0.0000000  0.0000000  0.0000000  0.0000000  0.2101068 -0.1217093 -0.4576759  0.1779919 -0.3201790 -0.0738059 -0.2714416  0.2875646  0.0285052 
 0.0000000  0.5316271  0.0000000  0.0000000 -0.1277250  0.3702700 -0.5076509  0.3098863  0.2785870  0.1786510  0.1526595  0.1617093  0.2214736  0.0467744 
 0.0000000  0.5316271  0.0000000  0.0000000  0.1277250  0.4306866  0.3379597 -0.0655276 -0.2258534  0.0734427 -0.2640395 -0.3130730 -0.4149368 -0.0273804 
 0.0000000  0.6593521  0.0000000  0.0000000  0.0000000 -0.6458010  0.1368198 -0.1970232 -0.0425184 -0.2032599  0.0898042  0.1220426  0.1559868 -0.0156371 
 0.0000000  0.0000000  0.5316271  0.0000000 -0.1277250 -0.2015967 -0.4562111 -0.3189258 -0.0740440  0.2638870 -0.2979731  0.0040228 -0.3156555  0.2949815 
 0.0000000  0.0000000  0.5316271  0.0000000  0.1277250  0.0941287  0.3922222  0.2120709  0.4395835 -0.2029824 -0.3673437  0.3186291  0.1371336  0.0606578 
 0.0000000  0.0000000  0.6593521  0.0000000  0.0000000  0.0866500  0.0515934  0.0861557 -0.2947298 -0.0491066  0.5364363 -0.2601500  0.1439399 -0.2867474 
 0.0000000  0.0000000  0.0000000  0.5316271 -0.1277250 -0.1543714 -0.2760780  0.2527345  0.0686615 -0.3035686 -0.3028752 -0.1884879 -0.1856525 -0.5277673 
 0.0000000  0.0000000  0.0000000  0.5316271  0.1277250  0.0445451  0.0182146  0.0934367  0.0560409 -0.3295998  0.3655678 -0.0185803 -0.2622495  0.6127610 
 0.0000000  0.0000000  0.0000000  0.6593521  0.0000000  0.0885515  0.2079119 -0.2791134 -0.1005460  0.5105155 -0.0505482  0.1669564  0.3611375 -0.0685293 
 0.0000000  0.0000000  0.0000000  0.0000000  0.6593521 -0.2460540 -0.1245886  0.2686341  0.0866428  0.2429444 -0.1486373 -0.4912096  0.2548932  0.1488156 
 0.0000000  0.0000000  0.0000000  0.0000000  0.6593521  0.1592092 -0.2798070 -0.1920921 -0.2659798 -0.1980488  0.0154804  0.5036075 -0.0944123 -0.2279769 
::::::::::::::
run.006.014
::::::::::::::
 0.5632636 -0.0863494 -0.0522016  0.0000000  0.0000000  0.0000000 -0.5610284 -0.1090709  0.3194252 -0.1955079 -0.0321313  0.3191584 -0.2285477  0.2247649 
 0.5632636  0.0863494 -0.0522016  0.0000000  0.0000000  0.0000000 -0.0233735 -0.0834479 -0.5184773 -0.2996160  0.0008027 -0.4233141  0.3527402 -0.0532301 
 0.6045397  0.0000000  0.0972749  0.0000000  0.0000000  0.0000000  0.5445008  0.1793743  0.1854615  0.4613184  0.0291897  0.0970443 -0.1157130 -0.1598230 
 0.0000000  0.7018146  0.0000000  0.0000000  0.0000000  0.0000000  0.1994490  0.2744609  0.4029873 -0.3661716  0.0318674 -0.1220685  0.0819278  0.2706265 
 0.0000000  0.7018146  0.0000000  0.0000000  0.0000000  0.0000000 -0.2656007 -0.2776135 -0.2998940  0.3789808 -0.0359195  0.2134203 -0.1534479 -0.2364227 
 0.0000000  0.0000000  0.7018146  0.0000000  0.0000000  0.0000000 -0.0024927  0.3421445 -0.3312378 -0.1654965 -0.4068484  0.2084078 -0.1738628  0.1187091 
 0.0000000  0.0000000  0.7018146  0.0000000  0.0000000  0.0000000 -0.1164462 -0.3813264  0.2907263  0.0647277  0.4004723 -0.2296058  0.1991388 -0.0837979 
 0.0000000  0.0000000  0.0000000  0.5632636 -0.0863494  0.0522016  0.0118425 -0.0040393 -0.2046972  0.3165835  0.2044038  0.0429886  0.1226144  0.6867365 
 0.0000000  0.0000000  0.0000000  0.5632636  0.0863494  0.0522016  0.1369966 -0.3931303  0.2009243 -0.1007421 -0.5382300 -0.2894823 -0.2402930 -0.1322182 
 0.0000000  0.0000000  0.0000000  0.6045397  0.0000000 -0.0972749 -0.1386768  0.3700521  0.0035153 -0.2011045  0.3110335  0.2296640  0.1096439 -0.5166576 
 0.0000000  0.0000000  0.0000000  0.0000000  0.7018146  0.0000000  0.2292447 -0.2677445 -0.0255608 -0.1391124 -0.0490768  0.4701403  0.3692566  0.0584767 
 0.0000000  0.0000000  0.0000000  0.0000000  0.7018146  0.0000000 -0.2446433  0.3156172 -0.0243457  0.1904590  0.1404484 -0.4292340 -0.3246054  0.0422853 
 0.0000000  0.0000000  0.0000000  0.0000000  0.0000000  0.7018146  0.2228963 -0.1440009 -0.1794038 -0.2888881  0.3635528  0.0883225 -0.4256350 -0.0160803 
 0.0000000  0.0000000  0.0000000  0.0000000  0.0000000  0.7018146 -0.2531884  0.2248337  0.1801716  0.2449595 -0.2956117 -0.0381555  0.4495852 -0.0967766 
::::::::::::::
run.007.014
::::::::::::::
 0.7071068  0.0000000  0.0000000  0.0000000  0.0000000  0.0000000  0.0000000  0.0023982  0.3495664 -0.1519069  0.3694327 -0.1658714  0.1617497  0.4056662 
 0.7071068  0.0000000  0.0000000  0.0000000  0.0000000  0.0000000  0.0000000 -0.0023982 -0.3495664  0.1519069 -0.3694327  0.1658714 -0.1617497 -0.4056662 
 0.0000000  0.7071068  0.0000000  0.0000000  0.0000000  0.0000000  0.0000000  0.0273097  0.0114284 -0.4559687 -0.2043720  0.2045263 -0.3856065  0.2427444 
 0.0000000  0.7071068  0.0000000  0.0000000  0.0000000  0.0000000  0.0000000 -0.0273097 -0.0114284  0.4559687  0.2043720 -0.2045263  0.3856065 -0.2427444 
 0.0000000  0.0000000  0.7071068  0.0000000  0.0000000  0.0000000  0.0000000  0.3159183  0.4441306  0.2044400  0.0099696 -0.0352590 -0.3508295 -0.1916351 
 0.0000000  0.0000000  0.7071068  0.0000000  0.0000000  0.0000000  0.0000000 -0.3159183 -0.4441306 -0.2044400 -0.0099696  0.0352590  0.3508295  0.1916351 
 0.0000000  0.0000000  0.0000000  0.7071068  0.0000000  0.0000000  0.0000000 -0.4564974  0.3361292 -0.2192881 -0.1427250 -0.1079486  0.0615735 -0.3077749 
 0.0000000  0.0000000  0.0000000  0.7071068  0.0000000  0.0000000  0.0000000  0.4564974 -0.3361292  0.2192881  0.1427250  0.1079486 -0.0615735  0.3077749 
 0.0000000  0.0000000  0.0000000  0.0000000  0.7071068  0.0000000  0.0000000 -0.1660091 -0.2489364 -0.0567217  0.3607718 -0.3327050 -0.3916212 -0.1141851 
 0.0000000  0.0000000  0.0000000  0.0000000  0.7071068  0.0000000  0.0000000  0.1660091  0.2489364  0.0567217 -0.3607718  0.3327050  0.3916212  0.1141851 
 0.0000000  0.0000000  0.0000000  0.0000000  0.0000000  0.7071068  0.0000000  0.3724959 -0.0723866 -0.3170493 -0.1693519 -0.4181417  0.1756283 -0.1453235 
 0.0000000  0.0000000  0.0000000  0.0000000  0.0000000  0.7071068  0.0000000 -0.3724959  0.0723866  0.3170493  0.1693519  0.4181417 -0.1756283  0.1453235 
 0.0000000  0.0000000  0.0000000  0.0000000  0.0000000  0.0000000  0.7071068 -0.1572958  0.0151262  0.2745838 -0.3774194 -0.3636268 -0.1185731  0.3330218 
 0.0000000  0.0000000  0.0000000  0.0000000  0.0000000  0.0000000  0.7071068  0.1572958 -0.0151262 -0.2745838  0.3774194  0.3636268  0.1185731 -0.3330218 
::::::::::::::
run.008.014
::::::::::::::
 0.7071068  0.0000000  0.0000000 -0.1846990  0.0000000  0.0000000  0.0000000  0.0000000  0.2596446 -0.5104020 -0.2856449  0.0356612  0.1002902  0.2122212 
 0.7071068  0.0000000  0.0000000  0.1846990  0.0000000  0.0000000  0.0000000  0.0000000 -0.2596446  0.5104020  0.2856449 -0.0356612 -0.1002902 -0.2122212 
 0.0000000  0.7071068  0.0000000 -0.1846990  0.0000000  0.0000000  0.0000000  0.0000000  0.4420657  0.2350689  0.3512491  0.0714890  0.1025777  0.2760398 
 0.0000000  0.7071068  0.0000000  0.1846990  0.0000000  0.0000000  0.0000000  0.0000000 -0.4420657 -0.2350689 -0.3512491 -0.0714890 -0.1025777 -0.2760398 
 0.0000000  0.0000000  0.7071068 -0.1846990  0.0000000  0.0000000  0.0000000  0.0000000 -0.3454008 -0.1160455  0.1858969  0.2960470 -0.3165023  0.3327804 
 0.0000000  0.0000000  0.7071068  0.1846990  0.0000000  0.0000000  0.0000000  0.0000000  0.3454008  0.1160455 -0.1858969 -0.2960470  0.3165023 -0.3327804 
 0.0000000  0.0000000  0.0000000  0.8918058  0.0000000  0.0000000  0.0000000  0.0000000  0.1475882 -0.1621143  0.1041752  0.1670098 -0.0470689  0.3400865 
 0.0000000  0.0000000  0.0000000  0.0000000  0.7071068  0.0000000  0.0000000 -0.1846990  0.2144012 -0.2756954  0.2998944 -0.0640020 -0.3700118 -0.3361083 
 0.0000000  0.0000000  0.0000000  0.0000000  0.7071068  0.0000000  0.0000000  0.1846990 -0.2144012  0.2756954 -0.2998944  0.0640020  0.3700118  0.3361083 
 0.0000000  0.0000000  0.0000000  0.0000000  0.0000000  0.7071068  0.0000000 -0.1846990 -0.0941980 -0.0018997  0.0322814 -0.5920167 -0.1099928  0.3055897 
 0.0000000  0.0000000  0.0000000  0.0000000  0.0000000  0.7071068  0.0000000  0.1846990  0.0941980  0.0018997 -0.0322814  0.5920167  0.1099928 -0.3055897 
 0.0000000  0.0000000  0.0000000  0.0000000  0.0000000  0.0000000  0.7071068 -0.1846990 -0.2261964 -0.2418067  0.3520098 -0.0044998  0.4786763 -0.0564703 
 0.0000000  0.0000000  0.0000000  0.0000000  0.0000000  0.0000000  0.7071068  0.1846990  0.2261964  0.2418067 -0.3520098  0.0044998 -0.4786763  0.0564703 
 0.0000000  0.0000000  0.0000000  0.0000000  0.0000000  0.0000000  0.0000000  0.8918058 -0.0439038 -0.2151433  0.2833990 -0.2735958 -0.0005502 -0.0360320 

::::::::::::::
run.009.014
::::::::::::::
 0.7078545  0.0008460 -0.0007923 -0.0001483 -0.0013161 -0.1788289  0.0311014 -0.0114443  0.0087969  0.4424388 -0.3341705 -0.1166180 -0.2447652  0.2912932 
 0.7063580 -0.0014742  0.0007220  0.0000461  0.0013190  0.1797483 -0.0311780  0.0114722 -0.0088121 -0.4432546  0.3348125  0.1169327  0.2451183 -0.2919466 
 0.0001923  0.7056040 -0.0009747  0.0002931 -0.0013159  0.1815107  0.0305832  0.0114433  0.0089753  0.3879503  0.3347344 -0.1172793 -0.2519672 -0.3580960 
 0.0004328  0.7086039  0.0003392 -0.0003034  0.0013147 -0.1802676 -0.0307924 -0.0113358 -0.0089634 -0.3879075 -0.3324194  0.1176688  0.2512206  0.3553764 
 0.0001096  0.0007247  0.7066667  0.0000432  0.0000189 -0.0000064  0.2327041 -0.0000427 -0.0023392  0.1441317  0.1918073 -0.4072890  0.4360443  0.1813338 
-0.0000375 -0.0000891  0.7075450 -0.0000120 -0.0000237 -0.0002101 -0.2322320  0.0000600  0.0023718 -0.1422939 -0.1916248  0.4063320 -0.4365042 -0.1811998 
 0.0000641  0.0000307 -0.0000100  0.7070671 -0.0000017 -0.0000269 -0.0000515 -0.2354255 -0.0000065 -0.3317123  0.0799356 -0.4259847 -0.3678797  0.1068163 
 0.0000383 -0.0000190 -0.0000208  0.7071463  0.0000028  0.0000366  0.0000104  0.2353861  0.0000014  0.3314632 -0.0803728  0.4260342  0.3679509 -0.1063802 
-0.0000005  0.0000000 -0.0000004 -0.0000003  0.7071537  0.0000000  0.0000000  0.0000002 -0.2355378 -0.0297717 -0.4172700 -0.2669665  0.1209084 -0.4284449 
-0.0000001  0.0000000 -0.0000001  0.0000000  0.7070549 -0.0000004 -0.0000001  0.0000002  0.2356370  0.0328871  0.4173348  0.2661033 -0.1227613  0.4282725 
-0.0003631  0.0000856  0.0001284 -0.0001603  0.0000039  0.9328817  0.0000135 -0.0088489 -0.0000935  0.0197274 -0.2579719  0.0007327  0.0033033  0.2504061 
-0.0000203 -0.0000230 -0.0000448  0.0000042  0.0001623  0.0000044  0.9423875  0.0000178 -0.0000039 -0.1252079 -0.0941955  0.2160462 -0.1826898 -0.0854660 
 0.0000032 -0.0000029 -0.0000116 -0.0000013 -0.0000016  0.0000114  0.0000077  0.9426388 -0.0000058 -0.1640205  0.0214420 -0.2128169 -0.1835524  0.0713241 
 0.0000000  0.0000000  0.0000000  0.0000000  0.0000000  0.0000000  0.0000000  0.0000000  0.9426930 -0.0305999 -0.2077419 -0.1308390  0.0724340 -0.2118286 
::::::::::::::
run.010.014
::::::::::::::
 0.7071068 -0.2072302  0.0000000  0.0000000  0.0737056  0.0000000  0.0000000  0.0000000  0.0000000  0.0000000 -0.0082903 -0.5957608 -0.0606213  0.3048746 
 0.7071068  0.2072302  0.0000000  0.0000000 -0.0737056  0.0000000  0.0000000  0.0000000  0.0000000  0.0000000  0.0082903  0.5957608  0.0606213 -0.3048746 
 0.0000000  0.9560917  0.0000000  0.0000000  0.0319510  0.0000000  0.0000000  0.0000000  0.0000000  0.0000000 -0.0035938 -0.2582590 -0.0262790  0.1321615 
 0.0000000  0.0000000  0.7071068 -0.2072302  0.0737056  0.0000000  0.0000000  0.0000000  0.0000000  0.0000000 -0.5362819 -0.0045453  0.4031047  0.0388697 
 0.0000000  0.0000000  0.7071068  0.2072302 -0.0737056  0.0000000  0.0000000  0.0000000  0.0000000  0.0000000  0.5362819  0.0045453 -0.4031047 -0.0388697 
 0.0000000  0.0000000  0.0000000  0.9560917  0.0319510  0.0000000  0.0000000  0.0000000  0.0000000  0.0000000 -0.2324752 -0.0019704  0.1747437  0.0168498 
 0.0000000  0.0000000  0.0000000  0.0000000  0.9880426  0.0000000  0.0000000  0.0000000  0.0000000  0.0000000  0.0888814  0.0979780 -0.0558978 -0.0561036 
 0.0000000  0.0000000  0.0000000  0.0000000  0.0000000  0.7071068 -0.2072302  0.0000000  0.0000000  0.0737056  0.3968386 -0.0880094  0.5322904 -0.0553491 
 0.0000000  0.0000000  0.0000000  0.0000000  0.0000000  0.7071068  0.2072302  0.0000000  0.0000000 -0.0737056 -0.3968386  0.0880094 -0.5322904  0.0553491 
 0.0000000  0.0000000  0.0000000  0.0000000  0.0000000  0.0000000  0.9560917  0.0000000  0.0000000  0.0319510  0.1720274 -0.0381516  0.2307449 -0.0239935 
 0.0000000  0.0000000  0.0000000  0.0000000  0.0000000  0.0000000  0.0000000  0.7071068 -0.2072303  0.0737056  0.0747610  0.2990461  0.0454171  0.5954348 
 0.0000000  0.0000000  0.0000000  0.0000000  0.0000000  0.0000000  0.0000000  0.7071068  0.2072302 -0.0737056 -0.0747609 -0.2990461 -0.0454171 -0.5954348 
 0.0000000  0.0000000  0.0000000  0.0000000  0.0000000  0.0000000  0.0000000  0.0000000  0.9560917  0.0319510  0.0324085  0.1296348  0.0196881  0.2581177 
 0.0000000  0.0000000  0.0000000  0.0000000  0.0000000  0.0000000  0.0000000  0.0000000  0.0000000  0.9880426 -0.0769713 -0.0344440 -0.0942895 -0.0881492 
::::::::::::::
run.011.014
::::::::::::::
 0.6983254 -0.1980557  0.0640822  0.0072263  0.0021367  0.0003847  0.0197923 -0.0001076  0.0001046  0.0012069 -0.0017059  0.1528609 -0.4035026  0.5313899 
 0.7157526  0.1920925 -0.0625365  0.0016536 -0.0015013 -0.0004237 -0.0193268  0.0002906 -0.0001807 -0.0011578  0.0016743 -0.1491335  0.3936185 -0.5189687 
 0.0008570  0.9611689  0.0257762  0.0002807 -0.0011226  0.0005570  0.0077816 -0.0001069  0.0000499  0.0004862 -0.0006986  0.0576207 -0.1595099  0.2160155 
-0.0000139 -0.0000730  0.9956494  0.0000019 -0.0000741 -0.0000301 -0.0027016 -0.0000493 -0.0000425 -0.0001578  0.0002334 -0.0211025  0.0550326 -0.0721173 
-0.0041819 -0.0031326 -0.0005954  0.7081303 -0.1947465  0.0634586 -0.0210752 -0.0010583 -0.0000290  0.0011744 -0.0014688 -0.4843435  0.2995350  0.3630592 
-0.0046299  0.0043369  0.0000748  0.7060428  0.1953533 -0.0636283  0.0209786  0.0010551  0.0000073 -0.0011722  0.0014935  0.4844213 -0.2972538 -0.3684877 
-0.0003397  0.0003468 -0.0002691 -0.0000359  0.9611986  0.0258513 -0.0085832 -0.0005807 -0.0000345  0.0004832 -0.0005920 -0.1971454  0.1223709  0.1466733 
 0.0000137  0.0000883  0.0000140 -0.0000140 -0.0000610  0.9956182  0.0028813  0.0000856 -0.0000007 -0.0001598  0.0002083  0.0667598 -0.0408863 -0.0510641 
 0.0000111 -0.0000014 -0.0000041 -0.0000013 -0.0000150  0.0000052  0.9990999 -0.0000065  0.0000063 -0.0000044  0.0000012 -0.0286454  0.0307775 -0.0056167 
-0.0002040  0.0000299  0.0000235 -0.0000778  0.0000418  0.0000104  0.0000279  0.7072365 -0.1971367  0.0667884  0.0275557 -0.4471044 -0.4565627 -0.2176736 
 0.0000166 -0.0000045  0.0000841  0.0000845  0.0001654  0.0000806 -0.0000771  0.7069751  0.1972109 -0.0668082 -0.0275719  0.4457430  0.4574854  0.2192959 
 0.0000132  0.0000147  0.0000115 -0.0000178  0.0000013 -0.0000105  0.0000076 -0.0000010  0.9603358  0.0274297  0.0113191 -0.1833909 -0.1875259 -0.0898685 
-0.0000004  0.0000000 -0.0000005  0.0000004 -0.0000023  0.0000013  0.0000007 -0.0000002 -0.0000003  0.9951470 -0.0040042  0.0658445  0.0667880  0.0295011 
 0.0000000  0.0000000  0.0000000  0.0000000  0.0000000  0.0000000  0.0000000  0.0000000  0.0000000  0.0000000  0.9991623  0.0259617  0.0271006  0.0163178 
::::::::::::::
run.012.014
::::::::::::::
 1.0000000  0.0000000  0.0000000  0.0000000  0.0000000  0.0000000  0.0000000  0.0000000  0.0000000  0.0000000  0.0000000  0.0000000  0.0000000  0.0000000 
 0.0000000  1.0000000  0.0000000  0.0000000  0.0000000  0.0000000  0.0000000  0.0000000  0.0000000  0.0000000  0.0000000  0.0000000  0.0000000  0.0000000 
 0.0000000  0.0000000  1.0000000  0.0000000  0.0000000  0.0000000  0.0000000  0.0000000  0.0000000  0.0000000  0.0000000  0.0000000  0.0000000  0.0000000 
 0.0000000  0.0000000  0.0000000  1.0000000  0.0000000  0.0000000  0.0000000  0.0000000  0.0000000  0.0000000  0.0000000  0.0000000  0.0000000  0.0000000 
 0.0000000  0.0000000  0.0000000  0.0000000  1.0000000  0.0000000  0.0000000  0.0000000  0.0000000  0.0000000  0.0000000  0.0000000  0.0000000  0.0000000 
 0.0000000  0.0000000  0.0000000  0.0000000  0.0000000  1.0000000  0.0000000  0.0000000  0.0000000  0.0000000  0.0000000  0.0000000  0.0000000  0.0000000 
 0.0000000  0.0000000  0.0000000  0.0000000  0.0000000  0.0000000  1.0000000  0.0000000  0.0000000  0.0000000  0.0000000  0.0000000  0.0000000  0.0000000 
 0.0000000  0.0000000  0.0000000  0.0000000  0.0000000  0.0000000  0.0000000  1.0000000  0.0000000  0.0000000  0.0000000  0.0000000  0.0000000  0.0000000 
 0.0000000  0.0000000  0.0000000  0.0000000  0.0000000  0.0000000  0.0000000  0.0000000  1.0000000  0.0000000  0.0000000  0.0000000  0.0000000  0.0000000 
 0.0000000  0.0000000  0.0000000  0.0000000  0.0000000  0.0000000  0.0000000  0.0000000  0.0000000  1.0000000  0.0000000  0.0000000  0.0000000  0.0000000 
 0.0000000  0.0000000  0.0000000  0.0000000  0.0000000  0.0000000  0.0000000  0.0000000  0.0000000  0.0000000  1.0000000  0.0000000  0.0000000  0.0000000 
 0.0000000  0.0000000  0.0000000  0.0000000  0.0000000  0.0000000  0.0000000  0.0000000  0.0000000  0.0000000  0.0000000  1.0000000  0.0000000  0.0000000 
 0.0000000  0.0000000  0.0000000  0.0000000  0.0000000  0.0000000  0.0000000  0.0000000  0.0000000  0.0000000  0.0000000  0.0000000  1.0000000  0.0000000 
 0.0000000  0.0000000  0.0000000  0.0000000  0.0000000  0.0000000  0.0000000  0.0000000  0.0000000  0.0000000  0.0000000  0.0000000  0.0000000  1.0000000 
