 0.2773501  0.1130771 -0.0422486 -0.7099979 -0.1576905  0.2733819  0.4001610 -0.1097746  0.0069116  0.2340357 -0.1109796 -0.2479447 -0.0633379 
 0.2773501 -0.1113375  0.2617341  0.3401048 -0.3525423  0.1869267  0.2759809  0.2959839  0.3261590  0.2568056 -0.1361061  0.3687855 -0.2768553 
 0.2773501  0.4814634  0.2149240  0.0768519  0.1437936 -0.2742791 -0.2477252 -0.0115452 -0.0008887 -0.0686098 -0.5032955 -0.2528215 -0.3997893 
 0.2773501 -0.0733813  0.0433967  0.2199034  0.5857474  0.1933625 -0.0375661 -0.2817107  0.1498531  0.5025329 -0.1130381 -0.0142675  0.3438221 
 0.2773501  0.5367813 -0.3396992  0.0836938  0.0548947  0.1047224 -0.0072944  0.1521158 -0.4505771  0.1527867  0.3267427  0.3734961 -0.0524049 
 0.2773501 -0.5301827 -0.5460521 -0.0232516  0.0950498  0.0393531 -0.2131428  0.3576728 -0.1774308  0.0083577 -0.2749496 -0.1148909 -0.1974287 
 0.2773501  0.0747388 -0.0317678 -0.0104803  0.2317226 -0.4667052  0.3602785  0.4752782  0.2923888 -0.1388820  0.2681236 -0.2190190  0.2540353 
 0.2773501 -0.0318742  0.2039473  0.2473839 -0.0656679  0.3190200  0.2631392 -0.0025420 -0.4030810 -0.5114428 -0.2532476 -0.1058698  0.3801870 
 0.2773501  0.0001427 -0.0150494  0.2655665 -0.2060739  0.2973434 -0.2426131 -0.1416734  0.1602216 -0.0539892  0.5243683 -0.5497330 -0.1917251 
 0.2773501 -0.0062807 -0.4153600  0.1543031 -0.4199045 -0.4201853  0.0867228 -0.5308185  0.1377515 -0.0242768 -0.1307016  0.1054876  0.1917395 
 0.2773501 -0.3621577  0.2688720 -0.1013278  0.2952025 -0.2334704  0.1970291 -0.3442615 -0.2353260 -0.1772365  0.2874624  0.2237417 -0.4369026 
 0.2773501  0.0695243 -0.0266207 -0.3224780  0.1100644  0.2411963 -0.3813535 -0.0116697  0.4642982 -0.4551601  0.0170172  0.4027531  0.1115478 
 0.2773501 -0.1605136  0.4239237 -0.2202717 -0.3145959 -0.2606662 -0.4536164  0.1529450 -0.2702801  0.2750786  0.0986039  0.0302824  0.3371121 
