 0.7071039  0.2145250 -0.0000005  0.0000004 -0.0000012  0.0000041  0.0000021  0.0000004  0.0000020  0.0000002 -0.0000025 -0.0000011  0.0567989  0.2670878  0.3119602 -0.0930600 -0.3406654  0.3180905  0.2370806 
 0.7071096 -0.2145224  0.0000026  0.0000004  0.0000006 -0.0000006 -0.0000040 -0.0000021  0.0000005 -0.0000004 -0.0000015  0.0000011 -0.0568002 -0.2670872 -0.3119624  0.0930591  0.3406635 -0.3180896 -0.2370678 
-0.0000006  0.9528689  0.0000007 -0.0000001 -0.0000003 -0.0000003  0.0000002 -0.0000005 -0.0000011 -0.0000002 -0.0000002  0.0000003 -0.0255748 -0.1202611 -0.1404672  0.0419028  0.1533901 -0.1432255 -0.1067478 
-0.0000023  0.0000002  0.7071006  0.2145263 -0.0000049  0.0000004  0.0000014  0.0000031 -0.0000018  0.0000021  0.0000011 -0.0000005 -0.0568003 -0.0481644 -0.2754124 -0.4229495 -0.3809678 -0.2200470  0.0120743 
 0.0000003 -0.0000002  0.7071130 -0.2145225  0.0000009 -0.0000003 -0.0000008 -0.0000028  0.0000010 -0.0000031 -0.0000028  0.0000019  0.0567983  0.0481650  0.2754095  0.4229382  0.3809641  0.2200433 -0.0120662 
 0.0000000  0.0000000  0.0000000  0.9528686  0.0000001 -0.0000001  0.0000004 -0.0000015  0.0000001 -0.0000015  0.0000005 -0.0000001  0.0255754  0.0216889  0.1240094  0.1904405  0.1715365  0.0990790 -0.0054371 
 0.0000058  0.0000003  0.0000054 -0.0000009  0.7071047 -0.2145276  0.0000034  0.0000000  0.0000025  0.0000015  0.0000014  0.0000002  0.0567939  0.0087258  0.2742325  0.1184333 -0.2672217 -0.1531301 -0.5163264 
-0.0000052  0.0000007 -0.0000015  0.0000025  0.7071088  0.2145264 -0.0000015 -0.0000008 -0.0000017 -0.0000011 -0.0000009 -0.0000004 -0.0567943 -0.0087266 -0.2742310 -0.1184359  0.2672159  0.1531265  0.5163255 
-0.0000002 -0.0000008  0.0000015 -0.0000008  0.0000000  0.9528674  0.0000000  0.0000011  0.0000016  0.0000010  0.0000001  0.0000011  0.0255726  0.0039256  0.1234799  0.0533297 -0.1203211 -0.0689521 -0.2324896 
 0.0000038 -0.0000010 -0.0000004 -0.0000008  0.0000002  0.0000021  0.7070992  0.2145248  0.0000036 -0.0000002 -0.0000002  0.0000009  0.0567995  0.2869036 -0.0606421 -0.3735597  0.2730140  0.2264917 -0.3152627 
-0.0000020 -0.0000011 -0.0000002 -0.0000004 -0.0000022 -0.0000006  0.7071144 -0.2145198 -0.0000060  0.0000002 -0.0000010  0.0000002 -0.0567990 -0.2868973  0.0606358  0.3735542 -0.2730027 -0.2264886  0.3152576 
 0.0000000 -0.0000001 -0.0000002  0.0000002  0.0000000 -0.0000016 -0.0000003  0.9528696 -0.0000002  0.0000010  0.0000000  0.0000001 -0.0255747 -0.1291832  0.0273054  0.1682020 -0.1229219 -0.1019800  0.1419509 
-0.0000004  0.0000001  0.0000020  0.0000011  0.0000000 -0.0000011  0.0000021 -0.0000019  0.7071046  0.2145305 -0.0000005  0.0000002  0.0568024 -0.4628540 -0.0938717 -0.0299533 -0.1094624  0.4439137 -0.1333003 
-0.0000021  0.0000009 -0.0000012 -0.0000004 -0.0000007  0.0000002  0.0000003 -0.0000007  0.7071090 -0.2145273  0.0000006 -0.0000005 -0.0568036  0.4628469  0.0938676  0.0299564  0.1094592 -0.4439150  0.1333067 
-0.0000002  0.0000002  0.0000000  0.0000000 -0.0000005 -0.0000001 -0.0000004 -0.0000006 -0.0000014  0.9528666  0.0000004  0.0000004 -0.0255772  0.2084127  0.0422689  0.0134895  0.0492921 -0.1998846  0.0600253 
 0.0000020 -0.0000006  0.0000032 -0.0000023  0.0000005  0.0000014 -0.0000004  0.0000011 -0.0000005  0.0000007  0.7071027 -0.2145275  0.0568025  0.2868815 -0.4388438  0.3330325 -0.1855040  0.1477375 -0.0934004 
 0.0000020  0.0000012 -0.0000015  0.0000004 -0.0000010 -0.0000009  0.0000016 -0.0000014  0.0000003 -0.0000009  0.7071109  0.2145239 -0.0568016 -0.2868788  0.4388397 -0.3330268  0.1855039 -0.1477332  0.0934015 
 0.0000000 -0.0000002  0.0000000  0.0000000  0.0000005 -0.0000004 -0.0000013  0.0000003  0.0000001 -0.0000002  0.0000008  0.9528680  0.0255763  0.1291752 -0.1975991  0.1499534 -0.0835292  0.0665214 -0.0420545 
 0.0000000  0.0000000  0.0000000  0.0000000  0.0000000  0.0000000  0.0000000  0.0000000  0.0000000  0.0000000  0.0000000  0.0000000  0.9784484 -0.0556094 -0.0342950 -0.0483146  0.0318230 -0.1538530  0.1065480 
