 0.7071068  0.0000000  0.0000000  0.0000000  0.0000000  0.0000000  0.0000000  0.0000000  0.0000000  0.0000000 -0.4643977  0.1615814  0.0294532 -0.2138761 -0.3311002  0.0960583  0.0698557  0.0128738  0.0929128  0.2812168 
 0.7071068  0.0000000  0.0000000  0.0000000  0.0000000  0.0000000  0.0000000  0.0000000  0.0000000  0.0000000  0.4643977 -0.1615814 -0.0294532  0.2138761  0.3311002 -0.0960583 -0.0698557 -0.0128738 -0.0929128 -0.2812168 
 0.0000000  0.7071068  0.0000000  0.0000000  0.0000000  0.0000000  0.0000000  0.0000000  0.0000000  0.0000000 -0.1690035 -0.0053919 -0.0792878 -0.0602519  0.1134869  0.0522762 -0.3681733 -0.4937003  0.2081813 -0.1524756 
 0.0000000  0.7071068  0.0000000  0.0000000  0.0000000  0.0000000  0.0000000  0.0000000  0.0000000  0.0000000  0.1690035  0.0053919  0.0792878  0.0602519 -0.1134869 -0.0522762  0.3681733  0.4937003 -0.2081813  0.1524756 
 0.0000000  0.0000000  0.7071068  0.0000000  0.0000000  0.0000000  0.0000000  0.0000000  0.0000000  0.0000000  0.1723538  0.2623696 -0.0929431 -0.2106657  0.0887563 -0.1414505  0.3877467 -0.1161798  0.3871267 -0.0827020 
 0.0000000  0.0000000  0.7071068  0.0000000  0.0000000  0.0000000  0.0000000  0.0000000  0.0000000  0.0000000 -0.1723538 -0.2623696  0.0929431  0.2106657 -0.0887563  0.1414505 -0.3877467  0.1161798 -0.3871267  0.0827020 
 0.0000000  0.0000000  0.0000000  0.7071068  0.0000000  0.0000000  0.0000000  0.0000000  0.0000000  0.0000000  0.2578615  0.3356234  0.1674788 -0.1119203 -0.2088490  0.4072899 -0.1553812  0.0530589 -0.0386630 -0.2057491 
 0.0000000  0.0000000  0.0000000  0.7071068  0.0000000  0.0000000  0.0000000  0.0000000  0.0000000  0.0000000 -0.2578615 -0.3356234 -0.1674788  0.1119203  0.2088490 -0.4072899  0.1553812 -0.0530589  0.0386630  0.2057491 
 0.0000000  0.0000000  0.0000000  0.0000000  0.7071068  0.0000000  0.0000000  0.0000000  0.0000000  0.0000000  0.1172579 -0.0958563  0.0933552  0.3479718 -0.4965407 -0.1566907  0.0896932 -0.2256640  0.1075398 -0.0749934 
 0.0000000  0.0000000  0.0000000  0.0000000  0.7071068  0.0000000  0.0000000  0.0000000  0.0000000  0.0000000 -0.1172579  0.0958563 -0.0933552 -0.3479718  0.4965407  0.1566907 -0.0896932  0.2256640 -0.1075398  0.0749934 
 0.0000000  0.0000000  0.0000000  0.0000000  0.0000000  0.7071068  0.0000000  0.0000000  0.0000000  0.0000000 -0.0316544  0.4242030 -0.0208404 -0.0035133 -0.0340605 -0.4597797 -0.1896758 -0.0006870 -0.2606243 -0.0462947 
 0.0000000  0.0000000  0.0000000  0.0000000  0.0000000  0.7071068  0.0000000  0.0000000  0.0000000  0.0000000  0.0316544 -0.4242030  0.0208404  0.0035133  0.0340605  0.4597797  0.1896758  0.0006870  0.2606243  0.0462947 
 0.0000000  0.0000000  0.0000000  0.0000000  0.0000000  0.0000000  0.7071068  0.0000000  0.0000000  0.0000000 -0.0973912  0.0382599  0.6531391  0.0624114  0.2048517 -0.0683055  0.0531006 -0.0573645  0.0715505  0.0265625 
 0.0000000  0.0000000  0.0000000  0.0000000  0.0000000  0.0000000  0.7071068  0.0000000  0.0000000  0.0000000  0.0973912 -0.0382599 -0.6531391 -0.0624114 -0.2048517  0.0683055 -0.0531006  0.0573645 -0.0715505 -0.0265625 
 0.0000000  0.0000000  0.0000000  0.0000000  0.0000000  0.0000000  0.0000000  0.7071068  0.0000000  0.0000000  0.1441027 -0.0754921  0.0455047 -0.2410759 -0.0172785  0.0525925  0.2152943 -0.4088237 -0.4148224  0.1572148 
 0.0000000  0.0000000  0.0000000  0.0000000  0.0000000  0.0000000  0.0000000  0.7071068  0.0000000  0.0000000 -0.1441027  0.0754921 -0.0455047  0.2410759  0.0172785 -0.0525925 -0.2152943  0.4088237  0.4148224 -0.1572148 
 0.0000000  0.0000000  0.0000000  0.0000000  0.0000000  0.0000000  0.0000000  0.0000000  0.7071068  0.0000000 -0.1938657 -0.2190949  0.0701335 -0.2852925 -0.1225831 -0.1129663  0.1013888  0.0946590 -0.1011076 -0.5204347 
 0.0000000  0.0000000  0.0000000  0.0000000  0.0000000  0.0000000  0.0000000  0.0000000  0.7071068  0.0000000  0.1938657  0.2190949 -0.0701335  0.2852925  0.1225831  0.1129663 -0.1013888 -0.0946590  0.1011076  0.5204347 
 0.0000000  0.0000000  0.0000000  0.0000000  0.0000000  0.0000000  0.0000000  0.0000000  0.0000000  0.7071068 -0.2774675  0.2192701 -0.1158826  0.3594708  0.1448986  0.2144862  0.2856658 -0.0973078 -0.1724998 -0.2108423 
 0.0000000  0.0000000  0.0000000  0.0000000  0.0000000  0.0000000  0.0000000  0.0000000  0.0000000  0.7071068  0.2774675 -0.2192701  0.1158826 -0.3594708 -0.1448986 -0.2144862 -0.2856658  0.0973078  0.1724998  0.2108423 
