 0.3779645  0.0000000  0.0520238 -0.1572311 -0.4174585 -0.2323826  0.0668173 -0.3705072 -0.2451025 -0.1142231 -0.0821068  0.3703343  0.0071423 -0.4925842 
 0.3779645  0.0000000  0.3703720  0.3775192 -0.1329915  0.2647931 -0.2334773 -0.3176809  0.3976748 -0.0269706 -0.3505137 -0.0695884 -0.0097148  0.2180422 
 0.3779645  0.0000000  0.1967832  0.1790942  0.5927017  0.0692246 -0.0947350  0.3394396 -0.0781935 -0.2591363  0.0722421  0.1206591 -0.2680630 -0.3757154 
 0.3779645  0.0000000 -0.0014929 -0.4449483 -0.0026747  0.2617177  0.2650740  0.2665523 -0.1397785 -0.2529747 -0.3063426 -0.2560140  0.4324809  0.1392161 
 0.3779645  0.0000000  0.1133094 -0.1092564  0.1984587 -0.2505062  0.3220209  0.0175907  0.0777823  0.7808421 -0.0056698 -0.0406885 -0.0654894  0.0669310 
 0.3779645  0.0000000 -0.2232787  0.0211255 -0.4361089 -0.2869916 -0.4096158  0.4897914  0.1503612 -0.0093090  0.2488165 -0.1379001 -0.0905680  0.1215878 
 0.3779645  0.0000000 -0.5077167  0.1336969  0.1980733  0.1741451  0.0839159 -0.4251861 -0.1627439 -0.1182284  0.4235742  0.0131974 -0.0057880  0.3225225 
 0.0000000  0.3779645  0.1081872  0.2231388  0.1344191 -0.6259591  0.2777569 -0.1030751  0.2164975 -0.3440528  0.0684387 -0.2247359  0.2765712  0.0324898 
 0.0000000  0.3779645  0.3196042 -0.0163907 -0.2876056  0.2308741  0.4370250  0.2023855  0.0069260 -0.1213062  0.2750869  0.3177675 -0.3301829  0.2938093 
 0.0000000  0.3779645  0.0409661 -0.6292204  0.1483645  0.1163899 -0.2821256 -0.2477184  0.4250636 -0.0157927  0.2199702 -0.1141568 -0.1234021 -0.1595404 
 0.0000000  0.3779645  0.2549904 -0.0579377  0.0629274 -0.1454712 -0.3811736 -0.1102700 -0.6704624  0.0719632 -0.1237369 -0.2021924 -0.1393311  0.2754763 
 0.0000000  0.3779645 -0.1846080  0.3095802 -0.2189036  0.3360761  0.1690949  0.0247793 -0.0917174  0.1816476  0.0297812 -0.5144372 -0.0593393 -0.4761179 
 0.0000000  0.3779645 -0.5350487  0.0057914  0.0931512 -0.0794203  0.0262984  0.0898466  0.1238912 -0.0164218 -0.6054463  0.2826237 -0.2780915  0.0876839 
 0.0000000  0.3779645 -0.0040912  0.1650384  0.0676470  0.1675107 -0.2468760  0.1440520 -0.0101985  0.2439627  0.1359061  0.4551311  0.6537757 -0.0538010 
