 0.7564916 -0.1601599 -0.0412334  0.0059002  0.0003034 -0.0023057 -0.0033539  0.0019807  0.0000831  0.0020221  0.0025491 -0.0000207  0.0133371  0.0027764 -0.0018821 -0.0018701  0.0013537  0.2121812 -0.2257245 -0.2255524  0.4088636 -0.0017306  0.2934107 
 0.6529373  0.1819708  0.0472643  0.0113678 -0.0072567  0.0006167 -0.0088785  0.0034163  0.0001860  0.0050623 -0.0053035  0.0014329 -0.0055445  0.0020293 -0.0196901 -0.0111810 -0.0018274 -0.2500559  0.2325899  0.2473588 -0.4917676 -0.0190509 -0.3426886 
 0.0019834  0.9700441 -0.0164310 -0.0012863 -0.0000973 -0.0011800 -0.0001664 -0.0000791  0.0000167 -0.0001642  0.0012437  0.0000136  0.0031031  0.0019606  0.0009154  0.0006705  0.0005178  0.0789928 -0.0953312 -0.0831242  0.1567861  0.0001564  0.1090936 
 0.0000458  0.0004898  0.9977167 -0.0001062 -0.0001231 -0.0001722 -0.0000363 -0.0000380 -0.0000059  0.0000273 -0.0000143 -0.0000615  0.0001609 -0.0001176  0.0003570  0.0001132  0.0000782  0.0165036 -0.0358704 -0.0254081  0.0445940  0.0008192  0.0191585 
 0.0045357  0.0066744  0.0014502  0.7475271  0.1534339  0.0475018 -0.0057122 -0.0055528  0.0002050 -0.0058842 -0.0014624 -0.0007988 -0.0088668 -0.0062520  0.0012024  0.0014986  0.0007809 -0.0709333  0.3883606 -0.1937809  0.2862046  0.3036953 -0.2180923 
-0.0228392 -0.0070549 -0.0016271  0.6633111 -0.1733465 -0.0531586 -0.0066912  0.0071430 -0.0016294  0.0085775  0.0020123  0.0015843  0.0056518  0.0048401  0.0197298 -0.0066377 -0.0012466  0.0806048 -0.4170772  0.2102999 -0.3102161 -0.3752082  0.2533946 
 0.0002272 -0.0004626  0.0004842 -0.0002401  0.9723207 -0.0172892  0.0003492  0.0011797 -0.0006083 -0.0013009 -0.0001329  0.0000625 -0.0024092  0.0014000  0.0008243  0.0001191 -0.0004068  0.0316875 -0.1112625  0.0741734 -0.1036246 -0.1284282  0.0903541 
-0.0000076  0.0000444  0.0000098 -0.0003488  0.0001108  0.9972727 -0.0002285 -0.0001884  0.0000074  0.0000909 -0.0005312  0.0001448 -0.0001247  0.0000677  0.0003454 -0.0000342 -0.0001013  0.0092712 -0.0384666  0.0205974 -0.0319476 -0.0378025  0.0317311 
 0.0139481  0.0025562  0.0019493  0.0040375 -0.0061586  0.0009618  0.6923015 -0.1847654 -0.0538066 -0.0095463 -0.0024754  0.0011166  0.0016431 -0.0059675  0.0038868  0.0077542  0.0017480  0.4097782  0.0857749  0.4344307  0.2247462 -0.1154510 -0.2352972 
-0.0021004 -0.0006541 -0.0013477  0.0077566  0.0045077 -0.0007896  0.7212653  0.1793368  0.0515888  0.0104101  0.0007671  0.0002613 -0.0068474  0.0008235 -0.0051195 -0.0042602 -0.0019326 -0.3938006 -0.0713807 -0.4234069 -0.2188325  0.0902945  0.2217487 
-0.0005186  0.0005220  0.0007068 -0.0013110 -0.0011238  0.0011753 -0.0013798  0.9661710 -0.0198295  0.0002958  0.0008533 -0.0005172  0.0009122 -0.0016522 -0.0008514  0.0000821  0.0007515  0.1482531  0.0377903  0.1637692  0.0898403 -0.0318111 -0.0824403 
 0.0004475  0.0000494  0.0000460  0.0006165 -0.0002096  0.0000467 -0.0000944  0.0000430  0.9969596 -0.0000915 -0.0001275  0.0002767  0.0002440 -0.0001430 -0.0003369  0.0000683  0.0000921  0.0432831  0.0054122  0.0453795  0.0273302 -0.0185978 -0.0318720 
-0.0107322 -0.0005858 -0.0009663 -0.0013644  0.0029315  0.0007828 -0.0046716  0.0026505 -0.0022799  0.6802401 -0.1773607  0.0659938  0.0225250  0.0072577 -0.0039281 -0.0049752  0.0005117  0.4502978  0.0067726 -0.4073999 -0.2701037 -0.0621983 -0.2347041 
 0.0035456  0.0002246  0.0008512 -0.0013434  0.0017451  0.0000854  0.0028319 -0.0079320  0.0006603  0.7321703  0.1661117 -0.0612017  0.0051115 -0.0079210  0.0000422  0.0023715 -0.0007291 -0.4131351  0.0154357  0.3783628  0.2709920  0.0367135  0.2086660 
-0.0006715  0.0002177  0.0003368 -0.0002999  0.0005968  0.0007750 -0.0001908  0.0002970 -0.0004296 -0.0010077  0.9699037  0.0216986  0.0022344  0.0001188  0.0005478 -0.0002093  0.0002995  0.1564166  0.0101583 -0.1349296 -0.1017918 -0.0145815 -0.0738778 
-0.0000175 -0.0002735  0.0000207 -0.0003758  0.0003976 -0.0000495 -0.0004080 -0.0000083 -0.0000600 -0.0000457  0.0008941  0.9956885 -0.0001814  0.0003331  0.0003250 -0.0001941 -0.0000793 -0.0596623 -0.0025824  0.0520746  0.0386900  0.0090916  0.0272993 
-0.0004428  0.0068535  0.0098526 -0.0151989 -0.0159085 -0.0037368 -0.0070357 -0.0012643  0.0005440 -0.0258141 -0.0048089  0.0024351  0.7118683 -0.1719717 -0.0045917  0.0082748 -0.0037612  0.0175058  0.4750157 -0.0715355  0.0050378 -0.4014629  0.2644144 
-0.0084352 -0.0066615 -0.0089909  0.0198096  0.0226803  0.0049494  0.0126156  0.0020428 -0.0001916 -0.0010498  0.0061918 -0.0039644  0.7015751  0.1742629 -0.0087962 -0.0014407  0.0037304 -0.0432526 -0.4695545  0.0802053 -0.0067197  0.4151140 -0.2735606 
-0.0017677  0.0006325  0.0035860 -0.0047740 -0.0064851 -0.0010150  0.0002199 -0.0004097 -0.0000962 -0.0036619  0.0005656 -0.0002051 -0.0000475  0.9694437  0.0009025  0.0003663 -0.0013198  0.0062088  0.1745759 -0.0196906  0.0110789 -0.1416767  0.0947730 
 0.0002673 -0.0030837 -0.0080236 -0.0180486  0.0072183  0.0031303 -0.0048377  0.0048552 -0.0066198 -0.0072837  0.0066499 -0.0015101  0.0064752 -0.0001761  0.7158703 -0.1859315 -0.0075823 -0.2407797 -0.1496524 -0.1584587  0.2195651 -0.4009017 -0.3712100 
 0.0205879  0.0067195  0.0089216 -0.0010049 -0.0038481 -0.0022158  0.0064084 -0.0015041  0.0079620  0.0111261 -0.0087210  0.0014029  0.0066705  0.0000099  0.6975550  0.1939288  0.0077605  0.2350236  0.1667772  0.1562017 -0.2339294  0.4242776  0.3642004 
 0.0045955 -0.0009774 -0.0031245  0.0004308  0.0007849  0.0006838 -0.0047067  0.0035876 -0.0023165 -0.0014599  0.0019579  0.0001172 -0.0050871  0.0015130 -0.0024035  0.9630505 -0.0030351 -0.0976074 -0.0694721 -0.0655110  0.0769731 -0.1610612 -0.1479871 
 0.0000000  0.0000000  0.0000000  0.0000000  0.0000000  0.0000000  0.0000000  0.0000000  0.0000000  0.0000000  0.0000000  0.0000000  0.0000000  0.0000000  0.0000000  0.0000000  0.9999136 -0.0065037  0.0007271 -0.0031350  0.0010637 -0.0103955 -0.0033044 
