 0.7071068 -0.2033894  0.0821239  0.0000000  0.0000000  0.0000000  0.2548117  0.6220606 
 0.7071068  0.2033894 -0.0821239  0.0000000  0.0000000  0.0000000 -0.2548117 -0.6220606 
 0.0000000  0.9577398  0.0348803  0.0000000  0.0000000  0.0000000  0.1082256  0.2642065 
 0.0000000  0.0000000  0.9926201  0.0000000  0.0000000  0.0000000 -0.0459664 -0.1122159 
 0.0000000  0.0000000  0.0000000  0.7071068 -0.2033894  0.0821239  0.6220606 -0.2548117 
 0.0000000  0.0000000  0.0000000  0.7071068  0.2033894 -0.0821239 -0.6220606  0.2548117 
 0.0000000  0.0000000  0.0000000  0.0000000  0.9577398  0.0348803  0.2642065 -0.1082256 
 0.0000000  0.0000000  0.0000000  0.0000000  0.0000000  0.9926201 -0.1122159  0.0459664 
