::::::::::::::
run.001.011
::::::::::::::
 0.3015113 -0.4005408  0.1394704 -0.1783050 -0.1134127 -0.0108645  0.0729038 -0.2262455 -0.5547714  0.4861490  0.2895147 
 0.3015113  0.5858367 -0.3366314  0.1322871 -0.1598181  0.3463199  0.2646234 -0.1956831 -0.3886496 -0.0676743 -0.1601270 
 0.3015113  0.0910863  0.2405703  0.7254358  0.1331922 -0.5121348 -0.0723378 -0.1339088 -0.0535413  0.0468007 -0.0917576 
 0.3015113  0.2880938 -0.0124534 -0.1684473 -0.3671434 -0.3600340  0.3049300  0.3612313  0.2707391  0.0413086  0.4844256 
 0.3015113 -0.4443514 -0.2675322  0.1471355 -0.2143574  0.1262807  0.0914571 -0.4658035  0.3397025 -0.4246092  0.1884050 
 0.3015113  0.3373834  0.1993391 -0.3047490  0.2961819  0.0407097 -0.5932870 -0.2346407 -0.0031568 -0.2316201  0.3355157 
 0.3015113 -0.2682676 -0.3298562 -0.1395288  0.0272798 -0.2656945 -0.2007125  0.4718601 -0.3849420 -0.4125168 -0.2371167 
 0.3015113 -0.0300995  0.1619738 -0.3471836  0.5696896 -0.1129377  0.5523464 -0.1184295  0.1549569 -0.0494407 -0.2802564 
 0.3015113  0.0237330  0.2322315 -0.2467205 -0.4997707 -0.0261437 -0.2575180 -0.1037528  0.2564984  0.1990134 -0.6006605 
 0.3015113 -0.0488125 -0.5178123  0.1250364  0.3165314  0.1793098 -0.2247564  0.1915804  0.3327088  0.5408885  0.0112434 
 0.3015113 -0.1340615  0.4907004  0.2550394  0.0116273  0.5951890  0.0623509  0.4537920  0.0304553 -0.1282991  0.0608139 
::::::::::::::
run.002.011
::::::::::::::
 0.4417261  0.0000000 -0.3578632 -0.0727820  0.0513763  0.2692544 -0.4710255 -0.1916590 -0.5628399 -0.1422423 -0.0275231 
 0.4417261  0.0000000  0.5386690 -0.0648504 -0.2096825  0.0660088 -0.3038267  0.3151734  0.2537948 -0.2506262 -0.3785684 
 0.4417261  0.0000000 -0.1262167  0.2274410 -0.0118451  0.1323492  0.6421250  0.0941285  0.0053939 -0.4985346  0.2231832 
 0.4417261  0.0000000 -0.2271813 -0.2192237 -0.0150240 -0.0248490  0.2821724  0.3399046 -0.0118641  0.6915531 -0.1755609 
 0.3312946 -0.1104315  0.2421615 -0.3487427  0.4315624 -0.5049651  0.0875334 -0.4936631  0.0504445 -0.0337621  0.0387220 
 0.3312946  0.1104315 -0.0120386  0.5212961 -0.1846621 -0.0853862 -0.2867937 -0.2497336  0.3702425  0.3002288  0.4392368 
 0.0000000  0.4417261 -0.1699076 -0.4321502 -0.6423954 -0.3506618  0.0118725 -0.0566644 -0.0214147 -0.1562759  0.1593346 
 0.0000000  0.4417261 -0.4488043 -0.1246232  0.4499683  0.0679160 -0.1710827  0.1192283  0.5320371 -0.1889906 -0.1362797 
 0.0000000  0.4417261  0.4424519 -0.2685394  0.2381903  0.3975290  0.0159127  0.1276950 -0.1515058  0.1381724  0.5134512 
 0.0000000  0.4417261  0.1021766  0.4421534  0.2198870 -0.5178805 -0.0336237  0.3034329 -0.4146483 -0.0157409 -0.1304027 
 0.0000000  0.4417261  0.1376334  0.1656498 -0.1115940  0.2982025  0.2705029 -0.5546741 -0.0244177  0.1393373 -0.5062321 
::::::::::::::
run.003.011
::::::::::::::
 0.5588388  0.0000000  0.0000000 -0.1570568  0.1260251  0.4203172 -0.1551162  0.1819942  0.6029951 -0.0714036 -0.2111847 
 0.5588388  0.0000000  0.0000000  0.2720274 -0.3911524 -0.0652968  0.1026683  0.4098947 -0.3864331  0.3570057 -0.0331421 
 0.4332426  0.0000000 -0.1255962 -0.3818915  0.1577790 -0.0467768  0.2781690 -0.4283733 -0.0802634  0.1555834  0.5762577 
 0.4332426  0.0000000  0.1255962  0.2335912  0.1842082 -0.4111634 -0.2105166 -0.3351029 -0.1990794 -0.5239810 -0.2611009 
 0.0000000  0.5588388  0.0000000 -0.0600454  0.5163298 -0.1862676  0.4901166  0.2828748 -0.0311649  0.0554785 -0.2419092 
 0.0000000  0.5588388  0.0000000 -0.1234270 -0.2618467 -0.3224072 -0.4306731 -0.2704556  0.2290422  0.4201833 -0.1109727 
 0.0000000  0.4332426 -0.1255962  0.2748816  0.2503835  0.3685095 -0.4484900  0.1551204 -0.2592587 -0.1553440  0.4537873 
 0.0000000  0.4332426  0.1255962 -0.0382208 -0.5786407  0.2876291  0.3718139 -0.1711399  0.0040171 -0.4582111  0.0013943 
 0.0000000  0.0000000  0.5588388  0.6103583  0.1261253  0.0853977  0.2011958 -0.2502588  0.2964424  0.2564981  0.1875712 
 0.0000000  0.0000000  0.5588388 -0.3039887 -0.0783104 -0.3689968 -0.1298477  0.4580125  0.1341758 -0.2282512  0.3952989 
 0.0000000  0.0000000  0.5588388 -0.3743281  0.1325641  0.3836706 -0.1458776 -0.1553904 -0.4630848  0.1925496 -0.2930051 
::::::::::::::
run.004.011
::::::::::::::
 0.5277331  0.0000000  0.0000000  0.1378459 -0.7185941 -0.3302150 -0.0752883 -0.1151077 -0.2396299 -0.0187079 -0.0196547 
 0.5277331  0.0000000  0.0000000 -0.1378459  0.2733961  0.0426753 -0.3460536  0.0467511  0.2324997  0.0398727  0.6695856 
 0.6655791  0.0000000  0.0000000  0.0000000  0.3529945  0.2279883  0.3340791  0.0541995  0.0056534 -0.0167814 -0.5153259 
 0.0000000  0.5277331  0.0000000  0.1378459  0.2537529 -0.4053170 -0.1810496 -0.5791651  0.2150336  0.1567770 -0.1865320 
 0.0000000  0.5277331  0.0000000 -0.1378459 -0.1735022  0.3201969 -0.3564639  0.1802222  0.0867713 -0.6118967 -0.1684455 
 0.0000000  0.6655791  0.0000000  0.0000000 -0.0636302  0.0674912  0.4261908  0.3163191 -0.2392990  0.3608613  0.2814593 
 0.0000000  0.0000000  0.5277331  0.1378459 -0.0853946  0.2292078  0.4519994 -0.4609675  0.1019701 -0.3541365  0.3001045 
 0.0000000  0.0000000  0.5277331 -0.1378459 -0.1269550 -0.3617524  0.0679038  0.4316053  0.5769105  0.0895680 -0.1541806 
 0.0000000  0.0000000  0.6655791  0.0000000  0.1683706  0.1050937 -0.4122277  0.0232812 -0.5382798  0.2097745 -0.1157021 
 0.0000000  0.0000000  0.0000000  0.6655791  0.3072585 -0.3751364  0.0320376  0.3357843 -0.1702677 -0.4081106  0.1120114 
 0.0000000  0.0000000  0.0000000  0.6655791 -0.1989055  0.4802315 -0.2039932  0.0398699  0.3398483  0.3529397 -0.0596047 
::::::::::::::
run.005.011
::::::::::::::
 0.5626281 -0.0634947 -0.0384558  0.0261813 -0.0158542 -0.0109765 -0.0281486  0.6404594 -0.3152204 -0.4070826 -0.0286568 
 0.5626282  0.0634947 -0.0384558 -0.0261813 -0.0158543 -0.0773382 -0.3860353 -0.6037280  0.2176080 -0.3111650 -0.1154704 
 0.6057220  0.0000000  0.0714398  0.0000000  0.0294526  0.0820316  0.3847170 -0.0341181  0.0906677  0.6671482  0.1338734 
 0.0000000  0.7065001  0.0000000  0.0001143  0.0000000 -0.0991615  0.1062045 -0.2113641 -0.5273026 -0.0665832  0.3906265 
 0.0000000  0.7019932  0.0000000  0.0046211  0.0000000  0.1058005 -0.0745158  0.3252569  0.4824941  0.0583349 -0.3852821 
 0.0000000  0.0000000  0.7065813  0.0000000 -0.0000331  0.0935596 -0.0717285  0.1146160  0.3572024 -0.1995419  0.5534412 
 0.0000000  0.0000000  0.7019128  0.0000000 -0.0047016 -0.1073695  0.0103577 -0.1098934 -0.3741542  0.0936168 -0.5786440 
 0.0000000  0.0000000  0.0000000  0.7066144  0.0000000 -0.6728549 -0.1075833  0.0854473  0.1007557  0.1231147  0.0614664 
 0.0000000  0.0000000  0.0000000  0.7066144  0.0000000  0.6697202  0.0947931 -0.1336396 -0.0840836 -0.1199316 -0.0622265 
 0.0000000  0.0000000  0.0000000  0.0000000  0.7066144 -0.1523593  0.5614826 -0.1072169  0.1528957 -0.3421835 -0.1012818 
 0.0000000  0.0000000  0.0000000  0.0000000  0.7066144  0.1462485 -0.5867456  0.1087373 -0.1613377  0.2988742  0.0886438 

::::::::::::::
run.006.011
::::::::::::::
 0.7071068  0.0000000  0.0000000  0.0000000  0.0000000 -0.1583985 -0.5965276 -0.0644176  0.2168698 -0.0823061 -0.2472009 
 0.7071068  0.0000000  0.0000000  0.0000000  0.0000000  0.1583985  0.5965276  0.0644176 -0.2168698  0.0823061  0.2472009 
 0.0000000  0.7071068  0.0000000  0.0000000  0.0000000 -0.1583985 -0.0644004  0.4139810 -0.3239786  0.3597323 -0.2549760 
 0.0000000  0.7071068  0.0000000  0.0000000  0.0000000  0.1583985  0.0644004 -0.4139810  0.3239786 -0.3597323  0.2549760 
 0.0000000  0.0000000  0.7071068  0.0000000  0.0000000 -0.1583985 -0.0832755 -0.3778298  0.0059686  0.5205538  0.2328259 
 0.0000000  0.0000000  0.7071068  0.0000000  0.0000000  0.1583985  0.0832755  0.3778298 -0.0059686 -0.5205538 -0.2328259 
 0.0000000  0.0000000  0.0000000  0.7071068  0.0000000 -0.1583985  0.3449954 -0.0533566  0.4147033  0.1427915 -0.4008403 
 0.0000000  0.0000000  0.0000000  0.7071068  0.0000000  0.1583985 -0.3449954  0.0533566 -0.4147033 -0.1427915  0.4008403 
 0.0000000  0.0000000  0.0000000  0.0000000  0.7071068 -0.1583985 -0.0365117  0.4140819  0.3792583  0.0667437  0.3922008 
 0.0000000  0.0000000  0.0000000  0.0000000  0.7071068  0.1583985  0.0365117 -0.4140819 -0.3792583 -0.0667437 -0.3922008 
 0.0000000  0.0000000  0.0000000  0.0000000  0.0000000  0.8655052 -0.1594845  0.1216884  0.2535903  0.3687762 -0.1017516 
::::::::::::::
run.007.011
::::::::::::::
 0.7071068  0.0000000  0.0000000 -0.1906044  0.0000000  0.0230432  0.0213032  0.0823670 -0.2493806  0.5161141  0.3568422 
 0.7071068  0.0000000  0.0000000  0.1906044  0.0000000 -0.0230432 -0.0213032 -0.0823670  0.2493806 -0.5161141 -0.3568422 
 0.0000000  0.7071068  0.0000000 -0.1906044  0.0000000 -0.0230432  0.0213032  0.0641195  0.0781492 -0.4109207  0.5325511 
 0.0000000  0.7071068  0.0000000  0.1906044  0.0000000  0.0230432 -0.0213032 -0.0641195 -0.0781492  0.4109207 -0.5325511 
 0.0000000  0.0000000  0.7071068  0.0000000  0.0000000 -0.2349507  0.0000000 -0.0081393  0.6133588  0.2456745  0.0903709 
 0.0000000  0.0000000  0.7071068  0.0000000  0.0000000  0.2349507  0.0000000  0.0081393 -0.6133588 -0.2456745 -0.0903709 
 0.0000000  0.0000000  0.0000000  0.9244890  0.0000000  0.0000000  0.0175685  0.0604030 -0.0706065  0.0433760  0.3667372 
 0.0000000  0.0000000  0.0000000  0.0000000  0.7071068  0.0000000 -0.2349507 -0.6565165 -0.0337385  0.0219085  0.1102993 
 0.0000000  0.0000000  0.0000000  0.0000000  0.7071068  0.0000000  0.2349507  0.6565165  0.0337385 -0.0219085 -0.1102993 
 0.0000000  0.0000000  0.0000000  0.0000000  0.0000000  0.9420575  0.0000000 -0.0049526  0.3219685  0.0771918  0.0536732 
 0.0000000  0.0000000  0.0000000  0.0000000  0.0000000  0.0000000  0.9420575 -0.3352242 -0.0077679  0.0053616  0.0079539 
::::::::::::::
run.008.011
::::::::::::::
 0.7071068  0.2039737  0.0000000  0.0000000 -0.0606474  0.0000000  0.0000000 -0.0202158  0.6318264  0.2322183  0.0343210 
 0.7071068 -0.2039737  0.0000000  0.0000000  0.0606474  0.0000000  0.0000000  0.0202158 -0.6318264 -0.2322183 -0.0343210 
 0.0000000  0.9574912  0.0000000  0.0000000  0.0258393  0.0000000  0.0000000  0.0086131 -0.2691952 -0.0989386 -0.0146228 
 0.0000000  0.0000000  0.7071068 -0.2039737  0.0606474  0.0000000  0.0000000 -0.0202158 -0.0504799  0.0523900  0.6700858 
 0.0000000  0.0000000  0.7071068  0.2039737 -0.0606474  0.0000000  0.0000000  0.0202158  0.0504799 -0.0523900 -0.6700858 
 0.0000000  0.0000000  0.0000000  0.9574912  0.0258393  0.0000000  0.0000000 -0.0086131 -0.0215074  0.0223212  0.2854959 
 0.0000000  0.0000000  0.0000000  0.0000000  0.9919437  0.0000000  0.0000000  0.0000000  0.0910049  0.0239852 -0.0847973 
 0.0000000  0.0000000  0.0000000  0.0000000  0.0000000  0.7071068 -0.2039737  0.0808632  0.2296571 -0.6279925  0.0688394 
 0.0000000  0.0000000  0.0000000  0.0000000  0.0000000  0.7071068  0.2039737 -0.0808632 -0.2296571  0.6279925 -0.0688394 
 0.0000000  0.0000000  0.0000000  0.0000000  0.0000000  0.0000000  0.9574912  0.0344525  0.0978474 -0.2675617  0.0293296 
 0.0000000  0.0000000  0.0000000  0.0000000  0.0000000  0.0000000  0.0000000  0.9919437 -0.0149954  0.1243343  0.0190753 
::::::::::::::
run.009.011
::::::::::::::
-0.6706338 -0.1932943 -0.0575055  0.0056673  0.0007196  0.0005692  0.0061759  0.0028261 -0.0030710 -0.3690580  0.6109733 
-0.7417326  0.1741801  0.0519234 -0.0051376 -0.0017757 -0.0085597 -0.0048912 -0.0023093  0.0027640  0.3415594 -0.5477184 
-0.0004325  0.9655485 -0.0208383  0.0020564 -0.0008513  0.0029124  0.0023309  0.0010621 -0.0011184 -0.1324985  0.2229450 
-0.0000603 -0.0000382  0.9967752  0.0006383 -0.0009251 -0.0000316 -0.0000260  0.0003651 -0.0003439 -0.0422610  0.0682035 
-0.0000000 -0.0000000  0.0000000 -0.9999675 -0.0000000  0.0000000 -0.0000000  0.0000000 -0.0000272 -0.0053285  0.0060568 
 0.0040090 -0.0034885 -0.0002328 -0.0009639 -0.6886449  0.2160263  0.0527448  0.0156923 -0.0009799  0.5891188  0.3591398 
 0.0027015 -0.0015603  0.0012083 -0.0009325  0.7250825  0.1995197  0.0505198  0.0149221 -0.0009251  0.5619428  0.3404110 
 0.0077124  0.0001529 -0.0003961 -0.0003569 -0.0042731 -0.9557418  0.0224817  0.0067408 -0.0004446  0.2467895  0.1581878 
 0.0000065 -0.0000546 -0.0006457 -0.0000412  0.0002243  0.0000396 -0.9970420  0.0017666 -0.0001439  0.0609330  0.0468053 
 0.0000277  0.0000002 -0.0000700  0.0000012  0.0000102  0.0000507 -0.0000029  0.9997339  0.0000488 -0.0174179 -0.0151216 
-0.0000000 -0.0000000  0.0000000 -0.0000049  0.0000000 -0.0000000  0.0000000 -0.0000000 -0.9999898  0.0010239 -0.0044079 
::::::::::::::
run.010.011
::::::::::::::
 1.0000000  0.0000000  0.0000000  0.0000000  0.0000000  0.0000000  0.0000000  0.0000000  0.0000000  0.0000000  0.0000000 
 0.0000000  1.0000000  0.0000000  0.0000000  0.0000000  0.0000000  0.0000000  0.0000000  0.0000000  0.0000000  0.0000000 
 0.0000000  0.0000000  1.0000000  0.0000000  0.0000000  0.0000000  0.0000000  0.0000000  0.0000000  0.0000000  0.0000000 
 0.0000000  0.0000000  0.0000000  1.0000000  0.0000000  0.0000000  0.0000000  0.0000000  0.0000000  0.0000000  0.0000000 
 0.0000000  0.0000000  0.0000000  0.0000000  1.0000000  0.0000000  0.0000000  0.0000000  0.0000000  0.0000000  0.0000000 
 0.0000000  0.0000000  0.0000000  0.0000000  0.0000000  1.0000000  0.0000000  0.0000000  0.0000000  0.0000000  0.0000000 
 0.0000000  0.0000000  0.0000000  0.0000000  0.0000000  0.0000000  1.0000000  0.0000000  0.0000000  0.0000000  0.0000000 
 0.0000000  0.0000000  0.0000000  0.0000000  0.0000000  0.0000000  0.0000000  1.0000000  0.0000000  0.0000000  0.0000000 
 0.0000000  0.0000000  0.0000000  0.0000000  0.0000000  0.0000000  0.0000000  0.0000000  1.0000000  0.0000000  0.0000000 
 0.0000000  0.0000000  0.0000000  0.0000000  0.0000000  0.0000000  0.0000000  0.0000000  0.0000000  1.0000000  0.0000000 
 0.0000000  0.0000000  0.0000000  0.0000000  0.0000000  0.0000000  0.0000000  0.0000000  0.0000000  0.0000000  1.0000000 
