 0.3333333  0.0000000 -0.3138455 -0.3188418  0.1511896 -0.1341784  0.1559581  0.0647133  0.2249991  0.3395533 -0.2596822 -0.3070354  0.0690486  0.1201114  0.4206156 -0.3032403 -0.0534604  0.0283833 
 0.3333333  0.0000000 -0.3494704  0.2145457  0.2605358  0.0810466 -0.5047994 -0.0529352 -0.1535608 -0.2184503  0.1596299 -0.3636389  0.0784144 -0.3095634 -0.0899750 -0.0705532  0.2091972 -0.0287405 
 0.3333333  0.0000000  0.2139110  0.0634607  0.1492410  0.0109733 -0.1268033 -0.0289123 -0.3626563  0.0553796 -0.0598824 -0.0738410  0.2313981  0.7122627 -0.2561453  0.0072652 -0.1704819  0.0240836 
 0.3333333  0.0000000  0.0487427  0.3552590 -0.4450951 -0.1490634  0.2942231  0.3675335  0.1360038 -0.1360166 -0.1051192 -0.2892768  0.0417403  0.0197500 -0.0498881  0.2719421  0.2494167  0.2140454 
 0.3333333  0.0000000  0.4350715 -0.3612713 -0.0644430  0.1204285  0.0668219  0.0171229  0.0747392  0.1915763  0.3848051 -0.0170697  0.3734576 -0.2535623 -0.0156244  0.1087312  0.1658035 -0.3342078 
 0.3333333  0.0000000 -0.0278320 -0.3083446  0.0777990 -0.2378945  0.1289813  0.1606047 -0.3291380  0.0937643 -0.0793758  0.2717622 -0.4993312 -0.1868766 -0.3803896 -0.1228880  0.1937142  0.0954212 
 0.3333333  0.0000000 -0.2709861  0.0977321 -0.2260218  0.2970278 -0.2929531  0.1059829  0.1484281  0.2635652 -0.1658540  0.3760913 -0.1248197 -0.0344347  0.0252755  0.3698764 -0.3310387 -0.2128123 
 0.3333333  0.0000000  0.3581336  0.2584414  0.1181792 -0.2281594 -0.0743928 -0.5216981  0.0464857 -0.0349020 -0.0621580  0.2368264 -0.1713136 -0.0646999  0.4414105  0.0908491  0.1047132  0.1979532 
 0.3333333  0.0000000 -0.0937247 -0.0009810 -0.0213847  0.2398194  0.3529641 -0.1124116  0.2146991 -0.5544699  0.1876367  0.1661819  0.0014055 -0.0029871 -0.0952792 -0.3519825 -0.3678638  0.0158738 
 0.0000000  0.3333333  0.2142997  0.2449678  0.1160458 -0.2076993 -0.1807853  0.4667027  0.1330431  0.0830732  0.4252654 -0.0278834 -0.3306530  0.1072814  0.1843993 -0.2238866 -0.1992189 -0.1580125 
 0.0000000  0.3333333  0.1357997  0.1505301  0.1831136  0.1390408  0.1093165 -0.2101741  0.2455446  0.4036151 -0.0251959 -0.2371595 -0.0113337 -0.2444522 -0.4272904  0.0289814 -0.2697423  0.3777060 
 0.0000000  0.3333333 -0.1503895 -0.0960025  0.0398154  0.2313162  0.2577375  0.0847255 -0.5666427 -0.0128242  0.2277685 -0.0308327  0.0339238 -0.1032284  0.3906389  0.2902591 -0.1665647  0.2790672 
 0.0000000  0.3333333 -0.0051568 -0.1188335 -0.0567358 -0.3214765  0.1083079 -0.2744042 -0.0715175 -0.2294996 -0.2028853 -0.3427171 -0.1828933 -0.0447647 -0.0761573  0.2796998 -0.2423395 -0.5352850 
 0.0000000  0.3333333 -0.0064425 -0.0670005  0.5626530  0.2164401  0.1091180  0.1938257  0.3044887 -0.2238222 -0.1945384  0.1826943  0.0114671  0.1682588 -0.0137956  0.2951154  0.3712484 -0.0622486 
 0.0000000  0.3333333 -0.4028835  0.3186359 -0.1094803 -0.1988650  0.2489967 -0.2451342 -0.0522457  0.2626225  0.2221155  0.2975602  0.2438654  0.1159297 -0.1054557 -0.1612479  0.2856380 -0.2241052 
 0.0000000  0.3333333  0.1926561  0.0038693 -0.3492591  0.5447563 -0.0882931 -0.1207111 -0.1116148  0.0300270 -0.2376618 -0.1427291 -0.2599053  0.0865880  0.0831662 -0.3648025  0.3032280 -0.1159409 
 0.0000000  0.3333333  0.1593341  0.0195888 -0.0584274 -0.2141049 -0.1889241  0.2433035 -0.1307995 -0.1480273 -0.4467120  0.2554839  0.4780642 -0.3079467  0.0243787 -0.2497911 -0.1584896  0.0603708 
 0.0000000  0.3333333 -0.1372173 -0.4557554 -0.3277251 -0.1894077 -0.3754741 -0.1381337  0.2497436 -0.1651645  0.2318439  0.0455834  0.0174648  0.2223342 -0.0598842  0.1056724  0.0762405  0.3784482 
