 0.5773503  0.0000000  0.0000000  0.0000000  0.2027052 -0.3256957  0.2584162  0.4014934 -0.2835851  0.1138721  0.3348428  0.2932859 
 0.5773503  0.0000000  0.0000000  0.0000000 -0.2939558  0.1666984  0.2048740 -0.6358274  0.2655840 -0.0939784  0.0810086  0.1424404 
 0.5773503  0.0000000  0.0000000  0.0000000  0.0912506  0.1589973 -0.4632902  0.2343339  0.0180011 -0.0198937 -0.4158514 -0.4357264 
 0.0000000  0.5773503  0.0000000  0.0000000  0.0184174 -0.1715141  0.5176329  0.2103208  0.3412242 -0.1664322 -0.4182801 -0.0750998 
 0.0000000  0.5773503  0.0000000  0.0000000  0.3062487  0.4607288 -0.1940011  0.0177894  0.2041000  0.3144749  0.4251817  0.0363831 
 0.0000000  0.5773503  0.0000000  0.0000000 -0.3246661 -0.2892147 -0.3236318 -0.2281102 -0.5453242 -0.1480427 -0.0069016  0.0387167 
 0.0000000  0.0000000  0.5773503  0.0000000  0.1583495 -0.2174919 -0.3028443  0.0543215  0.3375615 -0.5640218  0.2251833  0.1297999 
 0.0000000  0.0000000  0.5773503  0.0000000 -0.0168227 -0.3307111  0.1173229 -0.2063974  0.0187224  0.5616263  0.0448566 -0.4276243 
 0.0000000  0.0000000  0.5773503  0.0000000 -0.1415269  0.5482030  0.1855215  0.1520759 -0.3562840  0.0023955 -0.2700399  0.2978244 
 0.0000000  0.0000000  0.0000000  0.5773503 -0.0082286  0.1958021  0.2797799  0.0286735 -0.2237292 -0.3474177  0.3290432 -0.5197482 
 0.0000000  0.0000000  0.0000000  0.5773503  0.5605086 -0.1180710 -0.0728849 -0.3407703 -0.0842639  0.0879892 -0.3441809  0.2895107 
 0.0000000  0.0000000  0.0000000  0.5773503 -0.5522800 -0.0777311 -0.2068951  0.3120967  0.3079931  0.2594285  0.0151377  0.2302376 
