 0.5555476 -0.0722543  0.0358213 -0.0297718  0.0000007  0.0000004  0.0000002  0.0000001 -0.0130712 -0.2936447  0.2905245  0.2111262 -0.1061557 -0.1602020  0.0732273 -0.2808793  0.0148458  0.5038739 -0.1522140  0.2648250 
 0.5555464  0.0722548  0.0358206  0.0297719  0.0000001 -0.0000004 -0.0000008 -0.0000008 -0.0130714  0.0926174 -0.0302400  0.0397707 -0.3344841  0.0302645 -0.1308339 -0.1908375 -0.0970204 -0.3251696  0.4296111 -0.4546284 
 0.6186558 -0.0000001 -0.0643338  0.0000000 -0.0000001  0.0000002  0.0000004  0.0000006  0.0234759  0.1805212 -0.2337330 -0.2253031  0.3956901  0.1166826  0.0517300  0.4235966  0.0737922 -0.1604763 -0.2490998  0.1704414 
-0.0000002  0.7008478  0.0000000 -0.0056204  0.0000000  0.0000001  0.0000001  0.0000000  0.0000000  0.3953874 -0.0584388  0.0101783 -0.1727210 -0.1408522  0.2948088 -0.1034362 -0.3788580  0.0463277 -0.1294305  0.1980296 
 0.0000000  0.7059539  0.0000000 -0.0005145 -0.0000001  0.0000000  0.0000000  0.0000000  0.0000000 -0.4320613  0.0908463  0.0074335  0.1948415  0.1203391 -0.2717907  0.0934723  0.3875677  0.0388600  0.0689442 -0.1229609 
 0.0000000  0.0000000  0.7054431  0.0000000  0.0000000  0.0000000  0.0000000  0.0000000  0.0010255  0.0856205 -0.0498512  0.3757506  0.4762712 -0.2695454  0.0395022  0.0014562 -0.0724903 -0.0365471  0.2061449 -0.0347370 
 0.0000000  0.0000000  0.7040206  0.0000000  0.0000000  0.0000000  0.0000000  0.0000001  0.0024478 -0.0590690  0.0153496 -0.4098641 -0.4186553  0.2873639 -0.0319240  0.0612508  0.0835607  0.0128639 -0.2434382  0.0600389 
 0.0000000  0.0000000  0.0000000  0.7064685  0.0000000  0.0000000  0.0000000  0.0000000  0.0000000 -0.0013462  0.5242075 -0.1641759 -0.0305400 -0.2505084  0.0566017  0.3089842 -0.0519552 -0.1103485  0.1304985  0.0698934 
 0.0000000  0.0000000  0.0000000  0.7064685  0.0000000  0.0000000  0.0000000  0.0000000  0.0000000 -0.0121008 -0.5110886  0.1714830  0.0389303  0.2414486 -0.0458551 -0.3135341  0.0539374  0.1456824 -0.1559976 -0.0380885 
 0.0000004  0.0000003 -0.0000004  0.0000001  0.5555883 -0.0722204  0.0358444 -0.0297361 -0.0130779 -0.1729364 -0.1857664 -0.1337644  0.0074643 -0.0146512 -0.1178463  0.3335223 -0.4531814  0.4418483  0.1330957 -0.2402991 
-0.0000003  0.0000000  0.0000002  0.0000006  0.5555844  0.0722213  0.0358447  0.0297362 -0.0130789  0.1296163  0.0196807  0.3778054 -0.2231505  0.2581988  0.3163447  0.1834424  0.3921425 -0.0820380  0.2198504  0.2545923 
-0.0000008 -0.0000001  0.0000001 -0.0000005  0.6185851 -0.0000005 -0.0643881  0.0000001  0.0234929  0.0389094  0.1491713 -0.2191857  0.1937195 -0.2187429 -0.1782815 -0.4643152  0.0548252 -0.3231683 -0.3170006 -0.0128361 
-0.0000001  0.0000001  0.0000000  0.0000000  0.0000000  0.7063399  0.0000000 -0.0001283  0.0000001 -0.3720905 -0.0204508  0.1003001  0.0185666  0.1762969 -0.0520155  0.0028956 -0.4040517 -0.2973464  0.0128940  0.2572471 
 0.0000000 -0.0000001  0.0000000  0.0000001  0.0000001  0.7004657  0.0000001 -0.0060024  0.0000000  0.3440166 -0.0005599 -0.1538865  0.0050551 -0.2059075  0.0076844  0.0125533  0.3202839  0.3538539 -0.0219469 -0.3104301 
 0.0000000  0.0000000  0.0000001  0.0000000  0.0000001 -0.0000002  0.7033019 -0.0000001  0.0031663 -0.0036964  0.1692168 -0.2682295  0.2866890  0.3119670  0.3233647 -0.2614461 -0.0521565  0.0736718  0.2013479 -0.0603308 
 0.0000000  0.0000000  0.0000000  0.0000000  0.0000000 -0.0000001  0.7061522  0.0000000  0.0003163  0.0094282 -0.1465015  0.2347735 -0.2569204 -0.3430156 -0.3483916  0.1918121  0.0600430 -0.1211059 -0.2473548  0.0581906 
 0.0000000  0.0000000 -0.0000001  0.0000000  0.0000000  0.0000000  0.0000000  0.7064685  0.0000000 -0.1980689  0.0447597  0.1458302 -0.0188638 -0.0280970  0.3710307  0.0995271 -0.0380468 -0.1015385 -0.3373285 -0.4051398 
 0.0000000  0.0000000  0.0000000  0.0000000  0.0000000 -0.0000001  0.0000000  0.7064685  0.0000000  0.1881894 -0.0534155 -0.1686519  0.0286163  0.0148949 -0.3892506 -0.0931035  0.0051138  0.1265418  0.3334935  0.3817177 
 0.0000000  0.0000000  0.0000000  0.0000000  0.0000000  0.0000000  0.0000000  0.0000000  0.7064687  0.2575712  0.3158858  0.2557108  0.0556571  0.3518189 -0.2641642  0.0458202 -0.1404111  0.0810462 -0.1735725 -0.1192460 
 0.0000000  0.0000000  0.0000000  0.0000000  0.0000000  0.0000000  0.0000000  0.0000000  0.7064687 -0.2692922 -0.3120117 -0.2298031 -0.0878044 -0.3481665  0.2697428 -0.0427422  0.1335086 -0.0552676  0.2038107  0.1108489 
