::::::::::::::
run.001.009
::::::::::::::
 0.3333333 -0.1318885 -0.4389046 -0.0574416 -0.2240547 -0.1943733  0.0873857 -0.7176353 -0.2548320 
 0.3333333 -0.6996295 -0.0395681  0.1404186  0.0262378  0.0561759 -0.5012396  0.0917003  0.3385707 
 0.3333333 -0.2600158  0.3144666 -0.2364914  0.1849161 -0.5271634  0.5630643  0.1331063  0.1400332 
 0.3333333 -0.1355191  0.2338490  0.0695557 -0.1769456  0.1208411 -0.0679153  0.3317702 -0.8064762 
 0.3333333  0.1208813 -0.3917870 -0.3731292  0.6544271  0.3625025  0.0317632  0.1275354 -0.0678017 
 0.3333333  0.2461041 -0.4412361  0.6121992 -0.1450803 -0.0938577  0.2495102  0.3709630  0.1706399 
 0.3333333  0.2557925  0.0167405 -0.5480462 -0.6120393  0.1662983 -0.0756227  0.1752844  0.2900578 
 0.3333333  0.5070360  0.2610376  0.0854494  0.2382005 -0.4415400 -0.5367391 -0.1283868  0.0095950 
 0.3333333  0.0972389  0.4854022  0.3074854  0.0543385  0.5511165  0.2497934 -0.3843375  0.1802132 
::::::::::::::
run.002.009
::::::::::::::
 0.4923660  0.0000000 -0.2137837 -0.0754927 -0.3216536  0.2189124  0.1532880 -0.5233751  0.5073172 
 0.4923660  0.0000000  0.0873417  0.0321234 -0.3307121  0.2352582  0.2031455  0.0733478 -0.7331782 
 0.4923660  0.0000000  0.2356110 -0.4081118  0.0408992 -0.6779538 -0.0029353  0.2404142  0.1280869 
 0.3692745 -0.1230915  0.0206053  0.0488240  0.8407260  0.3139980  0.1951396  0.0343850  0.0316191 
 0.3692745  0.1230915 -0.1661640  0.5531507 -0.0254372 -0.0156204 -0.6664707  0.2450991  0.0987464 
 0.0000000  0.4923660 -0.6992647 -0.2159111  0.0170762  0.0338872  0.2362130  0.4055621  0.0164310 
 0.0000000  0.4923660 -0.0254989  0.3921840  0.2023671 -0.4570139  0.2045514 -0.5135453 -0.2184791 
 0.0000000  0.4923660  0.1908857 -0.5201076  0.1341590  0.2682526 -0.5188407 -0.2655243 -0.1448086 
 0.0000000  0.4923660  0.5805702  0.2177530 -0.1370615  0.2372788  0.2934789  0.3208290  0.3300748 
::::::::::::::
run.003.009
::::::::::::::
 0.5773503  0.0000000  0.0000000 -0.1412328 -0.3920584  0.1211296  0.1453009 -0.6703182  0.0888758 
 0.5773503  0.0000000  0.0000000 -0.2289944  0.4783171  0.1712212 -0.5149559  0.2133410  0.2131438 
 0.5773503  0.0000000  0.0000000  0.3702272 -0.0862587 -0.2923508  0.3696551  0.4569773 -0.3020196 
 0.0000000  0.5773503  0.0000000 -0.6642622 -0.1160611 -0.3881350  0.0132677  0.1113062 -0.2207677 
 0.0000000  0.5773503  0.0000000  0.5767134  0.0382725 -0.3217179 -0.3659196 -0.2591446  0.1674754 
 0.0000000  0.5773503  0.0000000  0.0875488  0.0777887  0.7098529  0.3526520  0.1478384  0.0532923 
 0.0000000  0.0000000  0.5773503  0.0144557 -0.6242116  0.1365173 -0.3153969  0.3448044  0.1995379 
 0.0000000  0.0000000  0.5773503 -0.0732805  0.3601487 -0.2738604  0.4487429 -0.0813130  0.4986061 
 0.0000000  0.0000000  0.5773503  0.0588248  0.2640629  0.1373432 -0.1333460 -0.2634915 -0.6981440 
::::::::::::::
run.004.009
::::::::::::::
 0.5313528 -0.1035376  0.0423393  0.0285517  0.1901153  0.4067144  0.2702610  0.2803874 -0.5925520 
 0.5313528  0.1035376 -0.0423393  0.0285517  0.1093398  0.0177535  0.4770094 -0.4577659  0.5049538 
 0.6597942  0.0000000  0.0000000 -0.0459872 -0.2411606 -0.3418372 -0.6018001  0.1428484  0.0705455 
 0.0000000  0.6931324  0.0126490  0.0000000  0.3807568  0.4337721 -0.4151792 -0.0994997  0.0632420 
 0.0000000  0.7057814  0.0000000  0.0000000 -0.3620832 -0.3689378  0.3774085  0.2060029 -0.2231118 
 0.0000000  0.0000000  0.7057814  0.0000000 -0.0259922  0.1531684  0.0992860  0.5235232  0.4402297 
 0.0000000  0.0000000  0.7057814  0.0000000  0.0143226 -0.1842759 -0.0794425 -0.5660212 -0.3755246 
 0.0000000  0.0000000  0.0000000  0.7057814 -0.5690691  0.3895123 -0.0786912 -0.1409190  0.0162074 
 0.0000000  0.0000000  0.0000000  0.7057814  0.5412414 -0.4289572  0.0092491  0.1574024 -0.0080671 
::::::::::::::
run.005.009
::::::::::::::
 0.7071068  0.0000000  0.0000000  0.0000000 -0.1698846  0.0529019  0.6120957  0.1722486 -0.2530018 
 0.7071068  0.0000000  0.0000000  0.0000000  0.1698846 -0.0529019 -0.6120957 -0.1722486  0.2530018 
 0.0000000  0.7071068  0.0000000  0.0000000 -0.1698846 -0.3255031  0.1387094  0.2328441  0.5401206 
 0.0000000  0.7071068  0.0000000  0.0000000  0.1698846  0.3255031 -0.1387094 -0.2328441 -0.5401206 
 0.0000000  0.0000000  0.7071068  0.0000000 -0.1698846  0.3350353  0.1858703 -0.4794150  0.3074151 
 0.0000000  0.0000000  0.7071068  0.0000000  0.1698846 -0.3350353 -0.1858703  0.4794150 -0.3074151 
 0.0000000  0.0000000  0.0000000  0.7071068 -0.1698846  0.5048274 -0.1632819  0.4210162  0.1112339 
 0.0000000  0.0000000  0.0000000  0.7071068  0.1698846 -0.5048274  0.1632819 -0.4210162 -0.1112339 
 0.0000000  0.0000000  0.0000000  0.0000000  0.8769914  0.2197717  0.2996326  0.1343181  0.2734327 

::::::::::::::
run.006.009
::::::::::::::
 0.7071068 -0.2357023  0.0000000  0.0000000  0.0000000  0.0000000  0.2114866 -0.1116443  0.6222969 
 0.7071068  0.2357023  0.0000000  0.0000000  0.0000000  0.0000000 -0.2114866  0.1116443 -0.6222969 
 0.0000000  0.9428090  0.0000000  0.0000000  0.0000000  0.0000000  0.1057433 -0.0558221  0.3111484 
 0.0000000  0.0000000  0.7071068 -0.2357023  0.0000000  0.0000000 -0.6266989  0.0496084  0.2218827 
 0.0000000  0.0000000  0.7071068  0.2357023  0.0000000  0.0000000  0.6266989 -0.0496084 -0.2218827 
 0.0000000  0.0000000  0.0000000  0.9428090  0.0000000  0.0000000 -0.3133494  0.0248042  0.1109414 
 0.0000000  0.0000000  0.0000000  0.0000000  0.7071068 -0.2357023  0.0834647  0.6553770  0.0892137 
 0.0000000  0.0000000  0.0000000  0.0000000  0.7071068  0.2357023 -0.0834647 -0.6553770 -0.0892137 
 0.0000000  0.0000000  0.0000000  0.0000000  0.0000000  0.9428090  0.0417323  0.3276885  0.0446069 
::::::::::::::
run.007.009
::::::::::::::
 0.7071068 -0.1979127  0.0685847  0.0000001  0.0000000  0.0000000  0.0250221  0.4309029 -0.5194452 
 0.7071068  0.1979126 -0.0685847  0.0000001  0.0000000  0.0000000 -0.0250221 -0.4309029  0.5194452 
 0.0000000  0.9600319  0.0282778  0.0000000  0.0000000  0.0000000  0.0103167  0.1776631 -0.2141695 
 0.0000000  0.0000000  0.9948832  0.0000000  0.0000000  0.0000000 -0.0037432 -0.0644605  0.0777059 
 0.0000000  0.0000000  0.0000000  0.7071069 -0.1979126 -0.0685847  0.0250221  0.5188524  0.4316164 
 0.0000000  0.0000000  0.0000000  0.7071067  0.1979127  0.0685847 -0.0250221 -0.5188524 -0.4316166 
 0.0000000  0.0000000  0.0000000  0.0000000  0.9600319 -0.0282778  0.0103167  0.2139251  0.1779573 
 0.0000000  0.0000000  0.0000000  0.0000000  0.0000000  0.9948832  0.0037432  0.0776171  0.0645672 
 0.0000000  0.0000000  0.0000000  0.0000000  0.0000000  0.0000000  0.9986264 -0.0521732  0.0048247 
::::::::::::::
run.008.009
::::::::::::::
 0.6971839 -0.1794689  0.0597495 -0.0186645  0.0043617 -0.0008244  0.0003090 -0.0001140  0.6912216 
 0.7168914  0.1759491 -0.0575314  0.0181488 -0.0042428  0.0008014 -0.0003004  0.0001108 -0.6719008 
-0.0010472  0.9679012  0.0214470 -0.0067281  0.0015842 -0.0002985  0.0001119 -0.0000413  0.2503163 
-0.0003916  0.0000875  0.9963233  0.0022459 -0.0005419  0.0001021 -0.0000383  0.0000141 -0.0856407 
-0.0000043 -0.0000311  0.0000660  0.9996359  0.0001695 -0.0000322  0.0000121 -0.0000044  0.0269818 
 0.0000021 -0.0000040  0.0000012  0.0000008  0.9999801  0.0000075 -0.0000028  0.0000010 -0.0063133 
 0.0000000  0.0000000  0.0000000  0.0000000  0.0000000  0.9999993  0.0000005 -0.0000002  0.0011927 
 0.0000000  0.0000000  0.0000000  0.0000000  0.0000000  0.0000000  0.9999999  0.0000001 -0.0004471 
 0.0000000  0.0000000  0.0000000  0.0000000  0.0000000  0.0000000  0.0000000  1.0000000  0.0001649 
