 0.7071172 -0.1973912  0.0669809 -0.0276651  0.0000000  0.0000030 -0.0000003 -0.0000009  0.0595017 -0.6724802 
 0.7070963  0.1973970 -0.0669829  0.0276658  0.0000015 -0.0000044  0.0000013  0.0000013 -0.0594940  0.6725010 
 0.0000001  0.9602454  0.0275386 -0.0113742 -0.0000017  0.0000010 -0.0000001 -0.0000003  0.0244644 -0.2764826 
 0.0000000 -0.0000002  0.9951223  0.0040391  0.0000000  0.0000001  0.0000001  0.0000000 -0.0086911  0.0981819 
 0.0000000  0.0000000  0.0000000  0.9991614 -0.0000001 -0.0000001  0.0000000  0.0000000  0.0036090 -0.0407850 
-0.0000055 -0.0000011  0.0000032 -0.0000004  0.7071078 -0.1973947  0.0669820  0.0276587  0.6724898  0.0594965 
 0.0000040  0.0000029 -0.0000030  0.0000005  0.7071058  0.1973915 -0.0669833 -0.0276588 -0.6724924 -0.0594988 
-0.0000010 -0.0000003  0.0000006  0.0000001  0.0000027  0.9602458  0.0275387  0.0113713  0.2764811  0.0244667 
-0.0000001  0.0000001 -0.0000004  0.0000000  0.0000007 -0.0000001  0.9951222 -0.0040382 -0.0981832 -0.0086879 
 0.0000000  0.0000000  0.0000000  0.0000000  0.0000000  0.0000000  0.0000000  0.9991618 -0.0407750 -0.0036091 
