 0.4082483  0.0000000  0.0000000  0.0000000  0.0049272 -0.0832910 -0.1696204  0.1137012  0.2269457 -0.2944761 -0.2355785 -0.3285519  0.0493531  0.3681122 -0.3034657 -0.0349135  0.2026797 -0.1083168 -0.1639647  0.1737312 -0.2022316  0.0472528 -0.2352540  0.2083326 
 0.4082483  0.0000000  0.0000000  0.0000000 -0.0217761 -0.0073599 -0.4164116  0.0597360 -0.0885749  0.3003391  0.0546567 -0.0975794 -0.5011588  0.0477329  0.0489497 -0.2024918 -0.1360473  0.0701417  0.2758469  0.0520799 -0.0281345 -0.2002501 -0.0102569 -0.3243652 
 0.4082483  0.0000000  0.0000000  0.0000000  0.3232034  0.0121308  0.4600911  0.1982522  0.2048375  0.1638732  0.2332447  0.1465889 -0.0773827 -0.1842632 -0.1443982 -0.0627347  0.1413674 -0.4010715  0.0127586 -0.0900976  0.1354744 -0.2078346  0.0840740  0.1027902 
 0.4082483  0.0000000  0.0000000  0.0000000  0.0490785  0.4393793  0.0153769 -0.1118132 -0.0756562  0.0159417  0.4192023  0.1843781  0.3939036  0.1945784  0.0790312  0.1296899  0.0771783  0.3143740  0.0084590  0.1009369 -0.1133684  0.1776109 -0.0491271 -0.1774346 
 0.4082483  0.0000000  0.0000000  0.0000000 -0.4382706  0.0114442 -0.0301410 -0.3418271 -0.0960631 -0.0801551 -0.0211507  0.0044384 -0.0760767 -0.2656653  0.2476102  0.0173468 -0.1626221 -0.1356366 -0.4459992 -0.2953378  0.0481325 -0.0068887 -0.0435677  0.1844564 
 0.4082483  0.0000000  0.0000000  0.0000000  0.0828377 -0.3723033  0.1407049  0.0819509 -0.1714891 -0.1055227 -0.4503745  0.0907259  0.2113615 -0.1604949  0.0722729  0.1531033 -0.1225559  0.2605093  0.3128994  0.0586874  0.1601275  0.1901098  0.2541318  0.0062207 
 0.0000000  0.4082483  0.0000000  0.0000000  0.1424263 -0.2295650  0.0595366 -0.4863653 -0.3053673 -0.0751263  0.0946969 -0.1276125  0.0400613  0.0830063 -0.1257687  0.0915707  0.2668507  0.0344396  0.0893965 -0.0923855 -0.2488036 -0.4192159  0.1919169  0.0030246 
 0.0000000  0.4082483  0.0000000  0.0000000  0.0217950 -0.1343124 -0.2182709 -0.2247943  0.5520029  0.1300551  0.1150339  0.2449109 -0.0303340 -0.0644883  0.0324715 -0.1744302 -0.0101325  0.1909545  0.2132830 -0.0555692  0.0092077  0.2253115 -0.0214508  0.3857394 
 0.0000000  0.4082483  0.0000000  0.0000000 -0.3858413  0.2927137  0.1329720  0.0553130 -0.1147717  0.3364742 -0.0936455 -0.2956780  0.0284419 -0.1057466 -0.3248675  0.1493323 -0.0115860 -0.2318928  0.1795836  0.0867978 -0.0086191  0.3230955  0.1318918 -0.0084680 
 0.0000000  0.4082483  0.0000000  0.0000000 -0.3577515 -0.1498111  0.0379775  0.4176905  0.2312637 -0.2128618  0.1405642  0.0060870  0.2239821  0.0203997  0.3210245  0.0174000 -0.1146410 -0.0540324 -0.0270850  0.1841150 -0.0433415 -0.3558700  0.0707906 -0.2241359 
 0.0000000  0.4082483  0.0000000  0.0000000  0.2290753  0.1197648 -0.1237521  0.1549231 -0.4249176 -0.3188686 -0.0120842  0.2361598 -0.0519818 -0.3022318 -0.1144871 -0.2630521 -0.0505638 -0.0643439 -0.0593599  0.1347676  0.0883186  0.0977816 -0.4079470  0.0231081 
 0.0000000  0.4082483  0.0000000  0.0000000  0.3502962  0.1012099  0.1115368  0.0832330  0.0617901  0.1403274 -0.2445654 -0.0638674 -0.2101695  0.3690607  0.2116272  0.1791794 -0.0799274  0.1248749 -0.3958182 -0.2577256  0.2032379  0.1288973  0.0347984 -0.1792683 
 0.0000000  0.0000000  0.4082483  0.0000000  0.0284832 -0.2569294  0.2145775  0.1111693  0.0194247 -0.1027035  0.2652923 -0.1877457 -0.2055039 -0.1166793  0.0631376  0.3091580 -0.1094641  0.0727355  0.1650968 -0.2549994 -0.3501846  0.2440086 -0.3713246 -0.0808492 
 0.0000000  0.0000000  0.4082483  0.0000000  0.0211972 -0.0565017 -0.4523252 -0.0037531  0.0138479 -0.1760657  0.0432696  0.2029706  0.1461810  0.0819636 -0.0466986  0.1277811  0.2113272 -0.4415078  0.0707336 -0.2626159  0.2013162  0.1802420  0.2412480 -0.2438214 
 0.0000000  0.0000000  0.4082483  0.0000000 -0.2037706  0.0507986  0.1472102  0.2098665 -0.0941975 -0.1341464  0.1085825 -0.0402805 -0.2612753 -0.0186709 -0.0842127 -0.3351805  0.3644036  0.4184259 -0.1763835  0.0060200  0.0925103  0.0708913  0.3589990  0.1170546 
 0.0000000  0.0000000  0.4082483  0.0000000 -0.0082857 -0.3186572  0.1553089 -0.2171461 -0.0962765  0.3002422  0.0936249 -0.0929397  0.2876628  0.2436257 -0.0661068 -0.3749825 -0.2904588 -0.0831305 -0.1335228  0.2242663  0.2430818  0.0293866 -0.1775255 -0.0753479 
 0.0000000  0.0000000  0.4082483  0.0000000 -0.0613898  0.3093094 -0.0098119  0.1612316 -0.1060357  0.1701489 -0.3331635  0.2993504  0.1049514  0.1871748 -0.0015264  0.0352414 -0.1768804  0.0164453  0.1524032 -0.2014165 -0.2438600 -0.3686063 -0.0839343  0.3492397 
 0.0000000  0.0000000  0.4082483  0.0000000  0.2237657  0.2719803 -0.0549595 -0.2613682  0.2632371 -0.0574756 -0.1776058 -0.1813551 -0.0720160 -0.3774141  0.1354070  0.2379825  0.0010725  0.0170316 -0.0783273  0.4887455  0.0571363 -0.1559221  0.0325374 -0.0662758 
 0.0000000  0.0000000  0.0000000  0.4082483  0.0193849  0.0918970  0.0501898 -0.0905449  0.2022856 -0.2794192  0.0220630  0.0755728 -0.0298664 -0.0414140 -0.5176749 -0.0600021 -0.5069139  0.1265714 -0.0855038 -0.1473397 -0.0814480 -0.0676920  0.2171201 -0.2324840 
 0.0000000  0.0000000  0.0000000  0.4082483 -0.1369893  0.1024832  0.3276924 -0.2462036 -0.0060254 -0.2275385 -0.1397264  0.2125115 -0.2855909  0.3029839  0.3098952 -0.1507866  0.1021461 -0.2617877  0.2617785  0.2004735 -0.0718681  0.1694902 -0.0284619 -0.0710774 
 0.0000000  0.0000000  0.0000000  0.4082483  0.0367896 -0.2772313 -0.1772351  0.1629761 -0.1705670  0.2960739  0.1188040  0.2886428 -0.0999434 -0.0091251 -0.0309716  0.2915395  0.0136311 -0.0564918 -0.3521428  0.3499224 -0.2673417  0.1050689  0.1561502  0.1738374 
 0.0000000  0.0000000  0.0000000  0.4082483 -0.1858902 -0.0756376  0.0256832 -0.0165218  0.1336947  0.2316203 -0.2267192  0.1080232  0.1346252 -0.1817285 -0.1376427  0.0418295  0.4459707  0.2051360 -0.0357769 -0.1643500  0.1641861 -0.1563461 -0.4182217 -0.3001920 
 0.0000000  0.0000000  0.0000000  0.4082483  0.2629259  0.0959129 -0.1141601  0.1171202 -0.0273854  0.0960413 -0.0470420 -0.3958285  0.3041232 -0.2045241  0.3256573 -0.3831821  0.0291993 -0.0796250  0.0077776 -0.2112251 -0.2897641  0.1067474  0.1523282  0.0418764 
 0.0000000  0.0000000  0.0000000  0.4082483  0.0037791  0.0625759 -0.1121702  0.0731740 -0.1320024 -0.1167778  0.2726207 -0.2889217 -0.0233477  0.1338078  0.0507367  0.2606018 -0.0840331  0.0661972  0.2038675 -0.0274811  0.5462359 -0.1572684 -0.0789149  0.3880396 
