::::::::::::::
run.001.007
::::::::::::::
 0.3779645 -0.0572098  0.0574373  0.2241461 -0.5387925  0.3673450 -0.6124457 
 0.3779645 -0.8644800 -0.0392402 -0.0672649  0.0986491  0.1307542  0.2773526 
 0.3779645  0.1247115 -0.8453413  0.0330315  0.0927312 -0.3209100 -0.1196439 
 0.3779645  0.3276003  0.0241248 -0.7609059 -0.1574138  0.2949548  0.2418342 
 0.3779645  0.0295098  0.4073866 -0.1720252  0.5890367 -0.2840043 -0.4827968 
 0.3779645  0.0996978  0.3315154  0.1989775 -0.4396496 -0.6230418  0.3409338 
 0.3779645  0.3401704  0.0641174  0.5440409  0.3554388  0.4349022  0.3547657 
::::::::::::::
run.002.007
::::::::::::::
 0.5656854  0.0000000 -0.6274761  0.3290665 -0.3521895 -0.2321595  0.0073173 
 0.5656854  0.0000000  0.3905065  0.3633986  0.2160203  0.5004047 -0.3136503 
 0.4242641 -0.1414214  0.1924958 -0.2113425  0.5549479 -0.6232673  0.1478188 
 0.4242641  0.1414214  0.1234637 -0.7119444 -0.3733890  0.2656071  0.2606252 
 0.0000000  0.5656854  0.3839485  0.0377359 -0.3614476 -0.4499466 -0.4450429 
 0.0000000  0.5656854 -0.4889865 -0.2747904  0.4905788  0.1783074 -0.3048300 
 0.0000000  0.5656854  0.1222960  0.3622050  0.1029530  0.0494206  0.7216713 
::::::::::::::
run.003.007
::::::::::::::
 0.5632636 -0.0863494  0.0522016 -0.5727416 -0.3060984  0.1923860 -0.4623973 
 0.5632636  0.0863494  0.0522016  0.4201403  0.3022151  0.6019263  0.2058780 
 0.6045397  0.0000000 -0.0972749  0.1421822  0.0036182 -0.7400791  0.2390050 
 0.0000000  0.7018146  0.0000000 -0.4045503 -0.2000586  0.0965417  0.5426339 
 0.0000000  0.7018146  0.0000000  0.2823888  0.1252134 -0.1469305 -0.6248567 
 0.0000000  0.0000000  0.7018146  0.3556367 -0.6157438 -0.0138251  0.0405850 
 0.0000000  0.0000000  0.7018146 -0.3245790  0.6165342 -0.1478352  0.0116225 
::::::::::::::
run.004.007
::::::::::::::
 0.7071068  0.0000000  0.0000000 -0.1846990  0.3074545  0.6007905 -0.1020237 
 0.7071068  0.0000000  0.0000000  0.1846990 -0.3074545 -0.6007905  0.1020237 
 0.0000000  0.7071068  0.0000000 -0.1846990 -0.0136529  0.0655556  0.6792660 
 0.0000000  0.7071068  0.0000000  0.1846990  0.0136529 -0.0655556 -0.6792660 
 0.0000000  0.0000000  0.7071068 -0.1846990  0.5825785 -0.3556276 -0.0041905 
 0.0000000  0.0000000  0.7071068  0.1846990 -0.5825785  0.3556276  0.0041905 
 0.0000000  0.0000000  0.0000000  0.8918058  0.3630085  0.1287038  0.2373658 
::::::::::::::
run.005.007
::::::::::::::
 0.7071068 -0.2072303  0.0000000  0.0000000  0.0737056  0.4266846 -0.5191949 
 0.7071068  0.2072303  0.0000000  0.0000000 -0.0737056 -0.4266846  0.5191949 
 0.0000000  0.9560917  0.0000000  0.0000000  0.0319510  0.1849655 -0.2250681 
 0.0000000  0.0000000  0.7071068 -0.2072303 -0.0737056  0.5242898  0.4204085 
 0.0000000  0.0000000  0.7071068  0.2072303  0.0737056 -0.5242898 -0.4204085 
 0.0000000  0.0000000  0.0000000  0.9560917 -0.0319510  0.2272768  0.1822448 
 0.0000000  0.0000000  0.0000000  0.0000000  0.9880426  0.0159305  0.1533558 
::::::::::::::
run.006.007
::::::::::::::
 0.7101234 -0.1947743  0.0637683 -0.0212006  0.0071728 -0.0028993  0.6732103 
 0.7040773  0.1965010 -0.0643263  0.0213937 -0.0072347  0.0029241 -0.6789743 
-0.0000397  0.9609632  0.0260771 -0.0086725  0.0029332 -0.0011856  0.2752897 
 0.0000084  0.0000015  0.9955479  0.0029623 -0.0010036  0.0004057 -0.0942037 
-0.0000081  0.0000007  0.0000052  0.9995043  0.0003363 -0.0001356  0.0314803 
 0.0000004  0.0000000 -0.0000001 -0.0000008  0.9999432  0.0000459 -0.0106542 
-0.0000000  0.0000000  0.0000000  0.0000000  0.0000000  0.9999907  0.0043066 
