 0.4082483  0.0000000 -0.0986824 -0.0413782 -0.2523887  0.2260538  0.2055790 -0.3464796 -0.1900430  0.0921626 -0.4603566  0.5368736 
 0.4082483  0.0000000 -0.0226579  0.2849105  0.4403998 -0.1209447  0.1801610 -0.0961423  0.1064894  0.6485947 -0.0264151 -0.2620156 
 0.4082483  0.0000000  0.2332819 -0.4558561  0.1215662 -0.2360824 -0.4292846 -0.4775067 -0.0836808 -0.1462533  0.2211957 -0.1047704 
 0.4082483  0.0000000 -0.5235350  0.1057961 -0.1156543  0.4440501  0.0116349  0.0738313 -0.2093558 -0.2432111  0.3337603 -0.3428285 
 0.4082483  0.0000000  0.4208389  0.3238894  0.1259411  0.2365948 -0.2663433  0.3813414  0.3161311 -0.2095337  0.0977516  0.3312502 
 0.4082483  0.0000000 -0.0092455 -0.2173618 -0.3198641 -0.5496717  0.2982529  0.4649559  0.0604591 -0.1417592 -0.1659358 -0.1585093 
 0.0000000  0.4082483  0.4898673 -0.0731349  0.1175647  0.1724802  0.2549391  0.1816691 -0.6574435  0.0295585  0.0645210 -0.0957994 
 0.0000000  0.4082483  0.1386721  0.0463110 -0.0142366  0.2219558  0.0061657 -0.2110669  0.3584030 -0.2744462 -0.5262969 -0.4869728 
 0.0000000  0.4082483 -0.2958782  0.2517146  0.4377861 -0.3719387  0.2020297 -0.1532413 -0.0317941 -0.4387853  0.0914415  0.2936500 
 0.0000000  0.4082483  0.1471990  0.2283836 -0.5717529 -0.0908760  0.1465912 -0.2689738  0.2430015  0.1950201  0.4806432  0.0490979 
 0.0000000  0.4082483 -0.2240576 -0.6267772  0.1927566  0.2524691  0.0610234  0.2376316  0.3384625  0.2360008  0.1228143  0.2094203 
 0.0000000  0.4082483 -0.2558027  0.1735031 -0.1621180 -0.1840904 -0.6707490  0.2139814 -0.2506294  0.2526521 -0.2331231  0.0306041 
