 0.4335458 -0.0411673  0.0000000  0.0244388 -0.1819622 -0.1245521  0.3691006 -0.2286347  0.1924793 -0.6132765 -0.0846617  0.1659079 -0.1662140  0.0752677 -0.0691396 -0.2870078  0.0657111 
 0.4335458  0.0411673  0.0000000  0.0244388  0.4367832  0.0820143  0.0705576  0.3289976  0.0039628  0.0008638 -0.2164106  0.2905828  0.1687080  0.0351876  0.5545981  0.1643024 -0.0588134 
 0.4579846  0.0000000 -0.0411673  0.0000000 -0.2355414 -0.2091330 -0.0423281 -0.3107524  0.1408810  0.4958490 -0.1043445 -0.2180415 -0.3421566  0.2287618  0.1186052  0.2723138 -0.0959771 
 0.4579846  0.0000000  0.0411673  0.0000000  0.1990507  0.1663208 -0.2126865 -0.1019304 -0.5687041  0.0502842  0.3027228  0.1455735  0.0423332  0.1384659 -0.4092175 -0.1182894 -0.1563472 
 0.4523012  0.0000000  0.0000000 -0.0468507 -0.2073051  0.0841241 -0.1632081  0.3216672  0.2449026  0.0340225  0.0877169 -0.3641830  0.3012003 -0.4777172 -0.1710643 -0.0383426  0.2488833 
 0.0000000  0.4991519  0.0000000  0.0000000 -0.1093261 -0.3599851 -0.0723858 -0.2507344  0.0376110  0.0173900  0.0391346  0.4645843  0.3422011 -0.1423360 -0.1460880  0.3511861  0.2001920 
 0.0000000  0.4991519  0.0000000  0.0000000 -0.1252888 -0.0878182  0.0198289  0.2383591 -0.2393974 -0.3674051  0.2167578 -0.3129825 -0.2884104 -0.1288059  0.1578587  0.2726437 -0.3660119 
 0.0000000  0.4991519  0.0000000  0.0000000 -0.1545463  0.4332655 -0.3490825  0.0350102  0.1760474  0.1224114 -0.1236370  0.2553608 -0.3313221  0.0112527  0.0905391 -0.4017727  0.1008335 
 0.0000000  0.4991519  0.0000000  0.0000000  0.3381305 -0.0024987  0.4262616 -0.0686253  0.0412868  0.1769528 -0.1213895 -0.4172452  0.2499088  0.2631948 -0.1537523 -0.2592787  0.0752565 
 0.0000000  0.0000000  0.4991519  0.0000000  0.1851274 -0.4576513 -0.1381751  0.0233285 -0.0896127  0.0937795 -0.3953332  0.0068800 -0.1498771 -0.3727891 -0.0998629 -0.2957613 -0.2354804 
 0.0000000  0.0000000  0.4991519  0.0000000 -0.1992032  0.2515823  0.5041830  0.2104746 -0.2323450  0.1945318 -0.0051040  0.1489888 -0.2322428 -0.0727677 -0.1058876  0.2313090  0.3337264 
 0.0000000  0.0000000  0.4991519  0.0000000 -0.1627816  0.3438264 -0.0789684 -0.1074043  0.3245394 -0.1153766 -0.0839072 -0.0097858  0.3479093  0.2205796 -0.1073019  0.1901092 -0.4952131 
 0.0000000  0.0000000  0.4991519  0.0000000  0.1410147 -0.1687228 -0.2729893 -0.1436213  0.0559409 -0.1361870  0.4507717 -0.1760720  0.0025000  0.2324244  0.3565843 -0.0934421  0.4019462 
 0.0000000  0.0000000  0.0000000  0.4991519 -0.1819867 -0.0294206  0.2822087 -0.0980538  0.0237516  0.2820468  0.4262208  0.1326145  0.1584778 -0.2528508  0.2744507 -0.3149514 -0.2909892 
 0.0000000  0.0000000  0.0000000  0.4991519 -0.3973419 -0.1858054 -0.1767416  0.3119340 -0.2932870 -0.0682228 -0.3204971 -0.0647895  0.2132619  0.4016472  0.0162479 -0.0860657  0.1335767 
 0.0000000  0.0000000  0.0000000  0.4991519  0.3478943 -0.1042936 -0.0502507  0.2941142  0.4340229 -0.0074502  0.1854317  0.0970618 -0.3035993  0.1185645 -0.3983844  0.1808399  0.0055578 
 0.0000000  0.0000000  0.0000000  0.4991519  0.1995003  0.3294982 -0.0920612 -0.4827163 -0.1511187 -0.1731964 -0.2681817 -0.2214193 -0.0399917 -0.3176078  0.0678613  0.2225861  0.1748774 
