 0.3535534 -0.4750248 -0.4466587 -0.1542924 -0.2761313 -0.4060853 -0.4044808  0.1458863 
 0.3535534 -0.4900618 -0.0433191 -0.3898391  0.3668967  0.4680609  0.2817974 -0.2188250 
 0.3535534 -0.2469721  0.3598714  0.5010272 -0.3323463  0.3767229  0.0126529  0.4253642 
 0.3535534 -0.0985128  0.5481694  0.1865024  0.4112772 -0.5574172 -0.0514976 -0.2179622 
 0.3535534  0.2166371 -0.0880288  0.1651073 -0.4847639  0.0791856  0.0736860 -0.7391637 
 0.3535534  0.2745654 -0.5573994  0.4031996  0.3427963 -0.1027768  0.3929872  0.2093763 
 0.3535534  0.3572901  0.2239814 -0.5741591 -0.2937264 -0.1900156  0.3707572  0.3281393 
 0.3535534  0.4620789  0.0033837 -0.1375458  0.2659977  0.3323255 -0.6759024  0.0671847 
