::::::::::::::
run.001.023
::::::::::::::
 0.2085144 -0.0371468 -0.1355919  0.3605546 -0.0507187 -0.0256187  0.3332488  0.1692605  0.2683096 -0.0080992 -0.3238798  0.2263411 -0.5117106 -0.1647243  0.2018199 -0.0184030  0.0232543  0.0276093  0.1186473 -0.1116804 -0.1867216  0.1868827 -0.0891389 
 0.2085144 -0.0926252  0.0760921 -0.0031573 -0.0457003  0.0560008  0.3934357 -0.1823007  0.2466988  0.0476726 -0.1086783  0.1431773  0.4090842 -0.2304613 -0.2442011  0.0540485  0.1081391  0.3837472 -0.0544465  0.4460591  0.0367538 -0.0315499 -0.0848277 
 0.2085144 -0.2388661 -0.0768061 -0.0581902 -0.0153938 -0.4560249 -0.1249755  0.0682885 -0.0408110 -0.0997404 -0.0353667 -0.2530688 -0.0378382 -0.2461653 -0.0764503 -0.3023767  0.0800845 -0.2594486  0.0687876  0.3784444 -0.1812336  0.1207944  0.3954390 
 0.2085144  0.0314290  0.2102281 -0.1270164 -0.2603770 -0.1150789 -0.1344971  0.1892732 -0.1053329 -0.2133233 -0.1634837 -0.1681939  0.0876563 -0.2925702  0.5423326  0.0331468  0.0453576  0.2340037 -0.2363018 -0.0760810  0.3650173  0.0004289 -0.0919230 
 0.2085144  0.0104448  0.0772533  0.1431459 -0.3748978  0.1978457  0.2136523 -0.0390019 -0.1753756  0.2761400 -0.0132520  0.1016239 -0.0440068  0.3884210  0.2538602 -0.0873751  0.0091526 -0.3126817 -0.1895584  0.3046245  0.0776727 -0.2873575  0.2133184 
 0.2085144 -0.0328456  0.0672292  0.0007980  0.1859731 -0.1508996 -0.2959888  0.2326295 -0.0174399  0.2725454 -0.0145314  0.1663545  0.1880527  0.1882434  0.0995595  0.0461753  0.3418686 -0.0862552 -0.2714464  0.0918402 -0.3764104  0.1538651 -0.4412880 
 0.2085144  0.1426135  0.2191934 -0.0139139 -0.2138040  0.3897821 -0.3157277 -0.0937949  0.1309850  0.1142030 -0.1116113 -0.0872046 -0.0593212  0.0103987 -0.1884442  0.0701002  0.2693401 -0.1319525  0.2983902  0.0454115  0.2248237  0.4990279  0.0829310 
 0.2085144 -0.1251001 -0.4956343 -0.0439777 -0.1837122  0.2366571 -0.1969327 -0.0139629  0.3068473 -0.2726481  0.4113618  0.0407143 -0.0315349 -0.0042153  0.0743762  0.2913565  0.1067487  0.0588247 -0.2575094 -0.0040532 -0.1321004 -0.0203657  0.1862811 
 0.2085144 -0.1725671  0.2808770 -0.1728558 -0.1138906 -0.3630409  0.2636026 -0.1892634  0.0065731 -0.1935142  0.1930210  0.1385992  0.0064655  0.1122285 -0.0427300  0.4711463 -0.1709498 -0.3583539  0.0656924 -0.1263253  0.0539314  0.1943176 -0.1375221 
 0.2085144  0.1177723 -0.1332757 -0.1724039 -0.1775010 -0.0489635  0.0706046  0.2493367  0.2892696 -0.1680685 -0.0641445  0.0758629  0.1141930  0.1410624 -0.3710468 -0.4900614 -0.0787160 -0.2199169 -0.1813997 -0.2597464  0.2421889 -0.0707478 -0.2072331 
 0.2085144 -0.1376855 -0.3790498  0.0524960 -0.0183789 -0.1281620  0.1930224 -0.2474879 -0.4115077 -0.0696390 -0.0194807 -0.2957414 -0.0822318  0.3553533 -0.0708186 -0.0812935  0.2974353  0.2818312  0.0784446 -0.1043848  0.1522934  0.1623391 -0.1862056 
 0.2085144 -0.1422880  0.1024639 -0.1064358 -0.1715090  0.1421989 -0.0503773 -0.0254453 -0.4326202  0.2594009  0.0702189  0.1369323 -0.2492447 -0.3276747 -0.3622081 -0.0324352 -0.2344133  0.1639497 -0.3548872 -0.1956604 -0.1601077  0.0868134  0.0502847 
 0.2085144  0.1073817  0.0525545  0.1945436 -0.0511951 -0.3083393 -0.1586347  0.0199950  0.2951240  0.3547215 -0.1632476 -0.3980367 -0.0633099  0.1178189 -0.2287370  0.3382192 -0.0643584  0.1560913 -0.0496063 -0.1870412  0.0326264 -0.3363027  0.1356334 
 0.2085144 -0.0957827 -0.0539721 -0.1112015  0.0663391 -0.1626325 -0.1291966  0.1897736 -0.0586701  0.2420297  0.3550233  0.4127943 -0.1291743 -0.1039674  0.0194455 -0.0466385  0.1702222  0.1382509  0.4679740  0.0009537  0.3224271 -0.2982480  0.0015024 
 0.2085144 -0.1171974  0.1494087 -0.2789852  0.1044126  0.1298362  0.0239217 -0.4570634  0.1098425 -0.0029454 -0.1690771  0.0225472  0.0962624 -0.0866043  0.1906622 -0.1987213  0.2793701 -0.0788551  0.1033971 -0.4331633 -0.2966026 -0.2866237  0.1374783 
 0.2085144  0.0156815  0.2978837  0.6028585  0.1450034 -0.0788031 -0.1158378 -0.1469043  0.0387980 -0.1576409  0.3344193  0.1178779  0.1957008  0.1284356  0.0589015 -0.2888440 -0.1422378  0.1843634 -0.0644572 -0.1669988  0.0177381  0.1618684  0.1878952 
 0.2085144  0.0297878 -0.1923277 -0.3473653  0.1198365 -0.0059090 -0.0090317  0.1320510  0.0221702  0.1746355 -0.2140592  0.1415745  0.2248218  0.3069940  0.2021823  0.0059006 -0.4634523  0.2402015  0.1492889 -0.0426528 -0.0836633  0.2967350  0.3030977 
 0.2085144  0.5022645  0.1682037 -0.2417281  0.3187617 -0.0626723 -0.0582343 -0.1615015 -0.0061262 -0.2967107 -0.0220602  0.1136597 -0.4430757  0.1628516 -0.0745151 -0.0009144  0.0339759  0.1493883 -0.1797326  0.2900022 -0.0005168 -0.0991354  0.0542394 
 0.2085144 -0.4102499  0.1596942  0.0539953 -0.0103407  0.2761301 -0.2575131  0.0896595 -0.0342228 -0.3140621 -0.1403761 -0.1421243 -0.0883296  0.1628979 -0.0684050 -0.0106750 -0.3304826  0.0720180  0.2737270  0.1954590 -0.1527367 -0.2808577 -0.3170251 
 0.2085144  0.2669402 -0.4036661  0.2263266  0.0849125 -0.0434679 -0.2525039 -0.3833339 -0.1665742  0.0264609 -0.2092514  0.1528681  0.1820193 -0.2875432  0.0478492  0.0774173 -0.2645563 -0.2958090  0.0496400  0.0677603  0.1302159 -0.0843579 -0.2073012 
 0.2085144 -0.2712150 -0.0088158  0.0265882  0.6604768  0.2804186  0.1813567  0.1652329  0.0080250  0.0875937 -0.0085816 -0.1844929 -0.0217016 -0.0876974  0.0137666  0.1018557  0.0118064 -0.2412174 -0.2158925 -0.0300796  0.3611856  0.0210570  0.0990501 
 0.2085144  0.3137153  0.0072068 -0.1116484 -0.0014693  0.1181042  0.2375640  0.0099351  0.0873474  0.2253582  0.4698815 -0.4511911 -0.0267912 -0.1719464  0.1877308 -0.1613871 -0.2041780 -0.0361161  0.1743101  0.0588847 -0.2041894  0.0518618 -0.2819995 
 0.2085144  0.3355388  0.0108508  0.1275724  0.0031727  0.1226391  0.1890424  0.4246247 -0.3613099 -0.2843694 -0.0528442 -0.0108735  0.2840143 -0.0711353 -0.1649305  0.2297586  0.1765889 -0.0696730  0.2069387 -0.1415724 -0.2425916 -0.1404450  0.1973135 
::::::::::::::
run.002.023
::::::::::::::
 0.2998127  0.0000000  0.1067384  0.2592390  0.0845437  0.4180055 -0.4532781 -0.0250972  0.0783851 -0.1550522  0.1391838 -0.0746519  0.1475885  0.0202271 -0.4816760 -0.1640127 -0.0801485  0.0875689 -0.1983585 -0.0819792 -0.0595830  0.2075362  0.0230936 
 0.2998127  0.0000000 -0.1541644  0.0827357 -0.1218108 -0.0065493  0.1215972  0.0665348 -0.4872419  0.1784482 -0.0287870 -0.0099885  0.3238653 -0.2677359 -0.1594527  0.1412555  0.1925734 -0.0316813  0.1293260 -0.2330010  0.4270687 -0.0357989  0.2459847 
 0.2998127  0.0000000  0.0830678 -0.0702527 -0.2461059 -0.2358292  0.0205258  0.0385056  0.0327614 -0.1535767 -0.1174605  0.3719157 -0.0711977 -0.1799981 -0.0309457 -0.1430688  0.3588881 -0.2776403 -0.0291196  0.2242971 -0.1024175  0.5078555 -0.1380885 
 0.2998127  0.0000000  0.5211578 -0.2098117 -0.2750576  0.1772852 -0.1224185  0.0193731 -0.0144982 -0.0064099 -0.1471192  0.1341062 -0.0080635 -0.0212773  0.4593724 -0.1452946 -0.1846040  0.2201079 -0.0516060 -0.2706617  0.1589154 -0.1104938 -0.0599704 
 0.2998127  0.0000000  0.0672862  0.0479289  0.2494582 -0.0214312  0.1567441 -0.0425952  0.1739557  0.3466198  0.3555508 -0.0319333 -0.0643645  0.1521195  0.0732494 -0.2695590 -0.2729401 -0.4204487  0.3632131 -0.0584921  0.1606926  0.1293960 -0.0433516 
 0.2998127  0.0000000 -0.0407417 -0.0056217 -0.0372573  0.2815023  0.2764061 -0.2147008 -0.2679439 -0.1205785 -0.0945396 -0.4339942 -0.1534073 -0.0689991  0.0938189 -0.0285679 -0.0235052 -0.2883167 -0.3150226  0.3222850 -0.0521528 -0.2000891 -0.2328441 
 0.2998127  0.0000000 -0.2673706 -0.2995937 -0.0924925 -0.0662899 -0.1063326 -0.0295459  0.5323380 -0.1152024  0.0377124 -0.2163190  0.0593684  0.2145181 -0.0194389  0.2606041  0.3260263 -0.0204194 -0.0298829 -0.1794443  0.2598322 -0.1490948 -0.1774495 
 0.2998127  0.0000000 -0.4648959  0.0519094 -0.0135491  0.1916240  0.1377554  0.2551463  0.2169371  0.0658145 -0.1368077  0.3854514 -0.0530092 -0.1381862  0.0799428 -0.0745708 -0.1897646 -0.0500415 -0.1376778 -0.0922363 -0.3350186 -0.2764921  0.2512126 
 0.2998127  0.0000000 -0.0107364  0.3727151  0.0875529 -0.3548421  0.2137730 -0.0759027 -0.0349827  0.0160331 -0.0287804 -0.1243641  0.0808074  0.3488358  0.2247070  0.2495564 -0.1220169  0.2621534 -0.2960684 -0.1199841 -0.1470043  0.3278813  0.1117902 
 0.2998127  0.0000000  0.2215407 -0.1576393  0.2048313 -0.2815593 -0.1345791 -0.1515052  0.1078730  0.0966042  0.1543880 -0.0872546 -0.1431135 -0.5320526 -0.1179200  0.3435279 -0.1258401  0.2009885  0.1139236  0.2078156 -0.2013441 -0.1434693  0.1116609 
 0.2248595 -0.0749532 -0.1350349  0.1105179 -0.1232542 -0.0378120 -0.0919150 -0.1992125 -0.0749902  0.0822131 -0.2914709  0.1968575 -0.0420108  0.3565899 -0.1684649 -0.0799275 -0.1049382  0.3330056  0.3721586  0.4726917  0.1428571 -0.1802942 -0.1098960 
 0.2248595  0.0749532  0.0525258 -0.2059966  0.3364369 -0.0980760 -0.0550093  0.4122620 -0.3751210 -0.2858132  0.1136834 -0.0808143 -0.1159543  0.2734751  0.0062554 -0.1465661  0.2667136  0.0906334  0.2295391 -0.0974903 -0.2881752 -0.1626805 -0.0128212 
 0.0000000  0.2998127  0.0474019 -0.0256581 -0.4041364  0.1860483  0.1617382 -0.0368635 -0.0712234 -0.2093292  0.2108490  0.0566228 -0.5007517  0.1781418 -0.2039087  0.3484682 -0.1452100 -0.0505982  0.1814519 -0.1127967  0.0049020  0.1051668  0.2435571 
 0.0000000  0.2998127  0.2721315  0.0218438 -0.0865340  0.2690790  0.3190937  0.0824584  0.1275598  0.2238614  0.3187942  0.1513523  0.4343022  0.1203269 -0.0022661  0.1395988  0.2839543  0.1314833 -0.0150133  0.2842484 -0.1935425 -0.1206296 -0.0510336 
 0.0000000  0.2998127 -0.2215718 -0.2365642 -0.1060018 -0.1971916  0.1511923 -0.4853232 -0.0272202 -0.2554058  0.2476512 -0.0127764  0.1946440 -0.0838049 -0.0243112 -0.4853086 -0.0723780  0.2243618 -0.0213384 -0.1055579 -0.0676427 -0.0182803  0.1263340 
 0.0000000  0.2998127  0.0243599  0.2425680  0.0228488 -0.1548204 -0.0561515 -0.1021135 -0.0801957 -0.2368160 -0.1039627  0.2115689  0.2444576 -0.0641701 -0.0684108  0.2377135 -0.2382584 -0.2492903  0.1546014 -0.2649462 -0.1337001 -0.2089893 -0.5430444 
 0.0000000  0.2998127  0.0703627  0.0008138  0.0918303  0.0471201 -0.3698741 -0.2939233  0.0049029  0.0156486 -0.2934333 -0.0658288  0.1649040  0.1617368  0.2495848  0.0921070  0.1479201 -0.3769768  0.1250436  0.0870186 -0.1530094 -0.0397773  0.4942488 
 0.0000000  0.2998127  0.2243056  0.2016676 -0.2259280 -0.4385740 -0.0605137  0.2581209  0.0978844  0.1759885 -0.0577057 -0.1257972 -0.1394981  0.0707031 -0.2761340 -0.2757690  0.0112356 -0.1300774 -0.3028525  0.0413029  0.1229533 -0.3622762  0.1102350 
 0.0000000  0.2998127 -0.2731556 -0.3168628  0.0258951 -0.0500476 -0.3727406  0.1841027 -0.2599521  0.1675610  0.2569548  0.1526359  0.0434209  0.0928698  0.1532360  0.1483566 -0.2780376 -0.0250197 -0.3149340  0.2647503  0.1828454  0.1468945 -0.1260864 
 0.0000000  0.2998127 -0.2333403  0.4318029 -0.1827869  0.0748900 -0.1904936  0.1982552  0.0960551 -0.0107744  0.1080605 -0.3036373 -0.1236800 -0.2904037  0.3863509 -0.1188064  0.1410310  0.2033537  0.2885012  0.0884247  0.0074264  0.1007020 -0.1260144 
 0.0000000  0.2998127  0.0019343  0.1353287  0.4451014  0.1328498  0.0381431 -0.2877802 -0.0281362  0.1757403 -0.0569126  0.3176840 -0.4176602 -0.0437666  0.0197864 -0.0224286  0.3524021  0.1497928 -0.1981178 -0.1591833  0.2275884 -0.0477165 -0.1156760 
 0.0000000  0.2998127 -0.0544797 -0.3132130 -0.0356707  0.0853401  0.0901144  0.0574696 -0.0031431  0.4491376 -0.4369022 -0.2755944 -0.0103507 -0.0122565 -0.2381971 -0.0484034 -0.0684255  0.1243065  0.0964165 -0.2016947 -0.2726235  0.2893125 -0.1817101 
 0.0000000  0.2998127  0.0951613 -0.0625982  0.3404593  0.0603722  0.2802655  0.2727282  0.2185013 -0.4036056 -0.2946818 -0.0368118  0.1286979 -0.1085981 -0.0394103  0.0011317 -0.2271467  0.0592574  0.0418962  0.2209792  0.3825608  0.1511899  0.1449213 
::::::::::::::
run.003.023
::::::::::::::
 0.3726252  0.0000000  0.0000000 -0.1377002  0.1826019 -0.1776756 -0.1062633 -0.0568120  0.1615761  0.2797195  0.4013139 -0.0362428  0.1427825  0.3301453  0.0510203  0.1245191  0.2748638 -0.2233486  0.3252461 -0.1207993 -0.2167403  0.1795552 -0.1533688 
 0.3726252  0.0000000  0.0000000 -0.0581666 -0.0467291  0.2370455  0.0872262 -0.0512013  0.1352618 -0.1998856 -0.2042610  0.1039130  0.1713034  0.3615943  0.0889482  0.0039118 -0.2073010  0.2652093  0.1386761 -0.3343551  0.2779023  0.1814857  0.3948029 
 0.3726252  0.0000000  0.0000000  0.2754360 -0.2414885  0.1636891  0.0241753  0.2521020  0.0084916  0.0495839  0.2849083 -0.0217298  0.2042180 -0.3373144 -0.0693877  0.1055486 -0.0542003  0.2443306 -0.2696067  0.1562531 -0.0182017  0.4425355 -0.1565605 
 0.3726252  0.0000000  0.0000000 -0.1715607 -0.5162153  0.0962468  0.0638115 -0.2059473 -0.1284429 -0.0933867  0.1168061  0.0147810  0.1316710 -0.1866812 -0.1603025  0.0308603  0.0458985 -0.1270525  0.1660974 -0.0253238  0.1153655 -0.5618271 -0.1270230 
 0.3726252  0.0000000  0.0000000 -0.2461594  0.4386958  0.2380440 -0.1218926  0.1387937  0.0276870 -0.2795176 -0.0626759  0.2590615 -0.0342444 -0.1098195 -0.0834530 -0.1418718 -0.1189894 -0.0768018 -0.1511547  0.2364848 -0.4342393 -0.1816406  0.0816450 
 0.3726252  0.0000000  0.0000000  0.1629615  0.1656105 -0.4058438 -0.3160155 -0.2141310 -0.2179045  0.2871540 -0.1614906  0.1222674 -0.1693523 -0.1639621  0.0800633  0.1171819  0.1567065  0.1326963 -0.2852931 -0.0436426  0.2025968 -0.1281623  0.2591009 
 0.2888796  0.0000000 -0.0837456 -0.1789832  0.1575953 -0.1451619  0.2273086  0.0477540  0.1708282  0.1250610 -0.1586037 -0.5497846 -0.0957269  0.0447308  0.2265903 -0.1937728 -0.2898359  0.0185929 -0.0705192  0.2687988  0.2526110 -0.0828282 -0.2703643 
 0.2888796  0.0000000  0.0837456  0.4049597 -0.1349902 -0.0502653  0.2486100  0.1292147 -0.1536328 -0.1813875 -0.3245932 -0.0204153 -0.4800553  0.0920469 -0.1064860 -0.1159961  0.1647440 -0.2959639  0.1685966 -0.0993283 -0.1580398  0.1706104 -0.1147948 
 0.0000000  0.3726252  0.0000000 -0.1889344 -0.0748206  0.1245280 -0.2370207 -0.1812560  0.2877787 -0.0085541  0.0010271  0.0671655 -0.2189040 -0.0383263 -0.2461419  0.1083117 -0.1702432 -0.4949009 -0.2805078 -0.0793073  0.2828940  0.2526094 -0.0590326 
 0.0000000  0.3726252  0.0000000  0.4416422 -0.0125039  0.0319556 -0.2915776  0.3497179  0.3492904  0.1878964  0.0367354  0.0234770 -0.0567658  0.0174162 -0.0152964 -0.0019901 -0.2439762  0.0755016  0.3038786  0.0289430 -0.0102545 -0.3627175  0.0675124 
 0.0000000  0.3726252  0.0000000 -0.0030380  0.1639277  0.2860509  0.0982748 -0.2325665 -0.4007614  0.2224981 -0.1512415 -0.3756167  0.0514573 -0.0470642 -0.2119127  0.3691855 -0.1325262  0.0704351  0.1703464  0.0438660 -0.2343993  0.0621216  0.1276143 
 0.0000000  0.3726252  0.0000000  0.0853728  0.1705747 -0.1464884  0.3143558 -0.1178712  0.2822529 -0.0494018 -0.2714522  0.1053367  0.3360877 -0.1288060 -0.0569205 -0.0146426  0.2255255  0.1492551 -0.2140262 -0.3598169 -0.1324635 -0.1161303 -0.3335529 
 0.0000000  0.3726252  0.0000000 -0.2211044  0.0931979 -0.0401773  0.3423726  0.4352205 -0.2720969  0.1471097  0.1898761  0.2028329 -0.0538958  0.1690582 -0.2261016 -0.1435899  0.2487078  0.0487826 -0.0515634  0.1373550  0.3358088 -0.0490393  0.1352659 
 0.0000000  0.3726252  0.0000000 -0.2228706 -0.2279405 -0.5084972 -0.1890115 -0.1113531 -0.1252338 -0.2714437  0.0407336 -0.0012151 -0.0169977 -0.0698865 -0.0505671 -0.3051255 -0.2015301  0.2478286  0.2195055  0.0631269 -0.2083218  0.2508711  0.0208600 
 0.0000000  0.2888796 -0.0837456 -0.1328446 -0.3755102  0.1965794 -0.1154120  0.1303679 -0.0177656  0.1074670 -0.1256426 -0.1424485  0.0132143  0.1235877  0.5671797 -0.0938327  0.2892283 -0.1070982 -0.2789479  0.0120011 -0.2804757 -0.0256816  0.1887510 
 0.0000000  0.2888796  0.0837456  0.2733561  0.2304802  0.1292855  0.0671785 -0.3133936 -0.1386087 -0.4016988  0.3247016  0.1140961 -0.0660766  0.0023175  0.4736907  0.0781616  0.0642585 -0.0178957  0.0885164  0.2019070  0.2375689 -0.0229668 -0.1354359 
 0.0000000  0.0000000  0.3726252 -0.0700178  0.0235016 -0.1563557 -0.0430633  0.2941084 -0.2179558 -0.2107487  0.2547320 -0.1995839 -0.1180457  0.1619412  0.0695368  0.2743398 -0.2765630  0.0156950 -0.3026622 -0.4505537 -0.0954556 -0.1837504 -0.1085477 
 0.0000000  0.0000000  0.3726252 -0.1614884 -0.1369057 -0.2159595  0.3810888  0.0282602  0.1873620  0.1763250 -0.1290477  0.3480815 -0.0378275 -0.1635031  0.2563960  0.4026809 -0.2188960 -0.1061498  0.1246259  0.2326494 -0.1086598  0.0537899  0.1416267 
 0.0000000  0.0000000  0.3726252 -0.0770530  0.1361098 -0.0379541 -0.2638462  0.2951922 -0.0561740 -0.2113993 -0.2577245 -0.2404512  0.3719403 -0.3139321  0.0499513  0.0198988  0.2565658 -0.2449587  0.2440679  0.0103520  0.2541114  0.1029858  0.0770706 
 0.0000000  0.0000000  0.3726252  0.2140724  0.0388786  0.0580272  0.1131409 -0.1943523 -0.1802723  0.3133815  0.1216917  0.0616660  0.2775004 -0.0074310  0.0342221 -0.5724191 -0.2868031 -0.2877409 -0.1008964 -0.1069849 -0.0539578  0.0132482  0.1220383 
 0.0000000  0.0000000  0.3726252  0.0810291 -0.0350430 -0.0401153  0.1381306 -0.2053899  0.3935810 -0.1609651  0.2168422 -0.3528665 -0.1313012  0.0463963 -0.2606869 -0.0512537  0.2915227  0.1415990 -0.1525381  0.1872203 -0.0927041 -0.0842381  0.4112286 
 0.0000000  0.0000000  0.3726252  0.0520544 -0.1350366  0.0450964 -0.2573707 -0.0788596 -0.0843979  0.0303327 -0.2742927  0.1371936  0.1590847  0.5314093 -0.1503941  0.0660246  0.0400455  0.1587372 -0.1376670  0.3907624  0.0254642 -0.0207171 -0.3597283 
 0.0000000  0.0000000  0.3726252 -0.2611265  0.0380593  0.3410575 -0.1139038 -0.0575338  0.0579369  0.2463790  0.0038918  0.0693304 -0.4171549 -0.2382598  0.0968431 -0.1954060  0.1425242  0.3734654  0.1887442 -0.2233912  0.0470656  0.0611125 -0.2457924 
::::::::::::::
run.004.023
::::::::::::::
 0.3458047  0.0000000  0.0000000 -0.0903255  0.3282843 -0.1214425  0.1473266 -0.3536917 -0.0587363  0.2404528  0.1429691  0.4636715  0.0008980 -0.0935866 -0.1575443 -0.3033917 -0.1087646 -0.0580949 -0.2771657  0.0156065  0.0628456 -0.0334811  0.2885724 
 0.3458047  0.0000000  0.0000000  0.0903255  0.3253165 -0.0015016  0.1340352  0.1512838 -0.3221071 -0.2776061 -0.2473698 -0.2002163  0.0114263  0.0831124  0.0463469 -0.4456312  0.0615793 -0.1164380  0.0548090  0.1478930  0.0720813  0.1748730 -0.3971181 
 0.4361302  0.0000000  0.0000000  0.0000000  0.2241627 -0.0391142  0.0054835  0.1772264  0.2409411  0.0766819 -0.2568670 -0.0296622 -0.0802822 -0.0796385  0.5764836  0.3135985 -0.0869434  0.1327080 -0.0427542 -0.0566854 -0.2004023  0.1830561  0.2200726 
 0.4361302  0.0000000  0.0000000  0.0000000 -0.3888459  0.2555769 -0.0892488  0.0013810  0.3239107  0.1882959  0.0455079 -0.0680442  0.1898138  0.2611872 -0.1642437 -0.2042614  0.3245542 -0.1812161  0.0490895 -0.2477538 -0.0352355  0.2469796  0.0327778 
 0.4361302  0.0000000  0.0000000  0.0000000 -0.2858540  0.0008501 -0.1791442 -0.1659323 -0.1420457 -0.1111422  0.1865648  0.1186196  0.0229829  0.0291898 -0.0614416  0.1771640 -0.2461552  0.5145442  0.2661315  0.2683341  0.2351047  0.0141532 -0.1638602 
 0.4361302  0.0000000  0.0000000  0.0000000 -0.0676984 -0.1198313  0.0398197  0.1478128 -0.1208380 -0.1243770  0.1075729 -0.2298051 -0.1422864 -0.2024336 -0.2626306  0.3073941  0.0459574 -0.3276500 -0.0961617 -0.0935326 -0.1064495 -0.5562976 -0.0029251 
 0.0000000  0.3458047  0.0000000 -0.0903255  0.4856044  0.2789171  0.1100224 -0.0657651  0.1231832 -0.0160527  0.1788501 -0.0394451 -0.0163753 -0.1163966 -0.2246827  0.3711642  0.3513564 -0.0006974  0.2468024  0.0401257  0.2643197  0.1862340 -0.0258092 
 0.0000000  0.3458047  0.0000000  0.0903255  0.0349731 -0.2693283  0.1568550  0.0822298 -0.2885658  0.0031868 -0.1903443  0.0375712  0.3260345  0.2006654 -0.3337919  0.1666514 -0.0516402  0.3017873 -0.0202852 -0.3656288 -0.3331817  0.1361685  0.0553758 
 0.0000000  0.4361302  0.0000000  0.0000000 -0.0239655 -0.0736630 -0.1289302  0.3991894 -0.0514104  0.0513064  0.4817018 -0.0786580  0.1007054  0.1049588  0.1539412 -0.1798246  0.1356444  0.0741414 -0.2374392  0.4187786 -0.1574337 -0.0275835  0.1610201 
 0.0000000  0.4361302  0.0000000  0.0000000  0.0363947  0.1452953  0.1161627 -0.2680694  0.3791449 -0.1633318 -0.0453698 -0.1315204 -0.2269410  0.1584494 -0.0468868 -0.2252062 -0.4097068 -0.0455922  0.2633223  0.0517298 -0.3164396 -0.2015040  0.0007208 
 0.0000000  0.4361302  0.0000000  0.0000000 -0.1312662 -0.0668437  0.0530042  0.0989994  0.0398484  0.1296333 -0.1296485 -0.0479626  0.1462054  0.0420931  0.1981295  0.0070401 -0.2945617 -0.1605739 -0.1866765 -0.2430681  0.6710043 -0.1093716 -0.0826860 
 0.0000000  0.4361302  0.0000000  0.0000000 -0.2939254 -0.0123915 -0.2518420 -0.2431742 -0.2364522 -0.0074066 -0.2975697  0.2596268 -0.2654965 -0.3723174  0.1376269 -0.0284397  0.3309812 -0.1067075 -0.0188105  0.0306488 -0.1425309  0.0828284 -0.1024980 
 0.0000000  0.0000000  0.3458047 -0.0903255  0.0634435 -0.3225532 -0.2982564 -0.2111222  0.0041330  0.2255803  0.0220631 -0.2471907 -0.0692540  0.1473922 -0.1577062  0.2337931 -0.2332463 -0.3348374 -0.1286121  0.2212062 -0.0684600  0.3840439 -0.1671857 
 0.0000000  0.0000000  0.3458047  0.0903255  0.0507152  0.2337403 -0.1272820  0.3278009 -0.3190009  0.2809666  0.2059742  0.1165974 -0.1469528 -0.1758840  0.0281547 -0.1299735 -0.2732676 -0.1323596  0.4429718 -0.2770274 -0.0605867  0.0725293  0.1018122 
 0.0000000  0.0000000  0.4361302  0.0000000 -0.1004939  0.1375900  0.4302033 -0.2573453 -0.0517972  0.2557261  0.0370823 -0.1099338  0.4417861 -0.1803722  0.2551172  0.0454446  0.0947002  0.0254492  0.0235544  0.1548061 -0.1602711 -0.1963923 -0.2338124 
 0.0000000  0.0000000  0.4361302  0.0000000  0.1230871  0.1744032 -0.2962649  0.1547455  0.3081415 -0.1443919 -0.1131470 -0.0379936  0.0182494 -0.3310657 -0.2509050 -0.1622102 -0.0446377  0.3593550 -0.3845762 -0.1315438  0.0033198 -0.0554161 -0.1544096 
 0.0000000  0.0000000  0.4361302  0.0000000 -0.0245839  0.1226096 -0.0189471  0.1527237  0.0082334 -0.3443655 -0.2556624  0.4702694  0.1091101  0.3850195 -0.0249475  0.1719828  0.0537778 -0.2291824  0.0390991  0.2388655  0.0628260 -0.1344517  0.1972955 
 0.0000000  0.0000000  0.4361302  0.0000000 -0.0885251 -0.3641837  0.2224152 -0.1426377 -0.0149211 -0.1686063  0.1509179 -0.2187955 -0.3977167  0.1490094  0.1234557 -0.1375351  0.2977712  0.2148155  0.0726690 -0.2178675  0.1964455  0.0242464  0.2427607 
 0.0000000  0.0000000  0.0000000  0.4361302 -0.0791931  0.1360726  0.2568984 -0.0233624  0.0400308 -0.2208147  0.3851359  0.2716556 -0.2142669  0.0641645  0.1048208  0.1866835 -0.1045518 -0.1014375 -0.3244939 -0.1849708 -0.1058085  0.2409296 -0.3466026 
 0.0000000  0.0000000  0.0000000  0.4361302  0.1274550 -0.2316961 -0.0304706  0.1516842  0.2195555  0.4993774 -0.1586925  0.1815576 -0.2209288  0.2003048 -0.0923615 -0.0071468  0.1977813  0.1358761  0.1377997  0.1283690  0.0390332 -0.2842437 -0.2954974 
 0.0000000  0.0000000  0.0000000  0.4361302  0.1776860  0.3690976 -0.3458071 -0.3542281 -0.3004743  0.0465483 -0.0333341 -0.2790078  0.0306523  0.2635272  0.1222890  0.0542501  0.0490864  0.0672549 -0.1866948 -0.0689994  0.0327211 -0.1869979  0.2337643 
 0.0000000  0.0000000  0.0000000  0.4361302  0.0986437 -0.3881471 -0.2515661 -0.1219790  0.2293046 -0.2882778  0.1549969  0.0507218  0.4272571 -0.2779112  0.0937516 -0.0877660  0.0356437 -0.1821386  0.2900148 -0.0711962  0.0312514  0.0095524  0.0893872 
 0.0000000  0.0000000  0.0000000  0.4361302 -0.2280120  0.0881656  0.3285888  0.1010360  0.0183284  0.0550048 -0.2288909 -0.1787252 -0.0797177 -0.2853938 -0.2866230  0.0011325 -0.1214869 -0.0120528 -0.0484432  0.3566220  0.1230060  0.2524937  0.3884344 
::::::::::::::
run.005.023
::::::::::::::
 0.4355194  0.0000000  0.0000000 -0.0556949  0.0000000 -0.4123459 -0.1863120 -0.2680584  0.2675861  0.0367987 -0.1691763  0.2258550  0.0210477 -0.0318157  0.2354853 -0.1172447 -0.5236723  0.0579287  0.0335077  0.1368722  0.0917528 -0.0387836  0.0037259 
 0.4355194  0.0000000  0.0000000  0.0556949  0.0000000  0.2726725 -0.1063224  0.0938519  0.2784877 -0.3495018  0.0782383  0.0133975 -0.0820134  0.0105617  0.0078716 -0.1435964  0.3228193  0.3910631  0.2251138  0.0830768 -0.1714306 -0.1306287  0.3435954 
 0.4355194  0.0000000  0.0000000  0.0000000 -0.0556949 -0.2198570  0.1931769  0.3180391 -0.1598281  0.0718791  0.1816297 -0.2319992  0.2455823  0.2108229  0.2647996  0.1055445  0.0980308  0.1793271  0.0547174 -0.3551752  0.0422086 -0.0253155 -0.3788714 
 0.4355194  0.0000000  0.0000000  0.0000000  0.0556949  0.2168578  0.2267194 -0.2202761 -0.1491373 -0.0049271 -0.2130594 -0.2832961 -0.1066634  0.0105747  0.1452322  0.1787984  0.1726269 -0.3306236 -0.3692446  0.4069896  0.0437224 -0.0666941 -0.0186864 
 0.4912142  0.0000000  0.0000000  0.0000000  0.0000000  0.1264961 -0.1128326  0.0677761 -0.2102247  0.2178874  0.1084934  0.2447445 -0.0691146 -0.1774509 -0.5793063 -0.0208370 -0.0618901 -0.2639420  0.0495670 -0.2409503 -0.0055442  0.2317814  0.0445407 
 0.0000000  0.3715681  0.0000000 -0.1196462  0.0000000 -0.3564736 -0.0656601 -0.1803508 -0.1745513 -0.1198135 -0.1904559 -0.1367338  0.3137574  0.1126233 -0.1989774 -0.0768032  0.3230468 -0.0109986  0.1025681 -0.0242578  0.4451442  0.0519759  0.3329501 
 0.0000000  0.3715681  0.0000000  0.1196462  0.0000000  0.2397610  0.0702020  0.1884845 -0.1617080 -0.4856304 -0.3800605  0.2254441 -0.0666980  0.0782723  0.1221960  0.2439841 -0.2628870 -0.1819520  0.2649925 -0.1471025  0.0362798  0.0002206 -0.1095294 
 0.0000000  0.4912142  0.0000000  0.0000000  0.0000000  0.2444166 -0.2605223 -0.0858071  0.2544786  0.3655827  0.1392692 -0.3640708 -0.1470583 -0.1232684  0.0219182  0.2141137 -0.0599354  0.0896224  0.3032868  0.1087006  0.1634583  0.0840933 -0.2025367 
 0.0000000  0.4912142  0.0000000  0.0000000  0.0000000 -0.1066967 -0.0267195  0.2762638 -0.0612212  0.0399621  0.0451714 -0.0953881  0.1720436 -0.3186831  0.1376591 -0.0463259 -0.1457482  0.0448594 -0.4280013 -0.0316934 -0.4355697  0.0993932  0.3074181 
 0.0000000  0.4912142  0.0000000  0.0000000  0.0000000 -0.0494352  0.2838062 -0.1966093  0.0610984  0.0524298  0.2471138  0.3923560 -0.2118679  0.2975528 -0.1014977 -0.2942481  0.1601771  0.0114713 -0.1533184  0.0526145 -0.0920511 -0.2229694 -0.2738830 
 0.0000000  0.0000000  0.3715681  0.0000000 -0.1196462 -0.0546213  0.2083601 -0.3323929 -0.2213608  0.0616910  0.1015749  0.0885616  0.0204275 -0.0084631  0.2771655 -0.0047157  0.1136359 -0.0316995  0.3875165  0.0923132 -0.3302260  0.5025973  0.0904363 
 0.0000000  0.0000000  0.3715681  0.0000000  0.1196462  0.4151065 -0.0939239 -0.0242724 -0.1464227  0.3029750 -0.1526713 -0.0872994  0.0877963  0.4245557  0.1304475 -0.3332484 -0.2430220  0.0685214 -0.0970323 -0.2237233  0.0890967 -0.1159096  0.2472090 
 0.0000000  0.0000000  0.4912142  0.0000000  0.0000000 -0.1696235  0.0069832  0.5499463  0.0386798  0.0050590 -0.1074550 -0.0511018 -0.0190795 -0.0272891 -0.1691989 -0.2692317  0.0037511 -0.1090064  0.1314779  0.4936407  0.0671116 -0.0059518 -0.1792788 
 0.0000000  0.0000000  0.4912142  0.0000000  0.0000000 -0.1726692 -0.2075755  0.0205899  0.0674181 -0.0260158  0.2289794  0.1876713 -0.1401356  0.2087462 -0.0373041  0.6483039  0.0557650  0.0104020 -0.2011451 -0.0378842  0.0335641 -0.1554062  0.1929138 
 0.0000000  0.0000000  0.4912142  0.0000000  0.0000000  0.0696118  0.1140296 -0.3007447  0.1721038 -0.2548867 -0.0828737 -0.1375242  0.0773516 -0.4962010 -0.1018268 -0.1234268  0.0383550  0.0707513 -0.1500631 -0.3563541  0.0817213 -0.1311433 -0.2690393 
 0.0000000  0.0000000  0.0000000  0.4912142  0.0000000 -0.2023378 -0.2967192 -0.0023867  0.1485295  0.0747860 -0.4215401 -0.0639175 -0.2913737  0.1792575  0.0033384 -0.0820577  0.2895911  0.0202848 -0.1837884 -0.1978133 -0.1501634  0.3066869 -0.1507294 
 0.0000000  0.0000000  0.0000000  0.4912142  0.0000000  0.1135788 -0.3317149 -0.1068574 -0.2720966 -0.3045220  0.4510699  0.0173182  0.2120870  0.0038316  0.0697440 -0.1366207 -0.1200362  0.0334964 -0.1708543  0.2186048  0.2252338  0.1484903 -0.1414438 
 0.0000000  0.0000000  0.0000000  0.4912142  0.0000000 -0.1065206  0.4359563  0.0473488 -0.2130680  0.2306272 -0.0489278  0.0388851 -0.2827689 -0.2543281 -0.0177154  0.0730651 -0.1155149  0.3533539  0.0718005  0.0326609  0.2748881 -0.1398537  0.2504569 
 0.0000000  0.0000000  0.0000000  0.4912142  0.0000000 -0.0276154  0.1503162 -0.0689768  0.3322708  0.1320112  0.0375280 -0.0564134  0.4664093  0.0748011 -0.1077886  0.0704662 -0.0072997 -0.4032671  0.2215554 -0.0174314 -0.2205303 -0.2923038  0.1109569 
 0.0000000  0.0000000  0.0000000  0.0000000  0.4912142  0.1853751  0.0782562  0.1245705  0.2181885  0.1961084 -0.0963079  0.4588775  0.3284593 -0.1552692  0.2116274  0.1065162  0.2503414  0.0829186 -0.1042540  0.0563709  0.2377252  0.2529884 -0.0675215 
 0.0000000  0.0000000  0.0000000  0.0000000  0.4912142 -0.1770583 -0.0311847  0.0876145  0.0281299 -0.1048713  0.2914192 -0.1337910 -0.3782818 -0.1060265  0.3001116 -0.2035267  0.0607220 -0.4405389  0.1401048 -0.2241825  0.1194146 -0.0579074  0.1816728 
 0.0000000  0.0000000  0.0000000  0.0000000  0.4912142 -0.0648929  0.3009470 -0.0737781  0.1739343 -0.2222886  0.0660954 -0.2827049  0.0034960  0.2818265 -0.3737134  0.0964287 -0.3069776  0.2009857 -0.0592832  0.0495448 -0.1052345  0.3383039 -0.0026665 
 0.0000000  0.0000000  0.0000000  0.0000000  0.4912142 -0.1073522 -0.2781935 -0.1524213 -0.4397176  0.0809899 -0.1545287  0.0062694  0.0698556 -0.1032976 -0.0887324  0.0722975  0.0743282  0.1900428  0.1895247  0.1088287 -0.3542124 -0.3780423 -0.1905088 
::::::::::::::
run.006.023
::::::::::::::
 0.5475909  0.0000000  0.0000000  0.0000000  0.0000000  0.0000000 -0.1679953  0.2160751  0.1232978  0.2779766 -0.0420407  0.1552272  0.2261427 -0.0532207  0.3260805 -0.3017462 -0.3512206 -0.1980354  0.0903732 -0.0956516  0.2067681  0.0928914  0.1557966 
 0.5475909  0.0000000  0.0000000  0.0000000  0.0000000  0.0000000  0.2414361 -0.1084184  0.0916965 -0.3114738  0.1114680  0.2175418 -0.0055932 -0.1531276 -0.3777296 -0.1074027  0.3816035 -0.2860503  0.1288912 -0.0935829 -0.1266510 -0.0212571 -0.1338701 
 0.4473748  0.0000000  0.0000000  0.0000000  0.0000000 -0.1002161 -0.1243668 -0.1045266 -0.1333448 -0.1141933  0.0226963 -0.4860410  0.0123197  0.3592829  0.2622368 -0.1507781  0.2521880  0.3368215 -0.1994711  0.1631214 -0.1051679 -0.0039415 -0.1434882 
 0.4473748  0.0000000  0.0000000  0.0000000  0.0000000  0.1002161  0.0344746 -0.0272462 -0.1298101  0.1551943 -0.1076760  0.0297683 -0.2822742 -0.1067106 -0.1990179  0.6515800 -0.2893769  0.2557040 -0.0689106  0.0685035  0.0071038 -0.0837396  0.1166499 
 0.0000000  0.5475909  0.0000000  0.0000000  0.0000000  0.0000000  0.0711786  0.2056935 -0.0759171 -0.3696717  0.0025870  0.0172122  0.2280694  0.1416854 -0.0907381  0.0887316 -0.2620832  0.2490490  0.2691782 -0.1299189  0.1761209  0.2572054 -0.3234583 
 0.0000000  0.5475909  0.0000000  0.0000000  0.0000000  0.0000000 -0.2053244  0.0701676 -0.0095966  0.0493538 -0.1194038 -0.3017794 -0.0912411 -0.0662206  0.0940398  0.1367167  0.1419631 -0.4142161  0.3244790  0.2506091 -0.1633004 -0.2850612  0.1929111 
 0.0000000  0.4473748  0.0000000  0.0000000  0.0000000 -0.1002161  0.2538523 -0.1003298  0.1782638  0.4037465  0.0698498  0.1808875 -0.4901429  0.2845345  0.0070717 -0.1786736  0.0087883 -0.0508368 -0.2659933 -0.1165346  0.0523037  0.0102886 -0.1997669 
 0.0000000  0.4473748  0.0000000  0.0000000  0.0000000  0.1002161 -0.0896566 -0.2373267 -0.0735943 -0.0116745  0.0731351  0.1674253  0.3226638 -0.3769042 -0.0111130 -0.0972773  0.1382398  0.2530028 -0.4606486 -0.0311912 -0.0679960  0.0238072  0.3595579 
 0.0000000  0.0000000  0.5475909  0.0000000  0.0000000  0.0000000 -0.0180362  0.0329947 -0.0830235  0.1859856 -0.0596906 -0.0110765  0.1891578  0.3352064 -0.1970996  0.0670494  0.2762644  0.1007183  0.1439689 -0.3899446  0.2731161 -0.2474237  0.2588672 
 0.0000000  0.0000000  0.5475909  0.0000000  0.0000000  0.0000000 -0.0958947 -0.2654009 -0.2554170 -0.0731436 -0.2082241  0.1973022  0.0521183  0.1152207  0.0929398  0.1200857 -0.0794070 -0.3605872 -0.1855459  0.2940237 -0.0540821  0.3791474 -0.1571735 
 0.0000000  0.0000000  0.4473748  0.0000000  0.0000000 -0.1002161  0.0587573 -0.2139849  0.1969917 -0.2334044 -0.0689371 -0.1176443 -0.1426070 -0.3398955  0.1845991 -0.1730215 -0.3504241  0.1326147  0.0255898 -0.1792171 -0.1430876 -0.4390911 -0.2058722 
 0.0000000  0.0000000  0.4473748  0.0000000  0.0000000  0.1002161  0.0806951  0.4984523  0.2172627  0.0952847  0.3968672 -0.1102977 -0.1527172 -0.2114314 -0.0571067 -0.0560336  0.1094688  0.1854673  0.0253008  0.2966252 -0.1250120  0.2778601  0.0813982 
 0.0000000  0.0000000  0.0000000  0.5475909  0.0000000  0.0000000 -0.0413486 -0.0886160 -0.3681889  0.0613219  0.3464382 -0.0703338 -0.1704998 -0.2828938  0.3103189  0.1305466  0.1689555 -0.0830071  0.1089794 -0.2802254  0.2167792  0.1117225 -0.1361568 
 0.0000000  0.0000000  0.0000000  0.5475909  0.0000000  0.0000000  0.3200470 -0.0416392  0.0529267  0.0431954 -0.3106149 -0.4089127  0.0592585  0.0217934 -0.3108343 -0.1950869 -0.2190890 -0.0813725 -0.0645041 -0.0553371 -0.1278803  0.2305396  0.2400257 
 0.0000000  0.0000000  0.0000000  0.4473748  0.0000000 -0.1002161 -0.1962146 -0.2879038  0.1876400  0.1950473  0.2476370  0.2946260  0.2216838  0.1914365 -0.1470759 -0.0235456 -0.0915297  0.2142030  0.2837954  0.3761668 -0.1451619 -0.1791677 -0.0979322 
 0.0000000  0.0000000  0.0000000  0.4473748  0.0000000  0.1002161 -0.1449147  0.4473372  0.1982437 -0.3229775 -0.2914851  0.2919761 -0.0855234  0.1281529  0.1477067  0.1025435  0.1528936 -0.0130008 -0.3382336  0.0345648  0.0363489 -0.2397642 -0.0292043 
 0.0000000  0.0000000  0.0000000  0.0000000  0.5475909  0.0000000  0.3097656  0.0526624 -0.2788533  0.0645216 -0.2033245  0.0590736 -0.0034595 -0.1713286 -0.0159209 -0.2200768  0.0795088  0.1149815  0.0670685  0.4075542  0.4004347 -0.2041706 -0.0666041 
 0.0000000  0.0000000  0.0000000  0.0000000  0.5475909  0.0000000 -0.2000388  0.1356555  0.0452440  0.3228164 -0.1908968 -0.0234790  0.1784336 -0.1163046 -0.0442751  0.1142320  0.1228137  0.0340112 -0.0134289 -0.2967956 -0.4484859  0.1029664 -0.3490727 
 0.0000000  0.0000000  0.0000000  0.0000000  0.4473748 -0.1002161  0.0206873 -0.2904123  0.4582659 -0.2479779 -0.0195507  0.0366884 -0.1656655  0.0924993  0.2738442  0.1858445  0.0951668  0.0780602  0.1847999 -0.0648502  0.1126121  0.3015975  0.3593565 
 0.0000000  0.0000000  0.0000000  0.0000000  0.4473748  0.1002161 -0.1549940  0.0599095 -0.1723260 -0.2261274  0.5020812 -0.0802565 -0.0485044  0.2595665 -0.2001638 -0.0562895 -0.3428115 -0.2604286 -0.2504552 -0.0707193 -0.0537969 -0.1777226  0.1494357 
 0.0000000  0.0000000  0.0000000  0.0000000  0.0000000  0.5475909  0.0982953 -0.1726845  0.4062614  0.1076353  0.1063683 -0.2850856  0.2808958 -0.0208615  0.0215327  0.2104451  0.0319823 -0.1742761 -0.1721443  0.0748106  0.3258178 -0.0772294 -0.2976663 
 0.0000000  0.0000000  0.0000000  0.0000000  0.0000000  0.5475909  0.4369463 -0.0078828 -0.2017576 -0.0025766  0.0223950  0.1909230  0.0484646  0.2148682  0.3684258 -0.0261668 -0.0242173  0.0706856  0.1972450 -0.0484789 -0.4180765 -0.0791927  0.1365892 
 0.0000000  0.0000000  0.0000000  0.0000000  0.0000000  0.5475909 -0.4826966 -0.1375607 -0.0493016 -0.0476809 -0.1875519  0.0227696 -0.3875688 -0.0301766 -0.2251792 -0.3461891  0.0189138  0.1566858  0.1801788 -0.0481279  0.0876560  0.1361526 -0.0156290 
::::::::::::::
run.007.023
::::::::::::::
 0.4999996  0.0000002 -0.0505810  0.0000005  0.0000001  0.0000000 -0.0252892  0.1121677 -0.2778169  0.4066078  0.3718886 -0.0253669 -0.0088540  0.0446972  0.2573030 -0.2030757  0.3757927 -0.1126683 -0.0092208  0.0085581 -0.1757854 -0.2299972 -0.0732903 
 0.5000007 -0.0000001  0.0505808 -0.0000003 -0.0000002  0.0000002 -0.0252891  0.0136763  0.1328822 -0.1152371 -0.2994704  0.1964910  0.0954173  0.1399487  0.2467966  0.4915076  0.0451433 -0.0920041 -0.2667013  0.0933383 -0.0231696  0.3138794 -0.2584687 
 0.5000001 -0.0000002  0.0000001 -0.0505816  0.0000000 -0.0000001  0.0252889 -0.2481748  0.1268503 -0.0784211 -0.0590831 -0.4930938  0.2219747  0.2444941 -0.1302990 -0.0269330 -0.1634188  0.0777020  0.2538006 -0.0111520  0.2572134 -0.0757017  0.3470054 
 0.4999997  0.0000005  0.0000001  0.0505815  0.0000000 -0.0000001  0.0252894  0.1223312  0.0180838 -0.2129493 -0.0133343  0.3219697 -0.3085385 -0.4291404 -0.3738009 -0.2614998 -0.2575171  0.1269705  0.0221218 -0.0907445 -0.0582587 -0.0081810 -0.0152460 
-0.0000001  0.5000000  0.0000001  0.0000001 -0.0505814 -0.0000002 -0.0252896 -0.2014404  0.4282643  0.2443431 -0.0015716  0.1047717  0.3686839 -0.2809202 -0.0054829 -0.2156679  0.0549322 -0.2633913  0.0344908 -0.1099175 -0.1872941  0.2461667  0.0969664 
-0.0000001  0.4999996  0.0000000 -0.0000004  0.0505817  0.0000000 -0.0252895 -0.2697241 -0.3467149 -0.1549269 -0.3025964  0.1125401 -0.0122573  0.0510015  0.1121486 -0.0156625  0.1019356  0.3141318  0.4250510  0.1493694 -0.1421451 -0.1514031 -0.2342144 
-0.0000002  0.5000001  0.0000000  0.0000004 -0.0000001 -0.0505807  0.0252897  0.4467348 -0.1467547  0.0220834  0.0670763 -0.0412519 -0.1010531  0.2413715  0.1357126 -0.1103348 -0.2738493  0.1883265 -0.3028214  0.2150987  0.0090710  0.2029609  0.3608833 
 0.0000000  0.5000003 -0.0000001 -0.0000002 -0.0000002  0.0505810  0.0252894  0.0244290  0.0652052 -0.1114996  0.2370911 -0.1760603 -0.2553728 -0.0114522 -0.2423777  0.3416655  0.1169817 -0.2390669 -0.1567200 -0.2545503  0.3203682 -0.2977244 -0.2236353 
 0.0000000  0.0000000  0.5758713  0.0000000  0.0000000  0.0000000  0.0000000  0.2869051  0.1192509 -0.1797160  0.1468774 -0.0753800  0.0035076 -0.2297145  0.3331969 -0.0488777 -0.0857771 -0.2284627  0.3829268  0.2759319  0.2273209 -0.0035815 -0.1099173 
 0.0000000  0.0000000  0.5758713  0.0000000  0.0000000  0.0000000  0.0000000 -0.2225757 -0.0443801 -0.0199821 -0.3007688  0.0830385 -0.2169376  0.1695891 -0.0967267 -0.3170664  0.4098226 -0.0350240 -0.3082581 -0.0911804  0.1453036  0.0221880  0.1981743 
 0.0000000  0.0000000  0.5758712  0.0000000  0.0000000 -0.0000001  0.0000000 -0.0556785 -0.1109441  0.2455338  0.2128594 -0.0271451  0.2042715  0.0517592 -0.2355474  0.3049365 -0.2950032  0.2616717 -0.0520534 -0.1921981 -0.3860293 -0.0663772 -0.0719923 
 0.0000000  0.0000000  0.0000000  0.5758713  0.0000000  0.0000000  0.0000000  0.0749178  0.0941054  0.1771663 -0.0888302  0.1052994  0.0934710  0.3656981  0.0580665 -0.3163188 -0.2810118 -0.0019142  0.0352288 -0.2460038  0.2427751 -0.0356304 -0.3958489 
-0.0000001  0.0000000  0.0000001  0.5758712  0.0000000  0.0000000  0.0000000  0.0901654 -0.1121529 -0.3613497 -0.0126382 -0.1334248 -0.0789687  0.0493166  0.0222299  0.1361584  0.1354939 -0.3023425  0.1497224 -0.1912979 -0.4501085  0.0532040  0.3117975 
 0.0000000  0.0000000  0.0000000  0.5758712 -0.0000001  0.0000000  0.0000000 -0.1976271  0.0276010  0.1959990  0.0974494 -0.0434655  0.0320952 -0.3558463 -0.0589087  0.2007642  0.1537829  0.2999293 -0.1646014  0.4442927  0.2350429 -0.0235042  0.1158692 
 0.0000001  0.0000000  0.0000000  0.0000001  0.5758712  0.0000000  0.0000000 -0.0506638 -0.0594995 -0.4580364  0.2053123 -0.0290461  0.4354813 -0.1010824  0.1194174 -0.1962567  0.0388454  0.1168144 -0.3371962 -0.0745487  0.0070216 -0.1147500 -0.0959279 
 0.0000000  0.0000000  0.0000000  0.0000000  0.5758713  0.0000000  0.0000000  0.2533228 -0.1451608  0.3964744 -0.4865735 -0.2147178 -0.0570094 -0.2686435 -0.0172312  0.1141292 -0.0502422 -0.1208772  0.0685305 -0.1561515  0.0565144 -0.0284105  0.0641923 
 0.0000000  0.0000000  0.0000000  0.0000000  0.5758712  0.0000000  0.0000000 -0.1966611  0.2727306  0.0966317  0.3077017  0.2430816 -0.3450122  0.3405716 -0.1125184  0.0645604  0.0072682 -0.0466638  0.2343604  0.2079259 -0.0675015  0.1780810  0.0608248 
 0.0000000  0.0000000  0.0000000  0.0000000  0.0000000  0.5758713  0.0000000  0.2945461  0.5047270 -0.0208910 -0.1423645 -0.0597018 -0.0373300  0.0743326  0.0559680 -0.0156641  0.1959632  0.3298021  0.0049813  0.0166963 -0.2142983 -0.3143510  0.0092574 
