 0.2672612  0.1840355  0.1899762 -0.1144453 -0.2080198 -0.0696194  0.4460836 -0.0708866 -0.3110265  0.0915228 -0.5311574 -0.2199695 -0.3009718  0.2591649 
 0.2672612  0.4820989  0.4012496 -0.0395877 -0.2160498  0.2712670 -0.0496575  0.1471258  0.1738497 -0.5086739  0.0311797  0.2392735  0.2046460 -0.0114711 
 0.2672612  0.1498208  0.0833076 -0.3439646  0.3199540 -0.3020044  0.1820871 -0.4189488  0.5643354  0.1192470  0.1222941 -0.1310712  0.1060601  0.0504360 
 0.2672612  0.1740287  0.1170290 -0.1625465  0.4015448  0.0792951 -0.3443542  0.4457364 -0.2278517  0.3690930 -0.0578874 -0.2522198  0.3170661  0.1331874 
 0.2672612  0.0966677 -0.0061432  0.6144162  0.4421357 -0.0458552  0.3608564  0.2420134  0.0277335 -0.0965891  0.2528357 -0.0242125 -0.2809452 -0.0420271 
 0.2672612 -0.3119834 -0.2568493 -0.2915292  0.2418704  0.1515739 -0.1345315  0.2517636  0.2536726 -0.1677351 -0.3482145  0.3986605 -0.3657128  0.1044181 
 0.2672612  0.1398441 -0.3726192 -0.1920118  0.1662232  0.0583578  0.2329948 -0.2609665 -0.4976982 -0.0280839  0.0635598  0.3614913  0.2576812 -0.3609265 
 0.2672612  0.3811405 -0.3850733  0.1815815 -0.3816613  0.2330337 -0.2033938 -0.0654821  0.2345676  0.4867276  0.0851881  0.0476105 -0.2311643 -0.0392002 
 0.2672612 -0.2206270  0.1178564  0.4444974  0.0396087 -0.0415028 -0.2700669 -0.4359853 -0.0964159  0.0339019 -0.1396486  0.2846602  0.2517316  0.4772515 
 0.2672612 -0.2682866 -0.2600760  0.1496850 -0.3490496 -0.2821625  0.2571206  0.3557511  0.2374685 -0.0185255 -0.1849114 -0.0897639  0.5139682 -0.0963320 
 0.2672612 -0.2800781 -0.1900717 -0.0386138 -0.0124140  0.5421024 -0.0160318 -0.2203951 -0.0204557 -0.3073866  0.1347674 -0.5951944  0.0296732  0.0380149 
 0.2672612  0.0371570  0.0394518  0.1041190 -0.0346220 -0.4635505 -0.5029495 -0.1171859 -0.1076367 -0.2545516 -0.1797974 -0.2281742 -0.2270470 -0.4687239 
 0.2672612 -0.1237115 -0.0337227 -0.2728525 -0.2773894 -0.3325079 -0.0487151  0.1602242 -0.2388375 -0.0907707  0.6160395  0.0604237 -0.1898005  0.3710355 
 0.2672612 -0.4401065  0.5556847 -0.0387477 -0.1321308  0.2015726  0.0905578 -0.0127641  0.0082949  0.3718241  0.1357524  0.1484858 -0.0851849 -0.4148275 
