 0.4472136  0.0000000  0.0000000  0.1740723  0.0118024  0.0624870 -0.3941942 -0.5069905  0.0827937 -0.2682060 -0.3269386 -0.3421602  0.1848686  0.0818874  0.0979424 
 0.4472136  0.0000000  0.0000000 -0.1480081 -0.2453011  0.2852243  0.6689749  0.1586300  0.0168103  0.1113712 -0.1158040 -0.2844014  0.1746383  0.0009202  0.1624715 
 0.4472136  0.0000000  0.0000000 -0.1814113  0.2930518  0.1649042 -0.1066268 -0.2658503 -0.0903726  0.2667487  0.5117968  0.2426011 -0.0731030 -0.3787000  0.1519881 
 0.4472136  0.0000000  0.0000000  0.1691581 -0.0856836 -0.0708723 -0.0304908  0.3166350  0.0933775 -0.4397079  0.2217660  0.4207271 -0.1615874  0.4415859  0.0920387 
 0.4472136  0.0000000  0.0000000 -0.0138110  0.0261305 -0.4417433 -0.1376630  0.2975759 -0.1026089  0.3297939 -0.2908201 -0.0367666 -0.1248165 -0.1456935 -0.5044406 
 0.0000000  0.4472136  0.0000000 -0.1682415 -0.0567984  0.1034220 -0.2654029  0.1436143  0.4175202  0.3558082 -0.0124154 -0.2352405 -0.4232219  0.2323108  0.2778650 
 0.0000000  0.4472136  0.0000000 -0.1801226 -0.3902709  0.1743002 -0.2367016 -0.0227188 -0.5664939  0.0818203  0.1603227  0.0366267  0.2799918  0.2478445 -0.1839646 
 0.0000000  0.4472136  0.0000000  0.2591957  0.4139429 -0.3719601  0.4065572 -0.3153659 -0.0709318  0.1713394  0.0112348  0.0612504  0.1055933  0.3279151  0.0377553 
 0.0000000  0.4472136  0.0000000  0.1007630 -0.4821542 -0.1958973  0.1415139 -0.2119941  0.2804473 -0.2285831 -0.0130352  0.2256401 -0.0774466 -0.5112347 -0.0684649 
 0.0000000  0.4472136  0.0000000 -0.0115946  0.5152807  0.2901352 -0.0459666  0.4064645 -0.0605418 -0.3803848 -0.1461069 -0.0882768  0.1150834 -0.2968357 -0.0631907 
 0.0000000  0.0000000  0.4472136  0.2888484 -0.0729863 -0.1490256  0.0559959  0.0460045 -0.3758363 -0.1653560  0.2946875 -0.4818102 -0.4126742 -0.1242885  0.1022453 
 0.0000000  0.0000000  0.4472136 -0.7221194  0.0777784 -0.3270707  0.0299005 -0.0911127 -0.0658919 -0.2311644 -0.2045620  0.1061813 -0.0028233  0.0476060  0.2077262 
 0.0000000  0.0000000  0.4472136 -0.0322519  0.0754492  0.4356224  0.1424197 -0.2551724  0.2071568 -0.0170870 -0.0146118  0.0994736 -0.2335008  0.1838943 -0.6135551 
 0.0000000  0.0000000  0.4472136  0.1032008 -0.0224753 -0.1609177 -0.1421057  0.2090672  0.4061119  0.1168068  0.3525995 -0.1396317  0.6116900 -0.0089904 -0.0490625 
 0.0000000  0.0000000  0.4472136  0.3623222 -0.0577660  0.2013915 -0.0862104  0.0912134 -0.1715405  0.2968006 -0.4281133  0.4157870  0.0373082 -0.0982213  0.3526461 
