 0.5544539 -0.1010503  0.0000000  0.0000000  0.0443449 -0.0612206 -0.3694967 -0.2446273 -0.2145217 -0.1944120  0.0038545 -0.6296463 
 0.5544539  0.1010503  0.0000000  0.0000000  0.0443449 -0.2676856  0.1595057  0.1157724 -0.2241332 -0.4186853  0.1431376  0.5691053 
 0.6206140  0.0000000  0.0000000  0.0000000 -0.0792352  0.2938434  0.1876051  0.1151184  0.3918925  0.5477386 -0.1313221  0.0540871 
 0.0000000  0.6998492  0.0000000  0.0000000  0.0000000 -0.4386641  0.2436493 -0.0526627  0.3966903 -0.0858498  0.0222489 -0.3006963 
 0.0000000  0.6998492  0.0000000  0.0000000  0.0000000  0.4684753 -0.3200312  0.0006250 -0.3953025  0.1182324 -0.0423598  0.1276101 
 0.0000000  0.0000000  0.5544539 -0.1010503  0.0443449 -0.0946625 -0.3186235 -0.3983597  0.2653028 -0.0881192 -0.5002335  0.2878312 
 0.0000000  0.0000000  0.5544539  0.1010503  0.0443449 -0.2248366 -0.0363016  0.7007148 -0.2377354  0.1438705 -0.1552146 -0.1903268 
 0.0000000  0.0000000  0.6206140  0.0000000 -0.0792352  0.2854391  0.3170886 -0.2701228 -0.0246286 -0.0498080  0.5855745 -0.0871100 
 0.0000000  0.0000000  0.0000000  0.6998492  0.0000000  0.2536372  0.3973287 -0.0966173 -0.0926189 -0.2774198 -0.4265728 -0.1056878 
 0.0000000  0.0000000  0.0000000  0.6998492  0.0000000 -0.2348416 -0.4380928 -0.0620766  0.1652519  0.2439232  0.3767560  0.1747284 
 0.0000000  0.0000000  0.0000000  0.0000000  0.6998492  0.3363524 -0.1579238  0.2810881  0.4018185 -0.3375162  0.1293774 -0.0318422 
 0.0000000  0.0000000  0.0000000  0.0000000  0.6998492 -0.2296822  0.2508591 -0.3096309 -0.3341898  0.4292061 -0.0457305  0.0257613 
