 0.6983254 -0.1980557  0.0640822  0.0072263  0.0021367  0.0003847  0.0197923 -0.0001076  0.0001046  0.0012069 -0.0017059  0.1528609 -0.4035026  0.5313899 
 0.7157526  0.1920925 -0.0625365  0.0016536 -0.0015013 -0.0004237 -0.0193268  0.0002906 -0.0001807 -0.0011578  0.0016743 -0.1491335  0.3936185 -0.5189687 
 0.0008570  0.9611689  0.0257762  0.0002807 -0.0011226  0.0005570  0.0077816 -0.0001069  0.0000499  0.0004862 -0.0006986  0.0576207 -0.1595099  0.2160155 
-0.0000139 -0.0000730  0.9956494  0.0000019 -0.0000741 -0.0000301 -0.0027016 -0.0000493 -0.0000425 -0.0001578  0.0002334 -0.0211025  0.0550326 -0.0721173 
-0.0041819 -0.0031326 -0.0005954  0.7081303 -0.1947465  0.0634586 -0.0210752 -0.0010583 -0.0000290  0.0011744 -0.0014688 -0.4843435  0.2995350  0.3630592 
-0.0046299  0.0043369  0.0000748  0.7060428  0.1953533 -0.0636283  0.0209786  0.0010551  0.0000073 -0.0011722  0.0014935  0.4844213 -0.2972538 -0.3684877 
-0.0003397  0.0003468 -0.0002691 -0.0000359  0.9611986  0.0258513 -0.0085832 -0.0005807 -0.0000345  0.0004832 -0.0005920 -0.1971454  0.1223709  0.1466733 
 0.0000137  0.0000883  0.0000140 -0.0000140 -0.0000610  0.9956182  0.0028813  0.0000856 -0.0000007 -0.0001598  0.0002083  0.0667598 -0.0408863 -0.0510641 
 0.0000111 -0.0000014 -0.0000041 -0.0000013 -0.0000150  0.0000052  0.9990999 -0.0000065  0.0000063 -0.0000044  0.0000012 -0.0286454  0.0307775 -0.0056167 
-0.0002040  0.0000299  0.0000235 -0.0000778  0.0000418  0.0000104  0.0000279  0.7072365 -0.1971367  0.0667884  0.0275557 -0.4471044 -0.4565627 -0.2176736 
 0.0000166 -0.0000045  0.0000841  0.0000845  0.0001654  0.0000806 -0.0000771  0.7069751  0.1972109 -0.0668082 -0.0275719  0.4457430  0.4574854  0.2192959 
 0.0000132  0.0000147  0.0000115 -0.0000178  0.0000013 -0.0000105  0.0000076 -0.0000010  0.9603358  0.0274297  0.0113191 -0.1833909 -0.1875259 -0.0898685 
-0.0000004  0.0000000 -0.0000005  0.0000004 -0.0000023  0.0000013  0.0000007 -0.0000002 -0.0000003  0.9951470 -0.0040042  0.0658445  0.0667880  0.0295011 
 0.0000000  0.0000000  0.0000000  0.0000000  0.0000000  0.0000000  0.0000000  0.0000000  0.0000000  0.0000000  0.9991623  0.0259617  0.0271006  0.0163178 
