 0.7071068  0.0000000  0.0000000  0.0000000 -0.1826073  0.0000000  0.0000000  0.0000000  0.0000000  0.1782227  0.5365745 -0.0105218 -0.0918434  0.0591812  0.3618805  0.0630336 
 0.7071068  0.0000000  0.0000000  0.0000000  0.1826073  0.0000000  0.0000000  0.0000000  0.0000000 -0.1782227 -0.5365745  0.0105218  0.0918434 -0.0591812 -0.3618805 -0.0630336 
 0.0000000  0.7071068  0.0000000  0.0000000 -0.1826073  0.0000000  0.0000000  0.0000000  0.0000000 -0.0380096 -0.1941499 -0.2820314 -0.2988906 -0.2929841  0.1084041  0.4013069 
 0.0000000  0.7071068  0.0000000  0.0000000  0.1826073  0.0000000  0.0000000  0.0000000  0.0000000  0.0380096  0.1941499  0.2820314  0.2988906  0.2929841 -0.1084041 -0.4013069 
 0.0000000  0.0000000  0.7071068  0.0000000 -0.1369555  0.0000000  0.0000000  0.0000000 -0.0456518 -0.1245327 -0.3008772  0.4178173 -0.0673030  0.1928475  0.3916261  0.0588351 
 0.0000000  0.0000000  0.7071068  0.0000000  0.1369555  0.0000000  0.0000000  0.0000000  0.0456518  0.1245327  0.3008772 -0.4178173  0.0673030 -0.1928475 -0.3916261 -0.0588351 
 0.0000000  0.0000000  0.0000000  0.7071068 -0.1369555  0.0000000  0.0000000  0.0000000  0.0456518 -0.0594083  0.0718930  0.0004985 -0.2216567  0.4984548 -0.3285823  0.2547659 
 0.0000000  0.0000000  0.0000000  0.7071068  0.1369555  0.0000000  0.0000000  0.0000000 -0.0456518  0.0594083 -0.0718930 -0.0004985  0.2216567 -0.4984548  0.3285823 -0.2547659 
 0.0000000  0.0000000  0.0000000  0.0000000  0.8897141  0.0000000  0.0000000  0.0000000  0.0000000  0.0009266  0.0700643  0.0086956 -0.2493509  0.1168544  0.2124539  0.2871514 
 0.0000000  0.0000000  0.0000000  0.0000000  0.0000000  0.7071068  0.0000000  0.0000000 -0.1826073 -0.1256870  0.2104995  0.4345652 -0.2133106 -0.3237446 -0.2505830  0.0677981 
 0.0000000  0.0000000  0.0000000  0.0000000  0.0000000  0.7071068  0.0000000  0.0000000  0.1826073  0.1256870 -0.2104995 -0.4345652  0.2133106  0.3237446  0.2505830 -0.0677981 
 0.0000000  0.0000000  0.0000000  0.0000000  0.0000000  0.0000000  0.7071068  0.0000000 -0.1826073 -0.1503285 -0.0235069 -0.1757470 -0.4502792  0.0690358  0.0564796 -0.4493429 
 0.0000000  0.0000000  0.0000000  0.0000000  0.0000000  0.0000000  0.7071068  0.0000000  0.1826073  0.1503285  0.0235069  0.1757470  0.4502793 -0.0690358 -0.0564796  0.4493429 
 0.0000000  0.0000000  0.0000000  0.0000000  0.0000000  0.0000000  0.0000000  0.7071068 -0.1826073  0.6321602 -0.1755500  0.0923347 -0.1407863  0.0167355 -0.0814564 -0.0307989 
 0.0000000  0.0000000  0.0000000  0.0000000  0.0000000  0.0000000  0.0000000  0.7071068  0.1826073 -0.6321602  0.1755500 -0.0923347  0.1407863 -0.0167355  0.0814564  0.0307989 
 0.0000000  0.0000000  0.0000000  0.0000000  0.0000000  0.0000000  0.0000000  0.0000000  0.8897141  0.1395090 -0.0335571  0.1869689 -0.3143446 -0.1290464 -0.0392045 -0.1893677 
