 0.7071068  0.0000000  0.0000000  0.0000000  0.0000000 -0.1583984  0.0000000  0.0000000  0.0000000  0.0000000  0.0000000  0.0000000 -0.3581221  0.3219102 -0.1061376  0.1050074  0.0822251  0.1679761  0.2423090 -0.0066323 -0.2982590 -0.1950579 
 0.7071068  0.0000000  0.0000000  0.0000000  0.0000000  0.1583984  0.0000000  0.0000000  0.0000000  0.0000000  0.0000000  0.0000000  0.3581221 -0.3219102  0.1061376 -0.1050074 -0.0822251 -0.1679761 -0.2423090  0.0066323  0.2982590  0.1950579 
 0.0000000  0.7071068  0.0000000  0.0000000  0.0000000 -0.1583984  0.0000000  0.0000000  0.0000000  0.0000000  0.0000000  0.0000000  0.1443824  0.1426311  0.0552953 -0.3278623  0.1811577  0.1343701 -0.0428599  0.2808132  0.2494032 -0.3597226 
 0.0000000  0.7071068  0.0000000  0.0000000  0.0000000  0.1583984  0.0000000  0.0000000  0.0000000  0.0000000  0.0000000  0.0000000 -0.1443824 -0.1426311 -0.0552953  0.3278623 -0.1811577 -0.1343701  0.0428599 -0.2808132 -0.2494032  0.3597226 
 0.0000000  0.0000000  0.7071068  0.0000000  0.0000000 -0.1583984  0.0000000  0.0000000  0.0000000  0.0000000  0.0000000  0.0000000 -0.0488913 -0.3652728 -0.0150312  0.1449356  0.4125826 -0.2759825 -0.0430171  0.1278434 -0.1800985 -0.1443694 
 0.0000000  0.0000000  0.7071068  0.0000000  0.0000000  0.1583984  0.0000000  0.0000000  0.0000000  0.0000000  0.0000000  0.0000000  0.0488913  0.3652728  0.0150312 -0.1449356 -0.4125826  0.2759825  0.0430171 -0.1278434  0.1800985  0.1443694 
 0.0000000  0.0000000  0.0000000  0.7071068  0.0000000 -0.1583984  0.0000000  0.0000000  0.0000000  0.0000000  0.0000000  0.0000000 -0.0612824 -0.0779224 -0.1881442  0.2470021 -0.2250641 -0.1664455  0.3351783  0.2049943  0.3664058 -0.0411807 
 0.0000000  0.0000000  0.0000000  0.7071068  0.0000000  0.1583985  0.0000000  0.0000000  0.0000000  0.0000000  0.0000000  0.0000000  0.0612825  0.0779224  0.1881442 -0.2470021  0.2250641  0.1664455 -0.3351783 -0.2049943 -0.3664058  0.0411807 
 0.0000000  0.0000000  0.0000000  0.0000000  0.7071068 -0.1583984  0.0000000  0.0000000  0.0000000  0.0000000  0.0000000  0.0000000 -0.2470057 -0.1670438 -0.1231462 -0.4845782 -0.0424988 -0.0424312  0.1248221  0.1128616 -0.0691722  0.3151250 
 0.0000000  0.0000000  0.0000000  0.0000000  0.7071068  0.1583984  0.0000000  0.0000000  0.0000000  0.0000000  0.0000000  0.0000000  0.2470057  0.1670438  0.1231462  0.4845782  0.0424988  0.0424312 -0.1248222 -0.1128616  0.0691722 -0.3151250 
 0.0000000  0.0000000  0.0000000  0.0000000  0.0000000  0.8655053  0.0000000  0.0000000  0.0000000  0.0000000  0.0000000  0.0000000 -0.2089709 -0.0533291 -0.1380515 -0.1154793  0.1494857 -0.0668044  0.2256299  0.2634944  0.0249920 -0.1556360 
 0.0000000  0.0000000  0.0000000  0.0000000  0.0000000  0.0000000  0.7071068  0.0000000  0.0000000  0.0000000  0.0000000 -0.1583984  0.2083469  0.2673675 -0.1827895  0.0197894 -0.1457710 -0.2638454 -0.1596217  0.3598894 -0.2708082  0.0837398 
 0.0000000  0.0000000  0.0000000  0.0000000  0.0000000  0.0000000  0.7071068  0.0000000  0.0000000  0.0000000  0.0000000  0.1583985 -0.2083469 -0.2673675  0.1827895 -0.0197894  0.1457711  0.2638454  0.1596217 -0.3598894  0.2708082 -0.0837398 
 0.0000000  0.0000000  0.0000000  0.0000000  0.0000000  0.0000000  0.0000000  0.7071068  0.0000000  0.0000000  0.0000000 -0.1583984  0.0431227 -0.2016150  0.0476914  0.1929228  0.0159378  0.4916370 -0.0093965  0.3382729 -0.0687529  0.1780544 
 0.0000000  0.0000000  0.0000000  0.0000000  0.0000000  0.0000000  0.0000000  0.7071068  0.0000000  0.0000000  0.0000000  0.1583984 -0.0431227  0.2016150 -0.0476914 -0.1929228 -0.0159378 -0.4916369  0.0093965 -0.3382729  0.0687529 -0.1780544 
 0.0000000  0.0000000  0.0000000  0.0000000  0.0000000  0.0000000  0.0000000  0.0000000  0.7071068  0.0000000  0.0000000 -0.1583984  0.2833406  0.1651188  0.1735482 -0.0119763  0.2961036 -0.0670402  0.4259479 -0.0620100  0.0036143  0.2442126 
 0.0000000  0.0000000  0.0000000  0.0000000  0.0000000  0.0000000  0.0000000  0.0000000  0.7071068  0.0000000  0.0000000  0.1583984 -0.2833406 -0.1651188 -0.1735482  0.0119763 -0.2961036  0.0670402 -0.4259479  0.0620100 -0.0036143 -0.2442126 
 0.0000000  0.0000000  0.0000000  0.0000000  0.0000000  0.0000000  0.0000000  0.0000000  0.0000000  0.7071068  0.0000000 -0.1583984  0.2963915 -0.1961056 -0.4241092 -0.1081975 -0.0691775  0.1402095  0.1431199 -0.2271053 -0.1421952 -0.2007621 
 0.0000000  0.0000000  0.0000000  0.0000000  0.0000000  0.0000000  0.0000000  0.0000000  0.0000000  0.7071068  0.0000000  0.1583984 -0.2963915  0.1961056  0.4241092  0.1081975  0.0691775 -0.1402095 -0.1431199  0.2271053  0.1421952  0.2007621 
 0.0000000  0.0000000  0.0000000  0.0000000  0.0000000  0.0000000  0.0000000  0.0000000  0.0000000  0.0000000  0.7071068 -0.1583984  0.0171998 -0.1678293  0.4237777 -0.0922964 -0.3300921 -0.0850200  0.1840691  0.0454952 -0.2156658 -0.2443134 
 0.0000000  0.0000000  0.0000000  0.0000000  0.0000000  0.0000000  0.0000000  0.0000000  0.0000000  0.0000000  0.7071068  0.1583984 -0.0171998  0.1678293 -0.4237777  0.0922964  0.3300921  0.0850200 -0.1840691 -0.0454952  0.2156658  0.2443134 
 0.0000000  0.0000000  0.0000000  0.0000000  0.0000000  0.0000000  0.0000000  0.0000000  0.0000000  0.0000000  0.0000000  0.8655053  0.3105365 -0.0487047  0.0139523  0.0000886 -0.0852837  0.0790398  0.2138022  0.1663740 -0.2539512  0.0223024 
