 0.3015113  0.0000000  0.1196543  0.1421973 -0.1293238 -0.0517290  0.0031782 -0.0028589  0.3962076 -0.3766256  0.4959815  0.1663769 -0.2745497 -0.0792019  0.0988873 -0.0773991 -0.0489932 -0.1258671 -0.2241283  0.0591603 -0.3295685 -0.0679492 
 0.3015113  0.0000000 -0.0416746 -0.3285244  0.1795037 -0.1807638 -0.1062723  0.0267526 -0.2601389  0.0246073  0.2297523 -0.0004996 -0.1319597  0.0769470 -0.1446580 -0.0213941  0.0760190 -0.2462761  0.3649576 -0.5476666 -0.0842614 -0.2237716 
 0.3015113  0.0000000 -0.4520606 -0.1023154 -0.1661847  0.0214606  0.2643190 -0.3409138  0.0429575  0.2595136  0.3012942  0.0184197  0.0606432  0.2504863 -0.1932463 -0.0267567  0.0186718  0.0192687 -0.2761576  0.0478484  0.3619659  0.0708244 
 0.3015113  0.0000000  0.0525829 -0.1468570  0.4657563  0.0783356  0.3396644  0.1151896 -0.3458793 -0.2082517  0.0293128  0.1405817  0.0553417  0.0060924  0.4216856  0.0709029 -0.1821186  0.0927807 -0.0740012  0.2714559  0.1566966 -0.1341258 
 0.3015113  0.0000000  0.0711080  0.0358549  0.0880518 -0.1686742 -0.1594425 -0.5356994 -0.1290302  0.1449695 -0.2308522  0.2481951 -0.2206971 -0.1329700  0.0935534 -0.0417330  0.3353616  0.2598129  0.1226311  0.1643117 -0.2267438  0.2264706 
 0.3015113  0.0000000  0.0436871 -0.0010614 -0.1045692  0.4012670 -0.0746787  0.2189783 -0.2991240  0.1324105 -0.0089721 -0.4479373 -0.2225031 -0.1433984 -0.2238493 -0.0235542  0.2212577 -0.2255634 -0.0979993  0.3519696 -0.1408519 -0.0085566 
 0.3015113  0.0000000  0.0094275 -0.2249109 -0.1120781 -0.1279739 -0.2303235 -0.0077225  0.3372531 -0.2305027 -0.3118875 -0.4141143  0.0686679  0.4717443  0.2806065 -0.0196120  0.0664016  0.0190542  0.0967055  0.0943004  0.0962085 -0.0455934 
 0.3015113  0.0000000  0.1292333  0.2218438  0.2105186 -0.3929766  0.0594957  0.2919081  0.2130646  0.3062312 -0.1389051 -0.0878460 -0.0758954 -0.2442587 -0.0293931 -0.3019408 -0.1758455 -0.1693809 -0.0412926 -0.0584529  0.2792008  0.2989138 
 0.3015113  0.0000000  0.0977712 -0.1683448 -0.3010961  0.5041531 -0.2520399  0.1564744  0.0961232 -0.0060491 -0.1595004  0.4053633 -0.0036110 -0.1744972 -0.0003316 -0.1034253 -0.1708818  0.2072846  0.0782377 -0.1936589  0.2869025  0.0073190 
 0.3015113  0.0000000  0.0949332  0.2327648  0.0759170  0.0223129  0.1192686  0.2980013  0.1319520  0.2428396 -0.0315166  0.0308272  0.2602639  0.1546467 -0.0795627  0.5309114  0.1986609  0.3037608 -0.1465405 -0.2370289 -0.2622005 -0.0170130 
 0.3015113  0.0000000 -0.1246623  0.3393530 -0.2064954 -0.1054116  0.0368309 -0.2201097 -0.1833855 -0.2891426 -0.1747069 -0.0593667  0.4842993 -0.1855905 -0.2236919  0.0140008 -0.3385334 -0.1348745  0.1975876  0.0477610 -0.1373482 -0.1065183 
 0.0000000  0.3015113 -0.3916510  0.2219187  0.2294016  0.1510622 -0.2750029 -0.1709108  0.1997935  0.0893301 -0.0075168 -0.1757037 -0.1351465 -0.3566297  0.2950401  0.3210283 -0.0254739 -0.1092841  0.0048049 -0.1100427  0.1615812 -0.2468906 
 0.0000000  0.3015113 -0.0571365  0.2789631  0.1387206  0.0491298 -0.3308908  0.0725936 -0.2055734  0.0952656  0.2142908 -0.0957687  0.1676072  0.2288314  0.0643775 -0.5448233 -0.0433484  0.3758233 -0.1406136 -0.0675912 -0.1184025 -0.1491547 
 0.0000000  0.3015113 -0.1896377  0.1096732 -0.4335266 -0.1743516  0.3497617  0.1630939 -0.1845367  0.0906972 -0.3280526  0.0836060 -0.4311844  0.1149516  0.1872234 -0.0441211 -0.1192568  0.0354629 -0.0363282 -0.1122829 -0.1461051 -0.2237156 
 0.0000000  0.3015113 -0.3533611 -0.0504037 -0.0327277 -0.1019017 -0.0875155  0.3582344  0.0433752 -0.0691001  0.0078199  0.3989543  0.2838863  0.0099799  0.0477927 -0.0685919  0.4343663 -0.2873130  0.1558208  0.2675920 -0.0255225  0.1136601 
 0.0000000  0.3015113  0.1290359 -0.5056795 -0.2599979 -0.2616537 -0.0487650 -0.0184866 -0.1005354  0.0655969  0.1109601 -0.1916472  0.2873961 -0.4217067  0.1675182  0.0628786 -0.0267981  0.1164418 -0.3230951 -0.0651660 -0.1071981  0.0874185 
 0.0000000  0.3015113  0.2572160  0.0062500 -0.0920632  0.2476336  0.2078157 -0.1454809  0.1377634  0.3940533  0.2408997 -0.0518522  0.1298002  0.1427610  0.2610515  0.0034811 -0.2115524 -0.1637372  0.4781846  0.1082855 -0.1638851  0.1719475 
 0.0000000  0.3015113  0.0709786 -0.0744899  0.1064074 -0.1148838 -0.4030682  0.0059821 -0.1477515  0.0196969 -0.0384163  0.1971054 -0.1709900  0.3117933 -0.2497419  0.3428019 -0.4459076 -0.1610383 -0.1967946  0.1794582 -0.0307645  0.2143717 
 0.0000000  0.3015113 -0.1706681 -0.2793242  0.3748839  0.2534392  0.2868687 -0.0781956  0.3146116 -0.1330745 -0.3012248 -0.0412404 -0.0082164 -0.0479597 -0.3295235 -0.2176013 -0.0885663  0.0491427 -0.0797231 -0.1029918 -0.3267277  0.0857931 
 0.0000000  0.3015113 -0.0153636  0.0390449 -0.0395039 -0.1299308  0.1068212  0.1362886  0.0069932 -0.3039606  0.2382960 -0.1914345 -0.2088034 -0.1058582 -0.2752667  0.1583888  0.0455043  0.4868672  0.4046255  0.1251555  0.2635980  0.1714232 
 0.0000000  0.3015113  0.4712855  0.0123571  0.0312362 -0.0981371  0.0734059 -0.1597366  0.1385348  0.0852222 -0.0805734  0.1257543  0.0601134  0.0057949 -0.2761203 -0.0247439  0.2021839 -0.0927386 -0.0640380  0.1728265  0.2682995 -0.6005176 
 0.0000000  0.3015113  0.2493021  0.2416904 -0.0228302  0.1795937  0.1205692 -0.1633820 -0.2026748 -0.3337272 -0.0564826 -0.0577732  0.0255374  0.1180422  0.1076490  0.0113028  0.2788492 -0.2496264 -0.2028430 -0.3952430  0.2251269  0.3756642 
