 0.6859943  0.0000000  0.0000000  0.0000000  0.0000000  0.0000000  0.3819877 -0.0021817 -0.0495654 -0.1465957  0.4782348 -0.2112007  0.2841241 -0.0699624 -0.0246952 
 0.5144958 -0.1714986  0.0000000  0.0000000  0.0000000  0.0000000 -0.1713057 -0.0775118 -0.0094568 -0.0878419 -0.0570577  0.4824707 -0.5251832  0.2073396  0.3284544 
 0.5144958  0.1714986  0.0000000  0.0000000  0.0000000  0.0000000 -0.3380112  0.0804208  0.0755440  0.2833028 -0.5805887 -0.2008698  0.1463510 -0.1140564 -0.2955275 
 0.0000000  0.6859943  0.0000000  0.0000000  0.0000000  0.0000000 -0.1668794  0.0127641  0.1541523 -0.5710174 -0.0198717 -0.1119781 -0.1364060 -0.2577494  0.2315188 
 0.0000000  0.6859943  0.0000000  0.0000000  0.0000000  0.0000000  0.2085558 -0.0522473 -0.1754025  0.4782312  0.1507544  0.2828132 -0.0314776  0.3380984 -0.0755234 
 0.0000000  0.0000000  0.6859943  0.0000000  0.0000000  0.0000000 -0.0845368 -0.0592510 -0.5862785 -0.2927000 -0.1387142 -0.0021943  0.1354756  0.2091541 -0.0895173 
 0.0000000  0.0000000  0.5144958 -0.1714986  0.0000000  0.0000000 -0.3995180 -0.2846297  0.4931576  0.2171761  0.4096897 -0.0629079 -0.0060141  0.0083144 -0.0545473 
 0.0000000  0.0000000  0.5144958  0.1714986  0.0000000  0.0000000  0.5122338  0.3636310  0.2885470  0.1730905 -0.2247373  0.0658336 -0.1746201 -0.2871865  0.1739037 
 0.0000000  0.0000000  0.0000000  0.6859943  0.0000000  0.0000000 -0.2389204  0.2787553  0.2258401 -0.1156478  0.0863440  0.2659741  0.4247366  0.2620012  0.0547978 
 0.0000000  0.0000000  0.0000000  0.6859943  0.0000000  0.0000000  0.0109825 -0.4408204 -0.1746874  0.1266692  0.0722628 -0.2981595 -0.3825851 -0.1881260 -0.1119105 
 0.0000000  0.0000000  0.0000000  0.0000000  0.6859943  0.0000000  0.1667447 -0.4271196  0.1299421  0.0181747 -0.2601111 -0.0660946  0.2628600  0.1515298  0.3713201 
 0.0000000  0.0000000  0.0000000  0.0000000  0.5144958 -0.1714986  0.0624138  0.0305660  0.0782460 -0.2213684  0.0779782  0.3825970 -0.1365998 -0.1952014 -0.6608344 
 0.0000000  0.0000000  0.0000000  0.0000000  0.5144958  0.1714986 -0.2847400  0.5389268 -0.2515021  0.1971355  0.2688366 -0.2944708 -0.2138801 -0.0068384  0.1657409 
 0.0000000  0.0000000  0.0000000  0.0000000  0.0000000  0.6859943 -0.0912413 -0.1471038 -0.1777035  0.1056086  0.0482874  0.3761982  0.2254136 -0.5061499  0.0765490 
 0.0000000  0.0000000  0.0000000  0.0000000  0.0000000  0.6859943  0.1780298  0.0200137  0.2601405 -0.2102346 -0.0960020 -0.2069312 -0.2060936  0.4590592 -0.2831928 
