 0.7071068  0.0000000 -0.1769153  0.0000000  0.0000000  0.0000000  0.0000000 -0.0512874 -0.1868651 -0.4008740 -0.4124419 -0.2210246  0.2269182 
 0.7071068  0.0000000  0.1769153  0.0000000  0.0000000  0.0000000  0.0000000  0.0512874  0.1868651  0.4008740  0.4124419  0.2210246 -0.2269182 
 0.0000000  0.7071068 -0.1769153  0.0000000  0.0000000  0.0000000  0.0000000  0.0512874 -0.2277319 -0.3040837  0.0633251  0.2249818 -0.5168317 
 0.0000000  0.7071068  0.1769153  0.0000000  0.0000000  0.0000000  0.0000000 -0.0512874  0.2277319  0.3040837 -0.0633251 -0.2249819  0.5168317 
 0.0000000  0.0000000  0.9353095  0.0000000  0.0000000  0.0000000  0.0000000  0.0000000 -0.1568434 -0.2666878 -0.1320720  0.0014970 -0.1096752 
 0.0000000  0.0000000  0.0000000  0.7071068  0.0000000 -0.1769153  0.0000000  0.0512874  0.0762437 -0.3117026  0.4845571 -0.3530349  0.0605790 
 0.0000000  0.0000000  0.0000000  0.7071068  0.0000000  0.1769153  0.0000000 -0.0512874 -0.0762437  0.3117026 -0.4845571  0.3530349 -0.0605790 
 0.0000000  0.0000000  0.0000000  0.0000000  0.7071068 -0.1769153  0.0000000 -0.0512874 -0.3230750  0.3295026 -0.0768755 -0.4283312 -0.2524752 
 0.0000000  0.0000000  0.0000000  0.0000000  0.7071068  0.1769153  0.0000000  0.0512874  0.3230750 -0.3295026  0.0768755  0.4283312  0.2524752 
 0.0000000  0.0000000  0.0000000  0.0000000  0.0000000  0.9353095  0.0000000  0.0000000 -0.0933771  0.0067338  0.1542273 -0.2955934 -0.0725950 
 0.0000000  0.0000000  0.0000000  0.0000000  0.0000000  0.0000000  0.7071068 -0.2282027  0.5138285 -0.0722495 -0.2043868 -0.1930845 -0.3156395 
 0.0000000  0.0000000  0.0000000  0.0000000  0.0000000  0.0000000  0.7071068  0.2282027 -0.5138285  0.0722495  0.2043868  0.1930845  0.3156395 
 0.0000000  0.0000000  0.0000000  0.0000000  0.0000000  0.0000000  0.0000000  0.9353095  0.2114231  0.0244499 -0.2134841 -0.1513909 -0.1067893 
