 0.4102939 -0.0453036  0.0187313 -0.0117274 -0.0078587  0.0059085 -0.0914114  0.0476589 -0.2307330  0.1050902 -0.0128943 -0.0572378 -0.0942933 -0.1841535 -0.1473577 -0.4163618  0.1730268  0.2196982 -0.0012735  0.3933098 -0.1171496  0.2764634 -0.4188564  0.1189346 -0.0123619 
 0.4102944  0.0453037 -0.0187311 -0.0117272 -0.0078582  0.0059088 -0.1137581 -0.2116843  0.1216534 -0.1552160 -0.0739741  0.0374115  0.1043026  0.0829502 -0.1058969  0.0603460  0.2182523 -0.1487158  0.0041751 -0.2784788  0.1318742 -0.5594827 -0.3747504  0.2524346 -0.1048799 
 0.4635085 -0.0000001 -0.0000002  0.0207619 -0.0088771  0.0066757  0.0507776 -0.0465489  0.2420187  0.2107831  0.0652460 -0.0224999  0.0395433  0.0144457 -0.3118935  0.0961343  0.3148931  0.1593913  0.3193324 -0.1372852  0.0398619  0.1243976  0.4332713 -0.2528130  0.2229729 
 0.4706000 -0.0000001  0.0000000 -0.0000001  0.0224462  0.0067770  0.0121180  0.0276478 -0.3019484  0.1411631  0.0638874  0.0731458  0.1692885  0.0303181  0.3845440  0.0451475 -0.2394156 -0.0110154 -0.1919350  0.1978228 -0.2125199 -0.3229207  0.2720249 -0.2855323 -0.1966466 
 0.4764587  0.0000000  0.0000000  0.0000000 -0.0000001 -0.0233641  0.1153118  0.1592236  0.1567268 -0.3013162 -0.0517692 -0.0332850 -0.2142948  0.0431509  0.1416865  0.1684629 -0.4068058 -0.2053042 -0.1235767 -0.1607208  0.1584483  0.4416512 -0.0067742  0.2081646  0.0782769 
 0.0000000  0.4980913  0.0017321  0.0000000  0.0000000  0.0000000  0.0497411  0.3497213  0.0427839 -0.0059863  0.2164485  0.1374345 -0.2736946  0.0864423  0.0617489 -0.1789142  0.1910561  0.0077575 -0.1373103 -0.2193162 -0.4862191 -0.1130623  0.1014179  0.2226644  0.1695311 
 0.0000000  0.4994565  0.0003669  0.0000000  0.0000000  0.0000000 -0.1541972 -0.5077031 -0.0945471  0.1537061  0.1234582  0.0609320  0.2774164  0.0208400 -0.0402895  0.0181956 -0.2999117 -0.1261557  0.1646649 -0.1587814 -0.1968186  0.2779686 -0.2105436 -0.1119580  0.0841445 
 0.0000000  0.4995513  0.0002721  0.0000000  0.0000000  0.0000000  0.2305458 -0.1887401  0.0151503 -0.2443620 -0.0762223  0.1454597 -0.1928594 -0.0471429  0.2159676 -0.1567876  0.1799975 -0.0254246  0.0139192  0.3470310  0.4933200 -0.0819501  0.0656734 -0.1982956  0.1293741 
 0.0000000  0.4987905  0.0010330  0.0000000  0.0000000  0.0000000 -0.1241360  0.3717333  0.0047699  0.1204441 -0.2578819 -0.3525334  0.1706397 -0.0842344 -0.2413818  0.2741724 -0.0748560  0.1775028 -0.0422023  0.0914583  0.1659284 -0.0074344  0.0397697  0.0762278 -0.3747186 
 0.0000000  0.0000000  0.4998235  0.0000000  0.0000000  0.0000000  0.1108442 -0.0655029 -0.1160369  0.1239834  0.1370295 -0.5605898 -0.1464526  0.2824826 -0.1856448 -0.2261200 -0.0317587 -0.3040797 -0.2080987 -0.0510907  0.0933433 -0.0817566  0.0111668 -0.1527939  0.0814231 
 0.0000000  0.0000000  0.4998235  0.0000000  0.0000000  0.0000000 -0.0194208  0.0175825 -0.1283022 -0.5268224  0.0875944  0.0144648  0.1969037 -0.5150215 -0.0856377 -0.0478178  0.0135394 -0.0623734  0.2301040 -0.0415995 -0.1535601 -0.0252901  0.1974724  0.0457095 -0.0995450 
 0.0000000  0.0000000  0.4998235  0.0000000  0.0000000  0.0000000 -0.0365382 -0.1156344  0.2622483 -0.0034281 -0.3945941  0.2643034  0.0304748  0.1832851  0.0118324 -0.0856070 -0.1572022  0.5279588 -0.2683522 -0.0901948 -0.0656495 -0.0084380 -0.0395569 -0.0697080  0.0687510 
 0.0000000  0.0000000  0.4998235  0.0000000  0.0000000  0.0000000 -0.0556508  0.1523310 -0.0048002  0.3963040  0.1674149  0.2854970 -0.0729862  0.0591486  0.2612007  0.3775352  0.1767311 -0.1755995  0.2469859  0.1582079  0.1364166  0.0844049 -0.1677440  0.1810562 -0.0540414 
 0.0000000  0.0000000  0.0000000  0.4998234  0.0000000  0.0000000  0.5604717 -0.1510063  0.1070347 -0.0765144  0.1406550 -0.1308266 -0.0170526  0.0148665  0.0885799  0.1871222  0.1833522  0.1679709 -0.0345842 -0.0567642 -0.2030363  0.1198398 -0.2126570 -0.1130335 -0.3685465 
 0.0000000  0.0000000  0.0000000  0.4998234  0.0000000  0.0000000 -0.0993380  0.1193207 -0.1967366  0.1894838  0.1435747  0.3903640 -0.0615230 -0.1385547 -0.2467631 -0.2822411 -0.1442404 -0.0552705 -0.1495773 -0.2968273  0.3675952  0.0092957  0.0939192 -0.0340461 -0.1881406 
 0.0000000  0.0000000  0.0000000  0.4998234  0.0000000  0.0000000  0.0264648  0.0375730  0.1215154  0.0420950 -0.2081274 -0.1036934  0.4785195  0.1530426  0.1425832 -0.1988341  0.0210318 -0.1677133  0.0581232  0.2402326 -0.0315561  0.0003008  0.1814815  0.4000072  0.2856429 
 0.0000000  0.0000000  0.0000000  0.4998234  0.0000000  0.0000000 -0.4945216 -0.0078024 -0.0444260 -0.1649962 -0.0808507 -0.1553745 -0.4013517 -0.0323291  0.0226136  0.2816065 -0.0640434  0.0500576  0.1128418  0.1217559 -0.1343132 -0.1412439 -0.0993614 -0.2337128  0.2590314 
 0.0000000  0.0000000  0.0000000  0.0000000  0.4998234  0.0000000 -0.1884831  0.1775598 -0.1117422 -0.2378318  0.0281709 -0.0437205  0.0764583  0.4653553  0.2125300 -0.2372539  0.0804866  0.1258035  0.3797110 -0.1661456  0.0828681  0.1255565 -0.0290900 -0.1265013 -0.2322460 
 0.0000000  0.0000000  0.0000000  0.0000000  0.4998234  0.0000000 -0.0518749  0.1394380  0.0731481  0.0812796  0.0628022 -0.1010344  0.2704935 -0.3697766  0.1936352  0.1046318  0.2223330 -0.0238295 -0.3983425 -0.1823346  0.1013462  0.0799133 -0.1973881 -0.2153346  0.3157197 
 0.0000000  0.0000000  0.0000000  0.0000000  0.4998234  0.0000000 -0.0405151 -0.2784758 -0.1424702 -0.1036035 -0.0583651  0.2090106 -0.1126042  0.1640477 -0.3722628  0.2445687  0.1444788 -0.1592882 -0.2962801  0.2736584 -0.1369329  0.1088243  0.2406830  0.2054268 -0.1234450 
 0.0000000  0.0000000  0.0000000  0.0000000  0.4998234  0.0000000  0.2780051 -0.0431691  0.1972076  0.2567719 -0.0356841 -0.0682519 -0.2410904 -0.2623226 -0.0606927 -0.1178642 -0.4248024  0.0617559  0.3292482  0.0653054 -0.0367981 -0.3020322 -0.0312034  0.1505805  0.0509193 
 0.0000000  0.0000000  0.0000000  0.0000000  0.0000000  0.4998234 -0.1341504 -0.2118115 -0.0554528 -0.0321881  0.4733335 -0.1932788 -0.0057376  0.0048382  0.1336217  0.0748635 -0.0568834  0.4366270 -0.1030886 -0.0015669  0.2105853 -0.0253105  0.1509928  0.3506868  0.0548875 
 0.0000000  0.0000000  0.0000000  0.0000000  0.0000000  0.4998234  0.2171108  0.3312996 -0.0092434 -0.1757484  0.1326811  0.2258659  0.2199834  0.2043659 -0.3512203  0.1125770 -0.1824266 -0.0605642  0.0508693  0.1990723 -0.0287266 -0.1059206 -0.2617180 -0.2416806  0.2222270 
 0.0000000  0.0000000  0.0000000  0.0000000  0.0000000  0.4998234 -0.2574921 -0.0510845  0.5361208  0.0689428 -0.0680255  0.0008436 -0.0887497 -0.1236287  0.1083400 -0.2292083  0.0680151 -0.3179882 -0.0663562  0.0955874 -0.1256953  0.0940040  0.0614915 -0.1511306 -0.3556445 
 0.0000000  0.0000000  0.0000000  0.0000000  0.0000000  0.4998234  0.1815047 -0.0587747 -0.4619475  0.1207722 -0.5411199 -0.0354435 -0.1384551 -0.0829660  0.1178272  0.0519549  0.1466940 -0.0704900  0.1111021 -0.3028115 -0.0465820  0.0639348  0.0488235  0.0547129  0.0832633 
