 0.7071038  0.0000052 -0.1738331 -0.0000076 -0.0000045 -0.0000035  0.0000052 -0.0425838 -0.0000010  0.0000055  0.0000000 -0.0000116 -0.0140873 -0.2104032  0.5602198  0.0755749 -0.1442180 -0.0685494  0.1977003 -0.1408849  0.1396973 
 0.7071097 -0.0000188  0.1738299  0.0000010 -0.0000012  0.0000020 -0.0000066  0.0425804  0.0000083 -0.0000055 -0.0000009  0.0000111  0.0140877  0.2104135 -0.5602062 -0.0755650  0.1442080  0.0685453 -0.1977033  0.1408964 -0.1397130 
 0.0000034  0.7070833 -0.1737878  0.0000219 -0.0000074 -0.0000082 -0.0000064  0.0425938 -0.0000083  0.0000127  0.0000022  0.0000123  0.0140910  0.1414121  0.0081827  0.0052853 -0.3896972  0.2467408 -0.1822475  0.3393286  0.2943178 
 0.0000101  0.7071303  0.1737833 -0.0000046  0.0000104  0.0000097  0.0000028 -0.0425924  0.0000043 -0.0000056 -0.0000021 -0.0000119 -0.0140889 -0.1413945 -0.0081927 -0.0052794  0.3896689 -0.2467186  0.1822247 -0.3392914 -0.2943293 
 0.0000000 -0.0000009  0.9376366 -0.0000035  0.0000055 -0.0000067  0.0000009 -0.0000026 -0.0000044 -0.0000006  0.0000021 -0.0000008 -0.0000008 -0.0255891  0.2107589  0.0299835 -0.1979215  0.0660372  0.0057528  0.0735422  0.1609008 
-0.0000074 -0.0000142 -0.0000053  0.7071271  0.0000058 -0.1738305  0.0000163 -0.0425348  0.0000093  0.0000072  0.0000089  0.0000029  0.0140910  0.5075028  0.2437230  0.0740714  0.0296180 -0.2994339 -0.0373674  0.1613087 -0.1653641 
 0.0000140 -0.0000030  0.0000144  0.7070865 -0.0000345  0.1738194 -0.0000096  0.0425388 -0.0000096 -0.0000106 -0.0000084 -0.0000062 -0.0140934 -0.5075316 -0.2437409 -0.0740787 -0.0295984  0.2994317  0.0373946 -0.1613401  0.1654007 
 0.0000120  0.0000130 -0.0000067 -0.0000097  0.7071330 -0.1737965  0.0000023  0.0425539  0.0000018 -0.0000100  0.0000046 -0.0000082 -0.0141017  0.1667137 -0.1328237 -0.1041700  0.1786809 -0.1391129  0.2016453 -0.1315810  0.5497339 
-0.0000064 -0.0000160 -0.0000058  0.0000385  0.7070805  0.1738212 -0.0000010 -0.0425529  0.0000008  0.0000089 -0.0000087  0.0000081  0.0141021 -0.1667483  0.1328240  0.1041697 -0.1787009  0.1391531 -0.2016588  0.1315888 -0.5497596 
 0.0000005  0.0000022 -0.0000014  0.0000070 -0.0000014  0.9376304  0.0000035  0.0000061  0.0000013  0.0000013  0.0000045 -0.0000034 -0.0000028  0.2499911  0.0411326 -0.0111558  0.0772174 -0.1625970  0.0608996  0.0110375  0.1425008 
-0.0000003  0.0000005 -0.0000024 -0.0000035 -0.0000008  0.0000014  0.7071131 -0.2305355  0.0000017 -0.0000025 -0.0000016 -0.0000002  0.0000024 -0.1420473  0.0562488  0.3151934  0.3919408  0.0962962  0.0344063  0.3845045  0.1106261 
 0.0000017  0.0000031  0.0000019 -0.0000031 -0.0000004  0.0000012  0.7071005  0.2305437 -0.0000025  0.0000015 -0.0000004 -0.0000007 -0.0000031  0.1420357 -0.0562687 -0.3152000 -0.3919533 -0.0962799 -0.0344094 -0.3845103 -0.1106247 
 0.0000003 -0.0000003  0.0000005 -0.0000006 -0.0000007 -0.0000008 -0.0000011  0.9376608 -0.0000003  0.0000001 -0.0000007 -0.0000001  0.0000002 -0.0708911  0.1119717  0.1775534  0.2015035  0.0041700  0.0297395  0.1720328 -0.0245560 
-0.0000043 -0.0000001  0.0000001  0.0000004 -0.0000063 -0.0000007 -0.0000013  0.0000001  0.7071132 -0.0000042 -0.1737798 -0.0000005 -0.0567537  0.2602837  0.0472392 -0.0188259  0.0516232  0.4666991  0.3934820 -0.0624879 -0.1305035 
-0.0000030  0.0000041  0.0000004  0.0000000  0.0000037  0.0000039  0.0000021  0.0000030  0.7071004  0.0000033  0.1737837  0.0000003  0.0567544 -0.2603021 -0.0472380  0.0188241 -0.0516376 -0.4666956 -0.3934892  0.0624873  0.1305166 
 0.0000027 -0.0000016  0.0000058  0.0000043 -0.0000026 -0.0000025  0.0000019  0.0000014  0.0000006  0.7071010 -0.1737769 -0.0000035  0.0567612  0.0005939  0.2565149 -0.4358494  0.2868799  0.1512747 -0.3218329  0.0054920  0.0450809 
-0.0000027 -0.0000055  0.0000022 -0.0000009  0.0000037  0.0000005 -0.0000009 -0.0000010  0.0000002  0.7071125  0.1737742  0.0000009 -0.0567606 -0.0006017 -0.2565284  0.4358357 -0.2868566 -0.1512683  0.3218417 -0.0055027 -0.0450725 
 0.0000015 -0.0000001 -0.0000005  0.0000007  0.0000001 -0.0000002  0.0000014  0.0000003 -0.0000005 -0.0000015  0.9376587 -0.0000002  0.0000009  0.0966917  0.1125884 -0.1685249  0.1254678  0.2290693  0.0265594 -0.0211280 -0.0316752 
 0.0000004  0.0000006 -0.0000001  0.0000022  0.0000003  0.0000018  0.0000003 -0.0000002  0.0000000  0.0000032 -0.0000020  0.7071036 -0.2305517  0.1428228  0.0467019  0.3636404  0.0710874  0.1650065 -0.3481389 -0.3609537  0.0909281 
 0.0000001 -0.0000010  0.0000015  0.0000011 -0.0000002  0.0000009  0.0000006 -0.0000009  0.0000001 -0.0000005  0.0000010  0.7071100  0.2305484 -0.1428343 -0.0466878 -0.3636412 -0.0710726 -0.1650143  0.3481522  0.3609290 -0.0909172 
 0.0000000  0.0000000  0.0000000  0.0000000  0.0000000  0.0000000  0.0000000  0.0000000  0.0000000  0.0000000  0.0000000  0.0000000  0.9376667  0.0808629  0.0028898  0.2260596  0.0183335  0.1146650 -0.0659980 -0.2089638  0.0403145 
