 0.2425356 -0.1395426 -0.4788355 -0.0763261 -0.2464934 -0.0205661 -0.3747503  0.0653047 -0.2855263 -0.3223152  0.1396063  0.0466467 -0.1925552  0.0347482  0.2395405 -0.4205462 -0.0333009 
 0.2425356  0.3979271  0.1182516 -0.0373731  0.0628734  0.0919524 -0.0034392  0.4856346  0.0370617 -0.0771440  0.5157731 -0.3754549 -0.1287863 -0.2619836 -0.0527073  0.0949601 -0.0886534 
 0.2425356 -0.2490943 -0.1026416 -0.6260813 -0.2859305 -0.0454642  0.1488103  0.1380776  0.2154810 -0.0118776 -0.2922655 -0.1419043 -0.1511496 -0.1306056 -0.3714051  0.1000557  0.1076852 
 0.2425356 -0.2439375  0.2595448  0.1965148 -0.4813987 -0.4758056  0.0090246 -0.1175762  0.0682670 -0.0888809  0.2980323  0.1408284  0.0455257  0.0393625  0.0450684  0.3334462 -0.2561102 
 0.2425356  0.0774041 -0.1908145  0.2360960 -0.0652704 -0.0412075  0.2435590  0.2033969 -0.3465345  0.5845561 -0.2131507  0.0764291 -0.4090184  0.1109768  0.0019539  0.0812158 -0.1926283 
 0.2425356  0.0508368  0.0829520 -0.0491022 -0.1867604  0.1137063  0.3332482 -0.0430726  0.2012381  0.0802664 -0.0537990 -0.4283680  0.2809329  0.4749505  0.3674856 -0.2998327 -0.0761736 
 0.2425356  0.3291759 -0.0041222 -0.2230019 -0.0727202 -0.1956095 -0.0064922 -0.1308636 -0.1499967  0.3206350  0.0015347  0.2634133  0.5283780 -0.4087688 -0.0152091 -0.2817303 -0.0422003 
 0.2425356  0.2041794  0.5339976 -0.1505297  0.0258747  0.1959491  0.0718163 -0.2078294 -0.4380701 -0.3987850 -0.2908952  0.0772057 -0.1984094  0.0021144  0.0316042  0.0063293 -0.1494427 
 0.2425356 -0.2686209  0.0940794  0.1237491  0.1546280  0.0030066  0.4033624 -0.0477256  0.1223440 -0.0296016  0.1036385  0.1578408 -0.2149280 -0.3905432  0.3936350 -0.1149108  0.4874287 
 0.2425356  0.5651015 -0.3447147  0.0592293 -0.0248294 -0.1002072  0.1255752 -0.2353937  0.1941490 -0.2296266  0.0190277  0.2215993 -0.0757717  0.2902172 -0.1180703  0.2448777  0.3374901 
 0.2425356 -0.0572287 -0.0418104  0.0981876  0.3732068 -0.2958960 -0.0883349  0.5254724  0.1216840 -0.2542248 -0.4234791  0.1336584  0.2652012  0.0525727  0.1860114  0.1296005 -0.1209209 
 0.2425356 -0.0336970  0.4280426 -0.0609150  0.1206863 -0.0660366 -0.4407934  0.1118967  0.1786273  0.2874629  0.1072274  0.2085347 -0.1727780  0.3641225 -0.1690874 -0.2763939  0.3006919 
 0.2425356 -0.2084785 -0.1241166 -0.3309857  0.1956102  0.4652437 -0.1157560 -0.0713393 -0.0692837  0.1690707  0.2519221  0.2327689  0.1820780  0.1457251  0.2500897  0.4709694 -0.0988759 
 0.2425356 -0.2505337 -0.1171134 -0.0080032  0.5149727 -0.3234618  0.1272787 -0.2912368 -0.3097949 -0.0349322  0.2037824 -0.3416048  0.0875259  0.1229286 -0.3370408 -0.0429033  0.0127594 
 0.2425356 -0.1947699 -0.0118437  0.4595515 -0.2185225  0.4563821  0.0786523  0.1748974 -0.1171155 -0.1243357 -0.0219535  0.0808840  0.3492274 -0.0112995 -0.4547305 -0.0597585  0.1745376 
 0.2425356  0.0398542 -0.0093282  0.2332706 -0.0710116  0.0424487 -0.4950896 -0.2838999  0.0537666  0.1586383 -0.3145810 -0.4739730  0.0086870 -0.2595843  0.1572909  0.2651366  0.1958639 
 0.2425356 -0.0185758 -0.0915271  0.1557195  0.2050849  0.1955657 -0.0166716 -0.2757434  0.5237030 -0.0289060 -0.0304206  0.1214957 -0.2041595 -0.1749334 -0.1544288 -0.2305157 -0.5581505 
