 0.3142697  0.0000000  0.1027154 -0.1978715 -0.0005838  0.1634381 -0.1930721 -0.2205710  0.1952510  0.0313448  0.0542368  0.0422238  0.2077362  0.4467081 -0.1787071 -0.1454332 -0.0105227 -0.2489266  0.3794169 -0.1900769  0.3963700 
 0.3142697  0.0000000 -0.2699663 -0.0859094 -0.3989542 -0.5526971 -0.1305747  0.2098217  0.0006107 -0.0825739 -0.1863960 -0.1213897  0.0537077  0.0198814  0.1178540 -0.0552406 -0.2075759  0.2642529  0.3038655  0.1156749  0.0103904 
 0.3142697  0.0000000  0.4932968  0.0393269 -0.0095348 -0.0601868  0.1501757 -0.0493363 -0.0849511 -0.1138155 -0.0652409  0.0595731  0.2855242  0.0925687  0.3693128  0.0484884  0.3814463 -0.0516315 -0.0034968  0.4609189 -0.1010367 
 0.3142697  0.0000000  0.0192398  0.0176748  0.1268641 -0.0215680  0.3413146 -0.1932185 -0.2257736  0.3828663  0.0246768  0.3275486 -0.2800713  0.1818548  0.0114860  0.2647689 -0.0190394  0.3904854  0.1708394 -0.2187382 -0.1143961 
 0.3142697  0.0000000 -0.1031828  0.0678475  0.0786678 -0.2270616  0.2843243  0.2835438 -0.1320170  0.2831726  0.2757943 -0.1515604 -0.0584644 -0.1525798 -0.1332700  0.1026300  0.0033563 -0.3745598 -0.2373343  0.1196875  0.4521082 
 0.3142697  0.0000000 -0.3352565  0.0469362 -0.1976929  0.4436806 -0.2837018  0.1903548 -0.3052735  0.0373341 -0.0297743  0.1972515 -0.2061918  0.1573178  0.0441680 -0.0730386 -0.0187814 -0.2873666 -0.0836441  0.2164439 -0.2971055 
 0.3142697  0.0000000  0.3763063 -0.3527506 -0.0722813  0.0069276 -0.1751907  0.0711762  0.2207625  0.2599168 -0.1042834  0.0635361  0.0126943 -0.4289919 -0.3900758 -0.1005937 -0.0719846  0.0229729 -0.1494631 -0.0429838 -0.2942622 
 0.3142697  0.0000000 -0.2270259  0.4608342  0.1153478  0.0468780  0.0317055 -0.2514631  0.3520375 -0.1337852  0.2594601 -0.2313441 -0.1213104 -0.2554810 -0.1412576 -0.1005572  0.2519450  0.0329416  0.2608086  0.0580112 -0.2211684 
 0.3142697  0.0000000 -0.1465593 -0.0198767  0.1216269  0.2218016  0.1136507  0.2213650  0.4646741 -0.1454666 -0.2229440  0.0130635  0.0956036 -0.0316323  0.4443276  0.1974828 -0.1026540  0.0255125 -0.2844790 -0.3536733  0.0522076 
 0.2357023 -0.0785674 -0.0407651 -0.1062278  0.3413150 -0.0563164 -0.4605055 -0.2911586 -0.4234122 -0.1757770  0.2342902 -0.1768791  0.1980841 -0.1890281  0.1384373  0.1562028 -0.1423400  0.1600251 -0.1750833 -0.1210470  0.0525113 
 0.2357023  0.0785674  0.1613416  0.1379459 -0.0259279  0.0280333  0.2756638 -0.0577383 -0.2236818 -0.5162142 -0.2416627 -0.0883242 -0.1837217  0.1495004 -0.3302210 -0.3408785 -0.1325795  0.1417339 -0.3002676 -0.0993053  0.1033455 
 0.0000000  0.3142697  0.1126933  0.0063466 -0.4179742 -0.0895493 -0.0134071 -0.1040868  0.0768676 -0.0794631  0.5978108  0.3215755 -0.0591444 -0.0571115  0.2626654 -0.2570577 -0.0512634  0.0311664 -0.1931982 -0.1956077  0.0269973 
 0.0000000  0.3142697  0.1445438  0.2383207  0.0460524  0.2164795  0.1484058  0.2788775 -0.2397926  0.2559701  0.0540781 -0.3471759  0.3958876 -0.0063009  0.0904872 -0.2444196 -0.2433758  0.0402291  0.2266242 -0.2210930 -0.2061570 
 0.0000000  0.3142697  0.0063120  0.3471787  0.0038554 -0.2292931 -0.2142125 -0.4292048  0.1456960  0.3730869 -0.3270221 -0.0702892 -0.0311603  0.1753401  0.0818907 -0.0313820 -0.2089192 -0.1521715 -0.3269309  0.1108354 -0.0168771 
 0.0000000  0.3142697 -0.3381348  0.0047582  0.0574994  0.1795998  0.1158958 -0.1128761 -0.0357026 -0.0022741 -0.1679074  0.4374589  0.4317012 -0.3235638 -0.1586866 -0.0789565  0.0166558  0.2073631  0.0200861  0.2514409  0.2737164 
 0.0000000  0.3142697 -0.3378042 -0.4996438  0.2994783 -0.2448134  0.2081773 -0.0662430  0.0169408 -0.0266128  0.0616527 -0.1083562  0.0740730  0.2311854 -0.0128466 -0.2070296  0.2438364 -0.1352022 -0.1226891 -0.0336940 -0.3573672 
 0.0000000  0.3142697  0.0712790  0.2018885  0.1308926 -0.0708254 -0.3722463  0.4383009  0.1060424 -0.0113358  0.1239818  0.0528641  0.0322657  0.3168504 -0.2795388  0.2073365  0.3257494  0.3416815 -0.1588874 -0.0078445  0.0479578 
 0.0000000  0.3142697  0.1804796  0.0827336  0.3977557 -0.2135891 -0.0652486  0.1659864  0.0114168 -0.2979342 -0.0321505  0.3404022 -0.2053179 -0.1240241  0.0304575  0.1238160 -0.3294129 -0.3446929  0.3315567  0.0302154 -0.0917131 
 0.0000000  0.3142697  0.0411831 -0.0682195 -0.0878276  0.0263334 -0.1546178 -0.0142970 -0.2233129  0.0539174 -0.3279672 -0.1232539 -0.3162355 -0.3058378  0.1960495 -0.0860396  0.5063776 -0.0799542  0.1670343 -0.3094619  0.2469385 
 0.0000000  0.3142697 -0.0084836 -0.0690781 -0.4127890  0.0858762  0.1437253 -0.1868611 -0.0624413 -0.2069573  0.0100145 -0.1916415  0.1407851 -0.0107850 -0.2325274  0.6671391 -0.0240153 -0.1849753  0.0199995 -0.0846667 -0.1343462 
 0.0000000  0.3142697  0.0774053 -0.3053283  0.0748677  0.3186939  0.0194857 -0.0279511  0.1543533  0.0267122  0.1264975 -0.3337227 -0.3674030  0.0196151  0.1392135  0.0308637 -0.2380729  0.2811287  0.0677009  0.4544407  0.1981419 
