::::::::::::::
run.001.003
::::::::::::::
 0.5773503 -0.7217578 -0.3817491 
 0.5773503  0.6914833 -0.4341860 
 0.5773503  0.0302744  0.8159351 
::::::::::::::
run.002.004
::::::::::::::
 0.7071068  0.0000000 -0.4736678  0.5250132 
 0.7071068  0.0000000  0.4736678 -0.5250132 
 0.0000000  0.7071068 -0.5250132 -0.4736678 
 0.0000000  0.7071068  0.5250132  0.4736678 
::::::::::::::
run.003.005
::::::::::::::
 0.7071068  0.0000000 -0.2049888  0.4949193 -0.4615565 
 0.7071068  0.0000000  0.2049888 -0.4949193  0.4615565 
 0.0000000  0.7071068 -0.2049888  0.4142000  0.5351803 
 0.0000000  0.7071068  0.2049888 -0.4142000 -0.5351803 
 0.0000000  0.0000000  0.9120956  0.4086398  0.0330931 
::::::::::::::
run.004.006
::::::::::::::
 0.7071068 -0.2357023  0.0000000  0.0000000  0.3922842  0.5390339 
 0.7071068  0.2357023  0.0000000  0.0000000 -0.3922842 -0.5390339 
 0.0000000  0.9428090  0.0000000  0.0000000  0.1961421  0.2695170 
 0.0000000  0.0000000  0.7071068 -0.2357023 -0.5390339  0.3922842 
 0.0000000  0.0000000  0.7071068  0.2357023  0.5390339 -0.3922842 
 0.0000000  0.0000000  0.0000000  0.9428090 -0.2695170  0.1961421 
::::::::::::::
run.005.007
::::::::::::::
 0.7071068 -0.2072303  0.0000000  0.0000000  0.0737056  0.4266846 -0.5191949 
 0.7071068  0.2072303  0.0000000  0.0000000 -0.0737056 -0.4266846  0.5191949 
 0.0000000  0.9560917  0.0000000  0.0000000  0.0319510  0.1849655 -0.2250681 
 0.0000000  0.0000000  0.7071068 -0.2072303 -0.0737056  0.5242898  0.4204085 
 0.0000000  0.0000000  0.7071068  0.2072303  0.0737056 -0.5242898 -0.4204085 
 0.0000000  0.0000000  0.0000000  0.9560917 -0.0319510  0.2272768  0.1822448 
 0.0000000  0.0000000  0.0000000  0.0000000  0.9880426  0.0159305  0.1533558 
::::::::::::::
run.006.008
::::::::::::::
 0.7071068 -0.2033894  0.0821239  0.0000000  0.0000000  0.0000000  0.2548117  0.6220606 
 0.7071068  0.2033894 -0.0821239  0.0000000  0.0000000  0.0000000 -0.2548117 -0.6220606 
 0.0000000  0.9577398  0.0348803  0.0000000  0.0000000  0.0000000  0.1082256  0.2642065 
 0.0000000  0.0000000  0.9926201  0.0000000  0.0000000  0.0000000 -0.0459664 -0.1122159 
 0.0000000  0.0000000  0.0000000  0.7071068 -0.2033894  0.0821239  0.6220606 -0.2548117 
 0.0000000  0.0000000  0.0000000  0.7071068  0.2033894 -0.0821239 -0.6220606  0.2548117 
 0.0000000  0.0000000  0.0000000  0.0000000  0.9577398  0.0348803  0.2642065 -0.1082256 
 0.0000000  0.0000000  0.0000000  0.0000000  0.0000000  0.9926201 -0.1122159  0.0459664 
::::::::::::::
run.007.009
::::::::::::::
 0.7071068 -0.1979127  0.0685847  0.0000001  0.0000000  0.0000000  0.0250221  0.4309029 -0.5194452 
 0.7071068  0.1979126 -0.0685847  0.0000001  0.0000000  0.0000000 -0.0250221 -0.4309029  0.5194452 
 0.0000000  0.9600319  0.0282778  0.0000000  0.0000000  0.0000000  0.0103167  0.1776631 -0.2141695 
 0.0000000  0.0000000  0.9948832  0.0000000  0.0000000  0.0000000 -0.0037432 -0.0644605  0.0777059 
 0.0000000  0.0000000  0.0000000  0.7071069 -0.1979126 -0.0685847  0.0250221  0.5188524  0.4316164 
 0.0000000  0.0000000  0.0000000  0.7071067  0.1979127  0.0685847 -0.0250221 -0.5188524 -0.4316166 
 0.0000000  0.0000000  0.0000000  0.0000000  0.9600319 -0.0282778  0.0103167  0.2139251  0.1779573 
 0.0000000  0.0000000  0.0000000  0.0000000  0.0000000  0.9948832  0.0037432  0.0776171  0.0645672 
 0.0000000  0.0000000  0.0000000  0.0000000  0.0000000  0.0000000  0.9986264 -0.0521732  0.0048247 

::::::::::::::
run.008.010
::::::::::::::
 0.7071172 -0.1973912  0.0669809 -0.0276651  0.0000000  0.0000030 -0.0000003 -0.0000009  0.0595017 -0.6724802 
 0.7070963  0.1973970 -0.0669829  0.0276658  0.0000015 -0.0000044  0.0000013  0.0000013 -0.0594940  0.6725010 
 0.0000001  0.9602454  0.0275386 -0.0113742 -0.0000017  0.0000010 -0.0000001 -0.0000003  0.0244644 -0.2764826 
 0.0000000 -0.0000002  0.9951223  0.0040391  0.0000000  0.0000001  0.0000001  0.0000000 -0.0086911  0.0981819 
 0.0000000  0.0000000  0.0000000  0.9991614 -0.0000001 -0.0000001  0.0000000  0.0000000  0.0036090 -0.0407850 
-0.0000055 -0.0000011  0.0000032 -0.0000004  0.7071078 -0.1973947  0.0669820  0.0276587  0.6724898  0.0594965 
 0.0000040  0.0000029 -0.0000030  0.0000005  0.7071058  0.1973915 -0.0669833 -0.0276588 -0.6724924 -0.0594988 
-0.0000010 -0.0000003  0.0000006  0.0000001  0.0000027  0.9602458  0.0275387  0.0113713  0.2764811  0.0244667 
-0.0000001  0.0000001 -0.0000004  0.0000000  0.0000007 -0.0000001  0.9951222 -0.0040382 -0.0981832 -0.0086879 
 0.0000000  0.0000000  0.0000000  0.0000000  0.0000000  0.0000000  0.0000000  0.9991618 -0.0407750 -0.0036091 
::::::::::::::
run.009.011
::::::::::::::
-0.6706338 -0.1932943 -0.0575055  0.0056673  0.0007196  0.0005692  0.0061759  0.0028261 -0.0030710 -0.3690580  0.6109733 
-0.7417326  0.1741801  0.0519234 -0.0051376 -0.0017757 -0.0085597 -0.0048912 -0.0023093  0.0027640  0.3415594 -0.5477184 
-0.0004325  0.9655485 -0.0208383  0.0020564 -0.0008513  0.0029124  0.0023309  0.0010621 -0.0011184 -0.1324985  0.2229450 
-0.0000603 -0.0000382  0.9967752  0.0006383 -0.0009251 -0.0000316 -0.0000260  0.0003651 -0.0003439 -0.0422610  0.0682035 
-0.0000000 -0.0000000  0.0000000 -0.9999675 -0.0000000  0.0000000 -0.0000000  0.0000000 -0.0000272 -0.0053285  0.0060568 
 0.0040090 -0.0034885 -0.0002328 -0.0009639 -0.6886449  0.2160263  0.0527448  0.0156923 -0.0009799  0.5891188  0.3591398 
 0.0027015 -0.0015603  0.0012083 -0.0009325  0.7250825  0.1995197  0.0505198  0.0149221 -0.0009251  0.5619428  0.3404110 
 0.0077124  0.0001529 -0.0003961 -0.0003569 -0.0042731 -0.9557418  0.0224817  0.0067408 -0.0004446  0.2467895  0.1581878 
 0.0000065 -0.0000546 -0.0006457 -0.0000412  0.0002243  0.0000396 -0.9970420  0.0017666 -0.0001439  0.0609330  0.0468053 
 0.0000277  0.0000002 -0.0000700  0.0000012  0.0000102  0.0000507 -0.0000029  0.9997339  0.0000488 -0.0174179 -0.0151216 
-0.0000000 -0.0000000  0.0000000 -0.0000049  0.0000000 -0.0000000  0.0000000 -0.0000000 -0.9999898  0.0010239 -0.0044079 
::::::::::::::
run.010.012
::::::::::::::
 0.7469864  0.1665479  0.0464890 -0.0150612 -0.0026141 -0.0049470 -0.0111471 -0.0012620  0.0012810 -0.0000896 -0.2282768  0.5996799 
 0.6647806 -0.1898578 -0.0521054  0.0167900  0.0029032  0.0095095  0.0094405  0.0026719 -0.0015506  0.0000803  0.2450845 -0.6773182 
 0.0018621  0.9675716 -0.0182416  0.0058670  0.0010203  0.0019964 -0.0008503  0.0001412 -0.0005194  0.0000320  0.0878729 -0.2360231 
-0.0000667  0.0000102  0.9973899  0.0016972  0.0002869 -0.0000906 -0.0000756  0.0002069 -0.0001666  0.0000062  0.0235637 -0.0682280 
 0.0000309  0.0000238 -0.0000197  0.9997092 -0.0001104 -0.0000062 -0.0000241 -0.0000101 -0.0000104 -0.0000131 -0.0136870  0.0198534 
 0.0000003  0.0000009  0.0000012  0.0000003  0.9999884 -0.0000001  0.0000008  0.0000003  0.0000009 -0.0000049 -0.0038339  0.0028990 
-0.0074711  0.0000453 -0.0005874 -0.0039547 -0.0016893  0.7410216 -0.1814965  0.0539912 -0.0064324 -0.0011020 -0.6059267 -0.2185557 
 0.0043284  0.0009932  0.0019182  0.0040062  0.0018005  0.6713924  0.2010027 -0.0599012  0.0071318  0.0012139  0.6630927  0.2558419 
-0.0001803  0.0044470  0.0006004 -0.0018910 -0.0007531 -0.0006255  0.9625189  0.0229678 -0.0026720 -0.0004630 -0.2576732 -0.0812542 
-0.0001675  0.0005376  0.0001274  0.0004435  0.0002056  0.0001917 -0.0003076  0.9964740  0.0008457  0.0001430  0.0776664  0.0317175 
-0.0000044 -0.0000006  0.0000004 -0.0000003 -0.0000184 -0.0000014 -0.0000004 -0.0000010  0.9999478 -0.0000168 -0.0086594 -0.0054268 
 0.0000000  0.0000000  0.0000000  0.0000000  0.0000000  0.0000000  0.0000000  0.0000000  0.0000000  0.9999985 -0.0016465 -0.0004773 
::::::::::::::
run.011.013
::::::::::::::
-0.7315625  0.1873142 -0.0457078  0.0117686 -0.0010747  0.0083682  0.0013211  0.0011913  0.0003262 -0.0002573  0.0004278 -0.6159000 -0.2193046 
 0.6817233  0.2008693 -0.0489993  0.0126295 -0.0131323  0.0082953  0.0013938  0.0013988  0.0003399 -0.0002799  0.0004586 -0.6600411 -0.2375807 
 0.0000741  0.9615251  0.0188564 -0.0049078 -0.0010006 -0.0018735 -0.0001793 -0.0006428 -0.0001005  0.0001157 -0.0001785  0.2564619  0.0964995 
-0.0000309  0.0002764  0.9975739  0.0012429 -0.0000881  0.0002838  0.0001948  0.0001333  0.0000315 -0.0000278  0.0000455 -0.0655396 -0.0234338 
-0.0000030 -0.0000202  0.0000097  0.9998378 -0.0000408 -0.0000154  0.0000066 -0.0000229 -0.0000187  0.0000056 -0.0000119  0.0172169  0.0052922 
-0.0045065 -0.0058421  0.0004294  0.0003868 -0.7006283  0.1922154  0.0618629 -0.0189563  0.0053102  0.0010680  0.0001052 -0.2227990  0.6467328 
-0.0070213  0.0004090  0.0003999 -0.0006808 -0.7134038 -0.1883030 -0.0605024  0.0186580 -0.0052218 -0.0010437 -0.0001122  0.2316101 -0.6307667 
 0.0000114 -0.0002414  0.0005545 -0.0004153  0.0004689  0.9630435 -0.0240560  0.0074132 -0.0020877 -0.0004123 -0.0000510  0.1013156 -0.2482809 
-0.0001300  0.0000254 -0.0000515 -0.0001165  0.0002120 -0.0001403  0.9959568  0.0024751 -0.0006983 -0.0001390 -0.0000158  0.0321556 -0.0838409 
 0.0000362  0.0000028  0.0000012 -0.0000113 -0.0000444  0.0000047 -0.0000112 -0.9996138 -0.0002134 -0.0000439 -0.0000032  0.0075474 -0.0267458 
-0.0000059 -0.0000001  0.0000029  0.0000035  0.0000010  0.0000007 -0.0000001  0.0000011  0.9999697 -0.0000118 -0.0000016  0.0030816 -0.0071480 
 0.0000000 -0.0000002  0.0000002  0.0000002  0.0000001 -0.0000001  0.0000000  0.0000000 -0.0000001  0.9999987  0.0000000  0.0001514 -0.0015991 
 0.0000000  0.0000000  0.0000000  0.0000000  0.0000000  0.0000000  0.0000000  0.0000000  0.0000000  0.0000000 -0.9999998 -0.0006703 -0.0000682 
