 0.4015436  0.0000000  0.0000000  0.1354670  0.1447394  0.0595940  0.0920259 -0.1335759  0.2980571  0.0827704 -0.1668435 -0.0352745  0.0038394  0.3716402 -0.1517367  0.2917867 -0.1702778 -0.1849268  0.2497503 -0.5224623 
 0.4015436  0.0000000  0.0000000  0.1398126  0.2013514 -0.2224110  0.1777707 -0.3722071 -0.0396939  0.1453002  0.1856694 -0.0218731  0.1350938 -0.0010668 -0.2386451 -0.0444083 -0.3663591  0.1770665 -0.0974835  0.4991760 
 0.4015436  0.0000000  0.0000000  0.1841941 -0.0848354  0.1907731 -0.0636187  0.1854002 -0.1354924  0.0538010  0.2818474 -0.1310060  0.1542736  0.3180259 -0.1661690 -0.1679594  0.6432025  0.0412157 -0.0466147  0.0813979 
 0.4015436  0.0000000  0.0000000 -0.1297590  0.1229604 -0.0605213 -0.0175079 -0.1323564  0.4262824 -0.3057824 -0.1370963  0.1065362 -0.1550451 -0.3010845  0.2433113 -0.4939688  0.1796827  0.1353443  0.0867964 -0.0626072 
 0.4015436  0.0000000  0.0000000 -0.1063863 -0.3192010 -0.2748191 -0.0673952  0.2073316 -0.0947251 -0.1435786 -0.2179346 -0.3320133  0.2124649 -0.0376641  0.4222698  0.2648227 -0.0972803 -0.2359411 -0.1917827  0.1351680 
 0.3112987  0.0000000 -0.0902449  0.0357583  0.0221709  0.0405196 -0.3916077  0.1537805 -0.4576412 -0.1121862  0.0033310  0.0589590 -0.2096303 -0.3549310 -0.1916864  0.2103045 -0.1243755  0.3642559  0.2304465 -0.1920250 
 0.3112987  0.0000000  0.0902449 -0.3238290 -0.1060333  0.3559747  0.2351755  0.1627702 -0.1285246  0.3282304  0.0667846  0.4745823 -0.2426421 -0.0963407  0.0510484 -0.0171718 -0.1193738 -0.2775212 -0.2313053  0.0234710 
 0.0000000  0.4015436  0.0000000  0.4316026 -0.0364806 -0.2540669  0.0655272  0.2442307 -0.0022160  0.1739704 -0.4159784  0.2165287  0.1705442 -0.2261866 -0.2714103 -0.1860864  0.0495042 -0.0763101 -0.2451946 -0.1246344 
 0.0000000  0.4015436  0.0000000 -0.2327150  0.3422917 -0.2221018 -0.3661295  0.1446986  0.1173858  0.0125427  0.5252268 -0.0081706  0.1076198  0.0348585  0.0446300 -0.0414159 -0.1310539 -0.1408558 -0.2572325 -0.2314524 
 0.0000000  0.4015436  0.0000000 -0.0323944  0.4894233  0.3183877  0.0896952  0.0822831 -0.2418329  0.1645187 -0.2657769 -0.1262878  0.1626291  0.0926695  0.3988114 -0.0575909 -0.0128650  0.1010452  0.2767652  0.1596196 
 0.0000000  0.4015436  0.0000000 -0.0619459 -0.0751387 -0.0967024 -0.0310953  0.0308363  0.3631046  0.1875450  0.0108662 -0.1025270 -0.4460502 -0.1226248 -0.1067348  0.4238404  0.2791029 -0.0044467  0.1806822  0.3532247 
 0.0000000  0.4015436  0.0000000 -0.3683741 -0.4308925  0.0579009 -0.0996791 -0.0846799 -0.0747042 -0.2240957 -0.0959794  0.0318161  0.1422298  0.2385095 -0.3253340 -0.2867944 -0.1969791 -0.0931041  0.3274595  0.1048985 
 0.0000000  0.3112987 -0.0902449  0.3961738 -0.2592872  0.1060424  0.2510755 -0.1712235 -0.0232922 -0.3041884  0.3963608  0.3286652  0.1423161 -0.1102592  0.3316006  0.2010385 -0.0136838  0.0050776  0.1459977 -0.0682158 
 0.0000000  0.3112987  0.0902449 -0.0558643 -0.1137554  0.1475288  0.1896589 -0.3671395 -0.1853326 -0.1014602 -0.0846677 -0.3433177 -0.3189971  0.0880393  0.0038216 -0.0100728  0.0295378  0.2705370 -0.5103678 -0.2692936 
 0.0000000  0.0000000  0.4015436  0.0530492  0.3224500 -0.2268122  0.0087180 -0.0512009 -0.2932217 -0.4887695 -0.1177775  0.2538146 -0.2567470  0.2206550 -0.0701177  0.1034719  0.1533821 -0.3122603 -0.0203924  0.1516122 
 0.0000000  0.0000000  0.4015436 -0.2866332  0.0418824  0.1561743  0.0200505  0.0231152  0.2209515 -0.1361651 -0.1156570  0.2190230  0.4888738 -0.0775437 -0.1395574  0.3653571  0.1315727  0.3972372 -0.1662695  0.0093884 
 0.0000000  0.0000000  0.4015436  0.1565226 -0.0703726  0.2465579 -0.4133179 -0.4733059 -0.0397551  0.2093236 -0.0084678 -0.1327857  0.1432114 -0.3396739  0.0170921 -0.0323224  0.0780692 -0.3800268  0.0522524 -0.0099658 
 0.0000000  0.0000000  0.4015436 -0.1064622  0.0228989 -0.1577234  0.5268593  0.2208512 -0.1024071  0.0145410  0.2500612 -0.3637765  0.0371535 -0.3309381 -0.1468355 -0.0957929  0.0047999 -0.0766060  0.2900292 -0.1961201 
 0.0000000  0.0000000  0.4015436  0.3632674 -0.0882383  0.3220939 -0.1558441  0.3969050  0.2721405 -0.1497927  0.0632055 -0.1393980 -0.2026090  0.1389774  0.0324352 -0.1315435 -0.4077461  0.1241451 -0.0766379  0.1651059 
 0.0000000  0.0000000  0.4015436  0.0026649 -0.2325148 -0.4205113 -0.1135291 -0.0743538 -0.0952576  0.4063192  0.0224834  0.2207381 -0.0987856  0.2858399  0.3260965 -0.1105998  0.0290843  0.3320863  0.1723094 -0.1232610 
