 0.4537190  0.0658739 -0.0327549 -0.0129684  0.0006211  0.0045019  0.0003533 -0.0162802  0.1842809 -0.2603719  0.0110827 -0.0922472 -0.4019480  0.3049685  0.2929505  0.3268495  0.2545530  0.0206418 -0.3095824  0.2382588 -0.1131661  0.0055333 
 0.4692974 -0.0634970 -0.0251086 -0.0007817  0.0043433 -0.0119042 -0.0003209  0.3648564 -0.3920828  0.3715824 -0.1147541  0.1560680  0.3023491 -0.0419894 -0.1002617  0.3068999  0.0103007  0.3113862 -0.0061252  0.1061647 -0.0707974  0.0410085 
 0.5183877  0.0002897  0.0473774  0.0040014 -0.0025934  0.0000298 -0.0044997 -0.0776984  0.0531528 -0.0214961 -0.0041719  0.1447674  0.2229109  0.1752322 -0.0194376 -0.3539168 -0.1478095 -0.2994816 -0.2199597 -0.2711886  0.3256352 -0.3913515 
 0.5524248  0.0000111  0.0039940  0.0075648 -0.0017660  0.0063870  0.0042050 -0.2235740  0.1318328 -0.0817235  0.0922819 -0.1926157 -0.1358949 -0.3791613 -0.1373824 -0.1971453 -0.0789853 -0.0004026  0.4658959 -0.0314090 -0.1525106  0.3278973 
-0.0001131  0.5746909 -0.0002487  0.0007868  0.0003258 -0.0006633  0.0002436 -0.1978940 -0.0641257  0.2020752 -0.1034436 -0.3426027  0.3651726  0.0811806  0.1826204 -0.1441118  0.0001270 -0.0675245 -0.2977124 -0.0693743 -0.2891231  0.2861580 
-0.0000510  0.5743156  0.0007685  0.0003072 -0.0002606 -0.0011143 -0.0004861  0.0046755 -0.1148095  0.0677862  0.1229491  0.0244127 -0.1883907 -0.3546332  0.2008568  0.3302222 -0.2755286 -0.1296067  0.1857541  0.0918921  0.1922544 -0.3916356 
-0.0002627  0.5757782  0.0004325  0.0002725  0.0003440 -0.0000544  0.0001681  0.2350443  0.1142498 -0.1985462 -0.0331810  0.3453081 -0.0972989  0.2330671 -0.4272169 -0.1888553  0.2467634  0.2287995  0.1466542 -0.0378646  0.1017823  0.1091361 
-0.0000521 -0.0000257  0.5760381 -0.0006431  0.0000082 -0.0001206  0.0001433 -0.0644995  0.4200492  0.0869032  0.2006113  0.2740556  0.1503422  0.0046535  0.1805879  0.2016335 -0.2782915  0.2293372 -0.0891130 -0.0702094  0.1780173  0.3068870 
 0.0000949 -0.0000691  0.5766251  0.0001295  0.0000679 -0.0001969  0.0001412 -0.1659422 -0.2920420  0.1389658 -0.5030466 -0.0272275 -0.2412555  0.1535362  0.1851819 -0.2275595  0.1288597  0.0519918  0.2446561  0.1456849  0.0590768 -0.0991831 
-0.0000392 -0.0001155  0.5759503 -0.0006582  0.0003743  0.0000093  0.0000631  0.2532923 -0.1395945 -0.2221837  0.2981401 -0.2562950  0.0645906 -0.1543111 -0.3510442  0.0882510  0.1771384 -0.2420632 -0.1593145 -0.0350481 -0.2728905 -0.1750469 
 0.0000198 -0.0000016  0.0000040  0.5772611  0.0000446 -0.0000081 -0.0000018 -0.1730619 -0.0100619 -0.3676059 -0.3668680  0.2321759  0.1394604  0.0342039 -0.1320941  0.2166064 -0.3217133 -0.0647455  0.0123438 -0.0059218 -0.3412461 -0.0614173 
 0.0000084 -0.0000054 -0.0000013  0.5772935  0.0000052  0.0000095  0.0000012 -0.1307395 -0.1893777 -0.1276093  0.2128919 -0.2251301  0.1636734 -0.0872876  0.0081529 -0.0503078  0.2448461  0.1463206 -0.0680421  0.2698653  0.5391810  0.1222574 
 0.0000027  0.0000030  0.0000156  0.5772852  0.0000110  0.0000012 -0.0000157  0.3078031  0.2014237  0.4906701  0.1536384 -0.0070630 -0.3115711  0.0633973  0.1319210 -0.1530081  0.0845351 -0.0785926  0.0440582 -0.2562476 -0.2007360 -0.0623174 
 0.0000000  0.0000000  0.0000000  0.0000000  0.5773424  0.0000001  0.0000000  0.1556691  0.2436829 -0.0203419 -0.2341078  0.1224319  0.0098548 -0.4842690  0.0638710 -0.2732945  0.0782073  0.1047376 -0.3029911  0.2758492 -0.0627312 -0.1027168 
 0.0000000  0.0000000  0.0000000  0.0000000  0.5773413  0.0000005 -0.0000008 -0.0132483 -0.4421897 -0.1512780  0.3411694  0.0035189 -0.2027743  0.2720012  0.0865520 -0.1294871 -0.3484335  0.1758224 -0.0081089 -0.1507992 -0.0748213  0.1076653 
 0.0000000  0.0000000  0.0000000  0.0000000  0.5773415  0.0000001 -0.0000009 -0.1463303  0.2019574  0.1689423 -0.1059192 -0.1268443  0.1914220  0.2116442 -0.1500450  0.3982131  0.2685668 -0.2842613  0.3121740 -0.1272693  0.1395783 -0.0063173 
 0.0000000  0.0000000  0.0000000  0.0000000  0.0000040  0.5773352 -0.0000034  0.1952526  0.1635632  0.0048662  0.1508914 -0.0781694  0.2309501  0.2770801  0.0754032 -0.1648074 -0.1927328 -0.0889272  0.2655770  0.5180148 -0.1169634 -0.1110939 
 0.0000000  0.0000000  0.0000000  0.0000000  0.0000337  0.5772779 -0.0000309 -0.1223854  0.0887949  0.0681587 -0.1886489 -0.3407275 -0.1829600 -0.0593456 -0.2808697  0.1202706 -0.1115452  0.4107662 -0.2009541 -0.3072468  0.1165699 -0.1663319 
 0.0000000  0.0000000  0.0000000  0.0000000  0.0000660  0.5772605 -0.0000159 -0.0630343 -0.2636573 -0.0620189  0.0342436  0.4247253 -0.0371568 -0.2173387  0.2032957  0.0509551  0.3028828 -0.3157976 -0.0674073 -0.2100071  0.0015936  0.2742509 
 0.0000000  0.0000000  0.0000000  0.0000000 -0.0000026 -0.0000046  0.5773354 -0.3521395  0.0211731  0.0184058  0.2553024  0.1648101  0.1753832 -0.0158955  0.1128316 -0.0367095  0.2874421  0.3271269  0.1096054 -0.0515909 -0.2643359 -0.3609418 
 0.0000000  0.0000000  0.0000000  0.0000000 -0.0000004 -0.0000012  0.5773409 -0.1308379 -0.0526795  0.2852141 -0.0146264  0.0797245 -0.2602916  0.0457808 -0.3911534  0.0228207 -0.2112198 -0.2935840 -0.2453155  0.2996787  0.0972072  0.2127343 
 0.0000000  0.0000000  0.0000000  0.0000000 -0.0000012 -0.0000002  0.5773411  0.4842580  0.0305135 -0.3028132 -0.2412566 -0.2418335  0.0877636 -0.0263955  0.2790957  0.0129303 -0.0772299 -0.0358910  0.1309993 -0.2499836  0.1710282  0.1422661 
