 0.3015113 -0.4005408  0.1394704 -0.1783050 -0.1134127 -0.0108645  0.0729038 -0.2262455 -0.5547714  0.4861490  0.2895147 
 0.3015113  0.5858367 -0.3366314  0.1322871 -0.1598181  0.3463199  0.2646234 -0.1956831 -0.3886496 -0.0676743 -0.1601270 
 0.3015113  0.0910863  0.2405703  0.7254358  0.1331922 -0.5121348 -0.0723378 -0.1339088 -0.0535413  0.0468007 -0.0917576 
 0.3015113  0.2880938 -0.0124534 -0.1684473 -0.3671434 -0.3600340  0.3049300  0.3612313  0.2707391  0.0413086  0.4844256 
 0.3015113 -0.4443514 -0.2675322  0.1471355 -0.2143574  0.1262807  0.0914571 -0.4658035  0.3397025 -0.4246092  0.1884050 
 0.3015113  0.3373834  0.1993391 -0.3047490  0.2961819  0.0407097 -0.5932870 -0.2346407 -0.0031568 -0.2316201  0.3355157 
 0.3015113 -0.2682676 -0.3298562 -0.1395288  0.0272798 -0.2656945 -0.2007125  0.4718601 -0.3849420 -0.4125168 -0.2371167 
 0.3015113 -0.0300995  0.1619738 -0.3471836  0.5696896 -0.1129377  0.5523464 -0.1184295  0.1549569 -0.0494407 -0.2802564 
 0.3015113  0.0237330  0.2322315 -0.2467205 -0.4997707 -0.0261437 -0.2575180 -0.1037528  0.2564984  0.1990134 -0.6006605 
 0.3015113 -0.0488125 -0.5178123  0.1250364  0.3165314  0.1793098 -0.2247564  0.1915804  0.3327088  0.5408885  0.0112434 
 0.3015113 -0.1340615  0.4907004  0.2550394  0.0116273  0.5951890  0.0623509  0.4537920  0.0304553 -0.1282991  0.0608139 
