 0.3746343  0.0000000  0.2816110 -0.2053302 -0.0931239 -0.1892579 -0.0221111  0.2658194 -0.1846494 -0.1936317 -0.2940960 -0.5935455  0.3116091 -0.0034700  0.1226979 
 0.3746343  0.0000000  0.1117286  0.1503190 -0.2684060  0.2886371 -0.0109415  0.3581283  0.4464086  0.0590053  0.4501330  0.0325545  0.0487695  0.3027261  0.2009427 
 0.3746343  0.0000000 -0.5507498 -0.0456968 -0.0697509  0.1051607  0.0133979  0.2603637  0.1101170  0.1283081 -0.1021156  0.0459287  0.1274838 -0.5021448 -0.4010181 
 0.3746343  0.0000000  0.0866229 -0.1420469  0.4882666  0.2756022 -0.0676682 -0.2643715  0.1115123 -0.5797700 -0.0272304  0.2568251  0.1201978  0.0622897 -0.0976716 
 0.3746343  0.0000000  0.0805882  0.1644775 -0.1573848  0.0013865  0.3396649 -0.5363727 -0.3559112  0.1904650  0.3776946 -0.1592943  0.0782679  0.0248595 -0.2460498 
 0.3746343  0.0000000  0.1415220  0.3833220  0.0453914 -0.3748997 -0.1932628 -0.0612264 -0.0752115  0.2231926 -0.2148512  0.4642979  0.1225225 -0.1785095  0.3806479 
 0.2809757 -0.0936586 -0.2957450 -0.1384141  0.1007528  0.2174394  0.0762408  0.2058466 -0.5080676  0.0653986 -0.1105977  0.0592490 -0.5248429  0.2715434  0.2696159 
 0.2809757  0.0936586  0.0939810 -0.2683119 -0.0274095 -0.3596113 -0.1550130 -0.2356343  0.4383798  0.1645091 -0.1421149 -0.1216043 -0.5536246  0.1207887 -0.2156812 
 0.0000000  0.3746343 -0.1327565 -0.6635701  0.0797414 -0.1712601  0.2170447 -0.0376791  0.0126530  0.2356946  0.1993480  0.2226730  0.3096886  0.0493571  0.2722215 
 0.0000000  0.3746343 -0.3050153  0.3620716  0.0476839 -0.4108214  0.4781132  0.1440283  0.0979325 -0.3795628 -0.0433628 -0.0193803 -0.0524000  0.2361114 -0.0269378 
 0.0000000  0.3746343  0.0708175  0.0143029 -0.4320147  0.3372618 -0.0196853 -0.1168009 -0.0472300  0.0828794 -0.5369103  0.2284131  0.1599354  0.3441748 -0.2154919 
 0.0000000  0.3746343  0.4645454 -0.0784190 -0.0924077 -0.0642380 -0.0407383  0.3653466 -0.2957379 -0.1671586  0.2511497  0.2682270 -0.2696491 -0.2792829 -0.2979251 
 0.0000000  0.3746343 -0.3442821  0.0989240 -0.0350356 -0.0907158 -0.7216080 -0.1162267 -0.1939293 -0.1125165  0.2755481 -0.1847976  0.0801584  0.1442393  0.0085792 
 0.0000000  0.3746343  0.1565356  0.2376981  0.6355005  0.2245340  0.0327487  0.1396139  0.0480520  0.4677930 -0.0749890 -0.2535286  0.0294400  0.0469327 -0.0984669 
 0.0000000  0.3746343 -0.0072760  0.0614670 -0.1714273  0.3195022  0.1119385 -0.2679118  0.1416478 -0.1519067 -0.0629045 -0.2163933 -0.2499778 -0.5038437  0.4793453 
