 0.4417261  0.0000000  0.0000000  0.0000000  0.1694746 -0.1727467  0.1623929 -0.0720984 -0.2615746 -0.1447608  0.0936894 -0.3739763 -0.3307060  0.1303715 -0.0322263  0.3077234  0.0869418  0.0573956  0.3187811  0.0542678  0.2424864  0.2835803 
 0.4417261  0.0000000  0.0000000  0.0000000 -0.0858897  0.0680680 -0.1181727  0.5604727 -0.1537807  0.0971920  0.2313352 -0.2775863  0.2830399 -0.1691880  0.1910017 -0.1249594 -0.1593532 -0.1747634 -0.2435572 -0.0183051  0.1227263 -0.0980980 
 0.4417261  0.0000000  0.0000000  0.0000000  0.3950552  0.1861760 -0.2263794 -0.0724006  0.2265492  0.0404096  0.1853362  0.4979839 -0.1630135  0.1857511  0.1011984  0.0312601 -0.2750346 -0.1172557  0.0899357 -0.1766462 -0.1460770 -0.0066827 
 0.4417261  0.0000000  0.0000000  0.0000000 -0.2779766 -0.0054549  0.0933997 -0.2139082 -0.1247565  0.0289752 -0.1102173  0.2925067 -0.1968355 -0.2005938 -0.1533419  0.0687718  0.4429677  0.0532865 -0.4465438 -0.0874062  0.0467496 -0.2085027 
 0.3312946 -0.1104315  0.0000000  0.0000000  0.0768213  0.0068037  0.1216223  0.0381295  0.0593626  0.0183719 -0.4313339  0.1087998  0.2063346  0.0193113 -0.0187303 -0.2410237 -0.1054871  0.3126874  0.0547037  0.6381755 -0.1347082  0.1241348 
 0.3312946  0.1104315  0.0000000  0.0000000 -0.3443727 -0.1081935 -0.0032762 -0.3075502  0.3587209 -0.0474599 -0.1021908 -0.2940371  0.3370189  0.0522342 -0.1234455 -0.1360376 -0.0218753 -0.0709048  0.3204752 -0.3340560 -0.2198053 -0.0845307 
 0.0000000  0.4417261  0.0000000  0.0000000  0.0311941 -0.0243459  0.0464248 -0.4521634 -0.2808957  0.0499481 -0.0715771  0.0239151  0.2926915  0.0244879  0.5653652  0.1373926 -0.1609612  0.0042278 -0.2032668  0.0129640  0.0532903  0.1207418 
 0.0000000  0.4417261  0.0000000  0.0000000  0.1404324 -0.1183636  0.0133299  0.2753783  0.2118268  0.3837364 -0.2743764  0.0485329 -0.1615621 -0.4657797  0.0139760  0.0174244  0.1129658  0.0679113  0.1352568 -0.2039048 -0.0268794  0.3222648 
 0.0000000  0.4417261  0.0000000  0.0000000 -0.0072969  0.3578336 -0.2208081 -0.0866282  0.0711542  0.2076541  0.2993274 -0.1654151 -0.0320548  0.1818106 -0.2728406 -0.1169526  0.0413729  0.4948157 -0.0197488  0.1318603  0.2180138 -0.1459898 
 0.0000000  0.4417261  0.0000000  0.0000000  0.0445247 -0.1991316 -0.0251515  0.1950682  0.1048213 -0.3668576 -0.4005886  0.0053196 -0.1346210  0.2554814 -0.2198497  0.0527544 -0.2537680 -0.2353132 -0.1819734  0.0364950  0.2368914 -0.2713702 
 0.0000000  0.4417261  0.0000000  0.0000000 -0.1035558  0.0127568  0.2174296  0.1547650 -0.1817462 -0.2580231  0.3649289  0.1883568  0.0028753 -0.0042309 -0.0604720 -0.1168654  0.2394876 -0.2357435  0.2032894  0.2656434 -0.4600419  0.0265198 
 0.0000000  0.0000000  0.4417261  0.0000000 -0.5220704  0.2429108 -0.0430855  0.2075727 -0.2249264  0.1511731 -0.2021233  0.1190593 -0.1720711  0.3389523  0.0306098  0.1307328 -0.1855229  0.0610210  0.0683022 -0.1308145 -0.1343746  0.2437137 
 0.0000000  0.0000000  0.4417261  0.0000000  0.0910708 -0.6778321 -0.1095638  0.0184336 -0.1620052  0.2007040  0.1544655  0.1757912  0.0597751  0.1475881  0.0302748 -0.2886629  0.0726795  0.1594432  0.1110634 -0.0491398  0.0948106 -0.1986262 
 0.0000000  0.0000000  0.4417261  0.0000000  0.3446653  0.2318896 -0.1731200 -0.2244869 -0.2931303 -0.0469775 -0.1870052 -0.3300784 -0.1526449 -0.2764303 -0.1714620 -0.2042978 -0.0726506 -0.1615414 -0.0718742 -0.0277155 -0.3045522 -0.1377697 
 0.0000000  0.0000000  0.4417261  0.0000000 -0.1458194 -0.1049044  0.1361741 -0.1034772  0.4251577  0.0137963  0.2796412 -0.0443619 -0.0677790 -0.3081115 -0.0002084  0.4200945 -0.2665448 -0.0255707 -0.1062912  0.3402368  0.0020010 -0.0864483 
 0.0000000  0.0000000  0.3312946 -0.1104315  0.3293443  0.1869445  0.1230261  0.1695112  0.2065334  0.0490182 -0.1236056 -0.0690820  0.3581411  0.3192376  0.0734283  0.3049864  0.5315805 -0.0763115 -0.0587036 -0.0358223 -0.0113762 -0.0617071 
 0.0000000  0.0000000  0.3312946  0.1104315 -0.0198061  0.2236371  0.1297675 -0.0335674  0.1333388 -0.4739462  0.0636345  0.1752017  0.0854854 -0.1885689  0.0742861 -0.3821417  0.0711379  0.0318422  0.0571033 -0.1409337  0.4675298  0.3005476 
 0.0000000  0.0000000  0.0000000  0.4417261  0.1164219  0.0959119  0.7188703  0.0331182  0.0441291  0.2232821  0.0277199 -0.0922594 -0.1544268  0.1441144  0.0793454 -0.1872450 -0.1591482  0.0577556 -0.0736270 -0.1674356 -0.0511187 -0.2290535 
 0.0000000  0.0000000  0.0000000  0.4417261  0.0260996 -0.2116046 -0.2286861 -0.0408343  0.2141694 -0.0434873  0.1100305 -0.1842721 -0.0718415  0.2385331 -0.0622990 -0.1131240  0.1121247 -0.0493826 -0.4785445  0.0459525 -0.2207978  0.4878696 
 0.0000000  0.0000000  0.0000000  0.4417261 -0.0473378  0.0908368 -0.1028711 -0.1520111 -0.1276960  0.3657600 -0.0438636  0.1436514  0.1961334 -0.0149890 -0.2738947  0.0575311  0.0456695 -0.5083939  0.2253635  0.2308403  0.3245539  0.0326687 
 0.0000000  0.0000000  0.0000000  0.4417261  0.1108077 -0.0472348 -0.0599095  0.1319359 -0.2316459 -0.2639070 -0.0026654  0.1548600  0.3566897 -0.1847433 -0.2632063  0.3851885 -0.1301975  0.3906455  0.0448015 -0.2202820 -0.1463299 -0.0396546 
 0.0000000  0.0000000  0.0000000  0.4417261 -0.1187039  0.0629174 -0.3290889  0.0785610  0.1193420 -0.1509067 -0.1380314 -0.0830508 -0.2583910 -0.0559637  0.5198401  0.0294315  0.2466622  0.0823370  0.2530548  0.1372026 -0.0260339 -0.3423939 
