 0.7071068  0.0000000 -0.1794235  0.0000000  0.0000000  0.0000000  0.0000000  0.0000000  0.0000000  0.0000000 -0.0468661 -0.3912277 -0.2067282  0.3089271  0.0276512 -0.0372260 -0.4112843  0.0554432 
 0.7071068  0.0000000  0.1794235  0.0000000  0.0000000  0.0000000  0.0000000  0.0000000  0.0000000  0.0000000  0.0468661  0.3912277  0.2067282 -0.3089271 -0.0276512  0.0372260  0.4112843 -0.0554432 
 0.0000000  0.7071068 -0.1794235  0.0000000  0.0000000  0.0000000  0.0000000  0.0000000  0.0000000  0.0000000  0.0468661 -0.1394182  0.1017413 -0.5171224  0.0592866  0.2883034 -0.2691443 -0.0966127 
 0.0000000  0.7071068  0.1794235  0.0000000  0.0000000  0.0000000  0.0000000  0.0000000  0.0000000  0.0000000 -0.0468661  0.1394182 -0.1017413  0.5171224 -0.0592866 -0.2883034  0.2691443  0.0966127 
 0.0000000  0.0000000  0.9333964  0.0000000  0.0000000  0.0000000  0.0000000  0.0000000  0.0000000  0.0000000  0.0000000 -0.2040084 -0.0403626 -0.0800413  0.0334235  0.0965275 -0.2615928 -0.0158277 
 0.0000000  0.0000000  0.0000000  0.7071068  0.0000000 -0.1794235  0.0000000  0.0000000  0.0000000  0.0000000 -0.0468661  0.3817775  0.1444415  0.2839892  0.0892793  0.3182095 -0.2662627 -0.1954984 
 0.0000000  0.0000000  0.0000000  0.7071068  0.0000000  0.1794235  0.0000000  0.0000000  0.0000000  0.0000000  0.0468661 -0.3817775 -0.1444415 -0.2839892 -0.0892793 -0.3182095  0.2662627  0.1954984 
 0.0000000  0.0000000  0.0000000  0.0000000  0.7071068 -0.1794235  0.0000000  0.0000000  0.0000000  0.0000000  0.0468661 -0.1139515  0.0788806  0.0857208 -0.1296131  0.3951566  0.1498537  0.4936104 
 0.0000000  0.0000000  0.0000000  0.0000000  0.7071068  0.1794235  0.0000000  0.0000000  0.0000000  0.0000000 -0.0468661  0.1139515 -0.0788806 -0.0857208  0.1296131 -0.3951566 -0.1498537 -0.4936104 
 0.0000000  0.0000000  0.0000000  0.0000000  0.0000000  0.9333964  0.0000000  0.0000000  0.0000000  0.0000000  0.0000000  0.1029665  0.0858568  0.1421361 -0.0155064  0.2742557 -0.0447538  0.1146100 
 0.0000000  0.0000000  0.0000000  0.0000000  0.0000000  0.0000000  0.7071068  0.0000000 -0.1794235  0.0000000  0.0468661  0.2768630 -0.0464102 -0.1191468 -0.4250058 -0.1995582 -0.3142237  0.2311231 
 0.0000000  0.0000000  0.0000000  0.0000000  0.0000000  0.0000000  0.7071068  0.0000000  0.1794235  0.0000000 -0.0468661 -0.2768630  0.0464102  0.1191468  0.4250058  0.1995582  0.3142237 -0.2311231 
 0.0000000  0.0000000  0.0000000  0.0000000  0.0000000  0.0000000  0.0000000  0.7071068 -0.1794235  0.0000000 -0.0468661  0.0956385 -0.5963116 -0.0584924 -0.0633251  0.2495490  0.1267485 -0.1229034 
 0.0000000  0.0000000  0.0000000  0.0000000  0.0000000  0.0000000  0.0000000  0.7071068  0.1794235  0.0000000  0.0468661 -0.0956385  0.5963116  0.0584924  0.0633251 -0.2495490 -0.1267485  0.1229034 
 0.0000000  0.0000000  0.0000000  0.0000000  0.0000000  0.0000000  0.0000000  0.0000000  0.9333964  0.0000000  0.0000000  0.1432093 -0.2470963 -0.0682939 -0.1877402  0.0192191 -0.0720754  0.0416054 
 0.0000000  0.0000000  0.0000000  0.0000000  0.0000000  0.0000000  0.0000000  0.0000000  0.0000000  0.7071068 -0.2262896 -0.2055273  0.1644893  0.0736881 -0.5004264  0.1090143  0.1077912 -0.3164416 
 0.0000000  0.0000000  0.0000000  0.0000000  0.0000000  0.0000000  0.0000000  0.0000000  0.0000000  0.7071068  0.2262896  0.2055273 -0.1644893 -0.0736881  0.5004264 -0.1090143 -0.1077912  0.3164416 
 0.0000000  0.0000000  0.0000000  0.0000000  0.0000000  0.0000000  0.0000000  0.0000000  0.0000000  0.0000000  0.9333964 -0.0933589  0.0001421  0.1446830 -0.1875189  0.0575408  0.0404874 -0.2429169 
