 0.5346601  0.0000000  0.0000000  0.0000000  0.0000000 -0.1197688 -0.1330304  0.2113756  0.1886575 -0.1973860  0.0310895 -0.2251021 -0.5081310 -0.3339015 -0.0364069  0.0560408 -0.3702344 
 0.5346601  0.0000000  0.0000000  0.0000000  0.0000000  0.1197688 -0.2638693  0.1407677 -0.0947368 -0.0523300  0.4419728 -0.0553561  0.5138447 -0.0168538  0.0859995 -0.2851337  0.2172927 
 0.6544289  0.0000000  0.0000000  0.0000000  0.0000000  0.0000000  0.3242620 -0.2876967 -0.0767320  0.2040148 -0.3864859  0.2291308 -0.0046680  0.2865627 -0.0405165  0.1871660  0.1249514 
 0.0000000  0.5346601  0.0000000  0.0000000  0.0000000 -0.1197688 -0.0637148 -0.0921399  0.0567499  0.1010322 -0.2506251  0.1979446  0.2965675 -0.4002799 -0.4818160 -0.2342233 -0.1914109 
 0.0000000  0.5346601  0.0000000  0.0000000  0.0000000  0.1197688 -0.2160571 -0.2952542 -0.2280873 -0.1663746  0.0861955 -0.5092835 -0.1202000  0.3928983 -0.1521542  0.1654097  0.0103054 
 0.0000000  0.6544289  0.0000000  0.0000000  0.0000000  0.0000000  0.2285701  0.3164961  0.1399804  0.0533839  0.1343369  0.2543599 -0.1440900  0.0060306  0.5179456  0.0562198  0.1479608 
 0.0000000  0.0000000  0.5346601  0.0000000  0.0000000 -0.1197688  0.3925422 -0.3170117 -0.0388900 -0.0666815  0.3439717  0.0482315 -0.1517998  0.1114630 -0.0001662 -0.4785742 -0.2326071 
 0.0000000  0.0000000  0.5346601  0.0000000  0.0000000  0.1197688  0.1845751  0.0235807 -0.2930683 -0.0282110  0.0674742 -0.1241568  0.1829316 -0.4560999 -0.0027002  0.5541516  0.0996746 
 0.0000000  0.0000000  0.6544289  0.0000000  0.0000000  0.0000000 -0.4714975  0.2397294  0.2712057  0.0775260 -0.3361460  0.0620300 -0.0254343  0.2815640  0.0023418 -0.0617457  0.1086041 
 0.0000000  0.0000000  0.0000000  0.5346601  0.0000000 -0.1197688  0.2074541 -0.1249427  0.4064644  0.1794837 -0.1641076 -0.5442905  0.1855156 -0.1289807  0.1889308 -0.1088791  0.1480994 
 0.0000000  0.0000000  0.0000000  0.5346601  0.0000000  0.1197688  0.1299019  0.4351445 -0.5528645 -0.1286514 -0.2168289  0.0120527 -0.1565472  0.0584362 -0.1423127 -0.2691714  0.0597523 
 0.0000000  0.0000000  0.0000000  0.6544289  0.0000000  0.0000000 -0.2756156 -0.2534310  0.1196071 -0.0415293  0.3112203  0.4348315 -0.0236669  0.0576339 -0.0380864  0.3088625 -0.1698122 
 0.0000000  0.0000000  0.0000000  0.0000000  0.5346601 -0.1197688  0.2162411  0.3298980  0.1951006  0.2645202  0.3187001 -0.0628977 -0.0452380  0.2007498 -0.4971018  0.1585230  0.1267020 
 0.0000000  0.0000000  0.0000000  0.0000000  0.5346601  0.1197688 -0.0935875 -0.3031542  0.0664116 -0.3952200 -0.1098841  0.1244930 -0.2308266 -0.2654933  0.0269589 -0.1596144  0.5108615 
 0.0000000  0.0000000  0.0000000  0.0000000  0.6544289  0.0000000 -0.1002064 -0.0218494 -0.2136522  0.1067800 -0.1706000 -0.0503226  0.2255413  0.0528947  0.3841008  0.0008917 -0.5208812 
 0.0000000  0.0000000  0.0000000  0.0000000  0.0000000  0.6544289  0.2800370  0.1188291  0.3739780 -0.4320099 -0.0902220  0.0237537  0.2161453  0.1396031 -0.1152610  0.0404088 -0.2507183 
 0.0000000  0.0000000  0.0000000  0.0000000  0.0000000  0.6544289 -0.1192550 -0.1177137 -0.0243455  0.6244945  0.0920704 -0.0299512 -0.2915993 -0.1878886 -0.0022975 -0.1525507 -0.0086725 
