 0.6826384 -0.1862485  0.0488057 -0.0001144  0.0038616 -0.0036074  0.0043571  0.0008894 -0.0018282 -0.0109260  0.0009958  0.0000656 -0.0083678  0.0038603  0.0014812  0.0101588 -0.0023167 -0.0005027 -0.0039218  0.2757361  0.3147799 -0.3999879  0.1026763 -0.0844549  0.3791693 
 0.7304748  0.1731767 -0.0459028  0.0089724 -0.0021503  0.0022166 -0.0052100 -0.0021489  0.0018846  0.0027963 -0.0032260 -0.0008119 -0.0034634 -0.0006582 -0.0016667  0.0021455  0.0011735  0.0009671  0.0036994 -0.2608674 -0.3050568  0.3699555 -0.0900233  0.0660699 -0.3516836 
 0.0006832  0.9670683  0.0175593  0.0015375  0.0015753 -0.0008819 -0.0027452 -0.0005937 -0.0006066 -0.0003719 -0.0004764 -0.0000166  0.0005357 -0.0001418 -0.0004432 -0.0007773 -0.0022291 -0.0000352 -0.0014106  0.0972112  0.1147313 -0.1488268  0.0323837 -0.0269009  0.1338388 
 0.0001758  0.0001084  0.9975624  0.0000172  0.0001754 -0.0000032  0.0000665  0.0000457 -0.0000949 -0.0000026  0.0000740  0.0001999 -0.0001302  0.0000166  0.0000376  0.0002250  0.0002179 -0.0000687  0.0003865 -0.0268821 -0.0337647  0.0438659 -0.0081129  0.0083377 -0.0307662 
 0.0038963 -0.0028823  0.0021352  0.7064626 -0.1789598  0.0516453 -0.0013922  0.0008490  0.0042422  0.0117612 -0.0051037 -0.0015504  0.0022997  0.0018849 -0.0001115  0.0092546  0.0040029 -0.0015849 -0.0006950 -0.1014461  0.5398927  0.1172006 -0.2453426  0.2706767 -0.1300669 
-0.0129889 -0.0014885 -0.0015640  0.7075741  0.1779911 -0.0516930 -0.0002642  0.0028407 -0.0042169 -0.0035420  0.0057905  0.0020492  0.0061899 -0.0021602 -0.0008428 -0.0102284 -0.0040667  0.0012600  0.0006632  0.0964725 -0.5310526 -0.1231992  0.2522949 -0.2776471  0.1316314 
 0.0020162 -0.0007267  0.0001678  0.0005143  0.9675761  0.0194575 -0.0005778  0.0008994  0.0013463 -0.0010602 -0.0000120 -0.0007452  0.0006099  0.0005846 -0.0003300  0.0000310  0.0004289 -0.0003566 -0.0002140 -0.0430925  0.1948315  0.0454239 -0.0936518  0.1022152 -0.0480518 
-0.0000722 -0.0001270  0.0000953  0.0000735 -0.0003683  0.9971198  0.0003518  0.0003712 -0.0002719  0.0002518 -0.0001877  0.0000469 -0.0000574 -0.0000541  0.0000201 -0.0001585 -0.0001983 -0.0000183  0.0000553  0.0120139 -0.0584677 -0.0161948  0.0254860 -0.0305304  0.0185666 
 0.0000374  0.0015555  0.0042849  0.0002802  0.0028910  0.0009854  0.7126290 -0.1878923  0.0521891  0.0049226  0.0000500 -0.0035370  0.0154959 -0.0015417 -0.0006835 -0.0004405 -0.0069373  0.0004356 -0.0002107  0.2622177  0.0799034 -0.2012906 -0.0333801 -0.2514488 -0.5232332 
 0.0009464  0.0044915 -0.0049496  0.0013167 -0.0025387 -0.0014670  0.7008742  0.1918128 -0.0530054 -0.0003702  0.0020303  0.0030032 -0.0067568  0.0043390 -0.0001808  0.0172153 -0.0011202  0.0027288  0.0003363 -0.2865483 -0.0858056  0.1982568  0.0081972  0.2393945  0.5315821 
 0.0007524  0.0005733  0.0016378 -0.0029047 -0.0002244  0.0001824 -0.0007782  0.9632044  0.0206085  0.0001879 -0.0013853 -0.0009087  0.0003480 -0.0000215 -0.0001896 -0.0032195 -0.0022193  0.0004761 -0.0000791  0.1037787  0.0343619 -0.0761187 -0.0136179 -0.1044647 -0.2072155 
-0.0001456  0.0000407 -0.0002450  0.0000953 -0.0000777 -0.0003519 -0.0000980  0.0001271  0.9969795  0.0000024  0.0004950  0.0001573  0.0003569 -0.0003150  0.0001874  0.0000473 -0.0000549  0.0001066  0.0000271 -0.0293144 -0.0145749  0.0181331  0.0007382  0.0253920  0.0631290 
 0.0051404 -0.0056351  0.0023732 -0.0008752  0.0018532 -0.0021757 -0.0054879  0.0032355 -0.0026133  0.7080680 -0.1891168 -0.0479867 -0.0023350 -0.0027179  0.0020936 -0.0008726 -0.0004828  0.0004102  0.0000736 -0.0069965 -0.2558489 -0.4133863 -0.2785101  0.3794210 -0.0500917 
 0.0023679  0.0025850 -0.0015362 -0.0072706  0.0034883  0.0005841  0.0003842 -0.0023152  0.0019687  0.7054993  0.1899979  0.0474782  0.0036758 -0.0016281 -0.0009911  0.0006717 -0.0066233  0.0015762 -0.0001008  0.0178262  0.2475475  0.4111337  0.2589100 -0.4009900  0.0728575 
 0.0023370 -0.0004095  0.0005547  0.0007175 -0.0023646  0.0002510 -0.0028047  0.0020271 -0.0012189  0.0000026  0.9633291 -0.0188473 -0.0015403  0.0003999  0.0000361 -0.0003332  0.0007435 -0.0001514  0.0000550 -0.0125716 -0.0929219 -0.1631699 -0.1078984  0.1539294 -0.0293232 
 0.0007462 -0.0002525  0.0000033 -0.0000537 -0.0000367  0.0000347  0.0000223 -0.0000840 -0.0000213  0.0005225  0.0000131  0.9975226 -0.0001444 -0.0001389  0.0000046  0.0000204  0.0001295  0.0000312  0.0000133 -0.0020748 -0.0231566 -0.0441249 -0.0292591  0.0385281 -0.0109360 
 0.0092355  0.0007822 -0.0018569  0.0012284  0.0009917 -0.0004279 -0.0000222  0.0035775 -0.0020675 -0.0101885  0.0050420  0.0012328  0.7094067 -0.1808722  0.0461128 -0.0187198 -0.0064976  0.0004219 -0.0008043  0.5098236 -0.1112541  0.2907559 -0.2863064  0.0818720  0.1255257 
 0.0025980 -0.0029283  0.0022894 -0.0096890 -0.0029461  0.0006986 -0.0089239  0.0018357 -0.0001335  0.0085692 -0.0046266 -0.0014018  0.7044192  0.1828815 -0.0464130  0.0065894  0.0083252  0.0000992  0.0008002 -0.5227235  0.1120286 -0.2931318  0.2813392 -0.0738737 -0.1070112 
-0.0010181  0.0017022 -0.0010034  0.0022603  0.0009424 -0.0003557 -0.0002493 -0.0007607  0.0002933 -0.0002054  0.0012323  0.0005890 -0.0003849  0.9663050  0.0176524 -0.0019648 -0.0015594 -0.0005891 -0.0002934  0.1969341 -0.0455487  0.1101472 -0.1026102  0.0305989  0.0383044 
-0.0000944  0.0007994  0.0000282  0.0001373  0.0002341  0.0000191  0.0001752 -0.0000035 -0.0000690  0.0000767  0.0000734  0.0000068  0.0000012 -0.0002213  0.9976931 -0.0001082 -0.0000490  0.0000398  0.0000938 -0.0523950  0.0107436 -0.0269503  0.0277582 -0.0099326 -0.0123110 
-0.0089014 -0.0006329  0.0002319 -0.0000804  0.0003972 -0.0021524 -0.0261663 -0.0069432 -0.0018712 -0.0150958 -0.0017392 -0.0011749  0.0030530  0.0020494 -0.0002782  0.6891222 -0.1653149  0.0530423  0.0013561 -0.1953049 -0.0210710 -0.0683044 -0.5079306 -0.4199439  0.1276699 
-0.0033048  0.0036945 -0.0010497  0.0011073  0.0044501  0.0009348  0.0087082  0.0063220  0.0029490  0.0141831  0.0019581  0.0009987  0.0093791 -0.0058828  0.0020558  0.7239508  0.1556539 -0.0507617 -0.0012678  0.2115369 -0.0000956  0.0704948  0.4781508  0.3909525 -0.1318882 
-0.0002512  0.0009356  0.0001655 -0.0001065  0.0005011 -0.0007629  0.0001403 -0.0011093 -0.0004179  0.0001203 -0.0000202 -0.0001646 -0.0021402  0.0000391  0.0003975  0.0010380  0.9737481  0.0169579  0.0004069 -0.0548507 -0.0063044 -0.0196688 -0.1631664 -0.1396529  0.0442315 
-0.0000447 -0.0000390  0.0000878  0.0002941  0.0000372  0.0003471 -0.0003891 -0.0001916  0.0002713  0.0001332  0.0000985  0.0000160 -0.0000173  0.0002212  0.0000731  0.0001699  0.0001859  0.9971488 -0.0001518  0.0227366  0.0031714  0.0064006  0.0532525  0.0453186 -0.0153645 
 0.0000000  0.0000000  0.0000000  0.0000000  0.0000000  0.0000000  0.0000000  0.0000000  0.0000000  0.0000000  0.0000000  0.0000000  0.0000000  0.0000000  0.0000000  0.0000000  0.0000000  0.0000000  0.9999813  0.0036631  0.0032464 -0.0023303  0.0013487  0.0008230  0.0023438 
