::::::::::::::
run.001.020
::::::::::::::
 0.2236068  0.2485886 -0.4832562 -0.0907840  0.0798204 -0.5559150 -0.1037068  0.1129514 -0.0016658 -0.2117499  0.1263100 -0.0570028 -0.0659164  0.3043643  0.0268364  0.0433878  0.2274201 -0.1856867 -0.1777547  0.1614732 
 0.2236068 -0.1005461  0.0654351  0.1995372  0.1374943 -0.2693060  0.0624473  0.0347656  0.3375686  0.1940771 -0.4811645 -0.2179509  0.1294767 -0.1896803  0.1635400 -0.0297443  0.0739010 -0.4062245  0.1134623 -0.3238646 
 0.2236068  0.2242009  0.2838096  0.0091142  0.5081643 -0.0598096 -0.1239093 -0.0956523 -0.1715308 -0.0880779 -0.1329208  0.0871699 -0.1312956 -0.0459316 -0.2451332 -0.1257976 -0.3004875 -0.1758609  0.2992683  0.4053394 
 0.2236068 -0.3965510 -0.2012514 -0.1774581 -0.0877420  0.1480431 -0.1233670 -0.1588173  0.2934017 -0.1527724 -0.2126558 -0.3613046  0.0006792  0.1277993 -0.1533722  0.1325648  0.1101737  0.2868936  0.3352326  0.3182011 
 0.2236068 -0.2924204 -0.0500797 -0.0069689  0.0515952 -0.1350656 -0.0848094 -0.2888919 -0.0959840  0.3111238 -0.1392313  0.3181917  0.4255419  0.3612263  0.0538045 -0.2103454 -0.2466793  0.1630128 -0.2749610  0.0446946 
 0.2236068  0.0578667 -0.0984351  0.1951652 -0.1713294 -0.2613401  0.1373363 -0.0272928 -0.1591365  0.2366560 -0.1154020 -0.0960282 -0.5074816 -0.2398604  0.0925986 -0.3457223 -0.0481649  0.4815905  0.0002118  0.0180586 
 0.2236068 -0.3433247  0.0646949  0.1732489 -0.0334305  0.0355836  0.3747066 -0.1640853 -0.0717803 -0.4353313  0.3073924  0.1221757  0.0717617 -0.0769573  0.1202392 -0.4272280  0.2389017 -0.2105598  0.1110746  0.0482853 
 0.2236068 -0.0653043  0.2101239  0.2935124 -0.1586471 -0.1136811 -0.3002448  0.1179420 -0.3436888  0.1976191  0.0601767  0.2114368  0.1515162 -0.0512030 -0.1420144  0.2921609  0.5153601  0.0699798  0.2564770  0.0200873 
 0.2236068  0.3012453 -0.0084896 -0.0961415 -0.1529550  0.2182784 -0.1106934  0.1884925  0.0170924 -0.2799869 -0.2802882  0.3066990  0.0854352  0.0697127  0.6293311  0.0014405 -0.0565098  0.1392493  0.2209618  0.0132562 
 0.2236068  0.0375561 -0.0053924 -0.2638762 -0.1565056 -0.0084434  0.2083463  0.1653955 -0.5185586 -0.0993503 -0.1220701 -0.4072275  0.3998547 -0.3055170 -0.0414065  0.0905851 -0.1556928 -0.0218295 -0.1758999  0.0727304 
 0.2236068 -0.0603093 -0.0505930  0.4223124  0.3105762  0.0814397  0.0651526  0.2487895  0.2843638 -0.2319426  0.0596529  0.1238637  0.1090456 -0.2673845 -0.0733200  0.2872494 -0.0996338  0.3075208 -0.3956889  0.1016083 
 0.2236068 -0.1644504  0.1242771 -0.2797982 -0.2557907  0.0054941 -0.4220524  0.1097158  0.0634474 -0.2931050 -0.1542292  0.2269544 -0.2360031 -0.1561073 -0.3512312 -0.1816150 -0.0544971 -0.1174371 -0.2744626 -0.2826003 
 0.2236068 -0.1119110  0.3103816 -0.2240285  0.1761696 -0.2554965 -0.1761991 -0.2266171  0.0248449 -0.0654076  0.4578601 -0.1957009 -0.0757367 -0.0292777  0.3203053  0.2727403 -0.1899697  0.1692754  0.0764243 -0.3244153 
 0.2236068  0.1840490  0.1852021  0.3241854 -0.4975653  0.0634483 -0.1523395  0.1240828  0.2601835  0.1249430  0.3073045 -0.2507713  0.0868087  0.1713806 -0.0299721 -0.1142685 -0.3246302 -0.2034752 -0.0117008  0.2193497 
 0.2236068  0.2595698 -0.1112273 -0.2996482 -0.0716618 -0.1013677  0.3709543  0.0944195  0.2969116  0.1563515  0.1933374  0.2927959  0.2298405 -0.1047545 -0.3663704 -0.0181328 -0.0547821  0.1580697  0.3411560 -0.2002204 
 0.2236068 -0.1044973 -0.4200135  0.1700447 -0.1442871  0.1977349  0.1294272 -0.2737929 -0.2115173  0.0493840  0.0006371  0.1929388 -0.2795290 -0.0327443 -0.0241667  0.4372596 -0.3153520 -0.3170830  0.1004667 -0.1290235 
 0.2236068 -0.0517498  0.3071648 -0.3559952 -0.0603354  0.0797436  0.2949385 -0.0030132  0.1637429  0.3028206 -0.0165081  0.1463705 -0.2659443 -0.0193423  0.1601113  0.2160908  0.2460109 -0.1778901 -0.3189453  0.3894989 
 0.2236068  0.3041616 -0.2632479 -0.0613446  0.1879586  0.4196928 -0.3112926 -0.3420062  0.0556069  0.2176932  0.1809529 -0.1289454  0.1141158 -0.3023920  0.0539953 -0.2260102  0.2755199 -0.0499662 -0.1428071 -0.0443483 
 0.2236068  0.3233818  0.2568566  0.1433127  0.0279822  0.2002316  0.2600005 -0.2256958 -0.0756111 -0.1773569 -0.1967484 -0.1947508 -0.0833802  0.4902934 -0.2207509  0.0694365  0.1825233  0.1387280 -0.1641767 -0.3244672 
 0.2236068 -0.2495556 -0.1159598 -0.0743898  0.3104891  0.3107347  0.0053047  0.6093103 -0.1476902  0.2444124  0.1575945 -0.1189142 -0.1587892  0.2963755  0.0269759 -0.1640516 -0.0234115 -0.0483071  0.0816618 -0.1836434 
::::::::::::::
run.002.020
::::::::::::::
 0.3162278  0.0000000  0.0640272  0.2275307  0.0971000 -0.2356586 -0.2117458 -0.4532932  0.1080663  0.5182521 -0.0354093  0.1428591  0.2669463  0.0865018  0.1651030  0.0796317 -0.2376537 -0.0991451  0.1887101 -0.1125440 
 0.3162278  0.0000000  0.3602759 -0.1243306 -0.0052283 -0.0946597 -0.1638066  0.3739479 -0.1235904  0.0274004  0.4215777 -0.0819781  0.1089405 -0.1115959  0.3964676  0.1610893  0.1109222 -0.0489958 -0.3139589 -0.2405820 
 0.3162278  0.0000000  0.2345281  0.2486476 -0.4390554  0.2369071  0.2676434 -0.4020057  0.0729919 -0.2209195  0.1356751 -0.1301081 -0.2777548  0.1287562  0.2216776 -0.0380276  0.1468228  0.1901007  0.0936028  0.0282132 
 0.3162278  0.0000000 -0.0213322 -0.1963533  0.2740388  0.2522062  0.2188569  0.0789631  0.1279785  0.0319818 -0.3646950  0.1723576 -0.0265378 -0.0911655  0.2687010  0.0747389 -0.3291668  0.3812495 -0.2841907  0.2584045 
 0.3162278  0.0000000  0.2392103  0.1006658 -0.2871739  0.1433686 -0.2758284  0.1346667 -0.2445792 -0.0765810 -0.3141292  0.3573433 -0.1861203 -0.3156665 -0.3703649 -0.0537496 -0.1505465 -0.1604597  0.0258596 -0.1411538 
 0.3162278  0.0000000 -0.2777660 -0.3116757 -0.1523305 -0.1125295  0.0764169 -0.1233977 -0.0509315 -0.2065603  0.0785900 -0.3918710  0.2160381 -0.0230308 -0.3672778  0.2890984 -0.3001308  0.1754263  0.0287840 -0.2764320 
 0.3162278  0.0000000 -0.1233243 -0.0286061  0.3119280 -0.0270811 -0.2226444  0.0691230 -0.3888003 -0.0341943 -0.1277065 -0.3745466 -0.3402273  0.1090111  0.1318886  0.1029905  0.1030722 -0.1800720  0.3451930  0.3237517 
 0.3162278  0.0000000 -0.3096068  0.1307714  0.0784532  0.2255872  0.0429082  0.1518568 -0.0667759  0.0075922  0.3705187  0.0752696  0.1007905  0.2825132 -0.1244205 -0.6110960 -0.2074930 -0.1437166 -0.1147142  0.0432636 
 0.3162278  0.0000000  0.1852483  0.0487093 -0.1187637 -0.2722208  0.1320463  0.2266623  0.2777116 -0.0971469 -0.1506010  0.0239144  0.4009943  0.1756658 -0.2626276  0.0537839  0.3255698 -0.1008165  0.0175318  0.4652825 
 0.3162278  0.0000000 -0.3512606 -0.0953590  0.2410317 -0.1159193  0.1361536 -0.0565232  0.2879289  0.0501757 -0.0138206  0.2067598 -0.2630695 -0.2409893 -0.0591470 -0.0584594  0.5386038 -0.0135708  0.0131825 -0.3482036 
 0.0000000  0.3162278  0.0390304  0.2596318  0.2079956 -0.2163453 -0.1041139  0.0430043 -0.2929428 -0.1348590  0.0563048  0.2867507 -0.0613036  0.4067371 -0.1734330  0.1373951  0.1043965  0.5397313 -0.0515238 -0.1260951 
 0.0000000  0.3162278  0.1875261  0.0542029  0.2858795 -0.2145312  0.3126786 -0.3502049 -0.1286593 -0.2088278  0.0207063 -0.0227772 -0.1243412 -0.0719826 -0.1237476  0.0375730 -0.1273951 -0.4575210 -0.4318708  0.0564734 
 0.0000000  0.3162278  0.2375876 -0.5453415 -0.1198903  0.0014515  0.1102614  0.0929054  0.1772187  0.3457712  0.1442521  0.1217210 -0.3645181  0.3330729 -0.1579416  0.0162730 -0.1158432 -0.0795496  0.1879832  0.0171560 
 0.0000000  0.3162278 -0.1681863 -0.0003340 -0.3017164 -0.2050904 -0.4051373 -0.0654250  0.1270985  0.2011292 -0.2055617 -0.3382611 -0.1610697 -0.0351404  0.0161590 -0.2690434  0.0845719  0.1579073 -0.4593169  0.1184723 
 0.0000000  0.3162278  0.1910396  0.0825444  0.2947940  0.5847131 -0.2027985 -0.1216265  0.1480117  0.1436616  0.1957298 -0.2072534  0.1813101 -0.2188339 -0.3160592  0.1158214  0.1903445  0.0986910  0.0236873  0.0869786 
 0.0000000  0.3162278 -0.3365793  0.2730040 -0.2820149  0.1806846  0.3861295  0.2466297 -0.2610113  0.3876738 -0.0895445 -0.0072656  0.0755284 -0.0090105  0.0747642  0.3385987  0.0811584 -0.1632232 -0.0581012 -0.0310492 
 0.0000000  0.3162278  0.1356406  0.3021360  0.0984145 -0.2898446  0.2198828  0.3142887  0.2095950 -0.0311928  0.0456074 -0.2224489 -0.0867652 -0.3736846  0.0390406 -0.2373733 -0.2867520  0.1626569  0.3677692 -0.0636477 
 0.0000000  0.3162278 -0.2850370 -0.1883987 -0.1864704 -0.0986585 -0.1673546 -0.1633569 -0.0711824 -0.2121008  0.3569733  0.3853468  0.0945618 -0.3390065  0.1821199  0.0847115 -0.0287875  0.0248506  0.1615294  0.4078446 
 0.0000000  0.3162278 -0.1358824  0.0953705  0.0068030  0.1881094 -0.2707719  0.1295233  0.4201655 -0.4184860 -0.1979868  0.0390650  0.0375803  0.2982466  0.2474925  0.1831934 -0.1246198 -0.3011090  0.0687759 -0.2416989 
 0.0000000  0.3162278  0.1348608 -0.3328154 -0.0037946  0.0695113  0.1212238 -0.1257381 -0.3282936 -0.0727693 -0.3264808 -0.0348774  0.4090172  0.0096019  0.2116052 -0.4071493  0.2229264  0.0175658  0.1910677 -0.2244340 
::::::::::::::
run.003.020
::::::::::::::
 0.4015436  0.0000000  0.0000000  0.1354670  0.1447394  0.0595940  0.0920259 -0.1335759  0.2980571  0.0827704 -0.1668435 -0.0352745  0.0038394  0.3716402 -0.1517367  0.2917867 -0.1702778 -0.1849268  0.2497503 -0.5224623 
 0.4015436  0.0000000  0.0000000  0.1398126  0.2013514 -0.2224110  0.1777707 -0.3722071 -0.0396939  0.1453002  0.1856694 -0.0218731  0.1350938 -0.0010668 -0.2386451 -0.0444083 -0.3663591  0.1770665 -0.0974835  0.4991760 
 0.4015436  0.0000000  0.0000000  0.1841941 -0.0848354  0.1907731 -0.0636187  0.1854002 -0.1354924  0.0538010  0.2818474 -0.1310060  0.1542736  0.3180259 -0.1661690 -0.1679594  0.6432025  0.0412157 -0.0466147  0.0813979 
 0.4015436  0.0000000  0.0000000 -0.1297590  0.1229604 -0.0605213 -0.0175079 -0.1323564  0.4262824 -0.3057824 -0.1370963  0.1065362 -0.1550451 -0.3010845  0.2433113 -0.4939688  0.1796827  0.1353443  0.0867964 -0.0626072 
 0.4015436  0.0000000  0.0000000 -0.1063863 -0.3192010 -0.2748191 -0.0673952  0.2073316 -0.0947251 -0.1435786 -0.2179346 -0.3320133  0.2124649 -0.0376641  0.4222698  0.2648227 -0.0972803 -0.2359411 -0.1917827  0.1351680 
 0.3112987  0.0000000 -0.0902449  0.0357583  0.0221709  0.0405196 -0.3916077  0.1537805 -0.4576412 -0.1121862  0.0033310  0.0589590 -0.2096303 -0.3549310 -0.1916864  0.2103045 -0.1243755  0.3642559  0.2304465 -0.1920250 
 0.3112987  0.0000000  0.0902449 -0.3238290 -0.1060333  0.3559747  0.2351755  0.1627702 -0.1285246  0.3282304  0.0667846  0.4745823 -0.2426421 -0.0963407  0.0510484 -0.0171718 -0.1193738 -0.2775212 -0.2313053  0.0234710 
 0.0000000  0.4015436  0.0000000  0.4316026 -0.0364806 -0.2540669  0.0655272  0.2442307 -0.0022160  0.1739704 -0.4159784  0.2165287  0.1705442 -0.2261866 -0.2714103 -0.1860864  0.0495042 -0.0763101 -0.2451946 -0.1246344 
 0.0000000  0.4015436  0.0000000 -0.2327150  0.3422917 -0.2221018 -0.3661295  0.1446986  0.1173858  0.0125427  0.5252268 -0.0081706  0.1076198  0.0348585  0.0446300 -0.0414159 -0.1310539 -0.1408558 -0.2572325 -0.2314524 
 0.0000000  0.4015436  0.0000000 -0.0323944  0.4894233  0.3183877  0.0896952  0.0822831 -0.2418329  0.1645187 -0.2657769 -0.1262878  0.1626291  0.0926695  0.3988114 -0.0575909 -0.0128650  0.1010452  0.2767652  0.1596196 
 0.0000000  0.4015436  0.0000000 -0.0619459 -0.0751387 -0.0967024 -0.0310953  0.0308363  0.3631046  0.1875450  0.0108662 -0.1025270 -0.4460502 -0.1226248 -0.1067348  0.4238404  0.2791029 -0.0044467  0.1806822  0.3532247 
 0.0000000  0.4015436  0.0000000 -0.3683741 -0.4308925  0.0579009 -0.0996791 -0.0846799 -0.0747042 -0.2240957 -0.0959794  0.0318161  0.1422298  0.2385095 -0.3253340 -0.2867944 -0.1969791 -0.0931041  0.3274595  0.1048985 
 0.0000000  0.3112987 -0.0902449  0.3961738 -0.2592872  0.1060424  0.2510755 -0.1712235 -0.0232922 -0.3041884  0.3963608  0.3286652  0.1423161 -0.1102592  0.3316006  0.2010385 -0.0136838  0.0050776  0.1459977 -0.0682158 
 0.0000000  0.3112987  0.0902449 -0.0558643 -0.1137554  0.1475288  0.1896589 -0.3671395 -0.1853326 -0.1014602 -0.0846677 -0.3433177 -0.3189971  0.0880393  0.0038216 -0.0100728  0.0295378  0.2705370 -0.5103678 -0.2692936 
 0.0000000  0.0000000  0.4015436  0.0530492  0.3224500 -0.2268122  0.0087180 -0.0512009 -0.2932217 -0.4887695 -0.1177775  0.2538146 -0.2567470  0.2206550 -0.0701177  0.1034719  0.1533821 -0.3122603 -0.0203924  0.1516122 
 0.0000000  0.0000000  0.4015436 -0.2866332  0.0418824  0.1561743  0.0200505  0.0231152  0.2209515 -0.1361651 -0.1156570  0.2190230  0.4888738 -0.0775437 -0.1395574  0.3653571  0.1315727  0.3972372 -0.1662695  0.0093884 
 0.0000000  0.0000000  0.4015436  0.1565226 -0.0703726  0.2465579 -0.4133179 -0.4733059 -0.0397551  0.2093236 -0.0084678 -0.1327857  0.1432114 -0.3396739  0.0170921 -0.0323224  0.0780692 -0.3800268  0.0522524 -0.0099658 
 0.0000000  0.0000000  0.4015436 -0.1064622  0.0228989 -0.1577234  0.5268593  0.2208512 -0.1024071  0.0145410  0.2500612 -0.3637765  0.0371535 -0.3309381 -0.1468355 -0.0957929  0.0047999 -0.0766060  0.2900292 -0.1961201 
 0.0000000  0.0000000  0.4015436  0.3632674 -0.0882383  0.3220939 -0.1558441  0.3969050  0.2721405 -0.1497927  0.0632055 -0.1393980 -0.2026090  0.1389774  0.0324352 -0.1315435 -0.4077461  0.1241451 -0.0766379  0.1651059 
 0.0000000  0.0000000  0.4015436  0.0026649 -0.2325148 -0.4205113 -0.1135291 -0.0743538 -0.0952576  0.4063192  0.0224834  0.2207381 -0.0987856  0.2858399  0.3260965 -0.1105998  0.0290843  0.3320863  0.1723094 -0.1232610 
::::::::::::::
run.004.020
::::::::::::::
 0.4472136  0.0000000  0.0000000  0.0000000 -0.2774881  0.1921511  0.0523035  0.1998308 -0.2609656  0.0403589 -0.0286440 -0.2159254 -0.0991172  0.3935805 -0.2453540  0.0132685 -0.0905740 -0.4696905 -0.2010968 -0.1785413 
 0.4472136  0.0000000  0.0000000  0.0000000  0.1486191 -0.0422562  0.1043934 -0.1063971  0.1145350  0.0472057 -0.0174907 -0.0750166  0.0858332 -0.1817933  0.5234652 -0.3256995  0.4119853 -0.2126846  0.1219860 -0.2868259 
 0.4472136  0.0000000  0.0000000  0.0000000  0.1421343  0.3558756 -0.1949426 -0.3054166 -0.0892018 -0.2526172  0.2713191  0.0900713  0.2128458  0.0084397 -0.0030792  0.3399780  0.1515961  0.1262800 -0.0704647  0.4043597 
 0.4472136  0.0000000  0.0000000  0.0000000  0.1349961 -0.4888067 -0.2146295  0.1821830  0.0859487 -0.3189062 -0.0288238 -0.1307397 -0.1710153 -0.3441020 -0.3451271 -0.0892193 -0.1684491  0.1749649 -0.0376573 -0.0380057 
 0.4472136  0.0000000  0.0000000  0.0000000 -0.1482614 -0.0169637  0.2528751  0.0298000  0.1496837  0.4839588 -0.1963606  0.3316104 -0.0285465  0.1238752  0.0700951  0.0616723 -0.3045583  0.3811303  0.1872329  0.0990132 
 0.0000000  0.4472136  0.0000000  0.0000000  0.3781102  0.0156975 -0.3756864  0.2526414 -0.0949316  0.2983525 -0.0253123 -0.0584198  0.0752117  0.1000367  0.0308816 -0.2677646 -0.1192031 -0.2180417  0.2141084  0.3922101 
 0.0000000  0.4472136  0.0000000  0.0000000 -0.0095813  0.2479090 -0.0351714 -0.1126040  0.0169473 -0.3607327 -0.3994372  0.0407912  0.0672029  0.2224812 -0.2205454 -0.0645184  0.1370655  0.2476369  0.3689948 -0.3313883 
 0.0000000  0.4472136  0.0000000  0.0000000  0.1399281  0.0078411  0.3638809  0.2991680  0.4918344 -0.1561228  0.0590386  0.1185988  0.0293296  0.0889114  0.0417761  0.1093068  0.0833338 -0.0446666 -0.4867689  0.0792397 
 0.0000000  0.4472136  0.0000000  0.0000000 -0.5412442 -0.0451243 -0.0679712  0.0979186 -0.2778610 -0.1728934  0.2420903  0.2330755 -0.2392655 -0.2892554  0.3264470  0.0610489 -0.0882007 -0.0435373  0.0936177  0.0336039 
 0.0000000  0.4472136  0.0000000  0.0000000  0.0327873 -0.2263233  0.1149481 -0.5371240 -0.1359891  0.3913964  0.1236207 -0.3340457  0.0675213 -0.1221739 -0.1785593  0.1619273 -0.0129954  0.0586086 -0.1899519 -0.1736655 
 0.0000000  0.0000000  0.4472136  0.0000000  0.1664573 -0.2981515 -0.1644165 -0.1624054 -0.0269934 -0.2170411 -0.0046025  0.1291232  0.1943865  0.3493480  0.3551701  0.1598301 -0.4351993 -0.1029764 -0.0658497 -0.2227096 
 0.0000000  0.0000000  0.4472136  0.0000000  0.1103026  0.0530355 -0.1026233  0.2836102  0.0320795  0.2068969 -0.1815863 -0.0979378 -0.2116551 -0.1984810  0.0031494  0.6252193  0.2878962 -0.0781034  0.1817197 -0.1026908 
 0.0000000  0.0000000  0.4472136  0.0000000  0.1019584  0.3677327  0.1373183 -0.3348100  0.1891030 -0.0364752 -0.0038586  0.1269949 -0.3923013 -0.2673991 -0.1774722 -0.2897128 -0.2585434 -0.2390187  0.0021946  0.0733361 
 0.0000000  0.0000000  0.4472136  0.0000000 -0.3420425  0.0511774  0.0439238  0.0805191 -0.0444974 -0.0581500 -0.2761443 -0.4715373  0.2542659 -0.0544323  0.1480545 -0.2324443  0.0408613  0.2801559 -0.1890604  0.3294620 
 0.0000000  0.0000000  0.4472136  0.0000000 -0.0366758 -0.1737940  0.0857977  0.1330861 -0.1496917  0.1047694  0.4661916  0.3133571  0.1553040  0.1709644 -0.3289018 -0.2628922  0.3649852  0.1399426  0.0709959 -0.0773978 
 0.0000000  0.0000000  0.0000000  0.4472136 -0.1382379 -0.1437910 -0.3749160 -0.2095446  0.2110370  0.0737003 -0.0545744  0.0161610 -0.4913860  0.3595694  0.0899559 -0.0763681  0.2826137  0.1174401 -0.1831395  0.1032391 
 0.0000000  0.0000000  0.0000000  0.4472136 -0.2308985  0.0392230  0.0044499  0.0370650  0.4720844 -0.0188840  0.3598626 -0.2887168  0.2570434 -0.0106285 -0.0774694  0.0853812 -0.1802221 -0.1373183  0.4193350 -0.0319558 
 0.0000000  0.0000000  0.0000000  0.4472136  0.3254878 -0.0795944  0.5379491  0.0617661 -0.4060289 -0.1926873  0.0475468 -0.1756810 -0.2456731  0.1103669  0.1096833  0.0357966 -0.0356023  0.1003744  0.1821391  0.1704130 
 0.0000000  0.0000000  0.0000000  0.4472136 -0.1121883 -0.2038365  0.0504688 -0.1163414 -0.1104917 -0.0078353 -0.4261360  0.3816802  0.3545821 -0.2265731 -0.1848276  0.0472762  0.1083861 -0.3629522 -0.0841781  0.1619034 
 0.0000000  0.0000000  0.0000000  0.4472136  0.1558369  0.3879988 -0.2179518  0.2270549 -0.1666009  0.1457063  0.0733010  0.0665566  0.1254337 -0.2327346  0.0626577 -0.0920858 -0.1751754  0.2824560 -0.3341565 -0.4035997 
::::::::::::::
run.005.020
::::::::::::::
 0.5000000  0.0000000  0.0000000  0.0000000  0.0000000  0.0824000 -0.5291937  0.3404483  0.0399837  0.0349602  0.2495271  0.0120433  0.1749691  0.1842929 -0.0984031  0.0069687 -0.0003133  0.2747437  0.1652393 -0.3239313 
 0.5000000  0.0000000  0.0000000  0.0000000  0.0000000  0.1669277  0.2678897 -0.1279450  0.0714284  0.0872641  0.2725475 -0.3709505  0.0116374  0.2019077  0.4072770 -0.1734768 -0.0798342 -0.2436184  0.1190046  0.3043689 
 0.5000000  0.0000000  0.0000000  0.0000000  0.0000000  0.2674586 -0.0060511 -0.1544016 -0.2880827  0.0810565 -0.5241262  0.1737077  0.0287968 -0.0279612 -0.2303614  0.2447759  0.2797023 -0.2151100 -0.1013580  0.1037936 
 0.5000000  0.0000000  0.0000000  0.0000000  0.0000000 -0.5167864  0.2673551 -0.0581018  0.1766707 -0.2032808  0.0020516  0.1851994 -0.2154032 -0.3582393 -0.0785125 -0.0782678 -0.1995547  0.1839847 -0.1828859 -0.0842312 
 0.0000000  0.5000000  0.0000000  0.0000000  0.0000000 -0.0893326  0.2262356 -0.1687374 -0.6224186 -0.0304056  0.1053824 -0.1075835  0.2307490 -0.0260271 -0.1086165 -0.0352644 -0.2341780  0.0480882  0.2313893 -0.2714760 
 0.0000000  0.5000000  0.0000000  0.0000000  0.0000000  0.0423902  0.0523308  0.0024543  0.3446390 -0.3664363 -0.4174918 -0.2563182  0.0066729  0.2230208  0.0771029 -0.2034243  0.2913727  0.2539969  0.0135389 -0.0755221 
 0.0000000  0.5000000  0.0000000  0.0000000  0.0000000 -0.1557083 -0.2221011 -0.1354173  0.0516915  0.0033181  0.3127262  0.3446711 -0.3383115  0.1809941  0.2241553  0.3063531  0.1900711 -0.3063256 -0.1298188 -0.0261278 
 0.0000000  0.5000000  0.0000000  0.0000000  0.0000000  0.2026506 -0.0564653  0.3017004  0.2260882  0.3935238 -0.0006167  0.0192306  0.1008896 -0.3779878 -0.1926417 -0.0676643 -0.2472657  0.0042404 -0.1151095  0.3731259 
 0.0000000  0.0000000  0.5000000  0.0000000  0.0000000 -0.3236929 -0.0527696  0.4358217 -0.2620951  0.1543089 -0.1860071 -0.1161821 -0.0450726 -0.2278025  0.3928044 -0.0540729  0.2868492 -0.0753517  0.1118076  0.0170221 
 0.0000000  0.0000000  0.5000000  0.0000000  0.0000000  0.1303075  0.3842675 -0.0839766  0.3068021  0.3738869 -0.0275204  0.1220348 -0.1558047  0.2167055 -0.1551953  0.2365516 -0.0706048  0.1377088  0.2870729 -0.2666446 
 0.0000000  0.0000000  0.5000000  0.0000000  0.0000000 -0.0704105 -0.2028259 -0.1412237  0.0525505 -0.3002290  0.1252793 -0.4698465  0.1230606 -0.0200709 -0.2790887  0.3543343 -0.1438076 -0.1207411 -0.2962667  0.1121928 
 0.0000000  0.0000000  0.5000000  0.0000000  0.0000000  0.2637959 -0.1286720 -0.2106214 -0.0972574 -0.2279668  0.0882481  0.4639938  0.0778167  0.0311679  0.0414796 -0.5368131 -0.0724368  0.0583840 -0.1026138  0.1374297 
 0.0000000  0.0000000  0.0000000  0.5000000  0.0000000 -0.0021814  0.3076909  0.1889937  0.1817455 -0.0964209  0.1632556  0.1767672  0.5617400 -0.0379795  0.0050836  0.0404040  0.2322852 -0.2711749 -0.1806629 -0.2014736 
 0.0000000  0.0000000  0.0000000  0.5000000  0.0000000 -0.1887029 -0.0147092 -0.0342664 -0.1717006  0.0972209 -0.0802617  0.1023863  0.0656980  0.3281377  0.1417689  0.2298419 -0.1220279  0.5061258 -0.0881344  0.4397779 
 0.0000000  0.0000000  0.0000000  0.5000000  0.0000000  0.0296958 -0.1413019 -0.2902283 -0.0581640  0.3145610  0.1417996 -0.2976952 -0.3314171 -0.1764929 -0.2074346 -0.3241055  0.3052366  0.0635381 -0.1278963 -0.1767307 
 0.0000000  0.0000000  0.0000000  0.5000000  0.0000000  0.1611885 -0.1516798  0.1355010  0.0481191 -0.3153610 -0.2247934  0.0185417 -0.2960209 -0.1136653  0.0605822  0.0538596 -0.4154938 -0.2984890  0.3966936 -0.0615736 
 0.0000000  0.0000000  0.0000000  0.0000000  0.5000000 -0.3447156 -0.2993899 -0.3951812  0.2266751  0.2433667 -0.2287002  0.0262561  0.3494686 -0.0081355  0.0851499 -0.0924788 -0.1135039 -0.1715244  0.2025841 -0.0206178 
 0.0000000  0.0000000  0.0000000  0.0000000  0.5000000  0.3336426  0.0548474  0.0634192 -0.0911096  0.0470278 -0.0869143 -0.0627495 -0.0985875 -0.0719984  0.3862409  0.1170498 -0.2304161  0.1474669 -0.4872699 -0.3458209 
 0.0000000  0.0000000  0.0000000  0.0000000  0.5000000 -0.1714745  0.1513265  0.3740430 -0.1269509 -0.0295796  0.0287677 -0.0030953 -0.2147193  0.4326395 -0.4197606 -0.2416312 -0.0091532 -0.2197534 -0.0863984  0.1274912 
 0.0000000  0.0000000  0.0000000  0.0000000  0.5000000  0.1825475  0.0932161 -0.0422810 -0.0086146 -0.2608150  0.2868468  0.0395888 -0.0361617 -0.3525055 -0.0516302  0.2170602  0.3530733  0.2438108  0.3710843  0.2389475 
::::::::::::::
run.006.020
::::::::::::::
 0.5000000 -0.0741657  0.0000000  0.0000000  0.0000000  0.0000000 -0.1209695 -0.3792617  0.1824372  0.0451529  0.1073247 -0.0308723 -0.1837437 -0.0197178  0.4148777 -0.4440732  0.3501418  0.0888893  0.0098532 -0.0644971 
 0.5000000  0.0741657  0.0000000  0.0000000  0.0000000  0.0000000 -0.0242515 -0.2706179 -0.1364692  0.0022596 -0.3787173 -0.1327416 -0.0029711  0.0665773  0.0820865  0.4475619 -0.3647229  0.2522034  0.0408525  0.2849767 
 0.5000000  0.0000000 -0.0741657  0.0000000  0.0000000  0.0000000  0.0185565  0.4395468 -0.1608587 -0.0667366  0.1861697 -0.0919711  0.3897752 -0.2056220  0.0007063  0.1291174  0.0981938  0.0226222 -0.3932784 -0.3190735 
 0.5000000  0.0000000  0.0741657  0.0000000  0.0000000  0.0000000  0.1266645  0.2103327  0.1148907  0.0193241  0.0852229  0.2555850 -0.2030605  0.1587625 -0.4976705 -0.1326060 -0.0836127 -0.3637149  0.3425728  0.0985939 
 0.0000000  0.5741657  0.0000000  0.0000000  0.0000000  0.0000000  0.4150228 -0.3074839 -0.0377648  0.1016526  0.3741721  0.1983620 -0.0528525 -0.1173275 -0.0291182  0.3067965  0.1568803  0.1238123  0.1307192 -0.2094570 
 0.0000000  0.5741657  0.0000000  0.0000000  0.0000000  0.0000000 -0.1322155  0.1245614  0.2252285  0.1865817 -0.1446616  0.0476218 -0.2620481 -0.0482739  0.0393113 -0.1842593 -0.2078844 -0.1913200 -0.5615143  0.1642798 
 0.0000000  0.5741657  0.0000000  0.0000000  0.0000000  0.0000000 -0.2953004  0.1688888 -0.1462702 -0.2826937 -0.1667278 -0.2328252  0.2915499  0.1544545  0.0327940 -0.2377109  0.1433441  0.0464123  0.4267908  0.0000352 
 0.0000000  0.0000000  0.5741657  0.0000000  0.0000000  0.0000000 -0.1535993  0.0423882  0.0639101 -0.3790083  0.1177335 -0.1655994 -0.3349664 -0.3524829  0.1203305  0.0964582 -0.2974895 -0.0740313  0.1123189 -0.2984988 
 0.0000000  0.0000000  0.5741657  0.0000000  0.0000000  0.0000000  0.2467574  0.2661266  0.0168467  0.5416730 -0.0896250 -0.0545168  0.1252489  0.1584595  0.0841645 -0.1923269 -0.0544186  0.3706057  0.0867155 -0.0349774 
 0.0000000  0.0000000  0.5741657  0.0000000  0.0000000  0.0000000 -0.1071226 -0.2789069 -0.1163758 -0.1737812 -0.0150691  0.1752219  0.2862949  0.1469554 -0.1401190  0.1296759  0.3753923 -0.2466708 -0.2940853  0.2795256 
 0.0000000  0.0000000  0.0000000  0.5000000 -0.0741657  0.0000000  0.1507454  0.3752667  0.2644851 -0.2047964  0.1786302  0.0630493 -0.0775695  0.1035805  0.4061461  0.2372321  0.1493117  0.0247567  0.0785271  0.4075773 
 0.0000000  0.0000000  0.0000000  0.5000000  0.0741657  0.0000000 -0.4665049 -0.0714473  0.1319186  0.4302757  0.0057119 -0.1810678 -0.0087679 -0.2985836 -0.3070316  0.2059613  0.2094653  0.0073111  0.1203711 -0.0455435 
 0.0000000  0.0000000  0.0000000  0.5000000  0.0000000 -0.0741657  0.0876279 -0.1160261 -0.7007632  0.0830277  0.1496166 -0.0010029 -0.0641069  0.0318554  0.1210079 -0.2720150 -0.2477977 -0.2134227 -0.0428304  0.0215201 
 0.0000000  0.0000000  0.0000000  0.5000000  0.0000000  0.0741657  0.2281316 -0.1877933  0.3043595 -0.3085071 -0.3339587  0.1190214  0.1504443  0.1631477 -0.2201224 -0.1711784 -0.1109792  0.1813549 -0.1560678 -0.3835539 
 0.0000000  0.0000000  0.0000000  0.0000000  0.5741657  0.0000000  0.2179758  0.1121018 -0.0937131  0.0813338 -0.4954237  0.0571309 -0.1206365 -0.0973897  0.2467991  0.1454918  0.2662308 -0.3509443  0.0943294 -0.1925959 
 0.0000000  0.0000000  0.0000000  0.0000000  0.5741657  0.0000000  0.2134179 -0.1628654  0.2463483 -0.0464759  0.3088504 -0.4287081  0.2953639 -0.0810732 -0.0844971 -0.1537782 -0.2302302 -0.0884426 -0.0121229  0.2658184 
 0.0000000  0.0000000  0.0000000  0.0000000  0.5741657  0.0000000 -0.3516626  0.1084663 -0.1355114 -0.1168911  0.2089094  0.4031102 -0.1836146  0.2304110 -0.0701799  0.0123257 -0.0437707  0.4416403 -0.0876116 -0.0146922 
 0.0000000  0.0000000  0.0000000  0.0000000  0.0000000  0.5741657  0.2199572  0.0868527 -0.2254671 -0.1626650 -0.1145314 -0.1554493 -0.2696265 -0.3270691 -0.2639116 -0.1635991  0.2572898  0.2771739 -0.0816069  0.2721438 
 0.0000000  0.0000000  0.0000000  0.0000000  0.0000000  0.5741657 -0.0876188 -0.0242514  0.0074630  0.1029340  0.1696438 -0.3276993 -0.1402418  0.5822977  0.0633561  0.2084752 -0.0009193 -0.1966534 -0.0747534 -0.2545109 
 0.0000000  0.0000000  0.0000000  0.0000000  0.0000000  0.5741657 -0.1504874 -0.0533311  0.0881711  0.1103061  0.0073516  0.4676449  0.3821545 -0.2721878  0.2446198 -0.0579013 -0.2740436 -0.1315144  0.1709873  0.0346911 
::::::::::::::
run.007.020
::::::::::::::
 0.5371168  0.0000000  0.0000000  0.0000000  0.0000000  0.0000000 -0.1132762  0.5040182  0.0585786  0.3599703  0.0267548 -0.0582441 -0.1071393 -0.3832565  0.1619895 -0.0568706 -0.2016191  0.1321128  0.2310306  0.0905704 
 0.5371168  0.0000000  0.0000000  0.0000000  0.0000000  0.0000000  0.1132762 -0.3197639 -0.0411178 -0.0952799  0.0325639  0.3764134  0.4424631 -0.0805090 -0.0570451 -0.1221481 -0.1904088  0.0243708 -0.1931414 -0.3851312 
 0.6503930  0.0000000  0.0000000  0.0000000  0.0000000  0.0000000  0.0000000 -0.1521635 -0.0144197 -0.2185904 -0.0489874 -0.2627551 -0.2769219  0.3829934 -0.0866667  0.1478398  0.3237501 -0.1292295 -0.0312902  0.2432584 
 0.0000000  0.5371168  0.0000000  0.0000000  0.0000000  0.0000000 -0.1132762 -0.2229704  0.3220578 -0.2977209 -0.3100609 -0.0981455 -0.0541609 -0.3096746  0.0350966 -0.3597195 -0.0631276 -0.2449413  0.2245522  0.0834404 
 0.0000000  0.5371168  0.0000000  0.0000000  0.0000000  0.0000000  0.1132762  0.2514407  0.0029333  0.1052462  0.3706537  0.0670021  0.3317074  0.1747796  0.1917128  0.2552361  0.2977930 -0.3195087  0.1812194 -0.1280971 
 0.0000000  0.6503930  0.0000000  0.0000000  0.0000000  0.0000000  0.0000000 -0.0235117 -0.2683888  0.1589522 -0.0500396  0.0257193 -0.2292074  0.1114009 -0.1873070  0.0862860 -0.1937947  0.4661421 -0.3351000  0.0368790 
 0.0000000  0.0000000  0.5371168  0.0000000  0.0000000  0.0000000 -0.1132762  0.1286425  0.0594628 -0.2511019  0.4675750 -0.3595050  0.0703462  0.1391083 -0.2857265 -0.1952281 -0.3345449  0.0200416  0.0451615 -0.0961874 
 0.0000000  0.0000000  0.5371168  0.0000000  0.0000000  0.0000000  0.1132762 -0.0494544 -0.0344764  0.0429803 -0.2198591  0.0498058 -0.4412156 -0.0427050  0.3324971  0.1734171  0.0589767 -0.1022090 -0.0011679 -0.5397450 
 0.0000000  0.0000000  0.6503930  0.0000000  0.0000000  0.0000000  0.0000000 -0.0653963 -0.0206346  0.1718740 -0.2045723  0.2557602  0.3062766 -0.0796132 -0.0386248  0.0180123  0.2275737  0.0678566 -0.0363314  0.5251748 
 0.0000000  0.0000000  0.0000000  0.5371168  0.0000000  0.0000000 -0.1132762  0.2108564 -0.0257903 -0.1947358 -0.2545889  0.2799517 -0.0131745  0.0697121 -0.4622878  0.2899390 -0.0541128  0.0231730  0.3880178 -0.1249280 
 0.0000000  0.0000000  0.0000000  0.5371168  0.0000000  0.0000000  0.1132762 -0.2763496  0.1104897  0.3177123  0.0540776 -0.0089986 -0.0203842  0.3934337  0.3607906 -0.1378133 -0.3868678 -0.0758505  0.1184291  0.1798250 
 0.0000000  0.0000000  0.0000000  0.6503930  0.0000000  0.0000000  0.0000000  0.0540865 -0.0699477 -0.1015582  0.1655891 -0.2237624  0.0277140 -0.3824817  0.0838198 -0.1256306  0.3641769  0.0435029 -0.4182412 -0.0453359 
 0.0000000  0.0000000  0.0000000  0.0000000  0.5371168  0.0000000 -0.1132762 -0.2326461 -0.3525885  0.1448143 -0.1837695 -0.4577576  0.2652425 -0.1777405 -0.0222993  0.3143768 -0.1518400 -0.1370228  0.1051872 -0.0421483 
 0.0000000  0.0000000  0.0000000  0.0000000  0.5371168  0.0000000  0.1132762  0.4494494  0.2346442 -0.0701915 -0.3530279 -0.0166881  0.1500982  0.3517765  0.0621476 -0.2857221  0.0446045  0.0579688 -0.2521064 -0.1053282 
 0.0000000  0.0000000  0.0000000  0.0000000  0.6503930  0.0000000  0.0000000 -0.1790436  0.0974024 -0.0616261  0.4433057  0.3918135 -0.3430026 -0.1437249 -0.0329081 -0.0236640  0.0885587  0.0652855  0.1213309  0.1217912 
 0.0000000  0.0000000  0.0000000  0.0000000  0.0000000  0.5371168 -0.1132762 -0.2068049  0.4878198  0.4205174  0.0128188 -0.1603002  0.0422819  0.0276894 -0.2757447  0.0397639  0.2322148  0.1727502  0.0350935 -0.2237714 
 0.0000000  0.0000000  0.0000000  0.0000000  0.0000000  0.5371168  0.1132762  0.0133199 -0.1231943 -0.4455077  0.0002405 -0.0465168  0.1366840  0.0068682  0.4129891  0.0953230 -0.0070527  0.4668061  0.2468310  0.0736167 
 0.0000000  0.0000000  0.0000000  0.0000000  0.0000000  0.6503930  0.0000000  0.1597865 -0.3011202  0.0206378 -0.0107848  0.1707966 -0.1477962 -0.0285389 -0.1133412 -0.1115594 -0.1859466 -0.5281675 -0.2328229  0.1240028 
 0.0000000  0.0000000  0.0000000  0.0000000  0.0000000  0.0000000  0.6503930  0.0497369  0.3960203 -0.1092207  0.0028757 -0.0967186 -0.0178283 -0.2217984 -0.1159732  0.4327540 -0.2705115 -0.0746203 -0.1939839  0.1725648 
 0.0000000  0.0000000  0.0000000  0.0000000  0.0000000  0.0000000  0.6503930 -0.0301514 -0.3263085  0.1661352 -0.0248065 -0.1253459 -0.0511339 -0.0286182 -0.2588426 -0.4233545  0.2025739  0.0597354  0.3557802 -0.0694873 
::::::::::::::
run.008.020
::::::::::::::
 0.6859943  0.0000000  0.0000000  0.0000000  0.0000000  0.0000000  0.0000000  0.0000000  0.0174032  0.2828699  0.0823504  0.2517770  0.1249380  0.0447915 -0.0423040 -0.2884722 -0.1066345 -0.0065561  0.3358778  0.3899626 
 0.5144958 -0.1714986  0.0000000  0.0000000  0.0000000  0.0000000  0.0000000  0.0000000  0.3294772 -0.1386302 -0.3237021 -0.3524090 -0.0825531 -0.1886572 -0.0665798 -0.1526575  0.0534003 -0.2344651 -0.4086781 -0.2326944 
 0.5144958  0.1714986  0.0000000  0.0000000  0.0000000  0.0000000  0.0000000  0.0000000 -0.3526815 -0.2385298  0.2139015  0.0167062 -0.0840308  0.1289353  0.1229852  0.5372871  0.0887790  0.2432066 -0.0391589 -0.2872557 
 0.0000000  0.6859943  0.0000000  0.0000000  0.0000000  0.0000000  0.0000000  0.0000000  0.1153100 -0.0439980 -0.1616221  0.0849507  0.2303822  0.4084396 -0.1745673 -0.2535674  0.3500008  0.0591121 -0.1913560 -0.0596679 
 0.0000000  0.6859943  0.0000000  0.0000000  0.0000000  0.0000000  0.0000000  0.0000000  0.0552297  0.0689729  0.0272212 -0.1772295 -0.2300127 -0.4878377  0.1271761  0.0810812 -0.3588455 -0.1785301  0.0989762  0.0733082 
 0.0000000  0.0000000  0.6859943  0.0000000  0.0000000  0.0000000  0.0000000  0.0000000  0.4670599 -0.1261672  0.4721231 -0.0501274 -0.0323937  0.1296328  0.0901246  0.0512221  0.0921464 -0.1423345  0.1093836 -0.0249132 
 0.0000000  0.0000000  0.5144958 -0.1714986  0.0000000  0.0000000  0.0000000  0.0000000 -0.1257560  0.0063246 -0.4859468  0.0575134  0.1328927 -0.0468452 -0.2721270  0.3957635 -0.1068415  0.0669167 -0.1567436  0.3994714 
 0.0000000  0.0000000  0.5144958  0.1714986  0.0000000  0.0000000  0.0000000  0.0000000 -0.4969906  0.1618983 -0.1435507  0.0093232 -0.0897012 -0.1259985  0.1519609 -0.4640597 -0.0160204  0.1228626  0.0108988 -0.3662538 
 0.0000000  0.0000000  0.0000000  0.6859943  0.0000000  0.0000000  0.0000000  0.0000000  0.1424372  0.1561662  0.1218533 -0.1687702  0.1776292  0.0798967 -0.3706252  0.0900048 -0.3857033  0.3003917 -0.1125418 -0.0796019 
 0.0000000  0.0000000  0.0000000  0.6859943  0.0000000  0.0000000  0.0000000  0.0000000 -0.0496285 -0.1950597 -0.2074523  0.1808178 -0.1219808 -0.0601084  0.2646033  0.1249510  0.3629981 -0.3143782  0.0706312  0.2710333 
 0.0000000  0.0000000  0.0000000  0.0000000  0.6859943  0.0000000  0.0000000  0.0000000 -0.2381055 -0.3849949  0.0777181 -0.0384182  0.1367280  0.0559110 -0.3137774 -0.0984135 -0.1683687 -0.3629772  0.1573529 -0.0464542 
 0.0000000  0.0000000  0.0000000  0.0000000  0.5144958 -0.1714986  0.0000000  0.0000000  0.1852238  0.0826825 -0.0753638 -0.2485713  0.1519750 -0.3165045  0.1723154  0.0204181  0.3669893  0.5207484  0.1732619  0.0894980 
 0.0000000  0.0000000  0.0000000  0.0000000  0.5144958  0.1714986  0.0000000  0.0000000  0.1322502  0.4306441 -0.0282603  0.2997956 -0.3342790  0.2419566  0.2460544  0.1107998 -0.1424977 -0.0367789 -0.3830657 -0.0275590 
 0.0000000  0.0000000  0.0000000  0.0000000  0.0000000  0.6859943  0.0000000  0.0000000  0.0586632  0.0628653 -0.1009212 -0.0842562 -0.4000914 -0.0237429 -0.3890408  0.0366074  0.2412659  0.1006307  0.3409250 -0.0826970 
 0.0000000  0.0000000  0.0000000  0.0000000  0.0000000  0.6859943  0.0000000  0.0000000 -0.0454198 -0.1498557  0.0891454 -0.0528356  0.5216549 -0.1158724  0.3706061 -0.0592028 -0.1138942  0.0387512 -0.2018431  0.1119613 
 0.0000000  0.0000000  0.0000000  0.0000000  0.0000000  0.0000000  0.6859943  0.0000000 -0.2130580 -0.0062348  0.3314484 -0.1435149 -0.1875822 -0.0940019 -0.1591542 -0.1363677  0.1714815  0.0487754 -0.3473625  0.3363471 
 0.0000000  0.0000000  0.0000000  0.0000000  0.0000000  0.0000000  0.5144958 -0.1714986  0.0866263  0.3403717 -0.0899687  0.1960824  0.3773298 -0.1740879 -0.0580404  0.2579852  0.1172876 -0.2851736  0.1836903 -0.4056486 
 0.0000000  0.0000000  0.0000000  0.0000000  0.0000000  0.0000000  0.5144958  0.1714986  0.1974510 -0.3320586 -0.3519625 -0.0047292 -0.1272202  0.2994238  0.2702460 -0.0761615 -0.3459296  0.2201397  0.2794596 -0.0428142 
 0.0000000  0.0000000  0.0000000  0.0000000  0.0000000  0.0000000  0.0000000  0.6859943  0.1283358 -0.1663120  0.0755125  0.5165611  0.0188566 -0.3628825 -0.1768043 -0.0417420  0.0272678  0.1178183 -0.1273802 -0.1298177 
 0.0000000  0.0000000  0.0000000  0.0000000  0.0000000  0.0000000  0.0000000  0.6859943 -0.1560420  0.3344196 -0.0100140 -0.4663582  0.1072809  0.2445046  0.0947327  0.1252787  0.0885365 -0.2441466  0.1034379  0.0391091 
::::::::::::::
run.009.020
::::::::::::::
 0.5555476 -0.0722543  0.0358213 -0.0297718  0.0000007  0.0000004  0.0000002  0.0000001 -0.0130712 -0.2936447  0.2905245  0.2111262 -0.1061557 -0.1602020  0.0732273 -0.2808793  0.0148458  0.5038739 -0.1522140  0.2648250 
 0.5555464  0.0722548  0.0358206  0.0297719  0.0000001 -0.0000004 -0.0000008 -0.0000008 -0.0130714  0.0926174 -0.0302400  0.0397707 -0.3344841  0.0302645 -0.1308339 -0.1908375 -0.0970204 -0.3251696  0.4296111 -0.4546284 
 0.6186558 -0.0000001 -0.0643338  0.0000000 -0.0000001  0.0000002  0.0000004  0.0000006  0.0234759  0.1805212 -0.2337330 -0.2253031  0.3956901  0.1166826  0.0517300  0.4235966  0.0737922 -0.1604763 -0.2490998  0.1704414 
-0.0000002  0.7008478  0.0000000 -0.0056204  0.0000000  0.0000001  0.0000001  0.0000000  0.0000000  0.3953874 -0.0584388  0.0101783 -0.1727210 -0.1408522  0.2948088 -0.1034362 -0.3788580  0.0463277 -0.1294305  0.1980296 
 0.0000000  0.7059539  0.0000000 -0.0005145 -0.0000001  0.0000000  0.0000000  0.0000000  0.0000000 -0.4320613  0.0908463  0.0074335  0.1948415  0.1203391 -0.2717907  0.0934723  0.3875677  0.0388600  0.0689442 -0.1229609 
 0.0000000  0.0000000  0.7054431  0.0000000  0.0000000  0.0000000  0.0000000  0.0000000  0.0010255  0.0856205 -0.0498512  0.3757506  0.4762712 -0.2695454  0.0395022  0.0014562 -0.0724903 -0.0365471  0.2061449 -0.0347370 
 0.0000000  0.0000000  0.7040206  0.0000000  0.0000000  0.0000000  0.0000000  0.0000001  0.0024478 -0.0590690  0.0153496 -0.4098641 -0.4186553  0.2873639 -0.0319240  0.0612508  0.0835607  0.0128639 -0.2434382  0.0600389 
 0.0000000  0.0000000  0.0000000  0.7064685  0.0000000  0.0000000  0.0000000  0.0000000  0.0000000 -0.0013462  0.5242075 -0.1641759 -0.0305400 -0.2505084  0.0566017  0.3089842 -0.0519552 -0.1103485  0.1304985  0.0698934 
 0.0000000  0.0000000  0.0000000  0.7064685  0.0000000  0.0000000  0.0000000  0.0000000  0.0000000 -0.0121008 -0.5110886  0.1714830  0.0389303  0.2414486 -0.0458551 -0.3135341  0.0539374  0.1456824 -0.1559976 -0.0380885 
 0.0000004  0.0000003 -0.0000004  0.0000001  0.5555883 -0.0722204  0.0358444 -0.0297361 -0.0130779 -0.1729364 -0.1857664 -0.1337644  0.0074643 -0.0146512 -0.1178463  0.3335223 -0.4531814  0.4418483  0.1330957 -0.2402991 
-0.0000003  0.0000000  0.0000002  0.0000006  0.5555844  0.0722213  0.0358447  0.0297362 -0.0130789  0.1296163  0.0196807  0.3778054 -0.2231505  0.2581988  0.3163447  0.1834424  0.3921425 -0.0820380  0.2198504  0.2545923 
-0.0000008 -0.0000001  0.0000001 -0.0000005  0.6185851 -0.0000005 -0.0643881  0.0000001  0.0234929  0.0389094  0.1491713 -0.2191857  0.1937195 -0.2187429 -0.1782815 -0.4643152  0.0548252 -0.3231683 -0.3170006 -0.0128361 
-0.0000001  0.0000001  0.0000000  0.0000000  0.0000000  0.7063399  0.0000000 -0.0001283  0.0000001 -0.3720905 -0.0204508  0.1003001  0.0185666  0.1762969 -0.0520155  0.0028956 -0.4040517 -0.2973464  0.0128940  0.2572471 
 0.0000000 -0.0000001  0.0000000  0.0000001  0.0000001  0.7004657  0.0000001 -0.0060024  0.0000000  0.3440166 -0.0005599 -0.1538865  0.0050551 -0.2059075  0.0076844  0.0125533  0.3202839  0.3538539 -0.0219469 -0.3104301 
 0.0000000  0.0000000  0.0000001  0.0000000  0.0000001 -0.0000002  0.7033019 -0.0000001  0.0031663 -0.0036964  0.1692168 -0.2682295  0.2866890  0.3119670  0.3233647 -0.2614461 -0.0521565  0.0736718  0.2013479 -0.0603308 
 0.0000000  0.0000000  0.0000000  0.0000000  0.0000000 -0.0000001  0.7061522  0.0000000  0.0003163  0.0094282 -0.1465015  0.2347735 -0.2569204 -0.3430156 -0.3483916  0.1918121  0.0600430 -0.1211059 -0.2473548  0.0581906 
 0.0000000  0.0000000 -0.0000001  0.0000000  0.0000000  0.0000000  0.0000000  0.7064685  0.0000000 -0.1980689  0.0447597  0.1458302 -0.0188638 -0.0280970  0.3710307  0.0995271 -0.0380468 -0.1015385 -0.3373285 -0.4051398 
 0.0000000  0.0000000  0.0000000  0.0000000  0.0000000 -0.0000001  0.0000000  0.7064685  0.0000000  0.1881894 -0.0534155 -0.1686519  0.0286163  0.0148949 -0.3892506 -0.0931035  0.0051138  0.1265418  0.3334935  0.3817177 
 0.0000000  0.0000000  0.0000000  0.0000000  0.0000000  0.0000000  0.0000000  0.0000000  0.7064687  0.2575712  0.3158858  0.2557108  0.0556571  0.3518189 -0.2641642  0.0458202 -0.1404111  0.0810462 -0.1735725 -0.1192460 
