 0.7079947 -0.0014652 -0.1856451 -0.0000382  0.0386089  0.0000714  0.0018172 -0.0002936  0.0047586  0.0001642 -0.0005047  0.0000270 -0.0000318 -0.0335697 -0.1178136 -0.4639512  0.3583172 -0.3044709  0.0765035  0.0745385 
 0.7062169  0.0006306  0.1853416 -0.0003001 -0.0390715  0.0001214 -0.0017677  0.0002859 -0.0047759 -0.0001648  0.0005064 -0.0000273  0.0000321  0.0335020  0.1176202  0.4651422 -0.3592338  0.3057510 -0.0769404 -0.0747408 
-0.0000358  0.7071685 -0.1733232 -0.0017173 -0.0411737 -0.0003270  0.0146773 -0.0004634 -0.0002088 -0.0001873  0.0002127 -0.0002519  0.0002378 -0.2784661 -0.3560424 -0.1354175  0.0314002  0.4622267 -0.1747861 -0.0109711 
 0.0008731  0.7070432  0.1726250  0.0017549  0.0414620  0.0002649 -0.0147129  0.0004701  0.0002233  0.0001877 -0.0002142  0.0002520 -0.0002379  0.2783992  0.3558547  0.1340973 -0.0303476 -0.4631734  0.1750855  0.0111515 
 0.0004152  0.0001356  0.9334579 -0.0000376  0.0000743 -0.0001120  0.0061614 -0.0002859  0.0018149 -0.0000039 -0.0001216 -0.0000825  0.0000754 -0.1162342 -0.1789170 -0.2344292  0.1542137  0.0502448 -0.0343534  0.0254854 
 0.0000300  0.0000265 -0.0006450  0.7067611 -0.2318865 -0.0000172 -0.0021723 -0.0000143  0.0002899  0.0003012  0.0003363  0.0000894 -0.0001479  0.4433152 -0.3120649  0.2079678  0.2993938  0.0448606 -0.0026638 -0.1337619 
 0.0003055 -0.0000636 -0.0000864  0.7074479  0.2311927 -0.0000253  0.0021996  0.0000082 -0.0002917 -0.0003018 -0.0003347 -0.0000906  0.0001490 -0.4443021  0.3101290 -0.2083077 -0.2990798 -0.0424236  0.0018038  0.1335439 
 0.0001664 -0.0001026 -0.0000887  0.0001889  0.9414600 -0.0000062  0.0000692 -0.0000271 -0.0002703  0.0001183  0.0002255  0.0000199 -0.0000495  0.1966318 -0.1745132  0.1288942  0.1203014  0.0872724 -0.0227634 -0.0728910 
-0.0000366 -0.0000215  0.0000089 -0.0000173 -0.0000387  0.7072629 -0.2353299 -0.0000147  0.0000414  0.0000004  0.0000089  0.0000123  0.0000063 -0.0415577  0.3423215 -0.0589983  0.2916212  0.3027042  0.2636176 -0.2753911 
-0.0001564  0.0000838 -0.0000189  0.0000584  0.0000179  0.7069505  0.2354248  0.0000094 -0.0000374 -0.0000005 -0.0000088 -0.0000125 -0.0000060  0.0413170 -0.3428103  0.0588422 -0.2916790 -0.3024687 -0.2638845  0.2755155 
 0.0000002  0.0000018  0.0000028  0.0000129 -0.0000170  0.0000169  0.9427137  0.0000106 -0.0000017  0.0000068  0.0000021  0.0000149 -0.0000054 -0.0090811  0.1823483 -0.0209665  0.1436831  0.1377022  0.1370849 -0.1382709 
 0.0000002  0.0000003  0.0000000  0.0000022  0.0000027  0.0000047  0.0000011  0.7071179 -0.2356725 -0.0000018 -0.0000044 -0.0000002 -0.0000004  0.3865115  0.0790749 -0.3050865 -0.1875808  0.2614639  0.0976222  0.2874735 
 0.0000077 -0.0000078 -0.0000030  0.0000017  0.0000032  0.0000002  0.0000001  0.7070952  0.2356832  0.0000017  0.0000042 -0.0000002  0.0000007 -0.3869458 -0.0797239  0.3044529  0.1880060 -0.2610784 -0.0978014 -0.2874404 
 0.0000013  0.0000015  0.0000006 -0.0000004  0.0000008 -0.0000016 -0.0000003  0.0000009  0.9427952 -0.0000028  0.0000031 -0.0000003  0.0000001  0.1935684  0.0411815 -0.1473704 -0.0979736  0.1337980  0.0480347  0.1429910 
 0.0000000  0.0000001  0.0000000  0.0000001  0.0000000  0.0000000  0.0000001  0.0000000  0.0000000  0.7071065 -0.2357017 -0.0000002  0.0000002 -0.0426756 -0.2786321 -0.0531485 -0.2735458 -0.0574942  0.4879654 -0.2142902 
 0.0000000  0.0000000  0.0000000 -0.0000002  0.0000000  0.0000000  0.0000000  0.0000000  0.0000000  0.7071069  0.2357016  0.0000000  0.0000001  0.0421345  0.2787897  0.0530910  0.2731175  0.0578300 -0.4880890  0.2143795 
 0.0000000  0.0000000  0.0000000  0.0000000  0.0000000  0.0000000  0.0000000  0.0000000  0.0000000  0.0000000  0.9428089  0.0000000  0.0000000 -0.0214866 -0.1390864 -0.0272073 -0.1365238 -0.0294172  0.2441726 -0.1069587 
 0.0000000  0.0000000  0.0000000  0.0000000  0.0000000  0.0000000  0.0000000  0.0000000  0.0000000  0.0000000  0.0000000  0.7071066  0.2357024  0.1525572  0.0510957 -0.2604735 -0.1936492 -0.0582197 -0.3055779 -0.4652379 
 0.0000000  0.0000000  0.0000000  0.0000000  0.0000000  0.0000000  0.0000000  0.0000000  0.0000000  0.0000000  0.0000000  0.7071069 -0.2357021 -0.1528834 -0.0512930  0.2603315  0.1935686  0.0585517  0.3054325  0.4652757 
 0.0000000  0.0000000  0.0000000  0.0000000  0.0000000  0.0000000  0.0000000  0.0000000  0.0000000  0.0000000  0.0000000  0.0000000  0.9428090 -0.0760616 -0.0255217  0.1303291  0.0968982  0.0289502  0.1528443  0.2325942 
