 0.3535534  0.0000000 -0.4612965  0.1588355  0.0981553 -0.2706881 -0.5274687 -0.0419354  0.1659967 -0.3802128 -0.1341470 -0.0125437  0.0218100  0.2058661 -0.1079269  0.1712142 
 0.3535534  0.0000000  0.1486328  0.1573438 -0.3725190  0.3934560 -0.1981843  0.1832021  0.3448754  0.2889349  0.0117876 -0.2590196  0.4264041  0.0292349 -0.0831037 -0.0499927 
 0.3535534  0.0000000  0.0823814 -0.2026325  0.0431453  0.3278714  0.0288380 -0.0239540  0.1268876 -0.0865517  0.0794788  0.3632918 -0.1483891  0.0023062  0.5955439  0.4216635 
 0.3535534  0.0000000  0.2258791 -0.1343167 -0.1730554  0.0976567 -0.2226342 -0.5071657 -0.6160851 -0.0464458  0.0175257 -0.2513991 -0.0847042 -0.0506709 -0.0612508 -0.0308033 
 0.3535534  0.0000000 -0.2275933  0.0280842  0.4361714 -0.0479637  0.1754948 -0.1162008  0.0362110  0.2288819 -0.2995769 -0.0436411  0.1656572 -0.6100393  0.0796618 -0.1851491 
 0.3535534  0.0000000 -0.0718760  0.2699334 -0.2131193 -0.3750630  0.3051844  0.3265096 -0.4083811  0.2567752 -0.1201271  0.1784585  0.0719889  0.3119092  0.1715451 -0.0157361 
 0.3535534  0.0000000  0.4528111  0.1685983  0.2586241 -0.3045672  0.0725577 -0.0100832  0.2888645  0.1347965  0.3672083 -0.0455921 -0.3769921 -0.0036926 -0.2946059  0.0951851 
 0.3535534  0.0000000 -0.1489387 -0.4458461 -0.0774024  0.1792979  0.3662124  0.1896275  0.0616311 -0.3961781  0.0778506  0.0704455 -0.0757748  0.1150864 -0.2998635 -0.4063816 
 0.0000000  0.3535534  0.3832362 -0.2395224  0.2781840  0.0060449  0.0076683  0.2184964 -0.1213690 -0.1026981 -0.4536494  0.0300317  0.2802922  0.1047369 -0.2911838  0.3731463 
 0.0000000  0.3535534 -0.1284861  0.2763798  0.3337446  0.4250039 -0.0066755  0.1779920 -0.1078991  0.0631340 -0.1077243 -0.3631895 -0.4217697  0.2779552  0.1361894 -0.1597824 
 0.0000000  0.3535534 -0.0637986  0.3412048 -0.3081998  0.1209923  0.3080106 -0.5044096  0.2159377 -0.0287309 -0.2862026  0.3046724 -0.1262312  0.0316629 -0.2289554  0.0635141 
 0.0000000  0.3535534  0.3695021  0.1331754  0.0653265 -0.2268640 -0.0865754 -0.1082526  0.1217484 -0.3464043  0.0538652  0.0448317  0.2771779  0.0573919  0.4236928 -0.4964038 
 0.0000000  0.3535534 -0.2400531 -0.4686553 -0.0523184 -0.2934256  0.1618458 -0.2582488  0.2161051  0.3148700  0.1130236 -0.3782965  0.0761637  0.2556608  0.1645815  0.1266367 
 0.0000000  0.3535534 -0.1620643 -0.1072687  0.1775684  0.1247785 -0.3338840 -0.0120342 -0.1644972  0.3690473  0.3597168  0.5395247  0.1209771  0.0539825 -0.2080011 -0.1842626 
 0.0000000  0.3535534  0.0274015 -0.1784964 -0.4298812 -0.1929641 -0.2775624  0.3432015  0.0385787  0.0413548 -0.1817608  0.0091175 -0.4327171 -0.4427080  0.0513704 -0.0577503 
 0.0000000  0.3535534 -0.1857377  0.2431828 -0.0644242  0.0364341  0.2271725  0.1432554 -0.1986046 -0.3105726  0.5027315 -0.1866920  0.2261071 -0.3386822 -0.0476938  0.3349021 
