 0.7071068  0.0000000  0.0000000  0.0000000  0.0000000  0.0000000  0.0000000  0.0000000  0.0000000  0.0000000  0.0000000  0.0000000 -0.1578563 -0.0510305  0.0200933 -0.0822762 -0.1526150 -0.1335997  0.4450920 -0.1218143 -0.1080728  0.2130702  0.3319898  0.2095768 
 0.7071068  0.0000000  0.0000000  0.0000000  0.0000000  0.0000000  0.0000000  0.0000000  0.0000000  0.0000000  0.0000000  0.0000000  0.1578563  0.0510305 -0.0200933  0.0822762  0.1526150  0.1335997 -0.4450920  0.1218143  0.1080728 -0.2130702 -0.3319898 -0.2095768 
 0.0000000  0.7071068  0.0000000  0.0000000  0.0000000  0.0000000  0.0000000  0.0000000  0.0000000  0.0000000  0.0000000  0.0000000 -0.3585759 -0.1246060  0.0395099 -0.0162157 -0.0869014  0.1416597  0.0082320 -0.1482700 -0.0588182  0.3451598 -0.2847822 -0.3173418 
 0.0000000  0.7071068  0.0000000  0.0000000  0.0000000  0.0000000  0.0000000  0.0000000  0.0000000  0.0000000  0.0000000  0.0000000  0.3585759  0.1246060 -0.0395099  0.0162157  0.0869014 -0.1416597 -0.0082320  0.1482700  0.0588182 -0.3451598  0.2847822  0.3173418 
 0.0000000  0.0000000  0.7071068  0.0000000  0.0000000  0.0000000  0.0000000  0.0000000  0.0000000  0.0000000  0.0000000  0.0000000 -0.1013813 -0.0234280  0.4745846  0.2992555 -0.1024503 -0.2336419 -0.0669622 -0.2359549  0.0429293 -0.2028931  0.0417486 -0.0662860 
 0.0000000  0.0000000  0.7071068  0.0000000  0.0000000  0.0000000  0.0000000  0.0000000  0.0000000  0.0000000  0.0000000  0.0000000  0.1013813  0.0234280 -0.4745846 -0.2992555  0.1024503  0.2336419  0.0669622  0.2359549 -0.0429293  0.2028931 -0.0417486  0.0662860 
 0.0000000  0.0000000  0.0000000  0.7071068  0.0000000  0.0000000  0.0000000  0.0000000  0.0000000  0.0000000  0.0000000  0.0000000 -0.0279724 -0.2313186 -0.0365397 -0.0711087 -0.0682750  0.0375204 -0.3970600 -0.0379156 -0.4098429  0.0094617  0.3233150 -0.0395081 
 0.0000000  0.0000000  0.0000000  0.7071068  0.0000000  0.0000000  0.0000000  0.0000000  0.0000000  0.0000000  0.0000000  0.0000000  0.0279724  0.2313186  0.0365397  0.0711087  0.0682750 -0.0375204  0.3970600  0.0379156  0.4098429 -0.0094617 -0.3233150  0.0395081 
 0.0000000  0.0000000  0.0000000  0.0000000  0.7071068  0.0000000  0.0000000  0.0000000  0.0000000  0.0000000  0.0000000  0.0000000 -0.4026312 -0.2925906 -0.1312234  0.1367835  0.0717105 -0.1202472 -0.0024269  0.3700752  0.1689110 -0.1606739  0.0639137  0.0367998 
 0.0000000  0.0000000  0.0000000  0.0000000  0.7071068  0.0000000  0.0000000  0.0000000  0.0000000  0.0000000  0.0000000  0.0000000  0.4026312  0.2925906  0.1312234 -0.1367835 -0.0717105  0.1202472  0.0024269 -0.3700752 -0.1689110  0.1606739 -0.0639137 -0.0367998 
 0.0000000  0.0000000  0.0000000  0.0000000  0.0000000  0.7071068  0.0000000  0.0000000  0.0000000  0.0000000  0.0000000  0.0000000  0.0908555 -0.1806871  0.1220270 -0.0812784 -0.3504972  0.4207985  0.1834790  0.0931541  0.0588001 -0.2714191  0.0553451 -0.1230850 
 0.0000000  0.0000000  0.0000000  0.0000000  0.0000000  0.7071068  0.0000000  0.0000000  0.0000000  0.0000000  0.0000000  0.0000000 -0.0908555  0.1806871 -0.1220270  0.0812784  0.3504972 -0.4207985 -0.1834790 -0.0931541 -0.0588001  0.2714191 -0.0553451  0.1230850 
 0.0000000  0.0000000  0.0000000  0.0000000  0.0000000  0.0000000  0.7071068  0.0000000  0.0000000  0.0000000  0.0000000  0.0000000  0.0033947  0.2329168  0.0705501  0.2113143 -0.4024085  0.0187580 -0.1801324  0.3118118  0.0184041  0.2706822 -0.0137242  0.1742196 
 0.0000000  0.0000000  0.0000000  0.0000000  0.0000000  0.0000000  0.7071068  0.0000000  0.0000000  0.0000000  0.0000000  0.0000000 -0.0033947 -0.2329168 -0.0705501 -0.2113143  0.4024085 -0.0187580  0.1801324 -0.3118118 -0.0184041 -0.2706822  0.0137242 -0.1742196 
 0.0000000  0.0000000  0.0000000  0.0000000  0.0000000  0.0000000  0.0000000  0.7071068  0.0000000  0.0000000  0.0000000  0.0000000 -0.2523596  0.0644889  0.0550666 -0.0185991  0.1154706  0.3625419 -0.1678939 -0.2325804  0.1560140 -0.0287233  0.0251480  0.4194373 
 0.0000000  0.0000000  0.0000000  0.0000000  0.0000000  0.0000000  0.0000000  0.7071068  0.0000000  0.0000000  0.0000000  0.0000000  0.2523596 -0.0644889 -0.0550666  0.0185991 -0.1154706 -0.3625419  0.1678939  0.2325804 -0.1560140  0.0287233 -0.0251480 -0.4194373 
 0.0000000  0.0000000  0.0000000  0.0000000  0.0000000  0.0000000  0.0000000  0.0000000  0.7071068  0.0000000  0.0000000  0.0000000  0.2844615 -0.4280477  0.0394311  0.3197121  0.1142410  0.0844521  0.0757650 -0.0129501 -0.0519333  0.1974623 -0.1474121  0.2063402 
 0.0000000  0.0000000  0.0000000  0.0000000  0.0000000  0.0000000  0.0000000  0.0000000  0.7071068  0.0000000  0.0000000  0.0000000 -0.2844615  0.4280477 -0.0394311 -0.3197121 -0.1142410 -0.0844521 -0.0757650  0.0129501  0.0519333 -0.1974623  0.1474121 -0.2063402 
 0.0000000  0.0000000  0.0000000  0.0000000  0.0000000  0.0000000  0.0000000  0.0000000  0.0000000  0.7071068  0.0000000  0.0000000 -0.0032348  0.0462907  0.4562669 -0.1683072  0.3253457  0.1179784  0.0454133  0.3174221 -0.0700281  0.1502631  0.0969440 -0.0432550 
 0.0000000  0.0000000  0.0000000  0.0000000  0.0000000  0.0000000  0.0000000  0.0000000  0.0000000  0.7071068  0.0000000  0.0000000  0.0032348 -0.0462907 -0.4562669  0.1683072 -0.3253457 -0.1179784 -0.0454133 -0.3174221  0.0700281 -0.1502631 -0.0969440  0.0432550 
 0.0000000  0.0000000  0.0000000  0.0000000  0.0000000  0.0000000  0.0000000  0.0000000  0.0000000  0.0000000  0.7071068  0.0000000 -0.0457502 -0.1169661  0.1262735 -0.3317125 -0.1436589 -0.1956486 -0.0151072  0.0605695 -0.2067050 -0.1421577 -0.3883497  0.2858029 
 0.0000000  0.0000000  0.0000000  0.0000000  0.0000000  0.0000000  0.0000000  0.0000000  0.0000000  0.0000000  0.7071068  0.0000000  0.0457502  0.1169661 -0.1262735  0.3317125  0.1436589  0.1956486  0.0151072 -0.0605695  0.2067050  0.1421577  0.3883497 -0.2858029 
 0.0000000  0.0000000  0.0000000  0.0000000  0.0000000  0.0000000  0.0000000  0.0000000  0.0000000  0.0000000  0.0000000  0.7071068 -0.1354943  0.2282481 -0.0753021  0.2957457  0.1058480  0.1530967  0.1932546  0.0672181 -0.4561263 -0.1971122 -0.1117746  0.0224094 
 0.0000000  0.0000000  0.0000000  0.0000000  0.0000000  0.0000000  0.0000000  0.0000000  0.0000000  0.0000000  0.0000000  0.7071068  0.1354943 -0.2282481  0.0753021 -0.2957457 -0.1058480 -0.1530967 -0.1932546 -0.0672181  0.4561263  0.1971122  0.1117746 -0.0224094 
