 0.3162278  0.0000000  0.0640272  0.2275307  0.0971000 -0.2356586 -0.2117458 -0.4532932  0.1080663  0.5182521 -0.0354093  0.1428591  0.2669463  0.0865018  0.1651030  0.0796317 -0.2376537 -0.0991451  0.1887101 -0.1125440 
 0.3162278  0.0000000  0.3602759 -0.1243306 -0.0052283 -0.0946597 -0.1638066  0.3739479 -0.1235904  0.0274004  0.4215777 -0.0819781  0.1089405 -0.1115959  0.3964676  0.1610893  0.1109222 -0.0489958 -0.3139589 -0.2405820 
 0.3162278  0.0000000  0.2345281  0.2486476 -0.4390554  0.2369071  0.2676434 -0.4020057  0.0729919 -0.2209195  0.1356751 -0.1301081 -0.2777548  0.1287562  0.2216776 -0.0380276  0.1468228  0.1901007  0.0936028  0.0282132 
 0.3162278  0.0000000 -0.0213322 -0.1963533  0.2740388  0.2522062  0.2188569  0.0789631  0.1279785  0.0319818 -0.3646950  0.1723576 -0.0265378 -0.0911655  0.2687010  0.0747389 -0.3291668  0.3812495 -0.2841907  0.2584045 
 0.3162278  0.0000000  0.2392103  0.1006658 -0.2871739  0.1433686 -0.2758284  0.1346667 -0.2445792 -0.0765810 -0.3141292  0.3573433 -0.1861203 -0.3156665 -0.3703649 -0.0537496 -0.1505465 -0.1604597  0.0258596 -0.1411538 
 0.3162278  0.0000000 -0.2777660 -0.3116757 -0.1523305 -0.1125295  0.0764169 -0.1233977 -0.0509315 -0.2065603  0.0785900 -0.3918710  0.2160381 -0.0230308 -0.3672778  0.2890984 -0.3001308  0.1754263  0.0287840 -0.2764320 
 0.3162278  0.0000000 -0.1233243 -0.0286061  0.3119280 -0.0270811 -0.2226444  0.0691230 -0.3888003 -0.0341943 -0.1277065 -0.3745466 -0.3402273  0.1090111  0.1318886  0.1029905  0.1030722 -0.1800720  0.3451930  0.3237517 
 0.3162278  0.0000000 -0.3096068  0.1307714  0.0784532  0.2255872  0.0429082  0.1518568 -0.0667759  0.0075922  0.3705187  0.0752696  0.1007905  0.2825132 -0.1244205 -0.6110960 -0.2074930 -0.1437166 -0.1147142  0.0432636 
 0.3162278  0.0000000  0.1852483  0.0487093 -0.1187637 -0.2722208  0.1320463  0.2266623  0.2777116 -0.0971469 -0.1506010  0.0239144  0.4009943  0.1756658 -0.2626276  0.0537839  0.3255698 -0.1008165  0.0175318  0.4652825 
 0.3162278  0.0000000 -0.3512606 -0.0953590  0.2410317 -0.1159193  0.1361536 -0.0565232  0.2879289  0.0501757 -0.0138206  0.2067598 -0.2630695 -0.2409893 -0.0591470 -0.0584594  0.5386038 -0.0135708  0.0131825 -0.3482036 
 0.0000000  0.3162278  0.0390304  0.2596318  0.2079956 -0.2163453 -0.1041139  0.0430043 -0.2929428 -0.1348590  0.0563048  0.2867507 -0.0613036  0.4067371 -0.1734330  0.1373951  0.1043965  0.5397313 -0.0515238 -0.1260951 
 0.0000000  0.3162278  0.1875261  0.0542029  0.2858795 -0.2145312  0.3126786 -0.3502049 -0.1286593 -0.2088278  0.0207063 -0.0227772 -0.1243412 -0.0719826 -0.1237476  0.0375730 -0.1273951 -0.4575210 -0.4318708  0.0564734 
 0.0000000  0.3162278  0.2375876 -0.5453415 -0.1198903  0.0014515  0.1102614  0.0929054  0.1772187  0.3457712  0.1442521  0.1217210 -0.3645181  0.3330729 -0.1579416  0.0162730 -0.1158432 -0.0795496  0.1879832  0.0171560 
 0.0000000  0.3162278 -0.1681863 -0.0003340 -0.3017164 -0.2050904 -0.4051373 -0.0654250  0.1270985  0.2011292 -0.2055617 -0.3382611 -0.1610697 -0.0351404  0.0161590 -0.2690434  0.0845719  0.1579073 -0.4593169  0.1184723 
 0.0000000  0.3162278  0.1910396  0.0825444  0.2947940  0.5847131 -0.2027985 -0.1216265  0.1480117  0.1436616  0.1957298 -0.2072534  0.1813101 -0.2188339 -0.3160592  0.1158214  0.1903445  0.0986910  0.0236873  0.0869786 
 0.0000000  0.3162278 -0.3365793  0.2730040 -0.2820149  0.1806846  0.3861295  0.2466297 -0.2610113  0.3876738 -0.0895445 -0.0072656  0.0755284 -0.0090105  0.0747642  0.3385987  0.0811584 -0.1632232 -0.0581012 -0.0310492 
 0.0000000  0.3162278  0.1356406  0.3021360  0.0984145 -0.2898446  0.2198828  0.3142887  0.2095950 -0.0311928  0.0456074 -0.2224489 -0.0867652 -0.3736846  0.0390406 -0.2373733 -0.2867520  0.1626569  0.3677692 -0.0636477 
 0.0000000  0.3162278 -0.2850370 -0.1883987 -0.1864704 -0.0986585 -0.1673546 -0.1633569 -0.0711824 -0.2121008  0.3569733  0.3853468  0.0945618 -0.3390065  0.1821199  0.0847115 -0.0287875  0.0248506  0.1615294  0.4078446 
 0.0000000  0.3162278 -0.1358824  0.0953705  0.0068030  0.1881094 -0.2707719  0.1295233  0.4201655 -0.4184860 -0.1979868  0.0390650  0.0375803  0.2982466  0.2474925  0.1831934 -0.1246198 -0.3011090  0.0687759 -0.2416989 
 0.0000000  0.3162278  0.1348608 -0.3328154 -0.0037946  0.0695113  0.1212238 -0.1257381 -0.3282936 -0.0727693 -0.3264808 -0.0348774  0.4090172  0.0096019  0.2116052 -0.4071493  0.2229264  0.0175658  0.1910677 -0.2244340 
