-0.7315625  0.1873142 -0.0457078  0.0117686 -0.0010747  0.0083682  0.0013211  0.0011913  0.0003262 -0.0002573  0.0004278 -0.6159000 -0.2193046 
 0.6817233  0.2008693 -0.0489993  0.0126295 -0.0131323  0.0082953  0.0013938  0.0013988  0.0003399 -0.0002799  0.0004586 -0.6600411 -0.2375807 
 0.0000741  0.9615251  0.0188564 -0.0049078 -0.0010006 -0.0018735 -0.0001793 -0.0006428 -0.0001005  0.0001157 -0.0001785  0.2564619  0.0964995 
-0.0000309  0.0002764  0.9975739  0.0012429 -0.0000881  0.0002838  0.0001948  0.0001333  0.0000315 -0.0000278  0.0000455 -0.0655396 -0.0234338 
-0.0000030 -0.0000202  0.0000097  0.9998378 -0.0000408 -0.0000154  0.0000066 -0.0000229 -0.0000187  0.0000056 -0.0000119  0.0172169  0.0052922 
-0.0045065 -0.0058421  0.0004294  0.0003868 -0.7006283  0.1922154  0.0618629 -0.0189563  0.0053102  0.0010680  0.0001052 -0.2227990  0.6467328 
-0.0070213  0.0004090  0.0003999 -0.0006808 -0.7134038 -0.1883030 -0.0605024  0.0186580 -0.0052218 -0.0010437 -0.0001122  0.2316101 -0.6307667 
 0.0000114 -0.0002414  0.0005545 -0.0004153  0.0004689  0.9630435 -0.0240560  0.0074132 -0.0020877 -0.0004123 -0.0000510  0.1013156 -0.2482809 
-0.0001300  0.0000254 -0.0000515 -0.0001165  0.0002120 -0.0001403  0.9959568  0.0024751 -0.0006983 -0.0001390 -0.0000158  0.0321556 -0.0838409 
 0.0000362  0.0000028  0.0000012 -0.0000113 -0.0000444  0.0000047 -0.0000112 -0.9996138 -0.0002134 -0.0000439 -0.0000032  0.0075474 -0.0267458 
-0.0000059 -0.0000001  0.0000029  0.0000035  0.0000010  0.0000007 -0.0000001  0.0000011  0.9999697 -0.0000118 -0.0000016  0.0030816 -0.0071480 
 0.0000000 -0.0000002  0.0000002  0.0000002  0.0000001 -0.0000001  0.0000000  0.0000000 -0.0000001  0.9999987  0.0000000  0.0001514 -0.0015991 
 0.0000000  0.0000000  0.0000000  0.0000000  0.0000000  0.0000000  0.0000000  0.0000000  0.0000000  0.0000000 -0.9999998 -0.0006703 -0.0000682 
