 0.5313528 -0.1035374 -0.0423392  0.0285517 -0.0000001  0.0000000  0.0000000  0.0000000 -0.0011225  0.2188547 -0.0942019 -0.0456534 -0.2109940 -0.2243298 -0.5190181 -0.3859934  0.0288892 -0.3625354 
 0.5313530  0.1035373  0.0423392  0.0285518  0.0000000 -0.0000001  0.0000000  0.0000000 -0.0650185 -0.1899017  0.3392671 -0.1569695 -0.1024847 -0.3901371  0.1907532  0.5018158  0.2594189  0.0780411 
 0.6597940  0.0000000  0.0000000 -0.0459872  0.0000000  0.0000000  0.0000000  0.0000000  0.0532655 -0.0233168 -0.1973588  0.1631786  0.2524543  0.4948495  0.2643619 -0.0932756 -0.2321836  0.2291122 
 0.0000000  0.6931326 -0.0126488  0.0000000  0.0000000  0.0000000  0.0000000  0.0000000  0.1313614 -0.1416540  0.0176794 -0.5478179  0.0373857  0.1012957 -0.2354546 -0.2143062 -0.0236469  0.2609307 
 0.0000000  0.7057813 -0.0000001  0.0000000  0.0000000  0.0000000  0.0000000  0.0000000 -0.1196337  0.1990795 -0.0809520  0.5543301 -0.0526338 -0.0751566  0.1271122  0.0802248 -0.0105953 -0.3208865 
 0.0000000  0.0000000  0.7057814  0.0000000  0.0000000  0.0000000  0.0000000  0.0000000 -0.1096538 -0.1951511 -0.1671603  0.1905081  0.3573953 -0.1256471 -0.1653717 -0.1704894  0.4097964  0.1402238 
 0.0000000  0.0000000  0.7057814  0.0000000  0.0000000  0.0000000  0.0000000  0.0000000  0.1158411  0.2171333  0.1414737 -0.1936481 -0.3632346  0.1374090  0.1185734  0.1133898 -0.4240495 -0.1619773 
 0.0000000  0.0000000  0.0000000  0.7057814  0.0000000  0.0000000  0.0000000  0.0000000  0.2674320  0.1912977 -0.3897115 -0.0266191  0.1812307 -0.2880948 -0.0530214  0.2375566 -0.2056643  0.1542365 
 0.0000000  0.0000000  0.0000000  0.7057814  0.0000000  0.0000000  0.0000000  0.0000000 -0.2612856 -0.1939883  0.3669381  0.0454484 -0.1520998  0.3451958  0.0835263 -0.2483198  0.1788724 -0.1277991 
 0.0000001  0.0000000  0.0000000  0.0000000  0.5313529 -0.1035375 -0.0423390  0.0285518 -0.4345693  0.4201696 -0.2702431 -0.1686111 -0.1986144  0.2024940 -0.0326148  0.1849201  0.2795777  0.2088250 
 0.0000000  0.0000000  0.0000000  0.0000000  0.5313532  0.1035374  0.0423390  0.0285518  0.5482777 -0.1800759  0.1106555  0.1184951  0.0823870  0.2961906 -0.2761706  0.2739984  0.1644074 -0.2685573 
 0.0000000  0.0000000  0.0000000  0.0000000  0.6597938  0.0000001  0.0000000 -0.0459873 -0.0915732 -0.1933550  0.1285210  0.0403599  0.0936016 -0.4016067  0.2486747 -0.3695818 -0.3575554  0.0481043 
 0.0000000  0.0000000  0.0000000  0.0000000  0.0000000  0.6931325 -0.0126489  0.0000000  0.0853824  0.4951263  0.3841088  0.0739753  0.1655261 -0.0355810 -0.0061103 -0.1149024  0.0886974  0.2533439 
 0.0000000  0.0000000  0.0000000  0.0000000  0.0000000  0.7057814  0.0000000  0.0000000 -0.2280349 -0.3981973 -0.4331024 -0.1147678 -0.2037823  0.0211982  0.0417302  0.0997756 -0.0702123 -0.1787720 
 0.0000000  0.0000000  0.0000000  0.0000000  0.0000000  0.0000000  0.7057814  0.0000000 -0.3411992 -0.0596141  0.1617509  0.1060732  0.1435035  0.0467476 -0.3991503  0.2226384 -0.3186425  0.1062380 
 0.0000000  0.0000000  0.0000000  0.0000000  0.0000000  0.0000000  0.7057814  0.0000000  0.2837695  0.1044956 -0.1777167 -0.1219706 -0.1573939 -0.0530060  0.4136515 -0.2300413  0.3271410 -0.0730600 
 0.0000000  0.0000000  0.0000000  0.0000000  0.0000000  0.0000000  0.0000000  0.7057814  0.1396313 -0.1367572 -0.0145410  0.2971275 -0.4373639 -0.0552011 -0.1076413 -0.0746685 -0.0200812  0.4040759 
 0.0000000  0.0000000  0.0000000  0.0000000  0.0000000  0.0000000  0.0000000  0.7057814 -0.1501980  0.1144458  0.0293712 -0.2924703  0.4481647  0.0088594  0.1363361  0.0320221 -0.0211775 -0.3985251 
