 0.4472136  0.0000000  0.0000000  0.0000000 -0.2774881  0.1921511  0.0523035  0.1998308 -0.2609656  0.0403589 -0.0286440 -0.2159254 -0.0991172  0.3935805 -0.2453540  0.0132685 -0.0905740 -0.4696905 -0.2010968 -0.1785413 
 0.4472136  0.0000000  0.0000000  0.0000000  0.1486191 -0.0422562  0.1043934 -0.1063971  0.1145350  0.0472057 -0.0174907 -0.0750166  0.0858332 -0.1817933  0.5234652 -0.3256995  0.4119853 -0.2126846  0.1219860 -0.2868259 
 0.4472136  0.0000000  0.0000000  0.0000000  0.1421343  0.3558756 -0.1949426 -0.3054166 -0.0892018 -0.2526172  0.2713191  0.0900713  0.2128458  0.0084397 -0.0030792  0.3399780  0.1515961  0.1262800 -0.0704647  0.4043597 
 0.4472136  0.0000000  0.0000000  0.0000000  0.1349961 -0.4888067 -0.2146295  0.1821830  0.0859487 -0.3189062 -0.0288238 -0.1307397 -0.1710153 -0.3441020 -0.3451271 -0.0892193 -0.1684491  0.1749649 -0.0376573 -0.0380057 
 0.4472136  0.0000000  0.0000000  0.0000000 -0.1482614 -0.0169637  0.2528751  0.0298000  0.1496837  0.4839588 -0.1963606  0.3316104 -0.0285465  0.1238752  0.0700951  0.0616723 -0.3045583  0.3811303  0.1872329  0.0990132 
 0.0000000  0.4472136  0.0000000  0.0000000  0.3781102  0.0156975 -0.3756864  0.2526414 -0.0949316  0.2983525 -0.0253123 -0.0584198  0.0752117  0.1000367  0.0308816 -0.2677646 -0.1192031 -0.2180417  0.2141084  0.3922101 
 0.0000000  0.4472136  0.0000000  0.0000000 -0.0095813  0.2479090 -0.0351714 -0.1126040  0.0169473 -0.3607327 -0.3994372  0.0407912  0.0672029  0.2224812 -0.2205454 -0.0645184  0.1370655  0.2476369  0.3689948 -0.3313883 
 0.0000000  0.4472136  0.0000000  0.0000000  0.1399281  0.0078411  0.3638809  0.2991680  0.4918344 -0.1561228  0.0590386  0.1185988  0.0293296  0.0889114  0.0417761  0.1093068  0.0833338 -0.0446666 -0.4867689  0.0792397 
 0.0000000  0.4472136  0.0000000  0.0000000 -0.5412442 -0.0451243 -0.0679712  0.0979186 -0.2778610 -0.1728934  0.2420903  0.2330755 -0.2392655 -0.2892554  0.3264470  0.0610489 -0.0882007 -0.0435373  0.0936177  0.0336039 
 0.0000000  0.4472136  0.0000000  0.0000000  0.0327873 -0.2263233  0.1149481 -0.5371240 -0.1359891  0.3913964  0.1236207 -0.3340457  0.0675213 -0.1221739 -0.1785593  0.1619273 -0.0129954  0.0586086 -0.1899519 -0.1736655 
 0.0000000  0.0000000  0.4472136  0.0000000  0.1664573 -0.2981515 -0.1644165 -0.1624054 -0.0269934 -0.2170411 -0.0046025  0.1291232  0.1943865  0.3493480  0.3551701  0.1598301 -0.4351993 -0.1029764 -0.0658497 -0.2227096 
 0.0000000  0.0000000  0.4472136  0.0000000  0.1103026  0.0530355 -0.1026233  0.2836102  0.0320795  0.2068969 -0.1815863 -0.0979378 -0.2116551 -0.1984810  0.0031494  0.6252193  0.2878962 -0.0781034  0.1817197 -0.1026908 
 0.0000000  0.0000000  0.4472136  0.0000000  0.1019584  0.3677327  0.1373183 -0.3348100  0.1891030 -0.0364752 -0.0038586  0.1269949 -0.3923013 -0.2673991 -0.1774722 -0.2897128 -0.2585434 -0.2390187  0.0021946  0.0733361 
 0.0000000  0.0000000  0.4472136  0.0000000 -0.3420425  0.0511774  0.0439238  0.0805191 -0.0444974 -0.0581500 -0.2761443 -0.4715373  0.2542659 -0.0544323  0.1480545 -0.2324443  0.0408613  0.2801559 -0.1890604  0.3294620 
 0.0000000  0.0000000  0.4472136  0.0000000 -0.0366758 -0.1737940  0.0857977  0.1330861 -0.1496917  0.1047694  0.4661916  0.3133571  0.1553040  0.1709644 -0.3289018 -0.2628922  0.3649852  0.1399426  0.0709959 -0.0773978 
 0.0000000  0.0000000  0.0000000  0.4472136 -0.1382379 -0.1437910 -0.3749160 -0.2095446  0.2110370  0.0737003 -0.0545744  0.0161610 -0.4913860  0.3595694  0.0899559 -0.0763681  0.2826137  0.1174401 -0.1831395  0.1032391 
 0.0000000  0.0000000  0.0000000  0.4472136 -0.2308985  0.0392230  0.0044499  0.0370650  0.4720844 -0.0188840  0.3598626 -0.2887168  0.2570434 -0.0106285 -0.0774694  0.0853812 -0.1802221 -0.1373183  0.4193350 -0.0319558 
 0.0000000  0.0000000  0.0000000  0.4472136  0.3254878 -0.0795944  0.5379491  0.0617661 -0.4060289 -0.1926873  0.0475468 -0.1756810 -0.2456731  0.1103669  0.1096833  0.0357966 -0.0356023  0.1003744  0.1821391  0.1704130 
 0.0000000  0.0000000  0.0000000  0.4472136 -0.1121883 -0.2038365  0.0504688 -0.1163414 -0.1104917 -0.0078353 -0.4261360  0.3816802  0.3545821 -0.2265731 -0.1848276  0.0472762  0.1083861 -0.3629522 -0.0841781  0.1619034 
 0.0000000  0.0000000  0.0000000  0.4472136  0.1558369  0.3879988 -0.2179518  0.2270549 -0.1666009  0.1457063  0.0733010  0.0665566  0.1254337 -0.2327346  0.0626577 -0.0920858 -0.1751754  0.2824560 -0.3341565 -0.4035997 
