 0.5145031 -0.1714849  0.0000000  0.0000000 -0.0000016 -0.0000013  0.0000000  0.0000000  0.0000000  0.1007112 -0.4553404  0.1371115  0.3017028 -0.2175111  0.0393307 -0.0000577 -0.2656335  0.2985179  0.3775810  0.0048661 -0.0007893 -0.1413485  0.0864554 
 0.5144910  0.1714938  0.0000000  0.0000000 -0.0000002  0.0000057  0.0000000  0.0000000  0.0000000 -0.3738102  0.3385869 -0.2742729 -0.1330642  0.0894729  0.0315998 -0.3282234  0.1318423  0.0015256  0.2549621 -0.2854079  0.1770726  0.1497048  0.1556701 
 0.6859900  0.0000000  0.0000000  0.0000000 -0.0000008  0.0000000  0.0000000  0.0000000  0.0000000  0.2048040  0.0879212  0.1030152 -0.1264038  0.0957029 -0.0538509  0.2467326  0.1006689 -0.2241860 -0.4744132  0.2087874 -0.1325241 -0.0066171 -0.1831854 
 0.0000000  0.6859867  0.0000000  0.0000000  0.0000000  0.0000040  0.0000000  0.0000000  0.0000000 -0.2582271 -0.2767324  0.1386319  0.1417263  0.1634906 -0.4711100  0.2585132 -0.0410918 -0.0413148  0.0563877  0.0753336  0.0353982  0.1145198  0.0688049 
 0.0000000  0.6859885  0.0000000  0.0000000  0.0000000  0.0000023  0.0000000  0.0000000  0.0000000  0.3782424  0.0786014 -0.0360848 -0.0342930 -0.2423954  0.4732956 -0.1737338 -0.0547987  0.1135200 -0.0222895 -0.0008003 -0.0790660 -0.1871984 -0.0840639 
 0.0000348 -0.0000012  0.5153397 -0.1692709 -0.0000537 -0.0001217  0.0004658 -0.0000535 -0.0001514  0.0544019  0.4239718  0.1902216  0.1407838  0.1992440 -0.2219585 -0.0976914  0.0160062  0.1516343  0.1441346  0.1898157 -0.2919180 -0.4020601  0.2040254 
-0.0001753  0.0000049  0.5157988  0.1689700  0.0000265  0.0000486  0.0005694  0.0002708  0.0000448  0.3258660  0.0172366 -0.0747336 -0.2010901 -0.3113247 -0.3658292 -0.0996658 -0.1491110  0.1362688 -0.1231253 -0.0588243  0.4259662  0.2647433 -0.0352866 
 0.0000970  0.0000145  0.6843673  0.0000535 -0.0000010  0.0000596 -0.0000224 -0.0009325 -0.0004091 -0.2868441 -0.3326454 -0.0855251  0.0457024  0.0846783  0.4415625  0.1478262  0.1004041 -0.2159897 -0.0171384 -0.1031875 -0.1025901  0.1019679 -0.1292596 
 0.0000179  0.0000086  0.0000144  0.6856221 -0.0000112 -0.0000635  0.0000550  0.0001491  0.0000087 -0.3271350 -0.0052090 -0.0186453 -0.0930370 -0.1853030 -0.0674538 -0.1107086 -0.0456093 -0.1544445 -0.0025409  0.2108788  0.0762441 -0.5087238 -0.1664573 
-0.0000125  0.0000549 -0.0000164  0.6856220 -0.0000488 -0.0001017 -0.0000724  0.0000035  0.0000393  0.2390243  0.1091366  0.1026798  0.1341097  0.3152031  0.1119395  0.1336249  0.0761122  0.2035895  0.0658240 -0.1544987 -0.2548941  0.3407235  0.2147172 
-0.0000001 -0.0000105  0.0000000  0.0000000  0.5145177 -0.1714624  0.0000000  0.0000000  0.0000000  0.2282468  0.0304698  0.1342840 -0.1947453  0.3974863  0.0363608  0.0312654 -0.3165862 -0.3115769  0.3583853 -0.0892860  0.1948078 -0.0802958 -0.2418218 
-0.0000004  0.0000233  0.0000000  0.0000000  0.5144643  0.1715028  0.0000000  0.0000000  0.0000000 -0.0490522 -0.0236394 -0.4653570 -0.1386512 -0.2534917 -0.1467291  0.1489524 -0.2483413 -0.0157828 -0.0796832 -0.0813690 -0.4833133  0.0011483  0.2251820 
-0.0000029  0.0000000  0.0000000  0.0000000  0.6859879  0.0000000  0.0000000  0.0000000  0.0000000 -0.1347240 -0.0055856  0.2514692  0.2493452 -0.1089296  0.0819415 -0.1361517  0.4236752  0.2447971 -0.2103542  0.1234291  0.2150416  0.0582929  0.0126806 
 0.0000000  0.0000029  0.0000000  0.0000000  0.0000000  0.6859879  0.0000000  0.0000000  0.0000000  0.0733905  0.0504815 -0.0832935  0.1283770  0.1979535  0.1112165  0.2831597 -0.0619128  0.0043774 -0.1325008 -0.2075277  0.4096939 -0.3034379  0.2047763 
 0.0000000  0.0000141  0.0000000  0.0000000  0.0000000  0.6859766  0.0000000  0.0000000  0.0000000 -0.0057675 -0.0374068  0.2308164 -0.1419158 -0.0309353 -0.0644513 -0.3150355  0.0404399 -0.0741445  0.2389749  0.2087375 -0.2397353  0.2838651 -0.3230533 
-0.0003570 -0.0010929 -0.0000080  0.0241425  0.0015731  0.0008193  0.5477056 -0.0012371 -0.1077743  0.2198708  0.0446680 -0.4465657  0.3984443  0.0023250 -0.1533271  0.0697727  0.3027791 -0.1037868  0.2124460  0.0647278  0.0157938 -0.0264180 -0.3133643 
 0.0009456  0.0004641  0.0001858  0.0220796 -0.0011055  0.0004670  0.5427690  0.0019145  0.1113670  0.0267152 -0.0890010  0.2285343  0.1244365 -0.0397814  0.0494343 -0.3579453 -0.2058958 -0.4387638 -0.1997619 -0.0001319  0.0039877  0.0737624  0.4513743 
-0.0005053  0.0005438 -0.0009824 -0.0395915 -0.0004312 -0.0010770  0.6367141  0.0018383 -0.0035603 -0.2118066  0.0370243  0.1912015 -0.4488366  0.0306163  0.0891383  0.2454901 -0.0833020  0.4620618 -0.0123530 -0.0597243 -0.0182463 -0.0411003 -0.1159017 
-0.0010883  0.0006714 -0.0028309  0.0007336 -0.0032428  0.0031864 -0.0037853  0.5195354 -0.1508199  0.0432568 -0.0290811  0.2705833  0.0277442 -0.1680737 -0.1915849 -0.0356974  0.1726413 -0.1114612 -0.0537182 -0.6567841 -0.1785483 -0.1753739 -0.1588904 
 0.0000523  0.0034191  0.0000178 -0.0015739  0.0009683 -0.0052262  0.0008689  0.5315269  0.1408242 -0.1062232 -0.0438356 -0.2392696  0.2072800  0.3526006  0.0187779 -0.2888530 -0.3717073  0.2693172 -0.3045874  0.1334767  0.0073389  0.0536126 -0.2277128 
 0.0008017 -0.0032420  0.0029730  0.0005324  0.0017566  0.0016805 -0.0000411  0.6689932  0.0041015  0.0509904  0.0577365 -0.0219024 -0.1840320 -0.1495982  0.1341202  0.2582208  0.1623427 -0.1280356  0.2847309  0.4041930  0.1326021  0.0938470  0.3024826 
-0.0000017 -0.0006703 -0.0002012  0.0003525 -0.0003088  0.0006615  0.0001288  0.0008030  0.6826776  0.1934216 -0.3500727 -0.1361031 -0.2768866  0.1897613 -0.1268463 -0.1517487  0.3764368  0.0645031  0.0369968 -0.0686876 -0.0481625 -0.2028714  0.0907797 
-0.0004669 -0.0001124  0.0000081  0.0000372 -0.0001912  0.0011564  0.0000994 -0.0001872  0.6836122 -0.1330200  0.3734834  0.1383873  0.2813056 -0.2912147  0.0482039  0.2722785 -0.1813234 -0.0863084  0.0782368 -0.0963232  0.0080026  0.1358414 -0.2041963 
