 0.6904022 -0.1693872  0.0430089 -0.0248816  0.0064287 -0.0014557  0.0166670  0.0105544  0.0002653  0.0123012 -0.0004255  0.0018615  0.0048585 -0.0035080 -0.0009120 -0.0001178 -0.3055459 -0.2954276 -0.0801375  0.5518167 
 0.7229481  0.1619459 -0.0415875  0.0146308 -0.0035817  0.0006458 -0.0218192 -0.0122111 -0.0002504  0.0036140  0.0060599  0.0005153 -0.0044642  0.0032609  0.0008607  0.0002028  0.3157865  0.2769051  0.0886271 -0.5140076 
 0.0000360  0.9719118  0.0145263  0.0012412  0.0019632  0.0006894  0.0005909  0.0008034  0.0011835 -0.0008509  0.0004985  0.0002303  0.0016076 -0.0010732 -0.0002373 -0.0000462 -0.1051947 -0.1096448 -0.0418703  0.1741330 
 0.0003457 -0.0000822  0.9980964 -0.0000453  0.0000460  0.0000593  0.0001216 -0.0000171  0.0000068  0.0000841 -0.0000399 -0.0001753 -0.0004457  0.0002961  0.0000822  0.0000207  0.0294727  0.0262275  0.0061757 -0.0469935 
 0.0103639 -0.0143462  0.0000767  0.6901134 -0.1884089  0.0538180  0.0106742  0.0123679 -0.0022060  0.0039515  0.0028718  0.0009451 -0.0064543  0.0002614  0.0016522  0.0004682  0.0629420  0.0122250 -0.6918698 -0.0435878 
-0.0011860  0.0031278  0.0022354  0.7229217  0.1797362 -0.0516096 -0.0004855 -0.0112161  0.0016177  0.0026372  0.0032697  0.0005561  0.0063720 -0.0005360 -0.0016384 -0.0003959 -0.0613515 -0.0217817  0.6566346  0.0824720 
 0.0003406 -0.0038876 -0.0009035  0.0004436  0.9653104  0.0198333  0.0017144  0.0004974  0.0004637 -0.0013945 -0.0011766 -0.0003195 -0.0023345  0.0002804  0.0006803  0.0001718  0.0280269 -0.0062472 -0.2559408 -0.0377243 
-0.0001118  0.0000412  0.0001432  0.0000693  0.0003393  0.9970103  0.0001222 -0.0003796 -0.0000419 -0.0003621 -0.0001605 -0.0000308  0.0007269 -0.0000752 -0.0001960 -0.0000447 -0.0064191  0.0003799  0.0762743  0.0105011 
-0.0003081 -0.0044700 -0.0009934 -0.0023068 -0.0113110  0.0013812  0.7426022 -0.1633871  0.0536771  0.0021777  0.0018408  0.0015578  0.0060227  0.0029091  0.0016136  0.0006809  0.1691501 -0.5790338  0.0291095 -0.2324037 
 0.0066344  0.0138278 -0.0015086 -0.0067528  0.0129178 -0.0025888  0.6690587  0.1821020 -0.0599821  0.0020495 -0.0024632 -0.0020848 -0.0068387 -0.0030099 -0.0017680 -0.0007756 -0.1763494  0.6582869 -0.0153711  0.2244852 
 0.0003160 -0.0000879 -0.0008306  0.0010146 -0.0004955 -0.0001419 -0.0011570  0.9692973  0.0203267 -0.0003860  0.0005890 -0.0001125  0.0023412  0.0011607  0.0005848  0.0002263  0.0604238 -0.2152481  0.0261596 -0.0968052 
 0.0002901  0.0000024 -0.0000816 -0.0000401  0.0002620 -0.0000077  0.0003373  0.0000846  0.9965197  0.0004545 -0.0001395  0.0001468 -0.0008121 -0.0003854 -0.0001986 -0.0000637 -0.0146214  0.0758406 -0.0052055  0.0308929 
 0.0058121 -0.0009345  0.0007803  0.0070492 -0.0017132  0.0017369 -0.0052900 -0.0052323  0.0042317  0.7270073 -0.1809154 -0.0480121 -0.0001865  0.0027522  0.0000138 -0.0021751 -0.5592786 -0.0267487 -0.0184234 -0.3498583 
-0.0224103  0.0044214 -0.0014884 -0.0138135  0.0040721 -0.0013606  0.0010118  0.0059161 -0.0051213  0.6864806  0.1882194  0.0513066  0.0001076 -0.0028720 -0.0000044  0.0023068  0.5966789  0.0317597  0.0214095  0.3638457 
 0.0012157 -0.0025594  0.0007399 -0.0006036  0.0000925  0.0007813 -0.0007809 -0.0018667  0.0016706  0.0023632  0.9652853 -0.0188009 -0.0000591  0.0010418 -0.0000088 -0.0008621 -0.2239994 -0.0100608 -0.0087744 -0.1322612 
-0.0002012 -0.0002662  0.0002381  0.0000099  0.0001314  0.0001779 -0.0001121  0.0001349  0.0001458 -0.0003016 -0.0002106  0.9973450 -0.0000359  0.0002945 -0.0000045 -0.0002423 -0.0620452 -0.0004292 -0.0019032 -0.0380653 
-0.0000012 -0.0000173  0.0000088  0.0000010 -0.0000013 -0.0000185  0.0000015  0.0000041  0.0000019  0.0000275 -0.0000030 -0.0000084  0.9998881 -0.0000010  0.0000082 -0.0000032  0.0013818  0.0116092 -0.0088007 -0.0031064 
 0.0000000  0.0000000  0.0000000  0.0000000  0.0000000  0.0000000  0.0000000  0.0000000  0.0000000  0.0000000  0.0000000  0.0000000  0.0000000  0.9999697 -0.0000186  0.0000074  0.0001250  0.0020426 -0.0000480  0.0075128 
 0.0000000  0.0000000  0.0000000  0.0000000  0.0000000  0.0000000  0.0000000  0.0000000  0.0000000  0.0000000  0.0000000  0.0000000  0.0000000  0.0000000  0.9999932 -0.0000025 -0.0014176  0.0016520  0.0021581  0.0020656 
 0.0000000  0.0000000  0.0000000  0.0000000  0.0000000  0.0000000  0.0000000  0.0000000  0.0000000  0.0000000  0.0000000  0.0000000  0.0000000  0.0000000 -0.0000019  0.9999938 -0.0032320  0.0007083  0.0004663 -0.0011291 
