 0.6812641 -0.1620572 -0.0480140  0.0319020 -0.0115075 -0.0015786 -0.0029680 -0.0043782 -0.0365364 -0.0039063 -0.0020364 -0.0004519 -0.0003676 -0.6073009  0.2841903 -0.2349415 
 0.7311702  0.1543757  0.0450254  0.0119615  0.0025605 -0.0000305  0.0022656 -0.0058049  0.0320987  0.0028948  0.0019104  0.0003142  0.0003541  0.5618601 -0.2567175  0.2381371 
-0.0018765  0.9738204 -0.0158116 -0.0019776  0.0001741  0.0008397 -0.0006123  0.0007197 -0.0014198  0.0013827 -0.0006316  0.0003006 -0.0001314 -0.1972604  0.0553941 -0.0971094 
-0.0001412  0.0003405  0.9976685  0.0002191  0.0003517  0.0001645 -0.0002212  0.0000935  0.0000606  0.0002135 -0.0001890  0.0000528 -0.0000376 -0.0602843  0.0189896 -0.0257335 
-0.0317643  0.0142219  0.0012176  0.6852243 -0.1801991 -0.0527729 -0.0148892  0.0114903  0.0005643 -0.0009665  0.0007557 -0.0001842  0.0003716 -0.2647856 -0.0282914  0.6501775 
-0.0119274 -0.0063283 -0.0001616  0.7275203  0.1706573  0.0496618  0.0140922 -0.0070858  0.0033752  0.0003483 -0.0006531  0.0002345 -0.0003407  0.2649376  0.0154300 -0.6068367 
 0.0023756  0.0010459 -0.0008404 -0.0003627  0.9686212 -0.0187563 -0.0052991  0.0007623 -0.0006908  0.0001006  0.0002308 -0.0000315  0.0001229 -0.1066019 -0.0092793  0.2234597 
 0.0000474  0.0000349 -0.0001654  0.0000809  0.0001656  0.9971920 -0.0015869 -0.0002081  0.0001095 -0.0001030  0.0000739 -0.0000247  0.0000386 -0.0297911 -0.0014826  0.0686715 
 0.0000727  0.0000590 -0.0000210  0.0000142  0.0000028 -0.0000068  0.9997672  0.0000122 -0.0000163  0.0000019  0.0000115 -0.0000022  0.0000090 -0.0116218  0.0004797  0.0181702 
 0.0000746  0.0256233  0.0060111  0.0003348  0.0056929  0.0004614  0.0004473  0.6990242 -0.1890670 -0.0486367 -0.0004931 -0.0080403  0.0001170  0.2487918  0.6299492  0.1171729 
 0.0104310 -0.0260656 -0.0059311 -0.0038233 -0.0020715  0.0011927 -0.0000684  0.7149060  0.1765873  0.0472751  0.0004704  0.0078930 -0.0001232 -0.2356621 -0.6179835 -0.1309383 
-0.0003622 -0.0000334 -0.0011395 -0.0013739  0.0011760 -0.0004550 -0.0001158  0.0061824  0.9647233 -0.0188204 -0.0003220 -0.0030556  0.0000206  0.0490609  0.2558911  0.0318593 
 0.0000242  0.0000673  0.0000437  0.0006745  0.0000133 -0.0000135 -0.0000153  0.0003303  0.0003794  0.9975062 -0.0000640 -0.0008251  0.0000101  0.0201613  0.0665766  0.0118753 
-0.0000001  0.0000000 -0.0000006 -0.0000001  0.0000001 -0.0000002 -0.0000002 -0.0000005 -0.0000003 -0.0000001  0.9999951  0.0000005 -0.0000019 -0.0017953  0.0018296 -0.0018137 
-0.0000071  0.0000013  0.0000082 -0.0000040  0.0000170 -0.0000054 -0.0000022  0.0000002  0.0000073 -0.0000020 -0.0000102  0.9999313  0.0000019  0.0035238  0.0109626  0.0022033 
 0.0000000  0.0000000  0.0000000  0.0000000  0.0000000  0.0000000  0.0000000  0.0000000  0.0000000  0.0000000  0.0000000  0.0000000  0.9999997 -0.0003067  0.0000645 -0.0006937 
