 0.7071090 -0.2098290 -0.0000010  0.0000002 -0.0000008  0.0000008  0.0678086 -0.0000005  0.0000009  0.0000004 -0.0000001  0.0000023 -0.0000011  0.0000002  0.3063874  0.0084756  0.2758266  0.4925466  0.1526349  0.1242808 
 0.7071046  0.2098304 -0.0000001 -0.0000010  0.0000012 -0.0000006 -0.0678088 -0.0000003 -0.0000017 -0.0000015  0.0000008 -0.0000044  0.0000016 -0.0000005 -0.3063894 -0.0084746 -0.2758276 -0.4925508 -0.1526323 -0.1242831 
 0.0000000  0.9549571 -0.0000002  0.0000001 -0.0000006  0.0000004  0.0297989 -0.0000005 -0.0000001 -0.0000002  0.0000001 -0.0000001  0.0000000  0.0000000  0.1346437  0.0037259  0.1212140  0.2164516  0.0670770  0.0546144 
-0.0000002 -0.0000010  0.7071089 -0.2098278 -0.0000001 -0.0000025  0.0678068 -0.0000039  0.0000002  0.0000016  0.0000009 -0.0000009 -0.0000014 -0.0000006  0.0247493  0.6588309 -0.0269456 -0.0644281  0.0849635  0.0678600 
 0.0000013  0.0000011  0.7071047  0.2098286 -0.0000006  0.0000019 -0.0678069  0.0000019 -0.0000009  0.0000001 -0.0000008  0.0000028  0.0000011  0.0000007 -0.0247494 -0.6588354  0.0269455  0.0644289 -0.0849618 -0.0678594 
 0.0000002 -0.0000003  0.0000003  0.9549577  0.0000004 -0.0000003  0.0297978  0.0000000  0.0000000 -0.0000003  0.0000002  0.0000006  0.0000000 -0.0000001  0.0108755  0.2895241 -0.0118409 -0.0283147  0.0373381  0.0298217 
 0.0000003 -0.0000002  0.0000013  0.0000007  0.7071044 -0.2098319 -0.0678067  0.0000035 -0.0000008 -0.0000017 -0.0000018 -0.0000022 -0.0000005 -0.0000005  0.0270361  0.1166867  0.3328832  0.0317972 -0.4271197 -0.3778570 
-0.0000007  0.0000004 -0.0000006 -0.0000011  0.7071091  0.2098309  0.0678064 -0.0000011 -0.0000006 -0.0000006  0.0000017  0.0000011  0.0000003  0.0000000 -0.0270351 -0.1166863 -0.3328805 -0.0317947  0.4271178  0.3778537 
 0.0000001 -0.0000002  0.0000008 -0.0000003 -0.0000003  0.9549563 -0.0297979  0.0000002  0.0000009  0.0000001  0.0000003  0.0000001 -0.0000005  0.0000003  0.0118836  0.0512818  0.1462854  0.0139711 -0.1877019 -0.1660508 
 0.0000000  0.0000000  0.0000000  0.0000000  0.0000000  0.0000000  0.9847584  0.0000000  0.0000000  0.0000000  0.0000000  0.0000000  0.0000000  0.0000000 -0.0459236 -0.0831494  0.0126830 -0.0598507 -0.1003794 -0.0860758 
-0.0000011 -0.0000009  0.0000004 -0.0000015 -0.0000018  0.0000029  0.0000007  0.7071081 -0.2098293  0.0000003 -0.0000014  0.0000006 -0.0000003 -0.0678078 -0.3978687  0.0042031  0.2525346  0.0458245  0.4023091 -0.2555944 
 0.0000019  0.0000016  0.0000015 -0.0000003 -0.0000006 -0.0000019  0.0000003  0.7071054  0.2098302  0.0000010  0.0000013  0.0000004  0.0000003  0.0678080  0.3978700 -0.0041985 -0.2525377 -0.0458250 -0.4023072  0.2555988 
-0.0000001  0.0000001  0.0000003  0.0000000  0.0000008  0.0000001 -0.0000002 -0.0000001  0.9549570  0.0000001  0.0000000 -0.0000001 -0.0000001 -0.0297984 -0.1748466  0.0018453  0.1109773  0.0201369  0.1767951 -0.1123227 
 0.0000016  0.0000015 -0.0000008  0.0000001  0.0000016  0.0000009  0.0000000 -0.0000009 -0.0000005  0.7071031 -0.2098328  0.0000005  0.0000011  0.0678108 -0.3742542  0.0128315  0.2348146  0.0590316 -0.2286542  0.4474828 
-0.0000005 -0.0000006 -0.0000009  0.0000008  0.0000007 -0.0000013 -0.0000004 -0.0000004  0.0000003  0.7071104  0.2098307 -0.0000004  0.0000003 -0.0678101  0.3742493 -0.0128325 -0.2348118 -0.0590325  0.2286511 -0.4474793 
 0.0000000  0.0000002  0.0000000  0.0000001  0.0000003 -0.0000006 -0.0000002  0.0000000 -0.0000008 -0.0000001  0.9549562  0.0000000 -0.0000001  0.0297996 -0.1644690  0.0056384  0.1031925  0.0259432 -0.1004838  0.1966471 
 0.0000018  0.0000017 -0.0000008  0.0000001  0.0000001 -0.0000002 -0.0000008 -0.0000006 -0.0000001  0.0000004 -0.0000002  0.7071099 -0.2098312 -0.0678100 -0.2463124  0.0696416 -0.3846662  0.4461320 -0.1478854 -0.1302945 
 0.0000003  0.0000004 -0.0000010 -0.0000020  0.0000010 -0.0000008  0.0000001 -0.0000004  0.0000003 -0.0000006  0.0000005  0.7071037  0.2098331  0.0678105  0.2463124 -0.0696386  0.3846680 -0.4461407  0.1478839  0.1302926 
 0.0000000 -0.0000003  0.0000002 -0.0000001  0.0000000  0.0000004  0.0000001  0.0000000 -0.0000001 -0.0000008  0.0000002  0.0000000  0.9549560 -0.0297999 -0.1082433  0.0306058 -0.1690445  0.1960600 -0.0649887 -0.0572591 
-0.0000001 -0.0000001 -0.0000001 -0.0000001  0.0000002 -0.0000001  0.0000000  0.0000001  0.0000000  0.0000000  0.0000000  0.0000000  0.0000000  0.9847574 -0.0407622  0.0092145 -0.0554168  0.0653794  0.0729510 -0.1258531 
