 0.3842771  0.0000000  0.0000000 -0.1003747  0.4771100  0.1031827 -0.1288924 -0.3989932  0.1402394 -0.0755310  0.0265191  0.0378863  0.0497223  0.2839438 -0.2214907  0.2461510 -0.0320862 -0.2748186  0.3624311 
 0.3842771  0.0000000  0.0000000  0.1003747 -0.0703330 -0.2587140 -0.0956335  0.3285062  0.0730803  0.3786580 -0.4369694 -0.1371556  0.2210999 -0.1771445 -0.2175852  0.1640399  0.3518778  0.0256735  0.1258685 
 0.4846518  0.0000000  0.0000000  0.0000000 -0.2429567  0.2307837  0.1435097  0.2068793 -0.3366286 -0.3512464 -0.0222430 -0.0299919  0.0428474  0.2355122  0.2403820  0.2297706  0.1112666 -0.2698702 -0.3134521 
 0.4846518  0.0000000  0.0000000  0.0000000  0.1024441 -0.0076462 -0.0347057 -0.2607909  0.1022277 -0.1550813  0.0508402 -0.2359677  0.2146383 -0.4892075  0.0403397 -0.3719231 -0.2654623  0.1695072 -0.2608183 
 0.4846518  0.0000000  0.0000000  0.0000000 -0.1820181 -0.0998178  0.0692210  0.1098003  0.0652611  0.2659804  0.2968461  0.3446695 -0.4722187  0.1690148  0.0674185 -0.1830851 -0.0993648  0.2979084  0.1871009 
 0.0000000  0.3842771  0.0000000 -0.1003747  0.0898981 -0.4376848  0.3899563 -0.2402528 -0.2233785 -0.0604341  0.2805308 -0.1098125 -0.0885934 -0.2622865  0.1252075  0.3138297  0.2920749  0.0756515  0.0816863 
 0.0000000  0.3842771  0.0000000  0.1003747  0.4319901  0.2273697  0.1731908  0.4912837  0.3177920 -0.0332214 -0.0185515  0.1369339  0.0213201 -0.1880044  0.3669278 -0.0072656 -0.1008215 -0.1212895  0.1266224 
 0.0000000  0.4846518  0.0000000  0.0000000 -0.1126201 -0.2039557 -0.1844637 -0.1563533  0.1649891  0.1582049 -0.0055361 -0.1543550  0.3296636  0.5418453  0.3033660 -0.2501972  0.0585462  0.0539416 -0.1140641 
 0.0000000  0.4846518  0.0000000  0.0000000 -0.1911582  0.5652168  0.0103614 -0.1852572  0.0571573  0.0096368 -0.2335824 -0.1136336 -0.2164489 -0.0459362 -0.2654004  0.1929296  0.0407548  0.3797593 -0.0366458 
 0.0000000  0.4846518  0.0000000  0.0000000 -0.1100233 -0.1945037 -0.2724132  0.1425697 -0.2970062 -0.0935828  0.0313970  0.2464842 -0.0598742 -0.1388765 -0.4281763 -0.1858050 -0.2509445 -0.3975147 -0.0144566 
 0.0000000  0.0000000  0.3842771 -0.1003747 -0.3359172  0.0804514 -0.0001790  0.0677699  0.3803676 -0.3335378  0.3346014  0.2324398  0.3527437 -0.0919333 -0.1832816 -0.0285895  0.3076600  0.0318143  0.1829780 
 0.0000000  0.0000000  0.3842771  0.1003747 -0.0176087  0.0031036 -0.2272293 -0.3376235 -0.0145366 -0.0355648 -0.3784007  0.2676193 -0.3189806 -0.1973487  0.3711938 -0.1759259  0.3246053 -0.2125340  0.0078093 
 0.0000000  0.0000000  0.4846518  0.0000000 -0.1509194  0.0901447  0.0207803  0.0666321  0.1069612  0.2934016  0.2411372 -0.5934094 -0.2377581 -0.0293618  0.0033308  0.0366425 -0.1660142 -0.3626362  0.0609972 
 0.0000000  0.0000000  0.4846518  0.0000000  0.1801246  0.0606052 -0.0007076 -0.0583036 -0.2092676  0.3912630  0.0801360  0.3680491  0.3057001 -0.0093279  0.0045088  0.3124145 -0.2289297  0.1621407 -0.3420121 
 0.0000000  0.0000000  0.4846518  0.0000000  0.2511031 -0.2170001  0.1602378  0.2056365 -0.1877585 -0.3920057 -0.2865451 -0.1711332 -0.0947126  0.2680595 -0.1568339 -0.1868982 -0.1063750  0.3437869  0.1297410 
 0.0000000  0.0000000  0.0000000  0.4846518 -0.0689691  0.0873678 -0.4412554  0.0278318 -0.3420604 -0.1025909  0.2017590 -0.1221759  0.1550416 -0.0997059  0.2466513  0.1602330 -0.0934699  0.2224548  0.4420007 
 0.0000000  0.0000000  0.0000000  0.4846518 -0.1113817  0.1569545  0.6034876 -0.2137844 -0.1546994  0.1681457 -0.0894463  0.0946255  0.2314186  0.0569855 -0.1214389 -0.3058226 -0.0195944 -0.1853103  0.2218351 
 0.0000000  0.0000000  0.0000000  0.4846518 -0.1933986 -0.3417183  0.0552607 -0.1059663  0.4471635 -0.2234861 -0.1413987  0.0721624 -0.1314261  0.0435980 -0.0237633  0.3909841 -0.3394303 -0.0348122 -0.1803377 
 0.0000000  0.0000000  0.0000000  0.4846518  0.3503551  0.0506293 -0.1324639  0.0737024  0.0332126 -0.0034824  0.3346871 -0.0667484 -0.1741727  0.1010648 -0.2671555 -0.1313734  0.4508351  0.0268278 -0.4075323 
