::::::::::::::
run.001.002
::::::::::::::
 0.7071068 -0.7071068 
 0.7071068  0.7071068 
::::::::::::::
run.002.003
::::::::::::::
 0.7071068 -0.2357023  0.6666667 
 0.7071068  0.2357023 -0.6666667 
 0.0000000  0.9428090  0.3333333 
::::::::::::::
run.003.004
::::::::::::::
 0.7071068 -0.2033894  0.0821239 -0.6722265 
 0.7071068  0.2033894 -0.0821239  0.6722265 
 0.0000000  0.9577398  0.0348803 -0.2855133 
 0.0000000  0.0000000  0.9926201  0.1212655 
::::::::::::::
run.004.005
::::::::::::::
 0.7071068 -0.1973975  0.0669888 -0.0276682  0.6751157 
 0.7071068  0.1973975 -0.0669888  0.0276682 -0.6751157 
 0.0000000  0.9602440  0.0275418 -0.0113755  0.2775673 
 0.0000000  0.0000000  0.9951213  0.0040399 -0.0985760 
 0.0000000  0.0000000  0.0000000  0.9991613  0.0409485 
::::::::::::::
run.005.006
::::::::::::::
 0.7071067 -0.1966714  0.0645772 -0.0223117  0.0092388 -0.6756975 
 0.7071069  0.1966715 -0.0645772  0.0223117 -0.0092388  0.6756973 
 0.0000001  0.9605419  0.0264444 -0.0091367  0.0037833 -0.2766988 
 0.0000000  0.0000000  0.9954699  0.0031375 -0.0012992  0.0950169 
 0.0000000  0.0000000  0.0000000  0.9994554  0.0004512 -0.0329962 
 0.0000000  0.0000000  0.0000000  0.0000000  0.9999065  0.0136718 
::::::::::::::
run.006.007
::::::::::::::
 0.7101234 -0.1947743  0.0637683 -0.0212006  0.0071728 -0.0028993  0.6732103 
 0.7040773  0.1965010 -0.0643263  0.0213937 -0.0072347  0.0029241 -0.6789743 
-0.0000397  0.9609632  0.0260771 -0.0086725  0.0029332 -0.0011856  0.2752897 
 0.0000084  0.0000015  0.9955479  0.0029623 -0.0010036  0.0004057 -0.0942037 
-0.0000081  0.0000007  0.0000052  0.9995043  0.0003363 -0.0001356  0.0314803 
 0.0000004  0.0000000 -0.0000001 -0.0000008  0.9999432  0.0000459 -0.0106542 
-0.0000000  0.0000000  0.0000000  0.0000000  0.0000000  0.9999907  0.0043066 
::::::::::::::
run.007.008
::::::::::::::
 0.7153677 -0.1986911  0.0578413 -0.0213501  0.0061913 -0.0002678  0.0000175 -0.6670315 
 0.6987473  0.2018518 -0.0591801  0.0219297 -0.0063804  0.0002744 -0.0000180  0.6833624 
 0.0011405  0.9590504  0.0244482 -0.0090745  0.0026308 -0.0001132  0.0000074 -0.2820177 
-0.0000539 -0.0000089  0.9962702  0.0028244 -0.0008051  0.0000346 -0.0000023  0.0862380 
-0.0000397  0.0000343 -0.0000593  0.9994863  0.0003017 -0.0000129  0.0000008 -0.0320463 
 0.0000262 -0.0000050  0.0000021 -0.0000033  0.9999566  0.0000037 -0.0000002  0.0093113 
 0.0000000  0.0000000  0.0000000  0.0000000  0.0000000  0.9999999  0.0000000 -0.0004015 
 0.0000000  0.0000000  0.0000000  0.0000000  0.0000000  0.0000000  1.0000000  0.0000263 
::::::::::::::
run.008.009
::::::::::::::
 0.6971839 -0.1794689  0.0597495 -0.0186645  0.0043617 -0.0008244  0.0003090 -0.0001140  0.6912216 
 0.7168914  0.1759491 -0.0575314  0.0181488 -0.0042428  0.0008014 -0.0003004  0.0001108 -0.6719008 
-0.0010472  0.9679012  0.0214470 -0.0067281  0.0015842 -0.0002985  0.0001119 -0.0000413  0.2503163 
-0.0003916  0.0000875  0.9963233  0.0022459 -0.0005419  0.0001021 -0.0000383  0.0000141 -0.0856407 
-0.0000043 -0.0000311  0.0000660  0.9996359  0.0001695 -0.0000322  0.0000121 -0.0000044  0.0269818 
 0.0000021 -0.0000040  0.0000012  0.0000008  0.9999801  0.0000075 -0.0000028  0.0000010 -0.0063133 
 0.0000000  0.0000000  0.0000000  0.0000000  0.0000000  0.9999993  0.0000005 -0.0000002  0.0011927 
 0.0000000  0.0000000  0.0000000  0.0000000  0.0000000  0.0000000  0.9999999  0.0000001 -0.0004471 
 0.0000000  0.0000000  0.0000000  0.0000000  0.0000000  0.0000000  0.0000000  1.0000000  0.0001649 

::::::::::::::
run.009.010
::::::::::::::
 1.0000000  0.0000000  0.0000000  0.0000000  0.0000000  0.0000000  0.0000000  0.0000000  0.0000000  0.0000000 
 0.0000000  1.0000000  0.0000000  0.0000000  0.0000000  0.0000000  0.0000000  0.0000000  0.0000000  0.0000000 
 0.0000000  0.0000000  1.0000000  0.0000000  0.0000000  0.0000000  0.0000000  0.0000000  0.0000000  0.0000000 
 0.0000000  0.0000000  0.0000000  1.0000000  0.0000000  0.0000000  0.0000000  0.0000000  0.0000000  0.0000000 
 0.0000000  0.0000000  0.0000000  0.0000000  1.0000000  0.0000000  0.0000000  0.0000000  0.0000000  0.0000000 
 0.0000000  0.0000000  0.0000000  0.0000000  0.0000000  1.0000000  0.0000000  0.0000000  0.0000000  0.0000000 
 0.0000000  0.0000000  0.0000000  0.0000000  0.0000000  0.0000000  1.0000000  0.0000000  0.0000000  0.0000000 
 0.0000000  0.0000000  0.0000000  0.0000000  0.0000000  0.0000000  0.0000000  1.0000000  0.0000000  0.0000000 
 0.0000000  0.0000000  0.0000000  0.0000000  0.0000000  0.0000000  0.0000000  0.0000000  1.0000000  0.0000000 
 0.0000000  0.0000000  0.0000000  0.0000000  0.0000000  0.0000000  0.0000000  0.0000000  0.0000000  1.0000000 
::::::::::::::
run.010.011
::::::::::::::
 1.0000000  0.0000000  0.0000000  0.0000000  0.0000000  0.0000000  0.0000000  0.0000000  0.0000000  0.0000000  0.0000000 
 0.0000000  1.0000000  0.0000000  0.0000000  0.0000000  0.0000000  0.0000000  0.0000000  0.0000000  0.0000000  0.0000000 
 0.0000000  0.0000000  1.0000000  0.0000000  0.0000000  0.0000000  0.0000000  0.0000000  0.0000000  0.0000000  0.0000000 
 0.0000000  0.0000000  0.0000000  1.0000000  0.0000000  0.0000000  0.0000000  0.0000000  0.0000000  0.0000000  0.0000000 
 0.0000000  0.0000000  0.0000000  0.0000000  1.0000000  0.0000000  0.0000000  0.0000000  0.0000000  0.0000000  0.0000000 
 0.0000000  0.0000000  0.0000000  0.0000000  0.0000000  1.0000000  0.0000000  0.0000000  0.0000000  0.0000000  0.0000000 
 0.0000000  0.0000000  0.0000000  0.0000000  0.0000000  0.0000000  1.0000000  0.0000000  0.0000000  0.0000000  0.0000000 
 0.0000000  0.0000000  0.0000000  0.0000000  0.0000000  0.0000000  0.0000000  1.0000000  0.0000000  0.0000000  0.0000000 
 0.0000000  0.0000000  0.0000000  0.0000000  0.0000000  0.0000000  0.0000000  0.0000000  1.0000000  0.0000000  0.0000000 
 0.0000000  0.0000000  0.0000000  0.0000000  0.0000000  0.0000000  0.0000000  0.0000000  0.0000000  1.0000000  0.0000000 
 0.0000000  0.0000000  0.0000000  0.0000000  0.0000000  0.0000000  0.0000000  0.0000000  0.0000000  0.0000000  1.0000000 
::::::::::::::
run.011.012
::::::::::::::
 1.0000000  0.0000000  0.0000000  0.0000000  0.0000000  0.0000000  0.0000000  0.0000000  0.0000000  0.0000000  0.0000000  0.0000000 
 0.0000000  1.0000000  0.0000000  0.0000000  0.0000000  0.0000000  0.0000000  0.0000000  0.0000000  0.0000000  0.0000000  0.0000000 
 0.0000000  0.0000000  1.0000000  0.0000000  0.0000000  0.0000000  0.0000000  0.0000000  0.0000000  0.0000000  0.0000000  0.0000000 
 0.0000000  0.0000000  0.0000000  1.0000000  0.0000000  0.0000000  0.0000000  0.0000000  0.0000000  0.0000000  0.0000000  0.0000000 
 0.0000000  0.0000000  0.0000000  0.0000000  1.0000000  0.0000000  0.0000000  0.0000000  0.0000000  0.0000000  0.0000000  0.0000000 
 0.0000000  0.0000000  0.0000000  0.0000000  0.0000000  1.0000000  0.0000000  0.0000000  0.0000000  0.0000000  0.0000000  0.0000000 
 0.0000000  0.0000000  0.0000000  0.0000000  0.0000000  0.0000000  1.0000000  0.0000000  0.0000000  0.0000000  0.0000000  0.0000000 
 0.0000000  0.0000000  0.0000000  0.0000000  0.0000000  0.0000000  0.0000000  1.0000000  0.0000000  0.0000000  0.0000000  0.0000000 
 0.0000000  0.0000000  0.0000000  0.0000000  0.0000000  0.0000000  0.0000000  0.0000000  1.0000000  0.0000000  0.0000000  0.0000000 
 0.0000000  0.0000000  0.0000000  0.0000000  0.0000000  0.0000000  0.0000000  0.0000000  0.0000000  1.0000000  0.0000000  0.0000000 
 0.0000000  0.0000000  0.0000000  0.0000000  0.0000000  0.0000000  0.0000000  0.0000000  0.0000000  0.0000000  1.0000000  0.0000000 
 0.0000000  0.0000000  0.0000000  0.0000000  0.0000000  0.0000000  0.0000000  0.0000000  0.0000000  0.0000000  0.0000000  1.0000000 
::::::::::::::
run.012.013
::::::::::::::
 1.0000000  0.0000000  0.0000000  0.0000000  0.0000000  0.0000000  0.0000000  0.0000000  0.0000000  0.0000000  0.0000000  0.0000000  0.0000000 
 0.0000000  1.0000000  0.0000000  0.0000000  0.0000000  0.0000000  0.0000000  0.0000000  0.0000000  0.0000000  0.0000000  0.0000000  0.0000000 
 0.0000000  0.0000000  1.0000000  0.0000000  0.0000000  0.0000000  0.0000000  0.0000000  0.0000000  0.0000000  0.0000000  0.0000000  0.0000000 
 0.0000000  0.0000000  0.0000000  1.0000000  0.0000000  0.0000000  0.0000000  0.0000000  0.0000000  0.0000000  0.0000000  0.0000000  0.0000000 
 0.0000000  0.0000000  0.0000000  0.0000000  1.0000000  0.0000000  0.0000000  0.0000000  0.0000000  0.0000000  0.0000000  0.0000000  0.0000000 
 0.0000000  0.0000000  0.0000000  0.0000000  0.0000000  1.0000000  0.0000000  0.0000000  0.0000000  0.0000000  0.0000000  0.0000000  0.0000000 
 0.0000000  0.0000000  0.0000000  0.0000000  0.0000000  0.0000000  1.0000000  0.0000000  0.0000000  0.0000000  0.0000000  0.0000000  0.0000000 
 0.0000000  0.0000000  0.0000000  0.0000000  0.0000000  0.0000000  0.0000000  1.0000000  0.0000000  0.0000000  0.0000000  0.0000000  0.0000000 
 0.0000000  0.0000000  0.0000000  0.0000000  0.0000000  0.0000000  0.0000000  0.0000000  1.0000000  0.0000000  0.0000000  0.0000000  0.0000000 
 0.0000000  0.0000000  0.0000000  0.0000000  0.0000000  0.0000000  0.0000000  0.0000000  0.0000000  1.0000000  0.0000000  0.0000000  0.0000000 
 0.0000000  0.0000000  0.0000000  0.0000000  0.0000000  0.0000000  0.0000000  0.0000000  0.0000000  0.0000000  1.0000000  0.0000000  0.0000000 
 0.0000000  0.0000000  0.0000000  0.0000000  0.0000000  0.0000000  0.0000000  0.0000000  0.0000000  0.0000000  0.0000000  1.0000000  0.0000000 
 0.0000000  0.0000000  0.0000000  0.0000000  0.0000000  0.0000000  0.0000000  0.0000000  0.0000000  0.0000000  0.0000000  0.0000000  1.0000000 
