 0.7071068  0.0000000  0.0000000  0.0000000  0.0000000  0.0000000  0.0000000  0.0000000  0.0000000  0.0000000  0.0000000 -0.1571347  0.0000000  0.1704836  0.2179544 -0.2220030 -0.0987259  0.0474364  0.2240280 -0.1646080  0.4170874 -0.2222417  0.0927806  0.1679634 
 0.7071068  0.0000000  0.0000000 -0.0000001  0.0000000  0.0000000  0.0000000  0.0000000  0.0000000  0.0000000  0.0000000  0.1571348  0.0000000 -0.1704837 -0.2179544  0.2220030  0.0987258 -0.0474363 -0.2240280  0.1646081 -0.4170874  0.2222416 -0.0927806 -0.1679634 
 0.0000000  0.7071067  0.0000000  0.0000000  0.0000000  0.0000000  0.0000000  0.0000000  0.0000000  0.0000000  0.0000000  0.1571348  0.0000000  0.1449246 -0.3933744  0.1218105  0.0513829  0.0556433  0.1208391 -0.3409088 -0.0217121 -0.3362030 -0.0300986 -0.1837318 
 0.0000000  0.7071069  0.0000000  0.0000000  0.0000000  0.0000000  0.0000000  0.0000000  0.0000000  0.0000000  0.0000000 -0.1571348  0.0000000 -0.1449245  0.3933744 -0.1218105 -0.0513829 -0.0556433 -0.1208391  0.3409086  0.0217120  0.3362029  0.0300985  0.1837318 
 0.0000000  0.0000000  0.7071068  0.0000000  0.0000000  0.0000000  0.0000000  0.0000000  0.0000000  0.0000000  0.0000000 -0.1571347  0.0000000 -0.2261138 -0.0212206 -0.0875141  0.1914409  0.1189192 -0.2334882 -0.1181281 -0.2195350 -0.2668790  0.3007323  0.2948725 
 0.0000000  0.0000000  0.7071067  0.0000000  0.0000000  0.0000000  0.0000000  0.0000000  0.0000000  0.0000000  0.0000000  0.1571347  0.0000000  0.2261138  0.0212206  0.0875141 -0.1914410 -0.1189192  0.2334882  0.1181282  0.2195350  0.2668790 -0.3007323 -0.2948725 
 0.0000000  0.0000000  0.0000000  0.7071069  0.0000000  0.0000000  0.0000000  0.0000000  0.0000000  0.0000000  0.0000000 -0.1571346  0.0000000 -0.2457476 -0.3514428  0.1025831  0.0389461 -0.3316406  0.2442686  0.2019216  0.1871715 -0.0058422  0.0847611  0.1633640 
 0.0000000 -0.0000001  0.0000000  0.7071067  0.0000001  0.0000000  0.0000000  0.0000000  0.0000000  0.0000000  0.0000000  0.1571347 -0.0000001  0.2457477  0.3514429 -0.1025831 -0.0389464  0.3316408 -0.2442687 -0.2019216 -0.1871716  0.0058422 -0.0847611 -0.1633641 
 0.0000000  0.0000000  0.0000000  0.0000000  0.7071068  0.0000000  0.0000000  0.0000000  0.0000000  0.0000000  0.0000000 -0.1178514 -0.0392833 -0.0075682  0.0693386 -0.1441118 -0.2123238 -0.4509118 -0.0251036 -0.3282867 -0.2506906  0.0161376 -0.1823835  0.0758906 
 0.0000000  0.0000001  0.0000000 -0.0000001  0.7071067  0.0000000  0.0000000  0.0000000  0.0000000  0.0000000  0.0000000  0.1178514  0.0392833  0.0075682 -0.0693387  0.1441118  0.2123238  0.4509118  0.0251036  0.3282868  0.2506906 -0.0161376  0.1823835 -0.0758906 
 0.0000001  0.0000000  0.0000001  0.0000001  0.0000000  0.7071067  0.0000000  0.0000000  0.0000000  0.0000000  0.0000000 -0.1178514  0.0392832  0.1178198  0.0380589  0.0553379  0.5577278 -0.1272621 -0.1077673 -0.2027214  0.1712521  0.1966677 -0.1343938  0.0119508 
 0.0000000  0.0000000  0.0000000 -0.0000002 -0.0000001  0.7071068  0.0000000  0.0000000  0.0000000  0.0000000  0.0000000  0.1178513 -0.0392831 -0.1178199 -0.0380589 -0.0553379 -0.5577278  0.1272621  0.1077673  0.2027213 -0.1712520 -0.1966676  0.1343938 -0.0119508 
 0.0000000  0.0000000  0.0000000  0.0000000  0.0000000  0.0000000  0.7071068  0.0000000  0.0000000  0.0000000  0.0000000  0.0000000  0.1571349  0.0567935  0.1155355  0.5436289 -0.1437068  0.0728276  0.0156086 -0.1211617  0.0002878  0.0253543 -0.0750489  0.3406578 
 0.0000000  0.0000000  0.0000000  0.0000000  0.0000000  0.0000000  0.7071068  0.0000000  0.0000000  0.0000000  0.0000000  0.0000000 -0.1571349 -0.0567934 -0.1155354 -0.5436289  0.1437068 -0.0728276 -0.0156085  0.1211616 -0.0002878 -0.0253543  0.0750489 -0.3406578 
 0.0000000  0.0000000  0.0000000  0.0000000  0.0000000  0.0000000  0.0000000  0.7071068  0.0000000  0.0000000  0.0000000  0.0000000  0.1571348 -0.2305016  0.1653731 -0.0654091  0.1852333  0.1050553  0.3050615  0.1023207 -0.1595409 -0.2297946 -0.4037157  0.0206346 
 0.0000000  0.0000000  0.0000000  0.0000000  0.0000000  0.0000000  0.0000000  0.7071068  0.0000000  0.0000000  0.0000000  0.0000000 -0.1571349  0.2305016 -0.1653731  0.0654091 -0.1852333 -0.1050553 -0.3050615 -0.1023207  0.1595409  0.2297946  0.4037157 -0.0206346 
 0.0000000  0.0000000  0.0000000  0.0000000  0.0000000  0.0000000  0.0000000  0.0000000  0.7071068  0.0000000  0.0000000  0.0000000  0.1571348 -0.4503332 -0.0727515 -0.0619597 -0.1437797  0.1859989 -0.0774535 -0.3029316  0.2254496  0.2076794 -0.0672281 -0.1089231 
 0.0000000  0.0000000  0.0000000  0.0000000  0.0000000  0.0000000  0.0000000  0.0000000  0.7071068  0.0000000  0.0000000  0.0000000 -0.1571348  0.4503332  0.0727515  0.0619597  0.1437796 -0.1859989  0.0774535  0.3029315 -0.2254497 -0.2076795  0.0672281  0.1089231 
 0.0000000  0.0000000  0.0000000  0.0000000  0.0000000  0.0000000  0.0000000  0.0000000  0.0000000  0.7071068  0.0000000  0.0000000 -0.1571348 -0.1551627  0.1601715  0.1886626 -0.0344504 -0.1777269 -0.3417496  0.1015719  0.2361578 -0.3476009 -0.1370698 -0.1863234 
 0.0000000  0.0000000  0.0000000  0.0000000  0.0000000  0.0000000  0.0000000  0.0000000  0.0000000  0.7071068  0.0000000  0.0000000  0.1571348  0.1551627 -0.1601715 -0.1886626  0.0344504  0.1777269  0.3417495 -0.1015719 -0.2361578  0.3476009  0.1370698  0.1863235 
 0.0000000  0.0000000  0.0000000  0.0000000  0.0000000  0.0000000  0.0000000  0.0000000  0.0000000  0.0000000  0.7071068  0.0000000 -0.1571348 -0.1662361  0.2915059  0.2097262  0.0938430 -0.0843824  0.2965289 -0.1431890 -0.1003687  0.0398672  0.3312207 -0.2701548 
 0.0000000  0.0000000  0.0000000  0.0000000  0.0000000  0.0000000  0.0000000  0.0000000  0.0000000  0.0000000  0.7071068  0.0000000  0.1571348  0.1662361 -0.2915059 -0.2097262 -0.0938429  0.0843825 -0.2965289  0.1431890  0.1003688 -0.0398672 -0.3312208  0.2701548 
 0.0000000  0.0000000  0.0000000  0.0000000  0.0000000  0.0000000  0.0000000  0.0000000  0.0000000  0.0000000  0.0000000  0.8642417  0.0000000 -0.1322229  0.1160777 -0.1437545  0.1233933 -0.2380216  0.0052057 -0.0502411  0.1261297  0.0003071  0.0984686  0.3184772 
 0.0000000  0.0000000  0.0000000  0.0000000  0.0000000  0.0000000  0.0000000  0.0000000  0.0000000  0.0000000  0.0000000  0.0000000  0.8642417  0.0986531  0.0913964 -0.0246303 -0.0112235 -0.2570555 -0.0973715  0.0904597 -0.0130517 -0.1294926  0.2647804 -0.2519501 
