 0.7071069  0.0000000  0.0000000 -0.2020302  0.0000000  0.0000000  0.0000000  0.0000000  0.0000000 -0.0000001  0.0000000  0.0000000  0.0000000  0.0000000 -0.3724652  0.4425385 -0.1286839 -0.1777665 -0.0714508  0.1795060  0.0289700 -0.1945501 -0.0072807  0.0195646 
 0.7071066 -0.0000001  0.0000000  0.2020303  0.0000000  0.0000000  0.0000000 -0.0000001 -0.0000002  0.0000001  0.0000000  0.0000000  0.0000000  0.0000000  0.3724653 -0.4425388  0.1286840  0.1777666  0.0714508 -0.1795059 -0.0289700  0.1945503  0.0072807 -0.0195646 
-0.0000001  0.7071069  0.0000000 -0.1515229  0.0000000  0.0000000  0.0505073  0.0000000  0.0000000 -0.0000001  0.0000000  0.0000000  0.0000000  0.0000000 -0.2154787 -0.1664762  0.2142710  0.2250093 -0.2653401  0.2704500  0.3154321  0.2287739  0.0631505 -0.0665702 
 0.0000002  0.7071067  0.0000000  0.1515229  0.0000000  0.0000000 -0.0505073 -0.0000001  0.0000000  0.0000000  0.0000000  0.0000000  0.0000001  0.0000000  0.2154787  0.1664762 -0.2142712 -0.2250093  0.2653403 -0.2704500 -0.3154322 -0.2287739 -0.0631505  0.0665701 
 0.0000000  0.0000000  0.7071068 -0.1515231  0.0000000  0.0000000 -0.0505072  0.0000000  0.0000000 -0.0000001  0.0000000  0.0000000 -0.0000001  0.0000000 -0.1244001  0.1788224 -0.0184872  0.2105238  0.0852403 -0.4584542  0.1533347  0.2151863  0.1143939  0.2864020 
 0.0000000  0.0000000  0.7071068  0.1515231  0.0000000  0.0000000  0.0505072  0.0000000  0.0000000  0.0000000  0.0000000  0.0000000  0.0000000  0.0000000  0.1244001 -0.1788224  0.0184871 -0.2105238 -0.0852404  0.4584542 -0.1533347 -0.2151863 -0.1143939 -0.2864019 
 0.0000000  0.0000000  0.0000000  0.9091373  0.0000000  0.0000000  0.0000000  0.0000000  0.0000000  0.0000000  0.0000000  0.0000000  0.0000000  0.0000000 -0.2788329  0.2007991  0.0080685  0.0661706 -0.0917891  0.0171121  0.1691312  0.0615202  0.0559457  0.0819727 
 0.0000000  0.0000000  0.0000000  0.0000000  0.7071068  0.0000000 -0.2020305  0.0000000  0.0000000  0.0000000  0.0000000  0.0000000  0.0000000  0.0000000  0.2176111  0.0287917 -0.0740472 -0.2680382 -0.0852628 -0.0596858  0.3453069 -0.0600392  0.4228295 -0.1456507 
 0.0000000  0.0000000  0.0000000  0.0000000  0.7071067  0.0000000  0.2020306  0.0000000  0.0000000  0.0000000  0.0000000  0.0000000  0.0000000  0.0000000 -0.2176111 -0.0287917  0.0740472  0.2680383  0.0852628  0.0596858 -0.3453069  0.0600392 -0.4228296  0.1456507 
 0.0000000  0.0000000  0.0000000  0.0000000  0.0000000  0.7071068 -0.2020304  0.0000000  0.0000000  0.0000000  0.0000000  0.0000000  0.0000000  0.0000000  0.0266791 -0.0686739 -0.4063633 -0.0348014 -0.4450732 -0.0832292 -0.0725724  0.1779091 -0.2131152  0.0077308 
 0.0000000  0.0000000  0.0000001  0.0000000  0.0000000  0.7071068  0.2020305  0.0000000  0.0000000 -0.0000001  0.0000000  0.0000000  0.0000000  0.0000000 -0.0266791  0.0686739  0.4063635  0.0348013  0.4450731  0.0832292  0.0725724 -0.1779092  0.2131152 -0.0077308 
 0.0000000  0.0000000  0.0000000  0.0000000  0.0000000  0.0000000  0.9091374  0.0000000  0.0000000  0.0000000  0.0000000  0.0000000  0.0000000  0.0000000  0.1186932  0.0206408 -0.2393775 -0.1362050 -0.1967517 -0.1445064  0.1032046  0.0508768  0.0989001 -0.0220789 
 0.0000000  0.0000001  0.0000000  0.0000000  0.0000000  0.0000000  0.0000000  0.7071067 -0.0000001  0.0000000 -0.2020304  0.0000000  0.0000000  0.0000000  0.0244882 -0.1225414  0.0408121  0.2239432 -0.2626217 -0.0694599  0.0005381 -0.5045985  0.0908445  0.2346999 
 0.0000000  0.0000000  0.0000000  0.0000000  0.0000000  0.0000000  0.0000000  0.7071068  0.0000000  0.0000000  0.2020304  0.0000000  0.0000000  0.0000000 -0.0244882  0.1225413 -0.0408121 -0.2239431  0.2626218  0.0694599 -0.0005382  0.5045984 -0.0908444 -0.2346999 
 0.0000001  0.0000000  0.0000000  0.0000000  0.0000000  0.0000000  0.0000000  0.0000001  0.7071067  0.0000000 -0.1515233  0.0000000  0.0000000  0.0505070  0.0973664  0.0372544 -0.1489241  0.1170065  0.1922915 -0.0260271  0.4376454 -0.1394060 -0.3970984 -0.1464407 
 0.0000000  0.0000000  0.0000000  0.0000000  0.0000000  0.0000000  0.0000000  0.0000000  0.7071069  0.0000001  0.1515233  0.0000000  0.0000000 -0.0505069 -0.0973662 -0.0372544  0.1489242 -0.1170065 -0.1922915  0.0260269 -0.4376452  0.1394059  0.3970982  0.1464407 
 0.0000000  0.0000000  0.0000000 -0.0000001  0.0000000  0.0000001  0.0000000 -0.0000001  0.0000001  0.7071069 -0.1515226  0.0000000  0.0000000 -0.0505072 -0.0013312  0.0013356 -0.4051494  0.3433834  0.2030300  0.2222550 -0.1046624  0.0556593  0.2841117 -0.0838919 
 0.0000000  0.0000001  0.0000001  0.0000000  0.0000000 -0.0000001  0.0000000  0.0000001 -0.0000001  0.7071066  0.1515227  0.0000000  0.0000000  0.0505073  0.0013311 -0.0013354  0.4051496 -0.3433835 -0.2030301 -0.2222551  0.1046626 -0.0556593 -0.2841118  0.0838920 
 0.0000000  0.0000000  0.0000000  0.0000000  0.0000000  0.0000000  0.0000000  0.0000000  0.0000000  0.0000000  0.9091373  0.0000000  0.0000000  0.0000000  0.0428954 -0.0415995 -0.1665525  0.2529934  0.0150532  0.0345381  0.1112339 -0.2521815  0.0027126  0.0275333 
 0.0000000  0.0000000  0.0000000  0.0000000  0.0000000  0.0000000  0.0000000  0.0000000  0.0000000  0.0000000  0.0000000  0.7071069  0.0000000 -0.2020304 -0.2113738 -0.3670952 -0.1725695 -0.2667666  0.1915510  0.0860162  0.1368116 -0.0084481 -0.0104813  0.3403116 
 0.0000000  0.0000000  0.0000000  0.0000000  0.0000000  0.0000000  0.0000000  0.0000000  0.0000000  0.0000000  0.0000000  0.7071067  0.0000000  0.2020305  0.2113738  0.3670953  0.1725696  0.2667666 -0.1915511 -0.0860162 -0.1368115  0.0084481  0.0104813 -0.3403116 
 0.0000000 -0.0000001  0.0000001  0.0000000  0.0000000  0.0000000  0.0000000  0.0000000  0.0000000  0.0000000  0.0000000  0.0000000  0.7071067 -0.2020305 -0.3416653 -0.1874867 -0.0119939  0.0130362  0.0116593 -0.3127380 -0.0650106 -0.1239103  0.0391425 -0.4335093 
 0.0000000  0.0000000  0.0000000  0.0000000  0.0000000  0.0000000  0.0000000  0.0000000  0.0000000  0.0000000  0.0000000  0.0000000  0.7071069  0.2020304  0.3416652  0.1874866  0.0119940 -0.0130362 -0.0116593  0.3127379  0.0650107  0.1239103 -0.0391425  0.4335091 
 0.0000000  0.0000000  0.0000000  0.0000000  0.0000000  0.0000000  0.0000000  0.0000000  0.0000000  0.0000000  0.0000000  0.0000000  0.0000000  0.9091374 -0.2567613 -0.2504717 -0.1104976 -0.0876162  0.0915090 -0.0731785 -0.0283442 -0.0371523  0.0884275 -0.0344714 
