 0.5649387  0.0000000  0.0000000  0.0532948  0.0000000  0.0000000  0.0000000 -0.0832984 -0.0770057  0.2183602 -0.1052782  0.1006598  0.2366054  0.1435475  0.5028020  0.1794377  0.4080680 -0.1227510  0.2303374 
 0.5649387  0.0000000  0.0000000  0.0532948  0.0000000  0.0000000  0.0000000  0.0832984 -0.0561604 -0.4059438 -0.3953956  0.3658670 -0.1251331  0.0358045 -0.2850650 -0.2235107 -0.1591196  0.1904479 -0.0563543 
 0.6014055  0.0000000  0.0000000 -0.1001264  0.0000000  0.0000000  0.0000000  0.0000000  0.1250915  0.1762093  0.4703150 -0.4382385 -0.1047130 -0.1684768 -0.2045343  0.0414007 -0.2338533 -0.0635921 -0.1634335 
 0.0000000  0.5618932  0.0000000  0.0000000 -0.0886171  0.0000000  0.0380410  0.0129805  0.0946018 -0.0392013 -0.0120710 -0.1438035 -0.0605770 -0.0492849 -0.3398302 -0.0226916  0.1416609 -0.0485928  0.7063773 
 0.0000000  0.5618932  0.0000000  0.0000000  0.0886171  0.0000000  0.0380410  0.0129806 -0.2498388 -0.2257790  0.1973436  0.0952004  0.3015153 -0.1354647  0.4155272  0.0079543 -0.4611466  0.1128358 -0.0776395 
 0.0000000  0.6070849  0.0000000  0.0000000  0.0000000  0.0000000 -0.0704184 -0.0240285  0.1436811  0.2452550 -0.1714809  0.0449851 -0.2230027  0.1709967 -0.0700620  0.0136402  0.2957030 -0.0594608 -0.5819343 
 0.0000000  0.0000000  0.5618932  0.0000000  0.0000000 -0.0886171 -0.0380410  0.0129805  0.0505359  0.3422808 -0.3351712 -0.1445337  0.3996562 -0.3751190 -0.1008223 -0.1607073 -0.0151326  0.2885993 -0.0437924 
 0.0000000  0.0000000  0.5618932  0.0000000  0.0000000  0.0886171 -0.0380410  0.0129806 -0.3519189 -0.0926497  0.2290144  0.2339296  0.1501301  0.1988378 -0.3098557  0.1503510  0.0310044 -0.4996164 -0.0627416 
 0.0000000  0.0000000  0.6070849  0.0000000  0.0000000  0.0000000  0.0704184 -0.0240285  0.2789479 -0.2310485  0.0982545 -0.0827413 -0.5088600  0.1631587  0.3801069  0.0095854 -0.0146902  0.1953088  0.0986035 
 0.0000000  0.0000000  0.0000000  0.7015319  0.0000000  0.0000000  0.0000000  0.0000000 -0.1337704  0.0547331 -0.1553791 -0.3898252 -0.0070136  0.2836338  0.0745667 -0.3717002 -0.1850050 -0.2289091  0.0034131 
 0.0000000  0.0000000  0.0000000  0.7015319  0.0000000  0.0000000  0.0000000  0.0000000  0.1617407 -0.0153330  0.2605407  0.2918358 -0.0164000 -0.3213049 -0.1203003  0.3809573  0.1327158  0.2146900 -0.0399566 
 0.0000000  0.0000000  0.0000000  0.0000000  0.7015319  0.0000000  0.0000000  0.0000000 -0.1300603 -0.1766652  0.1749798 -0.0363046 -0.0754739 -0.3032886  0.0294606 -0.3996039  0.4058258 -0.0665001 -0.0210355 
 0.0000000  0.0000000  0.0000000  0.0000000  0.7015319  0.0000000  0.0000000  0.0000000  0.1735698  0.2002336 -0.2014330  0.0061138  0.0297346  0.3141748 -0.1248770  0.3957327 -0.3296795  0.0461086  0.1200721 
 0.0000000  0.0000000  0.0000000  0.0000000  0.0000000  0.7015319  0.0000000  0.0000000  0.4307752  0.1772175  0.1618256  0.2925328  0.1707942  0.0736198  0.0324167 -0.3557717 -0.1013588 -0.0604053  0.0545838 
 0.0000000  0.0000000  0.0000000  0.0000000  0.0000000  0.7015319  0.0000000  0.0000000 -0.3799373 -0.1222773 -0.2330933 -0.3403401 -0.1392742 -0.1461217 -0.0060117  0.3164790  0.0955308  0.1599723 -0.0521901 
 0.0000000  0.0000000  0.0000000  0.0000000  0.0000000  0.0000000  0.7015319  0.0000000  0.1258178  0.0408391 -0.2612918  0.0707499 -0.1469765 -0.3772130  0.0931545  0.0836254 -0.1350494 -0.4666525 -0.0388649 
 0.0000000  0.0000000  0.0000000  0.0000000  0.0000000  0.0000000  0.7015319  0.0000000 -0.1473205  0.0348764  0.2184133 -0.0504459  0.1924178  0.3784590 -0.1647156 -0.0829809  0.1843911  0.4261530 -0.0693167 
 0.0000000  0.0000000  0.0000000  0.0000000  0.0000000  0.0000000  0.0000000  0.7015319  0.3421008 -0.3737137 -0.0490498 -0.2422948  0.3316135  0.0688058  0.0339727  0.1373541  0.1670558 -0.1169944 -0.1171668 
 0.0000000  0.0000000  0.0000000  0.0000000  0.0000000  0.0000000  0.0000000  0.7015319 -0.3216513  0.4486129  0.0795258  0.2087567 -0.3283598 -0.0378870  0.0763946 -0.0882490 -0.0844662  0.0871746  0.1249907 
