 0.6781253  0.1923656 -0.0519668 -0.0106634  0.0020795  0.0007506 -0.0027679  0.0016389 -0.0065453  0.0168426  0.0042178 -0.0012663  0.0027935  0.0010764  0.7018221 -0.0268282  0.0430147 -0.0695184 
 0.7347052 -0.1852885  0.0482835 -0.0058906 -0.0019269 -0.0008616  0.0012287 -0.0006934  0.0056089 -0.0001891 -0.0022480  0.0002672 -0.0024072 -0.0009721 -0.6465386  0.0248393 -0.0295260  0.0629259 
 0.0058268  0.9635775  0.0192337 -0.0008605 -0.0012783  0.0000997  0.0007160 -0.0017594  0.0010967 -0.0016415 -0.0002596 -0.0001097 -0.0007598 -0.0004244 -0.2643737 -0.0000716 -0.0094027  0.0334950 
-0.0003447  0.0003952  0.9972903 -0.0004213  0.0002816 -0.0000855  0.0001162  0.0000228 -0.0003945 -0.0000750  0.0000252 -0.0000636  0.0002569  0.0001100  0.0732075 -0.0018542  0.0051448 -0.0047030 
 0.0063448  0.0055962 -0.0009971  0.6992215  0.1821063 -0.0470485 -0.0158162  0.0054263 -0.0018309  0.0000099 -0.0045309 -0.0068775 -0.0099354  0.0012282  0.0237540  0.6340616  0.2410054  0.1204471 
 0.0099500 -0.0025404  0.0013119  0.7141255 -0.1819413  0.0460422  0.0003067  0.0028066  0.0049032  0.0130253  0.0012483  0.0078919  0.0093398 -0.0011589 -0.0194476 -0.6056223 -0.2575630 -0.1443802 
 0.0006772 -0.0010174  0.0003869  0.0026113  0.9662784  0.0171966 -0.0003749  0.0002012  0.0013232  0.0017770  0.0010638  0.0024939  0.0036070 -0.0004441 -0.0118147 -0.2333048 -0.0923196 -0.0536902 
-0.0000399 -0.0000074  0.0000472 -0.0000195  0.0003392  0.9976775 -0.0004667 -0.0000538 -0.0000504  0.0000496 -0.0000257 -0.0000901 -0.0009941  0.0001111  0.0014828  0.0622007  0.0229526  0.0155045 
-0.0001307 -0.0079884 -0.0020124  0.0263933  0.0045119 -0.0010457  0.6844247 -0.1795337 -0.0631781 -0.0064902 -0.0062453  0.0016493  0.0022435 -0.0010972  0.0439867 -0.2216798  0.2362490  0.6225533 
 0.0016481  0.0077226  0.0014047 -0.0098591  0.0002902  0.0006030  0.7288864  0.1685896  0.0605244 -0.0004905  0.0065828 -0.0017245 -0.0022610  0.0010670 -0.0368987  0.2213225 -0.2144255 -0.5831816 
-0.0010406 -0.0015920 -0.0004805  0.0007392  0.0000528 -0.0000924  0.0000650  0.9691232 -0.0219123 -0.0025284  0.0005468 -0.0002895  0.0010666 -0.0003785  0.0114166 -0.0837969  0.0889604  0.2127005 
 0.0001702  0.0002767 -0.0004723 -0.0000283  0.0002589 -0.0003947 -0.0009226 -0.0002512  0.9958585  0.0001430 -0.0002359  0.0004149  0.0001457 -0.0001300  0.0144966 -0.0239075  0.0278643  0.0818904 
-0.0031536  0.0014719  0.0005007 -0.0127839  0.0026203 -0.0022414  0.0045917  0.0080450 -0.0037731  0.7009004 -0.1829929  0.0573616 -0.0158203 -0.0011954  0.0587325  0.1808927 -0.5934275  0.2882614 
-0.0128994 -0.0038465  0.0008536 -0.0000108 -0.0016741  0.0012235  0.0022814 -0.0060857  0.0029641  0.7129030  0.1798613 -0.0564446  0.0153838  0.0011603 -0.0742977 -0.1677225  0.5896105 -0.2728855 
 0.0005593 -0.0000897  0.0002250  0.0002041  0.0008462 -0.0009408 -0.0001563 -0.0001886 -0.0018055 -0.0000929  0.9664547  0.0215114 -0.0058591 -0.0004558  0.0209891  0.0667539 -0.2178304  0.1145251 
 0.0000701  0.0001869 -0.0000110 -0.0001781  0.0000116 -0.0004195 -0.0001172  0.0000836  0.0001479 -0.0000403 -0.0001573  0.9964625  0.0017492  0.0001683 -0.0067936 -0.0108980  0.0755122 -0.0345270 
 0.0000032 -0.0000498  0.0000007  0.0000000  0.0000747 -0.0000270  0.0000015 -0.0000107  0.0000047 -0.0000397 -0.0000487  0.0000045  0.9996250 -0.0000154 -0.0012647  0.0199449 -0.0160306  0.0096660 
 0.0000000  0.0000000  0.0000000  0.0000000  0.0000000  0.0000000  0.0000000  0.0000000  0.0000000  0.0000000  0.0000000  0.0000000  0.0000000  0.9999946 -0.0013004 -0.0016087 -0.0016980  0.0019258 
