 0.7071068  0.0000000  0.0000000  0.0000000 -0.1238100 -0.6794952 -0.0373030 -0.1468530 
 0.7071068  0.0000000  0.0000000  0.0000000  0.1238100  0.6794952  0.0373030  0.1468530 
 0.0000000  0.7071068  0.0000000  0.0000000 -0.1992987  0.0919671 -0.6663596 -0.0882435 
 0.0000000  0.7071068  0.0000000  0.0000000  0.1992987 -0.0919671  0.6663596  0.0882435 
 0.0000000  0.0000000  0.7071068  0.0000000 -0.3207566 -0.0768673  0.0024976  0.6254601 
 0.0000000  0.0000000  0.7071068  0.0000000  0.3207566  0.0768673 -0.0024976 -0.6254601 
 0.0000000  0.0000000  0.0000000  0.7071068 -0.5848644  0.1546599  0.2335960 -0.2818633 
 0.0000000  0.0000000  0.0000000  0.7071068  0.5848644 -0.1546599 -0.2335960  0.2818633 
