 0.3779645  0.0000000  0.0000000 -0.1299253  0.0635026  0.1561781  0.2089272 -0.1280994  0.1158334 -0.0810927 -0.1657580  0.1994321  0.1417289 -0.5484554 -0.1515873 -0.1007658 -0.3731544  0.0529578 -0.3438004  0.0243180 -0.2228769 
 0.3779645  0.0000000  0.0000000 -0.0944506  0.2257477 -0.2078284  0.1458439  0.3100022 -0.2205424 -0.1410729 -0.1817428 -0.3934745  0.1576960 -0.0255820  0.0346118  0.4227179 -0.0201679 -0.2385479  0.0615633 -0.3255877  0.0882165 
 0.3779645  0.0000000  0.0000000  0.0000744 -0.5032506  0.3602773 -0.1201720 -0.2088309 -0.2936543 -0.2425766  0.2700054 -0.0877646  0.0903309  0.0965239  0.2619521  0.0267899  0.1879070  0.1073080 -0.0847405 -0.1773679 -0.1344286 
 0.3779645  0.0000000  0.0000000 -0.1771156 -0.0809781  0.1138373 -0.0889787 -0.0355755  0.0066298  0.3692212 -0.2685598 -0.3465937 -0.1077415 -0.0441833 -0.0942420 -0.4695854  0.1858805 -0.0403202  0.0736288  0.1629313  0.3966818 
 0.3779645  0.0000000  0.0000000  0.1496833  0.0460145 -0.2237382 -0.2611212  0.0051383  0.2051408  0.4568057  0.1130507  0.5105168  0.0058868  0.0215749  0.2178804  0.0909866  0.1169194 -0.1776837 -0.0442188 -0.2924184  0.0351126 
 0.3779645  0.0000000  0.0000000  0.1072786  0.0195860 -0.1039215  0.3112073 -0.0605555  0.2509935 -0.3486684 -0.0226255  0.2221608  0.0275044  0.3054073 -0.3584203 -0.1018810  0.2925860 -0.0729742  0.3479256  0.1715782 -0.1587487 
 0.3779645  0.0000000  0.0000000  0.1444552  0.2293779 -0.0948045 -0.1957064  0.1179208 -0.0644009 -0.0126163  0.2556299 -0.1042769 -0.3154055  0.1947145  0.0898052  0.1317379 -0.3899706  0.3692602 -0.0103580  0.4365464 -0.0039567 
 0.0000000  0.3779645  0.0000000  0.3424420  0.1621318 -0.2948651  0.1089719  0.0555829  0.0739451  0.0279299 -0.0023200 -0.2956273  0.1085675 -0.1311034  0.2480506 -0.3135844  0.3128377  0.2767437 -0.1842401 -0.0678135 -0.3408726 
 0.0000000  0.3779645  0.0000000  0.1546432  0.0010373 -0.0563037 -0.3995900  0.0078400  0.1252744 -0.3920917 -0.0110306  0.0074191  0.2479564  0.2143953 -0.1598391 -0.1855434 -0.2011532 -0.2546249 -0.3397840 -0.0267693  0.3344076 
 0.0000000  0.3779645  0.0000000 -0.2022704  0.0883541 -0.1997500 -0.1037901 -0.5710266 -0.2639137  0.2669517  0.1378785 -0.1182331  0.0643308  0.0819698 -0.3625675  0.0976855 -0.1382848 -0.0282134  0.1712514 -0.0978976 -0.2170055 
 0.0000000  0.3779645  0.0000000 -0.1444017  0.1293720  0.2963965 -0.1276515  0.3110244 -0.2256927  0.0937641  0.0178047  0.1617420 -0.0659309 -0.1060077 -0.0967420  0.2131112  0.3814005 -0.2697905 -0.1662289  0.4189373 -0.2017716 
 0.0000000  0.3779645  0.0000000  0.2820517 -0.4074421 -0.0721397  0.1798888 -0.1448938  0.1530608 -0.0360654 -0.1694076 -0.0732470 -0.4127568 -0.2229991  0.2144373  0.2091139 -0.1830983 -0.3067542  0.1903433  0.1232332  0.0733552 
 0.0000000  0.3779645  0.0000000 -0.5060340  0.0952343 -0.0031707  0.4620821  0.0236058  0.0042158 -0.0268036  0.0961047  0.2189999 -0.1028175  0.2898862  0.3417717 -0.1171189 -0.0757387  0.1162594 -0.1114481 -0.0916896  0.2340343 
 0.0000000  0.3779645  0.0000000  0.0735691 -0.0686874  0.3298326 -0.1199112  0.3178672  0.1331104  0.0663151 -0.0690297  0.0989464  0.1606504 -0.1261410 -0.1851110  0.0963361 -0.0959633  0.4663799  0.4401064 -0.2580005  0.1178526 
 0.0000000  0.0000000  0.3779645 -0.1844900  0.1362894 -0.1064865 -0.1485734 -0.3205408  0.2801179 -0.2254834  0.0622106 -0.0428490 -0.0679355 -0.2915601  0.0142753  0.3454230  0.3787744  0.2601588 -0.0760573  0.0676225  0.3204734 
 0.0000000  0.0000000  0.3779645  0.0532141  0.3604433  0.2388505 -0.2195041 -0.1995932 -0.1708647 -0.1611272 -0.4993691  0.1346500 -0.1113964  0.1370621  0.3224456 -0.1423597 -0.0743577 -0.0617730  0.2202376 -0.0805798 -0.1920691 
 0.0000000  0.0000000  0.3779645 -0.1549581 -0.4549570 -0.4811782 -0.0678886  0.2009089 -0.2702689  0.0225864 -0.2740472  0.2031715  0.2495696  0.0155065  0.0058410 -0.0129108 -0.0577035  0.1809072  0.0102836  0.2422619 -0.0460798 
 0.0000000  0.0000000  0.3779645 -0.3588577 -0.1452557  0.0283938 -0.1777942  0.2461079  0.4749921  0.0238712  0.1826663 -0.2713798 -0.1653977  0.1009175 -0.0385277 -0.0879549 -0.1273483 -0.1770326  0.0094317 -0.1435043 -0.4075237 
 0.0000000  0.0000000  0.3779645  0.3132535 -0.0789220  0.1946978  0.2752746 -0.0107229 -0.0317672  0.2481131 -0.1785578 -0.0347045 -0.1878410  0.3346620 -0.3280612  0.1945488  0.0244335  0.1368602 -0.4457841 -0.1751847  0.0428304 
 0.0000000  0.0000000  0.3779645  0.1412202  0.0916637 -0.0810181  0.0951678  0.1629947 -0.3781407 -0.1318651  0.4245708  0.1277306 -0.2854115 -0.3135773 -0.1826215 -0.3355943 -0.0076229 -0.1381532  0.1228526 -0.2045817  0.1667322 
 0.0000000  0.0000000  0.3779645  0.1906181  0.0907384  0.2067407  0.2433179 -0.0791546  0.0959315  0.2239051  0.2825262 -0.1166189  0.5684124  0.0169893  0.2066485  0.0388479 -0.1361754 -0.2009673  0.1590359  0.2939661  0.1156367 
