 0.4393209  0.0000000  0.0000000 -0.1147523  0.3576517  0.2890979 -0.2720851 -0.2482389  0.2736287  0.1612096  0.0890025 -0.3480092  0.3781203 -0.2716326 -0.0056210 
 0.4393209  0.0000000  0.0000000  0.1147523 -0.1197506 -0.2580196  0.5473250 -0.1724173  0.0036968  0.2642560 -0.1547779  0.0118080 -0.2431271 -0.3991004 -0.2670019 
 0.5540732  0.0000000  0.0000000  0.0000000 -0.2679857  0.3856202 -0.0420174  0.2468417 -0.1329210  0.1217497 -0.0843670  0.2283801 -0.1643325  0.1488256  0.5185237 
 0.5540732  0.0000000  0.0000000  0.0000000  0.0793555 -0.4102619 -0.1762184  0.0866938 -0.0869686 -0.4590985  0.1365199  0.0381916  0.0572974  0.3829940 -0.3023629 
 0.0000000  0.4393209  0.0000000 -0.1147523  0.0019738  0.0137971  0.1656717  0.3974511  0.3880090  0.3814412  0.0986851  0.2996292  0.3031071  0.2296201 -0.2608758 
 0.0000000  0.4393209  0.0000000  0.1147523 -0.4817906 -0.2122596 -0.4777662 -0.1163920  0.1878967 -0.1188345 -0.3762026  0.0329883  0.0664266 -0.2786838  0.0269156 
 0.0000000  0.5540732  0.0000000  0.0000000 -0.0319592  0.0049829  0.2278570 -0.5245428 -0.4183179  0.0118527  0.2640457  0.0055564  0.2202214  0.1818929  0.1960326 
 0.0000000  0.5540732  0.0000000  0.0000000  0.4124027  0.1523767  0.0196007  0.3016930 -0.0383138 -0.2200719 -0.0440039 -0.2692867 -0.5132222 -0.1429906 -0.0105271 
 0.0000000  0.0000000  0.4393209 -0.1147523  0.0201930 -0.0834142 -0.1202160 -0.2079792  0.0369139  0.3887327 -0.3643345 -0.3264088 -0.2464056  0.5217827 -0.0634430 
 0.0000000  0.0000000  0.4393209  0.1147523  0.1976809  0.1413147 -0.0737484  0.2135282 -0.5563865  0.0216765 -0.3372562  0.2105441  0.3380005 -0.2114893 -0.2380545 
 0.0000000  0.0000000  0.5540732  0.0000000 -0.2102068 -0.1902789  0.3051741  0.2763487  0.1685524 -0.2257611  0.1767119 -0.3863009  0.2454449 -0.1140903  0.3316877 
 0.0000000  0.0000000  0.5540732  0.0000000  0.0374561  0.1443700 -0.1513811 -0.2807484  0.2433338 -0.0996496  0.3795746  0.4781693 -0.3180698 -0.1319393 -0.0926324 
 0.0000000  0.0000000  0.0000000  0.5540732 -0.2475953  0.0532124 -0.2655554  0.1789107 -0.2026860  0.3331482  0.4774386 -0.2923380 -0.0969019 -0.0066258 -0.2267747 
 0.0000000  0.0000000  0.0000000  0.5540732  0.4751538 -0.4032364 -0.0561346 -0.0133161  0.1462276  0.1691223 -0.0838455  0.2121031  0.0459961  0.0341119  0.4427435 
 0.0000000  0.0000000  0.0000000  0.5540732 -0.0652534  0.4636107  0.2756212 -0.1621744  0.2766844 -0.3439818 -0.2503602 -0.0502691  0.1075541  0.2560522 -0.1852753 
