-0.3881533  0.0575754  0.0000000  0.0985626 -0.2394960  0.4183260 -0.4348103 -0.0902077 -0.0672917 -0.4727885 -0.0675074 -0.2119860 -0.0246963 -0.2714540  0.1001756 -0.2118262 
 0.3881533  0.0575754  0.0000000  0.3238224  0.1863633  0.1788558 -0.0786772 -0.0997533  0.0385752 -0.0762457  0.1258513  0.4839538  0.4482992 -0.1480190  0.0121074 -0.4218056 
-0.3881533  0.0000000  0.0575754 -0.2483156 -0.1043970 -0.1286805  0.3809703  0.3903303  0.0019902 -0.1158947 -0.1807066  0.1156951  0.5633036 -0.1432873  0.2428076 -0.0559852 
 0.3881533  0.0000000  0.0575754 -0.3342949  0.2665420 -0.2128095 -0.2687824  0.3532787  0.0637848 -0.2287310 -0.4624990 -0.0590090 -0.2307145 -0.1187738  0.0989663 -0.2645414 
 0.4457287  0.0000000  0.0000000 -0.0698844 -0.1298775  0.3313343  0.4179207 -0.3273037  0.1848896 -0.2922718 -0.2586322 -0.3039039  0.1437466  0.0486205  0.1894527  0.2241242 
 0.4457287  0.0000000  0.0000000 -0.0514051 -0.5639974 -0.0495348 -0.1622283  0.3678819 -0.3308941  0.0452120  0.3356428 -0.1500031  0.1358092 -0.1774583  0.0125008  0.1403486 
 0.0000000  0.4457287  0.0000000 -0.5215708 -0.2956933  0.3232363  0.1252089 -0.0923812  0.0080615  0.2252244  0.0329912  0.3127978 -0.2440798  0.1087673  0.0062722 -0.3033077 
 0.0000000  0.4457287  0.0000000 -0.0357708  0.0448527 -0.5441208  0.0113524 -0.4201218 -0.2979228 -0.2969822  0.1419963  0.0701012 -0.0364602 -0.1148020  0.3200724  0.0796696 
 0.0000000  0.4457287  0.0000000  0.3336098 -0.1621279 -0.0398650  0.0068913  0.3783216  0.3885042 -0.3628224 -0.0135584  0.2376971 -0.1335748  0.2646372 -0.1403751  0.2685917 
 0.0000000  0.4457287  0.0000000  0.0122738  0.4420741  0.2688996 -0.1486783  0.2223984  0.0758127  0.2947779  0.2222782 -0.3613004  0.1497054  0.0140906  0.3884942  0.1254887 
 0.0000000  0.4457287  0.0000000  0.1568979 -0.0222423 -0.0852889  0.0715536 -0.0636793 -0.1707463  0.2107218 -0.3912436 -0.2944262  0.2096920 -0.2185092 -0.5889675 -0.0885952 
 0.0000000  0.0000000  0.4457287 -0.2192547  0.0803325  0.1512756 -0.3856643 -0.1114403 -0.2796119 -0.0282401 -0.2164322  0.2427424  0.2922416  0.3311116 -0.1059075  0.4144349 
 0.0000000  0.0000000  0.4457287 -0.1051853  0.1476394 -0.0350382  0.2115789  0.0712502 -0.0796136 -0.3264663  0.4079431 -0.3218376  0.0326659  0.3426758 -0.2733106 -0.3758812 
 0.0000000  0.0000000  0.4457287  0.3765695  0.0579263  0.2068353  0.3405511  0.1819937 -0.4266647  0.0711156 -0.1737271  0.1401838 -0.3838821 -0.1845365  0.2137402  0.0158582 
 0.0000000  0.0000000  0.4457287 -0.2051127  0.0709304 -0.0141634  0.0029632 -0.0897870  0.4263880  0.0070234  0.2376003  0.0844295 -0.0615479 -0.6327382 -0.1903906  0.2451936 
 0.0000000  0.0000000  0.4457287  0.2282397 -0.3777730 -0.2647986 -0.1839203 -0.1480695  0.3510060  0.3210832 -0.1723005 -0.1528403  0.0775616  0.1773381  0.3117211 -0.2582027 
