::::::::::::::
run.001.016
::::::::::::::
 0.2500000  0.0050945 -0.2432209 -0.1938561 -0.1182824  0.0572244  0.5191864  0.3208731 -0.3119798 -0.0726327  0.0734407 -0.1466019 -0.0154040  0.2606694 -0.3901664  0.3178833 
 0.2500000 -0.1106381  0.6098468 -0.2101203 -0.0962358  0.0377242  0.2472859  0.1429736 -0.2739403  0.0008210  0.1370204  0.3611656 -0.1598763 -0.0883575  0.1074057 -0.3843914 
 0.2500000  0.0510802 -0.3568620  0.1284868  0.1777589 -0.3453863  0.0213365  0.3999721  0.0631753 -0.2704220  0.0102822  0.2201351  0.3430108  0.1626604  0.3166894 -0.3310851 
 0.2500000 -0.3213494  0.2444787 -0.0951268  0.0873016 -0.4769016 -0.1083480  0.0922008  0.2369752  0.3886561 -0.4283886  0.0601449  0.0561439  0.1823356 -0.1895808  0.2084092 
 0.2500000 -0.2235119  0.1528516  0.3196526 -0.0415234 -0.0607024 -0.1238455 -0.3779650 -0.1796096 -0.5502412 -0.1722209 -0.2447601 -0.0561554  0.2906063 -0.2226972 -0.1913236 
 0.2500000 -0.0074448  0.2468267 -0.2295384  0.2543099  0.1359706 -0.1155841  0.0029800 -0.0466409  0.1551726  0.2821422 -0.6155081  0.4412172  0.0628051  0.2081236 -0.0257355 
 0.2500000  0.2111124 -0.0261822 -0.1006794  0.0279319 -0.0198669 -0.0602495  0.1833147 -0.1238459 -0.1375391 -0.4361674 -0.3065851 -0.4947929 -0.2054811  0.4603846  0.1619038 
 0.2500000  0.1990945 -0.1378283  0.0587651  0.0954175  0.1895970  0.5490993 -0.5063613  0.1923021  0.2665905 -0.2878608  0.0574928  0.0944390  0.0936043  0.1598408 -0.1870789 
 0.2500000 -0.1702532 -0.2517011 -0.1224275  0.2780009 -0.2527432  0.0722962 -0.1153948  0.2709623  0.0095281  0.3749467 -0.1595024 -0.4034148 -0.3757519 -0.2631634 -0.2402923 
 0.2500000  0.4902897  0.1422328 -0.0080755  0.3163672 -0.1748345 -0.1149435 -0.2239833 -0.2082912 -0.1745084  0.0308580  0.2951070  0.2237206 -0.3157390 -0.2142167  0.3539423 
 0.2500000  0.4617858 -0.0643735  0.2688236 -0.1860238  0.0816101 -0.3423288  0.1743287 -0.1306432  0.4302659  0.0120599 -0.0725806 -0.1403259  0.1434959 -0.2995490 -0.3483925 
 0.2500000 -0.1917284 -0.2452706 -0.1547998 -0.6582799 -0.0964041 -0.1137988 -0.1741537 -0.1434249  0.0452916 -0.0742079 -0.0209440  0.3203364 -0.4434204  0.0430727 -0.0324641 
 0.2500000  0.0171550  0.2106219  0.2212898 -0.1195271  0.4217217  0.0539032  0.3281020  0.5939781 -0.2435481 -0.0903624 -0.0071219  0.1309727 -0.2484652 -0.1854390  0.0869736 
 0.2500000 -0.4730271 -0.2339579  0.2474487  0.3465997  0.4539502 -0.1928233  0.0369392 -0.3094456  0.2006300 -0.0303881  0.2480532 -0.0288810 -0.0999591  0.0696908  0.1374233 
 0.2500000  0.0648627 -0.1456563 -0.5620851 -0.0943377  0.2419349 -0.3603071 -0.1714878  0.2526853 -0.1568169  0.1067410  0.2779312 -0.1416694  0.4057375  0.0518607  0.0707996 
 0.2500000 -0.0025223  0.0981943  0.4322424 -0.2694774 -0.1928943  0.0691210 -0.1123383  0.1177433  0.1087525  0.4921051  0.0535742 -0.1693210  0.1752597  0.3477442  0.4034283 
::::::::::::::
run.002.016
::::::::::::::
 0.3535534  0.0000000 -0.4612965  0.1588355  0.0981553 -0.2706881 -0.5274687 -0.0419354  0.1659967 -0.3802128 -0.1341470 -0.0125437  0.0218100  0.2058661 -0.1079269  0.1712142 
 0.3535534  0.0000000  0.1486328  0.1573438 -0.3725190  0.3934560 -0.1981843  0.1832021  0.3448754  0.2889349  0.0117876 -0.2590196  0.4264041  0.0292349 -0.0831037 -0.0499927 
 0.3535534  0.0000000  0.0823814 -0.2026325  0.0431453  0.3278714  0.0288380 -0.0239540  0.1268876 -0.0865517  0.0794788  0.3632918 -0.1483891  0.0023062  0.5955439  0.4216635 
 0.3535534  0.0000000  0.2258791 -0.1343167 -0.1730554  0.0976567 -0.2226342 -0.5071657 -0.6160851 -0.0464458  0.0175257 -0.2513991 -0.0847042 -0.0506709 -0.0612508 -0.0308033 
 0.3535534  0.0000000 -0.2275933  0.0280842  0.4361714 -0.0479637  0.1754948 -0.1162008  0.0362110  0.2288819 -0.2995769 -0.0436411  0.1656572 -0.6100393  0.0796618 -0.1851491 
 0.3535534  0.0000000 -0.0718760  0.2699334 -0.2131193 -0.3750630  0.3051844  0.3265096 -0.4083811  0.2567752 -0.1201271  0.1784585  0.0719889  0.3119092  0.1715451 -0.0157361 
 0.3535534  0.0000000  0.4528111  0.1685983  0.2586241 -0.3045672  0.0725577 -0.0100832  0.2888645  0.1347965  0.3672083 -0.0455921 -0.3769921 -0.0036926 -0.2946059  0.0951851 
 0.3535534  0.0000000 -0.1489387 -0.4458461 -0.0774024  0.1792979  0.3662124  0.1896275  0.0616311 -0.3961781  0.0778506  0.0704455 -0.0757748  0.1150864 -0.2998635 -0.4063816 
 0.0000000  0.3535534  0.3832362 -0.2395224  0.2781840  0.0060449  0.0076683  0.2184964 -0.1213690 -0.1026981 -0.4536494  0.0300317  0.2802922  0.1047369 -0.2911838  0.3731463 
 0.0000000  0.3535534 -0.1284861  0.2763798  0.3337446  0.4250039 -0.0066755  0.1779920 -0.1078991  0.0631340 -0.1077243 -0.3631895 -0.4217697  0.2779552  0.1361894 -0.1597824 
 0.0000000  0.3535534 -0.0637986  0.3412048 -0.3081998  0.1209923  0.3080106 -0.5044096  0.2159377 -0.0287309 -0.2862026  0.3046724 -0.1262312  0.0316629 -0.2289554  0.0635141 
 0.0000000  0.3535534  0.3695021  0.1331754  0.0653265 -0.2268640 -0.0865754 -0.1082526  0.1217484 -0.3464043  0.0538652  0.0448317  0.2771779  0.0573919  0.4236928 -0.4964038 
 0.0000000  0.3535534 -0.2400531 -0.4686553 -0.0523184 -0.2934256  0.1618458 -0.2582488  0.2161051  0.3148700  0.1130236 -0.3782965  0.0761637  0.2556608  0.1645815  0.1266367 
 0.0000000  0.3535534 -0.1620643 -0.1072687  0.1775684  0.1247785 -0.3338840 -0.0120342 -0.1644972  0.3690473  0.3597168  0.5395247  0.1209771  0.0539825 -0.2080011 -0.1842626 
 0.0000000  0.3535534  0.0274015 -0.1784964 -0.4298812 -0.1929641 -0.2775624  0.3432015  0.0385787  0.0413548 -0.1817608  0.0091175 -0.4327171 -0.4427080  0.0513704 -0.0577503 
 0.0000000  0.3535534 -0.1857377  0.2431828 -0.0644242  0.0364341  0.2271725  0.1432554 -0.1986046 -0.3105726  0.5027315 -0.1866920  0.2261071 -0.3386822 -0.0476938  0.3349021 
::::::::::::::
run.003.016
::::::::::::::
-0.3881533  0.0575754  0.0000000  0.0985626 -0.2394960  0.4183260 -0.4348103 -0.0902077 -0.0672917 -0.4727885 -0.0675074 -0.2119860 -0.0246963 -0.2714540  0.1001756 -0.2118262 
 0.3881533  0.0575754  0.0000000  0.3238224  0.1863633  0.1788558 -0.0786772 -0.0997533  0.0385752 -0.0762457  0.1258513  0.4839538  0.4482992 -0.1480190  0.0121074 -0.4218056 
-0.3881533  0.0000000  0.0575754 -0.2483156 -0.1043970 -0.1286805  0.3809703  0.3903303  0.0019902 -0.1158947 -0.1807066  0.1156951  0.5633036 -0.1432873  0.2428076 -0.0559852 
 0.3881533  0.0000000  0.0575754 -0.3342949  0.2665420 -0.2128095 -0.2687824  0.3532787  0.0637848 -0.2287310 -0.4624990 -0.0590090 -0.2307145 -0.1187738  0.0989663 -0.2645414 
 0.4457287  0.0000000  0.0000000 -0.0698844 -0.1298775  0.3313343  0.4179207 -0.3273037  0.1848896 -0.2922718 -0.2586322 -0.3039039  0.1437466  0.0486205  0.1894527  0.2241242 
 0.4457287  0.0000000  0.0000000 -0.0514051 -0.5639974 -0.0495348 -0.1622283  0.3678819 -0.3308941  0.0452120  0.3356428 -0.1500031  0.1358092 -0.1774583  0.0125008  0.1403486 
 0.0000000  0.4457287  0.0000000 -0.5215708 -0.2956933  0.3232363  0.1252089 -0.0923812  0.0080615  0.2252244  0.0329912  0.3127978 -0.2440798  0.1087673  0.0062722 -0.3033077 
 0.0000000  0.4457287  0.0000000 -0.0357708  0.0448527 -0.5441208  0.0113524 -0.4201218 -0.2979228 -0.2969822  0.1419963  0.0701012 -0.0364602 -0.1148020  0.3200724  0.0796696 
 0.0000000  0.4457287  0.0000000  0.3336098 -0.1621279 -0.0398650  0.0068913  0.3783216  0.3885042 -0.3628224 -0.0135584  0.2376971 -0.1335748  0.2646372 -0.1403751  0.2685917 
 0.0000000  0.4457287  0.0000000  0.0122738  0.4420741  0.2688996 -0.1486783  0.2223984  0.0758127  0.2947779  0.2222782 -0.3613004  0.1497054  0.0140906  0.3884942  0.1254887 
 0.0000000  0.4457287  0.0000000  0.1568979 -0.0222423 -0.0852889  0.0715536 -0.0636793 -0.1707463  0.2107218 -0.3912436 -0.2944262  0.2096920 -0.2185092 -0.5889675 -0.0885952 
 0.0000000  0.0000000  0.4457287 -0.2192547  0.0803325  0.1512756 -0.3856643 -0.1114403 -0.2796119 -0.0282401 -0.2164322  0.2427424  0.2922416  0.3311116 -0.1059075  0.4144349 
 0.0000000  0.0000000  0.4457287 -0.1051853  0.1476394 -0.0350382  0.2115789  0.0712502 -0.0796136 -0.3264663  0.4079431 -0.3218376  0.0326659  0.3426758 -0.2733106 -0.3758812 
 0.0000000  0.0000000  0.4457287  0.3765695  0.0579263  0.2068353  0.3405511  0.1819937 -0.4266647  0.0711156 -0.1737271  0.1401838 -0.3838821 -0.1845365  0.2137402  0.0158582 
 0.0000000  0.0000000  0.4457287 -0.2051127  0.0709304 -0.0141634  0.0029632 -0.0897870  0.4263880  0.0070234  0.2376003  0.0844295 -0.0615479 -0.6327382 -0.1903906  0.2451936 
 0.0000000  0.0000000  0.4457287  0.2282397 -0.3777730 -0.2647986 -0.1839203 -0.1480695  0.3510060  0.3210832 -0.1723005 -0.1528403  0.0775616  0.1773381  0.3117211 -0.2582027 
::::::::::::::
run.004.016
::::::::::::::
 0.5000000  0.0000000  0.0000000  0.0000000  0.2110760 -0.4135873  0.2454378 -0.0471145  0.1159276 -0.1903879 -0.2891868 -0.0507150  0.3462008 -0.1904502  0.3234902 -0.2743594 
 0.5000000  0.0000000  0.0000000  0.0000000  0.1728962  0.1582389  0.1878457  0.0407315 -0.0416203  0.3186419 -0.2014259  0.2519456 -0.5809886 -0.0533170  0.1008791  0.3166091 
 0.5000000  0.0000000  0.0000000  0.0000000  0.1560876  0.2992239  0.0438780  0.1647893 -0.1540611 -0.1895017  0.4541081 -0.3878405  0.2234549 -0.0520812 -0.3145581  0.1978623 
 0.5000000  0.0000000  0.0000000  0.0000000 -0.5400598 -0.0438756 -0.4771615 -0.1584063  0.0797538  0.0612477  0.0365046  0.1866098  0.0113329  0.2958484 -0.1098111 -0.2401120 
 0.0000000  0.5000000  0.0000000  0.0000000 -0.0948153  0.1218319  0.1493048  0.3591738 -0.4693110 -0.2701978 -0.1512700  0.0570494 -0.2193092  0.0654981 -0.0653604 -0.4458855 
 0.0000000  0.5000000  0.0000000  0.0000000 -0.2418107 -0.4755636  0.0215321  0.1004002  0.1994383 -0.1140576 -0.0972446 -0.0052706 -0.0094483 -0.1672338 -0.3485779  0.4929412 
 0.0000000  0.5000000  0.0000000  0.0000000  0.0102423  0.1760603 -0.1791219  0.2147968  0.1905801  0.4509550  0.0236895 -0.3305500  0.1893748  0.1462172  0.4807111  0.0533332 
 0.0000000  0.5000000  0.0000000  0.0000000  0.3263836  0.1776713  0.0082850 -0.6743708  0.0792926 -0.0666995  0.2248252  0.2787712  0.0393826 -0.0444815 -0.0667728 -0.1003889 
 0.0000000  0.0000000  0.5000000  0.0000000  0.3837334 -0.0141067 -0.5403507  0.2914585  0.1068867 -0.3482530 -0.0047528  0.2490999 -0.0522898  0.0071003  0.1276627  0.1084528 
 0.0000000  0.0000000  0.5000000  0.0000000 -0.1773840  0.0977638  0.4802691 -0.0567442 -0.0141711 -0.0875493 -0.0352387  0.1620642  0.2476619  0.5651533  0.0782318  0.2299383 
 0.0000000  0.0000000  0.5000000  0.0000000 -0.1114366  0.0774389  0.2026036  0.1773552  0.3156927  0.3652360  0.1629220  0.1012207  0.0194179 -0.4189080 -0.2750085 -0.3711374 
 0.0000000  0.0000000  0.5000000  0.0000000 -0.0949128 -0.1610960 -0.1425219 -0.4120696 -0.4084083  0.0705663 -0.1229305 -0.5123849 -0.2147899 -0.1533457  0.0691140  0.0327462 
 0.0000000  0.0000000  0.0000000  0.5000000  0.1140019  0.1577970 -0.1640181  0.0027548 -0.3138950  0.2766126 -0.4326277  0.1769212  0.4440803 -0.0945802 -0.2725733  0.1059852 
 0.0000000  0.0000000  0.0000000  0.5000000 -0.2091592 -0.2218292  0.0611748  0.0560341 -0.2730584  0.0022212  0.5378437  0.2630485 -0.0068523 -0.2151195  0.4010737  0.0997118 
 0.0000000  0.0000000  0.0000000  0.5000000 -0.2473943  0.4134701  0.0550514 -0.0985820  0.4131923 -0.4096176 -0.2256797 -0.2141979 -0.1766840 -0.1561210  0.1182533  0.0137176 
 0.0000000  0.0000000  0.0000000  0.5000000  0.3425515 -0.3494379  0.0477920  0.0397931  0.1737611  0.1307838  0.1204637 -0.2257719 -0.2605440  0.4658207 -0.2467537 -0.2194145 
::::::::::::::
run.005.016
::::::::::::::
 0.4568590 -0.0648419  0.0267572  0.0171633  0.0113099  0.2006624  0.1459769  0.3457719 -0.0413731  0.3765448  0.5092544  0.0722673 -0.0898495 -0.1924522  0.3778682 -0.0940667 
 0.4568591  0.0648419 -0.0267572  0.0171632  0.0113100  0.0911029 -0.2866915  0.3393440  0.4323555 -0.1617967 -0.0213527  0.1712738  0.1671123  0.4582144 -0.3150106 -0.0164918 
 0.5343547  0.0000000  0.0000000 -0.0293483  0.0132283 -0.2903121  0.1485367 -0.3144346 -0.3423165  0.2880766 -0.2971494  0.0120909  0.2752139  0.2119720  0.0631054  0.3081324 
 0.5449996  0.0000000  0.0000000  0.0000000 -0.0319317  0.0400625 -0.0276781 -0.2660219  0.0078799 -0.4624676 -0.1176499 -0.2160089 -0.3346059 -0.4306134 -0.1145647 -0.2094356 
 0.0000000  0.5765978  0.0003336  0.0000000  0.0000000  0.2109021 -0.0045395  0.3179855  0.0721587  0.0278688 -0.2396557 -0.3572816  0.2760119 -0.3577160  0.0406214  0.3536352 
 0.0000000  0.5750993  0.0018322  0.0000000  0.0000000 -0.2662208 -0.0966286  0.1254069 -0.5228904 -0.0823603  0.3033302  0.2451996 -0.1630583  0.0445845 -0.3138179 -0.1180380 
 0.0000000  0.5730505  0.0038809  0.0000000  0.0000000  0.0673619  0.1504990 -0.4450817  0.3985510  0.1155279 -0.0032361  0.1022141 -0.1431550  0.2415621  0.3524676 -0.2461421 
 0.0000000  0.0000000  0.5769314  0.0000000  0.0000000  0.0390093  0.0503742 -0.0316461  0.1715774  0.0234669 -0.0746388  0.4684320 -0.3459475 -0.1680915 -0.0887451  0.5012886 
 0.0000000  0.0000000  0.5769314  0.0000000  0.0000000  0.1973251  0.0980196 -0.1769786 -0.1499136 -0.3977354  0.3634760 -0.1857243  0.4466696  0.1762216  0.0953752 -0.0185363 
 0.0000000  0.0000000  0.5769314  0.0000000  0.0000000 -0.2411453 -0.1691631  0.2107383 -0.0007551  0.3487693 -0.3142489 -0.2793756 -0.0874835  0.0204871 -0.0401627 -0.4773284 
 0.0000000  0.0000000  0.0000000  0.5769314  0.0000000 -0.2063224  0.5735633  0.1143839  0.1507473 -0.0097318  0.1241452 -0.3188016 -0.1908132  0.1730933 -0.2522052  0.1125982 
 0.0000000  0.0000000  0.0000000  0.5769314  0.0000000  0.5143953 -0.2705363 -0.0032786 -0.3688614 -0.0098289 -0.2582179  0.0455848 -0.2004202  0.2244800  0.1840464  0.0021585 
 0.0000000  0.0000000  0.0000000  0.5769314  0.0000000 -0.3315207 -0.2912848 -0.1474820  0.1890692  0.0278265  0.1044421  0.2665867  0.4029349 -0.3946965  0.0694990 -0.0957931 
 0.0000000  0.0000000  0.0000000  0.0000000  0.5769314  0.2527225  0.4367445  0.0631033 -0.0688969 -0.0051481 -0.2545735  0.3424903  0.2295158 -0.1512001 -0.2054489 -0.3223739 
 0.0000000  0.0000000  0.0000000  0.0000000  0.5769314 -0.3845529 -0.1036688  0.2422455 -0.0042481 -0.3565128 -0.0566198 -0.0537655 -0.1582771  0.1247309  0.5069406  0.1379310 
 0.0000000  0.0000000  0.0000000  0.0000000  0.5769314  0.1349846 -0.3352548 -0.3262936  0.0737654  0.3252494  0.3019304 -0.3057318 -0.0975832 -0.0074343 -0.3105117  0.1679535 
::::::::::::::
run.006.016
::::::::::::::
 0.5224346  0.0000000 -0.1514527  0.0000000  0.0000000  0.0000000 -0.0473700  0.5436464 -0.3364087 -0.0987463  0.0693329 -0.0848552  0.4763648  0.0172243 -0.1958961 -0.0761855 
 0.5224346  0.0000000  0.1514527  0.0000000  0.0000000  0.0000000  0.0297380 -0.2264333  0.3735232  0.0457393  0.4130549  0.3185398  0.1137737  0.1281053  0.0986747  0.4462982 
 0.6738873  0.0000000  0.0000000  0.0000000  0.0000000  0.0000000  0.0136693 -0.2459211 -0.0287732  0.0410939 -0.3739736 -0.1811652 -0.4575079 -0.1126675  0.0753714 -0.2869317 
 0.0000000  0.5224346 -0.1514527  0.0000000  0.0000000  0.0000000  0.3115792  0.1388637  0.3487827 -0.5830941 -0.2054718  0.0941649  0.0659003 -0.2214732  0.1469496  0.0061781 
 0.0000000  0.5224346  0.1514527  0.0000000  0.0000000  0.0000000 -0.3082152  0.3112572 -0.0240226  0.2699260 -0.0546611  0.5039133 -0.3095928  0.1765971 -0.2032482 -0.1163997 
 0.0000000  0.6738873  0.0000000  0.0000000  0.0000000  0.0000000 -0.0026080 -0.3489585 -0.2517719  0.2427852  0.2016694 -0.4636631  0.1889238  0.0347904  0.0436458  0.0854498 
 0.0000000  0.0000000  0.6738873  0.0000000  0.0000000  0.0000000 -0.2698950 -0.0328438  0.0437824 -0.1300932 -0.1401091 -0.1115777  0.1420151 -0.5299015 -0.3150811  0.1441963 
 0.0000000  0.0000000  0.6738873  0.0000000  0.0000000  0.0000000  0.3918609  0.1671707 -0.1195499 -0.0940910  0.0289654 -0.0711722  0.0238655  0.4155173  0.3275830 -0.2340731 
 0.0000000  0.0000000  0.0000000  0.5224346  0.0000000 -0.1514527 -0.0894242  0.0244722 -0.4896108 -0.1295651 -0.1868140  0.1641460 -0.1232076 -0.0753652  0.3700312  0.4683975 
 0.0000000  0.0000000  0.0000000  0.5224346  0.0000000  0.1514527 -0.3977339 -0.0094599  0.1936700 -0.4154868  0.3069714 -0.2763366 -0.1700531  0.2830050 -0.1389072 -0.1918503 
 0.0000000  0.0000000  0.0000000  0.6738873  0.0000000  0.0000000  0.3776718 -0.0116384  0.2294296  0.4225543 -0.0931527  0.0869763  0.2273519 -0.1609739 -0.1791800 -0.2143946 
 0.0000000  0.0000000  0.0000000  0.0000000  0.5224346 -0.1514527 -0.0195912 -0.3343608 -0.0408482 -0.1666256 -0.4193949  0.1229045  0.2575897  0.4371240 -0.3313530  0.0654847 
 0.0000000  0.0000000  0.0000000  0.0000000  0.5224346  0.1514527 -0.1037689  0.4210373  0.3344907  0.2797852 -0.1601203 -0.3825823 -0.0994028  0.0261597  0.2310935  0.2999046 
 0.0000000  0.0000000  0.0000000  0.0000000  0.6738873  0.0000000  0.0956355 -0.0671964 -0.2276479 -0.0877275  0.4492722  0.2013166 -0.1226353 -0.3591631  0.0777266 -0.2832700 
 0.0000000  0.0000000  0.0000000  0.0000000  0.0000000  0.6738873 -0.3060296 -0.1764249 -0.0162138  0.0390991 -0.1915559  0.2240790  0.3639861 -0.0340075  0.3922175 -0.2119487 
 0.0000000  0.0000000  0.0000000  0.0000000  0.0000000  0.6738873  0.3942392  0.0142791 -0.2217056 -0.0751682  0.0223096 -0.0114772 -0.2732256  0.0458277 -0.4042432  0.3076514 
::::::::::::::
run.007.016
::::::::::::::
 0.5374039 -0.0987044  0.0334463 -0.0000002  0.0000001  0.0000001  0.0356767  0.0931045  0.1097278 -0.1959349 -0.5544020  0.4532814  0.0972405  0.0382267  0.3079987  0.1461441 
 0.5374037  0.0987048  0.0334461  0.0000001  0.0000002 -0.0000001 -0.0356766 -0.0857909 -0.3627474 -0.3542293  0.2842506 -0.3577465 -0.0190021  0.1173379  0.2401151 -0.3925220 
 0.6499188 -0.0000002 -0.0553120  0.0000003 -0.0000003  0.0000000  0.0000000 -0.0060475  0.2092163  0.4549187  0.2233825 -0.0789959 -0.0646934 -0.1286332 -0.4532235  0.2037245 
 0.0000000  0.6950994  0.0000000  0.0000000  0.0000000  0.0000000  0.0101322 -0.5025410 -0.1594483 -0.0285870 -0.0502591  0.2970876  0.0053121 -0.3774625 -0.0680257 -0.0050098 
 0.0000000  0.7052316  0.0000000  0.0000000  0.0000000  0.0000000  0.0000000  0.5203591  0.2232855  0.0503316 -0.0678411 -0.1793075  0.0110335  0.3609668  0.0765490  0.0803300 
 0.0000000  0.0000000  0.7052316  0.0000000  0.0000000  0.0000000  0.0000000  0.0431389 -0.3493269  0.3616706 -0.3916744 -0.2180817  0.1444138 -0.0343776 -0.1041443 -0.1187470 
 0.0000000  0.0000000  0.7052316  0.0000000  0.0000000  0.0000000  0.0000000 -0.0439600  0.3777355 -0.2998989  0.4220068  0.2073551 -0.1531983  0.0169110  0.0426027  0.1464099 
 0.0000000  0.0000000  0.0000001  0.5374035 -0.0987046  0.0334465 -0.0356767 -0.2945070  0.0508557  0.4205752  0.0083703  0.0292664 -0.4203006  0.2781021  0.4214329 -0.0182631 
 0.0000000  0.0000000 -0.0000001  0.5374042  0.0987046  0.0334464  0.0356762  0.1752115 -0.0945805 -0.3771071 -0.2271601  0.0373602 -0.3938367 -0.0104895 -0.5410707 -0.1274204 
-0.0000002  0.0000000  0.0000000  0.6499187  0.0000000 -0.0553123  0.0000004  0.0986427  0.0361552 -0.0359426  0.1809124 -0.0550919  0.6731928 -0.2212829  0.0989267  0.1204626 
 0.0000000  0.0000000  0.0000000  0.0000000  0.6951019  0.0000000 -0.0101297  0.0438998  0.2584326  0.0153036 -0.1311288 -0.3237955 -0.1982955 -0.4585528  0.2752094 -0.0202888 
 0.0000000  0.0000000 -0.0000001  0.0000000  0.7052291  0.0000000 -0.0000024 -0.1090117 -0.2343659  0.0965609  0.1622110  0.3180130  0.1917439  0.4923594 -0.1365446  0.0352754 
 0.0000000  0.0000000  0.0000000  0.0000000  0.0000000  0.7052316  0.0000000  0.0213129  0.3030579  0.1151244  0.0006302  0.1635172  0.1646766 -0.0167257 -0.0539043 -0.5831418 
 0.0000000  0.0000000  0.0000000  0.0000000  0.0000000  0.7052316  0.0000000 -0.0079185 -0.2981485 -0.1200049  0.0239355 -0.1709981 -0.0732657 -0.0133216  0.0673372  0.5994990 
 0.0000000  0.0000000  0.0000000  0.0000000  0.0000000  0.0000000  0.7052317  0.3843925 -0.2856845  0.1696920  0.2427124  0.2755174 -0.1599104 -0.2303057  0.1586749 -0.0766205 
 0.0000000  0.0000000  0.0000000  0.0000000  0.0000000  0.0000000  0.7052317 -0.4093547  0.2751420 -0.1367156 -0.1895321 -0.3258737  0.1497665  0.2477457 -0.1084879  0.0546728 
::::::::::::::
run.008.016
::::::::::::::
 0.7071068  0.0000000  0.0000000  0.0000000  0.0000000  0.0000000  0.0000000  0.0000000  0.4095194 -0.1302898 -0.1507570 -0.4416473  0.1623447 -0.1751045 -0.0651387  0.1904676 
 0.7071068  0.0000000  0.0000000  0.0000000  0.0000000  0.0000000  0.0000000  0.0000000 -0.4095194  0.1302898  0.1507570  0.4416473 -0.1623447  0.1751045  0.0651387 -0.1904676 
 0.0000000  0.7071068  0.0000000  0.0000000  0.0000000  0.0000000  0.0000000  0.0000000 -0.3013722 -0.4269762  0.3775973 -0.1549620  0.1979248 -0.0921501  0.0864826  0.0716105 
 0.0000000  0.7071068  0.0000000  0.0000000  0.0000000  0.0000000  0.0000000  0.0000000  0.3013722  0.4269762 -0.3775973  0.1549620 -0.1979248  0.0921501 -0.0864826 -0.0716105 
 0.0000000  0.0000000  0.7071068  0.0000000  0.0000000  0.0000000  0.0000000  0.0000000 -0.0714627  0.2374372  0.0494880 -0.0286652 -0.1744643 -0.3658236  0.4531788  0.2561449 
 0.0000000  0.0000000  0.7071068  0.0000000  0.0000000  0.0000000  0.0000000  0.0000000  0.0714627 -0.2374372 -0.0494880  0.0286652  0.1744643  0.3658236 -0.4531788 -0.2561449 
 0.0000000  0.0000000  0.0000000  0.7071068  0.0000000  0.0000000  0.0000000  0.0000000 -0.1160854 -0.0094615  0.0624519 -0.2268286 -0.4149097  0.3219046 -0.1421484  0.3675655 
 0.0000000  0.0000000  0.0000000  0.7071068  0.0000000  0.0000000  0.0000000  0.0000000  0.1160854  0.0094615 -0.0624519  0.2268286  0.4149097 -0.3219046  0.1421484 -0.3675655 
 0.0000000  0.0000000  0.0000000  0.0000000  0.7071068  0.0000000  0.0000000  0.0000000 -0.1279969 -0.1601287 -0.4040700  0.1681121  0.2578286  0.2302395  0.2304263  0.3063645 
 0.0000000  0.0000000  0.0000000  0.0000000  0.7071068  0.0000000  0.0000000  0.0000000  0.1279969  0.1601287  0.4040700 -0.1681121 -0.2578286 -0.2302395 -0.2304263 -0.3063645 
 0.0000000  0.0000000  0.0000000  0.0000000  0.0000000  0.7071068  0.0000000  0.0000000 -0.0456186 -0.4027813 -0.2810758  0.1411746 -0.3625210 -0.3007608 -0.0974079 -0.0733855 
 0.0000000  0.0000000  0.0000000  0.0000000  0.0000000  0.7071068  0.0000000  0.0000000  0.0456186  0.4027813  0.2810758 -0.1411746  0.3625210  0.3007608  0.0974079  0.0733855 
 0.0000000  0.0000000  0.0000000  0.0000000  0.0000000  0.0000000  0.7071068  0.0000000 -0.3531951  0.2293840 -0.1378175 -0.0407139  0.1791506 -0.2693735 -0.4093675  0.1724709 
 0.0000000  0.0000000  0.0000000  0.0000000  0.0000000  0.0000000  0.7071068  0.0000000  0.3531951 -0.2293840  0.1378175  0.0407139 -0.1791506  0.2693735  0.4093675 -0.1724709 
 0.0000000  0.0000000  0.0000000  0.0000000  0.0000000  0.0000000  0.0000000  0.7071068 -0.2822673  0.0613108 -0.2589854 -0.4228616 -0.0434755  0.0858364  0.1803725 -0.3590105 
 0.0000000  0.0000000  0.0000000  0.0000000  0.0000000  0.0000000  0.0000000  0.7071068  0.2822673 -0.0613108  0.2589854  0.4228616  0.0434755 -0.0858364 -0.1803725  0.3590105 
::::::::::::::
run.009.016
::::::::::::::
 0.7071068  0.0000000  0.0000000  0.0000000 -0.1826073  0.0000000  0.0000000  0.0000000  0.0000000  0.1782227  0.5365745 -0.0105218 -0.0918434  0.0591812  0.3618805  0.0630336 
 0.7071068  0.0000000  0.0000000  0.0000000  0.1826073  0.0000000  0.0000000  0.0000000  0.0000000 -0.1782227 -0.5365745  0.0105218  0.0918434 -0.0591812 -0.3618805 -0.0630336 
 0.0000000  0.7071068  0.0000000  0.0000000 -0.1826073  0.0000000  0.0000000  0.0000000  0.0000000 -0.0380096 -0.1941499 -0.2820314 -0.2988906 -0.2929841  0.1084041  0.4013069 
 0.0000000  0.7071068  0.0000000  0.0000000  0.1826073  0.0000000  0.0000000  0.0000000  0.0000000  0.0380096  0.1941499  0.2820314  0.2988906  0.2929841 -0.1084041 -0.4013069 
 0.0000000  0.0000000  0.7071068  0.0000000 -0.1369555  0.0000000  0.0000000  0.0000000 -0.0456518 -0.1245327 -0.3008772  0.4178173 -0.0673030  0.1928475  0.3916261  0.0588351 
 0.0000000  0.0000000  0.7071068  0.0000000  0.1369555  0.0000000  0.0000000  0.0000000  0.0456518  0.1245327  0.3008772 -0.4178173  0.0673030 -0.1928475 -0.3916261 -0.0588351 
 0.0000000  0.0000000  0.0000000  0.7071068 -0.1369555  0.0000000  0.0000000  0.0000000  0.0456518 -0.0594083  0.0718930  0.0004985 -0.2216567  0.4984548 -0.3285823  0.2547659 
 0.0000000  0.0000000  0.0000000  0.7071068  0.1369555  0.0000000  0.0000000  0.0000000 -0.0456518  0.0594083 -0.0718930 -0.0004985  0.2216567 -0.4984548  0.3285823 -0.2547659 
 0.0000000  0.0000000  0.0000000  0.0000000  0.8897141  0.0000000  0.0000000  0.0000000  0.0000000  0.0009266  0.0700643  0.0086956 -0.2493509  0.1168544  0.2124539  0.2871514 
 0.0000000  0.0000000  0.0000000  0.0000000  0.0000000  0.7071068  0.0000000  0.0000000 -0.1826073 -0.1256870  0.2104995  0.4345652 -0.2133106 -0.3237446 -0.2505830  0.0677981 
 0.0000000  0.0000000  0.0000000  0.0000000  0.0000000  0.7071068  0.0000000  0.0000000  0.1826073  0.1256870 -0.2104995 -0.4345652  0.2133106  0.3237446  0.2505830 -0.0677981 
 0.0000000  0.0000000  0.0000000  0.0000000  0.0000000  0.0000000  0.7071068  0.0000000 -0.1826073 -0.1503285 -0.0235069 -0.1757470 -0.4502792  0.0690358  0.0564796 -0.4493429 
 0.0000000  0.0000000  0.0000000  0.0000000  0.0000000  0.0000000  0.7071068  0.0000000  0.1826073  0.1503285  0.0235069  0.1757470  0.4502793 -0.0690358 -0.0564796  0.4493429 
 0.0000000  0.0000000  0.0000000  0.0000000  0.0000000  0.0000000  0.0000000  0.7071068 -0.1826073  0.6321602 -0.1755500  0.0923347 -0.1407863  0.0167355 -0.0814564 -0.0307989 
 0.0000000  0.0000000  0.0000000  0.0000000  0.0000000  0.0000000  0.0000000  0.7071068  0.1826073 -0.6321602  0.1755500 -0.0923347  0.1407863 -0.0167355  0.0814564  0.0307989 
 0.0000000  0.0000000  0.0000000  0.0000000  0.0000000  0.0000000  0.0000000  0.0000000  0.8897141  0.1395090 -0.0335571  0.1869689 -0.3143446 -0.1290464 -0.0392045 -0.1893677 
::::::::::::::
run.010.016
::::::::::::::
 0.7071068  0.0000000  0.0000000 -0.1732226 -0.0577409  0.0000000  0.0000000  0.0000000  0.0000000  0.0000000 -0.0964757 -0.5405491  0.1624826  0.0834389  0.3459687  0.1100096 
 0.7071068  0.0000000  0.0000000  0.1732226  0.0577409  0.0000000  0.0000000  0.0000000  0.0000000  0.0000000  0.0964757  0.5405491 -0.1624826 -0.0834389 -0.3459687 -0.1100096 
 0.0000000  0.7071068  0.0000000 -0.1732226  0.0577409  0.0000000  0.0000000  0.0000000  0.0000000  0.0000000  0.2067924  0.3281129 -0.0717643 -0.0118623  0.5528783 -0.0726194 
 0.0000000  0.7071068  0.0000000  0.1732226 -0.0577409  0.0000000  0.0000000  0.0000000  0.0000000  0.0000000 -0.2067924 -0.3281129  0.0717643  0.0118623 -0.5528783  0.0726194 
 0.0000000  0.0000000  0.7071068  0.0000000 -0.2309634  0.0000000  0.0000000  0.0000000  0.0000000  0.0000000  0.4894467 -0.0586070  0.3914374 -0.0805845 -0.0993324 -0.1846050 
 0.0000000  0.0000000  0.7071068  0.0000000  0.2309634  0.0000000  0.0000000  0.0000000  0.0000000  0.0000000 -0.4894467  0.0586070 -0.3914374  0.0805845  0.0993324  0.1846050 
 0.0000000  0.0000000  0.0000000  0.9380702  0.0000000  0.0000000  0.0000000  0.0000000  0.0000000  0.0000000  0.0407418 -0.0784563  0.0335038  0.0264345  0.3319593  0.0138088 
 0.0000000  0.0000000  0.0000000  0.0000000  0.9380702  0.0000000  0.0000000  0.0000000  0.0000000  0.0000000  0.2036806 -0.1357966  0.2215897 -0.0279495 -0.0743852 -0.0684210 
 0.0000000  0.0000000  0.0000000  0.0000000  0.0000000  0.7071068  0.0000000  0.0000000 -0.1732226 -0.0577409  0.2810285 -0.1621735 -0.3232994 -0.4079804 -0.0201814  0.3000081 
 0.0000000  0.0000000  0.0000000  0.0000000  0.0000000  0.7071068  0.0000000  0.0000000  0.1732226  0.0577409 -0.2810285  0.1621735  0.3232994  0.4079804  0.0201814 -0.3000081 
 0.0000000  0.0000000  0.0000000  0.0000000  0.0000000  0.0000000  0.7071068  0.0000000 -0.1732226  0.0577409  0.0492951  0.2007658  0.2669569  0.2156797 -0.0257099  0.5527009 
 0.0000000  0.0000000  0.0000000  0.0000000  0.0000000  0.0000000  0.7071068  0.0000000  0.1732226 -0.0577409 -0.0492951 -0.2007658 -0.2669569 -0.2156797  0.0257099 -0.5527009 
 0.0000000  0.0000000  0.0000000  0.0000000  0.0000000  0.0000000  0.0000000  0.7071068  0.0000000 -0.2309634  0.2887528 -0.1126570 -0.2997497  0.5053438 -0.0713691 -0.0164419 
 0.0000000  0.0000000  0.0000000  0.0000000  0.0000000  0.0000000  0.0000000  0.7071068  0.0000000  0.2309634 -0.2887528  0.1126570  0.2997497 -0.5053438  0.0713691  0.0164418 
 0.0000000  0.0000000  0.0000000  0.0000000  0.0000000  0.0000000  0.0000000  0.0000000  0.9380702  0.0000000  0.1219941  0.0142528 -0.0208082 -0.0710199 -0.0169484  0.3149198 
 0.0000000  0.0000000  0.0000000  0.0000000  0.0000000  0.0000000  0.0000000  0.0000000  0.0000000  0.9380702  0.1707161 -0.1001547 -0.2202674  0.1720666 -0.0344632 -0.0392042 
::::::::::::::
run.011.016
::::::::::::::
 0.7071068 -0.2132928  0.0000000  0.0000000  0.0000000  0.0000000  0.0000000  0.0000000  0.0000000  0.0000000  0.0597600  0.4668373  0.0818156 -0.1535765 -0.2490195  0.3751102 
 0.7071068  0.2132928  0.0000000  0.0000000  0.0000000  0.0000000  0.0000000  0.0000000  0.0000000  0.0000000 -0.0597600 -0.4668373 -0.0818156  0.1535765  0.2490195 -0.3751102 
 0.0000000  0.9534214  0.0000000  0.0000000  0.0000000  0.0000000  0.0000000  0.0000000  0.0000000  0.0000000  0.0267382  0.2088752  0.0366064 -0.0687141 -0.1114178  0.1678341 
 0.0000000  0.0000000  0.7071068 -0.2132928  0.0000000  0.0000000  0.0000000  0.0000000  0.0000000  0.0000000  0.0597599  0.1546236 -0.0355680 -0.2834102 -0.2968271 -0.5072807 
 0.0000000  0.0000000  0.7071068  0.2132928  0.0000000  0.0000000  0.0000000  0.0000000  0.0000000  0.0000000 -0.0597600 -0.1546236  0.0355680  0.2834103  0.2968271  0.5072807 
 0.0000000  0.0000000  0.0000000  0.9534214  0.0000000  0.0000000  0.0000000  0.0000000  0.0000000  0.0000000  0.0267382  0.0691826 -0.0159141 -0.1268051 -0.1328082 -0.2269706 
 0.0000000  0.0000000  0.0000000  0.0000000  0.7071068 -0.2132928  0.0000000  0.0000000  0.0000000  0.0000000  0.0597600 -0.1392700 -0.6075921 -0.0451801 -0.1964775  0.1473977 
 0.0000000  0.0000000  0.0000000  0.0000000  0.7071068  0.2132928  0.0000000  0.0000000  0.0000000  0.0000000 -0.0597600  0.1392700  0.6075920  0.0451801  0.1964775 -0.1473977 
 0.0000000  0.0000000  0.0000000  0.0000000  0.0000000  0.9534214  0.0000000  0.0000000  0.0000000  0.0000000  0.0267382 -0.0623130 -0.2718525 -0.0202147 -0.0879091  0.0659495 
 0.0000000  0.0000000  0.0000000  0.0000000  0.0000000  0.0000000  0.7071068 -0.2132928  0.0000000  0.0000000  0.0597600  0.0290074  0.0589282  0.5505445 -0.3705066 -0.0790352 
 0.0000000  0.0000000  0.0000000  0.0000000  0.0000000  0.0000000  0.7071068  0.2132928  0.0000000  0.0000000 -0.0597600 -0.0290074 -0.0589282 -0.5505445  0.3705066  0.0790352 
 0.0000000  0.0000000  0.0000000  0.0000000  0.0000000  0.0000000  0.0000000  0.9534214  0.0000000  0.0000000  0.0267382  0.0129787  0.0263660  0.2463279 -0.1657743 -0.0353624 
 0.0000000  0.0000000  0.0000000  0.0000000  0.0000000  0.0000000  0.0000000  0.0000000  0.7071068 -0.2132928  0.0597599 -0.4386114  0.2710514 -0.2128097 -0.3337598  0.1685304 
 0.0000000  0.0000000  0.0000000  0.0000000  0.0000000  0.0000000  0.0000000  0.0000000  0.7071067  0.2132928 -0.0597599  0.4386115 -0.2710514  0.2128097  0.3337598 -0.1685304 
 0.0000000  0.0000000  0.0000000  0.0000000  0.0000000  0.0000000  0.0000000  0.0000000  0.0000000  0.9534214  0.0267382 -0.1962462  0.1212755 -0.0952166 -0.1493328  0.0754049 
 0.0000000  0.0000000  0.0000000  0.0000000  0.0000000  0.0000000  0.0000000  0.0000000  0.0000000  0.0000000  0.9801596 -0.0097372  0.0310364  0.0193748  0.1940525 -0.0140480 
::::::::::::::
run.012.016
::::::::::::::
 0.0000000 -0.0000000 -0.0000000 -0.0000000  0.2033894 -0.0000000  0.7071068  0.0821239 -0.0000000  0.0000000 -0.0000000  0.0000000 -0.5791462 -0.2763018 -0.1987645 -0.0250618 
-0.0000000  0.0000000 -0.0000000  0.7071068  0.0000000  0.0000000 -0.0000000  0.0000000  0.2033894 -0.0000000  0.0821239 -0.0000000  0.1366784 -0.3678544  0.1781575 -0.5158977 
 0.2033894 -0.7071068 -0.0000000  0.0000000 -0.0000000 -0.0000000 -0.0000000 -0.0000000  0.0000000  0.0821239  0.0000000  0.0000000  0.1988586 -0.4872306  0.0454505  0.4157935 
 0.0000000  0.0000000 -0.0000000  0.7071067 -0.0000000 -0.0000000  0.0000000 -0.0000000 -0.2033894  0.0000000 -0.0821239  0.0000000 -0.1366784  0.3678544 -0.1781575  0.5158978 
-0.0000000 -0.0000000  0.0000000  0.0000000  0.0000000 -0.0000000  0.0000000 -0.9926201 -0.0000000  0.0000000  0.0000000  0.0000000 -0.1044743 -0.0498431 -0.0358559 -0.0045210 
 0.0000000  0.0000000 -0.0000000  0.0000000  0.0000000  0.0000000  0.0000000  0.0000000 -0.0000000  0.9926201 -0.0000000  0.0000000 -0.0358728  0.0878933 -0.0081990 -0.0750065 
 0.0000000 -0.0000000  0.7071067  0.0000000  0.0000000  0.2033894 -0.0000000  0.0000000 -0.0000000 -0.0000000 -0.0000000 -0.0821239  0.2413553 -0.0532467 -0.6152848 -0.1105694 
 0.0000000  0.0000000 -0.0000000  0.0000000  0.9577398  0.0000000  0.0000000 -0.0348803  0.0000000 -0.0000000 -0.0000000 -0.0000000  0.2459795  0.1173531  0.0844208  0.0106445 
-0.2033894 -0.7071068 -0.0000000  0.0000000 -0.0000000 -0.0000000 -0.0000000  0.0000000 -0.0000000 -0.0821239 -0.0000000  0.0000000 -0.1988586  0.4872306 -0.0454505 -0.4157935 
-0.9577398 -0.0000000  0.0000000 -0.0000000  0.0000000  0.0000000 -0.0000000 -0.0000000  0.0000000  0.0348803  0.0000000 -0.0000000  0.0844608 -0.2069404  0.0193041  0.1765991 
 0.0000000 -0.0000000 -0.0000000  0.0000000  0.0000000  0.0000000 -0.0000000  0.0000000 -0.0000000 -0.0000000  0.9926201 -0.0000000 -0.0246559  0.0663586 -0.0321385  0.0930647 
 0.0000000  0.0000000 -0.0000000 -0.0000000 -0.0000000  0.0000000  0.0000000  0.0000000 -0.0000000  0.0000000 -0.0000000 -0.9926201 -0.0435390  0.0096054  0.1109935  0.0199460 
-0.0000000  0.0000000 -0.0000000 -0.0000000 -0.0000000 -0.9577398 -0.0000000 -0.0000000  0.0000000 -0.0000000 -0.0000000 -0.0348803  0.1025103 -0.0226154 -0.2613285 -0.0469619 
-0.0000000  0.0000000  0.7071068 -0.0000000  0.0000000 -0.2033894  0.0000000 -0.0000000 -0.0000000  0.0000000  0.0000000  0.0821239 -0.2413553  0.0532467  0.6152847  0.1105693 
-0.0000000  0.0000000  0.0000000  0.0000000 -0.2033894  0.0000000  0.7071068 -0.0821239  0.0000000 -0.0000000  0.0000000 -0.0000000  0.5791462  0.2763018  0.1987645  0.0250618 
 0.0000000 -0.0000000 -0.0000000  0.0000000  0.0000000  0.0000000 -0.0000000  0.0000000 -0.9577398  0.0000000  0.0348803 -0.0000000  0.0580511 -0.1562380  0.0756684 -0.2191161 
::::::::::::::
run.013.016
::::::::::::::
 0.6812641 -0.1620572 -0.0480140  0.0319020 -0.0115075 -0.0015786 -0.0029680 -0.0043782 -0.0365364 -0.0039063 -0.0020364 -0.0004519 -0.0003676 -0.6073009  0.2841903 -0.2349415 
 0.7311702  0.1543757  0.0450254  0.0119615  0.0025605 -0.0000305  0.0022656 -0.0058049  0.0320987  0.0028948  0.0019104  0.0003142  0.0003541  0.5618601 -0.2567175  0.2381371 
-0.0018765  0.9738204 -0.0158116 -0.0019776  0.0001741  0.0008397 -0.0006123  0.0007197 -0.0014198  0.0013827 -0.0006316  0.0003006 -0.0001314 -0.1972604  0.0553941 -0.0971094 
-0.0001412  0.0003405  0.9976685  0.0002191  0.0003517  0.0001645 -0.0002212  0.0000935  0.0000606  0.0002135 -0.0001890  0.0000528 -0.0000376 -0.0602843  0.0189896 -0.0257335 
-0.0317643  0.0142219  0.0012176  0.6852243 -0.1801991 -0.0527729 -0.0148892  0.0114903  0.0005643 -0.0009665  0.0007557 -0.0001842  0.0003716 -0.2647856 -0.0282914  0.6501775 
-0.0119274 -0.0063283 -0.0001616  0.7275203  0.1706573  0.0496618  0.0140922 -0.0070858  0.0033752  0.0003483 -0.0006531  0.0002345 -0.0003407  0.2649376  0.0154300 -0.6068367 
 0.0023756  0.0010459 -0.0008404 -0.0003627  0.9686212 -0.0187563 -0.0052991  0.0007623 -0.0006908  0.0001006  0.0002308 -0.0000315  0.0001229 -0.1066019 -0.0092793  0.2234597 
 0.0000474  0.0000349 -0.0001654  0.0000809  0.0001656  0.9971920 -0.0015869 -0.0002081  0.0001095 -0.0001030  0.0000739 -0.0000247  0.0000386 -0.0297911 -0.0014826  0.0686715 
 0.0000727  0.0000590 -0.0000210  0.0000142  0.0000028 -0.0000068  0.9997672  0.0000122 -0.0000163  0.0000019  0.0000115 -0.0000022  0.0000090 -0.0116218  0.0004797  0.0181702 
 0.0000746  0.0256233  0.0060111  0.0003348  0.0056929  0.0004614  0.0004473  0.6990242 -0.1890670 -0.0486367 -0.0004931 -0.0080403  0.0001170  0.2487918  0.6299492  0.1171729 
 0.0104310 -0.0260656 -0.0059311 -0.0038233 -0.0020715  0.0011927 -0.0000684  0.7149060  0.1765873  0.0472751  0.0004704  0.0078930 -0.0001232 -0.2356621 -0.6179835 -0.1309383 
-0.0003622 -0.0000334 -0.0011395 -0.0013739  0.0011760 -0.0004550 -0.0001158  0.0061824  0.9647233 -0.0188204 -0.0003220 -0.0030556  0.0000206  0.0490609  0.2558911  0.0318593 
 0.0000242  0.0000673  0.0000437  0.0006745  0.0000133 -0.0000135 -0.0000153  0.0003303  0.0003794  0.9975062 -0.0000640 -0.0008251  0.0000101  0.0201613  0.0665766  0.0118753 
-0.0000001  0.0000000 -0.0000006 -0.0000001  0.0000001 -0.0000002 -0.0000002 -0.0000005 -0.0000003 -0.0000001  0.9999951  0.0000005 -0.0000019 -0.0017953  0.0018296 -0.0018137 
-0.0000071  0.0000013  0.0000082 -0.0000040  0.0000170 -0.0000054 -0.0000022  0.0000002  0.0000073 -0.0000020 -0.0000102  0.9999313  0.0000019  0.0035238  0.0109626  0.0022033 
 0.0000000  0.0000000  0.0000000  0.0000000  0.0000000  0.0000000  0.0000000  0.0000000  0.0000000  0.0000000  0.0000000  0.0000000  0.9999997 -0.0003067  0.0000645 -0.0006937 
::::::::::::::
run.014.016
::::::::::::::
 1.0000000  0.0000000  0.0000000  0.0000000  0.0000000  0.0000000  0.0000000  0.0000000  0.0000000  0.0000000  0.0000000  0.0000000  0.0000000  0.0000000  0.0000000  0.0000000 
 0.0000000  1.0000000  0.0000000  0.0000000  0.0000000  0.0000000  0.0000000  0.0000000  0.0000000  0.0000000  0.0000000  0.0000000  0.0000000  0.0000000  0.0000000  0.0000000 
 0.0000000  0.0000000  1.0000000  0.0000000  0.0000000  0.0000000  0.0000000  0.0000000  0.0000000  0.0000000  0.0000000  0.0000000  0.0000000  0.0000000  0.0000000  0.0000000 
 0.0000000  0.0000000  0.0000000  1.0000000  0.0000000  0.0000000  0.0000000  0.0000000  0.0000000  0.0000000  0.0000000  0.0000000  0.0000000  0.0000000  0.0000000  0.0000000 
 0.0000000  0.0000000  0.0000000  0.0000000  1.0000000  0.0000000  0.0000000  0.0000000  0.0000000  0.0000000  0.0000000  0.0000000  0.0000000  0.0000000  0.0000000  0.0000000 
 0.0000000  0.0000000  0.0000000  0.0000000  0.0000000  1.0000000  0.0000000  0.0000000  0.0000000  0.0000000  0.0000000  0.0000000  0.0000000  0.0000000  0.0000000  0.0000000 
 0.0000000  0.0000000  0.0000000  0.0000000  0.0000000  0.0000000  1.0000000  0.0000000  0.0000000  0.0000000  0.0000000  0.0000000  0.0000000  0.0000000  0.0000000  0.0000000 
 0.0000000  0.0000000  0.0000000  0.0000000  0.0000000  0.0000000  0.0000000  1.0000000  0.0000000  0.0000000  0.0000000  0.0000000  0.0000000  0.0000000  0.0000000  0.0000000 
 0.0000000  0.0000000  0.0000000  0.0000000  0.0000000  0.0000000  0.0000000  0.0000000  1.0000000  0.0000000  0.0000000  0.0000000  0.0000000  0.0000000  0.0000000  0.0000000 
 0.0000000  0.0000000  0.0000000  0.0000000  0.0000000  0.0000000  0.0000000  0.0000000  0.0000000  1.0000000  0.0000000  0.0000000  0.0000000  0.0000000  0.0000000  0.0000000 
 0.0000000  0.0000000  0.0000000  0.0000000  0.0000000  0.0000000  0.0000000  0.0000000  0.0000000  0.0000000  1.0000000  0.0000000  0.0000000  0.0000000  0.0000000  0.0000000 
 0.0000000  0.0000000  0.0000000  0.0000000  0.0000000  0.0000000  0.0000000  0.0000000  0.0000000  0.0000000  0.0000000  1.0000000  0.0000000  0.0000000  0.0000000  0.0000000 
 0.0000000  0.0000000  0.0000000  0.0000000  0.0000000  0.0000000  0.0000000  0.0000000  0.0000000  0.0000000  0.0000000  0.0000000  1.0000000  0.0000000  0.0000000  0.0000000 
 0.0000000  0.0000000  0.0000000  0.0000000  0.0000000  0.0000000  0.0000000  0.0000000  0.0000000  0.0000000  0.0000000  0.0000000  0.0000000  1.0000000  0.0000000  0.0000000 
