 0.3458047  0.0000000  0.0000000 -0.0903255  0.3282843 -0.1214425  0.1473266 -0.3536917 -0.0587363  0.2404528  0.1429691  0.4636715  0.0008980 -0.0935866 -0.1575443 -0.3033917 -0.1087646 -0.0580949 -0.2771657  0.0156065  0.0628456 -0.0334811  0.2885724 
 0.3458047  0.0000000  0.0000000  0.0903255  0.3253165 -0.0015016  0.1340352  0.1512838 -0.3221071 -0.2776061 -0.2473698 -0.2002163  0.0114263  0.0831124  0.0463469 -0.4456312  0.0615793 -0.1164380  0.0548090  0.1478930  0.0720813  0.1748730 -0.3971181 
 0.4361302  0.0000000  0.0000000  0.0000000  0.2241627 -0.0391142  0.0054835  0.1772264  0.2409411  0.0766819 -0.2568670 -0.0296622 -0.0802822 -0.0796385  0.5764836  0.3135985 -0.0869434  0.1327080 -0.0427542 -0.0566854 -0.2004023  0.1830561  0.2200726 
 0.4361302  0.0000000  0.0000000  0.0000000 -0.3888459  0.2555769 -0.0892488  0.0013810  0.3239107  0.1882959  0.0455079 -0.0680442  0.1898138  0.2611872 -0.1642437 -0.2042614  0.3245542 -0.1812161  0.0490895 -0.2477538 -0.0352355  0.2469796  0.0327778 
 0.4361302  0.0000000  0.0000000  0.0000000 -0.2858540  0.0008501 -0.1791442 -0.1659323 -0.1420457 -0.1111422  0.1865648  0.1186196  0.0229829  0.0291898 -0.0614416  0.1771640 -0.2461552  0.5145442  0.2661315  0.2683341  0.2351047  0.0141532 -0.1638602 
 0.4361302  0.0000000  0.0000000  0.0000000 -0.0676984 -0.1198313  0.0398197  0.1478128 -0.1208380 -0.1243770  0.1075729 -0.2298051 -0.1422864 -0.2024336 -0.2626306  0.3073941  0.0459574 -0.3276500 -0.0961617 -0.0935326 -0.1064495 -0.5562976 -0.0029251 
 0.0000000  0.3458047  0.0000000 -0.0903255  0.4856044  0.2789171  0.1100224 -0.0657651  0.1231832 -0.0160527  0.1788501 -0.0394451 -0.0163753 -0.1163966 -0.2246827  0.3711642  0.3513564 -0.0006974  0.2468024  0.0401257  0.2643197  0.1862340 -0.0258092 
 0.0000000  0.3458047  0.0000000  0.0903255  0.0349731 -0.2693283  0.1568550  0.0822298 -0.2885658  0.0031868 -0.1903443  0.0375712  0.3260345  0.2006654 -0.3337919  0.1666514 -0.0516402  0.3017873 -0.0202852 -0.3656288 -0.3331817  0.1361685  0.0553758 
 0.0000000  0.4361302  0.0000000  0.0000000 -0.0239655 -0.0736630 -0.1289302  0.3991894 -0.0514104  0.0513064  0.4817018 -0.0786580  0.1007054  0.1049588  0.1539412 -0.1798246  0.1356444  0.0741414 -0.2374392  0.4187786 -0.1574337 -0.0275835  0.1610201 
 0.0000000  0.4361302  0.0000000  0.0000000  0.0363947  0.1452953  0.1161627 -0.2680694  0.3791449 -0.1633318 -0.0453698 -0.1315204 -0.2269410  0.1584494 -0.0468868 -0.2252062 -0.4097068 -0.0455922  0.2633223  0.0517298 -0.3164396 -0.2015040  0.0007208 
 0.0000000  0.4361302  0.0000000  0.0000000 -0.1312662 -0.0668437  0.0530042  0.0989994  0.0398484  0.1296333 -0.1296485 -0.0479626  0.1462054  0.0420931  0.1981295  0.0070401 -0.2945617 -0.1605739 -0.1866765 -0.2430681  0.6710043 -0.1093716 -0.0826860 
 0.0000000  0.4361302  0.0000000  0.0000000 -0.2939254 -0.0123915 -0.2518420 -0.2431742 -0.2364522 -0.0074066 -0.2975697  0.2596268 -0.2654965 -0.3723174  0.1376269 -0.0284397  0.3309812 -0.1067075 -0.0188105  0.0306488 -0.1425309  0.0828284 -0.1024980 
 0.0000000  0.0000000  0.3458047 -0.0903255  0.0634435 -0.3225532 -0.2982564 -0.2111222  0.0041330  0.2255803  0.0220631 -0.2471907 -0.0692540  0.1473922 -0.1577062  0.2337931 -0.2332463 -0.3348374 -0.1286121  0.2212062 -0.0684600  0.3840439 -0.1671857 
 0.0000000  0.0000000  0.3458047  0.0903255  0.0507152  0.2337403 -0.1272820  0.3278009 -0.3190009  0.2809666  0.2059742  0.1165974 -0.1469528 -0.1758840  0.0281547 -0.1299735 -0.2732676 -0.1323596  0.4429718 -0.2770274 -0.0605867  0.0725293  0.1018122 
 0.0000000  0.0000000  0.4361302  0.0000000 -0.1004939  0.1375900  0.4302033 -0.2573453 -0.0517972  0.2557261  0.0370823 -0.1099338  0.4417861 -0.1803722  0.2551172  0.0454446  0.0947002  0.0254492  0.0235544  0.1548061 -0.1602711 -0.1963923 -0.2338124 
 0.0000000  0.0000000  0.4361302  0.0000000  0.1230871  0.1744032 -0.2962649  0.1547455  0.3081415 -0.1443919 -0.1131470 -0.0379936  0.0182494 -0.3310657 -0.2509050 -0.1622102 -0.0446377  0.3593550 -0.3845762 -0.1315438  0.0033198 -0.0554161 -0.1544096 
 0.0000000  0.0000000  0.4361302  0.0000000 -0.0245839  0.1226096 -0.0189471  0.1527237  0.0082334 -0.3443655 -0.2556624  0.4702694  0.1091101  0.3850195 -0.0249475  0.1719828  0.0537778 -0.2291824  0.0390991  0.2388655  0.0628260 -0.1344517  0.1972955 
 0.0000000  0.0000000  0.4361302  0.0000000 -0.0885251 -0.3641837  0.2224152 -0.1426377 -0.0149211 -0.1686063  0.1509179 -0.2187955 -0.3977167  0.1490094  0.1234557 -0.1375351  0.2977712  0.2148155  0.0726690 -0.2178675  0.1964455  0.0242464  0.2427607 
 0.0000000  0.0000000  0.0000000  0.4361302 -0.0791931  0.1360726  0.2568984 -0.0233624  0.0400308 -0.2208147  0.3851359  0.2716556 -0.2142669  0.0641645  0.1048208  0.1866835 -0.1045518 -0.1014375 -0.3244939 -0.1849708 -0.1058085  0.2409296 -0.3466026 
 0.0000000  0.0000000  0.0000000  0.4361302  0.1274550 -0.2316961 -0.0304706  0.1516842  0.2195555  0.4993774 -0.1586925  0.1815576 -0.2209288  0.2003048 -0.0923615 -0.0071468  0.1977813  0.1358761  0.1377997  0.1283690  0.0390332 -0.2842437 -0.2954974 
 0.0000000  0.0000000  0.0000000  0.4361302  0.1776860  0.3690976 -0.3458071 -0.3542281 -0.3004743  0.0465483 -0.0333341 -0.2790078  0.0306523  0.2635272  0.1222890  0.0542501  0.0490864  0.0672549 -0.1866948 -0.0689994  0.0327211 -0.1869979  0.2337643 
 0.0000000  0.0000000  0.0000000  0.4361302  0.0986437 -0.3881471 -0.2515661 -0.1219790  0.2293046 -0.2882778  0.1549969  0.0507218  0.4272571 -0.2779112  0.0937516 -0.0877660  0.0356437 -0.1821386  0.2900148 -0.0711962  0.0312514  0.0095524  0.0893872 
 0.0000000  0.0000000  0.0000000  0.4361302 -0.2280120  0.0881656  0.3285888  0.1010360  0.0183284  0.0550048 -0.2288909 -0.1787252 -0.0797177 -0.2853938 -0.2866230  0.0011325 -0.1214869 -0.0120528 -0.0484432  0.3566220  0.1230060  0.2524937  0.3884344 
