 0.7071068  0.0000000  0.0000000 -0.1846990  0.0000000  0.0000000  0.0000000  0.0000000  0.2596446 -0.5104020 -0.2856449  0.0356612  0.1002902  0.2122212 
 0.7071068  0.0000000  0.0000000  0.1846990  0.0000000  0.0000000  0.0000000  0.0000000 -0.2596446  0.5104020  0.2856449 -0.0356612 -0.1002902 -0.2122212 
 0.0000000  0.7071068  0.0000000 -0.1846990  0.0000000  0.0000000  0.0000000  0.0000000  0.4420657  0.2350689  0.3512491  0.0714890  0.1025777  0.2760398 
 0.0000000  0.7071068  0.0000000  0.1846990  0.0000000  0.0000000  0.0000000  0.0000000 -0.4420657 -0.2350689 -0.3512491 -0.0714890 -0.1025777 -0.2760398 
 0.0000000  0.0000000  0.7071068 -0.1846990  0.0000000  0.0000000  0.0000000  0.0000000 -0.3454008 -0.1160455  0.1858969  0.2960470 -0.3165023  0.3327804 
 0.0000000  0.0000000  0.7071068  0.1846990  0.0000000  0.0000000  0.0000000  0.0000000  0.3454008  0.1160455 -0.1858969 -0.2960470  0.3165023 -0.3327804 
 0.0000000  0.0000000  0.0000000  0.8918058  0.0000000  0.0000000  0.0000000  0.0000000  0.1475882 -0.1621143  0.1041752  0.1670098 -0.0470689  0.3400865 
 0.0000000  0.0000000  0.0000000  0.0000000  0.7071068  0.0000000  0.0000000 -0.1846990  0.2144012 -0.2756954  0.2998944 -0.0640020 -0.3700118 -0.3361083 
 0.0000000  0.0000000  0.0000000  0.0000000  0.7071068  0.0000000  0.0000000  0.1846990 -0.2144012  0.2756954 -0.2998944  0.0640020  0.3700118  0.3361083 
 0.0000000  0.0000000  0.0000000  0.0000000  0.0000000  0.7071068  0.0000000 -0.1846990 -0.0941980 -0.0018997  0.0322814 -0.5920167 -0.1099928  0.3055897 
 0.0000000  0.0000000  0.0000000  0.0000000  0.0000000  0.7071068  0.0000000  0.1846990  0.0941980  0.0018997 -0.0322814  0.5920167  0.1099928 -0.3055897 
 0.0000000  0.0000000  0.0000000  0.0000000  0.0000000  0.0000000  0.7071068 -0.1846990 -0.2261964 -0.2418067  0.3520098 -0.0044998  0.4786763 -0.0564703 
 0.0000000  0.0000000  0.0000000  0.0000000  0.0000000  0.0000000  0.7071068  0.1846990  0.2261964  0.2418067 -0.3520098  0.0044998 -0.4786763  0.0564703 
 0.0000000  0.0000000  0.0000000  0.0000000  0.0000000  0.0000000  0.0000000  0.8918058 -0.0439038 -0.2151433  0.2833990 -0.2735958 -0.0005502 -0.0360320 
