::::::::::::::
run.001.021
::::::::::::::
 0.2182179  0.3347171  0.3202729  0.2004661  0.1194055  0.1613671  0.0417753 -0.1099376  0.1994330 -0.4378302  0.0541753  0.0094448  0.0318505 -0.2726326 -0.1442968  0.4246044  0.0704993 -0.0006576 -0.2229063 -0.2784416  0.0179338 
 0.2182179  0.4272468 -0.0110627  0.2223116  0.2105290 -0.0860276 -0.0962588  0.1484080 -0.2738067  0.0438594  0.4145842 -0.0512633  0.1149682  0.2767540  0.2176716 -0.1447141  0.1436615  0.1934411  0.2153040 -0.0927595  0.3387164 
 0.2182179  0.2736820  0.1878973 -0.2162352  0.2064007 -0.2958963  0.2144416 -0.0025648  0.0298557  0.3313245 -0.3824112 -0.2601751  0.0405235  0.2506731  0.0729792 -0.0470215  0.1066569  0.0746251 -0.3355537 -0.1443469 -0.2688470 
 0.2182179  0.0862223 -0.0226773 -0.1050818  0.2292109  0.0479398  0.0876593 -0.1734068  0.0881643  0.2552508  0.0453796  0.1931612  0.3516282 -0.0338036  0.1900048  0.2248386 -0.5080599 -0.4090160  0.2976561  0.0060137 -0.0548662 
 0.2182179  0.0418371 -0.0077699  0.1019665 -0.0682686  0.6098701  0.3726164 -0.0226149  0.2550458  0.0893479  0.0656420 -0.2150199 -0.1785638  0.0260780  0.0935589 -0.4462442 -0.0356785 -0.1732562 -0.1142641  0.0380874  0.1199696 
 0.2182179 -0.0964291  0.2426449 -0.0014461  0.0044272  0.2920290 -0.2067233  0.1541581 -0.1385468  0.1352683 -0.3086522  0.2808147  0.4152432 -0.0666431 -0.0540474 -0.0433355  0.4974755 -0.1440209  0.0079751  0.2503605  0.0902937 
 0.2182179 -0.2768697 -0.1488104 -0.1767365  0.2082861 -0.0172273  0.1996281 -0.2276049  0.0114425  0.0610404  0.0676418 -0.1069303 -0.0184361  0.1575968 -0.2062164  0.3571643  0.0112002  0.2089806 -0.2044520  0.3546726  0.5103748 
 0.2182179 -0.3257188  0.4479936  0.3594543 -0.4001153 -0.2622735  0.2605489  0.0088562 -0.2224498  0.0743204  0.1363773  0.1155370 -0.1381167  0.1563877  0.1751927  0.1228867 -0.0636165 -0.1753937 -0.0913836  0.0054993  0.0080966 
 0.2182179  0.2348394 -0.1725670  0.0354442 -0.1903601 -0.0861704 -0.0950096  0.1799350 -0.0597989 -0.3656978 -0.5274457  0.2206628 -0.1089997  0.1361764  0.1048341 -0.1091338 -0.3870176  0.0055066 -0.1104794  0.1427843  0.2849507 
 0.2182179  0.2237665 -0.1167458 -0.2144204 -0.2370532 -0.0300943  0.1133023  0.3903280 -0.0323715  0.3952048  0.2290126  0.3047553 -0.1728365 -0.4295570 -0.2012149  0.0704566 -0.0746782  0.1808617 -0.1398722  0.0101195 -0.0074571 
 0.2182179 -0.0633985 -0.1170744 -0.1747004 -0.1384349  0.0809458 -0.3381031 -0.0395237 -0.4726363 -0.0357156  0.1271227 -0.3724959  0.0760117 -0.0006131 -0.3088306 -0.0575803 -0.1469693 -0.3708506 -0.2526821 -0.2355092  0.0074604 
 0.2182179 -0.1403292  0.4501136 -0.0721908  0.0891868 -0.0591344 -0.3089510 -0.1170337  0.0331829  0.1102249 -0.1536543 -0.2895534 -0.1995427 -0.3838862  0.0341760 -0.1852361 -0.2182274  0.2874466  0.3219058  0.0322697  0.1612297 
 0.2182179 -0.3208280 -0.1470435  0.3252606  0.0589759 -0.1725468  0.0502404  0.1104702  0.2489153 -0.0411463  0.0344470  0.0494649  0.4925084 -0.0168153 -0.2945154 -0.3079859 -0.1860293  0.2863770 -0.1032746 -0.2230482 -0.0727583 
 0.2182179  0.0976073  0.0361346  0.0037517  0.1350053 -0.2248370  0.1817603  0.2617323  0.0338256 -0.2979019  0.1093267 -0.2074021 -0.0786716  0.0081412 -0.3525746 -0.0710689  0.0592383 -0.2294365  0.3031394  0.5018553 -0.3013966 
 0.2182179  0.1117910 -0.0599252 -0.2294869 -0.2962957 -0.3155772 -0.2516365 -0.4087221  0.3725468 -0.1096804  0.2722605  0.0948276  0.0956264 -0.0670863  0.2119089 -0.2327581  0.2039009 -0.1144292 -0.1748366  0.1842965  0.0023180 
 0.2182179  0.0214048 -0.2650798  0.1190699 -0.3764006  0.2195467 -0.0366239 -0.0031063 -0.0670016 -0.0069759 -0.0565362 -0.3701563  0.2109872 -0.0330749  0.3069473  0.3386392  0.0048766  0.3479568  0.1106178  0.1828761 -0.3319916 
 0.2182179 -0.2869360 -0.1088271 -0.4412924  0.1112480 -0.0451179  0.3598641  0.0931934 -0.2187170 -0.3828340 -0.0017386  0.0742371  0.0309224 -0.2036999  0.3265496 -0.0903371  0.1853291  0.0391831  0.1507783 -0.3083703  0.0006098 
 0.2182179 -0.0670687 -0.0907347 -0.1172050 -0.2690192 -0.0061551 -0.1099604  0.1241676  0.3855930  0.0977115 -0.1172993 -0.0304237 -0.1736442  0.3453952 -0.2222390  0.2076253  0.2036897 -0.1047151  0.4299336 -0.3939673  0.1364702 
 0.2182179 -0.2932061 -0.0360690  0.0168168  0.3734864  0.1161154 -0.4148627  0.3480844  0.1928972 -0.0258002  0.1668566  0.1008132 -0.2934639  0.1630867  0.2911936  0.1141117 -0.0546621 -0.0298532 -0.2648556  0.0444194 -0.2369915 
 0.2182179 -0.0226910 -0.4446657  0.4569312  0.2064417 -0.1703416 -0.0026967 -0.2827663 -0.1249509  0.1716981 -0.2223224  0.0502513 -0.3026822 -0.3118865  0.0162196 -0.0034091  0.2540361 -0.1826629  0.0616896 -0.0684098 -0.0340365 
 0.2182179  0.0403607  0.0639954 -0.0926774  0.0233440  0.2435855 -0.0210108 -0.4320522 -0.2406225 -0.0616687  0.0472334  0.4094501 -0.1953122  0.2994093 -0.2573011 -0.1215024 -0.0656252  0.3099132  0.1155606 -0.0084015 -0.3700786 
::::::::::::::
run.002.021
::::::::::::::
 0.3142697  0.0000000  0.1027154 -0.1978715 -0.0005838  0.1634381 -0.1930721 -0.2205710  0.1952510  0.0313448  0.0542368  0.0422238  0.2077362  0.4467081 -0.1787071 -0.1454332 -0.0105227 -0.2489266  0.3794169 -0.1900769  0.3963700 
 0.3142697  0.0000000 -0.2699663 -0.0859094 -0.3989542 -0.5526971 -0.1305747  0.2098217  0.0006107 -0.0825739 -0.1863960 -0.1213897  0.0537077  0.0198814  0.1178540 -0.0552406 -0.2075759  0.2642529  0.3038655  0.1156749  0.0103904 
 0.3142697  0.0000000  0.4932968  0.0393269 -0.0095348 -0.0601868  0.1501757 -0.0493363 -0.0849511 -0.1138155 -0.0652409  0.0595731  0.2855242  0.0925687  0.3693128  0.0484884  0.3814463 -0.0516315 -0.0034968  0.4609189 -0.1010367 
 0.3142697  0.0000000  0.0192398  0.0176748  0.1268641 -0.0215680  0.3413146 -0.1932185 -0.2257736  0.3828663  0.0246768  0.3275486 -0.2800713  0.1818548  0.0114860  0.2647689 -0.0190394  0.3904854  0.1708394 -0.2187382 -0.1143961 
 0.3142697  0.0000000 -0.1031828  0.0678475  0.0786678 -0.2270616  0.2843243  0.2835438 -0.1320170  0.2831726  0.2757943 -0.1515604 -0.0584644 -0.1525798 -0.1332700  0.1026300  0.0033563 -0.3745598 -0.2373343  0.1196875  0.4521082 
 0.3142697  0.0000000 -0.3352565  0.0469362 -0.1976929  0.4436806 -0.2837018  0.1903548 -0.3052735  0.0373341 -0.0297743  0.1972515 -0.2061918  0.1573178  0.0441680 -0.0730386 -0.0187814 -0.2873666 -0.0836441  0.2164439 -0.2971055 
 0.3142697  0.0000000  0.3763063 -0.3527506 -0.0722813  0.0069276 -0.1751907  0.0711762  0.2207625  0.2599168 -0.1042834  0.0635361  0.0126943 -0.4289919 -0.3900758 -0.1005937 -0.0719846  0.0229729 -0.1494631 -0.0429838 -0.2942622 
 0.3142697  0.0000000 -0.2270259  0.4608342  0.1153478  0.0468780  0.0317055 -0.2514631  0.3520375 -0.1337852  0.2594601 -0.2313441 -0.1213104 -0.2554810 -0.1412576 -0.1005572  0.2519450  0.0329416  0.2608086  0.0580112 -0.2211684 
 0.3142697  0.0000000 -0.1465593 -0.0198767  0.1216269  0.2218016  0.1136507  0.2213650  0.4646741 -0.1454666 -0.2229440  0.0130635  0.0956036 -0.0316323  0.4443276  0.1974828 -0.1026540  0.0255125 -0.2844790 -0.3536733  0.0522076 
 0.2357023 -0.0785674 -0.0407651 -0.1062278  0.3413150 -0.0563164 -0.4605055 -0.2911586 -0.4234122 -0.1757770  0.2342902 -0.1768791  0.1980841 -0.1890281  0.1384373  0.1562028 -0.1423400  0.1600251 -0.1750833 -0.1210470  0.0525113 
 0.2357023  0.0785674  0.1613416  0.1379459 -0.0259279  0.0280333  0.2756638 -0.0577383 -0.2236818 -0.5162142 -0.2416627 -0.0883242 -0.1837217  0.1495004 -0.3302210 -0.3408785 -0.1325795  0.1417339 -0.3002676 -0.0993053  0.1033455 
 0.0000000  0.3142697  0.1126933  0.0063466 -0.4179742 -0.0895493 -0.0134071 -0.1040868  0.0768676 -0.0794631  0.5978108  0.3215755 -0.0591444 -0.0571115  0.2626654 -0.2570577 -0.0512634  0.0311664 -0.1931982 -0.1956077  0.0269973 
 0.0000000  0.3142697  0.1445438  0.2383207  0.0460524  0.2164795  0.1484058  0.2788775 -0.2397926  0.2559701  0.0540781 -0.3471759  0.3958876 -0.0063009  0.0904872 -0.2444196 -0.2433758  0.0402291  0.2266242 -0.2210930 -0.2061570 
 0.0000000  0.3142697  0.0063120  0.3471787  0.0038554 -0.2292931 -0.2142125 -0.4292048  0.1456960  0.3730869 -0.3270221 -0.0702892 -0.0311603  0.1753401  0.0818907 -0.0313820 -0.2089192 -0.1521715 -0.3269309  0.1108354 -0.0168771 
 0.0000000  0.3142697 -0.3381348  0.0047582  0.0574994  0.1795998  0.1158958 -0.1128761 -0.0357026 -0.0022741 -0.1679074  0.4374589  0.4317012 -0.3235638 -0.1586866 -0.0789565  0.0166558  0.2073631  0.0200861  0.2514409  0.2737164 
 0.0000000  0.3142697 -0.3378042 -0.4996438  0.2994783 -0.2448134  0.2081773 -0.0662430  0.0169408 -0.0266128  0.0616527 -0.1083562  0.0740730  0.2311854 -0.0128466 -0.2070296  0.2438364 -0.1352022 -0.1226891 -0.0336940 -0.3573672 
 0.0000000  0.3142697  0.0712790  0.2018885  0.1308926 -0.0708254 -0.3722463  0.4383009  0.1060424 -0.0113358  0.1239818  0.0528641  0.0322657  0.3168504 -0.2795388  0.2073365  0.3257494  0.3416815 -0.1588874 -0.0078445  0.0479578 
 0.0000000  0.3142697  0.1804796  0.0827336  0.3977557 -0.2135891 -0.0652486  0.1659864  0.0114168 -0.2979342 -0.0321505  0.3404022 -0.2053179 -0.1240241  0.0304575  0.1238160 -0.3294129 -0.3446929  0.3315567  0.0302154 -0.0917131 
 0.0000000  0.3142697  0.0411831 -0.0682195 -0.0878276  0.0263334 -0.1546178 -0.0142970 -0.2233129  0.0539174 -0.3279672 -0.1232539 -0.3162355 -0.3058378  0.1960495 -0.0860396  0.5063776 -0.0799542  0.1670343 -0.3094619  0.2469385 
 0.0000000  0.3142697 -0.0084836 -0.0690781 -0.4127890  0.0858762  0.1437253 -0.1868611 -0.0624413 -0.2069573  0.0100145 -0.1916415  0.1407851 -0.0107850 -0.2325274  0.6671391 -0.0240153 -0.1849753  0.0199995 -0.0846667 -0.1343462 
 0.0000000  0.3142697  0.0774053 -0.3053283  0.0748677  0.3186939  0.0194857 -0.0279511  0.1543533  0.0267122  0.1264975 -0.3337227 -0.3674030  0.0196151  0.1392135  0.0308637 -0.2380729  0.2811287  0.0677009  0.4544407  0.1981419 
::::::::::::::
run.003.021
::::::::::::::
 0.3779645  0.0000000  0.0000000 -0.1299253  0.0635026  0.1561781  0.2089272 -0.1280994  0.1158334 -0.0810927 -0.1657580  0.1994321  0.1417289 -0.5484554 -0.1515873 -0.1007658 -0.3731544  0.0529578 -0.3438004  0.0243180 -0.2228769 
 0.3779645  0.0000000  0.0000000 -0.0944506  0.2257477 -0.2078284  0.1458439  0.3100022 -0.2205424 -0.1410729 -0.1817428 -0.3934745  0.1576960 -0.0255820  0.0346118  0.4227179 -0.0201679 -0.2385479  0.0615633 -0.3255877  0.0882165 
 0.3779645  0.0000000  0.0000000  0.0000744 -0.5032506  0.3602773 -0.1201720 -0.2088309 -0.2936543 -0.2425766  0.2700054 -0.0877646  0.0903309  0.0965239  0.2619521  0.0267899  0.1879070  0.1073080 -0.0847405 -0.1773679 -0.1344286 
 0.3779645  0.0000000  0.0000000 -0.1771156 -0.0809781  0.1138373 -0.0889787 -0.0355755  0.0066298  0.3692212 -0.2685598 -0.3465937 -0.1077415 -0.0441833 -0.0942420 -0.4695854  0.1858805 -0.0403202  0.0736288  0.1629313  0.3966818 
 0.3779645  0.0000000  0.0000000  0.1496833  0.0460145 -0.2237382 -0.2611212  0.0051383  0.2051408  0.4568057  0.1130507  0.5105168  0.0058868  0.0215749  0.2178804  0.0909866  0.1169194 -0.1776837 -0.0442188 -0.2924184  0.0351126 
 0.3779645  0.0000000  0.0000000  0.1072786  0.0195860 -0.1039215  0.3112073 -0.0605555  0.2509935 -0.3486684 -0.0226255  0.2221608  0.0275044  0.3054073 -0.3584203 -0.1018810  0.2925860 -0.0729742  0.3479256  0.1715782 -0.1587487 
 0.3779645  0.0000000  0.0000000  0.1444552  0.2293779 -0.0948045 -0.1957064  0.1179208 -0.0644009 -0.0126163  0.2556299 -0.1042769 -0.3154055  0.1947145  0.0898052  0.1317379 -0.3899706  0.3692602 -0.0103580  0.4365464 -0.0039567 
 0.0000000  0.3779645  0.0000000  0.3424420  0.1621318 -0.2948651  0.1089719  0.0555829  0.0739451  0.0279299 -0.0023200 -0.2956273  0.1085675 -0.1311034  0.2480506 -0.3135844  0.3128377  0.2767437 -0.1842401 -0.0678135 -0.3408726 
 0.0000000  0.3779645  0.0000000  0.1546432  0.0010373 -0.0563037 -0.3995900  0.0078400  0.1252744 -0.3920917 -0.0110306  0.0074191  0.2479564  0.2143953 -0.1598391 -0.1855434 -0.2011532 -0.2546249 -0.3397840 -0.0267693  0.3344076 
 0.0000000  0.3779645  0.0000000 -0.2022704  0.0883541 -0.1997500 -0.1037901 -0.5710266 -0.2639137  0.2669517  0.1378785 -0.1182331  0.0643308  0.0819698 -0.3625675  0.0976855 -0.1382848 -0.0282134  0.1712514 -0.0978976 -0.2170055 
 0.0000000  0.3779645  0.0000000 -0.1444017  0.1293720  0.2963965 -0.1276515  0.3110244 -0.2256927  0.0937641  0.0178047  0.1617420 -0.0659309 -0.1060077 -0.0967420  0.2131112  0.3814005 -0.2697905 -0.1662289  0.4189373 -0.2017716 
 0.0000000  0.3779645  0.0000000  0.2820517 -0.4074421 -0.0721397  0.1798888 -0.1448938  0.1530608 -0.0360654 -0.1694076 -0.0732470 -0.4127568 -0.2229991  0.2144373  0.2091139 -0.1830983 -0.3067542  0.1903433  0.1232332  0.0733552 
 0.0000000  0.3779645  0.0000000 -0.5060340  0.0952343 -0.0031707  0.4620821  0.0236058  0.0042158 -0.0268036  0.0961047  0.2189999 -0.1028175  0.2898862  0.3417717 -0.1171189 -0.0757387  0.1162594 -0.1114481 -0.0916896  0.2340343 
 0.0000000  0.3779645  0.0000000  0.0735691 -0.0686874  0.3298326 -0.1199112  0.3178672  0.1331104  0.0663151 -0.0690297  0.0989464  0.1606504 -0.1261410 -0.1851110  0.0963361 -0.0959633  0.4663799  0.4401064 -0.2580005  0.1178526 
 0.0000000  0.0000000  0.3779645 -0.1844900  0.1362894 -0.1064865 -0.1485734 -0.3205408  0.2801179 -0.2254834  0.0622106 -0.0428490 -0.0679355 -0.2915601  0.0142753  0.3454230  0.3787744  0.2601588 -0.0760573  0.0676225  0.3204734 
 0.0000000  0.0000000  0.3779645  0.0532141  0.3604433  0.2388505 -0.2195041 -0.1995932 -0.1708647 -0.1611272 -0.4993691  0.1346500 -0.1113964  0.1370621  0.3224456 -0.1423597 -0.0743577 -0.0617730  0.2202376 -0.0805798 -0.1920691 
 0.0000000  0.0000000  0.3779645 -0.1549581 -0.4549570 -0.4811782 -0.0678886  0.2009089 -0.2702689  0.0225864 -0.2740472  0.2031715  0.2495696  0.0155065  0.0058410 -0.0129108 -0.0577035  0.1809072  0.0102836  0.2422619 -0.0460798 
 0.0000000  0.0000000  0.3779645 -0.3588577 -0.1452557  0.0283938 -0.1777942  0.2461079  0.4749921  0.0238712  0.1826663 -0.2713798 -0.1653977  0.1009175 -0.0385277 -0.0879549 -0.1273483 -0.1770326  0.0094317 -0.1435043 -0.4075237 
 0.0000000  0.0000000  0.3779645  0.3132535 -0.0789220  0.1946978  0.2752746 -0.0107229 -0.0317672  0.2481131 -0.1785578 -0.0347045 -0.1878410  0.3346620 -0.3280612  0.1945488  0.0244335  0.1368602 -0.4457841 -0.1751847  0.0428304 
 0.0000000  0.0000000  0.3779645  0.1412202  0.0916637 -0.0810181  0.0951678  0.1629947 -0.3781407 -0.1318651  0.4245708  0.1277306 -0.2854115 -0.3135773 -0.1826215 -0.3355943 -0.0076229 -0.1381532  0.1228526 -0.2045817  0.1667322 
 0.0000000  0.0000000  0.3779645  0.1906181  0.0907384  0.2067407  0.2433179 -0.0791546  0.0959315  0.2239051  0.2825262 -0.1166189  0.5684124  0.0169893  0.2066485  0.0388479 -0.1361754 -0.2009673  0.1590359  0.2939661  0.1156367 
::::::::::::::
run.004.021
::::::::::::::
 0.4082483 -0.0383085  0.0000000  0.0000000  0.0320304  0.0436782 -0.0250485  0.2769416  0.0370682 -0.1405100  0.0413121 -0.1099888  0.0086594  0.2560615  0.1617140 -0.3491446 -0.4690384 -0.4252502 -0.0862622 -0.2963026 -0.0831845 
 0.4082483  0.0383085  0.0000000  0.0000000  0.0095819 -0.1470757 -0.1130227 -0.3405470  0.0101253  0.4987236 -0.2177247  0.2186141  0.1679544 -0.2087583 -0.2442988 -0.2770386  0.1025464 -0.2063851  0.2708238 -0.0352448 -0.0381188 
 0.4082483  0.0000000 -0.0383085  0.0000000 -0.2870505 -0.1345329 -0.1092124  0.2320270  0.2314172 -0.1541145 -0.3713539 -0.0010264 -0.2385611 -0.0356833  0.1911860  0.2321954  0.3132246 -0.0192948 -0.0787284  0.2407814 -0.3729446 
 0.4082483  0.0000000  0.0383085  0.0000000  0.0150181  0.0470116  0.3365715 -0.1874235  0.1645024  0.2708345  0.3908868 -0.1925105 -0.1943706 -0.0534617  0.2671729  0.0732706  0.1579367  0.3440021 -0.1572521 -0.3200351  0.0541944 
 0.4082483  0.0000000  0.0000000 -0.0383085  0.3460388  0.1345656 -0.2002426  0.0911705 -0.0486851 -0.1113950 -0.0348484  0.2664554  0.3779994  0.2240632 -0.1752416  0.0921548 -0.0033834  0.3774033 -0.3485082  0.1825788  0.1705467 
 0.4082483  0.0000000  0.0000000  0.0383085 -0.1156188  0.0563532  0.1109547 -0.0721686 -0.3944279 -0.3635384  0.1917281 -0.1815439 -0.1216816 -0.1822215 -0.2005324  0.2285625 -0.1012858 -0.0704752  0.3999270  0.2282223  0.2695069 
 0.0000000  0.4465568  0.0000000  0.0000000  0.0176897 -0.5635157 -0.0919358  0.1012633  0.2107660  0.0327809  0.2367232 -0.1125767 -0.2853998  0.0677401 -0.2998803 -0.2086377 -0.1590895  0.1289553 -0.1167657  0.2536423  0.1019908 
 0.0000000  0.4465568  0.0000000  0.0000000 -0.2638404 -0.1265463  0.2040340  0.3228099 -0.4886136  0.0454130 -0.1534646 -0.0861326  0.2933966 -0.0622688 -0.1087176 -0.0081860  0.1624840  0.1240987 -0.1151629 -0.3610544 -0.1003974 
 0.0000000  0.4465568  0.0000000  0.0000000  0.2476558  0.0401879 -0.0626223 -0.3182225 -0.2388220 -0.0992013  0.2145542  0.0190292  0.1359027 -0.1147189  0.4816593 -0.0706796  0.0663972 -0.2266987 -0.1349972  0.3122973 -0.2810747 
 0.0000000  0.4465568  0.0000000  0.0000000  0.0029953  0.1390866  0.1391380  0.0907358  0.2544050  0.2498635 -0.1490445  0.0961704  0.1085931  0.3514153  0.2100100  0.3894522 -0.2308986 -0.0044472  0.4236788  0.0572672  0.1668663 
 0.0000000  0.4465568  0.0000000  0.0000000 -0.0025746  0.5271516 -0.1810668 -0.1436142  0.2645760 -0.2836936 -0.1265465  0.0553201 -0.2661579 -0.2022924 -0.2482411 -0.1081346  0.1120726 -0.0406838 -0.0873861 -0.2845476  0.1087489 
 0.0000000  0.0000000  0.4465568  0.0000000 -0.2034098  0.2998892 -0.2470306  0.1030732 -0.2684024  0.2535217  0.2912236  0.1137341 -0.2638981  0.4150680 -0.1326768 -0.0868622  0.1731039  0.0111140  0.0840471  0.1113433 -0.2166760 
 0.0000000  0.0000000  0.4465568  0.0000000  0.2708929  0.0442358 -0.3442584  0.2269870 -0.0016139  0.2490323 -0.1704603 -0.5386768  0.0477325 -0.3273100  0.0945932  0.1406387 -0.0398782 -0.0417357 -0.0461574  0.0275632  0.1720506 
 0.0000000  0.0000000  0.4465568  0.0000000 -0.1754349  0.0968172  0.2958029 -0.2492026  0.0886341 -0.1305163 -0.2431616 -0.0662063  0.1101324 -0.0997806 -0.0638138 -0.1804624 -0.4440040  0.3642184 -0.0017782  0.1677833 -0.3252081 
 0.0000000  0.0000000  0.4465568  0.0000000 -0.0964612 -0.3997358 -0.2090359 -0.3288082  0.0678389 -0.3739505 -0.0462916  0.0558983  0.1440379  0.2616255  0.1701401  0.0558769  0.2078114 -0.0273904  0.1017565 -0.3245456  0.2215612 
 0.0000000  0.0000000  0.4465568  0.0000000  0.1784997 -0.0567805  0.4662798  0.2839337  0.1192837 -0.0345421  0.1032999  0.4516774 -0.0417956 -0.2480777 -0.0747614  0.0844425  0.1162885 -0.3373722 -0.1311318  0.0659663  0.1116295 
 0.0000000  0.0000000  0.0000000  0.4465568 -0.0826982 -0.0781109 -0.0695442 -0.2874982 -0.1055983  0.1439762 -0.0241127  0.0359269 -0.1014595  0.0499116 -0.2191107  0.5203362 -0.2888694 -0.2332935 -0.4062091 -0.1288555 -0.1240056 
 0.0000000  0.0000000  0.0000000  0.4465568  0.5305367 -0.0572642  0.0962274  0.0943831  0.0855413 -0.1603322  0.0443990 -0.1459148  0.0252927  0.1096879 -0.2150946  0.0098078  0.1880604  0.0865488  0.3520061 -0.1592872 -0.4361347 
 0.0000000  0.0000000  0.0000000  0.4465568 -0.0523863  0.1188832  0.3082739 -0.0964557 -0.0273558  0.0430413 -0.2870656 -0.2687669 -0.0115764  0.3027989  0.0321063 -0.3089368  0.2725120 -0.1317767 -0.1808937  0.2841202  0.3588331 
 0.0000000  0.0000000  0.0000000  0.4465568  0.0574534 -0.0732395 -0.1719194  0.1389113 -0.2479292  0.0230709 -0.1565167  0.3954895 -0.3375340 -0.2014510  0.3659274 -0.1703881 -0.1873813  0.3113798  0.1140835 -0.0864991  0.1736260 
 0.0000000  0.0000000  0.0000000  0.4465568 -0.4133017  0.0964411 -0.1897342  0.1646717  0.3250020 -0.0281256  0.4038588  0.0216976  0.4681430 -0.2260938  0.0383412 -0.0625211  0.0240770  0.0055634  0.0568076  0.0866060  0.0191918 
::::::::::::::
run.005.021
::::::::::::::
 0.4342897 -0.0280750 -0.0165008 -0.0116974  0.0090429 -0.0635420 -0.2565180  0.3178856 -0.1524597  0.2099944 -0.2071774 -0.2083059 -0.0859791 -0.1299625  0.1774502  0.4688619 -0.2681046  0.1916308 -0.2333587  0.2148603  0.0272266 
 0.4342896  0.0280749 -0.0165008 -0.0116975  0.0090429 -0.3646462 -0.0228632 -0.3306007  0.1267765 -0.1781238  0.1221546  0.1694010 -0.2410561  0.2511852  0.2383748 -0.1077228 -0.0093597 -0.1282422  0.2245007  0.4455253  0.1444035 
 0.4461753  0.0000000  0.0321225 -0.0120176  0.0092904 -0.1261211  0.1225795  0.0766675  0.2255784 -0.2616944 -0.2600525 -0.1324294 -0.0731007  0.2424135 -0.1439241 -0.0968497  0.1472349  0.2008989 -0.1309533 -0.5845566  0.2079055 
 0.4560751  0.0000000  0.0000000  0.0340341  0.0094965  0.1091291  0.2519829 -0.2803505 -0.1398361 -0.0592591  0.3673639 -0.1074671  0.5136167 -0.2433928  0.0448358 -0.0857753 -0.1344382  0.1530800 -0.0401607 -0.0657743 -0.2954974 
 0.4644438  0.0000000  0.0000000  0.0000000 -0.0351619  0.4143855 -0.1039581  0.2135366 -0.0553732  0.2797907 -0.0314183  0.2691301 -0.1283342 -0.1072235 -0.2945923 -0.1604221  0.2500222 -0.4025914  0.1735223  0.0086428 -0.0700418 
 0.0000000  0.4996057  0.0000000  0.0000000  0.0000000  0.2310862 -0.0844888 -0.0060220  0.1057272 -0.1286502 -0.3292931 -0.0895840  0.1947766 -0.1045445  0.0777616 -0.4572803 -0.0018600  0.0266856 -0.3670347  0.3393156  0.1761975 
 0.0000000  0.4996057  0.0000000  0.0000000  0.0000000 -0.3082513 -0.0502487  0.2612381 -0.0667529  0.1651801  0.3766989 -0.0706499 -0.0723262  0.3122571 -0.3523140 -0.1307020 -0.3309527 -0.0863857 -0.0961790 -0.0683531 -0.1763876 
 0.0000000  0.4996057  0.0000000  0.0000000  0.0000000  0.1688770  0.2022344  0.1421709 -0.1700089  0.0335255 -0.0275518  0.1305691  0.1601988  0.1223353  0.4776157  0.2430720 -0.0252476 -0.0855860  0.4025987 -0.2418761  0.2377951 
 0.0000000  0.4996057  0.0000000  0.0000000  0.0000000 -0.0747916 -0.0806269 -0.3609459  0.1153432 -0.0482453 -0.0383605  0.0084398 -0.2739348 -0.3514661 -0.2064869  0.3773110  0.3435204  0.1632611  0.0348859 -0.0420484 -0.2441896 
 0.0000000  0.0000000  0.4996057  0.0000000  0.0000000  0.2302597  0.1614048 -0.4612566 -0.2407472  0.1939597 -0.1400821  0.2020421 -0.1362091  0.2796161 -0.1138324  0.1500744 -0.2460527 -0.0471768 -0.3083473 -0.0493894  0.1001933 
 0.0000000  0.0000000  0.4996057  0.0000000  0.0000000  0.1431236 -0.6627934  0.0406575  0.0476413 -0.2430664  0.3818482 -0.0521862  0.0895203  0.0372360  0.1555156  0.0114352  0.1438015  0.0086631 -0.0143528 -0.1314145  0.0844585 
 0.0000000  0.0000000  0.4996057  0.0000000  0.0000000 -0.3507364  0.2264621  0.3271925  0.0845385  0.1113971 -0.0872896  0.4453997  0.0018052 -0.2457262  0.2044804 -0.1801189  0.1088553  0.1903430 -0.0697521  0.0161489 -0.2358726 
 0.0000000  0.0000000  0.4996057  0.0000000  0.0000000 -0.0286798  0.2578180  0.0880572  0.0932155 -0.0444120 -0.1405644 -0.5880258  0.0387825 -0.0827083 -0.2231761  0.0367639 -0.0252346 -0.1626526  0.4005793  0.2240505  0.0435220 
 0.0000000  0.0000000  0.0000000  0.4996057  0.0000000 -0.1709352  0.1897222 -0.0123063 -0.0267199  0.2067023  0.3032894 -0.1756277 -0.1291379 -0.2701003  0.1257442  0.0016203  0.2172536 -0.2847398 -0.3276326 -0.0830470  0.4132786 
 0.0000000  0.0000000  0.0000000  0.4996057  0.0000000  0.2382885  0.0446977  0.0784218 -0.0390911 -0.3797019 -0.0871170 -0.0750560 -0.4153010 -0.0036283  0.2298529 -0.1011004 -0.2679449 -0.1068581  0.0108518 -0.0865493 -0.4474115 
 0.0000000  0.0000000  0.0000000  0.4996057  0.0000000  0.1239458 -0.0798103 -0.0379016  0.6471018  0.2603350 -0.0230556  0.1689428  0.2595650  0.1468217 -0.1092555  0.1613800 -0.1746467  0.1749659  0.1342296  0.0702361  0.0257083 
 0.0000000  0.0000000  0.0000000  0.4996057  0.0000000 -0.2117922 -0.1753679 -0.0075694 -0.5669402 -0.0888472 -0.2263883  0.0849655  0.2404699  0.1521566 -0.2431220 -0.0499309  0.2315414  0.2125205  0.1819296  0.1052417  0.0375739 
 0.0000000  0.0000000  0.0000000  0.0000000  0.4996057  0.0182303  0.1400842  0.1218986  0.0742839 -0.0949794 -0.0102286 -0.0490022  0.2157333  0.3805298  0.0805323  0.2759734  0.3919603 -0.2658766 -0.2836379  0.1639796 -0.3047626 
 0.0000000  0.0000000  0.0000000  0.0000000  0.4996057 -0.2847044 -0.3075501 -0.2484991  0.0117714  0.2078065 -0.3044074 -0.0450627  0.1241289 -0.2161790  0.0991827 -0.1635884 -0.2363736 -0.3285379  0.1223049 -0.3016039 -0.0806798 
 0.0000000  0.0000000  0.0000000  0.0000000  0.4996057  0.0815553  0.1133654  0.1638602 -0.0223995 -0.4291559  0.1405898  0.3090075 -0.0362200 -0.2773113 -0.3212849  0.1514220 -0.2695645  0.0434814  0.0222804  0.0932730  0.3405809 
 0.0000000  0.0000000  0.0000000  0.0000000  0.4996057  0.2221041  0.0447717 -0.0180978 -0.0686248  0.3414361  0.1712268 -0.1907919 -0.3151585  0.1033387  0.1151343 -0.2782027  0.1364138  0.5148062  0.1546239  0.0451268  0.0385763 
::::::::::::::
run.006.021
::::::::::::::
 0.5656854  0.0000000  0.0000000  0.0000000  0.0000000  0.0000000 -0.2288153  0.0640528  0.4435095  0.1522065 -0.3078657 -0.0062100 -0.1885755  0.0072918 -0.2852206  0.0193567  0.0033392  0.2777441 -0.1327016 -0.3012948  0.0772845 
 0.5656854  0.0000000  0.0000000  0.0000000  0.0000000  0.0000000  0.1410509  0.1562769 -0.2107095 -0.3051430  0.2053054 -0.0831155 -0.1210577  0.0890881 -0.1134128  0.0163129 -0.3514778 -0.0339433  0.3745810  0.3456099  0.1701374 
 0.4242641 -0.1414214  0.0000000  0.0000000  0.0000000  0.0000000 -0.2877354  0.0064253 -0.1265662  0.1786678  0.0945500  0.2194771  0.0606770 -0.1980675  0.2136555 -0.2088603  0.0940123 -0.6015758 -0.1686568  0.0087287 -0.2840407 
 0.4242641  0.1414214  0.0000000  0.0000000  0.0000000  0.0000000  0.4047546 -0.3001983 -0.1838339  0.0252475  0.0421971 -0.1003764  0.3521671  0.0695610  0.3178558  0.1613008  0.3701726  0.2765081 -0.1538491 -0.0678156 -0.0458551 
 0.0000000  0.5656854  0.0000000  0.0000000  0.0000000  0.0000000  0.1952204  0.0033164  0.1474424 -0.0047553 -0.2003619  0.0243765 -0.1782989 -0.3819249  0.3847615 -0.0617585 -0.2783690 -0.0649600  0.2940825 -0.2304014 -0.1690736 
 0.0000000  0.5656854  0.0000000  0.0000000  0.0000000  0.0000000 -0.2154302  0.1540875 -0.0000155  0.2230369 -0.0158084 -0.3556446  0.2613717  0.2743262 -0.1528356 -0.3484359  0.2351823 -0.1653599  0.1130307  0.1422008  0.1714073 
 0.0000000  0.5656854  0.0000000  0.0000000  0.0000000  0.0000000 -0.1529127 -0.0807480 -0.1331099 -0.1799265  0.2292585  0.4112315 -0.1559453  0.0406915 -0.2579760  0.3176541 -0.0258534  0.0107989 -0.4108151  0.1073366 -0.0618801 
 0.0000000  0.0000000  0.5656854  0.0000000  0.0000000  0.0000000 -0.0333969 -0.3415059  0.0898999  0.0866375  0.1130742 -0.1622054  0.0422639  0.4538327  0.0867610  0.0142552 -0.4622521 -0.1290969 -0.1065264 -0.1885069 -0.1219307 
 0.0000000  0.0000000  0.5656854  0.0000000  0.0000000  0.0000000  0.0522605  0.2024259 -0.3380745  0.0325279 -0.0674431 -0.2212469  0.1529568 -0.5210989 -0.3633399  0.1276954  0.0475931  0.0008336 -0.0448012 -0.1409813 -0.0055608 
 0.0000000  0.0000000  0.4242641 -0.1414214  0.0000000  0.0000000  0.2187186  0.2124249  0.5154453 -0.3929685  0.0941773  0.0910092 -0.1058676  0.0602102  0.0898408 -0.0137585  0.4307893 -0.2073530  0.0067845  0.1343658  0.0029848 
 0.0000000  0.0000000  0.4242641  0.1414214  0.0000000  0.0000000 -0.2438701 -0.0269850 -0.1845458  0.2340813 -0.1550188  0.4202606 -0.1544266  0.0294779  0.2789311 -0.1755090  0.1220895  0.3783708  0.1949858  0.3049518  0.1670040 
 0.0000000  0.0000000  0.0000000  0.5656854  0.0000000  0.0000000  0.1610280 -0.2286558  0.2719216  0.3144971  0.0696266 -0.2079920 -0.1666628 -0.1595350 -0.1630530  0.1745915  0.0548255 -0.0691458  0.0237261  0.4522240 -0.2401569 
 0.0000000  0.0000000  0.0000000  0.5656854  0.0000000  0.0000000 -0.0074536  0.1229173 -0.0032686 -0.4255890 -0.0986312 -0.0909815  0.1088582 -0.0778276  0.1580355 -0.4014092 -0.1685422  0.0931447 -0.4505333 -0.0107251  0.1466420 
 0.0000000  0.0000000  0.0000000  0.5656854  0.0000000  0.0000000 -0.0379272  0.1655910 -0.0936553 -0.0456706  0.0913037  0.2166607  0.0699443  0.2450456 -0.0422551  0.2672553  0.1908917 -0.1704299  0.3797568 -0.4841455  0.0525101 
 0.0000000  0.0000000  0.0000000  0.0000000  0.5656854  0.0000000  0.1544057  0.2665917  0.2348313  0.2331731 -0.0345910  0.2796323  0.4829396 -0.0299618  0.0294147  0.1689774 -0.2741910 -0.0450625 -0.0735892  0.1441667  0.1709499 
 0.0000000  0.0000000  0.0000000  0.0000000  0.5656854  0.0000000 -0.3389349 -0.1311669 -0.1218826 -0.1862006 -0.1813889 -0.3670352 -0.2762748 -0.0170743  0.2633735  0.3333714  0.1456476 -0.1300525 -0.0308381  0.0356673  0.1824942 
 0.0000000  0.0000000  0.0000000  0.0000000  0.4242641 -0.1414214  0.0723849 -0.3929643  0.0590044 -0.0027871  0.4715674  0.0945520 -0.1132095 -0.2123065 -0.2184935 -0.4276260  0.1002378  0.0777976  0.1275605 -0.2291354  0.1793480 
 0.0000000  0.0000000  0.0000000  0.0000000  0.4242641  0.1414214  0.1736541  0.2123979 -0.2096026 -0.0598429 -0.1835943  0.0219852 -0.1623436  0.2750213 -0.1718908 -0.2421725  0.0711534  0.1556891  0.0116759 -0.0106432 -0.6506067 
 0.0000000  0.0000000  0.0000000  0.0000000  0.0000000  0.5656854  0.1708612  0.3299116 -0.0553613  0.3350995  0.3764938 -0.1244635 -0.3471483  0.0229298  0.1906312 -0.0041291 -0.0013728  0.0365238 -0.2249778 -0.1310232  0.2070182 
 0.0000000  0.0000000  0.0000000  0.0000000  0.0000000  0.5656854 -0.4237393 -0.0986410  0.1969091 -0.2401933  0.2340135 -0.0551579  0.3515620 -0.1690796  0.0368334  0.0528547 -0.0211230  0.2496778  0.2194995  0.0424522 -0.2595049 
 0.0000000  0.0000000  0.0000000  0.0000000  0.0000000  0.5656854  0.2275607 -0.3826111 -0.0743960 -0.0806422 -0.4467169  0.1977631  0.0078698  0.0243178 -0.2391153 -0.0950890  0.0297669 -0.3056745  0.0344494  0.0339479  0.2599754 
::::::::::::::
run.007.021
::::::::::::::
 0.5773503  0.0000000  0.0000000  0.0000000  0.0000000  0.0000000  0.0000000  0.0290764  0.1858307  0.1806960  0.0631240 -0.0783105 -0.2312190  0.1087447  0.1558370 -0.0833391  0.1861516 -0.3532832  0.2174220 -0.4024786  0.3511110 
 0.5773503  0.0000000  0.0000000  0.0000000  0.0000000  0.0000000  0.0000000 -0.0379557 -0.0654428 -0.4759346 -0.0513333  0.2676649  0.2533463 -0.3932686  0.1682745 -0.0643780 -0.2374579 -0.0408786 -0.0058706  0.2164200 -0.0625717 
 0.5773503  0.0000000  0.0000000  0.0000000  0.0000000  0.0000000  0.0000000  0.0088793 -0.1203879  0.2952386 -0.0117907 -0.1893544 -0.0221273  0.2845239 -0.3241115  0.1477171  0.0513063  0.3941618 -0.2115514  0.1860586 -0.2885393 
 0.0000000  0.5773503  0.0000000  0.0000000  0.0000000  0.0000000  0.0000000 -0.0867964  0.0409008 -0.1279418 -0.1320987  0.0194199 -0.5331362 -0.0480135  0.0123373 -0.1160746 -0.3758965  0.2842648 -0.2279505 -0.1711314  0.1405234 
 0.0000000  0.5773503  0.0000000  0.0000000  0.0000000  0.0000000  0.0000000 -0.1593310  0.0181195  0.1599003  0.2925234  0.0916640  0.5465148  0.0157037  0.1135683  0.3121082  0.1536311  0.0269699 -0.1763492 -0.0886977  0.2210908 
 0.0000000  0.5773503  0.0000000  0.0000000  0.0000000  0.0000000  0.0000000  0.2461275 -0.0590203 -0.0319586 -0.1604247 -0.1110840 -0.0133786  0.0323099 -0.1259056 -0.1960336  0.2222654 -0.3112347  0.4042996  0.2598292 -0.3616142 
 0.0000000  0.0000000  0.5773503  0.0000000  0.0000000  0.0000000  0.0000000  0.0079095 -0.3238591 -0.1753897  0.4338302 -0.0774691 -0.0914189 -0.1982780 -0.4351051 -0.0484827  0.0391469 -0.1836603 -0.1156441 -0.2180069 -0.0352839 
 0.0000000  0.0000000  0.5773503  0.0000000  0.0000000  0.0000000  0.0000000  0.2770971  0.5065776 -0.0617541 -0.0654277  0.2051462 -0.0979817  0.1163843  0.2944441  0.1077795  0.2190172  0.0512941 -0.2548665  0.1171237 -0.1798602 
 0.0000000  0.0000000  0.5773503  0.0000000  0.0000000  0.0000000  0.0000000 -0.2850066 -0.1827185  0.2371438 -0.3684025 -0.1276771  0.1894006  0.0818937  0.1406610 -0.0592969 -0.2581641  0.1323662  0.3705107  0.1008832  0.2151441 
 0.0000000  0.0000000  0.0000000  0.5773503  0.0000000  0.0000000  0.0000000  0.1058793  0.4598160 -0.1809179  0.2065290 -0.1490584  0.2149009  0.1030501 -0.2569234 -0.0856705 -0.2489940  0.2238025  0.3008380 -0.1164158  0.0113611 
 0.0000000  0.0000000  0.0000000  0.5773503  0.0000000  0.0000000  0.0000000 -0.0766259 -0.0428676  0.2077828 -0.3788906 -0.0341309 -0.0911674 -0.5468429 -0.0815148  0.1662113  0.3227458 -0.0195671 -0.1508478 -0.0368688  0.0279137 
 0.0000000  0.0000000  0.0000000  0.5773503  0.0000000  0.0000000  0.0000000 -0.0292534 -0.4169483 -0.0268649  0.1723616  0.1831893 -0.1237335  0.4437928  0.3384381 -0.0805408 -0.0737518 -0.2042355 -0.1499902  0.1532846 -0.0392748 
 0.0000000  0.0000000  0.0000000  0.0000000  0.5773503  0.0000000  0.0000000 -0.4416353  0.0144406 -0.2821842  0.0372226  0.2077748 -0.1359890  0.1254077 -0.0676027 -0.0482874  0.4426686  0.2512629  0.2136200  0.0291528  0.0232116 
 0.0000000  0.0000000  0.0000000  0.0000000  0.5773503  0.0000000  0.0000000  0.2045467  0.0363905 -0.1294406 -0.0434243 -0.5273140  0.0156159  0.0055397  0.0269703  0.1730516 -0.1497274 -0.2294694 -0.2273952  0.2953152  0.2861109 
 0.0000000  0.0000000  0.0000000  0.0000000  0.5773503  0.0000000  0.0000000  0.2370886 -0.0508311  0.4116247  0.0062017  0.3195392  0.1203731 -0.1309474  0.0406324 -0.1247642 -0.2929413 -0.0217934  0.0137752 -0.3244680 -0.3093225 
 0.0000000  0.0000000  0.0000000  0.0000000  0.0000000  0.5773503  0.0000000 -0.2111671  0.2118574  0.0869080 -0.1571570  0.3433806 -0.0125104  0.1568209 -0.4221996  0.0754761 -0.1723103 -0.3641647 -0.1101646  0.1777490  0.1108779 
 0.0000000  0.0000000  0.0000000  0.0000000  0.0000000  0.5773503  0.0000000 -0.0921462  0.0191037  0.0365433  0.0790297 -0.3233923  0.1649908 -0.0958572  0.2362106 -0.5860955  0.1658075  0.1368734 -0.2247315 -0.0627851 -0.0962318 
 0.0000000  0.0000000  0.0000000  0.0000000  0.0000000  0.5773503  0.0000000  0.3033132 -0.2309611 -0.1234512  0.0781274 -0.0199883 -0.1524804 -0.0609637  0.1859890  0.5106194  0.0065029  0.2272913  0.3348961 -0.1149639 -0.0146461 
 0.0000000  0.0000000  0.0000000  0.0000000  0.0000000  0.0000000  0.5773503 -0.4047864  0.1931318  0.1520107  0.2867944 -0.1812303 -0.1913919 -0.1732771  0.1899161  0.1886894 -0.1658356 -0.1526374  0.1020135  0.1268653 -0.3341905 
 0.0000000  0.0000000  0.0000000  0.0000000  0.0000000  0.0000000  0.5773503  0.0537778 -0.1130349 -0.3195876 -0.4232368 -0.0649880  0.2304854  0.2701457 -0.0754186  0.0600143  0.0545571 -0.0641572 -0.1561694 -0.4347980 -0.0979078 
 0.0000000  0.0000000  0.0000000  0.0000000  0.0000000  0.0000000  0.5773503  0.3510086 -0.0800970  0.1675770  0.1364424  0.2462183 -0.0390936 -0.0968686 -0.1144975 -0.2487036  0.1112785  0.2167946  0.0541559  0.3079327  0.4320982 
::::::::::::::
run.008.021
::::::::::::::
 0.5581798  0.0000000  0.0000000  0.0000000  0.0000000 -0.0864242  0.0000000  0.0375160 -0.3360630  0.1447590  0.3357809  0.1816447  0.1304547 -0.4376487  0.1306386  0.0971172  0.0328001 -0.1677499  0.0074844 -0.2613078  0.2594513 
 0.5581798  0.0000000  0.0000000  0.0000000  0.0000000  0.0864242  0.0000000  0.0375160  0.4166811 -0.0616910  0.1043544  0.2766150 -0.1209677  0.0810096 -0.1018691 -0.0506386 -0.0744830 -0.0841767  0.1200224  0.5806555 -0.1280124 
 0.6138980  0.0000000  0.0000000  0.0000000  0.0000000  0.0000000  0.0000000 -0.0682220 -0.0733011 -0.0755287 -0.4001880 -0.4166674 -0.0086260  0.3242701 -0.0261583 -0.0422602  0.0378997  0.2290614 -0.1159341 -0.2903633 -0.1195093 
 0.0000000  0.5170649  0.0000000  0.0000000  0.0000000 -0.1650550  0.0000000  0.0000000 -0.4168792 -0.1970519 -0.1565409  0.2348994  0.0317193  0.0284357 -0.1801620  0.5105957  0.0080436  0.0774905 -0.0514113  0.1992681 -0.2640053 
 0.0000000  0.5170649  0.0000000  0.0000000  0.0000000  0.1650550  0.0000000  0.0000000  0.0954275  0.0049888 -0.1244646  0.1678686  0.1529878  0.2763359 -0.1390246 -0.2254217 -0.4197589 -0.2965539  0.1355093 -0.2428475  0.3757780 
 0.0000000  0.6821200  0.0000000  0.0000000  0.0000000  0.0000000  0.0000000  0.0000000  0.2436689  0.1455889  0.2130096 -0.3053087 -0.1400129 -0.2310249  0.2419518 -0.2161694  0.3120911  0.1660558 -0.0637485  0.0330343 -0.0847266 
 0.0000000  0.0000000  0.5581798  0.0000000  0.0000000  0.0000000 -0.0864242  0.0375160  0.1703324 -0.3214741  0.4617258  0.1371143 -0.1016713  0.2496707 -0.0277273  0.0966946  0.0278938  0.0031577 -0.0345541 -0.4051413 -0.2574806 
 0.0000000  0.0000000  0.5581798  0.0000000  0.0000000  0.0000000  0.0864242  0.0375160 -0.0135570  0.3846443 -0.1141529  0.0263108  0.0544091 -0.0185437 -0.2874799  0.0729681  0.1242145  0.4413774  0.3129636  0.1128412  0.3248149 
 0.0000000  0.0000000  0.6138980  0.0000000  0.0000000  0.0000000  0.0000000 -0.0682220 -0.1425463 -0.0574368 -0.3160267 -0.1485924  0.0429726 -0.2101496  0.2865985 -0.1542639 -0.1383028 -0.4041884 -0.2531407  0.2657706 -0.0612229 
 0.0000000  0.0000000  0.0000000  0.5170649  0.0000000  0.0000000 -0.1650550  0.0000000  0.2647638  0.1482887 -0.1700165  0.1753223 -0.0166030  0.1349051  0.5585097  0.4212557 -0.0485860  0.0996560 -0.0482853 -0.0599539  0.1660885 
 0.0000000  0.0000000  0.0000000  0.5170649  0.0000000  0.0000000  0.1650550  0.0000000 -0.2884261  0.2951777  0.2578700 -0.1710501  0.1934761  0.1689597  0.0205513 -0.1913432 -0.2312826 -0.0471480  0.2999922  0.0841770 -0.4283871 
 0.0000000  0.0000000  0.0000000  0.6821200  0.0000000  0.0000000  0.0000000  0.0000000  0.0179367 -0.3361592 -0.0665953 -0.0032385 -0.1340745 -0.2303375 -0.4389436 -0.1742798  0.2121477 -0.0398024 -0.1908005 -0.0183618  0.1988292 
 0.0000000  0.0000000  0.0000000  0.0000000  0.5170649  0.0000000  0.0000000  0.1650550  0.0126479  0.3781702  0.1479727 -0.1570783 -0.3578625  0.0441699 -0.2372532  0.1891455 -0.3058863 -0.0599404 -0.4421016  0.0125469  0.0283955 
 0.0000000  0.0000000  0.0000000  0.0000000  0.5170649  0.0000000  0.0000000 -0.1650550 -0.2080886 -0.1897409  0.2097904 -0.0977593  0.1980362  0.4139173  0.1589179 -0.0306528  0.3884440 -0.1062630  0.0363572  0.2563013  0.3264907 
 0.0000000  0.0000000  0.0000000  0.0000000  0.6821200  0.0000000  0.0000000  0.0000000  0.1481492 -0.1428344 -0.2711938  0.1931736  0.1211526 -0.3472422  0.0593802 -0.1201416 -0.0625809  0.1259865  0.3075650 -0.2037940 -0.2690131 
 0.0000000  0.0000000  0.0000000  0.0000000  0.0000000  0.6821200  0.0000000  0.0000000  0.1429680  0.1646027 -0.0433431 -0.1217030  0.3380557 -0.0846989 -0.1933278  0.3337604  0.2937443 -0.2785313 -0.0405039 -0.0753515 -0.1705201 
 0.0000000  0.0000000  0.0000000  0.0000000  0.0000000  0.6821200  0.0000000  0.0000000 -0.3623050 -0.1873341  0.0649031  0.1258900 -0.3355444 -0.0410001  0.2128322 -0.1369431 -0.1766347  0.3584515 -0.0189845  0.0756556  0.0648009 
 0.0000000  0.0000000  0.0000000  0.0000000  0.0000000  0.0000000  0.6821200  0.0000000  0.0720166 -0.1889868 -0.0222055 -0.2462693 -0.3686975 -0.0555118  0.0864709  0.3048906 -0.0253121 -0.2250851  0.3515557 -0.0594989  0.1215642 
 0.0000000  0.0000000  0.0000000  0.0000000  0.0000000  0.0000000  0.6821200  0.0000000  0.0851395  0.0639787 -0.0083682  0.3441210  0.2980886  0.0812541  0.0766114 -0.1536517  0.0573160  0.2050857 -0.4798600 -0.0410051 -0.0514933 
 0.0000000  0.0000000  0.0000000  0.0000000  0.0000000  0.0000000  0.0000000  0.6821200 -0.1649472  0.1642892 -0.2140129  0.2397858 -0.2540231  0.1976980  0.0829847 -0.1900069  0.3927786 -0.2300513  0.0841610 -0.0874418 -0.0931985 
 0.0000000  0.0000000  0.0000000  0.0000000  0.0000000  0.0000000  0.0000000  0.6821200  0.0768904 -0.3230502  0.1140158 -0.3161586  0.3940487 -0.0899121  0.0546800  0.1052786 -0.2408841  0.1907339 -0.0276246  0.1424767  0.1363215 
::::::::::::::
run.009.021
::::::::::::::
 0.5632636 -0.0863494  0.0522016  0.0000000  0.0000000  0.0000000  0.0000000  0.0000000  0.0000000  0.0122719 -0.0410322 -0.4171027  0.0140277  0.1791520 -0.0232980 -0.0573586  0.0110510 -0.5276828  0.0239127  0.3181904  0.2832504 
 0.5632636  0.0863494  0.0522016  0.0000000  0.0000000  0.0000000  0.0000000  0.0000000  0.0000000 -0.4628601  0.0342551  0.2034332 -0.0645322 -0.3185355 -0.3329160  0.1735359 -0.1927842  0.2619606  0.2370610 -0.0846904  0.0042861 
