 0.7071068  0.0000000  0.0000000  0.0000000  0.0000000  0.0000000  0.0000000  0.0023982  0.3495664 -0.1519069  0.3694327 -0.1658714  0.1617497  0.4056662 
 0.7071068  0.0000000  0.0000000  0.0000000  0.0000000  0.0000000  0.0000000 -0.0023982 -0.3495664  0.1519069 -0.3694327  0.1658714 -0.1617497 -0.4056662 
 0.0000000  0.7071068  0.0000000  0.0000000  0.0000000  0.0000000  0.0000000  0.0273097  0.0114284 -0.4559687 -0.2043720  0.2045263 -0.3856065  0.2427444 
 0.0000000  0.7071068  0.0000000  0.0000000  0.0000000  0.0000000  0.0000000 -0.0273097 -0.0114284  0.4559687  0.2043720 -0.2045263  0.3856065 -0.2427444 
 0.0000000  0.0000000  0.7071068  0.0000000  0.0000000  0.0000000  0.0000000  0.3159183  0.4441306  0.2044400  0.0099696 -0.0352590 -0.3508295 -0.1916351 
 0.0000000  0.0000000  0.7071068  0.0000000  0.0000000  0.0000000  0.0000000 -0.3159183 -0.4441306 -0.2044400 -0.0099696  0.0352590  0.3508295  0.1916351 
 0.0000000  0.0000000  0.0000000  0.7071068  0.0000000  0.0000000  0.0000000 -0.4564974  0.3361292 -0.2192881 -0.1427250 -0.1079486  0.0615735 -0.3077749 
 0.0000000  0.0000000  0.0000000  0.7071068  0.0000000  0.0000000  0.0000000  0.4564974 -0.3361292  0.2192881  0.1427250  0.1079486 -0.0615735  0.3077749 
 0.0000000  0.0000000  0.0000000  0.0000000  0.7071068  0.0000000  0.0000000 -0.1660091 -0.2489364 -0.0567217  0.3607718 -0.3327050 -0.3916212 -0.1141851 
 0.0000000  0.0000000  0.0000000  0.0000000  0.7071068  0.0000000  0.0000000  0.1660091  0.2489364  0.0567217 -0.3607718  0.3327050  0.3916212  0.1141851 
 0.0000000  0.0000000  0.0000000  0.0000000  0.0000000  0.7071068  0.0000000  0.3724959 -0.0723866 -0.3170493 -0.1693519 -0.4181417  0.1756283 -0.1453235 
 0.0000000  0.0000000  0.0000000  0.0000000  0.0000000  0.7071068  0.0000000 -0.3724959  0.0723866  0.3170493  0.1693519  0.4181417 -0.1756283  0.1453235 
 0.0000000  0.0000000  0.0000000  0.0000000  0.0000000  0.0000000  0.7071068 -0.1572958  0.0151262  0.2745838 -0.3774194 -0.3636268 -0.1185731  0.3330218 
 0.0000000  0.0000000  0.0000000  0.0000000  0.0000000  0.0000000  0.7071068  0.1572958 -0.0151262 -0.2745838  0.3774194  0.3636268  0.1185731 -0.3330218 
