 0.7071068  0.0000000  0.0000000  0.0000000 -0.1698846  0.0000000  0.0000000  0.0000000  0.0000000  0.0000000  0.1541301  0.3718092  0.2850965  0.0628628  0.3884381  0.2446070  0.0588321  0.0986476 
 0.7071068  0.0000000  0.0000000  0.0000000  0.1698846  0.0000000  0.0000000  0.0000000  0.0000000  0.0000000 -0.1541301 -0.3718092 -0.2850965 -0.0628628 -0.3884381 -0.2446070 -0.0588321 -0.0986476 
 0.0000000  0.7071068  0.0000000  0.0000000 -0.1698846  0.0000000  0.0000000  0.0000000  0.0000000  0.0000000 -0.0751677  0.2443681  0.0246343  0.0664883 -0.0578230 -0.2465918 -0.5796332 -0.0249013 
 0.0000000  0.7071068  0.0000000  0.0000000  0.1698846  0.0000000  0.0000000  0.0000000  0.0000000  0.0000000  0.0751677 -0.2443681 -0.0246343 -0.0664883  0.0578230  0.2465918  0.5796332  0.0249013 
 0.0000000  0.0000000  0.7071068  0.0000000 -0.1698846  0.0000000  0.0000000  0.0000000  0.0000000  0.0000000 -0.0786170 -0.3494112 -0.0532269  0.3114860  0.0282974  0.3292165 -0.2096152  0.2998183 
 0.0000000  0.0000000  0.7071068  0.0000000  0.1698846  0.0000000  0.0000000  0.0000000  0.0000000  0.0000000  0.0786170  0.3494112  0.0532269 -0.3114860 -0.0282974 -0.3292165  0.2096152 -0.2998183 
 0.0000000  0.0000000  0.0000000  0.7071068 -0.1698846  0.0000000  0.0000000  0.0000000  0.0000000  0.0000000 -0.3371189  0.1425196 -0.2814556 -0.0692421  0.0201401  0.3402420  0.0028332 -0.3701192 
 0.0000000  0.0000000  0.0000000  0.7071068  0.1698846  0.0000000  0.0000000  0.0000000  0.0000000  0.0000000  0.3371189 -0.1425196  0.2814556  0.0692421 -0.0201401 -0.3402420 -0.0028332  0.3701192 
 0.0000000  0.0000000  0.0000000  0.0000000  0.8769914  0.0000000  0.0000000  0.0000000  0.0000000  0.0000000 -0.1304748  0.1585678 -0.0096669  0.1439655  0.1468548  0.2585966 -0.2818846  0.0013348 
 0.0000000  0.0000000  0.0000000  0.0000000  0.0000000  0.7071068  0.0000000  0.0000000  0.0000000 -0.1698846  0.4920044  0.0468178 -0.4507564  0.0710936  0.0870029  0.0325647 -0.0747428 -0.0665351 
 0.0000000  0.0000000  0.0000000  0.0000000  0.0000000  0.7071068  0.0000000  0.0000000  0.0000000  0.1698846 -0.4920044 -0.0468178  0.4507564 -0.0710936 -0.0870029 -0.0325647  0.0747428  0.0665351 
 0.0000000  0.0000000  0.0000000  0.0000000  0.0000000  0.0000000  0.7071068  0.0000000  0.0000000 -0.1698846 -0.2288645  0.1317089 -0.1366702  0.4839484  0.1178453 -0.2765703  0.2396739  0.0265706 
 0.0000000  0.0000000  0.0000000  0.0000000  0.0000000  0.0000000  0.7071068  0.0000000  0.0000000  0.1698846  0.2288645 -0.1317089  0.1366702 -0.4839484 -0.1178453  0.2765703 -0.2396739 -0.0265706 
 0.0000000  0.0000000  0.0000000  0.0000000  0.0000000  0.0000000  0.0000000  0.7071068  0.0000000 -0.1698846  0.1103264  0.2411247  0.1303209  0.1777291 -0.5491074  0.2100897  0.0776494  0.0238526 
 0.0000000  0.0000000  0.0000000  0.0000000  0.0000000  0.0000000  0.0000000  0.7071068  0.0000000  0.1698846 -0.1103264 -0.2411247 -0.1303209 -0.1777291  0.5491074 -0.2100897 -0.0776494 -0.0238526 
 0.0000000  0.0000000  0.0000000  0.0000000  0.0000000  0.0000000  0.0000000  0.0000000  0.7071068 -0.1698846  0.1291319 -0.2597521  0.3090759  0.2060402  0.0725761 -0.0000065 -0.0757638 -0.4878577 
 0.0000000  0.0000000  0.0000000  0.0000000  0.0000000  0.0000000  0.0000000  0.0000000  0.7071068  0.1698846 -0.1291319  0.2597521 -0.3090759 -0.2060402 -0.0725761  0.0000065  0.0757638  0.4878577 
 0.0000000  0.0000000  0.0000000  0.0000000  0.0000000  0.0000000  0.0000000  0.0000000  0.0000000  0.8769914  0.1947195  0.0619491 -0.0573506  0.3637198 -0.1052571 -0.0131424  0.0646291 -0.1952509 
