 0.6967081  0.1951797 -0.0597905  0.0193287 -0.0000984 -0.0012894 -0.0002508  0.0016303  0.0001145  0.0022285 -0.0002326  0.0002665  0.0003452  0.0151970  0.0005271  0.0016737  0.0001684 -0.0004505 -0.0002335  0.0864676 -0.1079490  0.6603152  0.1310135 
 0.7170852 -0.1874291  0.0580953 -0.0033966  0.0022128  0.0017665 -0.0030259 -0.0028823 -0.0005758 -0.0015058  0.0004885  0.0013582 -0.0001246 -0.0147504 -0.0004728 -0.0016059 -0.0000850  0.0004464  0.0002540 -0.0651472  0.0946277 -0.6455108 -0.1309159 
-0.0016043  0.9626498  0.0236771  0.0002246 -0.0001851  0.0003954 -0.0003021  0.0001120 -0.0000844  0.0005312  0.0008417 -0.0001511 -0.0001715 -0.0059682 -0.0001834 -0.0006430 -0.0000758  0.0001760  0.0000894 -0.0368816  0.0388501 -0.2597942 -0.0483950 
 0.0000425 -0.0002067  0.9962299 -0.0000109  0.0000555 -0.0001713  0.0004499  0.0000930 -0.0001701 -0.0000142 -0.0000343 -0.0000469  0.0000460  0.0019337  0.0000472  0.0001997  0.0000224 -0.0000575 -0.0000298  0.0114697 -0.0105436  0.0840821  0.0144672 
-0.0111141 -0.0014168  0.0005439  0.6995969  0.1898003  0.0617546  0.0008702  0.0047016  0.0003379  0.0018101 -0.0056301 -0.0003211  0.0173971 -0.0010588  0.0000076  0.0005198  0.0002931  0.0012903  0.0001608  0.4417322  0.2812249 -0.1053318  0.4300315 
-0.0045512 -0.0051094  0.0013802  0.7142542 -0.1858993 -0.0602212 -0.0002901 -0.0007689 -0.0001999  0.0018099  0.0038725 -0.0003120 -0.0170700  0.0005238 -0.0000116 -0.0005544 -0.0002953 -0.0012488 -0.0001505 -0.4361195 -0.2737977  0.0817755 -0.4236056 
-0.0002759 -0.0000606 -0.0000388  0.0000044  0.9640580 -0.0238163  0.0007471 -0.0001963 -0.0002957  0.0002035  0.0014736  0.0004441 -0.0067042  0.0003504 -0.0000077 -0.0002089 -0.0001096 -0.0004965 -0.0000600 -0.1698870 -0.1079963  0.0381865 -0.1673126 
 0.0000200  0.0000046  0.0000175 -0.0001539  0.0000339  0.9959786  0.0000707 -0.0000035 -0.0000066 -0.0004697 -0.0002720  0.0001981 -0.0022598  0.0001561 -0.0000137 -0.0000744 -0.0000300 -0.0001701 -0.0000193 -0.0557741 -0.0353899  0.0150673 -0.0585745 
 0.0013449  0.0035592 -0.0026981  0.0016001 -0.0014407 -0.0023687  0.7003611 -0.1937079 -0.0577664 -0.0217797 -0.0018057 -0.0003996  0.0004392  0.0019534 -0.0032370 -0.0019808  0.0007797 -0.0002174  0.0001118  0.1918396  0.4498253  0.1373811 -0.4583525 
 0.0022286 -0.0038694  0.0022551 -0.0021034  0.0001221  0.0021687  0.7135883  0.1931270  0.0562506  0.0048745  0.0039321 -0.0008441 -0.0004367 -0.0019635  0.0031413  0.0019215 -0.0008219  0.0002160 -0.0001278 -0.2000045 -0.4312146 -0.1354737  0.4538018 
 0.0009411  0.0004552 -0.0008189 -0.0021576 -0.0011816 -0.0012458 -0.0022727  0.9618135 -0.0224262 -0.0011292 -0.0000115 -0.0017213  0.0001410  0.0007301 -0.0012984 -0.0008014  0.0002968 -0.0000914  0.0000407  0.0714171  0.1801564  0.0531666 -0.1844091 
 0.0002988  0.0003863 -0.0000895  0.0000606  0.0000678 -0.0003199  0.0002945 -0.0004921  0.9964896  0.0002539  0.0000333  0.0000778  0.0000482  0.0002369 -0.0003933 -0.0002423  0.0001005 -0.0000275  0.0000155  0.0241764  0.0539512  0.0163402 -0.0569673 
 0.0098866 -0.0041267  0.0003039 -0.0016466  0.0005061  0.0012538  0.0005158 -0.0074181 -0.0008966  0.7163527  0.1863048 -0.0574178 -0.0011489 -0.0007978 -0.0013832 -0.0006250 -0.0023698  0.0001080 -0.0007973 -0.4625990  0.4264356  0.0758318  0.2169123 
-0.0107665  0.0026334 -0.0000997 -0.0019856 -0.0008539 -0.0006973  0.0163454  0.0017569 -0.0016776  0.6973699 -0.1908722  0.0591632  0.0011900  0.0008001  0.0012935  0.0005574  0.0024647 -0.0001172  0.0008249  0.4824011 -0.4202884 -0.0758379 -0.2413011 
-0.0042903  0.0006554 -0.0001242  0.0011597  0.0001105  0.0005249  0.0015451  0.0006751 -0.0005278 -0.0004216  0.9637373  0.0227848  0.0006529  0.0003388  0.0005053  0.0002270  0.0009543 -0.0000326  0.0003196  0.1908096 -0.1602858 -0.0291512 -0.0878403 
 0.0001422 -0.0000631  0.0000136  0.0004403 -0.0003549 -0.0000879 -0.0000908  0.0012052 -0.0000311 -0.0001219  0.0000322  0.9963320 -0.0001605 -0.0000681 -0.0001684 -0.0000731 -0.0003045  0.0000137 -0.0001025 -0.0594859  0.0532854  0.0102101  0.0289535 
-0.0000104 -0.0000002  0.0000029  0.0000125 -0.0000094 -0.0000064 -0.0000309 -0.0000743 -0.0000050  0.0000040 -0.0000119  0.0000124  0.9996760  0.0000133 -0.0000012 -0.0000207 -0.0000181 -0.0000468 -0.0000079 -0.0178675 -0.0096277  0.0032330 -0.0150151 
-0.0000106 -0.0000045 -0.0000090  0.0000183 -0.0000016  0.0000094 -0.0000213 -0.0000133 -0.0000055  0.0000146 -0.0000065 -0.0000178  0.0000046  0.9997504 -0.0000049 -0.0000452 -0.0000114  0.0000179  0.0000062 -0.0034026  0.0026386 -0.0218903 -0.0011616 
 0.0000000  0.0000000  0.0000000  0.0000000  0.0000000  0.0000000  0.0000000  0.0000000  0.0000000  0.0000000  0.0000000  0.0000000  0.0000000  0.0000000  0.9999867 -0.0000107 -0.0000002 -0.0000003 -0.0000013 -0.0001130  0.0043920  0.0004624 -0.0026605 
 0.0000000  0.0000000  0.0000000  0.0000000  0.0000000  0.0000000  0.0000000  0.0000000  0.0000000  0.0000000  0.0000000  0.0000000  0.0000000  0.0000000 -0.0000064  0.9999922 -0.0000002 -0.0000003  0.0000001 -0.0005652  0.0024547 -0.0015414 -0.0026109 
 0.0000000  0.0000000  0.0000000  0.0000000  0.0000000  0.0000000  0.0000000  0.0000000  0.0000000  0.0000000  0.0000000  0.0000000  0.0000000  0.0000000 -0.0000014 -0.0000004  0.9999928  0.0000002 -0.0000045 -0.0031252  0.0013047  0.0000335  0.0016836 
 0.0000000  0.0000000  0.0000000  0.0000000  0.0000000  0.0000000  0.0000000  0.0000000  0.0000000  0.0000000  0.0000000  0.0000000  0.0000000  0.0000000 -0.0000004 -0.0000003  0.0000001  0.9999980 -0.0000004 -0.0009283 -0.0007556  0.0009426 -0.0013218 
 0.0000000  0.0000000  0.0000000  0.0000000  0.0000000  0.0000000  0.0000000  0.0000000  0.0000000  0.0000000  0.0000000  0.0000000  0.0000000  0.0000000  0.0000000  0.0000000  0.0000000  0.0000000  0.9999992 -0.0009918  0.0004831  0.0004741  0.0004450 
