 0.4670471  0.0000000  0.0000000 -0.0606648 -0.0364040 -0.0861817  0.2649344 -0.0224017  0.0131557 -0.0297726  0.0303161 -0.1902749  0.3035548 -0.2748896 -0.1812975 -0.6217015  0.2192274 -0.1593958 
 0.4670471  0.0000000  0.0000000  0.0606648 -0.0364040  0.0463973 -0.2835986 -0.2146311  0.1361953  0.0840043 -0.0335125 -0.2828560  0.0910220 -0.4362775 -0.0782816  0.4362782 -0.3826050  0.0011660 
 0.4954869  0.0000000  0.0000000  0.0000000  0.0686289 -0.0645293  0.1206274  0.1226260  0.1728002  0.3483360  0.0317938  0.4693091  0.0038548  0.0994133  0.0701822  0.2740328  0.4071132  0.2965002 
 0.5641158  0.0000000  0.0000000  0.0000000  0.0000000  0.0896175 -0.0904995  0.0885383 -0.2754295 -0.3508582 -0.0252795 -0.0204960 -0.3300668  0.5014760  0.1532687 -0.0871775 -0.2223201 -0.1294259 
 0.0000000  0.4263488  0.0000000 -0.1377670  0.0000000 -0.1202431 -0.1065142  0.3245827  0.1949400  0.5043010 -0.1763954 -0.3288598  0.0625288  0.2213110  0.2943753 -0.0511859 -0.0578631 -0.3016468 
 0.0000000  0.4263488  0.0000000  0.1377670  0.0000000 -0.1983772 -0.0915902  0.3128479 -0.1297371 -0.1094976 -0.0637846  0.0375702  0.2801617  0.1407102 -0.4656737 -0.0537266 -0.2605465  0.4831318 
 0.0000000  0.5641158  0.0000000  0.0000000  0.0000000  0.1904767 -0.5076698 -0.3265829 -0.1518783 -0.0294559  0.0467409  0.2904281 -0.1230831 -0.2017194  0.0742807 -0.2098214  0.2493803 -0.0553690 
 0.0000000  0.5641158  0.0000000  0.0000000  0.0000000  0.0503310  0.6573937 -0.1551759  0.1025991 -0.2689295  0.1347829 -0.0702765 -0.1359164 -0.0718899  0.0551837  0.2891124 -0.0087320 -0.0817942 
 0.0000000  0.0000000  0.4263488  0.0000000 -0.1377670  0.0821304  0.0849377 -0.2731505  0.3516173 -0.0599999 -0.7115432  0.1021336 -0.0861626  0.0929788 -0.0278912 -0.1530432 -0.0827510  0.1399977 
 0.0000000  0.0000000  0.4263488  0.0000000  0.1377670  0.2718891 -0.0574489 -0.0102424  0.1858384 -0.1646971  0.3359004  0.1636236  0.6052065  0.1677844  0.3069114 -0.0088810 -0.1726090 -0.0464897 
 0.0000000  0.0000000  0.5641158  0.0000000  0.0000000 -0.0629351 -0.0950771  0.1484516 -0.2085203 -0.0406948 -0.0125559 -0.0733879 -0.0120297  0.0482746 -0.4480287  0.3142619  0.3425834 -0.4203879 
 0.0000000  0.0000000  0.5641158  0.0000000  0.0000000 -0.2046266  0.0743015  0.0657318 -0.1976792  0.2105169  0.2964600 -0.1274667 -0.3802545 -0.2453548  0.2371501 -0.1918825 -0.1495868  0.3497162 
 0.0000000  0.0000000  0.0000000  0.5641158  0.0000000 -0.2903384  0.0947537 -0.0391200  0.0730934  0.1866009  0.0680003  0.4501622 -0.0751000 -0.0464223 -0.0803881 -0.1237584 -0.3567273 -0.4274435 
 0.0000000  0.0000000  0.0000000  0.5641158  0.0000000  0.6060382  0.0985186 -0.0749674 -0.0541952  0.3183375  0.0797535 -0.3002696 -0.0568756  0.1887954 -0.1529295 -0.0745709  0.1154162  0.1312212 
 0.0000000  0.0000000  0.0000000  0.5641158  0.0000000 -0.3108756 -0.1379280  0.1376254  0.0471620 -0.3672734 -0.1683913 -0.2294251  0.1016815 -0.1053333  0.4078566  0.0851752  0.3555308  0.0872988 
 0.0000000  0.0000000  0.0000000  0.0000000  0.5641158 -0.0009628  0.1913354 -0.1563785 -0.5878580  0.1645553 -0.3817287  0.0432518  0.2303899 -0.0840214  0.1688958  0.0806163 -0.0716129 -0.0131775 
 0.0000000  0.0000000  0.0000000  0.0000000  0.5641158  0.3040421 -0.0491365  0.5016442  0.3079683 -0.1824048 -0.0824680  0.0811208 -0.2702733 -0.3145436 -0.0842372 -0.0985195 -0.0458599 -0.0536887 
 0.0000000  0.0000000  0.0000000  0.0000000  0.5641158 -0.3441387 -0.1233053 -0.4396872  0.3089914  0.0045404  0.2043183 -0.2270170 -0.1039669  0.3223082 -0.1917128 -0.0626078  0.0793462  0.0661272 
