 0.6859943  0.0000000  0.0000000  0.0000000  0.0000000  0.0000000  0.0000000  0.0000000  0.0174032  0.2828699  0.0823504  0.2517770  0.1249380  0.0447915 -0.0423040 -0.2884722 -0.1066345 -0.0065561  0.3358778  0.3899626 
 0.5144958 -0.1714986  0.0000000  0.0000000  0.0000000  0.0000000  0.0000000  0.0000000  0.3294772 -0.1386302 -0.3237021 -0.3524090 -0.0825531 -0.1886572 -0.0665798 -0.1526575  0.0534003 -0.2344651 -0.4086781 -0.2326944 
 0.5144958  0.1714986  0.0000000  0.0000000  0.0000000  0.0000000  0.0000000  0.0000000 -0.3526815 -0.2385298  0.2139015  0.0167062 -0.0840308  0.1289353  0.1229852  0.5372871  0.0887790  0.2432066 -0.0391589 -0.2872557 
 0.0000000  0.6859943  0.0000000  0.0000000  0.0000000  0.0000000  0.0000000  0.0000000  0.1153100 -0.0439980 -0.1616221  0.0849507  0.2303822  0.4084396 -0.1745673 -0.2535674  0.3500008  0.0591121 -0.1913560 -0.0596679 
 0.0000000  0.6859943  0.0000000  0.0000000  0.0000000  0.0000000  0.0000000  0.0000000  0.0552297  0.0689729  0.0272212 -0.1772295 -0.2300127 -0.4878377  0.1271761  0.0810812 -0.3588455 -0.1785301  0.0989762  0.0733082 
 0.0000000  0.0000000  0.6859943  0.0000000  0.0000000  0.0000000  0.0000000  0.0000000  0.4670599 -0.1261672  0.4721231 -0.0501274 -0.0323937  0.1296328  0.0901246  0.0512221  0.0921464 -0.1423345  0.1093836 -0.0249132 
 0.0000000  0.0000000  0.5144958 -0.1714986  0.0000000  0.0000000  0.0000000  0.0000000 -0.1257560  0.0063246 -0.4859468  0.0575134  0.1328927 -0.0468452 -0.2721270  0.3957635 -0.1068415  0.0669167 -0.1567436  0.3994714 
 0.0000000  0.0000000  0.5144958  0.1714986  0.0000000  0.0000000  0.0000000  0.0000000 -0.4969906  0.1618983 -0.1435507  0.0093232 -0.0897012 -0.1259985  0.1519609 -0.4640597 -0.0160204  0.1228626  0.0108988 -0.3662538 
 0.0000000  0.0000000  0.0000000  0.6859943  0.0000000  0.0000000  0.0000000  0.0000000  0.1424372  0.1561662  0.1218533 -0.1687702  0.1776292  0.0798967 -0.3706252  0.0900048 -0.3857033  0.3003917 -0.1125418 -0.0796019 
 0.0000000  0.0000000  0.0000000  0.6859943  0.0000000  0.0000000  0.0000000  0.0000000 -0.0496285 -0.1950597 -0.2074523  0.1808178 -0.1219808 -0.0601084  0.2646033  0.1249510  0.3629981 -0.3143782  0.0706312  0.2710333 
 0.0000000  0.0000000  0.0000000  0.0000000  0.6859943  0.0000000  0.0000000  0.0000000 -0.2381055 -0.3849949  0.0777181 -0.0384182  0.1367280  0.0559110 -0.3137774 -0.0984135 -0.1683687 -0.3629772  0.1573529 -0.0464542 
 0.0000000  0.0000000  0.0000000  0.0000000  0.5144958 -0.1714986  0.0000000  0.0000000  0.1852238  0.0826825 -0.0753638 -0.2485713  0.1519750 -0.3165045  0.1723154  0.0204181  0.3669893  0.5207484  0.1732619  0.0894980 
 0.0000000  0.0000000  0.0000000  0.0000000  0.5144958  0.1714986  0.0000000  0.0000000  0.1322502  0.4306441 -0.0282603  0.2997956 -0.3342790  0.2419566  0.2460544  0.1107998 -0.1424977 -0.0367789 -0.3830657 -0.0275590 
 0.0000000  0.0000000  0.0000000  0.0000000  0.0000000  0.6859943  0.0000000  0.0000000  0.0586632  0.0628653 -0.1009212 -0.0842562 -0.4000914 -0.0237429 -0.3890408  0.0366074  0.2412659  0.1006307  0.3409250 -0.0826970 
 0.0000000  0.0000000  0.0000000  0.0000000  0.0000000  0.6859943  0.0000000  0.0000000 -0.0454198 -0.1498557  0.0891454 -0.0528356  0.5216549 -0.1158724  0.3706061 -0.0592028 -0.1138942  0.0387512 -0.2018431  0.1119613 
 0.0000000  0.0000000  0.0000000  0.0000000  0.0000000  0.0000000  0.6859943  0.0000000 -0.2130580 -0.0062348  0.3314484 -0.1435149 -0.1875822 -0.0940019 -0.1591542 -0.1363677  0.1714815  0.0487754 -0.3473625  0.3363471 
 0.0000000  0.0000000  0.0000000  0.0000000  0.0000000  0.0000000  0.5144958 -0.1714986  0.0866263  0.3403717 -0.0899687  0.1960824  0.3773298 -0.1740879 -0.0580404  0.2579852  0.1172876 -0.2851736  0.1836903 -0.4056486 
 0.0000000  0.0000000  0.0000000  0.0000000  0.0000000  0.0000000  0.5144958  0.1714986  0.1974510 -0.3320586 -0.3519625 -0.0047292 -0.1272202  0.2994238  0.2702460 -0.0761615 -0.3459296  0.2201397  0.2794596 -0.0428142 
 0.0000000  0.0000000  0.0000000  0.0000000  0.0000000  0.0000000  0.0000000  0.6859943  0.1283358 -0.1663120  0.0755125  0.5165611  0.0188566 -0.3628825 -0.1768043 -0.0417420  0.0272678  0.1178183 -0.1273802 -0.1298177 
 0.0000000  0.0000000  0.0000000  0.0000000  0.0000000  0.0000000  0.0000000  0.6859943 -0.1560420  0.3344196 -0.0100140 -0.4663582  0.1072809  0.2445046  0.0947327  0.1252787  0.0885365 -0.2441466  0.1034379  0.0391091 
