 0.4384430  0.0000000  0.0000000 -0.4285295  0.2185517 -0.1689944  0.2208412  0.1005203 -0.0577529 -0.4994796  0.1589265  0.0378453  0.2160507 -0.0021297 -0.3125494  0.0487580  0.2503577 
 0.4384430  0.0000000  0.0000000  0.1970531 -0.5277238  0.0854922  0.1968726 -0.3098492  0.1577389 -0.2167651 -0.1708605 -0.0812500 -0.0687277  0.2523645  0.1988802 -0.3369363  0.1386246 
 0.4384430  0.0000000  0.0000000  0.1299399  0.1603210 -0.0135235 -0.2155220  0.2015701 -0.0728714  0.1505508 -0.1091565  0.1422262  0.2258828  0.1313220  0.5719375  0.4353096  0.1814463 
 0.4384430  0.0000000  0.0000000  0.0326025  0.3066054 -0.0845846 -0.2980158 -0.0684441 -0.0646189  0.1310154 -0.2374652 -0.1415177 -0.4562279 -0.4704362 -0.0773986 -0.2800890  0.0198303 
 0.3399052  0.0000000 -0.0985378 -0.0778823  0.0333802  0.2470211 -0.0767325 -0.1160807 -0.0810742  0.0307559  0.0453671  0.1242177  0.2609112  0.0675528 -0.1003367 -0.0421795 -0.8232260 
 0.3399052  0.0000000  0.0985378  0.1668001 -0.2368671 -0.0127624  0.2003357  0.2143748  0.1294509  0.5299350  0.4171332 -0.0691440 -0.1538211  0.0470927 -0.3909462  0.2136814  0.0618522 
 0.0000000  0.4384430  0.0000000 -0.0997248  0.1229142 -0.3275395 -0.2800814 -0.1297818  0.0605586  0.1642522  0.4987029  0.0519395  0.1126139  0.2231309  0.1930039 -0.4426687  0.0491931 
 0.0000000  0.4384430  0.0000000 -0.4819258 -0.1895294  0.2334357 -0.2228901  0.1303286  0.0637454  0.1061876 -0.2762585 -0.5179349 -0.0134924  0.1723814 -0.0649962  0.1542624  0.0245524 
 0.0000000  0.4384430  0.0000000  0.0353435  0.2841359  0.0643770  0.7018422  0.1105007  0.1960754  0.1185977 -0.1125684 -0.0459423  0.0279500 -0.2329192  0.2694503 -0.0864522 -0.1201866 
 0.0000000  0.4384430  0.0000000  0.1741190 -0.2573943 -0.3926916  0.0694507 -0.2383035 -0.5462600 -0.1423573 -0.0246213  0.0158593 -0.1250385 -0.1352773 -0.0515849  0.3496318 -0.1304550 
 0.0000000  0.3399052 -0.0985378  0.0126753 -0.3253975  0.0604505 -0.2309663  0.3244715  0.3233625 -0.1305103 -0.1333171  0.5983332  0.0228043 -0.2942639 -0.1389385 -0.0331876  0.0392457 
 0.0000000  0.3399052  0.0985378  0.4674094  0.3768305  0.4844262 -0.1151410 -0.1603241 -0.0319996 -0.1876819  0.0233473  0.0415574 -0.0254267  0.2590292 -0.3072025  0.0657276  0.1889322 
 0.0000000  0.0000000  0.4384430 -0.0330423  0.1013971 -0.3456412  0.0221048 -0.2853458  0.1795567  0.3014123 -0.4902990  0.1829501  0.3058396  0.1548617 -0.2824711  0.0022678  0.0273328 
 0.0000000  0.0000000  0.4384430 -0.2873945 -0.0027627  0.1732406 -0.0418620 -0.4406932  0.3192480 -0.1165423  0.2765133  0.1443580 -0.2992403 -0.1733138  0.2132542  0.3433254 -0.0587961 
 0.0000000  0.0000000  0.4384430  0.3604428 -0.0583263 -0.1916216 -0.1740158  0.2786908  0.2441481 -0.3309893  0.1045285 -0.4414599  0.2553761 -0.2140312  0.0305313 -0.0032724 -0.2069627 
 0.0000000  0.0000000  0.4384430 -0.1098112 -0.1865616  0.3843100  0.0307601  0.0338353 -0.5013165  0.1683089  0.0867411  0.0732329  0.3124953 -0.3171619  0.0646572 -0.2696349  0.2084637 
 0.0000000  0.0000000  0.4384430 -0.0873851  0.0491680 -0.0571891  0.0747120  0.4482000 -0.2090849 -0.1215285 -0.0962458  0.2095084 -0.4704221  0.4298936  0.0771579 -0.1524201 -0.2025957 
