 0.7070940 -0.1982865  0.0696865 -0.0000030 -0.0000029  0.0000001  0.0000136  0.0000020 -0.0000006  0.0231461 -0.5395688  0.3706856 -0.1636040 
 0.7071196  0.1982780 -0.0696841 -0.0000017  0.0000025 -0.0000003  0.0000015  0.0000003 -0.0000004 -0.0231457  0.5395545 -0.3706690  0.1635896 
 0.0000009  0.9598793  0.0287897 -0.0000013  0.0000011 -0.0000002 -0.0000007  0.0000000 -0.0000001  0.0095625 -0.2229154  0.1531404 -0.0675881 
 0.0000001  0.0000001  0.9947156 -0.0000001 -0.0000001  0.0000001  0.0000000 -0.0000001  0.0000001 -0.0035197  0.0820496 -0.0563687  0.0248793 
 0.0000043  0.0000015 -0.0000004  0.7071085 -0.1982788  0.0696828 -0.0000063 -0.0000048  0.0000016  0.0231421  0.1018880  0.3867217  0.5434675 
 0.0000004 -0.0000001  0.0000008  0.7071050  0.1982798 -0.0696836 -0.0000107  0.0000050 -0.0000016 -0.0231422 -0.1018896 -0.3867225 -0.5434708 
 0.0000012 -0.0000019  0.0000003  0.0000000  0.9598805  0.0287882  0.0000025  0.0000002 -0.0000007  0.0095605  0.0420977  0.1597768  0.2245181 
-0.0000001  0.0000002  0.0000000  0.0000003  0.0000002  0.9947159 -0.0000001  0.0000000  0.0000001 -0.0035190 -0.0154950 -0.0588082 -0.0826401 
-0.0000026  0.0000012 -0.0000016  0.0000087  0.0000070 -0.0000021  0.7071191 -0.1982654  0.0696840  0.0231408 -0.3917932 -0.4107680  0.3647600 
-0.0000125  0.0000032  0.0000004  0.0000083 -0.0000092  0.0000016  0.7070945  0.1982708 -0.0696864 -0.0231422  0.3918152  0.4107734 -0.3647744 
 0.0000004 -0.0000001 -0.0000005 -0.0000001  0.0000011 -0.0000001  0.0000011  0.9598852  0.0287870  0.0095601 -0.1618555 -0.1696894  0.1506940 
 0.0000000  0.0000002  0.0000000  0.0000000  0.0000001  0.0000000 -0.0000001  0.0000005  0.9947157 -0.0035191  0.0595797  0.0624632 -0.0554705 
 0.0000000  0.0000000  0.0000000  0.0000000  0.0000000  0.0000000  0.0000000  0.0000000  0.0000000  0.9982359  0.0421902 -0.0176331 -0.0378696 
