 0.7114064 -0.1939064 -0.0013434 -0.0009304 -0.0665616 -0.0008439 -0.0016248 -0.0014982 -0.0020176 -0.0003145 -0.0032184 -0.0015984  0.0025697 -0.0015383 -0.0010527 -0.0001701  0.0007857 -0.0001951 -0.0122982  0.1818502  0.2896327 -0.1503273  0.4620241  0.0490391 -0.3102538 
 0.7027279  0.1970774  0.0042050  0.0005202  0.0678719 -0.0004018  0.0001677  0.0002622  0.0009425  0.0010027  0.0003519  0.0023362 -0.0066936  0.0037631 -0.0000952  0.0001887 -0.0007403  0.0002163  0.0141036 -0.1837486 -0.2976382  0.1527042 -0.4701155 -0.0471334  0.3058471 
-0.0005900  0.9609848  0.0000121  0.0011898 -0.0265486 -0.0000216  0.0001366  0.0001456 -0.0004839 -0.0001694  0.0001145  0.0001069  0.0004443 -0.0004319 -0.0004820 -0.0000506  0.0003411 -0.0000735 -0.0084541  0.0771458  0.1186183 -0.0654835  0.1861070  0.0162941 -0.1285222 
-0.0011235  0.0045006  0.7112414 -0.1967658 -0.0614553 -0.0022226  0.0019460  0.0001425 -0.0020345  0.0013943 -0.0004369  0.0008519  0.0023392  0.0019334 -0.0008468 -0.0006225 -0.0007998  0.0000386  0.3678345 -0.0917904 -0.0000509  0.3435571  0.2396876  0.3175767  0.1775656 
-0.0017370 -0.0061190  0.7028415  0.1991657  0.0615740 -0.0044963  0.0005755 -0.0075361  0.0015044 -0.0022163 -0.0004243 -0.0001963  0.0005346 -0.0010051  0.0002990  0.0005942  0.0008530 -0.0000250 -0.3751214  0.0962492 -0.0061513 -0.3529331 -0.2358751 -0.3150868 -0.1814705 
 0.0004622  0.0007108 -0.0000433  0.9599941 -0.0254597  0.0000322  0.0008665  0.0001362 -0.0006544  0.0003863 -0.0007671 -0.0010552 -0.0006077  0.0005910  0.0001729 -0.0002647 -0.0003266  0.0000203  0.1540109 -0.0375870  0.0024417  0.1419250  0.0995722  0.1288386  0.0772240 
-0.0003122 -0.0001039  0.0000568  0.0000178  0.9909771 -0.0000014  0.0000672  0.0002104  0.0001976 -0.0000422 -0.0000271  0.0001033 -0.0000184  0.0000210 -0.0002145 -0.0001003 -0.0000008 -0.0000288  0.0478322  0.0162401  0.0437356  0.0250837  0.0997655  0.0499748 -0.0204913 
-0.0004059 -0.0001944  0.0089445  0.0012420  0.0002508  0.6979045 -0.2000946  0.0002601  0.0048184  0.0643263  0.0003628 -0.0007149 -0.0016646 -0.0012013  0.0019233  0.0001617 -0.0006892 -0.0001036  0.2183154 -0.1142453  0.3606632  0.2743943 -0.2441880 -0.2563173 -0.2779015 
 0.0016124  0.0000850 -0.0021102 -0.0006133 -0.0000832  0.7161649  0.1920023 -0.0025531 -0.0051422 -0.0629654 -0.0013608  0.0011489  0.0024907  0.0006975 -0.0017612 -0.0002148  0.0006451  0.0000873 -0.2153863  0.1103494 -0.3514364 -0.2686377  0.2381539  0.2494614  0.2702483 
 0.0006928 -0.0005629  0.0004236 -0.0002216 -0.0000163  0.0022368  0.9607635  0.0000148  0.0001614  0.0253608 -0.0003605 -0.0004002  0.0000059 -0.0001091  0.0007461  0.0000629 -0.0002476 -0.0000314  0.0886244 -0.0421317  0.1472533  0.1099902 -0.0985192 -0.1047524 -0.1104242 
-0.0022349 -0.0000395  0.0021312  0.0029893  0.0014795  0.0004813  0.0029189  0.7062160 -0.1948769  0.0634468  0.0011697  0.0017054  0.0046170  0.0034161 -0.0016070 -0.0001511  0.0003024 -0.0000933 -0.0556173 -0.4987104 -0.2375611 -0.0512528  0.0786649  0.1128722 -0.3597100 
 0.0034588 -0.0007070  0.0051886 -0.0010025 -0.0012603  0.0017946 -0.0021657  0.7079460  0.1940298 -0.0635824 -0.0018184 -0.0008904 -0.0026930 -0.0035580  0.0013042  0.0001424 -0.0003285  0.0000753  0.0493221  0.5003139  0.2362094  0.0469824 -0.0797015 -0.1136260  0.3564188 
-0.0003132  0.0000500 -0.0002572  0.0007132 -0.0001114  0.0000644  0.0028996  0.0002709  0.9614014  0.0250592  0.0003693  0.0000788  0.0003161  0.0003517 -0.0000057 -0.0000468  0.0000810 -0.0000561 -0.0239569 -0.2029853 -0.0965003 -0.0216195  0.0380865  0.0491073 -0.1401820 
-0.0000050 -0.0001303  0.0000430 -0.0000407 -0.0000118  0.0002218  0.0001986  0.0000045 -0.0000211  0.9912360  0.0002134 -0.0000917 -0.0001209 -0.0000721 -0.0000773 -0.0000337  0.0000617  0.0000272 -0.0235415  0.0854200 -0.0166283 -0.0327825  0.0221221  0.0180410  0.0862213 
 0.0034017  0.0000655  0.0015374 -0.0017190  0.0006942  0.0007727  0.0001129  0.0016402 -0.0005373 -0.0007592  0.7049511 -0.2002610  0.0005075  0.0015949  0.0612048  0.0001397  0.0081209  0.0033344  0.3483490 -0.1991388 -0.0111702 -0.3237933  0.1639557 -0.3521146  0.2055618 
-0.0004741 -0.0011938 -0.0006745  0.0027296 -0.0010161  0.0002438  0.0008294 -0.0009978  0.0008238  0.0000340  0.7092412  0.1986757  0.0008036 -0.0014171 -0.0607437 -0.0000886 -0.0080678 -0.0033154 -0.3473738  0.2004637  0.0136148  0.3212189 -0.1600275  0.3503128 -0.2029145 
 0.0002957 -0.0006515 -0.0000241  0.0003376  0.0000116 -0.0002259 -0.0001367 -0.0000499  0.0001631 -0.0001137  0.0002664  0.9593776 -0.0005639  0.0000552  0.0254542  0.0000423  0.0033463  0.0013742  0.1441699 -0.0818345 -0.0018617 -0.1340235  0.0686747 -0.1470048  0.0846065 
 0.0058560  0.0027408  0.0005007 -0.0000781  0.0009442 -0.0012677 -0.0003305 -0.0008649 -0.0022523  0.0004674 -0.0014576 -0.0007188  0.7033498 -0.1957851  0.0608408  0.0000055 -0.0082738 -0.0035878 -0.3688034 -0.3212917  0.3272949  0.1050337  0.1346740 -0.0489884  0.2918829 
-0.0017237 -0.0007679 -0.0032865  0.0013834  0.0001092  0.0003920 -0.0008506 -0.0010269  0.0038527 -0.0005785  0.0001446  0.0013947  0.7107758  0.1931596 -0.0601877  0.0000203  0.0081639  0.0035495  0.3665167  0.3201963 -0.3233018 -0.1008542 -0.1421733  0.0442744 -0.2828794 
-0.0000606  0.0000419  0.0000691 -0.0002888 -0.0000439  0.0000197 -0.0002022  0.0001271 -0.0001632 -0.0000638 -0.0004652  0.0001193  0.0004256  0.9614077  0.0243266 -0.0000024 -0.0033405 -0.0014532 -0.1503239 -0.1242971  0.1357860  0.0415760  0.0562788 -0.0198997  0.1153811 
 0.0001077  0.0000113  0.0000022 -0.0000325 -0.0000814 -0.0000123  0.0000345  0.0000358 -0.0001329 -0.0000007  0.0000358  0.0000373  0.0000324 -0.0000213  0.9919609 -0.0000128  0.0000150  0.0000282  0.0014442  0.0679507 -0.0432381  0.0284761 -0.0379206  0.0548857 -0.0652940 
-0.0000061 -0.0000061  0.0000381 -0.0000039 -0.0000090  0.0000156  0.0000302 -0.0000194 -0.0000361 -0.0000035  0.0000123  0.0000037 -0.0000405  0.0000127  0.0000057  0.7071890 -0.2031998 -0.0819388  0.1252664 -0.0967921  0.2852999 -0.3515151 -0.2659113  0.3867961  0.0392462 
-0.0000112 -0.0000149 -0.0000077  0.0000235 -0.0000016  0.0000436 -0.0000091  0.0000327  0.0000124  0.0000457 -0.0000638  0.0000040  0.0000211 -0.0000105 -0.0000105  0.7070238  0.2032587  0.0819561 -0.1248758  0.0966490 -0.2854921  0.3521066  0.2668017 -0.3859413 -0.0391501 
-0.0000064  0.0000020  0.0000051  0.0000034 -0.0000071 -0.0000005 -0.0000055 -0.0000015  0.0000009 -0.0000028 -0.0000005  0.0000033 -0.0000012 -0.0000019 -0.0000044 -0.0000111  0.9576551 -0.0349080  0.0409456 -0.0436484  0.1276010 -0.1401299 -0.1142389  0.1696146  0.0189300 
 0.0000000  0.0000000  0.0000000  0.0000000  0.0000000  0.0000000  0.0000000  0.0000000  0.0000000  0.0000000  0.0000000  0.0000000  0.0000000  0.0000000  0.0000000  0.0000000  0.0000000  0.9926223  0.0167003 -0.0185761  0.0543943 -0.0599152 -0.0479401  0.0719189  0.0076116 
