 0.3726252  0.0000000  0.0000000 -0.1377002  0.1826019 -0.1776756 -0.1062633 -0.0568120  0.1615761  0.2797195  0.4013139 -0.0362428  0.1427825  0.3301453  0.0510203  0.1245191  0.2748638 -0.2233486  0.3252461 -0.1207993 -0.2167403  0.1795552 -0.1533688 
 0.3726252  0.0000000  0.0000000 -0.0581666 -0.0467291  0.2370455  0.0872262 -0.0512013  0.1352618 -0.1998856 -0.2042610  0.1039130  0.1713034  0.3615943  0.0889482  0.0039118 -0.2073010  0.2652093  0.1386761 -0.3343551  0.2779023  0.1814857  0.3948029 
 0.3726252  0.0000000  0.0000000  0.2754360 -0.2414885  0.1636891  0.0241753  0.2521020  0.0084916  0.0495839  0.2849083 -0.0217298  0.2042180 -0.3373144 -0.0693877  0.1055486 -0.0542003  0.2443306 -0.2696067  0.1562531 -0.0182017  0.4425355 -0.1565605 
 0.3726252  0.0000000  0.0000000 -0.1715607 -0.5162153  0.0962468  0.0638115 -0.2059473 -0.1284429 -0.0933867  0.1168061  0.0147810  0.1316710 -0.1866812 -0.1603025  0.0308603  0.0458985 -0.1270525  0.1660974 -0.0253238  0.1153655 -0.5618271 -0.1270230 
 0.3726252  0.0000000  0.0000000 -0.2461594  0.4386958  0.2380440 -0.1218926  0.1387937  0.0276870 -0.2795176 -0.0626759  0.2590615 -0.0342444 -0.1098195 -0.0834530 -0.1418718 -0.1189894 -0.0768018 -0.1511547  0.2364848 -0.4342393 -0.1816406  0.0816450 
 0.3726252  0.0000000  0.0000000  0.1629615  0.1656105 -0.4058438 -0.3160155 -0.2141310 -0.2179045  0.2871540 -0.1614906  0.1222674 -0.1693523 -0.1639621  0.0800633  0.1171819  0.1567065  0.1326963 -0.2852931 -0.0436426  0.2025968 -0.1281623  0.2591009 
 0.2888796  0.0000000 -0.0837456 -0.1789832  0.1575953 -0.1451619  0.2273086  0.0477540  0.1708282  0.1250610 -0.1586037 -0.5497846 -0.0957269  0.0447308  0.2265903 -0.1937728 -0.2898359  0.0185929 -0.0705192  0.2687988  0.2526110 -0.0828282 -0.2703643 
 0.2888796  0.0000000  0.0837456  0.4049597 -0.1349902 -0.0502653  0.2486100  0.1292147 -0.1536328 -0.1813875 -0.3245932 -0.0204153 -0.4800553  0.0920469 -0.1064860 -0.1159961  0.1647440 -0.2959639  0.1685966 -0.0993283 -0.1580398  0.1706104 -0.1147948 
 0.0000000  0.3726252  0.0000000 -0.1889344 -0.0748206  0.1245280 -0.2370207 -0.1812560  0.2877787 -0.0085541  0.0010271  0.0671655 -0.2189040 -0.0383263 -0.2461419  0.1083117 -0.1702432 -0.4949009 -0.2805078 -0.0793073  0.2828940  0.2526094 -0.0590326 
 0.0000000  0.3726252  0.0000000  0.4416422 -0.0125039  0.0319556 -0.2915776  0.3497179  0.3492904  0.1878964  0.0367354  0.0234770 -0.0567658  0.0174162 -0.0152964 -0.0019901 -0.2439762  0.0755016  0.3038786  0.0289430 -0.0102545 -0.3627175  0.0675124 
 0.0000000  0.3726252  0.0000000 -0.0030380  0.1639277  0.2860509  0.0982748 -0.2325665 -0.4007614  0.2224981 -0.1512415 -0.3756167  0.0514573 -0.0470642 -0.2119127  0.3691855 -0.1325262  0.0704351  0.1703464  0.0438660 -0.2343993  0.0621216  0.1276143 
 0.0000000  0.3726252  0.0000000  0.0853728  0.1705747 -0.1464884  0.3143558 -0.1178712  0.2822529 -0.0494018 -0.2714522  0.1053367  0.3360877 -0.1288060 -0.0569205 -0.0146426  0.2255255  0.1492551 -0.2140262 -0.3598169 -0.1324635 -0.1161303 -0.3335529 
 0.0000000  0.3726252  0.0000000 -0.2211044  0.0931979 -0.0401773  0.3423726  0.4352205 -0.2720969  0.1471097  0.1898761  0.2028329 -0.0538958  0.1690582 -0.2261016 -0.1435899  0.2487078  0.0487826 -0.0515634  0.1373550  0.3358088 -0.0490393  0.1352659 
 0.0000000  0.3726252  0.0000000 -0.2228706 -0.2279405 -0.5084972 -0.1890115 -0.1113531 -0.1252338 -0.2714437  0.0407336 -0.0012151 -0.0169977 -0.0698865 -0.0505671 -0.3051255 -0.2015301  0.2478286  0.2195055  0.0631269 -0.2083218  0.2508711  0.0208600 
 0.0000000  0.2888796 -0.0837456 -0.1328446 -0.3755102  0.1965794 -0.1154120  0.1303679 -0.0177656  0.1074670 -0.1256426 -0.1424485  0.0132143  0.1235877  0.5671797 -0.0938327  0.2892283 -0.1070982 -0.2789479  0.0120011 -0.2804757 -0.0256816  0.1887510 
 0.0000000  0.2888796  0.0837456  0.2733561  0.2304802  0.1292855  0.0671785 -0.3133936 -0.1386087 -0.4016988  0.3247016  0.1140961 -0.0660766  0.0023175  0.4736907  0.0781616  0.0642585 -0.0178957  0.0885164  0.2019070  0.2375689 -0.0229668 -0.1354359 
 0.0000000  0.0000000  0.3726252 -0.0700178  0.0235016 -0.1563557 -0.0430633  0.2941084 -0.2179558 -0.2107487  0.2547320 -0.1995839 -0.1180457  0.1619412  0.0695368  0.2743398 -0.2765630  0.0156950 -0.3026622 -0.4505537 -0.0954556 -0.1837504 -0.1085477 
 0.0000000  0.0000000  0.3726252 -0.1614884 -0.1369057 -0.2159595  0.3810888  0.0282602  0.1873620  0.1763250 -0.1290477  0.3480815 -0.0378275 -0.1635031  0.2563960  0.4026809 -0.2188960 -0.1061498  0.1246259  0.2326494 -0.1086598  0.0537899  0.1416267 
 0.0000000  0.0000000  0.3726252 -0.0770530  0.1361098 -0.0379541 -0.2638462  0.2951922 -0.0561740 -0.2113993 -0.2577245 -0.2404512  0.3719403 -0.3139321  0.0499513  0.0198988  0.2565658 -0.2449587  0.2440679  0.0103520  0.2541114  0.1029858  0.0770706 
 0.0000000  0.0000000  0.3726252  0.2140724  0.0388786  0.0580272  0.1131409 -0.1943523 -0.1802723  0.3133815  0.1216917  0.0616660  0.2775004 -0.0074310  0.0342221 -0.5724191 -0.2868031 -0.2877409 -0.1008964 -0.1069849 -0.0539578  0.0132482  0.1220383 
 0.0000000  0.0000000  0.3726252  0.0810291 -0.0350430 -0.0401153  0.1381306 -0.2053899  0.3935810 -0.1609651  0.2168422 -0.3528665 -0.1313012  0.0463963 -0.2606869 -0.0512537  0.2915227  0.1415990 -0.1525381  0.1872203 -0.0927041 -0.0842381  0.4112286 
 0.0000000  0.0000000  0.3726252  0.0520544 -0.1350366  0.0450964 -0.2573707 -0.0788596 -0.0843979  0.0303327 -0.2742927  0.1371936  0.1590847  0.5314093 -0.1503941  0.0660246  0.0400455  0.1587372 -0.1376670  0.3907624  0.0254642 -0.0207171 -0.3597283 
 0.0000000  0.0000000  0.3726252 -0.2611265  0.0380593  0.3410575 -0.1139038 -0.0575338  0.0579369  0.2463790  0.0038918  0.0693304 -0.4171549 -0.2382598  0.0968431 -0.1954060  0.1425242  0.3734654  0.1887442 -0.2233912  0.0470656  0.0611125 -0.2457924 
