 0.7063396 -0.0003428 -0.1849166  0.0004363 -0.0128474 -0.0013759  0.0006267  0.0000020 -0.0276181  0.0001719  0.0072968 -0.2093958  0.2882104  0.2143978 -0.2773514  0.4589572  0.0739099 
 0.7078708  0.0002324  0.1838614 -0.0003711  0.0127454  0.0013693 -0.0006245  0.0000749  0.0276385 -0.0001427 -0.0072915  0.2092622 -0.2855461 -0.2143049  0.2769701 -0.4589010 -0.0746699 
-0.0012342  0.7060186 -0.1840317  0.0003986 -0.0117252 -0.0009975  0.0002075  0.0001285  0.0266595 -0.0003756 -0.0085416  0.0816586  0.5623931 -0.1096793  0.0505257 -0.2654142 -0.2424145 
 0.0013399  0.7081931  0.1837568 -0.0003895  0.0116451  0.0009929 -0.0002062 -0.0003114 -0.0266486  0.0003783  0.0085316 -0.0816043 -0.5602932  0.1095443 -0.0506327  0.2650269  0.2416271 
-0.0000103 -0.0003352  0.9297132  0.0003843 -0.0096726 -0.0009381  0.0003300  0.0001770 -0.0003624 -0.0001115 -0.0004955 -0.0507469  0.3358528  0.0416420 -0.0899578  0.0771149 -0.0662774 
-0.0000021  0.0000090 -0.0000723  0.7069244  0.2354052 -0.0001179 -0.0000065  0.0000185 -0.0000752  0.0000152 -0.0000232 -0.0109895 -0.0463063 -0.4255443 -0.5011344 -0.0834695  0.0581937 
-0.0000608 -0.0000164 -0.0000175  0.7072886 -0.2352397  0.0001211  0.0000054  0.0000091  0.0000029  0.0000350  0.0000106  0.0110889  0.0451007  0.4251892  0.5011704  0.0831601 -0.0580936 
 0.0000091  0.0000155 -0.0000118 -0.0000085  0.9426307 -0.0000119  0.0000285 -0.0000135 -0.0000233  0.0000241 -0.0000116  0.0013179  0.0479848  0.2159151  0.2430297  0.0482548 -0.0336434 
 0.0000000  0.0000000  0.0000000  0.0000000  0.0000000  0.7071018  0.2357061  0.0000000  0.0000000  0.0000000  0.0000000 -0.2336382  0.0589797 -0.4467137  0.3389242  0.2656471  0.0373242 
 0.0000000  0.0000000  0.0000000  0.0000000  0.0000000  0.7071070 -0.2357009  0.0000000  0.0000000  0.0000000  0.0000000  0.2329517 -0.0557813  0.4471635 -0.3401128 -0.2646255 -0.0375241 
 0.0000000  0.0000000  0.0000000  0.0000000  0.0000000  0.0000000  0.9428079  0.0000000  0.0000000  0.0000000  0.0000000  0.1169113 -0.0294572  0.2232046 -0.1694042 -0.1330698 -0.0187515 
-0.0000158  0.0001353 -0.0000765  0.0000679 -0.0000350 -0.0001414  0.0000545  0.7072968  0.2340672 -0.0000239  0.0007228 -0.0438502  0.1700407  0.0308708  0.0614962 -0.1884477  0.6114402 
-0.0000605  0.0000483 -0.0000609 -0.0000958  0.0000583  0.0001422 -0.0000547  0.7069166 -0.2341903  0.0000476 -0.0007369  0.0438026 -0.1705381 -0.0307956 -0.0615575  0.1887421 -0.6116045 
 0.0000015  0.0000147 -0.0000479  0.0000151 -0.0000270  0.0000459 -0.0000020 -0.0000167  0.9420296  0.0000464  0.0005439  0.0048644 -0.0994583  0.0034361 -0.0497733  0.1356963 -0.2859399 
-0.0000012 -0.0000045  0.0000091 -0.0000705 -0.0000240 -0.0000079  0.0000002 -0.0000213 -0.0000012  0.7070572 -0.2355870 -0.5859719 -0.0694116  0.1012730 -0.0341787 -0.2709132 -0.1075610 
-0.0000290  0.0000007  0.0000235  0.0000207 -0.0000099  0.0000073 -0.0000002 -0.0000021  0.0000036  0.7071561  0.2355485  0.5860550  0.0699464 -0.1014806  0.0343240  0.2703676  0.1073274 
-0.0000085 -0.0000093  0.0000080 -0.0000124 -0.0000021 -0.0000009 -0.0000058  0.0000101  0.0000028 -0.0000051  0.9427417 -0.2881048 -0.0291261  0.0453206 -0.0120410 -0.1469057 -0.0600430 
