 0.7071068  0.0000000  0.0000000  0.0000000  0.0000000  0.0000000 -0.2020305 -0.0459815 -0.2763585  0.0323036 -0.5614470  0.2538287 
 0.7071068  0.0000000  0.0000000  0.0000000  0.0000000  0.0000000  0.2020305  0.0459815  0.2763585 -0.0323036  0.5614470 -0.2538287 
 0.0000000  0.7071068  0.0000000  0.0000000  0.0000000  0.0000000 -0.2020305 -0.5784151 -0.0794753 -0.2831661  0.1785799  0.0789274 
 0.0000000  0.7071068  0.0000000  0.0000000  0.0000000  0.0000000  0.2020305  0.5784151  0.0794753  0.2831661 -0.1785799 -0.0789274 
 0.0000000  0.0000000  0.7071068  0.0000000  0.0000000 -0.1515229 -0.0505076  0.1589581 -0.6066457  0.0347386  0.2739355 -0.0703963 
 0.0000000  0.0000000  0.7071068  0.0000000  0.0000000  0.1515229  0.0505076 -0.1589581  0.6066457 -0.0347386 -0.2739355  0.0703963 
 0.0000000  0.0000000  0.0000000  0.7071068  0.0000000 -0.1515229  0.0505076 -0.2657016 -0.0515189  0.2381182 -0.2058672 -0.5496878 
 0.0000000  0.0000000  0.0000000  0.7071068  0.0000000  0.1515229 -0.0505076  0.2657016  0.0515189 -0.2381182  0.2058672  0.5496878 
 0.0000000  0.0000000  0.0000000  0.0000000  0.7071068 -0.2020305  0.0000000  0.1988423  0.0215628 -0.5812631 -0.1653681 -0.2323079 
 0.0000000  0.0000000  0.0000000  0.0000000  0.7071068  0.2020305  0.0000000 -0.1988423 -0.0215628  0.5812631  0.1653681  0.2323079 
 0.0000000  0.0000000  0.0000000  0.0000000  0.0000000  0.9091373  0.0000000  0.0527932 -0.2098047 -0.1673869 -0.0508075 -0.3099427 
 0.0000000  0.0000000  0.0000000  0.0000000  0.0000000  0.0000000  0.9091373 -0.2303252 -0.2198291 -0.1340922 -0.1168518  0.2011462 
