 0.5773503  0.0000000  0.0000000  0.0000000  0.0000000  0.0000000  0.0000000  0.0290764  0.1858307  0.1806960  0.0631240 -0.0783105 -0.2312190  0.1087447  0.1558370 -0.0833391  0.1861516 -0.3532832  0.2174220 -0.4024786  0.3511110 
 0.5773503  0.0000000  0.0000000  0.0000000  0.0000000  0.0000000  0.0000000 -0.0379557 -0.0654428 -0.4759346 -0.0513333  0.2676649  0.2533463 -0.3932686  0.1682745 -0.0643780 -0.2374579 -0.0408786 -0.0058706  0.2164200 -0.0625717 
 0.5773503  0.0000000  0.0000000  0.0000000  0.0000000  0.0000000  0.0000000  0.0088793 -0.1203879  0.2952386 -0.0117907 -0.1893544 -0.0221273  0.2845239 -0.3241115  0.1477171  0.0513063  0.3941618 -0.2115514  0.1860586 -0.2885393 
 0.0000000  0.5773503  0.0000000  0.0000000  0.0000000  0.0000000  0.0000000 -0.0867964  0.0409008 -0.1279418 -0.1320987  0.0194199 -0.5331362 -0.0480135  0.0123373 -0.1160746 -0.3758965  0.2842648 -0.2279505 -0.1711314  0.1405234 
 0.0000000  0.5773503  0.0000000  0.0000000  0.0000000  0.0000000  0.0000000 -0.1593310  0.0181195  0.1599003  0.2925234  0.0916640  0.5465148  0.0157037  0.1135683  0.3121082  0.1536311  0.0269699 -0.1763492 -0.0886977  0.2210908 
 0.0000000  0.5773503  0.0000000  0.0000000  0.0000000  0.0000000  0.0000000  0.2461275 -0.0590203 -0.0319586 -0.1604247 -0.1110840 -0.0133786  0.0323099 -0.1259056 -0.1960336  0.2222654 -0.3112347  0.4042996  0.2598292 -0.3616142 
 0.0000000  0.0000000  0.5773503  0.0000000  0.0000000  0.0000000  0.0000000  0.0079095 -0.3238591 -0.1753897  0.4338302 -0.0774691 -0.0914189 -0.1982780 -0.4351051 -0.0484827  0.0391469 -0.1836603 -0.1156441 -0.2180069 -0.0352839 
 0.0000000  0.0000000  0.5773503  0.0000000  0.0000000  0.0000000  0.0000000  0.2770971  0.5065776 -0.0617541 -0.0654277  0.2051462 -0.0979817  0.1163843  0.2944441  0.1077795  0.2190172  0.0512941 -0.2548665  0.1171237 -0.1798602 
 0.0000000  0.0000000  0.5773503  0.0000000  0.0000000  0.0000000  0.0000000 -0.2850066 -0.1827185  0.2371438 -0.3684025 -0.1276771  0.1894006  0.0818937  0.1406610 -0.0592969 -0.2581641  0.1323662  0.3705107  0.1008832  0.2151441 
 0.0000000  0.0000000  0.0000000  0.5773503  0.0000000  0.0000000  0.0000000  0.1058793  0.4598160 -0.1809179  0.2065290 -0.1490584  0.2149009  0.1030501 -0.2569234 -0.0856705 -0.2489940  0.2238025  0.3008380 -0.1164158  0.0113611 
 0.0000000  0.0000000  0.0000000  0.5773503  0.0000000  0.0000000  0.0000000 -0.0766259 -0.0428676  0.2077828 -0.3788906 -0.0341309 -0.0911674 -0.5468429 -0.0815148  0.1662113  0.3227458 -0.0195671 -0.1508478 -0.0368688  0.0279137 
 0.0000000  0.0000000  0.0000000  0.5773503  0.0000000  0.0000000  0.0000000 -0.0292534 -0.4169483 -0.0268649  0.1723616  0.1831893 -0.1237335  0.4437928  0.3384381 -0.0805408 -0.0737518 -0.2042355 -0.1499902  0.1532846 -0.0392748 
 0.0000000  0.0000000  0.0000000  0.0000000  0.5773503  0.0000000  0.0000000 -0.4416353  0.0144406 -0.2821842  0.0372226  0.2077748 -0.1359890  0.1254077 -0.0676027 -0.0482874  0.4426686  0.2512629  0.2136200  0.0291528  0.0232116 
 0.0000000  0.0000000  0.0000000  0.0000000  0.5773503  0.0000000  0.0000000  0.2045467  0.0363905 -0.1294406 -0.0434243 -0.5273140  0.0156159  0.0055397  0.0269703  0.1730516 -0.1497274 -0.2294694 -0.2273952  0.2953152  0.2861109 
 0.0000000  0.0000000  0.0000000  0.0000000  0.5773503  0.0000000  0.0000000  0.2370886 -0.0508311  0.4116247  0.0062017  0.3195392  0.1203731 -0.1309474  0.0406324 -0.1247642 -0.2929413 -0.0217934  0.0137752 -0.3244680 -0.3093225 
 0.0000000  0.0000000  0.0000000  0.0000000  0.0000000  0.5773503  0.0000000 -0.2111671  0.2118574  0.0869080 -0.1571570  0.3433806 -0.0125104  0.1568209 -0.4221996  0.0754761 -0.1723103 -0.3641647 -0.1101646  0.1777490  0.1108779 
 0.0000000  0.0000000  0.0000000  0.0000000  0.0000000  0.5773503  0.0000000 -0.0921462  0.0191037  0.0365433  0.0790297 -0.3233923  0.1649908 -0.0958572  0.2362106 -0.5860955  0.1658075  0.1368734 -0.2247315 -0.0627851 -0.0962318 
 0.0000000  0.0000000  0.0000000  0.0000000  0.0000000  0.5773503  0.0000000  0.3033132 -0.2309611 -0.1234512  0.0781274 -0.0199883 -0.1524804 -0.0609637  0.1859890  0.5106194  0.0065029  0.2272913  0.3348961 -0.1149639 -0.0146461 
 0.0000000  0.0000000  0.0000000  0.0000000  0.0000000  0.0000000  0.5773503 -0.4047864  0.1931318  0.1520107  0.2867944 -0.1812303 -0.1913919 -0.1732771  0.1899161  0.1886894 -0.1658356 -0.1526374  0.1020135  0.1268653 -0.3341905 
 0.0000000  0.0000000  0.0000000  0.0000000  0.0000000  0.0000000  0.5773503  0.0537778 -0.1130349 -0.3195876 -0.4232368 -0.0649880  0.2304854  0.2701457 -0.0754186  0.0600143  0.0545571 -0.0641572 -0.1561694 -0.4347980 -0.0979078 
 0.0000000  0.0000000  0.0000000  0.0000000  0.0000000  0.0000000  0.5773503  0.3510086 -0.0800970  0.1675770  0.1364424  0.2462183 -0.0390936 -0.0968686 -0.1144975 -0.2487036  0.1112785  0.2167946  0.0541559  0.3079327  0.4320982 
