 0.7153677 -0.1986911  0.0578413 -0.0213501  0.0061913 -0.0002678  0.0000175 -0.6670315 
 0.6987473  0.2018518 -0.0591801  0.0219297 -0.0063804  0.0002744 -0.0000180  0.6833624 
 0.0011405  0.9590504  0.0244482 -0.0090745  0.0026308 -0.0001132  0.0000074 -0.2820177 
-0.0000539 -0.0000089  0.9962702  0.0028244 -0.0008051  0.0000346 -0.0000023  0.0862380 
-0.0000397  0.0000343 -0.0000593  0.9994863  0.0003017 -0.0000129  0.0000008 -0.0320463 
 0.0000262 -0.0000050  0.0000021 -0.0000033  0.9999566  0.0000037 -0.0000002  0.0093113 
 0.0000000  0.0000000  0.0000000  0.0000000  0.0000000  0.9999999  0.0000000 -0.0004015 
 0.0000000  0.0000000  0.0000000  0.0000000  0.0000000  0.0000000  1.0000000  0.0000263 
