 0.6920510 -0.1767871  0.0217249  0.0025688  0.0129222 -0.0082582  0.0041640 -0.0011328  0.0075845  0.0064795  0.0180462  0.0032477 -0.0092614 -0.0017514 -0.5923942  0.2727992  0.0946161  0.1342576  0.1903346 
 0.7208635  0.1774883 -0.0230804 -0.0057297  0.0143125 -0.0001277 -0.0059582 -0.0108124 -0.0097968 -0.0060435 -0.0087610  0.0035766  0.0094520  0.0019024  0.5748832 -0.2613206 -0.0782865 -0.0914290 -0.1853341 
-0.0062601  0.9677532  0.0014057  0.0010607  0.0062189 -0.0035340  0.0005781  0.0002172  0.0051131  0.0015542  0.0013228  0.0012652 -0.0022652 -0.0009144 -0.2131224  0.0820827  0.0397039  0.0520535  0.0829301 
 0.0050888 -0.0059780  0.7119997 -0.1986414  0.0026318 -0.0037282  0.0039569  0.0000457  0.0065353 -0.0032664  0.0103292  0.0005583  0.0389412 -0.0076004 -0.1451118 -0.5193340  0.2723541 -0.2121017  0.2045390 
-0.0031587  0.0153524  0.7013191  0.2009842 -0.0081557  0.0023020 -0.0034111  0.0023181 -0.0079881  0.0021757 -0.0038795  0.0026315 -0.0376013  0.0079326  0.1905403  0.5133938 -0.2677924  0.2152278 -0.2189531 
 0.0040117 -0.0041876  0.0003073  0.9591434  0.0007150 -0.0051223  0.0006578 -0.0014638  0.0034336 -0.0010433  0.0011015 -0.0006032  0.0146803 -0.0032982 -0.0635325 -0.2212843  0.1073100 -0.0817023  0.0924462 
-0.0284486 -0.0165475  0.0014621 -0.0075096  0.6718208 -0.1800617 -0.0558263 -0.0088321 -0.0017650  0.0004437 -0.0029149 -0.0060312 -0.0019130 -0.0029166  0.0513088 -0.2553694 -0.1752740  0.6026470  0.2238024 
 0.0001372  0.0068033  0.0042590  0.0087836  0.7400592  0.1651118  0.0503236 -0.0097356  0.0011471  0.0004306 -0.0060296  0.0029193 -0.0003357  0.0025866 -0.0472409  0.2359203  0.1356778 -0.5526129 -0.2013675 
 0.0008263 -0.0022450  0.0008786  0.0009435 -0.0011936  0.9696169 -0.0193900 -0.0001416  0.0009421 -0.0000468 -0.0004405 -0.0016064 -0.0003267 -0.0011117  0.0094752 -0.0901266 -0.0572965  0.2034573  0.0810123 
-0.0001936 -0.0000007 -0.0007746 -0.0000494  0.0002294  0.0005013  0.9969417  0.0000323 -0.0000387  0.0000183  0.0000728  0.0002954 -0.0000210 -0.0002426  0.0130088 -0.0265217 -0.0208450  0.0659031  0.0213505 
 0.0026646  0.0048314  0.0002126  0.0022743  0.0105893  0.0008304  0.0004814  0.7146860 -0.1850385  0.0645579 -0.0043507  0.0002092  0.0022012  0.0042009 -0.2604845 -0.2210579 -0.0328708  0.1266323 -0.5628425 
 0.0095185 -0.0028880 -0.0026316 -0.0010680  0.0079744 -0.0007450 -0.0006195  0.6991480  0.1923780 -0.0661636 -0.0012396 -0.0023394 -0.0025696 -0.0043981  0.2698075  0.2174346  0.0210717 -0.1362164  0.5749156 
 0.0001805 -0.0003505  0.0009968  0.0001640  0.0009012 -0.0009612 -0.0000403 -0.0023123  0.9635023  0.0246627  0.0004470  0.0014009  0.0012567  0.0019249 -0.0867802 -0.0812351 -0.0077138  0.0581005 -0.2312452 
 0.0003177  0.0001461  0.0002681 -0.0003555 -0.0007291  0.0000272 -0.0001305  0.0001504  0.0008092  0.9953584 -0.0003445  0.0003875  0.0000612 -0.0006108  0.0444356  0.0248324  0.0069380 -0.0203996  0.0787657 
 0.0086026  0.0068843  0.0042973 -0.0002634 -0.0063350 -0.0027518 -0.0000555 -0.0038415  0.0060184  0.0024495  0.7357245 -0.1552256 -0.0424052 -0.0047094 -0.1432968 -0.1204920 -0.5810353 -0.2301398  0.0832522 
-0.0186462 -0.0021635 -0.0123591  0.0028247  0.0162002  0.0046302 -0.0001172  0.0098342 -0.0085071 -0.0020632  0.6768391  0.1653456  0.0458627  0.0053921  0.1817098  0.1315361  0.6230314  0.2484690 -0.1059324 
-0.0005552 -0.0000297  0.0004807 -0.0004195 -0.0018869 -0.0012108 -0.0008068 -0.0007426  0.0015304  0.0001318  0.0023245  0.9738983 -0.0140880 -0.0017267 -0.0527417 -0.0445577 -0.1993753 -0.0742820  0.0356433 
 0.0003836  0.0000921 -0.0001864  0.0011309  0.0000703 -0.0000976 -0.0002831 -0.0002201 -0.0000761  0.0001428 -0.0001240 -0.0003808  0.9962715  0.0001075 -0.0113920  0.0370335 -0.0770263 -0.0020969 -0.0015783 
 0.0000000  0.0000000  0.0000000  0.0000000  0.0000000  0.0000000  0.0000000  0.0000000  0.0000000  0.0000000  0.0000000  0.0000000  0.0000000  0.9998745 -0.0041344 -0.0084634 -0.0022139 -0.0035104  0.0120397 
