::::::::::::::
run.001.024
::::::::::::::
 0.2041241 -0.0878694  0.4439118  0.0036416 -0.3900349 -0.1670639  0.2883176 -0.2279938 -0.1894587 -0.1270150  0.0318202 -0.0679297  0.4726693  0.1267740 -0.1174078 -0.0345002  0.0664305 -0.0912198 -0.0456976  0.1495040  0.0908947  0.2498212  0.1026707 -0.0888301 
 0.2041241  0.3186189 -0.1808735 -0.2080076  0.0573563 -0.2138812  0.1681605  0.4565931  0.0536400 -0.3220954 -0.1903613 -0.0456518  0.0406021  0.0958096  0.3239533  0.0825738 -0.0337848 -0.0010760 -0.2983528  0.0359474  0.1350140  0.2109064 -0.1178124 -0.2438591 
 0.2041241  0.1671093 -0.0759653 -0.2460425 -0.0698257  0.2169863 -0.0939027 -0.2967801 -0.1591450 -0.2001047  0.4857064  0.0482853  0.0164905 -0.1229086  0.1677783  0.0528227 -0.1625685 -0.1581388 -0.0780077  0.2476738  0.0898105 -0.3592329 -0.3189826 -0.0871087 
 0.2041241  0.1237204  0.0017281  0.3063325 -0.1103386  0.0672007 -0.2489816 -0.1225154 -0.1045770 -0.2556832 -0.1797557 -0.1212467 -0.2951960  0.2080924 -0.3027072 -0.1347725 -0.0262503 -0.2625304  0.0025387 -0.1844517 -0.1748820  0.2390640 -0.4445319 -0.0542772 
 0.2041241 -0.3373062 -0.1015421 -0.0687368  0.1590839 -0.0169840 -0.2414086 -0.2274181  0.1765333  0.2000943  0.2174853 -0.2983461 -0.0167538  0.0645710  0.2992602  0.2291195  0.2118535 -0.1773069  0.0382504 -0.1947977  0.0878531  0.3306826  0.0684463 -0.3200495 
 0.2041241  0.2793592  0.0435344  0.1958784  0.1780159  0.3908246  0.0632376  0.0577638 -0.0670623  0.0288722 -0.0317135 -0.4756221  0.1453747 -0.1146412 -0.2876590  0.1891476 -0.2083666  0.1967782 -0.0393207 -0.1296070  0.0783530 -0.1472941  0.2701582 -0.2481983 
 0.2041241  0.0149026 -0.0043993  0.1807627 -0.4552391 -0.2351616  0.0216208  0.0623655  0.4363185 -0.0830352  0.2312575 -0.0060410 -0.2131399  0.1393017 -0.0031272  0.3493279 -0.2705107  0.2355856  0.2033374 -0.0992479  0.0887420 -0.0971903  0.0406849  0.1483526 
 0.2041241 -0.3019655 -0.0744424 -0.2196689  0.2521500  0.0026128  0.1850556 -0.0962963 -0.0223522  0.0257592 -0.1532769 -0.2359474  0.1202517  0.1886180  0.1131297 -0.1455805 -0.5794303 -0.0309941  0.0345675 -0.0951800 -0.0516327  0.0375072 -0.1079524  0.4233331 
 0.2041241  0.1799642 -0.1221939 -0.0559607  0.1237653 -0.5269861  0.1014933 -0.3848473 -0.0052075 -0.1731391 -0.0248297 -0.1288683 -0.0780548 -0.1967467  0.0003938 -0.2534297  0.1910074  0.1140000 -0.0289756 -0.2877571 -0.2195939 -0.2760112  0.2061151 -0.0132505 
 0.2041241  0.1944337 -0.1657290  0.0632535  0.0860632  0.0976171 -0.2859658 -0.1623143  0.1668291  0.0046760 -0.2554373  0.0999123  0.4453350  0.3250179  0.0572226  0.2818561  0.3006992  0.0904721 -0.0194704  0.1656936 -0.1897214 -0.1400869 -0.0225292  0.3027819 
 0.2041241  0.2267726  0.2672280  0.0045387  0.0839804 -0.1382965  0.0623266  0.1196559 -0.0493319  0.2192256 -0.1040393 -0.2450325 -0.1363443 -0.4687540  0.1229725  0.2107517  0.1306166 -0.1854003  0.3265896  0.2722387 -0.0849133  0.1202562 -0.1778554  0.2938794 
 0.2041241 -0.2314681  0.1157040 -0.0379293  0.2340181 -0.3558179 -0.3969780  0.3820121 -0.1106085 -0.0024992  0.3033062  0.0995180  0.1961682 -0.1207654 -0.3978968  0.0879311 -0.0788406  0.0303639 -0.2159417  0.0031956 -0.1114138 -0.0328492 -0.0510266  0.0435964 
 0.2041241  0.0564166 -0.0918573 -0.0167483 -0.2158093  0.1901357  0.2372531  0.1460094  0.2050339  0.2693708  0.0961462  0.0851376 -0.0068948 -0.0878008 -0.0870938 -0.0341036  0.1169219 -0.5258260 -0.4232429 -0.2700471 -0.1043987 -0.0976920  0.1480240  0.2322170 
 0.2041241 -0.0631170 -0.3578370  0.6631301  0.0783500 -0.0109184  0.1469030  0.0096945 -0.1993512  0.0406764  0.1638268  0.2256848  0.2036052 -0.2236023  0.2183337 -0.1462558 -0.0285761  0.0956733  0.0292389 -0.0102743  0.1733450  0.1612166 -0.0654105  0.0877405 
 0.2041241  0.1477525 -0.0876936 -0.1132351  0.0657535 -0.1459924 -0.1435078  0.0565210 -0.1798489  0.1454069 -0.1332936  0.1664530 -0.0462380  0.2284504 -0.1597616 -0.0966337  0.0074645 -0.3057334  0.3621190 -0.0602695  0.6181532 -0.1690356  0.1985604  0.0028103 
 0.2041241 -0.0914567 -0.3247751 -0.0629080 -0.1162330 -0.0332029  0.0253219 -0.0039030  0.3820134  0.2371003 -0.0981297 -0.0957780  0.0154898 -0.0742579 -0.2764735 -0.3800266 -0.0470781  0.0435996  0.0505196  0.5384553 -0.0686505  0.0252606 -0.0398779 -0.2723109 
 0.2041241  0.1337252  0.1130281 -0.0070268  0.0470982 -0.1070577  0.0721125 -0.2121427 -0.2287245  0.4848278 -0.1609552  0.4111968 -0.2115266  0.1132772  0.0527803  0.2414174 -0.2874964  0.1220950 -0.1765397  0.0332037 -0.2279308  0.0580041  0.0139047 -0.2782010 
 0.2041241 -0.0007089 -0.1451899 -0.0752495 -0.1763564  0.1348082 -0.1048434  0.2003757 -0.4163278 -0.0494687  0.2187571 -0.1405795 -0.2855268  0.2536495  0.1293258 -0.1413158  0.1164795  0.1166606  0.0577358  0.2203171 -0.2848513  0.1319622  0.4425836  0.1781457 
 0.2041241  0.0904851  0.4890513  0.1080741  0.0047693  0.1058766 -0.1883511  0.2062680  0.1802866  0.2044228  0.0609108 -0.0073920  0.0647018  0.1495898  0.3642477 -0.4987121  0.0413487  0.1694549  0.0297797 -0.1504263 -0.0173802 -0.2122005 -0.1300163 -0.0886238 
 0.2041241 -0.0090707 -0.0234337 -0.2177836  0.2411658  0.1738621  0.4742277  0.0979969  0.0351263  0.0047328  0.2634782  0.1891414 -0.0269709  0.1837068 -0.2616272  0.0341576  0.3260461  0.2230630  0.3141746 -0.1784941 -0.0933212  0.0882525 -0.2694985 -0.0330082 
 0.2041241 -0.1387509 -0.1046358 -0.2648017 -0.3139016  0.2218383 -0.2005478  0.0996096 -0.0567342 -0.1504858 -0.2667935  0.2589811  0.2092491 -0.4053946  0.0668844  0.0009031 -0.1050764  0.0368364  0.3292359 -0.3027307 -0.2026482  0.0560114  0.0709452 -0.1474076 
 0.2041241 -0.5459985  0.0424031  0.1541429 -0.0524190  0.0214665  0.1757209  0.1289841 -0.1708202 -0.1050354 -0.3181908 -0.0831684 -0.1939614  0.0262938  0.0737101  0.1867172  0.2254727 -0.0070380 -0.0889281  0.1131972  0.0458797 -0.5033960 -0.1127225 -0.1308673 
 0.2041241 -0.0495512  0.0616415 -0.2018199 -0.0904382  0.1550886 -0.1411052 -0.1841846  0.0011813  0.0308208 -0.1309340  0.0293358 -0.2227611 -0.2151714 -0.1083990 -0.0641682  0.1746346  0.4424244 -0.3722920 -0.0323016  0.4396653  0.2160443 -0.0682907  0.2898458 
 0.2041241 -0.0759971  0.2823374  0.1161643  0.3790260  0.1730451  0.0238410 -0.1054539  0.3225877 -0.4274244 -0.0249842  0.3379573 -0.1965692 -0.0731091  0.0121608 -0.0172270 -0.0809965 -0.1717431  0.0086819  0.2161588 -0.0163723  0.1099993  0.3644136  0.0032894 
::::::::::::::
run.002.024
::::::::::::::
 0.2886751  0.0000000 -0.1466082  0.0205927  0.1645948 -0.3389560 -0.0025216 -0.1432432  0.2542037  0.3241618 -0.0357390 -0.1300157  0.0724005  0.0244043 -0.4555491 -0.1721938  0.0368519  0.2281736  0.0404967  0.4156803  0.1544537  0.0912284  0.0720094 -0.1900813 
 0.2886751  0.0000000  0.1669026 -0.3792036 -0.3071525  0.0178980  0.2076851 -0.0860807 -0.2004516 -0.2511930  0.0790427  0.1228915 -0.0484052  0.1928182  0.0495420 -0.0532478 -0.4350854 -0.0511001  0.0521652  0.3507366  0.0908306  0.3167313  0.0431316  0.0478671 
 0.2886751  0.0000000  0.3456225 -0.1458271  0.5465148 -0.0676288 -0.1260358 -0.0148411 -0.1677752 -0.0633831 -0.1895737 -0.0412081 -0.0205155 -0.2521081  0.3016716  0.2076716 -0.0442463  0.0322821  0.1214270  0.2105762  0.1581433 -0.3163978 -0.0291156  0.0249528 
 0.2886751  0.0000000 -0.5091917 -0.2402621 -0.0825558 -0.0475067  0.2468107  0.2070624  0.2206266 -0.0697975 -0.0779686  0.1409379  0.1108793 -0.1078626  0.0083771  0.5383133  0.1765735 -0.0613024  0.1276991 -0.0339468  0.0389560 -0.0197599 -0.0951895  0.1736863 
 0.2886751  0.0000000  0.1159167 -0.2047995 -0.0530310  0.1003864 -0.3993938  0.0302138 -0.0390885 -0.0398004 -0.4014855  0.1747666 -0.0577742  0.4377986 -0.2135720 -0.0444817  0.2898023 -0.1075173 -0.2081346 -0.0722301 -0.1698309 -0.0440639 -0.2732766 -0.0312950 
 0.2886751  0.0000000  0.0073181  0.1205229  0.0907645 -0.3709296 -0.0170503  0.1614296  0.2178209  0.1167464  0.1460022  0.0341371 -0.2002431  0.3325001  0.2478564 -0.1214368 -0.2406342 -0.2519172  0.2761533 -0.4265999  0.0916376 -0.0110929 -0.0218086 -0.1758063 
 0.2886751  0.0000000 -0.0010636 -0.1766680  0.0213259  0.1517827 -0.0642611  0.2210434 -0.1257801  0.2977048  0.2348205 -0.0506043 -0.3492717 -0.4867066 -0.1536771 -0.2172113 -0.0229946 -0.0624057  0.0437317 -0.0961688 -0.3625061  0.1522773 -0.1688278  0.1358814 
 0.2886751  0.0000000  0.0480491  0.5414087 -0.1558468  0.2927572  0.1985329 -0.0183263  0.0408735 -0.0569091 -0.2482863 -0.0269862 -0.0849577 -0.2254387 -0.0798743  0.1363834 -0.1933165 -0.2149656 -0.1971181  0.0431835  0.1202991  0.0040598 -0.2018701 -0.3763540 
 0.2886751  0.0000000  0.0333245  0.1006307 -0.3681948 -0.0736627 -0.1854736 -0.2743402  0.1318977 -0.1753239  0.1959154  0.1504087 -0.0461521 -0.1365531 -0.1282048 -0.0419938 -0.1341504  0.2597274 -0.0617798 -0.1433321 -0.0117282 -0.5656734  0.1545061  0.2298775 
 0.2886751  0.0000000 -0.0088385  0.2686358 -0.0223445  0.1074045 -0.0242089 -0.0901640 -0.0830762 -0.2017035 -0.1006983 -0.3429362  0.3401650  0.0080289  0.0844097 -0.2610851  0.1681632  0.1520009  0.3275759 -0.1555847  0.1129427  0.2712874 -0.1918666  0.3888610 
 0.2886751  0.0000000  0.0051504 -0.0663275  0.0167145  0.2737235 -0.0336934  0.2026454  0.0883082  0.1726825  0.0822857 -0.1478763  0.1129805  0.0528061  0.1906717 -0.1006813  0.1543441 -0.1263891 -0.4448769 -0.0604937  0.2557827  0.0645429  0.5884326  0.0965422 
 0.2886751  0.0000000 -0.0565820  0.1612971  0.1492109 -0.0452685  0.1996098 -0.1953992 -0.3375590 -0.0531851  0.3156848  0.1164850  0.1708942  0.1603129  0.1483486  0.1299633  0.2446925  0.2034132 -0.0773397 -0.0318204 -0.4789804  0.0568607  0.1238751 -0.3241317 
 0.0000000  0.2886751  0.0916288  0.2022121  0.2470882  0.1579515  0.0604853 -0.1703980  0.2699996 -0.2170476  0.1171801 -0.1388347 -0.3243959  0.2119123 -0.2038768  0.1739892  0.0644200 -0.3132814  0.1375768  0.2061888 -0.2577473  0.0291721  0.2133685  0.3116817 
 0.0000000  0.2886751  0.0239140  0.0621023 -0.1205519 -0.4450008 -0.2057059  0.1204275 -0.2819474 -0.2076831  0.3465398 -0.2612457  0.0017977 -0.0846165 -0.1137386  0.1705894  0.1692308 -0.2391329 -0.3063385  0.0510382  0.2347731  0.0544523 -0.2054882  0.0107297 
 0.0000000  0.2886751  0.0554061 -0.2512117  0.1797610 -0.0176431  0.1384564  0.1436441  0.3086233 -0.5335145 -0.0932708 -0.1225890 -0.0758954 -0.1561272 -0.0886299 -0.1744820 -0.0179427  0.3283104 -0.1624527 -0.2735832 -0.0501335  0.1153159  0.0324610 -0.2824864 
 0.0000000  0.2886751 -0.3814657  0.0930451  0.1873277  0.0770179  0.2617546  0.0026943 -0.3979111  0.0656721 -0.1098591  0.1116979 -0.4091781  0.2102229 -0.0035850 -0.1860661 -0.0323967  0.2386511 -0.1275137 -0.0383141  0.2789859 -0.1586685 -0.0755335  0.1872323 
 0.0000000  0.2886751 -0.0039687  0.0459182 -0.2515942 -0.2956549  0.1995614  0.2884303 -0.1579730  0.0384755 -0.4240070 -0.1691002  0.1499474 -0.0557058  0.0685592 -0.2137425 -0.0167427 -0.1661774  0.0907534  0.1459701 -0.3724839 -0.2676990  0.2481003  0.0250711 
 0.0000000  0.2886751 -0.1394234  0.1143796  0.1809359 -0.1787007 -0.1739368 -0.2496927  0.0690097 -0.0200374 -0.1290008  0.5820967  0.2136264 -0.2756606  0.1134146 -0.1785871 -0.1012870 -0.2206402 -0.1612302 -0.0292354 -0.0353617  0.2920733  0.0564160  0.1559454 
 0.0000000  0.2886751  0.3683102  0.0673677  0.0929298  0.0901027  0.1047091  0.2804927 -0.1454232  0.2169364  0.0540797  0.1985506  0.3269969  0.0957769 -0.4475300  0.2673548 -0.2155593  0.1491204  0.0973584 -0.2639234  0.0756451  0.0315332  0.0696280  0.1107317 
 0.0000000  0.2886751  0.0973865  0.1530954 -0.2138921 -0.0665323 -0.2301160  0.0642989  0.1971297  0.2549581 -0.1067280 -0.0895575 -0.1961294  0.0672983  0.3896460  0.3080349 -0.0987682  0.4665269 -0.1256797  0.1249839 -0.1414672  0.2625334 -0.0756024  0.1001419 
 0.0000000  0.2886751  0.3593532 -0.1528730 -0.2590861 -0.0017387  0.3171928 -0.2940522  0.0842351  0.2146343  0.0026746  0.1423989 -0.1427952 -0.1149043  0.0976390 -0.0568821  0.5225258 -0.0649578  0.1925473 -0.0843970  0.2354309  0.0023705 -0.0353698 -0.1095924 
 0.0000000  0.2886751 -0.0243840 -0.0652423  0.0678388  0.2512955  0.0980097  0.1311812  0.2785125  0.0918999  0.3337163  0.0266164  0.3372020  0.1455829  0.1955092 -0.2424279 -0.0715295 -0.0566458 -0.1088078  0.2695283 -0.0571961 -0.3048228 -0.4451921 -0.0084185 
 0.0000000  0.2886751 -0.2194000 -0.3073810  0.0054203  0.1390464 -0.1117308 -0.5075932 -0.0987979  0.2204050 -0.0943373 -0.4098978  0.1435321  0.0017426 -0.0124327  0.1555909 -0.2839812 -0.1514103 -0.0009531 -0.2737385 -0.0556373 -0.0496545  0.0001991 -0.1423428 
 0.0000000  0.2886751 -0.2273570  0.0385876 -0.1161776  0.2898563 -0.4586798  0.1905669 -0.1254572 -0.1246987  0.1030126  0.1298644 -0.0247086 -0.0455214  0.0050250 -0.0233716  0.0820307  0.0296371  0.4747397  0.1654822  0.1451921 -0.0066058  0.2170131 -0.3586939 
::::::::::::::
run.003.024
::::::::::::::
 0.3535534  0.0000000  0.0000000 -0.0544651 -0.1088217 -0.1310940 -0.0210681  0.2734477  0.1923247  0.0326522  0.2767738  0.1959340  0.1093295 -0.1260682 -0.2572493 -0.2186897 -0.2231093  0.4244650  0.0914147  0.1999198 -0.3511702 -0.0821966 -0.0794196 -0.2413167 
 0.3535534  0.0000000  0.0000000 -0.1868364 -0.1945019 -0.1339004 -0.0614320  0.1591381  0.0573329 -0.3027191 -0.4271938  0.0933799 -0.2795495  0.1946218 -0.2660702  0.0792417  0.2463323  0.1067645 -0.1521531  0.0294932 -0.0234441  0.1540332 -0.0160314  0.3941612 
 0.3535534  0.0000000  0.0000000 -0.2730086  0.1335992  0.0264446  0.0694153 -0.2696466  0.0850437  0.0670591  0.0810277 -0.3205401  0.2131000 -0.3325467  0.3251732  0.1552469  0.0862594  0.1924876 -0.1071535  0.0344133 -0.0522377 -0.1789526 -0.2754070  0.3602103 
 0.3535534  0.0000000  0.0000000  0.0261869 -0.2557632  0.1538002 -0.0564471 -0.1196245  0.1927787 -0.0558561  0.4277845  0.0048860 -0.0930180  0.3287900  0.0144555  0.0755182  0.3468326 -0.1420765  0.2911290 -0.3282853  0.1695875 -0.1944422 -0.0540982 -0.1388317 
 0.3535534  0.0000000  0.0000000  0.0638455  0.0369183 -0.1412038 -0.2317961 -0.1322297 -0.0521943  0.3445721 -0.2011600  0.1148536  0.1556703 -0.3617126 -0.1183052 -0.0990007  0.2871344 -0.2588882  0.1526061  0.1760437  0.1339200  0.0000530  0.4429407 -0.0809351 
 0.3535534  0.0000000  0.0000000  0.1891771  0.3799468 -0.0725365 -0.0101183 -0.1738141  0.2869371 -0.2309294  0.0542335  0.1176108 -0.0372183  0.2407513  0.3286799  0.0447091 -0.1841308 -0.2234619 -0.2613297  0.1671624 -0.1221745  0.3132281  0.1100474 -0.1795600 
 0.3535534  0.0000000  0.0000000  0.2146824  0.0066076  0.2387950  0.1675257  0.2577937 -0.3334925  0.2078209 -0.1397137 -0.0153789 -0.0631420 -0.0682302  0.0428153  0.0904340 -0.0235843  0.1956735 -0.4055038 -0.2205525  0.3251343  0.0350744 -0.1363273 -0.3271952 
 0.3535534  0.0000000  0.0000000  0.0204181  0.0020150  0.0596950  0.1439205  0.0049353 -0.4287303 -0.0625997 -0.0717521 -0.1907453 -0.0051720  0.1243945 -0.0694992 -0.1274595 -0.5357344 -0.2949639  0.3909903 -0.0581947 -0.0796153 -0.0467974  0.0082953  0.2134672 
 0.0000000  0.3535534  0.0000000 -0.1610413  0.1666396 -0.0125694 -0.3353699 -0.2351726 -0.1490637  0.2537568 -0.1048709 -0.4186887 -0.1891691  0.2433290 -0.1424349 -0.0030704  0.0914113  0.1853031  0.0711463 -0.0447305 -0.2735964  0.2218301 -0.0953554 -0.2867856 
 0.0000000  0.3535534  0.0000000 -0.3652674 -0.0779131 -0.2299764 -0.0979063  0.1170536 -0.2388242 -0.0309091  0.2338013  0.1807472  0.3300493  0.1469371  0.0303590  0.4706511 -0.1598768  0.0155675 -0.1425187 -0.0872652  0.0982061  0.0204755  0.3115253  0.0144690 
 0.0000000  0.3535534  0.0000000 -0.1025795  0.2783320  0.0598118  0.3432535 -0.1319127 -0.2110583 -0.0890114  0.0552351  0.4226037  0.0167624 -0.0433413 -0.0950951 -0.0444008  0.2437035 -0.0040359  0.2723516  0.2462223  0.1684752  0.1935017 -0.3741917 -0.0294147 
 0.0000000  0.3535534  0.0000000  0.2679811 -0.2965851 -0.0732267 -0.2419331  0.2102631 -0.1865874 -0.0095023  0.3095367 -0.0103149 -0.1602010 -0.2677204  0.1764516 -0.1365974  0.1136588 -0.3212010 -0.2115728  0.0368957 -0.2291751  0.1674377 -0.2155618  0.1998141 
 0.0000000  0.3535534  0.0000000 -0.1049208  0.0467823  0.5640000 -0.0255040  0.0646597  0.2875689 -0.1763359 -0.1744958 -0.0257366  0.0353678 -0.2092510 -0.2893380  0.1844360 -0.1074355 -0.3038728 -0.1176475  0.0323246 -0.1467599 -0.2716849  0.0165356 -0.1296646 
 0.0000000  0.3535534  0.0000000  0.4323274  0.2008793 -0.0306180  0.0019319  0.1798923  0.2045563  0.1968274 -0.2558389  0.1628378  0.2620727  0.1657049  0.1466412 -0.0000433  0.0453075  0.1932021  0.1949570 -0.3537251 -0.1641916 -0.1123455  0.0197121  0.2859402 
 0.0000000  0.3535534  0.0000000  0.0239528 -0.1927253 -0.2943196  0.2904155 -0.4418331  0.1831436  0.1459070 -0.0052245  0.0953743 -0.3738556 -0.0910033 -0.0937234 -0.1689757 -0.2751728  0.0539019 -0.2030092 -0.1460074  0.1633066 -0.2031024  0.1082818  0.0309855 
 0.0000000  0.3535534  0.0000000  0.0095477 -0.1254096  0.0168983  0.0651124  0.2370497  0.1102648 -0.2907325 -0.0581429 -0.4068228  0.0789735  0.0553449  0.2671396 -0.3019997  0.0484041  0.1811352  0.1362933  0.3162857  0.3837352 -0.0161122  0.2290544 -0.0853439 
 0.0000000  0.0000000  0.3535534  0.0446569  0.1519190 -0.0281215  0.1053825  0.1134381 -0.2185321 -0.1074812  0.0003877  0.0695479 -0.4872164 -0.1179401  0.2842828  0.2740814  0.1429599  0.1343083  0.1724530  0.1093232 -0.2725717 -0.3492391  0.2608252 -0.0965836 
 0.0000000  0.0000000  0.3535534  0.3532002  0.1879891 -0.1231292 -0.0742474 -0.1303972 -0.0034070 -0.3831602  0.2008810 -0.2243771  0.0775437 -0.2927497 -0.4131881  0.1677258 -0.0208157  0.1633804  0.0543891 -0.2060422  0.1638994  0.2069308  0.0577689  0.0598398 
 0.0000000  0.0000000  0.3535534 -0.0563591 -0.0469943  0.1138536 -0.3862976  0.1014838  0.2509514  0.2844667 -0.0327838  0.1449220 -0.2270494 -0.0261736  0.1185384  0.2027675 -0.3437830  0.0377323  0.2183625  0.1707944  0.3767781  0.1440275 -0.2217707  0.1240926 
 0.0000000  0.0000000  0.3535534 -0.1910240 -0.2993206  0.4011436  0.1166087 -0.2001279 -0.0241954 -0.0354250 -0.0559049  0.1723260  0.1084033 -0.1111989  0.2113781 -0.2261366 -0.0011731  0.1614010  0.0336614 -0.2500234 -0.1996234  0.4279876  0.2586372  0.0119417 
 0.0000000  0.0000000  0.3535534 -0.0950463 -0.2189438 -0.4221270  0.0756978  0.0360806  0.0806600 -0.1357377 -0.3609428 -0.0500906  0.2342575 -0.0746504  0.1382589  0.0458468  0.0117197 -0.2582347  0.0838667 -0.1614710 -0.0699108 -0.0605641 -0.3585469 -0.3954491 
 0.0000000  0.0000000  0.3535534  0.2932452 -0.2244246  0.1277568 -0.1209525 -0.3312934 -0.2149852  0.0037955 -0.0390599  0.0740000  0.2783116  0.3509146 -0.0938124 -0.0220088  0.0310122  0.0895650 -0.2324502  0.4131810 -0.0373117 -0.2970328 -0.0787965  0.0724649 
 0.0000000  0.0000000  0.3535534 -0.0364212  0.0287516 -0.0403803  0.5006832  0.2526828  0.1950361  0.4134366  0.1733929 -0.2759235  0.0228577  0.1768761 -0.2043479  0.0854936  0.1326672 -0.2142827 -0.0934012  0.1549525 -0.0852860  0.1783058  0.0892097  0.1317750 
 0.0000000  0.0000000  0.3535534 -0.3122517  0.4210234 -0.0289960 -0.2168747  0.1581334 -0.0655279 -0.0398947  0.1140299  0.0895953 -0.0071079  0.0949219 -0.0411099 -0.5277697  0.0474129 -0.1138696 -0.2368813 -0.2307144  0.1240263 -0.2504157 -0.0073269  0.0919188 
::::::::::::::
run.004.024
::::::::::::::
 0.4082483  0.0000000  0.0000000  0.0000000  0.0049272 -0.0832910 -0.1696204  0.1137012  0.2269457 -0.2944761 -0.2355785 -0.3285519  0.0493531  0.3681122 -0.3034657 -0.0349135  0.2026797 -0.1083168 -0.1639647  0.1737312 -0.2022316  0.0472528 -0.2352540  0.2083326 
 0.4082483  0.0000000  0.0000000  0.0000000 -0.0217761 -0.0073599 -0.4164116  0.0597360 -0.0885749  0.3003391  0.0546567 -0.0975794 -0.5011588  0.0477329  0.0489497 -0.2024918 -0.1360473  0.0701417  0.2758469  0.0520799 -0.0281345 -0.2002501 -0.0102569 -0.3243652 
 0.4082483  0.0000000  0.0000000  0.0000000  0.3232034  0.0121308  0.4600911  0.1982522  0.2048375  0.1638732  0.2332447  0.1465889 -0.0773827 -0.1842632 -0.1443982 -0.0627347  0.1413674 -0.4010715  0.0127586 -0.0900976  0.1354744 -0.2078346  0.0840740  0.1027902 
 0.4082483  0.0000000  0.0000000  0.0000000  0.0490785  0.4393793  0.0153769 -0.1118132 -0.0756562  0.0159417  0.4192023  0.1843781  0.3939036  0.1945784  0.0790312  0.1296899  0.0771783  0.3143740  0.0084590  0.1009369 -0.1133684  0.1776109 -0.0491271 -0.1774346 
 0.4082483  0.0000000  0.0000000  0.0000000 -0.4382706  0.0114442 -0.0301410 -0.3418271 -0.0960631 -0.0801551 -0.0211507  0.0044384 -0.0760767 -0.2656653  0.2476102  0.0173468 -0.1626221 -0.1356366 -0.4459992 -0.2953378  0.0481325 -0.0068887 -0.0435677  0.1844564 
 0.4082483  0.0000000  0.0000000  0.0000000  0.0828377 -0.3723033  0.1407049  0.0819509 -0.1714891 -0.1055227 -0.4503745  0.0907259  0.2113615 -0.1604949  0.0722729  0.1531033 -0.1225559  0.2605093  0.3128994  0.0586874  0.1601275  0.1901098  0.2541318  0.0062207 
 0.0000000  0.4082483  0.0000000  0.0000000  0.1424263 -0.2295650  0.0595366 -0.4863653 -0.3053673 -0.0751263  0.0946969 -0.1276125  0.0400613  0.0830063 -0.1257687  0.0915707  0.2668507  0.0344396  0.0893965 -0.0923855 -0.2488036 -0.4192159  0.1919169  0.0030246 
 0.0000000  0.4082483  0.0000000  0.0000000  0.0217950 -0.1343124 -0.2182709 -0.2247943  0.5520029  0.1300551  0.1150339  0.2449109 -0.0303340 -0.0644883  0.0324715 -0.1744302 -0.0101325  0.1909545  0.2132830 -0.0555692  0.0092077  0.2253115 -0.0214508  0.3857394 
 0.0000000  0.4082483  0.0000000  0.0000000 -0.3858413  0.2927137  0.1329720  0.0553130 -0.1147717  0.3364742 -0.0936455 -0.2956780  0.0284419 -0.1057466 -0.3248675  0.1493323 -0.0115860 -0.2318928  0.1795836  0.0867978 -0.0086191  0.3230955  0.1318918 -0.0084680 
 0.0000000  0.4082483  0.0000000  0.0000000 -0.3577515 -0.1498111  0.0379775  0.4176905  0.2312637 -0.2128618  0.1405642  0.0060870  0.2239821  0.0203997  0.3210245  0.0174000 -0.1146410 -0.0540324 -0.0270850  0.1841150 -0.0433415 -0.3558700  0.0707906 -0.2241359 
 0.0000000  0.4082483  0.0000000  0.0000000  0.2290753  0.1197648 -0.1237521  0.1549231 -0.4249176 -0.3188686 -0.0120842  0.2361598 -0.0519818 -0.3022318 -0.1144871 -0.2630521 -0.0505638 -0.0643439 -0.0593599  0.1347676  0.0883186  0.0977816 -0.4079470  0.0231081 
 0.0000000  0.4082483  0.0000000  0.0000000  0.3502962  0.1012099  0.1115368  0.0832330  0.0617901  0.1403274 -0.2445654 -0.0638674 -0.2101695  0.3690607  0.2116272  0.1791794 -0.0799274  0.1248749 -0.3958182 -0.2577256  0.2032379  0.1288973  0.0347984 -0.1792683 
 0.0000000  0.0000000  0.4082483  0.0000000  0.0284832 -0.2569294  0.2145775  0.1111693  0.0194247 -0.1027035  0.2652923 -0.1877457 -0.2055039 -0.1166793  0.0631376  0.3091580 -0.1094641  0.0727355  0.1650968 -0.2549994 -0.3501846  0.2440086 -0.3713246 -0.0808492 
 0.0000000  0.0000000  0.4082483  0.0000000  0.0211972 -0.0565017 -0.4523252 -0.0037531  0.0138479 -0.1760657  0.0432696  0.2029706  0.1461810  0.0819636 -0.0466986  0.1277811  0.2113272 -0.4415078  0.0707336 -0.2626159  0.2013162  0.1802420  0.2412480 -0.2438214 
 0.0000000  0.0000000  0.4082483  0.0000000 -0.2037706  0.0507986  0.1472102  0.2098665 -0.0941975 -0.1341464  0.1085825 -0.0402805 -0.2612753 -0.0186709 -0.0842127 -0.3351805  0.3644036  0.4184259 -0.1763835  0.0060200  0.0925103  0.0708913  0.3589990  0.1170546 
 0.0000000  0.0000000  0.4082483  0.0000000 -0.0082857 -0.3186572  0.1553089 -0.2171461 -0.0962765  0.3002422  0.0936249 -0.0929397  0.2876628  0.2436257 -0.0661068 -0.3749825 -0.2904588 -0.0831305 -0.1335228  0.2242663  0.2430818  0.0293866 -0.1775255 -0.0753479 
 0.0000000  0.0000000  0.4082483  0.0000000 -0.0613898  0.3093094 -0.0098119  0.1612316 -0.1060357  0.1701489 -0.3331635  0.2993504  0.1049514  0.1871748 -0.0015264  0.0352414 -0.1768804  0.0164453  0.1524032 -0.2014165 -0.2438600 -0.3686063 -0.0839343  0.3492397 
 0.0000000  0.0000000  0.4082483  0.0000000  0.2237657  0.2719803 -0.0549595 -0.2613682  0.2632371 -0.0574756 -0.1776058 -0.1813551 -0.0720160 -0.3774141  0.1354070  0.2379825  0.0010725  0.0170316 -0.0783273  0.4887455  0.0571363 -0.1559221  0.0325374 -0.0662758 
 0.0000000  0.0000000  0.0000000  0.4082483  0.0193849  0.0918970  0.0501898 -0.0905449  0.2022856 -0.2794192  0.0220630  0.0755728 -0.0298664 -0.0414140 -0.5176749 -0.0600021 -0.5069139  0.1265714 -0.0855038 -0.1473397 -0.0814480 -0.0676920  0.2171201 -0.2324840 
 0.0000000  0.0000000  0.0000000  0.4082483 -0.1369893  0.1024832  0.3276924 -0.2462036 -0.0060254 -0.2275385 -0.1397264  0.2125115 -0.2855909  0.3029839  0.3098952 -0.1507866  0.1021461 -0.2617877  0.2617785  0.2004735 -0.0718681  0.1694902 -0.0284619 -0.0710774 
 0.0000000  0.0000000  0.0000000  0.4082483  0.0367896 -0.2772313 -0.1772351  0.1629761 -0.1705670  0.2960739  0.1188040  0.2886428 -0.0999434 -0.0091251 -0.0309716  0.2915395  0.0136311 -0.0564918 -0.3521428  0.3499224 -0.2673417  0.1050689  0.1561502  0.1738374 
 0.0000000  0.0000000  0.0000000  0.4082483 -0.1858902 -0.0756376  0.0256832 -0.0165218  0.1336947  0.2316203 -0.2267192  0.1080232  0.1346252 -0.1817285 -0.1376427  0.0418295  0.4459707  0.2051360 -0.0357769 -0.1643500  0.1641861 -0.1563461 -0.4182217 -0.3001920 
 0.0000000  0.0000000  0.0000000  0.4082483  0.2629259  0.0959129 -0.1141601  0.1171202 -0.0273854  0.0960413 -0.0470420 -0.3958285  0.3041232 -0.2045241  0.3256573 -0.3831821  0.0291993 -0.0796250  0.0077776 -0.2112251 -0.2897641  0.1067474  0.1523282  0.0418764 
 0.0000000  0.0000000  0.0000000  0.4082483  0.0037791  0.0625759 -0.1121702  0.0731740 -0.1320024 -0.1167778  0.2726207 -0.2889217 -0.0233477  0.1338078  0.0507367  0.2606018 -0.0840331  0.0661972  0.2038675 -0.0274811  0.5462359 -0.1572684 -0.0789149  0.3880396 
::::::::::::::
run.005.024
::::::::::::::
 0.3888172  0.0000000  0.0000000  0.0000000 -0.0934145 -0.2617502 -0.0995781 -0.3723874  0.0098414 -0.1275250 -0.4527942  0.2038015  0.2524398 -0.2203578  0.2442053  0.2259680 -0.1432304 -0.0511127  0.1855964 -0.1057804 -0.1981149 -0.0464866 -0.0994566  0.1304993 
 0.3888172  0.0000000  0.0000000  0.0000000  0.0934145  0.2207202 -0.0699301 -0.1526840 -0.3059185 -0.0723125 -0.0935778  0.1269958 -0.2591623  0.1292145 -0.2693574  0.0897330 -0.0795988 -0.3642578  0.0550320  0.3007588  0.0527854  0.0415919  0.2529555 -0.4171345 
 0.4822317  0.0000000  0.0000000  0.0000000  0.0000000 -0.0229847 -0.2501248 -0.0232190  0.2465758 -0.0597649  0.1711625 -0.2872686  0.0072927  0.3198899 -0.1366391 -0.0066317 -0.0680526 -0.2368865 -0.3017561 -0.1080320  0.2069086  0.0826687 -0.1737014  0.4040334 
 0.4822317  0.0000000  0.0000000  0.0000000  0.0000000 -0.0712419  0.0135419  0.5140950 -0.0067399 -0.0516741  0.0929457 -0.0798309  0.0519187 -0.1766016  0.0677591 -0.2783660 -0.1335489  0.2705986  0.4560220  0.0304395  0.2032639 -0.0738053  0.1280811 -0.0331687 
 0.4822317  0.0000000  0.0000000  0.0000000  0.0000000  0.1273086  0.3732552 -0.0675178 -0.0011128  0.2725654  0.1764245  0.1003819 -0.0537911 -0.0698007  0.0891598  0.0304521  0.3812658  0.3011958 -0.3482815 -0.0796160 -0.2929951 -0.0049169 -0.0781439 -0.1397544 
 0.0000000  0.3888172  0.0000000  0.0000000 -0.0934145 -0.0651541 -0.1104963 -0.0155783  0.3645068 -0.1288767  0.1996514  0.0945162  0.3061335 -0.0579830  0.0497303  0.0780017  0.0112717 -0.1166138 -0.1443410 -0.1784126  0.2395216 -0.2720370 -0.0109398 -0.5671037 
 0.0000000  0.3888172  0.0000000  0.0000000  0.0934145  0.5174229 -0.2302385 -0.0210155  0.1052625  0.1065931 -0.3413072 -0.0496708 -0.0234140  0.2951553  0.2203616 -0.1105238 -0.1699555  0.3353827 -0.0219477  0.1878566 -0.0935818 -0.1875784 -0.0801580  0.0396308 
 0.0000000  0.4822317  0.0000000  0.0000000  0.0000000 -0.3678569  0.0138668  0.0794124 -0.2656682  0.4140997  0.1226073 -0.0596883 -0.1173712  0.0254409 -0.0314522  0.3680015 -0.3590051  0.1343804 -0.0410128  0.0313056  0.0514365  0.2403359 -0.0637511 -0.0082552 
 0.0000000  0.4822317  0.0000000  0.0000000  0.0000000 -0.0982833  0.1490205  0.0798285  0.0252378 -0.4505279  0.0194898  0.2011664  0.1556692  0.1116873 -0.1583940 -0.2431372  0.2033008 -0.0271027  0.0420227  0.1966336 -0.2512155  0.4506228 -0.0538436  0.1107978 
 0.0000000  0.4822317  0.0000000  0.0000000  0.0000000  0.1014817  0.1118428 -0.1297358 -0.1383386  0.0543952 -0.0278819 -0.1776364 -0.2662511 -0.3283571 -0.0279253 -0.0986422  0.2836490 -0.2836682  0.1330666 -0.2355538  0.0821097 -0.3203766  0.1910456  0.3227520 
 0.0000000  0.0000000  0.3888172  0.0000000 -0.0934145  0.2741989 -0.2014777 -0.0334643 -0.2591777 -0.0331883  0.1533846 -0.1412697  0.4003235 -0.1380247  0.2883498  0.1777424  0.1294520  0.0410605 -0.1169251  0.0335220  0.1332096  0.3040797  0.4069459  0.0913090 
 0.0000000  0.0000000  0.3888172  0.0000000  0.0934145  0.1442567  0.1952545  0.2196803  0.0030702  0.2746518  0.0051203  0.2726350  0.2294892  0.3340147 -0.0863315 -0.0409422 -0.1698710 -0.3195844  0.1976699 -0.4122754 -0.2476474 -0.0610744  0.0430118  0.0528917 
 0.0000000  0.0000000  0.4822317  0.0000000  0.0000000 -0.2375958  0.3192673  0.0683328  0.1078123 -0.1057634 -0.2171471  0.0312130 -0.3350466  0.1637768  0.4716683 -0.0585060  0.0492812 -0.1287059 -0.1335130  0.1799045  0.3068048  0.0028856 -0.0561492 -0.0448866 
 0.0000000  0.0000000  0.4822317  0.0000000  0.0000000 -0.2011314 -0.1762530 -0.0850707  0.0154040 -0.2344234  0.1317671  0.1644924 -0.1395094  0.0620953 -0.3938975  0.1614548  0.0154126  0.3990699 -0.0472709  0.0724588 -0.1109020 -0.3906254  0.1759246  0.1474005 
 0.0000000  0.0000000  0.4822317  0.0000000  0.0000000  0.1013319 -0.1379967 -0.1334056  0.0832799  0.1454978 -0.0424205 -0.3016235 -0.0332538 -0.3838963 -0.2406556 -0.2132490 -0.0321044 -0.0457938  0.1156805  0.0530207 -0.1036330  0.1918078 -0.4825705 -0.2187811 
 0.0000000  0.0000000  0.0000000  0.3888172 -0.0934145 -0.3524630 -0.2516384 -0.0984280 -0.3200039  0.1721271 -0.0854057 -0.2089778  0.1445757  0.3873516  0.0534689 -0.2696727  0.3882174  0.0271157  0.1167953 -0.0387969 -0.0459383 -0.1151262 -0.0268316 -0.1750841 
 0.0000000  0.0000000  0.0000000  0.3888172  0.0934145  0.0948883 -0.1549329 -0.2997052  0.2398048 -0.0056762  0.4956589  0.1992667 -0.3134610  0.0396095  0.3044570  0.0399840 -0.0409123  0.0080161  0.3764324 -0.0333157 -0.0822416  0.1670423 -0.0025036  0.0315941 
 0.0000000  0.0000000  0.0000000  0.4822317  0.0000000 -0.0111228  0.1014022  0.1035201  0.3474610 -0.0523306 -0.3623141 -0.2757993 -0.1403996 -0.0577036 -0.1787680  0.1119805 -0.0756074  0.1038069 -0.1047549 -0.2582127 -0.1165961  0.2490274  0.4043982 -0.1212404 
 0.0000000  0.0000000  0.0000000  0.4822317  0.0000000 -0.0060141  0.1108233  0.1391831  0.1546321  0.2500949  0.0371318  0.1117534  0.2762725 -0.2006044 -0.0724248  0.0488928 -0.0270961 -0.2341429 -0.1042329  0.5879727 -0.0269543 -0.2334266 -0.0056878  0.2094078 
 0.0000000  0.0000000  0.0000000  0.4822317  0.0000000  0.2248160  0.1155876  0.0783065 -0.4374296 -0.3319715 -0.0055995  0.1718758  0.0002972 -0.0859452 -0.0373982  0.0243218 -0.1773240  0.1020096 -0.1886952 -0.2716165  0.2469001 -0.0574601 -0.3750578  0.0275267 
 0.0000000  0.0000000  0.0000000  0.0000000  0.4822317 -0.0308502 -0.3178337  0.4645157 -0.0290263 -0.1406006 -0.0512593 -0.0574554 -0.1066573 -0.0860027  0.1585892  0.4018834  0.3084262 -0.1511767 -0.0034662 -0.0220739 -0.2454836 -0.0484763 -0.1840874 -0.0524813 
 0.0000000  0.0000000  0.0000000  0.0000000  0.4822317 -0.2110991 -0.2111182 -0.0754738 -0.0862299  0.0568730  0.0412480  0.1637149 -0.0133302 -0.2198645  0.1286386 -0.5164767 -0.2695835 -0.0348563 -0.3977526 -0.0829807 -0.1146297  0.0075822  0.2221489 -0.0101737 
 0.0000000  0.0000000  0.0000000  0.0000000  0.4822317 -0.0323703  0.4276285 -0.2707041 -0.0631230 -0.2231497  0.1596054 -0.4899745  0.2566434  0.1334612  0.0382263  0.0991629 -0.1724464  0.0469993  0.1410901  0.0861621 -0.0807789 -0.1641852  0.0010797 -0.0565345 
 0.0000000  0.0000000  0.0000000  0.0000000  0.4822317  0.0065199  0.0231905 -0.1698913  0.1305220  0.2253785 -0.1982273  0.2672632  0.1481061  0.0122039 -0.2350628  0.0607182  0.2974943  0.1856978  0.1504753 -0.0455156  0.5376254  0.1877321 -0.0282135  0.0751467 
::::::::::::::
run.006.024
::::::::::::::
 0.5000000  0.0000000  0.0000000  0.0000000  0.0000000  0.0000000 -0.3551790 -0.0631843 -0.0772995 -0.3165910 -0.0151356  0.1609232 -0.0833444 -0.0883025  0.3638534  0.0097881 -0.0001830  0.4226070  0.2523770  0.0773720 -0.0419448 -0.2384544 -0.1825294 -0.0090742 
 0.5000000  0.0000000  0.0000000  0.0000000  0.0000000  0.0000000 -0.1699807  0.0383917  0.1772541 -0.1077274  0.1347007 -0.1273984  0.1130582 -0.1283590 -0.5453519 -0.1692201 -0.3209842 -0.0396788 -0.2018524 -0.0765933 -0.0575880 -0.0755082  0.3073974 -0.1794556 
 0.5000000  0.0000000  0.0000000  0.0000000  0.0000000  0.0000000  0.2856400  0.2354619 -0.0196873  0.2254996  0.0499285 -0.0453011  0.0498249  0.2806366  0.0459630 -0.1821133  0.2757085 -0.3222518  0.1848181  0.2989211 -0.3177276 -0.0017256 -0.0689035  0.1777443 
 0.5000000  0.0000000  0.0000000  0.0000000  0.0000000  0.0000000  0.2395197 -0.2106694 -0.0802673  0.1988188 -0.1694936  0.0117764 -0.0795387 -0.0639751  0.1355355  0.3415453  0.0454587 -0.0606764 -0.2353427 -0.2996997  0.4172604  0.3156882 -0.0559645  0.0107855 
 0.0000000  0.5000000  0.0000000  0.0000000  0.0000000  0.0000000 -0.1637626  0.1158919 -0.3588565 -0.1696298 -0.2046056 -0.4159697 -0.0961337 -0.1289518 -0.1453158  0.2026732  0.0462056 -0.0764517  0.3218396 -0.1072138 -0.1202651  0.2136022  0.1636725  0.1982609 
 0.0000000  0.5000000  0.0000000  0.0000000  0.0000000  0.0000000 -0.0667767 -0.2308594  0.4919213  0.0785841  0.2058214  0.0014892  0.0888509  0.1747675  0.1805307  0.1245284 -0.1051623 -0.1511770 -0.0294909 -0.2491264 -0.0395210 -0.3063326 -0.0135328  0.3503560 
 0.0000000  0.5000000  0.0000000  0.0000000  0.0000000  0.0000000  0.0009485 -0.0677690  0.0709785  0.0579986  0.0278911  0.0824139 -0.1040490  0.0720941 -0.0707464 -0.4045910  0.2117208  0.0222718  0.1461007  0.2560773  0.5340516  0.0390285  0.0170216 -0.3541825 
 0.0000000  0.5000000  0.0000000  0.0000000  0.0000000  0.0000000  0.2295908  0.1827365 -0.2040433  0.0330471 -0.0291070  0.3320666  0.1113319 -0.1179099  0.0355315  0.0773894 -0.1527641  0.2053569 -0.4384494  0.1002630 -0.3742655  0.0537019 -0.1671613 -0.1944344 
 0.0000000  0.0000000  0.5000000  0.0000000  0.0000000  0.0000000 -0.1824772  0.3125815 -0.1956215 -0.2378349  0.4210908  0.3271984 -0.0765633  0.0201667  0.0247272  0.1872101  0.1333238 -0.3137519 -0.1225136 -0.0149272  0.2037594 -0.0019046  0.1292021  0.0905268 
 0.0000000  0.0000000  0.5000000  0.0000000  0.0000000  0.0000000 -0.0937980 -0.1050299 -0.2262801  0.1795208 -0.1262912 -0.2370291  0.1460679  0.4269964 -0.1870282  0.0225268 -0.3415621  0.1558878 -0.0397471  0.1524802  0.1426064 -0.1102818 -0.3617483  0.0793920 
 0.0000000  0.0000000  0.5000000  0.0000000  0.0000000  0.0000000 -0.0769802 -0.0418158  0.2787770 -0.0964150 -0.3940872 -0.2440735 -0.1851222 -0.2155134  0.1730955 -0.2670682  0.3093128 -0.0280437 -0.3603378 -0.0069245 -0.1768247 -0.0026949  0.0279538  0.0049781 
 0.0000000  0.0000000  0.5000000  0.0000000  0.0000000  0.0000000  0.3532554 -0.1657358  0.1431245  0.1547291  0.0992876  0.1539042  0.1156176 -0.2316497 -0.0107945  0.0573313 -0.1010745  0.1859078  0.5225985 -0.1306285 -0.1695410  0.1148813  0.2045923 -0.1748968 
 0.0000000  0.0000000  0.0000000  0.5000000  0.0000000  0.0000000 -0.3316511  0.0872570 -0.0979334  0.2723363 -0.3406282  0.3176507  0.0330176  0.0937382  0.1835799 -0.2358885 -0.2555133 -0.2640723  0.1047059 -0.2284415 -0.0623750  0.0789046  0.1371298 -0.0734368 
 0.0000000  0.0000000  0.0000000  0.5000000  0.0000000  0.0000000  0.0780259 -0.3852682 -0.0741098  0.0157112  0.2964735 -0.0640281 -0.4805230 -0.2094786 -0.0464305 -0.0027800 -0.1760217 -0.0621446 -0.0734003  0.3632550 -0.0915724  0.0845873 -0.0565828  0.1728249 
 0.0000000  0.0000000  0.0000000  0.5000000  0.0000000  0.0000000  0.3156242  0.1501779 -0.1889378 -0.0888602  0.0835603 -0.3304397  0.1576752 -0.0431822  0.1054388  0.0497321  0.1527936  0.0283516 -0.0372845 -0.2153461  0.1169687 -0.5314123  0.0335201 -0.2421297 
 0.0000000  0.0000000  0.0000000  0.5000000  0.0000000  0.0000000 -0.0619990  0.1478332  0.3609810 -0.1991873 -0.0394056  0.0768170  0.2898301  0.1589226 -0.2425883  0.1889363  0.2787414  0.2978653  0.0059789  0.0805326  0.0369787  0.3679204 -0.1140671  0.1427416 
 0.0000000  0.0000000  0.0000000  0.0000000  0.5000000  0.0000000 -0.0408933  0.0222563  0.1966479 -0.1735031 -0.0828900 -0.1560879  0.2636538 -0.1696103  0.2340180  0.2473344 -0.2379615 -0.3797272  0.0729439  0.3430621  0.0537641  0.0851870 -0.1420834 -0.2818490 
 0.0000000  0.0000000  0.0000000  0.0000000  0.5000000  0.0000000  0.1569329  0.1479178 -0.0957328  0.0657542 -0.0297999  0.0076663  0.1067254 -0.0393602  0.1582795 -0.2175784 -0.1337595  0.3204830 -0.1140331  0.1322530  0.2102960 -0.0110880  0.4368144  0.4663426 
 0.0000000  0.0000000  0.0000000  0.0000000  0.5000000  0.0000000 -0.1742599 -0.3752261 -0.1497910  0.0856224  0.0454503  0.0689762 -0.1001902  0.3756738 -0.1208137  0.1852350  0.3496657  0.0716736 -0.0825393 -0.0725035 -0.2636200 -0.0530265  0.2381387 -0.2714405 
 0.0000000  0.0000000  0.0000000  0.0000000  0.5000000  0.0000000  0.0582204  0.2050520  0.0488759  0.0221265  0.0672395  0.0794454 -0.2701890 -0.1667033 -0.2714839 -0.2149910  0.0220552 -0.0124294  0.1236285 -0.4028116 -0.0004401 -0.0210725 -0.5328697  0.0869469 
 0.0000000  0.0000000  0.0000000  0.0000000  0.0000000  0.5000000  0.1147334 -0.0349451 -0.0328936 -0.3218344  0.2608824 -0.2021719 -0.0086476  0.3179989  0.2818889 -0.2906220 -0.1706446  0.0291252 -0.0476558 -0.2382488 -0.0916061  0.3792709 -0.0099523 -0.1247534 
 0.0000000  0.0000000  0.0000000  0.0000000  0.0000000  0.5000000 -0.2539398  0.3612560  0.1708365  0.5275193  0.1431795 -0.1836331 -0.2056920 -0.1116788  0.0681692  0.2521357  0.0269365  0.1996913 -0.0096466  0.0990360  0.0132258 -0.0321462  0.0417288 -0.1298911 
 0.0000000  0.0000000  0.0000000  0.0000000  0.0000000  0.5000000 -0.1331965 -0.3383787 -0.2379936  0.0830470  0.0315572  0.1077922  0.4853999 -0.3579716 -0.1262657 -0.1441166  0.2485545 -0.1320717 -0.0271970  0.0293255  0.0155691 -0.0695813 -0.1358265  0.1917856 
 0.0000000  0.0000000  0.0000000  0.0000000  0.0000000  0.5000000  0.2724028  0.0120678  0.1000508 -0.2887319 -0.4356192  0.2780128 -0.2710603  0.1516515 -0.2237923  0.1826029 -0.1048464 -0.0967449  0.0844993  0.1098873  0.0628112 -0.2775434  0.1040500  0.0628590 
::::::::::::::
run.007.024
::::::::::::::
 0.4810235  0.0000000  0.0000000 -0.0914752  0.0000000  0.0000000  0.0000000 -0.1337993  0.1095559 -0.0370330 -0.3536577  0.0065006  0.3813900 -0.2416517  0.4790940  0.1821870  0.0629576 -0.2443170 -0.0706715  0.0974955  0.1550976  0.0589130  0.1292989  0.1219871 
 0.4810232  0.0000001 -0.0000001  0.0914753  0.0000000  0.0000000  0.0000001 -0.0205371 -0.2356364 -0.1565671  0.2423936 -0.1305005 -0.2269300 -0.0628654 -0.0590034  0.0611406 -0.1988684 -0.4115180  0.4332540 -0.1955763 -0.2413812 -0.0693436 -0.2082923 -0.0046443 
 0.5182822  0.0000001  0.0000000 -0.0000001  0.0000000  0.0000000 -0.0542164  0.1041901 -0.0499857 -0.1538205 -0.0341998 -0.0558986 -0.1815013 -0.1581924 -0.3262449 -0.1526131  0.1419510  0.2829210 -0.2889454  0.2864686  0.2386979  0.1731385 -0.2450471 -0.2944335 
 0.5182824  0.0000000  0.0000000  0.0000000  0.0000000  0.0000000  0.0542164  0.0390513  0.1670022  0.3335027  0.1374653  0.1709841  0.0381450  0.4408180 -0.0636460 -0.0732220 -0.0158107  0.3257665 -0.0475713 -0.1954389 -0.1586171 -0.1634577  0.3183616  0.1855263 
 0.0000000  0.4810237  0.0000001  0.0000000 -0.0914750  0.0000000  0.0000000 -0.1721508  0.2151792  0.1543211  0.3066490  0.1456871  0.0183897  0.2022056  0.1088348  0.0710130  0.0408927 -0.2996162 -0.3434455  0.1959598 -0.2838471  0.2718353 -0.2726691 -0.1025421 
