 0.4810235  0.0000000  0.0000000 -0.0914752  0.0000000  0.0000000  0.0000000 -0.1337993  0.1095559 -0.0370330 -0.3536577  0.0065006  0.3813900 -0.2416517  0.4790940  0.1821870  0.0629576 -0.2443170 -0.0706715  0.0974955  0.1550976  0.0589130  0.1292989  0.1219871 
 0.4810232  0.0000001 -0.0000001  0.0914753  0.0000000  0.0000000  0.0000001 -0.0205371 -0.2356364 -0.1565671  0.2423936 -0.1305005 -0.2269300 -0.0628654 -0.0590034  0.0611406 -0.1988684 -0.4115180  0.4332540 -0.1955763 -0.2413812 -0.0693436 -0.2082923 -0.0046443 
 0.5182822  0.0000001  0.0000000 -0.0000001  0.0000000  0.0000000 -0.0542164  0.1041901 -0.0499857 -0.1538205 -0.0341998 -0.0558986 -0.1815013 -0.1581924 -0.3262449 -0.1526131  0.1419510  0.2829210 -0.2889454  0.2864686  0.2386979  0.1731385 -0.2450471 -0.2944335 
 0.5182824  0.0000000  0.0000000  0.0000000  0.0000000  0.0000000  0.0542164  0.0390513  0.1670022  0.3335027  0.1374653  0.1709841  0.0381450  0.4408180 -0.0636460 -0.0732220 -0.0158107  0.3257665 -0.0475713 -0.1954389 -0.1586171 -0.1634577  0.3183616  0.1855263 
 0.0000000  0.4810237  0.0000001  0.0000000 -0.0914750  0.0000000  0.0000000 -0.1721508  0.2151792  0.1543211  0.3066490  0.1456871  0.0183897  0.2022056  0.1088348  0.0710130  0.0408927 -0.2996162 -0.3434455  0.1959598 -0.2838471  0.2718353 -0.2726691 -0.1025421 
 0.0000000  0.4810234  0.0000000  0.0000001  0.0914751 -0.0000001  0.0000000  0.1527225 -0.0748423 -0.3266022 -0.3207583  0.3424033  0.2844317  0.0899559 -0.0474971 -0.4073696 -0.2799604  0.0812348  0.1492010 -0.0454162 -0.0676252 -0.1203814 -0.1374116 -0.0090318 
 0.0000000  0.5182822 -0.0000001  0.0000000  0.0000000  0.0000000 -0.0542165 -0.1688090 -0.0357105 -0.0018733  0.1618140 -0.3960140  0.1327997 -0.2012351  0.0366075  0.1474506  0.2868044  0.4266998  0.1971192 -0.2579149  0.0791617  0.0207629 -0.1240851  0.2065057 
-0.0000001  0.5182820  0.0000000  0.0000000  0.0000000  0.0000001  0.0542165  0.1868408 -0.0945378  0.1617692 -0.1487193 -0.0569883 -0.4138517 -0.0699231 -0.0935357  0.1647258 -0.0649230 -0.2240176 -0.0168386  0.1181937  0.2470440 -0.1613292  0.5046858 -0.1029525 
 0.0000001  0.0000000  0.4495179  0.0000000  0.0000000 -0.0914752  0.0315056 -0.0664926 -0.0099056 -0.0278091  0.1895060 -0.1889153  0.1258258 -0.0748378 -0.0001982  0.0766514 -0.3959664  0.2066121  0.0999809  0.6293617 -0.1463021 -0.1457766  0.0867949  0.1691512 
 0.0000000  0.0000001  0.4495176  0.0000001  0.0000001  0.0914753  0.0315056  0.1371002  0.5170800  0.1496464 -0.0994550  0.1942020 -0.1524092 -0.3672309 -0.0824039 -0.1844048  0.3066319 -0.0536523  0.3028684 -0.0432510 -0.1974704  0.0473905 -0.0044528 -0.0419648 
 0.0000000 -0.0000001  0.5177961  0.0000000  0.0000000  0.0000000 -0.0547024  0.1076508  0.0338377 -0.2160167 -0.2589983 -0.1536401 -0.0804405  0.5653329 -0.0833410  0.2307386  0.1181674 -0.1272404  0.0093483 -0.0978452  0.2361833  0.1723208 -0.1688902  0.1968219 
 0.0000000  0.0000000  0.5724987  0.0000000  0.0000000  0.0000000  0.0000001 -0.1528047 -0.4288305  0.0997113  0.1635440  0.1348086  0.0936273 -0.1642091  0.1402357 -0.1240850 -0.0367322 -0.0050193 -0.3247665 -0.3717099  0.0563094 -0.0786040  0.0880988 -0.2778804 
 0.0000000  0.0000000  0.0000000  0.5724988  0.0000000  0.0000000  0.0000000  0.0823340 -0.0375993  0.3023594 -0.1846942 -0.1680765  0.1433174 -0.1964023 -0.3067847 -0.1260479 -0.0984013 -0.1960752 -0.3006794 -0.0686366 -0.0257721 -0.0431837 -0.1427519  0.4183259 
 0.0000000  0.0000000  0.0000000  0.5724988  0.0000000  0.0000000  0.0000000  0.3370203  0.0582383  0.0250538 -0.0233959 -0.0154003 -0.0306774  0.0302864  0.3837046  0.2008078 -0.2212682  0.2673558  0.1151837 -0.0701512 -0.0521764  0.3413856  0.0329896 -0.3247540 
 0.0000000  0.0000000  0.0000000  0.5724988  0.0000000  0.0000000  0.0000000 -0.4374516  0.0345165 -0.3083137  0.1128515  0.2053672 -0.0154412  0.1375490  0.0090586 -0.0554187  0.3615047 -0.0445648  0.1049771  0.1856156  0.1412990 -0.2777087  0.1637034 -0.0733386 
 0.0000000  0.0000000  0.0000000  0.0000000  0.5724988  0.0000000  0.0000000 -0.2419484 -0.1063145  0.0529116  0.0926131  0.1464350  0.0844294 -0.0313982 -0.2414877 -0.0459133 -0.0712883 -0.0497495  0.1681416  0.0187781  0.1012418  0.6085084  0.2689159  0.1096145 
 0.0000000  0.0000000  0.0000000  0.0000000  0.5724988  0.0000000  0.0000000  0.1946023  0.0460124 -0.0228330 -0.0310726 -0.4666673  0.2011914  0.1497958  0.0436116 -0.1284990  0.2420835 -0.1363858 -0.1057312  0.0504404 -0.2875777 -0.2308994  0.0758496 -0.3145862 
 0.0000000  0.0000000  0.0000000  0.0000000  0.5724988  0.0000000  0.0000000 -0.0045628  0.1066423  0.0467642  0.0387079  0.2888005 -0.3281296 -0.1004621  0.2228552  0.2508494 -0.1195286  0.1252821 -0.1411265 -0.0306509  0.1517876 -0.3149398 -0.3663773  0.1900305 
 0.0000000  0.0000000  0.0000000  0.0000000  0.0000000  0.5724988  0.0000000 -0.1474955 -0.1564242 -0.1412112 -0.1645155 -0.1532689 -0.3965157  0.0260466  0.3056036 -0.3089036  0.0169877  0.1106334 -0.1471677  0.0684802 -0.2693593  0.1457743  0.1018085  0.2564379 
 0.0000000  0.0000000  0.0000000  0.0000000  0.0000000  0.5724988  0.0000000  0.2704983 -0.2416934  0.3372800  0.2093314  0.1233556  0.2600044  0.1029987  0.0474449 -0.0193643  0.1645565 -0.0884689  0.2550010  0.2354232  0.3070557 -0.0737809 -0.1777542 -0.0187213 
 0.0000000  0.0000000  0.0000000  0.0000000  0.0000000  0.5724988  0.0000000 -0.1555334  0.3139145 -0.2244231  0.0013549 -0.0313021  0.1809685 -0.0823259 -0.3399136  0.3699800 -0.2938071  0.0194212 -0.1402512 -0.1964319 -0.0295205 -0.1028581  0.0905254 -0.2039840 
 0.0000000  0.0000000  0.0000000  0.0000000  0.0000000  0.0000000  0.5724988  0.2258487  0.2558773 -0.2899112  0.4087256 -0.1323584  0.0240725 -0.0436139  0.1278326 -0.2713813 -0.0840276 -0.1148174 -0.1293570 -0.1142747  0.3285146  0.0548315  0.0784577  0.1659826 
 0.0000000  0.0000000  0.0000000  0.0000000  0.0000000  0.0000000  0.5724988  0.1814798 -0.3295621 -0.1464111 -0.1020851  0.2372195  0.0676027 -0.0822964 -0.1416554  0.3867249  0.3026763  0.0925480 -0.0741213  0.0746930 -0.3709637  0.0403760  0.0204057  0.1033987 
 0.0000000  0.0000000  0.0000000  0.0000000  0.0000000  0.0000000  0.5724988 -0.4284400  0.0340294  0.3473296 -0.3231925 -0.1734247 -0.0669304  0.1350933 -0.0021384 -0.0965211 -0.1541922  0.0592603  0.1796057  0.0079972  0.1056625 -0.0242073 -0.2324334 -0.2737209 
