 0.7062304 -0.0009646 -0.1832875  0.0003412  0.0322094  0.0003422 -0.0139370 -0.0022543 -0.0004621  0.0001675 -0.0001528  0.0008249 -0.0007319  0.0001318  0.2398036 -0.1200510  0.2093188 -0.0950746  0.2869210 -0.4637889  0.0335261  0.2075704 
 0.7079564 -0.0000209  0.1834964 -0.0005261 -0.0321312 -0.0003440  0.0139305  0.0008406  0.0005885  0.0014081 -0.0003283 -0.0000710  0.0007476 -0.0000360 -0.2364652  0.1200849 -0.2065519  0.0932081 -0.2887282  0.4613121 -0.0385650 -0.2110654 
 0.0006632  0.7046339 -0.1864849  0.0004598 -0.0313270 -0.0000763 -0.0132646 -0.0004057 -0.0029761 -0.0014447  0.0000303 -0.0002371  0.0000071  0.0001017 -0.3993169  0.1897381  0.3481470  0.1540917 -0.1099353 -0.2019069  0.1868072 -0.1984718 
 0.0003500  0.7095570  0.1849419 -0.0006601  0.0312622  0.0000082  0.0131246 -0.0002564  0.0001951 -0.0007114  0.0008013  0.0000207 -0.0000024 -0.0001521  0.3951584 -0.1897787 -0.3477697 -0.1512433  0.1110016  0.1996799 -0.1829068  0.1988498 
-0.0004306  0.0000066  0.9293797  0.0000916  0.0000908  0.0000800 -0.0107768 -0.0000124 -0.0005548 -0.0002510 -0.0005399 -0.0000807 -0.0003117  0.0000724 -0.0646809  0.0295428  0.2222688  0.0232202  0.0691035 -0.2616721  0.0886732  0.0051712 
 0.0001458 -0.0001049 -0.0001261  0.7079392 -0.2325074 -0.0000684 -0.0002451 -0.0000722 -0.0001115 -0.0000618 -0.0004296 -0.0001571 -0.0000897 -0.0000879 -0.0004871 -0.0271534 -0.0272195  0.3294767 -0.3545129 -0.1487863 -0.1938877  0.3864189 
 0.0000492  0.0003089  0.0005194  0.7062704  0.2330446 -0.0001245  0.0002348  0.0003801  0.0007730 -0.0004176 -0.0001668 -0.0001774  0.0000750  0.0000701  0.0007103  0.0278401  0.0269787 -0.3304168  0.3556777  0.1510786  0.1949095 -0.3858382 
 0.0000318 -0.0001816 -0.0000643  0.0000161  0.9421258  0.0000163 -0.0000484  0.0000206 -0.0000273  0.0000592 -0.0000040 -0.0000604  0.0000052 -0.0000309 -0.0426803  0.0075549 -0.0039208  0.1791267 -0.2028068 -0.0555674 -0.0864861  0.1634635 
 0.0000089  0.0000002 -0.0000099  0.0000556 -0.0000420  0.7072802 -0.2351995 -0.0000045  0.0000254  0.0000534  0.0000231  0.0000379 -0.0000054  0.0000068  0.1741927 -0.4322113  0.3027351  0.1765255 -0.1048422  0.2267827  0.1920107 -0.0720139 
-0.0000120  0.0000705  0.0000627  0.0001385  0.0000038  0.7069326  0.2353097 -0.0000123  0.0000214 -0.0000176  0.0000917  0.0000097  0.0000124  0.0000051 -0.1743013  0.4323859 -0.3030539 -0.1765267  0.1043664 -0.2267915 -0.1927629  0.0710592 
-0.0000104  0.0000017 -0.0000145  0.0000163 -0.0000051  0.0000146  0.9425799  0.0000034 -0.0000219 -0.0000117  0.0000010  0.0000024 -0.0000313 -0.0000039  0.0817584 -0.2139260  0.1692480  0.0900051 -0.0460873  0.0908625  0.1038624 -0.0343674 
 0.0009436 -0.0010067  0.0013407  0.0005861  0.0005272 -0.0002296 -0.0001054  0.7062053  0.0004907 -0.1838409 -0.0000897  0.0387895  0.0049204  0.0001315 -0.1021210 -0.3094534 -0.3528982  0.2462846  0.0758624 -0.2755688 -0.0203173 -0.3040622 
 0.0004531  0.0016704 -0.0021607 -0.0008872 -0.0005689  0.0002456  0.0000410  0.7080005 -0.0003414  0.1839907 -0.0006452 -0.0382031 -0.0049049 -0.0001040  0.1034603  0.3080928  0.3534784 -0.2464061 -0.0755441  0.2721987  0.0189699  0.3032206 
 0.0040734 -0.0009376 -0.0008709 -0.0011721  0.0000944  0.0004822 -0.0006205  0.0011203  0.7061826 -0.1690292 -0.0026925 -0.0414812 -0.0019087 -0.0080916 -0.2136188 -0.0068291 -0.1633258  0.1099151  0.2184759  0.1306855  0.4341301  0.3649672 
-0.0041884  0.0037019  0.0004873  0.0005116 -0.0004421 -0.0005270  0.0005607 -0.0012696  0.7080221  0.1687609  0.0027959  0.0413129  0.0018961  0.0080710  0.2116746  0.0077901  0.1653175 -0.1090221 -0.2185346 -0.1320336 -0.4322378 -0.3637371 
 0.0003970  0.0002645  0.0003020  0.0003486  0.0003593  0.0000620 -0.0002443 -0.0000363  0.0000292  0.9355715 -0.0007922  0.0002085  0.0012436 -0.0028715 -0.1172691 -0.1240758 -0.1976238  0.1360860  0.1090108 -0.0610965  0.1490280  0.0121670 
 0.0003021 -0.0004806  0.0003555  0.0000744  0.0000292 -0.0000706  0.0002280  0.0005760  0.0000047  0.0000868  0.7067514 -0.2330095 -0.0000949  0.0005017  0.1456878  0.2231391  0.0884615  0.4419829  0.3443881  0.1342048 -0.1732199 -0.0734732 
 0.0002117 -0.0003705  0.0001916  0.0005159 -0.0001500 -0.0000400 -0.0002760  0.0001693 -0.0001156 -0.0002036  0.7074496  0.2323799  0.0000779 -0.0005669 -0.1477679 -0.2226721 -0.0890789 -0.4404041 -0.3425827 -0.1332499  0.1767961  0.0763497 
-0.0002001  0.0000407  0.0000412  0.0000078  0.0000493  0.0000201  0.0000921 -0.0001593  0.0000410  0.0000517  0.0000366  0.9409111 -0.0006118 -0.0004559  0.0619471  0.1350873  0.0582982  0.2077996  0.1826026  0.1004853 -0.0468490  0.0196058 
-0.0000001  0.0000000  0.0000000  0.0000004 -0.0000001 -0.0000001  0.0000001  0.0000000  0.0000002  0.0000000 -0.0000001  0.0000000  0.7070562 -0.2356957 -0.3788370 -0.2587602  0.1472353 -0.0925984  0.2100056  0.1161579 -0.3605608  0.1272517 
 0.0000003 -0.0000001  0.0000000  0.0000000  0.0000000 -0.0000002  0.0000003  0.0000001  0.0000002  0.0000000 -0.0000003  0.0000000  0.7071159  0.2356356  0.3798680  0.2631114 -0.1422427  0.0897001 -0.2092656 -0.1125137  0.3628657 -0.1205558 
 0.0000000  0.0000000  0.0000000  0.0000000  0.0000000  0.0000000  0.0000000  0.0000000  0.0000000  0.0000000  0.0000000  0.0000000  0.0000000  0.9427532 -0.1937038 -0.1311051  0.0688070 -0.0437049  0.1084731  0.0593235 -0.1728758  0.0684861 
