 0.7071068 -0.1979127  0.0685847  0.0000001  0.0000000  0.0000000  0.0250221  0.4309029 -0.5194452 
 0.7071068  0.1979126 -0.0685847  0.0000001  0.0000000  0.0000000 -0.0250221 -0.4309029  0.5194452 
 0.0000000  0.9600319  0.0282778  0.0000000  0.0000000  0.0000000  0.0103167  0.1776631 -0.2141695 
 0.0000000  0.0000000  0.9948832  0.0000000  0.0000000  0.0000000 -0.0037432 -0.0644605  0.0777059 
 0.0000000  0.0000000  0.0000000  0.7071069 -0.1979126 -0.0685847  0.0250221  0.5188524  0.4316164 
 0.0000000  0.0000000  0.0000000  0.7071067  0.1979127  0.0685847 -0.0250221 -0.5188524 -0.4316166 
 0.0000000  0.0000000  0.0000000  0.0000000  0.9600319 -0.0282778  0.0103167  0.2139251  0.1779573 
 0.0000000  0.0000000  0.0000000  0.0000000  0.0000000  0.9948832  0.0037432  0.0776171  0.0645672 
 0.0000000  0.0000000  0.0000000  0.0000000  0.0000000  0.0000000  0.9986264 -0.0521732  0.0048247 
