 0.4720907 -0.0018469 -0.0007402 -0.0028621 -0.0061245  0.0232936 -0.0567184  0.0732750 -0.1180871 -0.2620334 -0.1560648 -0.2710965  0.1398371  0.3133471 -0.3516091 -0.1799197 -0.0541979 -0.2508015  0.3065762 -0.1225460 -0.0786782 -0.1056103  0.0743654  0.3134775 -0.1332965 
 0.4777644 -0.0007504  0.0003817  0.0006244 -0.0076340  0.0285436  0.0492323 -0.1224505 -0.0703195  0.4286550  0.1101009 -0.3487056 -0.1437458  0.3206665  0.1455801  0.1450487  0.1362899  0.1426939 -0.2964085 -0.0241821 -0.1676192 -0.1226242  0.1217676 -0.2748783  0.0664926 
 0.5016000  0.0009091  0.0015690  0.0014045 -0.0030214 -0.0504280  0.0066178 -0.1732089  0.1206751 -0.1577756 -0.0062794 -0.1997119  0.2309540 -0.4749950  0.2439642  0.1060244 -0.1148866  0.0739200 -0.1324355  0.0956731  0.2450381  0.2825275 -0.2237998  0.1973788  0.1114880 
 0.5452226  0.0014218 -0.0005729  0.0014091  0.0147712  0.0007104  0.0000337  0.2033677  0.0533948 -0.0028944  0.0448251  0.7242298 -0.2066651 -0.1147763 -0.0477660 -0.0692838  0.0328990  0.0244733  0.1163027  0.0388568 -0.0101585 -0.0607432  0.0343096 -0.2122495 -0.0454985 
 0.0000000  0.4242908  0.0000000  0.0000000 -0.1413251  0.0000000  0.0000000  0.0841580  0.3226491 -0.2269833 -0.0322903 -0.0680775  0.1233232  0.0035527 -0.2604757 -0.1827809  0.4740837  0.1478381 -0.2005100  0.0640507  0.2189605  0.0153160  0.3213612 -0.1084042  0.2470267 
 0.0000000  0.4244118  0.0000000  0.0000000  0.1412041  0.0000000  0.0000000 -0.0049666 -0.0961362  0.1358292  0.1743796  0.0779780  0.4435025 -0.0191848  0.1795941  0.1153704  0.0863708 -0.3361019  0.0692193  0.5079060 -0.1611802 -0.2059260  0.0168903  0.0036922 -0.2030671 
 0.0000000  0.5656160  0.0000000  0.0000000  0.0000000  0.0000000  0.0000000 -0.1181299 -0.2850418  0.1086223 -0.1633050 -0.0032123 -0.1352413 -0.1553326 -0.0909644 -0.1573381 -0.2335002 -0.2035701 -0.2351166 -0.4039695  0.2269319 -0.0423771 -0.1636817 -0.1839252 -0.2063997 
 0.0000000  0.5656160  0.0000000  0.0000000  0.0000000  0.0000000  0.0000000  0.0575679  0.1141977 -0.0410169  0.0550515 -0.0065450 -0.2903580  0.1701770  0.1508592  0.2082925 -0.1861052  0.3437587  0.3335625 -0.0255023 -0.2709041  0.1846838 -0.0891849  0.2639072  0.1724462 
 0.0002460 -0.0006438  0.4251459 -0.0003490  0.0002032  0.1388582  0.0001075 -0.1082283  0.3868662 -0.1109999 -0.3549766  0.0404679 -0.2501903  0.0767733  0.3499901  0.0597431 -0.1482527 -0.3934501 -0.1363502  0.0306991  0.0067893 -0.1790647  0.2477248  0.1023386  0.0616817 
-0.0008506  0.0002271  0.4255038  0.0000742 -0.0001990 -0.1384423 -0.0000567 -0.0673015  0.1660996  0.2721954  0.1343696  0.1976402  0.2901849  0.3768424 -0.0405766 -0.3775534 -0.2359141  0.2438476 -0.1591458  0.0415123  0.1707341  0.1829875 -0.0956790  0.1835838 -0.1355850 
 0.0000913  0.0004656  0.5648085  0.0001906  0.0000144 -0.0000028  0.0000328  0.0055709 -0.3086751  0.0041193  0.1831392 -0.1410173 -0.0985620 -0.4452734 -0.0214329 -0.3390052  0.1247859  0.0826086  0.0836297 -0.0182699 -0.3758075 -0.0426105  0.1421607  0.0346126  0.1212114 
-0.0001803 -0.0001549  0.5649649  0.0001627  0.0000030  0.0000094 -0.0001361  0.1273676 -0.1079486 -0.1258443 -0.0171898 -0.0371780  0.0676249  0.1049253 -0.2128200  0.5776519  0.1645402  0.0292230  0.1398910 -0.0364215  0.2413375  0.0385323 -0.2558011 -0.2500397 -0.0660463 
-0.0006224  0.0008165 -0.0000310  0.4273164 -0.0006703 -0.0002037  0.1357781  0.0436147  0.3022495  0.2057546  0.0664964 -0.1141062  0.2704568 -0.0670341  0.1009682 -0.1384690 -0.1310157 -0.1124371  0.4513962 -0.2791939  0.0547186 -0.1435635 -0.0741308 -0.3367108  0.2914303 
-0.0000478 -0.0007390  0.0000858  0.4267415  0.0003054 -0.0009312 -0.1360343 -0.2885780 -0.3098206 -0.0694859 -0.3123477  0.1801786  0.0481629  0.1624927  0.3722459 -0.1008676  0.4777792  0.1553038  0.1082309 -0.0903859  0.0777201  0.0060692 -0.0918386  0.1370013 -0.0473650 
-0.0000615  0.0000489 -0.0001352  0.5642752 -0.0001810 -0.0000575  0.0001317  0.1075969 -0.2001885 -0.2318863  0.3346989  0.0407749 -0.1843954  0.1454715 -0.1279291  0.0195232 -0.1951852 -0.1640154 -0.3397750  0.2051314  0.0757127 -0.1042030 -0.1304983  0.1260929  0.3442803 
-0.0001754 -0.0001236 -0.0000597  0.5629148  0.0004068  0.0012234 -0.0002480  0.0779921  0.2055008  0.1274100 -0.1505156 -0.0930504 -0.0563323 -0.2152744 -0.2328123  0.1608923 -0.0674576  0.1300183 -0.0823256  0.0739353 -0.1771829  0.2077914  0.2576090  0.0273589 -0.5313000 
 0.0000000  0.0000000  0.0000000  0.0000000  0.5656161  0.0000000  0.0000000 -0.0615763 -0.1627624  0.1459403  0.1359629  0.1414524  0.1216618 -0.0294456 -0.0489013  0.2421554 -0.0201721 -0.0480064  0.0211732 -0.2887021  0.2027895  0.1466158  0.5263405  0.2193865  0.1975081 
 0.0000000  0.0000000  0.0000000  0.0000000  0.5656161  0.0000000  0.0000000  0.0601400  0.1397598 -0.4204337  0.2342898 -0.1693983 -0.1374747  0.1460755  0.2298167 -0.2419148  0.0703440 -0.0157112 -0.0146657 -0.0254591 -0.0358630  0.2090373 -0.0993746 -0.3266991 -0.2781229 
 0.0000000  0.0000000  0.0000000  0.0000000  0.5656161  0.0000000  0.0000000  0.0168363  0.1248346  0.1863365 -0.4226597 -0.0363402 -0.0575228 -0.1026385 -0.2901801 -0.0727289  0.0459375  0.1834392 -0.0777734  0.2011008 -0.0730994 -0.3004095 -0.3508026  0.0850768  0.1950650 
 0.0000933  0.0002583  0.0000416  0.0000500  0.0000156  0.5648546 -0.0000403  0.3975828 -0.1362118  0.3103443 -0.1034856 -0.1205935 -0.1446685  0.0215404  0.0735180 -0.1780912  0.0925436 -0.1519738  0.1184343  0.2255768  0.2623177  0.3892019 -0.0408317  0.0409053  0.0635011 
-0.0000569  0.0000188 -0.0000443 -0.0000484  0.0002420  0.5650008  0.0001558 -0.2365267  0.2129254 -0.0209778  0.1799316  0.1870706  0.1856114  0.0057770 -0.1711231  0.0871729  0.1834828 -0.1399858 -0.2040199 -0.3188193 -0.3822941  0.1229566 -0.2647610  0.1092349  0.0220053 
 0.0001788  0.0001299 -0.0000768  0.0000084 -0.0000069  0.5651214 -0.0000830 -0.1635566 -0.1128507 -0.2205582  0.0437687 -0.0175157  0.1144043 -0.0245051  0.0319613 -0.0072182 -0.3114010  0.4579737  0.0707977  0.1100840  0.1942225 -0.3879242  0.1912154 -0.1112935 -0.1205088 
 0.0000652 -0.0003427 -0.0000734 -0.0000883  0.0000602  0.0002911  0.5646710 -0.4943497  0.0801257  0.0852901  0.2134686 -0.0164042 -0.3368552 -0.0208067 -0.1921049 -0.0474834  0.1708183 -0.1065810  0.2448136  0.1782690  0.2426594 -0.0137639 -0.0378276  0.1264727 -0.1241682 
 0.0000271 -0.0002117  0.0000291 -0.0001023  0.0001162  0.0000827  0.5650214 -0.0670019 -0.2398781 -0.1828493 -0.3756057  0.1077347  0.2220317  0.1239250 -0.0377145 -0.0097372 -0.1901279  0.0167176 -0.0899880  0.1262101 -0.2672625  0.3351001  0.1068475 -0.2672727  0.1984937 
-0.0001014  0.0000493  0.0000115  0.0000033  0.0001433 -0.0001793  0.5650414  0.5012331  0.0054208 -0.0302427  0.0457705 -0.0151752  0.0851568 -0.0388732  0.2440792  0.0343807  0.1499147  0.1160185 -0.1787798 -0.2702501  0.0343058 -0.2884798 -0.0737485  0.3077610 -0.1766907 
