 0.7070935 -0.2155658  0.0000034  0.0000004 -0.0000001 -0.0000024  0.0000007 -0.0000019 -0.0000007 -0.0000029 -0.0000060 -0.0000006  0.0000043  0.0000022  0.0542981  0.2393109 -0.0571108 -0.1619338 -0.4467676 -0.2357079 -0.2308281  0.2353868 
 0.7071201  0.2155573  0.0000001 -0.0000009  0.0000006  0.0000005  0.0000003 -0.0000002  0.0000021  0.0000013  0.0000007  0.0000012 -0.0000019 -0.0000011 -0.0542957 -0.2392983  0.0571135  0.1619258  0.4467539  0.2357017  0.2308178 -0.2353751 
 0.0000003  0.9524004  0.0000003 -0.0000007 -0.0000001 -0.0000001  0.0000006 -0.0000012 -0.0000001  0.0000003  0.0000001 -0.0000001  0.0000009  0.0000000  0.0245785  0.1083282 -0.0258523 -0.0732987 -0.2022365 -0.1066963 -0.1044844  0.1065490 
-0.0000039  0.0000003  0.7071079 -0.2155629  0.0000006  0.0000007  0.0000005  0.0000004 -0.0000045 -0.0000021  0.0000036  0.0000009  0.0000003 -0.0000020  0.0542918  0.0042905  0.3558391  0.1207177  0.2523153 -0.2427211  0.0425743  0.4300949 
 0.0000004  0.0000003  0.7071056  0.2155639  0.0000027 -0.0000028 -0.0000008  0.0000003  0.0000036  0.0000014 -0.0000031 -0.0000016  0.0000007  0.0000013 -0.0542913 -0.0042910 -0.3558433 -0.1207127 -0.2523132  0.2427252 -0.0425761 -0.4300950 
-0.0000006  0.0000010 -0.0000002  0.9523995 -0.0000003  0.0000001  0.0000008 -0.0000006 -0.0000003 -0.0000008  0.0000003 -0.0000006 -0.0000001 -0.0000016  0.0245759  0.0019449  0.1610775  0.0546455  0.1142195 -0.1098764  0.0192718  0.1946921 
-0.0000022  0.0000009 -0.0000040 -0.0000012  0.7071015 -0.2155602 -0.0000004 -0.0000019 -0.0000021 -0.0000027 -0.0000009  0.0000005 -0.0000023  0.0000021  0.0542989  0.1785651 -0.2747777 -0.0959903  0.2230324  0.3827787 -0.1380371  0.3444899 
 0.0000018 -0.0000009  0.0000007  0.0000009  0.7071120  0.2155572 -0.0000001  0.0000023  0.0000015  0.0000034 -0.0000008 -0.0000009 -0.0000003 -0.0000029 -0.0542980 -0.1785622  0.2747735  0.0959892 -0.2230282 -0.3827749  0.1380351 -0.3444831 
 0.0000005 -0.0000002  0.0000005  0.0000002 -0.0000002  0.9524016 -0.0000008  0.0000000  0.0000002 -0.0000003  0.0000002  0.0000002 -0.0000004  0.0000001  0.0245786  0.0808297 -0.1243859 -0.0434524  0.1009557  0.1732669 -0.0624810  0.1559367 
-0.0000036 -0.0000006  0.0000020 -0.0000005  0.0000007  0.0000028  0.7071076 -0.2155609  0.0000004  0.0000019  0.0000005 -0.0000010 -0.0000004  0.0000011 -0.0542992  0.3326383  0.3849758 -0.3203169  0.1198598  0.1273935 -0.1166606 -0.2119464 
 0.0000026  0.0000000 -0.0000017 -0.0000002 -0.0000002 -0.0000018  0.7071060  0.2155613  0.0000028 -0.0000019  0.0000001 -0.0000005  0.0000002  0.0000018  0.0542994 -0.3326388 -0.3849775  0.3203207 -0.1198593 -0.1273927  0.1166565  0.2119448 
 0.0000001  0.0000007  0.0000003  0.0000006 -0.0000001  0.0000001  0.0000001  0.9524006 -0.0000015  0.0000003  0.0000001  0.0000001  0.0000000  0.0000001 -0.0245790  0.1505762  0.1742663 -0.1449990  0.0542559  0.0576690 -0.0528085 -0.0959386 
-0.0000005  0.0000019  0.0000019 -0.0000012  0.0000001 -0.0000017 -0.0000006  0.0000010  0.7071021 -0.2155688  0.0000012 -0.0000001  0.0000026  0.0000021 -0.0542936 -0.3043492 -0.1394893 -0.4974652  0.1888647 -0.2287249 -0.0465519  0.0296569 
-0.0000010 -0.0000027 -0.0000010 -0.0000008  0.0000005  0.0000003 -0.0000026  0.0000004  0.7071115  0.2155655 -0.0000007  0.0000005  0.0000015  0.0000001  0.0542944  0.3043448  0.1394939  0.4974583 -0.1888605  0.2287227  0.0465451 -0.0296496 
 0.0000014 -0.0000002  0.0000012 -0.0000001 -0.0000007 -0.0000015  0.0000005  0.0000007  0.0000003  0.9523978 -0.0000014  0.0000003 -0.0000004 -0.0000004 -0.0245770 -0.1377715 -0.0631476 -0.2251928  0.0854944 -0.1035390 -0.0210706  0.0134299 
 0.0000032 -0.0000009 -0.0000015 -0.0000026  0.0000004 -0.0000002 -0.0000023  0.0000010  0.0000003  0.0000025  0.7071135 -0.2155542  0.0000000  0.0000002 -0.0542995  0.2176965 -0.2141693  0.2036944  0.2904912 -0.3095316 -0.3160162 -0.1891178 
 0.0000021 -0.0000014  0.0000010  0.0000042  0.0000014  0.0000000  0.0000017 -0.0000009 -0.0000009  0.0000000  0.7071000  0.2155584 -0.0000022  0.0000010  0.0543010 -0.2177008  0.2141708 -0.2036991 -0.2905043  0.3095393  0.3160157  0.1891195 
-0.0000002 -0.0000002 -0.0000001 -0.0000004  0.0000000  0.0000001  0.0000002  0.0000002  0.0000000  0.0000001 -0.0000001  0.9524027  0.0000000 -0.0000001 -0.0245796  0.0985430 -0.0969461  0.0922041  0.1314944 -0.1401140 -0.1430479 -0.0856072 
-0.0000006 -0.0000012  0.0000003 -0.0000015  0.0000009 -0.0000031  0.0000023  0.0000002  0.0000015 -0.0000010  0.0000038  0.0000006  0.7071141 -0.2155570 -0.0542947  0.3369213 -0.1854634 -0.0985157  0.0584272 -0.1631821  0.5126998  0.0074658 
-0.0000018  0.0000019 -0.0000014  0.0000014  0.0000018  0.0000030 -0.0000021 -0.0000004 -0.0000056  0.0000018 -0.0000016  0.0000000  0.7070994  0.2155611  0.0542957 -0.3369300  0.1854683  0.0985189 -0.0584244  0.1631901 -0.5127078 -0.0074665 
-0.0000006  0.0000000  0.0000009  0.0000002  0.0000003 -0.0000003 -0.0000012 -0.0000001  0.0000000  0.0000003  0.0000003  0.0000001  0.0000002  0.9524015 -0.0245777  0.1525134 -0.0839503 -0.0445928  0.0264486 -0.0738705  0.2320841  0.0033785 
 0.0000000  0.0000000  0.0000000  0.0000000  0.0000000  0.0000000  0.0000000  0.0000000  0.0000000  0.0000000  0.0000000  0.0000000  0.0000000  0.0000000  0.9769841  0.0197024 -0.0218175 -0.0705042  0.0770889 -0.0586268  0.0440819 -0.1683571 
