 0.7071068  0.0000000  0.0000000 -0.1732226 -0.0577409  0.0000000  0.0000000  0.0000000  0.0000000  0.0000000 -0.0964757 -0.5405491  0.1624826  0.0834389  0.3459687  0.1100096 
 0.7071068  0.0000000  0.0000000  0.1732226  0.0577409  0.0000000  0.0000000  0.0000000  0.0000000  0.0000000  0.0964757  0.5405491 -0.1624826 -0.0834389 -0.3459687 -0.1100096 
 0.0000000  0.7071068  0.0000000 -0.1732226  0.0577409  0.0000000  0.0000000  0.0000000  0.0000000  0.0000000  0.2067924  0.3281129 -0.0717643 -0.0118623  0.5528783 -0.0726194 
 0.0000000  0.7071068  0.0000000  0.1732226 -0.0577409  0.0000000  0.0000000  0.0000000  0.0000000  0.0000000 -0.2067924 -0.3281129  0.0717643  0.0118623 -0.5528783  0.0726194 
 0.0000000  0.0000000  0.7071068  0.0000000 -0.2309634  0.0000000  0.0000000  0.0000000  0.0000000  0.0000000  0.4894467 -0.0586070  0.3914374 -0.0805845 -0.0993324 -0.1846050 
 0.0000000  0.0000000  0.7071068  0.0000000  0.2309634  0.0000000  0.0000000  0.0000000  0.0000000  0.0000000 -0.4894467  0.0586070 -0.3914374  0.0805845  0.0993324  0.1846050 
 0.0000000  0.0000000  0.0000000  0.9380702  0.0000000  0.0000000  0.0000000  0.0000000  0.0000000  0.0000000  0.0407418 -0.0784563  0.0335038  0.0264345  0.3319593  0.0138088 
 0.0000000  0.0000000  0.0000000  0.0000000  0.9380702  0.0000000  0.0000000  0.0000000  0.0000000  0.0000000  0.2036806 -0.1357966  0.2215897 -0.0279495 -0.0743852 -0.0684210 
 0.0000000  0.0000000  0.0000000  0.0000000  0.0000000  0.7071068  0.0000000  0.0000000 -0.1732226 -0.0577409  0.2810285 -0.1621735 -0.3232994 -0.4079804 -0.0201814  0.3000081 
 0.0000000  0.0000000  0.0000000  0.0000000  0.0000000  0.7071068  0.0000000  0.0000000  0.1732226  0.0577409 -0.2810285  0.1621735  0.3232994  0.4079804  0.0201814 -0.3000081 
 0.0000000  0.0000000  0.0000000  0.0000000  0.0000000  0.0000000  0.7071068  0.0000000 -0.1732226  0.0577409  0.0492951  0.2007658  0.2669569  0.2156797 -0.0257099  0.5527009 
 0.0000000  0.0000000  0.0000000  0.0000000  0.0000000  0.0000000  0.7071068  0.0000000  0.1732226 -0.0577409 -0.0492951 -0.2007658 -0.2669569 -0.2156797  0.0257099 -0.5527009 
 0.0000000  0.0000000  0.0000000  0.0000000  0.0000000  0.0000000  0.0000000  0.7071068  0.0000000 -0.2309634  0.2887528 -0.1126570 -0.2997497  0.5053438 -0.0713691 -0.0164419 
 0.0000000  0.0000000  0.0000000  0.0000000  0.0000000  0.0000000  0.0000000  0.7071068  0.0000000  0.2309634 -0.2887528  0.1126570  0.2997497 -0.5053438  0.0713691  0.0164418 
 0.0000000  0.0000000  0.0000000  0.0000000  0.0000000  0.0000000  0.0000000  0.0000000  0.9380702  0.0000000  0.1219941  0.0142528 -0.0208082 -0.0710199 -0.0169484  0.3149198 
 0.0000000  0.0000000  0.0000000  0.0000000  0.0000000  0.0000000  0.0000000  0.0000000  0.0000000  0.9380702  0.1707161 -0.1001547 -0.2202674  0.1720666 -0.0344632 -0.0392042 
