 0.5391639  0.0000000  0.0000000  0.0000000  0.0000000  0.0000000  0.0000000 -0.1078328 -0.0084490  0.1896797 -0.2417329 -0.1078374  0.2251454 -0.1503216  0.1244965  0.0958384 -0.2217926  0.1085736 -0.3602854  0.0419462  0.5391574  0.0924831  0.0424317 
 0.5391639  0.0000000  0.0000000  0.0000000  0.0000000  0.0000000  0.0000000  0.1078328 -0.1977779 -0.0693277 -0.0627310  0.4569258 -0.3379267  0.1688306  0.0958309 -0.1499538  0.0985288 -0.0706206 -0.1314978 -0.1239873 -0.2677797 -0.1408459  0.3574415 
 0.6469966  0.0000000  0.0000000  0.0000000  0.0000000  0.0000000  0.0000000  0.0000000  0.1718557 -0.1002933  0.2537200 -0.2909070  0.0939845 -0.0154241 -0.1836062  0.0450962  0.1027198 -0.0316275  0.4098193  0.0683676 -0.2261481  0.0403024 -0.3332277 
 0.0000000  0.5391639  0.0000000  0.0000000  0.0000000  0.0000000  0.0000000 -0.1078328 -0.2579801  0.3825803  0.2332555  0.1318461  0.2502392  0.1427754 -0.2002868  0.3614704  0.2742372  0.1255072 -0.0260807 -0.0153983 -0.0853381  0.1891349  0.1557281 
 0.0000000  0.5391639  0.0000000  0.0000000  0.0000000  0.0000000  0.0000000  0.1078328  0.0642520 -0.4199581  0.0734539  0.0278608  0.1065323  0.0570342 -0.0328896 -0.1042390 -0.3039109 -0.5094109  0.1199410  0.1389482  0.2251288  0.0682709  0.2087160 
 0.0000000  0.6469966  0.0000000  0.0000000  0.0000000  0.0000000  0.0000000  0.0000000  0.1614401  0.0311482 -0.2555911 -0.1330891 -0.2973096 -0.1665080  0.1943137 -0.2143595  0.0247281  0.3199197 -0.0782169 -0.1029582 -0.1164922 -0.2145049 -0.3037035 
 0.0000000  0.0000000  0.5391639  0.0000000  0.0000000  0.0000000  0.0000000 -0.1078328  0.2525889 -0.1776577  0.0272104  0.0952568  0.0151645  0.6169310  0.0408681 -0.0597695 -0.0314726  0.3071386  0.0474796 -0.1923105  0.1885364  0.1810089 -0.0595643 
 0.0000000  0.0000000  0.5391639  0.0000000  0.0000000  0.0000000  0.0000000  0.1078328 -0.3633825 -0.0043543  0.3450370  0.0243359 -0.1214370 -0.3470599  0.1042334 -0.2336617 -0.0540104 -0.0122218 -0.2111999  0.2362424 -0.0698479  0.3157184 -0.1930461 
 0.0000000  0.0000000  0.6469966  0.0000000  0.0000000  0.0000000  0.0000000  0.0000000  0.0923280  0.1516766 -0.3102062 -0.0996606  0.0885604 -0.2248926 -0.1209180  0.2445260  0.0712359 -0.2457640  0.1364336 -0.0366100 -0.0989071 -0.4139394  0.2105086 
 0.0000000  0.0000000  0.0000000  0.5391639  0.0000000  0.0000000  0.0000000 -0.1078328  0.3297580 -0.1195124  0.0197572  0.1721920 -0.1549469 -0.4220593 -0.2715779 -0.0236447  0.1826895  0.0753862  0.0367760 -0.2623046  0.1162670  0.3280848  0.1943756 
 0.0000000  0.0000000  0.0000000  0.5391639  0.0000000  0.0000000  0.0000000  0.1078328  0.1719492  0.1184156 -0.1405217  0.0296831  0.2834757  0.2407384 -0.0481263 -0.0354854 -0.2059933 -0.1753331 -0.4055514  0.1629940 -0.4284159  0.0198130 -0.2083814 
 0.0000000  0.0000000  0.0000000  0.6469966  0.0000000  0.0000000  0.0000000  0.0000000 -0.4180893  0.0009140  0.1006371 -0.1682293 -0.1071073  0.1511007  0.2664201  0.0492751  0.0194198  0.0832891  0.3073129  0.0827588  0.2601240 -0.2899149  0.0116715 
 0.0000000  0.0000000  0.0000000  0.0000000  0.5391639  0.0000000  0.0000000 -0.1078328  0.2295673  0.0170607  0.0790916 -0.1756092 -0.0570975 -0.0503198  0.3504421  0.1348103 -0.1857557  0.2219559  0.0920558  0.2998984 -0.2621294  0.1548486  0.4312071 
 0.0000000  0.0000000  0.0000000  0.0000000  0.5391639  0.0000000  0.0000000  0.1078328 -0.0662888 -0.0572354  0.0922829 -0.2502675 -0.2840387  0.1620439 -0.5529401 -0.0417595  0.1171483 -0.0120388 -0.3266280  0.0756423  0.1934435 -0.2007025 -0.0212954 
 0.0000000  0.0000000  0.0000000  0.0000000  0.6469966  0.0000000  0.0000000  0.0000000 -0.1360655  0.0334789 -0.1428120  0.3548972  0.2842802 -0.0931034  0.1687484 -0.0775424  0.0571729 -0.1749309  0.1954769 -0.3129506  0.0572383  0.0382116 -0.3415931 
 0.0000000  0.0000000  0.0000000  0.0000000  0.0000000  0.5391639  0.0000000 -0.1078328 -0.0750087  0.0778038  0.0254999  0.2777572  0.1292753 -0.0947216 -0.3591073 -0.2141113 -0.4370203  0.3295734  0.2073739  0.1431843 -0.0289229 -0.2057624  0.0377308 
 0.0000000  0.0000000  0.0000000  0.0000000  0.0000000  0.5391639  0.0000000  0.1078328 -0.0587062 -0.3603801  0.2072428 -0.1493186  0.0308049 -0.0797405  0.1839293  0.4387827 -0.0553028  0.0110133 -0.2781948 -0.4067706 -0.1076728 -0.0771238 -0.0431857 
 0.0000000  0.0000000  0.0000000  0.0000000  0.0000000  0.6469966  0.0000000  0.0000000  0.1114291  0.2354803 -0.1939523 -0.1070322 -0.1334002  0.1453851  0.1459817 -0.1872262  0.4102692 -0.2838223  0.0590174  0.2196552  0.1138298  0.2357384  0.0045457 
 0.0000000  0.0000000  0.0000000  0.0000000  0.0000000  0.0000000  0.5391639 -0.1078328 -0.2477201 -0.0308721 -0.1111011 -0.4069280  0.2446180  0.0255320 -0.0649297 -0.4121871  0.0074217  0.0251668 -0.0016961 -0.3367735 -0.1696743  0.1158515  0.2578754 
 0.0000000  0.0000000  0.0000000  0.0000000  0.0000000  0.0000000  0.5391639  0.1078328  0.1897190  0.4455171  0.2339670  0.0838150 -0.3726301  0.0531479  0.0353052  0.1734916 -0.3522645 -0.2135464  0.0820511 -0.1704380  0.0929743  0.0197376 -0.1178936 
 0.0000000  0.0000000  0.0000000  0.0000000  0.0000000  0.0000000  0.6469966  0.0000000  0.0483342 -0.3455375 -0.1023883  0.2692608  0.1066767 -0.0655665  0.0246871  0.1989129  0.2873689  0.1569829 -0.0669625  0.4226762  0.0639166 -0.1129909 -0.1166515 
 0.0000000  0.0000000  0.0000000  0.0000000  0.0000000  0.0000000  0.0000000  0.6469966 -0.2016414 -0.0455515 -0.4475151 -0.0668237 -0.0995441  0.0321477 -0.1567307  0.2284574 -0.1371053  0.1965129  0.2206481  0.0120944 -0.0388790  0.3721118 -0.0006525 
 0.0000000  0.0000000  0.0000000  0.0000000  0.0000000  0.0000000  0.0000000  0.6469966  0.2821400  0.1599524  0.3280567  0.0274309  0.3241471 -0.0633441  0.1291577 -0.2559188  0.1944573  0.1660638 -0.0295309 -0.0511592  0.1488899 -0.2303149  0.1802240 
