::::::::::::::
run.001.004
::::::::::::::
 0.5000000 -0.1227043 -0.5574004 -0.6513436 
 0.5000000 -0.7263077  0.4523847  0.1335111 
 0.5000000  0.2042673 -0.4369504  0.7192699 
 0.5000000  0.6447447  0.5419661 -0.2014375 
::::::::::::::
run.002.004
::::::::::::::
 0.7071068  0.0000000 -0.4736678  0.5250132 
 0.7071068  0.0000000  0.4736678 -0.5250132 
 0.0000000  0.7071068 -0.5250132 -0.4736678 
 0.0000000  0.7071068  0.5250132  0.4736678 
::::::::::::::
run.003.004
::::::::::::::
 0.7071068 -0.2033894  0.0821239 -0.6722265 
 0.7071068  0.2033894 -0.0821239  0.6722265 
 0.0000000  0.9577398  0.0348803 -0.2855133 
 0.0000000  0.0000000  0.9926201  0.1212655 
