 0.2041241 -0.0878694  0.4439118  0.0036416 -0.3900349 -0.1670639  0.2883176 -0.2279938 -0.1894587 -0.1270150  0.0318202 -0.0679297  0.4726693  0.1267740 -0.1174078 -0.0345002  0.0664305 -0.0912198 -0.0456976  0.1495040  0.0908947  0.2498212  0.1026707 -0.0888301 
 0.2041241  0.3186189 -0.1808735 -0.2080076  0.0573563 -0.2138812  0.1681605  0.4565931  0.0536400 -0.3220954 -0.1903613 -0.0456518  0.0406021  0.0958096  0.3239533  0.0825738 -0.0337848 -0.0010760 -0.2983528  0.0359474  0.1350140  0.2109064 -0.1178124 -0.2438591 
 0.2041241  0.1671093 -0.0759653 -0.2460425 -0.0698257  0.2169863 -0.0939027 -0.2967801 -0.1591450 -0.2001047  0.4857064  0.0482853  0.0164905 -0.1229086  0.1677783  0.0528227 -0.1625685 -0.1581388 -0.0780077  0.2476738  0.0898105 -0.3592329 -0.3189826 -0.0871087 
 0.2041241  0.1237204  0.0017281  0.3063325 -0.1103386  0.0672007 -0.2489816 -0.1225154 -0.1045770 -0.2556832 -0.1797557 -0.1212467 -0.2951960  0.2080924 -0.3027072 -0.1347725 -0.0262503 -0.2625304  0.0025387 -0.1844517 -0.1748820  0.2390640 -0.4445319 -0.0542772 
 0.2041241 -0.3373062 -0.1015421 -0.0687368  0.1590839 -0.0169840 -0.2414086 -0.2274181  0.1765333  0.2000943  0.2174853 -0.2983461 -0.0167538  0.0645710  0.2992602  0.2291195  0.2118535 -0.1773069  0.0382504 -0.1947977  0.0878531  0.3306826  0.0684463 -0.3200495 
 0.2041241  0.2793592  0.0435344  0.1958784  0.1780159  0.3908246  0.0632376  0.0577638 -0.0670623  0.0288722 -0.0317135 -0.4756221  0.1453747 -0.1146412 -0.2876590  0.1891476 -0.2083666  0.1967782 -0.0393207 -0.1296070  0.0783530 -0.1472941  0.2701582 -0.2481983 
 0.2041241  0.0149026 -0.0043993  0.1807627 -0.4552391 -0.2351616  0.0216208  0.0623655  0.4363185 -0.0830352  0.2312575 -0.0060410 -0.2131399  0.1393017 -0.0031272  0.3493279 -0.2705107  0.2355856  0.2033374 -0.0992479  0.0887420 -0.0971903  0.0406849  0.1483526 
 0.2041241 -0.3019655 -0.0744424 -0.2196689  0.2521500  0.0026128  0.1850556 -0.0962963 -0.0223522  0.0257592 -0.1532769 -0.2359474  0.1202517  0.1886180  0.1131297 -0.1455805 -0.5794303 -0.0309941  0.0345675 -0.0951800 -0.0516327  0.0375072 -0.1079524  0.4233331 
 0.2041241  0.1799642 -0.1221939 -0.0559607  0.1237653 -0.5269861  0.1014933 -0.3848473 -0.0052075 -0.1731391 -0.0248297 -0.1288683 -0.0780548 -0.1967467  0.0003938 -0.2534297  0.1910074  0.1140000 -0.0289756 -0.2877571 -0.2195939 -0.2760112  0.2061151 -0.0132505 
 0.2041241  0.1944337 -0.1657290  0.0632535  0.0860632  0.0976171 -0.2859658 -0.1623143  0.1668291  0.0046760 -0.2554373  0.0999123  0.4453350  0.3250179  0.0572226  0.2818561  0.3006992  0.0904721 -0.0194704  0.1656936 -0.1897214 -0.1400869 -0.0225292  0.3027819 
 0.2041241  0.2267726  0.2672280  0.0045387  0.0839804 -0.1382965  0.0623266  0.1196559 -0.0493319  0.2192256 -0.1040393 -0.2450325 -0.1363443 -0.4687540  0.1229725  0.2107517  0.1306166 -0.1854003  0.3265896  0.2722387 -0.0849133  0.1202562 -0.1778554  0.2938794 
 0.2041241 -0.2314681  0.1157040 -0.0379293  0.2340181 -0.3558179 -0.3969780  0.3820121 -0.1106085 -0.0024992  0.3033062  0.0995180  0.1961682 -0.1207654 -0.3978968  0.0879311 -0.0788406  0.0303639 -0.2159417  0.0031956 -0.1114138 -0.0328492 -0.0510266  0.0435964 
 0.2041241  0.0564166 -0.0918573 -0.0167483 -0.2158093  0.1901357  0.2372531  0.1460094  0.2050339  0.2693708  0.0961462  0.0851376 -0.0068948 -0.0878008 -0.0870938 -0.0341036  0.1169219 -0.5258260 -0.4232429 -0.2700471 -0.1043987 -0.0976920  0.1480240  0.2322170 
 0.2041241 -0.0631170 -0.3578370  0.6631301  0.0783500 -0.0109184  0.1469030  0.0096945 -0.1993512  0.0406764  0.1638268  0.2256848  0.2036052 -0.2236023  0.2183337 -0.1462558 -0.0285761  0.0956733  0.0292389 -0.0102743  0.1733450  0.1612166 -0.0654105  0.0877405 
 0.2041241  0.1477525 -0.0876936 -0.1132351  0.0657535 -0.1459924 -0.1435078  0.0565210 -0.1798489  0.1454069 -0.1332936  0.1664530 -0.0462380  0.2284504 -0.1597616 -0.0966337  0.0074645 -0.3057334  0.3621190 -0.0602695  0.6181532 -0.1690356  0.1985604  0.0028103 
 0.2041241 -0.0914567 -0.3247751 -0.0629080 -0.1162330 -0.0332029  0.0253219 -0.0039030  0.3820134  0.2371003 -0.0981297 -0.0957780  0.0154898 -0.0742579 -0.2764735 -0.3800266 -0.0470781  0.0435996  0.0505196  0.5384553 -0.0686505  0.0252606 -0.0398779 -0.2723109 
 0.2041241  0.1337252  0.1130281 -0.0070268  0.0470982 -0.1070577  0.0721125 -0.2121427 -0.2287245  0.4848278 -0.1609552  0.4111968 -0.2115266  0.1132772  0.0527803  0.2414174 -0.2874964  0.1220950 -0.1765397  0.0332037 -0.2279308  0.0580041  0.0139047 -0.2782010 
 0.2041241 -0.0007089 -0.1451899 -0.0752495 -0.1763564  0.1348082 -0.1048434  0.2003757 -0.4163278 -0.0494687  0.2187571 -0.1405795 -0.2855268  0.2536495  0.1293258 -0.1413158  0.1164795  0.1166606  0.0577358  0.2203171 -0.2848513  0.1319622  0.4425836  0.1781457 
 0.2041241  0.0904851  0.4890513  0.1080741  0.0047693  0.1058766 -0.1883511  0.2062680  0.1802866  0.2044228  0.0609108 -0.0073920  0.0647018  0.1495898  0.3642477 -0.4987121  0.0413487  0.1694549  0.0297797 -0.1504263 -0.0173802 -0.2122005 -0.1300163 -0.0886238 
 0.2041241 -0.0090707 -0.0234337 -0.2177836  0.2411658  0.1738621  0.4742277  0.0979969  0.0351263  0.0047328  0.2634782  0.1891414 -0.0269709  0.1837068 -0.2616272  0.0341576  0.3260461  0.2230630  0.3141746 -0.1784941 -0.0933212  0.0882525 -0.2694985 -0.0330082 
 0.2041241 -0.1387509 -0.1046358 -0.2648017 -0.3139016  0.2218383 -0.2005478  0.0996096 -0.0567342 -0.1504858 -0.2667935  0.2589811  0.2092491 -0.4053946  0.0668844  0.0009031 -0.1050764  0.0368364  0.3292359 -0.3027307 -0.2026482  0.0560114  0.0709452 -0.1474076 
 0.2041241 -0.5459985  0.0424031  0.1541429 -0.0524190  0.0214665  0.1757209  0.1289841 -0.1708202 -0.1050354 -0.3181908 -0.0831684 -0.1939614  0.0262938  0.0737101  0.1867172  0.2254727 -0.0070380 -0.0889281  0.1131972  0.0458797 -0.5033960 -0.1127225 -0.1308673 
 0.2041241 -0.0495512  0.0616415 -0.2018199 -0.0904382  0.1550886 -0.1411052 -0.1841846  0.0011813  0.0308208 -0.1309340  0.0293358 -0.2227611 -0.2151714 -0.1083990 -0.0641682  0.1746346  0.4424244 -0.3722920 -0.0323016  0.4396653  0.2160443 -0.0682907  0.2898458 
 0.2041241 -0.0759971  0.2823374  0.1161643  0.3790260  0.1730451  0.0238410 -0.1054539  0.3225877 -0.4274244 -0.0249842  0.3379573 -0.1965692 -0.0731091  0.0121608 -0.0172270 -0.0809965 -0.1717431  0.0086819  0.2161588 -0.0163723  0.1099993  0.3644136  0.0032894 
