 0.7071068  0.0000000  0.0000000  0.0000000  0.0000000  0.0000000  0.0000000  0.0000000  0.0000000 -0.1292195 -0.3341151 -0.2121995  0.1249941  0.1078996  0.1664177 -0.4159439 -0.3136950 -0.0039851  0.0158225 
 0.7071068  0.0000000  0.0000000  0.0000000  0.0000000  0.0000000  0.0000000  0.0000000  0.0000000  0.1292195  0.3341151  0.2121995 -0.1249941 -0.1078996 -0.1664177  0.4159439  0.3136950  0.0039851 -0.0158225 
 0.0000000  0.7071068  0.0000000  0.0000000  0.0000000  0.0000000  0.0000000  0.0000000  0.0000000 -0.1292195 -0.1910142 -0.0265224 -0.4616194  0.1683419  0.3113903  0.0502352  0.2368662 -0.0477556 -0.2163501 
 0.0000000  0.7071068  0.0000000  0.0000000  0.0000000  0.0000000  0.0000000  0.0000000  0.0000000  0.1292195  0.1910142  0.0265224  0.4616194 -0.1683419 -0.3113903 -0.0502352 -0.2368662  0.0477556  0.2163501 
 0.0000000  0.0000000  0.7071068  0.0000000  0.0000000  0.0000000  0.0000000  0.0000000  0.0000000 -0.1292195  0.0036118 -0.0147087  0.2442768  0.2397882 -0.2215340 -0.0780232  0.1993702  0.2794407 -0.4392071 
 0.0000000  0.0000000  0.7071068  0.0000000  0.0000000  0.0000000  0.0000000  0.0000000  0.0000000  0.1292195 -0.0036118  0.0147087 -0.2442768 -0.2397882  0.2215340  0.0780232 -0.1993702 -0.2794407  0.4392071 
 0.0000000  0.0000000  0.0000000  0.7071068  0.0000000  0.0000000  0.0000000  0.0000000  0.0000000 -0.1292195 -0.2259832  0.1543332 -0.2453221 -0.0646132 -0.3715737  0.1826835 -0.3781512 -0.0210508 -0.1708087 
 0.0000000  0.0000000  0.0000000  0.7071068  0.0000000  0.0000000  0.0000000  0.0000000  0.0000000  0.1292195  0.2259832 -0.1543332  0.2453221  0.0646132  0.3715737 -0.1826835  0.3781512  0.0210508  0.1708087 
 0.0000000  0.0000000  0.0000000  0.0000000  0.7071068  0.0000000  0.0000000  0.0000000  0.0000000 -0.1292195 -0.1200429 -0.2217597 -0.1174664  0.2818973 -0.2649796  0.0856314  0.1468350  0.1884120  0.4379996 
 0.0000000  0.0000000  0.0000000  0.0000000  0.7071068  0.0000000  0.0000000  0.0000000  0.0000000  0.1292195  0.1200429  0.2217597  0.1174664 -0.2818973  0.2649796 -0.0856314 -0.1468350 -0.1884120 -0.4379996 
 0.0000000  0.0000000  0.0000000  0.0000000  0.0000000  0.7071068  0.0000000  0.0000000  0.0000000 -0.1292195 -0.1171518  0.5115330 -0.0442179 -0.1374253  0.0409409 -0.2460698  0.1204387  0.2811433  0.1769103 
 0.0000000  0.0000000  0.0000000  0.0000000  0.0000000  0.7071068  0.0000000  0.0000000  0.0000000  0.1292195  0.1171518 -0.5115330  0.0442179  0.1374253 -0.0409409  0.2460698 -0.1204387 -0.2811433 -0.1769103 
 0.0000000  0.0000000  0.0000000  0.0000000  0.0000000  0.0000000  0.7071068  0.0000000  0.0000000 -0.1292195  0.3794603 -0.2209282 -0.3181283 -0.2104417 -0.1290233 -0.3243732 -0.0434273  0.1353741 -0.0541713 
 0.0000000  0.0000000  0.0000000  0.0000000  0.0000000  0.0000000  0.7071068  0.0000000  0.0000000  0.1292195 -0.3794603  0.2209282  0.3181283  0.2104417  0.1290233  0.3243732  0.0434273 -0.1353741  0.0541713 
 0.0000000  0.0000000  0.0000000  0.0000000  0.0000000  0.0000000  0.0000000  0.7071068  0.0000000 -0.1292195 -0.2976735 -0.2375595  0.1055429 -0.5008694 -0.0559078  0.0875214  0.2531774  0.0173703 -0.0325982 
 0.0000000  0.0000000  0.0000000  0.0000000  0.0000000  0.0000000  0.0000000  0.7071068  0.0000000  0.1292195  0.2976735  0.2375595 -0.1055429  0.5008694  0.0559078 -0.0875214 -0.2531774 -0.0173703  0.0325982 
 0.0000000  0.0000000  0.0000000  0.0000000  0.0000000  0.0000000  0.0000000  0.0000000  0.7071068 -0.1292195 -0.0115924  0.1140942  0.0175017  0.0688039 -0.2592703 -0.2539789  0.2261185 -0.5308115  0.0222120 
 0.0000000  0.0000000  0.0000000  0.0000000  0.0000000  0.0000000  0.0000000  0.0000000  0.7071068  0.1292195  0.0115924 -0.1140942 -0.0175017 -0.0688039  0.2592703  0.2539789 -0.2261185  0.5308115 -0.0222120 
 0.0000000  0.0000000  0.0000000  0.0000000  0.0000000  0.0000000  0.0000000  0.0000000  0.0000000  0.8363263 -0.2825964 -0.0475014 -0.2145933 -0.0144059 -0.2421271 -0.2819216  0.1382952  0.0921295 -0.0804035 
