 0.7071068  0.0000000  0.0000000  0.0000000  0.0000000  0.0000000  0.0000000 -0.1639343  0.0251314 -0.0151930 -0.0801885  0.3408338 -0.0728595 -0.0109159 -0.2662847 -0.5211683 -0.0413955 
 0.7071068  0.0000000  0.0000000  0.0000000  0.0000000  0.0000000  0.0000000  0.1639343 -0.0251314  0.0151930  0.0801885 -0.3408338  0.0728595  0.0109159  0.2662847  0.5211683  0.0413955 
 0.0000000  0.7071068  0.0000000  0.0000000  0.0000000  0.0000000  0.0000000 -0.1639343 -0.0251314 -0.0151930 -0.4943220 -0.1669308  0.2774380  0.2110710  0.2331495 -0.1483362  0.0464532 
 0.0000000  0.7071068  0.0000000  0.0000000  0.0000000  0.0000000  0.0000000  0.1639343  0.0251314  0.0151930  0.4943220  0.1669308 -0.2774380 -0.2110710 -0.2331495  0.1483362 -0.0464532 
 0.0000000  0.0000000  0.7071068  0.0000000  0.0000000  0.0000000  0.0000000 -0.1759475  0.0000000  0.0283113  0.1962814  0.1264010  0.5708195 -0.0451756 -0.1337548  0.1150510 -0.2339542 
 0.0000000  0.0000000  0.7071068  0.0000000  0.0000000  0.0000000  0.0000000  0.1759475  0.0000000 -0.0283113 -0.1962814 -0.1264010 -0.5708195  0.0451756  0.1337548 -0.1150510  0.2339542 
 0.0000000  0.0000000  0.0000000  0.7071068  0.0000000  0.0000000  0.0000000  0.0000000 -0.2042587  0.0000000  0.0791542 -0.3256199  0.0926112  0.1773437 -0.4508337 -0.0464769  0.3170898 
 0.0000000  0.0000000  0.0000000  0.7071068  0.0000000  0.0000000  0.0000000  0.0000000  0.2042587  0.0000000 -0.0791542  0.3256199 -0.0926112 -0.1773437  0.4508337  0.0464769 -0.3170898 
 0.0000000  0.0000000  0.0000000  0.0000000  0.7071068  0.0000000  0.0000000  0.0000000 -0.2042587  0.0000000 -0.1733014  0.2872659 -0.1410634  0.4170837 -0.1614957  0.3116298 -0.1693270 
 0.0000000  0.0000000  0.0000000  0.0000000  0.7071068  0.0000000  0.0000000  0.0000000  0.2042587  0.0000000  0.1733014 -0.2872659  0.1410634 -0.4170837  0.1614957 -0.3116298  0.1693270 
 0.0000000  0.0000000  0.0000000  0.0000000  0.0000000  0.7071068  0.0000000  0.0000000  0.0000000 -0.2042587 -0.3807566 -0.0151936 -0.0140673 -0.4344570 -0.2790926  0.2113883 -0.0392871 
 0.0000000  0.0000000  0.0000000  0.0000000  0.0000000  0.7071068  0.0000000  0.0000000  0.0000000  0.2042587  0.3807566  0.0151936  0.0140673  0.4344570  0.2790926 -0.2113883  0.0392871 
 0.0000000  0.0000000  0.0000000  0.0000000  0.0000000  0.0000000  0.7071068  0.0000000  0.0000000 -0.2042587  0.0280323  0.3634801  0.1400106 -0.0162621  0.1230575  0.1154358  0.5263447 
 0.0000000  0.0000000  0.0000000  0.0000000  0.0000000  0.0000000  0.7071068  0.0000000  0.0000000  0.2042587 -0.0280323 -0.3634801 -0.1400106  0.0162621 -0.1230575 -0.1154358 -0.5263447 
 0.0000000  0.0000000  0.0000000  0.0000000  0.0000000  0.0000000  0.0000000  0.9113655  0.0000000  0.0000000 -0.1308954  0.1113683  0.2940021  0.0545638 -0.0635657 -0.1964346 -0.0885145 
 0.0000000  0.0000000  0.0000000  0.0000000  0.0000000  0.0000000  0.0000000  0.0000000  0.9113655  0.0000000 -0.0650412 -0.0451959 -0.0023993  0.2786935 -0.2469308  0.1394163  0.0710793 
 0.0000000  0.0000000  0.0000000  0.0000000  0.0000000  0.0000000  0.0000000  0.0000000  0.0000000  0.9113655 -0.1894575  0.1540635  0.0278101 -0.1925537 -0.0627370  0.1170281  0.2330265 
