::::::::::::::
run.001.018
::::::::::::::
 0.2357023  0.2377594 -0.0981833 -0.3881229 -0.0867112 -0.1171268 -0.1869307 -0.1263214 -0.0461767  0.0402946 -0.4261595  0.3294117  0.1594968 -0.3256896 -0.3563388  0.2037099 -0.0689923  0.2384744 
 0.2357023  0.1858023 -0.1018060 -0.2853902 -0.1617617  0.2668816 -0.3363995  0.1804124 -0.0685743  0.2030104  0.4373020 -0.2422117  0.0635125  0.2128997 -0.0488713  0.3319577 -0.3080779 -0.1494400 
 0.2357023 -0.0257410 -0.4342298 -0.1677410 -0.0723630 -0.6344810  0.2212687 -0.0501090 -0.0271249 -0.1165865  0.1627137 -0.3866814 -0.1094815 -0.2127603  0.1338549  0.0175729 -0.0050087 -0.0445577 
 0.2357023  0.1706007  0.1253864 -0.1941395  0.2438882 -0.2314092 -0.4028253  0.0591417  0.2668307  0.0329341 -0.1882165  0.0661698 -0.3453563  0.3122845  0.2738209 -0.4028669 -0.1294209  0.0148752 
 0.2357023 -0.1197159  0.1077826  0.1767436 -0.0954587  0.2781807 -0.0873254 -0.3217851  0.0374171 -0.0307859 -0.1613913 -0.5054674 -0.4816159 -0.0688503 -0.2651523  0.0487758  0.0453208  0.3070239 
 0.2357023 -0.1581136  0.1436231 -0.3597901  0.0986924  0.0461453  0.4549470 -0.1747275  0.3576897  0.4237982  0.1512978  0.1498472 -0.0733207  0.1861978 -0.0602348  0.1277786  0.3266826 -0.0194233 
 0.2357023 -0.2708916 -0.1410635  0.1055299 -0.2535784  0.0825445  0.1092141  0.1235134  0.3501180  0.0796311 -0.2351635 -0.2008244  0.5343393  0.1577741 -0.0605230 -0.3326071 -0.2727001  0.1345539 
 0.2357023  0.1818538  0.4020480  0.3440533  0.1544233 -0.2254494  0.2538607  0.4356921  0.0689716  0.1558368 -0.1706797 -0.0806256 -0.0903993 -0.1419294 -0.1752141  0.2569086 -0.2615423 -0.2105112 
 0.2357023 -0.1327710  0.0700681 -0.1034576 -0.0929787  0.1769770  0.0345088 -0.0918944 -0.0897808 -0.2718117 -0.4623218 -0.0767126  0.0848370  0.1061345  0.5217447  0.3852928  0.1115005 -0.3293497 
 0.2357023 -0.1536399  0.2516878  0.1037869 -0.1903204 -0.1732185 -0.3797295  0.0486682 -0.2795472  0.3388084  0.0400714 -0.1030833  0.2029798 -0.1797042 -0.0262630 -0.2234283  0.5091904 -0.2130314 
 0.2357023  0.2290869 -0.1759090  0.0664264 -0.3901600  0.2235744  0.0799796  0.1995768  0.2662298 -0.3622550  0.0956082  0.2389767 -0.2404007 -0.1050884 -0.1985164 -0.2242711  0.2334025 -0.3560792 
 0.2357023  0.1246994 -0.1941155  0.4377050 -0.0516444 -0.1031173 -0.1334828  0.1579527  0.1430897 -0.0070308  0.1327397  0.2083501  0.0569723  0.1837177  0.2301582  0.3427932  0.3006345  0.5139534 
 0.2357023 -0.0338505 -0.2688767  0.1149029  0.4582963  0.3760875 -0.0420999 -0.0171256  0.0989231  0.1982996  0.0892382  0.0579014  0.0259076 -0.5799486  0.2889298 -0.1146826 -0.0859004 -0.0530159 
 0.2357023 -0.2969653  0.0983876  0.1810494 -0.3655763 -0.0924761  0.0670593 -0.2827972 -0.2424842  0.1248286  0.1666077  0.4540030 -0.2213495 -0.0228953  0.1603823 -0.0500335 -0.4484379 -0.0053107 
 0.2357023 -0.0435583 -0.0480073 -0.2254134  0.0844386  0.2022603  0.3106583  0.4579661 -0.5789282 -0.0468019 -0.0671003  0.0179753 -0.1183684  0.1292668  0.0230403 -0.2436086  0.0751453  0.3110191 
 0.2357023  0.4829149  0.4340792 -0.0151126  0.0229634  0.0315219  0.1881537 -0.3437595 -0.0566782 -0.2862649  0.2747908 -0.1026536  0.3334624 -0.0631558  0.1457863 -0.1849887 -0.0284056  0.1575319 
 0.2357023  0.1492378 -0.3478746  0.2988565  0.3490533 -0.0200546  0.0481240 -0.3395721 -0.2732494  0.0440675 -0.0945028  0.0617994  0.1078818  0.4188054 -0.3169024 -0.0499592  0.0189893 -0.3038056 
 0.2357023 -0.5267082  0.1770030 -0.0898866  0.3487973 -0.0868403 -0.1989810  0.0851684  0.0732742 -0.5199726  0.2551659  0.1138255  0.1109029 -0.0070587 -0.2697014  0.1116565 -0.0123797  0.0070928 
::::::::::::::
run.002.018
::::::::::::::
 0.3333333  0.0000000 -0.3138455 -0.3188418  0.1511896 -0.1341784  0.1559581  0.0647133  0.2249991  0.3395533 -0.2596822 -0.3070354  0.0690486  0.1201114  0.4206156 -0.3032403 -0.0534604  0.0283833 
 0.3333333  0.0000000 -0.3494704  0.2145457  0.2605358  0.0810466 -0.5047994 -0.0529352 -0.1535608 -0.2184503  0.1596299 -0.3636389  0.0784144 -0.3095634 -0.0899750 -0.0705532  0.2091972 -0.0287405 
 0.3333333  0.0000000  0.2139110  0.0634607  0.1492410  0.0109733 -0.1268033 -0.0289123 -0.3626563  0.0553796 -0.0598824 -0.0738410  0.2313981  0.7122627 -0.2561453  0.0072652 -0.1704819  0.0240836 
 0.3333333  0.0000000  0.0487427  0.3552590 -0.4450951 -0.1490634  0.2942231  0.3675335  0.1360038 -0.1360166 -0.1051192 -0.2892768  0.0417403  0.0197500 -0.0498881  0.2719421  0.2494167  0.2140454 
 0.3333333  0.0000000  0.4350715 -0.3612713 -0.0644430  0.1204285  0.0668219  0.0171229  0.0747392  0.1915763  0.3848051 -0.0170697  0.3734576 -0.2535623 -0.0156244  0.1087312  0.1658035 -0.3342078 
 0.3333333  0.0000000 -0.0278320 -0.3083446  0.0777990 -0.2378945  0.1289813  0.1606047 -0.3291380  0.0937643 -0.0793758  0.2717622 -0.4993312 -0.1868766 -0.3803896 -0.1228880  0.1937142  0.0954212 
 0.3333333  0.0000000 -0.2709861  0.0977321 -0.2260218  0.2970278 -0.2929531  0.1059829  0.1484281  0.2635652 -0.1658540  0.3760913 -0.1248197 -0.0344347  0.0252755  0.3698764 -0.3310387 -0.2128123 
 0.3333333  0.0000000  0.3581336  0.2584414  0.1181792 -0.2281594 -0.0743928 -0.5216981  0.0464857 -0.0349020 -0.0621580  0.2368264 -0.1713136 -0.0646999  0.4414105  0.0908491  0.1047132  0.1979532 
 0.3333333  0.0000000 -0.0937247 -0.0009810 -0.0213847  0.2398194  0.3529641 -0.1124116  0.2146991 -0.5544699  0.1876367  0.1661819  0.0014055 -0.0029871 -0.0952792 -0.3519825 -0.3678638  0.0158738 
 0.0000000  0.3333333  0.2142997  0.2449678  0.1160458 -0.2076993 -0.1807853  0.4667027  0.1330431  0.0830732  0.4252654 -0.0278834 -0.3306530  0.1072814  0.1843993 -0.2238866 -0.1992189 -0.1580125 
 0.0000000  0.3333333  0.1357997  0.1505301  0.1831136  0.1390408  0.1093165 -0.2101741  0.2455446  0.4036151 -0.0251959 -0.2371595 -0.0113337 -0.2444522 -0.4272904  0.0289814 -0.2697423  0.3777060 
 0.0000000  0.3333333 -0.1503895 -0.0960025  0.0398154  0.2313162  0.2577375  0.0847255 -0.5666427 -0.0128242  0.2277685 -0.0308327  0.0339238 -0.1032284  0.3906389  0.2902591 -0.1665647  0.2790672 
 0.0000000  0.3333333 -0.0051568 -0.1188335 -0.0567358 -0.3214765  0.1083079 -0.2744042 -0.0715175 -0.2294996 -0.2028853 -0.3427171 -0.1828933 -0.0447647 -0.0761573  0.2796998 -0.2423395 -0.5352850 
 0.0000000  0.3333333 -0.0064425 -0.0670005  0.5626530  0.2164401  0.1091180  0.1938257  0.3044887 -0.2238222 -0.1945384  0.1826943  0.0114671  0.1682588 -0.0137956  0.2951154  0.3712484 -0.0622486 
 0.0000000  0.3333333 -0.4028835  0.3186359 -0.1094803 -0.1988650  0.2489967 -0.2451342 -0.0522457  0.2626225  0.2221155  0.2975602  0.2438654  0.1159297 -0.1054557 -0.1612479  0.2856380 -0.2241052 
 0.0000000  0.3333333  0.1926561  0.0038693 -0.3492591  0.5447563 -0.0882931 -0.1207111 -0.1116148  0.0300270 -0.2376618 -0.1427291 -0.2599053  0.0865880  0.0831662 -0.3648025  0.3032280 -0.1159409 
 0.0000000  0.3333333  0.1593341  0.0195888 -0.0584274 -0.2141049 -0.1889241  0.2433035 -0.1307995 -0.1480273 -0.4467120  0.2554839  0.4780642 -0.3079467  0.0243787 -0.2497911 -0.1584896  0.0603708 
 0.0000000  0.3333333 -0.1372173 -0.4557554 -0.3277251 -0.1894077 -0.3754741 -0.1381337  0.2497436 -0.1651645  0.2318439  0.0455834  0.0174648  0.2223342 -0.0598842  0.1056724  0.0762405  0.3784482 
::::::::::::::
run.003.018
::::::::::::::
 0.4082483  0.0000000  0.0000000 -0.0151788 -0.1858749 -0.2797427  0.1589994 -0.1767974  0.3088885  0.3883031 -0.2297251  0.2714113  0.0341683 -0.0625037  0.5000057 -0.1821165  0.0472233 -0.0255705 
 0.4082483  0.0000000  0.0000000 -0.1368524 -0.0487653  0.5513151 -0.2536720  0.3772707  0.2609973  0.1015491  0.1119151  0.1133980  0.0128856  0.1442539  0.0698841  0.3941266  0.0097561 -0.1284128 
 0.4082483  0.0000000  0.0000000  0.4020852  0.0780429 -0.1167382  0.1985309 -0.0039195 -0.0105023 -0.3057756  0.4078981  0.1872979 -0.2418919 -0.1100696 -0.0416881  0.0035284 -0.4950169 -0.0047937 
 0.4082483  0.0000000  0.0000000 -0.0143694  0.1035915  0.1691864 -0.0479424 -0.3707065 -0.2638206  0.0640988 -0.1354671 -0.5141829  0.2621856  0.3743594  0.0222447 -0.1256120 -0.2691536  0.0011593 
 0.4082483  0.0000000  0.0000000  0.0719303 -0.2909477 -0.1246650 -0.0141967 -0.0381673 -0.2823181  0.0146192 -0.1278674 -0.1279527 -0.4750306 -0.0433041 -0.3496181  0.0582970  0.4894505 -0.1447324 
 0.4082483  0.0000000  0.0000000 -0.3076150  0.3439535 -0.1993556 -0.0417192  0.2123201 -0.0132447 -0.2627946 -0.0267536  0.0700284  0.4076831 -0.3027359 -0.2008284 -0.1482235  0.2177406  0.3023501 
 0.0000000  0.4082483  0.0000000  0.0895518 -0.0325267 -0.2892750  0.0398228  0.4235623  0.2136038 -0.2956293 -0.1628659 -0.5113470 -0.1168159  0.1060537  0.3226819  0.0949278  0.0056351  0.0223760 
 0.0000000  0.4082483  0.0000000  0.0067932  0.0302033 -0.0687657 -0.2383304  0.1055353  0.1500661  0.1159127  0.3122828  0.1620865 -0.0060513  0.4126536 -0.2205219 -0.5854574  0.1011645 -0.1673762 
 0.0000000  0.4082483  0.0000000  0.1561087 -0.2956958 -0.0529259 -0.3097368 -0.1073277 -0.4947490 -0.1608235  0.0940515  0.2746714  0.3410550 -0.0665247  0.2873089  0.2129047  0.0861779 -0.0171396 
 0.0000000  0.4082483  0.0000000  0.0489191 -0.1551677  0.4942037  0.2466060 -0.3226122  0.2796105 -0.1213890  0.0941360 -0.1863796  0.0468291 -0.4484239 -0.0426170 -0.1760787  0.1551290  0.0324742 
 0.0000000  0.4082483  0.0000000 -0.2806640  0.0929746 -0.1765557  0.5151505  0.0236598 -0.0883764  0.2756922  0.0162477  0.0724561  0.1576205  0.0506451 -0.2918139  0.3659083 -0.1510709 -0.3003311 
 0.0000000  0.4082483  0.0000000 -0.0207087  0.3602123  0.0933187 -0.2535121 -0.1228175 -0.0601550  0.1862369 -0.3538521  0.1885126 -0.4226375 -0.0544037 -0.0550380  0.0877953 -0.1970356  0.4299966 
 0.0000000  0.0000000  0.4082483 -0.3185450 -0.0626651 -0.3163777 -0.3508604 -0.3937352  0.2881475 -0.0075229  0.3751455 -0.1806580 -0.0901044 -0.0586142 -0.0338896  0.2782363 -0.0308609  0.0467164 
 0.0000000  0.0000000  0.4082483  0.4839888 -0.1628399 -0.0515682 -0.0523352 -0.0108243  0.3073760 -0.0515179 -0.3910446  0.1139581  0.3196750  0.1204343 -0.4076343  0.1239048 -0.0434757  0.0625681 
 0.0000000  0.0000000  0.4082483 -0.2129827 -0.0456685  0.1656561  0.4172529 -0.0735936 -0.0904262 -0.3264643  0.0318254  0.2339506 -0.1309052  0.4658214  0.1702284 -0.0026028  0.2099363  0.3181872 
 0.0000000  0.0000000  0.4082483  0.2204189 -0.0261633  0.0424028  0.1117381  0.3248264 -0.2429799  0.5438644  0.3128316 -0.2274127  0.0544597 -0.1618705  0.0589857 -0.0689442  0.0486584  0.3465439 
 0.0000000  0.0000000  0.4082483  0.1970430  0.6036393  0.0711018 -0.0347200 -0.0696624 -0.0797467 -0.0453621 -0.0666357  0.0218038 -0.0469260 -0.1161429  0.2340284 -0.0096318  0.2422021 -0.5257994 
 0.0000000  0.0000000  0.4082483 -0.3699231 -0.3063025  0.0887853 -0.0910754  0.2229891 -0.1823707 -0.1129971 -0.2621222  0.0383582 -0.1061991 -0.2496280 -0.0217186 -0.3209623 -0.4264602 -0.2482162 
::::::::::::::
run.004.018
::::::::::::::
 0.4923660  0.0000000  0.0000000  0.0000000 -0.2741050  0.2569989  0.0065361  0.0943427  0.1625863  0.2381596 -0.1338699 -0.3252509  0.2158779  0.0412056 -0.0976301  0.2566172  0.0139117  0.5260306 
 0.4923660  0.0000000  0.0000000  0.0000000  0.0577930 -0.1805946 -0.3863254 -0.1579045  0.1918308  0.0347047 -0.2223912 -0.2356994 -0.1671860 -0.0319099 -0.0081711 -0.2674075 -0.4031027 -0.3760185 
 0.4923660  0.0000000  0.0000000  0.0000000  0.1377215  0.0509842  0.0664100  0.1870661 -0.3156606 -0.0776143  0.0525654  0.2267435  0.0528200  0.0049005  0.6911195  0.1477252  0.1311846 -0.1314213 
 0.3692745 -0.1230915  0.0000000  0.0000000  0.2426407 -0.4385505  0.2924592  0.0938055  0.1209772 -0.3200983  0.1103012  0.0452708  0.2919912  0.0583455 -0.3464970 -0.2626278  0.2984665  0.0697061 
 0.3692745  0.1230915  0.0000000  0.0000000 -0.1378533  0.2686992  0.1253800 -0.2584779 -0.1726525  0.0597649  0.2946264  0.4003383 -0.4273405 -0.0772739 -0.4339274  0.0800479  0.0455419 -0.0944938 
 0.0000000  0.4923660  0.0000000  0.0000000 -0.0598284 -0.1072016 -0.1804250  0.2359725 -0.3649059 -0.0823758 -0.0253592 -0.2450369  0.2156262  0.2085025 -0.3032264  0.3582635  0.0997324 -0.3652755 
 0.0000000  0.4923660  0.0000000  0.0000000 -0.0385949 -0.1643594 -0.0153458 -0.0131301  0.2827417  0.0769312 -0.1758157  0.6120305  0.3340574 -0.0511514  0.0246331  0.0511778 -0.3212144  0.1292092 
 0.0000000  0.4923660  0.0000000  0.0000000 -0.2364911  0.0245249  0.3132339  0.0194239 -0.0595509 -0.0705362  0.0076265 -0.2985736 -0.0522310 -0.5686072  0.1441441 -0.3848155  0.0995806  0.0029041 
 0.0000000  0.4923660  0.0000000  0.0000000  0.4300380  0.0702237 -0.0756933 -0.1541954  0.2151225 -0.0189850  0.1474672 -0.1571869 -0.3176196  0.4451610  0.1563068 -0.1102948  0.1851325  0.2742122 
 0.0000000  0.0000000  0.4923660  0.0000000 -0.1180001 -0.4323252  0.2028664 -0.0000081  0.1431107  0.4364437  0.4622125 -0.1269959 -0.0555805  0.0373636  0.1216478  0.1858215 -0.1041909 -0.1009500 
 0.0000000  0.0000000  0.4923660  0.0000000 -0.0079593 -0.3062873 -0.1496360 -0.0661695 -0.4646157 -0.0487418 -0.4240485  0.0902169 -0.2511904 -0.0332586 -0.0579339 -0.0623794  0.0402881  0.3970618 
 0.0000000  0.0000000  0.4923660  0.0000000 -0.0053703  0.4410297 -0.2590142  0.1309902 -0.0545654  0.1420124  0.1624232  0.1063649  0.3564006  0.1255005 -0.0597845 -0.4993029  0.1059199 -0.1052853 
 0.0000000  0.0000000  0.3692745 -0.1230915  0.3715049  0.1868207 -0.0208490 -0.0406397  0.3715006 -0.0483055 -0.2645858 -0.0024489 -0.0326716 -0.4095065 -0.0659921  0.3784288  0.3193016 -0.2117620 
 0.0000000  0.0000000  0.3692745  0.1230915 -0.1963986  0.2099565  0.2952274 -0.0457772  0.1299265 -0.6579801 -0.0028639 -0.0903323 -0.0335013  0.2366992  0.0607529  0.1227187 -0.3753244 -0.0426734 
 0.0000000  0.0000000  0.0000000  0.4923660  0.5663578  0.1453047  0.2318477 -0.0190295 -0.2735430  0.1853965  0.0322576 -0.1247640  0.1450049 -0.1734677 -0.1339798  0.0385172 -0.3990646  0.0773129 
 0.0000000  0.0000000  0.0000000  0.4923660 -0.2099308 -0.0380271  0.1214519 -0.6065107  0.0095855  0.1251743 -0.2495085 -0.0056924  0.2104502  0.1868173  0.1164668 -0.0030458  0.3460279 -0.1972475 
 0.0000000  0.0000000  0.0000000  0.4923660 -0.1198787  0.0026893  0.1216511  0.6180406  0.2254945  0.1457936 -0.2503224  0.1285804 -0.3637213  0.1339661 -0.0583208 -0.1005045  0.1280247 -0.1224491 
 0.0000000  0.0000000  0.0000000  0.4923660 -0.0945725 -0.1157509 -0.5539698  0.0087839  0.0988566 -0.3039458  0.4021428  0.0238468  0.0084736 -0.3088671  0.0441475  0.1289606  0.0986685  0.2001116 
::::::::::::::
run.005.018
::::::::::::::
 0.4670471  0.0000000  0.0000000 -0.0606648 -0.0364040 -0.0861817  0.2649344 -0.0224017  0.0131557 -0.0297726  0.0303161 -0.1902749  0.3035548 -0.2748896 -0.1812975 -0.6217015  0.2192274 -0.1593958 
 0.4670471  0.0000000  0.0000000  0.0606648 -0.0364040  0.0463973 -0.2835986 -0.2146311  0.1361953  0.0840043 -0.0335125 -0.2828560  0.0910220 -0.4362775 -0.0782816  0.4362782 -0.3826050  0.0011660 
 0.4954869  0.0000000  0.0000000  0.0000000  0.0686289 -0.0645293  0.1206274  0.1226260  0.1728002  0.3483360  0.0317938  0.4693091  0.0038548  0.0994133  0.0701822  0.2740328  0.4071132  0.2965002 
 0.5641158  0.0000000  0.0000000  0.0000000  0.0000000  0.0896175 -0.0904995  0.0885383 -0.2754295 -0.3508582 -0.0252795 -0.0204960 -0.3300668  0.5014760  0.1532687 -0.0871775 -0.2223201 -0.1294259 
 0.0000000  0.4263488  0.0000000 -0.1377670  0.0000000 -0.1202431 -0.1065142  0.3245827  0.1949400  0.5043010 -0.1763954 -0.3288598  0.0625288  0.2213110  0.2943753 -0.0511859 -0.0578631 -0.3016468 
 0.0000000  0.4263488  0.0000000  0.1377670  0.0000000 -0.1983772 -0.0915902  0.3128479 -0.1297371 -0.1094976 -0.0637846  0.0375702  0.2801617  0.1407102 -0.4656737 -0.0537266 -0.2605465  0.4831318 
 0.0000000  0.5641158  0.0000000  0.0000000  0.0000000  0.1904767 -0.5076698 -0.3265829 -0.1518783 -0.0294559  0.0467409  0.2904281 -0.1230831 -0.2017194  0.0742807 -0.2098214  0.2493803 -0.0553690 
 0.0000000  0.5641158  0.0000000  0.0000000  0.0000000  0.0503310  0.6573937 -0.1551759  0.1025991 -0.2689295  0.1347829 -0.0702765 -0.1359164 -0.0718899  0.0551837  0.2891124 -0.0087320 -0.0817942 
 0.0000000  0.0000000  0.4263488  0.0000000 -0.1377670  0.0821304  0.0849377 -0.2731505  0.3516173 -0.0599999 -0.7115432  0.1021336 -0.0861626  0.0929788 -0.0278912 -0.1530432 -0.0827510  0.1399977 
 0.0000000  0.0000000  0.4263488  0.0000000  0.1377670  0.2718891 -0.0574489 -0.0102424  0.1858384 -0.1646971  0.3359004  0.1636236  0.6052065  0.1677844  0.3069114 -0.0088810 -0.1726090 -0.0464897 
 0.0000000  0.0000000  0.5641158  0.0000000  0.0000000 -0.0629351 -0.0950771  0.1484516 -0.2085203 -0.0406948 -0.0125559 -0.0733879 -0.0120297  0.0482746 -0.4480287  0.3142619  0.3425834 -0.4203879 
 0.0000000  0.0000000  0.5641158  0.0000000  0.0000000 -0.2046266  0.0743015  0.0657318 -0.1976792  0.2105169  0.2964600 -0.1274667 -0.3802545 -0.2453548  0.2371501 -0.1918825 -0.1495868  0.3497162 
 0.0000000  0.0000000  0.0000000  0.5641158  0.0000000 -0.2903384  0.0947537 -0.0391200  0.0730934  0.1866009  0.0680003  0.4501622 -0.0751000 -0.0464223 -0.0803881 -0.1237584 -0.3567273 -0.4274435 
 0.0000000  0.0000000  0.0000000  0.5641158  0.0000000  0.6060382  0.0985186 -0.0749674 -0.0541952  0.3183375  0.0797535 -0.3002696 -0.0568756  0.1887954 -0.1529295 -0.0745709  0.1154162  0.1312212 
 0.0000000  0.0000000  0.0000000  0.5641158  0.0000000 -0.3108756 -0.1379280  0.1376254  0.0471620 -0.3672734 -0.1683913 -0.2294251  0.1016815 -0.1053333  0.4078566  0.0851752  0.3555308  0.0872988 
 0.0000000  0.0000000  0.0000000  0.0000000  0.5641158 -0.0009628  0.1913354 -0.1563785 -0.5878580  0.1645553 -0.3817287  0.0432518  0.2303899 -0.0840214  0.1688958  0.0806163 -0.0716129 -0.0131775 
 0.0000000  0.0000000  0.0000000  0.0000000  0.5641158  0.3040421 -0.0491365  0.5016442  0.3079683 -0.1824048 -0.0824680  0.0811208 -0.2702733 -0.3145436 -0.0842372 -0.0985195 -0.0458599 -0.0536887 
 0.0000000  0.0000000  0.0000000  0.0000000  0.5641158 -0.3441387 -0.1233053 -0.4396872  0.3089914  0.0045404  0.2043183 -0.2270170 -0.1039669  0.3223082 -0.1917128 -0.0626078  0.0793462  0.0661272 
::::::::::::::
run.006.018
::::::::::::::
 0.5773503  0.0000000  0.0000000  0.0000000  0.0000000  0.0000000  0.1970487 -0.3652319  0.0588613 -0.3020938  0.4626375  0.0722260  0.3458790  0.1730302 -0.0624637  0.1205956 -0.0004196  0.1115882 
 0.5773503  0.0000000  0.0000000  0.0000000  0.0000000  0.0000000  0.0783785 -0.0511840  0.1670083  0.2398704 -0.4821126 -0.2650019 -0.3523224  0.3322709 -0.0178410  0.0259158 -0.1837009 -0.0233371 
 0.5773503  0.0000000  0.0000000  0.0000000  0.0000000  0.0000000 -0.2754272  0.4164158 -0.2258696  0.0622234  0.0194751  0.1927759  0.0064433 -0.5053010  0.0803046 -0.1465114  0.1841205 -0.0882511 
 0.0000000  0.5773503  0.0000000  0.0000000  0.0000000  0.0000000 -0.0358384  0.1907180  0.2609474 -0.0686937 -0.0031668 -0.2979814  0.3129346  0.1798213 -0.0444195 -0.2270060  0.2727494 -0.4574196 
 0.0000000  0.5773503  0.0000000  0.0000000  0.0000000  0.0000000  0.3446072  0.0967318 -0.3926110  0.1557257  0.0704740  0.1668173 -0.2098669  0.1741492  0.2782841  0.1174506  0.2038858  0.3466826 
 0.0000000  0.5773503  0.0000000  0.0000000  0.0000000  0.0000000 -0.3087688 -0.2874498  0.1316636 -0.0870320 -0.0673072  0.1311641 -0.1030677 -0.3539705 -0.2338646  0.1095554 -0.4766352  0.1107370 
 0.0000000  0.0000000  0.5773503  0.0000000  0.0000000  0.0000000 -0.0181688 -0.1082134  0.2992444 -0.1465940  0.1038537 -0.3490282 -0.2787628 -0.3006630  0.2445492  0.2580886  0.3237320  0.1079801 
 0.0000000  0.0000000  0.5773503  0.0000000  0.0000000  0.0000000  0.1450453  0.0997733  0.1773648  0.3105959  0.1073078  0.5669271 -0.0009518  0.1539867 -0.0863433  0.0561572 -0.1587621 -0.3395548 
 0.0000000  0.0000000  0.5773503  0.0000000  0.0000000  0.0000000 -0.1268765  0.0084401 -0.4766092 -0.1640019 -0.2111615 -0.2178989  0.2797146  0.1466764 -0.1582059 -0.3142459 -0.1649699  0.2315747 
 0.0000000  0.0000000  0.0000000  0.5773503  0.0000000  0.0000000  0.2758749  0.2407845  0.1993221 -0.4777487 -0.0231929  0.1216832 -0.2010094 -0.0243367  0.1762247 -0.3441152 -0.2372161  0.0502575 
 0.0000000  0.0000000  0.0000000  0.5773503  0.0000000  0.0000000 -0.1569876 -0.1991253  0.0835395  0.1030128 -0.4043045  0.2452240  0.2788113  0.0221688 -0.1453470  0.2102491  0.4335370  0.1722536 
 0.0000000  0.0000000  0.0000000  0.5773503  0.0000000  0.0000000 -0.1188873 -0.0416592 -0.2828615  0.3747358  0.4274974 -0.3669072 -0.0778019  0.0021678 -0.0308777  0.1338661 -0.1963209 -0.2225112 
 0.0000000  0.0000000  0.0000000  0.0000000  0.5773503  0.0000000 -0.2987272  0.0714026 -0.2062579 -0.3962082  0.0399149  0.1175973 -0.3390803  0.2977982 -0.1850910  0.2345757  0.1402986 -0.2115597 
 0.0000000  0.0000000  0.0000000  0.0000000  0.5773503  0.0000000 -0.0924529 -0.2553559  0.2094195  0.3398560  0.1700875  0.0340237 -0.0460445 -0.0191931  0.0821217 -0.5690792  0.1047690  0.2437342 
 0.0000000  0.0000000  0.0000000  0.0000000  0.5773503  0.0000000  0.3911801  0.1839533 -0.0031616  0.0563522 -0.2100025 -0.1516210  0.3851247 -0.2786051  0.1029693  0.3345035 -0.2450676 -0.0321745 
 0.0000000  0.0000000  0.0000000  0.0000000  0.0000000  0.5773503  0.4109449 -0.1112076 -0.1173794 -0.0018652 -0.0163081 -0.0554949 -0.1956882 -0.2468766 -0.5496345 -0.1326398  0.1966125 -0.1034746 
 0.0000000  0.0000000  0.0000000  0.0000000  0.0000000  0.5773503 -0.2659657  0.4546225  0.2778904  0.0750388  0.1739569 -0.0454144  0.1151520  0.2272677 -0.0453764  0.1657618 -0.1143825  0.4080932 
 0.0000000  0.0000000  0.0000000  0.0000000  0.0000000  0.5773503 -0.1449792 -0.3434149 -0.1605110 -0.0731736 -0.1576488  0.1009094  0.0805362  0.0196089  0.5950109 -0.0331220 -0.0822301 -0.3046186 
::::::::::::::
run.007.018
::::::::::::::
 0.5409070  0.0000000  0.0000000  0.0000000  0.0868241  0.0330069 -0.0245102  0.0838213 -0.0957231 -0.2414616  0.2186476 -0.2733146 -0.1147551  0.0945923  0.4881041 -0.0249496  0.4180045 -0.2558876 
-0.5409070  0.0000000  0.0000000  0.0000000  0.0868241  0.0330069  0.0245102  0.1255860 -0.2918210 -0.2349905  0.3873874 -0.0207087  0.1151956  0.4898176  0.1447178  0.3425029  0.0033292 -0.0093499 
 0.6440802  0.0000000  0.0000000  0.0000000  0.0000000  0.0000000  0.0411679  0.0350746 -0.1646856  0.0054345  0.1417100  0.2121417  0.1931156  0.3319153 -0.2883803  0.3085913 -0.3482497  0.2070456 
 0.0000000  0.5149927  0.0000000  0.0000000 -0.1513163  0.0189391  0.0000000 -0.1284961  0.3278706 -0.0897301  0.0754201  0.2908597  0.3700728  0.1361109 -0.2315339 -0.0023258  0.3066525 -0.4313335 
 0.0000000  0.5149927  0.0000000  0.0000000  0.1513163 -0.0189391  0.0000000  0.2352892 -0.0479335  0.0472766  0.4281311 -0.1561173 -0.3282384 -0.2584181 -0.0932281 -0.1071089 -0.4492830 -0.2177735 
 0.0000000  0.6852481  0.0000000  0.0000000  0.0000000  0.0000000  0.0000000 -0.0802595 -0.2103845  0.0319056 -0.3784398 -0.1012646 -0.0314403  0.0919190  0.2440723  0.0822447  0.1071928  0.4878311 
 0.0000000  0.0000000  0.5149927  0.0000000  0.0000000 -0.1702554  0.0000000 -0.0996643 -0.3791195  0.4651014 -0.2198354 -0.1657736 -0.0513178  0.2726816 -0.0995974 -0.0542874  0.0066626 -0.4124359 
 0.0000000  0.0000000  0.5149927  0.0000000  0.0000000  0.1702554  0.0000000 -0.2918039  0.4357556  0.1531782  0.1763662  0.0974034 -0.1537811 -0.1177634  0.3105339  0.4655435 -0.0930819  0.0858139 
 0.0000000  0.0000000  0.6852481  0.0000000  0.0000000  0.0000000  0.0000000  0.2942048 -0.0425644 -0.4646631  0.0326689  0.0513831  0.1541404 -0.1164275 -0.1585276 -0.3090762  0.0649477  0.2454702 
 0.0000000  0.0000000  0.0000000  0.5149927  0.0000000  0.0000000  0.1702554  0.2868734 -0.3077948  0.0855852 -0.0921953  0.5569407 -0.0132660 -0.3138221  0.2134420  0.1753842  0.0844401 -0.1436880 
 0.0000000  0.0000000  0.0000000  0.5149927  0.0000000  0.0000000 -0.1702554 -0.5281019 -0.2055709 -0.3677560  0.0021391 -0.2757818 -0.0710970 -0.1915232 -0.3066563  0.1849778  0.0134538 -0.0562860 
 0.0000000  0.0000000  0.0000000  0.6852481  0.0000000  0.0000000  0.0000000  0.1812933  0.3858159  0.2120632  0.0676810 -0.2113028  0.0634023  0.3797883  0.0700544 -0.2708272 -0.0735714  0.1502889 
 0.0000000  0.0000000  0.0000000  0.0000000  0.6852481  0.0000000  0.0000000 -0.3648923  0.0073989 -0.1595907 -0.1098046  0.3162855  0.0675348  0.1493848  0.2263364 -0.3318401 -0.2510163 -0.0918652 
 0.0000000  0.0000000  0.0000000  0.0000000  0.6852481  0.0000000  0.0000000  0.2580285  0.1246897  0.1897056 -0.0448684 -0.1803301  0.0866102 -0.1363124 -0.3370584  0.3147428  0.3645568  0.0783138 
 0.0000000  0.0000000  0.0000000  0.0000000  0.0000000  0.6852481  0.0000000 -0.1097978 -0.1553993  0.1544262  0.1758234  0.2164092 -0.3971946  0.1619844 -0.2457568 -0.2313740  0.2785726  0.1307698 
 0.0000000  0.0000000  0.0000000  0.0000000  0.0000000  0.6852481  0.0000000  0.1575041 -0.0387823 -0.0501901 -0.2937059 -0.2799888  0.4033311 -0.1040290  0.1171973  0.0840260 -0.2949778 -0.2358856 
 0.0000000  0.0000000  0.0000000  0.0000000  0.0000000  0.0000000  0.6852481 -0.2821242 -0.1535903  0.2057734  0.3398320 -0.1700834  0.3690410 -0.2116787  0.0392497 -0.1644236  0.0806889  0.1562324 
 0.0000000  0.0000000  0.0000000  0.0000000  0.0000000  0.0000000  0.6852481  0.0760361  0.1958966 -0.3189676 -0.3309430 -0.0585933 -0.4032364  0.2079877 -0.1388648  0.1351248 -0.0625718 -0.1557737 
::::::::::::::
run.008.018
::::::::::::::
 0.5313528 -0.1035374 -0.0423392  0.0285517 -0.0000001  0.0000000  0.0000000  0.0000000 -0.0011225  0.2188547 -0.0942019 -0.0456534 -0.2109940 -0.2243298 -0.5190181 -0.3859934  0.0288892 -0.3625354 
 0.5313530  0.1035373  0.0423392  0.0285518  0.0000000 -0.0000001  0.0000000  0.0000000 -0.0650185 -0.1899017  0.3392671 -0.1569695 -0.1024847 -0.3901371  0.1907532  0.5018158  0.2594189  0.0780411 
 0.6597940  0.0000000  0.0000000 -0.0459872  0.0000000  0.0000000  0.0000000  0.0000000  0.0532655 -0.0233168 -0.1973588  0.1631786  0.2524543  0.4948495  0.2643619 -0.0932756 -0.2321836  0.2291122 
 0.0000000  0.6931326 -0.0126488  0.0000000  0.0000000  0.0000000  0.0000000  0.0000000  0.1313614 -0.1416540  0.0176794 -0.5478179  0.0373857  0.1012957 -0.2354546 -0.2143062 -0.0236469  0.2609307 
 0.0000000  0.7057813 -0.0000001  0.0000000  0.0000000  0.0000000  0.0000000  0.0000000 -0.1196337  0.1990795 -0.0809520  0.5543301 -0.0526338 -0.0751566  0.1271122  0.0802248 -0.0105953 -0.3208865 
 0.0000000  0.0000000  0.7057814  0.0000000  0.0000000  0.0000000  0.0000000  0.0000000 -0.1096538 -0.1951511 -0.1671603  0.1905081  0.3573953 -0.1256471 -0.1653717 -0.1704894  0.4097964  0.1402238 
 0.0000000  0.0000000  0.7057814  0.0000000  0.0000000  0.0000000  0.0000000  0.0000000  0.1158411  0.2171333  0.1414737 -0.1936481 -0.3632346  0.1374090  0.1185734  0.1133898 -0.4240495 -0.1619773 
 0.0000000  0.0000000  0.0000000  0.7057814  0.0000000  0.0000000  0.0000000  0.0000000  0.2674320  0.1912977 -0.3897115 -0.0266191  0.1812307 -0.2880948 -0.0530214  0.2375566 -0.2056643  0.1542365 
 0.0000000  0.0000000  0.0000000  0.7057814  0.0000000  0.0000000  0.0000000  0.0000000 -0.2612856 -0.1939883  0.3669381  0.0454484 -0.1520998  0.3451958  0.0835263 -0.2483198  0.1788724 -0.1277991 
 0.0000001  0.0000000  0.0000000  0.0000000  0.5313529 -0.1035375 -0.0423390  0.0285518 -0.4345693  0.4201696 -0.2702431 -0.1686111 -0.1986144  0.2024940 -0.0326148  0.1849201  0.2795777  0.2088250 
 0.0000000  0.0000000  0.0000000  0.0000000  0.5313532  0.1035374  0.0423390  0.0285518  0.5482777 -0.1800759  0.1106555  0.1184951  0.0823870  0.2961906 -0.2761706  0.2739984  0.1644074 -0.2685573 
 0.0000000  0.0000000  0.0000000  0.0000000  0.6597938  0.0000001  0.0000000 -0.0459873 -0.0915732 -0.1933550  0.1285210  0.0403599  0.0936016 -0.4016067  0.2486747 -0.3695818 -0.3575554  0.0481043 
 0.0000000  0.0000000  0.0000000  0.0000000  0.0000000  0.6931325 -0.0126489  0.0000000  0.0853824  0.4951263  0.3841088  0.0739753  0.1655261 -0.0355810 -0.0061103 -0.1149024  0.0886974  0.2533439 
 0.0000000  0.0000000  0.0000000  0.0000000  0.0000000  0.7057814  0.0000000  0.0000000 -0.2280349 -0.3981973 -0.4331024 -0.1147678 -0.2037823  0.0211982  0.0417302  0.0997756 -0.0702123 -0.1787720 
 0.0000000  0.0000000  0.0000000  0.0000000  0.0000000  0.0000000  0.7057814  0.0000000 -0.3411992 -0.0596141  0.1617509  0.1060732  0.1435035  0.0467476 -0.3991503  0.2226384 -0.3186425  0.1062380 
 0.0000000  0.0000000  0.0000000  0.0000000  0.0000000  0.0000000  0.7057814  0.0000000  0.2837695  0.1044956 -0.1777167 -0.1219706 -0.1573939 -0.0530060  0.4136515 -0.2300413  0.3271410 -0.0730600 
 0.0000000  0.0000000  0.0000000  0.0000000  0.0000000  0.0000000  0.0000000  0.7057814  0.1396313 -0.1367572 -0.0145410  0.2971275 -0.4373639 -0.0552011 -0.1076413 -0.0746685 -0.0200812  0.4040759 
 0.0000000  0.0000000  0.0000000  0.0000000  0.0000000  0.0000000  0.0000000  0.7057814 -0.1501980  0.1144458  0.0293712 -0.2924703  0.4481647  0.0088594  0.1363361  0.0320221 -0.0211775 -0.3985251 
::::::::::::::
run.009.018
::::::::::::::
 0.7071068  0.0000000  0.0000000  0.0000000  0.0000000  0.0000000  0.0000000  0.0000000  0.0000000 -0.1994500  0.2620153 -0.2648116 -0.2490631 -0.3230784 -0.2662902  0.1083123 -0.0687897  0.2601083 
 0.7071068  0.0000000  0.0000000  0.0000000  0.0000000  0.0000000  0.0000000  0.0000000  0.0000000  0.1994500 -0.2620153  0.2648116  0.2490631  0.3230784  0.2662902 -0.1083123  0.0687897 -0.2601083 
 0.0000000  0.7071068  0.0000000  0.0000000  0.0000000  0.0000000  0.0000000  0.0000000  0.0000000 -0.2605444  0.0526056  0.1602669  0.0372788  0.1607240 -0.0183707 -0.0447902 -0.6114228 -0.0161375 
 0.0000000  0.7071068  0.0000000  0.0000000  0.0000000  0.0000000  0.0000000  0.0000000  0.0000000  0.2605444 -0.0526056 -0.1602669 -0.0372788 -0.1607240  0.0183707  0.0447902  0.6114228  0.0161375 
 0.0000000  0.0000000  0.7071068  0.0000000  0.0000000  0.0000000  0.0000000  0.0000000  0.0000000  0.1064560 -0.4965384 -0.3794151  0.1042726 -0.1333672 -0.1437039 -0.0070204 -0.2095616 -0.0698942 
 0.0000000  0.0000000  0.7071068  0.0000000  0.0000000  0.0000000  0.0000000  0.0000000  0.0000000 -0.1064560  0.4965384  0.3794151 -0.1042726  0.1333672  0.1437039  0.0070204  0.2095616  0.0698942 
 0.0000000  0.0000000  0.0000000  0.7071068  0.0000000  0.0000000  0.0000000  0.0000000  0.0000000 -0.2977802 -0.0905794  0.0676348  0.2725160  0.0754465 -0.1621982  0.5184904  0.1416993 -0.0580643 
 0.0000000  0.0000000  0.0000000  0.7071068  0.0000000  0.0000000  0.0000000  0.0000000  0.0000000  0.2977802  0.0905794 -0.0676348 -0.2725160 -0.0754465  0.1621982 -0.5184904 -0.1416993  0.0580643 
 0.0000000  0.0000000  0.0000000  0.0000000  0.7071068  0.0000000  0.0000000  0.0000000  0.0000000  0.4305336  0.0920277 -0.0551848 -0.2113215  0.1835988  0.0586910  0.4291625 -0.1888466  0.0383787 
 0.0000000  0.0000000  0.0000000  0.0000000  0.7071068  0.0000000  0.0000000  0.0000000  0.0000000 -0.4305336 -0.0920277  0.0551848  0.2113215 -0.1835988 -0.0586910 -0.4291625  0.1888466 -0.0383787 
 0.0000000  0.0000000  0.0000000  0.0000000  0.0000000  0.7071068  0.0000000  0.0000000  0.0000000  0.2949765  0.0551478  0.3668800  0.2206203 -0.3645460 -0.2893631  0.0022651 -0.0980924 -0.0205247 
 0.0000000  0.0000000  0.0000000  0.0000000  0.0000000  0.7071068  0.0000000  0.0000000  0.0000000 -0.2949765 -0.0551478 -0.3668800 -0.2206203  0.3645460  0.2893631 -0.0022651  0.0980924  0.0205247 
 0.0000000  0.0000000  0.0000000  0.0000000  0.0000000  0.0000000  0.7071068  0.0000000  0.0000000  0.0870720 -0.0421092  0.0144425  0.0198330  0.4108728 -0.4553439 -0.1653272  0.0906791  0.2798804 
 0.0000000  0.0000000  0.0000000  0.0000000  0.0000000  0.0000000  0.7071068  0.0000000  0.0000000 -0.0870720  0.0421092 -0.0144425 -0.0198330 -0.4108728  0.4553439  0.1653272 -0.0906791 -0.2798804 
 0.0000000  0.0000000  0.0000000  0.0000000  0.0000000  0.0000000  0.0000000  0.7071068  0.0000000  0.0327216  0.2801278 -0.1990142  0.0087851  0.0987725 -0.2486170 -0.0680092  0.0115071 -0.5517697 
 0.0000000  0.0000000  0.0000000  0.0000000  0.0000000  0.0000000  0.0000000  0.7071068  0.0000000 -0.0327216 -0.2801278  0.1990142 -0.0087851 -0.0987725  0.2486170  0.0680092 -0.0115071  0.5517697 
 0.0000000  0.0000000  0.0000000  0.0000000  0.0000000  0.0000000  0.0000000  0.0000000  0.7071068 -0.1063383 -0.2864795  0.2796381 -0.5075821 -0.0336807 -0.1595895  0.0351680  0.0616045 -0.1978624 
 0.0000000  0.0000000  0.0000000  0.0000000  0.0000000  0.0000000  0.0000000  0.0000000  0.7071068  0.1063383  0.2864795 -0.2796381  0.5075821  0.0336807  0.1595895 -0.0351680 -0.0616045  0.1978624 
::::::::::::::
run.010.018
::::::::::::::
 0.7071068  0.0000000  0.0000000  0.0000000 -0.1698846  0.0000000  0.0000000  0.0000000  0.0000000  0.0000000  0.1541301  0.3718092  0.2850965  0.0628628  0.3884381  0.2446070  0.0588321  0.0986476 
 0.7071068  0.0000000  0.0000000  0.0000000  0.1698846  0.0000000  0.0000000  0.0000000  0.0000000  0.0000000 -0.1541301 -0.3718092 -0.2850965 -0.0628628 -0.3884381 -0.2446070 -0.0588321 -0.0986476 
 0.0000000  0.7071068  0.0000000  0.0000000 -0.1698846  0.0000000  0.0000000  0.0000000  0.0000000  0.0000000 -0.0751677  0.2443681  0.0246343  0.0664883 -0.0578230 -0.2465918 -0.5796332 -0.0249013 
 0.0000000  0.7071068  0.0000000  0.0000000  0.1698846  0.0000000  0.0000000  0.0000000  0.0000000  0.0000000  0.0751677 -0.2443681 -0.0246343 -0.0664883  0.0578230  0.2465918  0.5796332  0.0249013 
 0.0000000  0.0000000  0.7071068  0.0000000 -0.1698846  0.0000000  0.0000000  0.0000000  0.0000000  0.0000000 -0.0786170 -0.3494112 -0.0532269  0.3114860  0.0282974  0.3292165 -0.2096152  0.2998183 
 0.0000000  0.0000000  0.7071068  0.0000000  0.1698846  0.0000000  0.0000000  0.0000000  0.0000000  0.0000000  0.0786170  0.3494112  0.0532269 -0.3114860 -0.0282974 -0.3292165  0.2096152 -0.2998183 
 0.0000000  0.0000000  0.0000000  0.7071068 -0.1698846  0.0000000  0.0000000  0.0000000  0.0000000  0.0000000 -0.3371189  0.1425196 -0.2814556 -0.0692421  0.0201401  0.3402420  0.0028332 -0.3701192 
 0.0000000  0.0000000  0.0000000  0.7071068  0.1698846  0.0000000  0.0000000  0.0000000  0.0000000  0.0000000  0.3371189 -0.1425196  0.2814556  0.0692421 -0.0201401 -0.3402420 -0.0028332  0.3701192 
 0.0000000  0.0000000  0.0000000  0.0000000  0.8769914  0.0000000  0.0000000  0.0000000  0.0000000  0.0000000 -0.1304748  0.1585678 -0.0096669  0.1439655  0.1468548  0.2585966 -0.2818846  0.0013348 
 0.0000000  0.0000000  0.0000000  0.0000000  0.0000000  0.7071068  0.0000000  0.0000000  0.0000000 -0.1698846  0.4920044  0.0468178 -0.4507564  0.0710936  0.0870029  0.0325647 -0.0747428 -0.0665351 
 0.0000000  0.0000000  0.0000000  0.0000000  0.0000000  0.7071068  0.0000000  0.0000000  0.0000000  0.1698846 -0.4920044 -0.0468178  0.4507564 -0.0710936 -0.0870029 -0.0325647  0.0747428  0.0665351 
 0.0000000  0.0000000  0.0000000  0.0000000  0.0000000  0.0000000  0.7071068  0.0000000  0.0000000 -0.1698846 -0.2288645  0.1317089 -0.1366702  0.4839484  0.1178453 -0.2765703  0.2396739  0.0265706 
 0.0000000  0.0000000  0.0000000  0.0000000  0.0000000  0.0000000  0.7071068  0.0000000  0.0000000  0.1698846  0.2288645 -0.1317089  0.1366702 -0.4839484 -0.1178453  0.2765703 -0.2396739 -0.0265706 
 0.0000000  0.0000000  0.0000000  0.0000000  0.0000000  0.0000000  0.0000000  0.7071068  0.0000000 -0.1698846  0.1103264  0.2411247  0.1303209  0.1777291 -0.5491074  0.2100897  0.0776494  0.0238526 
 0.0000000  0.0000000  0.0000000  0.0000000  0.0000000  0.0000000  0.0000000  0.7071068  0.0000000  0.1698846 -0.1103264 -0.2411247 -0.1303209 -0.1777291  0.5491074 -0.2100897 -0.0776494 -0.0238526 
 0.0000000  0.0000000  0.0000000  0.0000000  0.0000000  0.0000000  0.0000000  0.0000000  0.7071068 -0.1698846  0.1291319 -0.2597521  0.3090759  0.2060402  0.0725761 -0.0000065 -0.0757638 -0.4878577 
 0.0000000  0.0000000  0.0000000  0.0000000  0.0000000  0.0000000  0.0000000  0.0000000  0.7071068  0.1698846 -0.1291319  0.2597521 -0.3090759 -0.2060402 -0.0725761  0.0000065  0.0757638  0.4878577 
 0.0000000  0.0000000  0.0000000  0.0000000  0.0000000  0.0000000  0.0000000  0.0000000  0.0000000  0.8769914  0.1947195  0.0619491 -0.0573506  0.3637198 -0.1052571 -0.0131424  0.0646291 -0.1952509 
::::::::::::::
run.011.018
::::::::::::::
 0.7071068  0.0000000 -0.1794235  0.0000000  0.0000000  0.0000000  0.0000000  0.0000000  0.0000000  0.0000000 -0.0468661 -0.3912277 -0.2067282  0.3089271  0.0276512 -0.0372260 -0.4112843  0.0554432 
 0.7071068  0.0000000  0.1794235  0.0000000  0.0000000  0.0000000  0.0000000  0.0000000  0.0000000  0.0000000  0.0468661  0.3912277  0.2067282 -0.3089271 -0.0276512  0.0372260  0.4112843 -0.0554432 
 0.0000000  0.7071068 -0.1794235  0.0000000  0.0000000  0.0000000  0.0000000  0.0000000  0.0000000  0.0000000  0.0468661 -0.1394182  0.1017413 -0.5171224  0.0592866  0.2883034 -0.2691443 -0.0966127 
 0.0000000  0.7071068  0.1794235  0.0000000  0.0000000  0.0000000  0.0000000  0.0000000  0.0000000  0.0000000 -0.0468661  0.1394182 -0.1017413  0.5171224 -0.0592866 -0.2883034  0.2691443  0.0966127 
 0.0000000  0.0000000  0.9333964  0.0000000  0.0000000  0.0000000  0.0000000  0.0000000  0.0000000  0.0000000  0.0000000 -0.2040084 -0.0403626 -0.0800413  0.0334235  0.0965275 -0.2615928 -0.0158277 
 0.0000000  0.0000000  0.0000000  0.7071068  0.0000000 -0.1794235  0.0000000  0.0000000  0.0000000  0.0000000 -0.0468661  0.3817775  0.1444415  0.2839892  0.0892793  0.3182095 -0.2662627 -0.1954984 
 0.0000000  0.0000000  0.0000000  0.7071068  0.0000000  0.1794235  0.0000000  0.0000000  0.0000000  0.0000000  0.0468661 -0.3817775 -0.1444415 -0.2839892 -0.0892793 -0.3182095  0.2662627  0.1954984 
 0.0000000  0.0000000  0.0000000  0.0000000  0.7071068 -0.1794235  0.0000000  0.0000000  0.0000000  0.0000000  0.0468661 -0.1139515  0.0788806  0.0857208 -0.1296131  0.3951566  0.1498537  0.4936104 
 0.0000000  0.0000000  0.0000000  0.0000000  0.7071068  0.1794235  0.0000000  0.0000000  0.0000000  0.0000000 -0.0468661  0.1139515 -0.0788806 -0.0857208  0.1296131 -0.3951566 -0.1498537 -0.4936104 
 0.0000000  0.0000000  0.0000000  0.0000000  0.0000000  0.9333964  0.0000000  0.0000000  0.0000000  0.0000000  0.0000000  0.1029665  0.0858568  0.1421361 -0.0155064  0.2742557 -0.0447538  0.1146100 
 0.0000000  0.0000000  0.0000000  0.0000000  0.0000000  0.0000000  0.7071068  0.0000000 -0.1794235  0.0000000  0.0468661  0.2768630 -0.0464102 -0.1191468 -0.4250058 -0.1995582 -0.3142237  0.2311231 
 0.0000000  0.0000000  0.0000000  0.0000000  0.0000000  0.0000000  0.7071068  0.0000000  0.1794235  0.0000000 -0.0468661 -0.2768630  0.0464102  0.1191468  0.4250058  0.1995582  0.3142237 -0.2311231 
 0.0000000  0.0000000  0.0000000  0.0000000  0.0000000  0.0000000  0.0000000  0.7071068 -0.1794235  0.0000000 -0.0468661  0.0956385 -0.5963116 -0.0584924 -0.0633251  0.2495490  0.1267485 -0.1229034 
 0.0000000  0.0000000  0.0000000  0.0000000  0.0000000  0.0000000  0.0000000  0.7071068  0.1794235  0.0000000  0.0468661 -0.0956385  0.5963116  0.0584924  0.0633251 -0.2495490 -0.1267485  0.1229034 
 0.0000000  0.0000000  0.0000000  0.0000000  0.0000000  0.0000000  0.0000000  0.0000000  0.9333964  0.0000000  0.0000000  0.1432093 -0.2470963 -0.0682939 -0.1877402  0.0192191 -0.0720754  0.0416054 
 0.0000000  0.0000000  0.0000000  0.0000000  0.0000000  0.0000000  0.0000000  0.0000000  0.0000000  0.7071068 -0.2262896 -0.2055273  0.1644893  0.0736881 -0.5004264  0.1090143  0.1077912 -0.3164416 
 0.0000000  0.0000000  0.0000000  0.0000000  0.0000000  0.0000000  0.0000000  0.0000000  0.0000000  0.7071068  0.2262896  0.2055273 -0.1644893 -0.0736881  0.5004264 -0.1090143 -0.1077912  0.3164416 
 0.0000000  0.0000000  0.0000000  0.0000000  0.0000000  0.0000000  0.0000000  0.0000000  0.0000000  0.0000000  0.9333964 -0.0933589  0.0001421  0.1446830 -0.1875189  0.0575408  0.0404874 -0.2429169 
::::::::::::::
run.012.018
::::::::::::::
