 0.7071068  0.0000000  0.0000000  0.0000000  0.0000000  0.0000000  0.0000000  0.0000000  0.0000000  0.0000000 -0.1242628 -0.0861177  0.0558705 -0.1695263 -0.2325356  0.3496598  0.0508689 -0.3580693 -0.3703146  0.0057934 -0.0312943 
 0.7071068  0.0000000  0.0000000  0.0000000  0.0000000  0.0000000  0.0000000  0.0000000  0.0000000  0.0000000  0.1242628  0.0861177 -0.0558705  0.1695263  0.2325356 -0.3496598 -0.0508689  0.3580693  0.3703146 -0.0057934  0.0312943 
 0.0000000  0.7071068  0.0000000  0.0000000  0.0000000  0.0000000  0.0000000  0.0000000  0.0000000  0.0000000 -0.1242628 -0.2289871 -0.0313918 -0.0868996 -0.2787352 -0.4719723 -0.2924525 -0.0972887 -0.0981025  0.0068828  0.1359063 
 0.0000000  0.7071068  0.0000000  0.0000000  0.0000000  0.0000000  0.0000000  0.0000000  0.0000000  0.0000000  0.1242628  0.2289870  0.0313918  0.0868997  0.2787351  0.4719723  0.2924525  0.0972887  0.0981025 -0.0068828 -0.1359063 
 0.0000000  0.0000000  0.7071068  0.0000000  0.0000000  0.0000000  0.0000000  0.0000000  0.0000000  0.0000000 -0.1242628  0.2977629 -0.3195873 -0.3333886 -0.2311211  0.0614742  0.0069452  0.3427296 -0.0548494  0.0370025  0.0593846 
 0.0000000  0.0000000  0.7071068  0.0000000  0.0000000  0.0000000  0.0000000  0.0000000  0.0000000  0.0000000  0.1242628 -0.2977629  0.3195873  0.3333886  0.2311211 -0.0614742 -0.0069452 -0.3427296  0.0548494 -0.0370025 -0.0593847 
 0.0000000  0.0000000  0.0000000  0.7071068  0.0000000  0.0000000  0.0000000  0.0000000  0.0000000  0.0000000 -0.1242627  0.1184921  0.0459203 -0.2399621  0.2345456 -0.2622133  0.1904565 -0.0781957 -0.1501257 -0.4169421 -0.2197584 
 0.0000000  0.0000000  0.0000000  0.7071068  0.0000000  0.0000000  0.0000000  0.0000000  0.0000000  0.0000000  0.1242627 -0.1184921 -0.0459203  0.2399621 -0.2345456  0.2622133 -0.1904565  0.0781957  0.1501257  0.4169421  0.2197584 
 0.0000000  0.0000000  0.0000000  0.0000000  0.7071068  0.0000000  0.0000000  0.0000000  0.0000000  0.0000000 -0.1242627  0.4072125  0.2386686 -0.0189633 -0.0950916  0.0735807 -0.3311234 -0.2103760  0.2752406 -0.1302715  0.0181410 
 0.0000000  0.0000000  0.0000000  0.0000000  0.7071068  0.0000000  0.0000000  0.0000000  0.0000000  0.0000000  0.1242627 -0.4072125 -0.2386686  0.0189633  0.0950916 -0.0735807  0.3311234  0.2103761 -0.2752406  0.1302714 -0.0181409 
 0.0000000  0.0000000  0.0000000  0.0000000  0.0000000  0.7071068  0.0000000  0.0000000  0.0000000  0.0000000 -0.1242628 -0.0859840  0.1449349 -0.0913520  0.2654297  0.1282799 -0.0873639  0.1386351 -0.1146369 -0.1611071  0.5430988 
 0.0000000  0.0000000  0.0000000  0.0000000  0.0000000  0.7071068  0.0000000  0.0000000  0.0000000  0.0000000  0.1242627  0.0859839 -0.1449349  0.0913519 -0.2654297 -0.1282799  0.0873639 -0.1386351  0.1146369  0.1611070 -0.5430988 
 0.0000000  0.0000000  0.0000000  0.0000000  0.0000000  0.0000000  0.7071068  0.0000000  0.0000000  0.0000000 -0.1242627  0.1252339 -0.2019203 -0.1601814  0.3645017 -0.0992288 -0.0342923 -0.2871139  0.0075129  0.4158083  0.0563393 
 0.0000000  0.0000000  0.0000000  0.0000000  0.0000000  0.0000000  0.7071068  0.0000000  0.0000000  0.0000000  0.1242627 -0.1252339  0.2019203  0.1601814 -0.3645017  0.0992288  0.0342923  0.2871139 -0.0075129 -0.4158084 -0.0563393 
 0.0000000  0.0000000  0.0000000  0.0000000  0.0000000  0.0000000  0.0000000  0.7071068  0.0000000  0.0000000 -0.1242627  0.0105037 -0.4193082  0.3361597  0.1227876  0.1125303 -0.2903525 -0.0348413 -0.1515390 -0.2292599 -0.0827237 
 0.0000000  0.0000000  0.0000000  0.0000000  0.0000000  0.0000000  0.0000000  0.7071068  0.0000000  0.0000000  0.1242627 -0.0105038  0.4193082 -0.3361597 -0.1227876 -0.1125303  0.2903525  0.0348413  0.1515390  0.2292599  0.0827237 
 0.0000000  0.0000000  0.0000000  0.0000000  0.0000000  0.0000000  0.0000000  0.0000000  0.7071068  0.0000000 -0.1242627 -0.3488450  0.0292010 -0.3024566  0.1349439  0.1871238 -0.2676896  0.1374279  0.2121431 -0.0003163 -0.2859354 
 0.0000000  0.0000000  0.0000000  0.0000000  0.0000000  0.0000000  0.0000000  0.0000000  0.7071068  0.0000000  0.1242627  0.3488450 -0.0292010  0.3024566 -0.1349440 -0.1871238  0.2676896 -0.1374279 -0.2121432  0.0003163  0.2859354 
 0.0000000  0.0000000  0.0000000  0.0000000  0.0000000  0.0000000  0.0000000  0.0000000  0.0000000  0.7071068 -0.1242628 -0.1632450 -0.2694715 -0.0389958 -0.1133565  0.0482173  0.2715160 -0.2287412  0.4131928 -0.1914087  0.1875916 
 0.0000000  0.0000000  0.0000000  0.0000000  0.0000000  0.0000000  0.0000000  0.0000000  0.0000000  0.7071068  0.1242628  0.1632450  0.2694715  0.0389958  0.1133565 -0.0482172 -0.2715160  0.2287412 -0.4131928  0.1914087 -0.1875916 
 0.0000000  0.0000000  0.0000000  0.0000000  0.0000000  0.0000000  0.0000000  0.0000000  0.0000000  0.0000000  0.8313696  0.0137589 -0.2173508 -0.3304925  0.0512281  0.0380997 -0.2342119 -0.2020303 -0.0094101 -0.1984386  0.1138195 
