 0.7071036 -0.2164478 -0.0000023 -0.0000002  0.0000038  0.0000012 -0.0000012  0.0000030  0.0000043 -0.0000013  0.0000000  0.0000004 -0.0000011 -0.0000012  0.0000002  0.0000001 -0.0521388 -0.3170140 -0.0698625 -0.0611641  0.1926968 -0.2067207  0.4601873 -0.1666857 -0.1479685 
 0.7071099  0.2164483  0.0000010 -0.0000014 -0.0000001  0.0000017 -0.0000004 -0.0000016  0.0000001  0.0000008 -0.0000004 -0.0000035 -0.0000006  0.0000009  0.0000035  0.0000001  0.0521368  0.3170033  0.0698613  0.0611535 -0.1926948  0.2067273 -0.4601840  0.1666853  0.1479703 
-0.0000018  0.9519981  0.0000003  0.0000001 -0.0000001  0.0000012  0.0000002 -0.0000004  0.0000003  0.0000000  0.0000004  0.0000006 -0.0000003  0.0000001  0.0000001  0.0000001 -0.0237086 -0.1441518 -0.0317698 -0.0278099  0.0876196 -0.0940037  0.2092569 -0.0757982 -0.0672853 
-0.0000021 -0.0000010  0.7070948 -0.2164401 -0.0000056  0.0000010 -0.0000038  0.0000021  0.0000003  0.0000008  0.0000001 -0.0000013 -0.0000095 -0.0000012 -0.0000002  0.0000055 -0.0521300  0.2044607 -0.0272329 -0.2794209  0.0519602  0.2066524  0.1286175 -0.3958043  0.3335007 
 0.0000034 -0.0000004  0.7071187  0.2164305  0.0000045  0.0000003  0.0000008 -0.0000009 -0.0000014 -0.0000002 -0.0000036  0.0000026  0.0000085  0.0000014 -0.0000005 -0.0000060  0.0521279 -0.2044597  0.0272359  0.2794100 -0.0519606 -0.2066421 -0.1286097  0.3957921 -0.3334898 
-0.0000001  0.0000001  0.0000017  0.9520040  0.0000009 -0.0000004  0.0000009  0.0000005  0.0000001  0.0000000  0.0000006  0.0000003 -0.0000012 -0.0000007 -0.0000003  0.0000011 -0.0237018  0.0929656 -0.0123788 -0.1270488  0.0236252  0.0939589  0.0584767 -0.1799701  0.1516385 
 0.0000021  0.0000009  0.0000020  0.0000007  0.7071089 -0.2164383  0.0000002  0.0000020  0.0000089  0.0000021  0.0000014  0.0000033 -0.0000019  0.0000007  0.0000048  0.0000015 -0.0521312  0.2495164 -0.2773678  0.4109670  0.0120596  0.0481445  0.3008878  0.1367324  0.1750888 
-0.0000058  0.0000005 -0.0000010 -0.0000050  0.7071047  0.2164401 -0.0000016 -0.0000029  0.0000003 -0.0000044 -0.0000032 -0.0000044  0.0000018 -0.0000012 -0.0000064  0.0000001  0.0521310 -0.2495112  0.2773714 -0.4109763 -0.0120556 -0.0481430 -0.3008892 -0.1367323 -0.1750818 
-0.0000003 -0.0000013 -0.0000003  0.0000018 -0.0000004  0.9520022 -0.0000007  0.0000003  0.0000002  0.0000004 -0.0000006  0.0000016 -0.0000004  0.0000001 -0.0000001  0.0000003 -0.0237035  0.1134576 -0.1261214  0.1868709  0.0054858  0.0218859  0.1368128  0.0621710  0.0796117 
 0.0000005 -0.0000031  0.0000023 -0.0000019  0.0000032  0.0000004  0.7071050 -0.2164441  0.0000024 -0.0000002  0.0000041 -0.0000030 -0.0000010 -0.0000014  0.0000042  0.0000012 -0.0521368 -0.2815706 -0.3862180  0.1071048 -0.2490829 -0.1288599 -0.2320578 -0.2322177  0.1552270 
 0.0000011  0.0000026  0.0000006 -0.0000008 -0.0000018  0.0000011  0.7071086  0.2164427  0.0000065  0.0000029  0.0000014  0.0000017 -0.0000024  0.0000037 -0.0000004  0.0000000  0.0521351  0.2815707  0.3862152 -0.1071109  0.2490726  0.1288618  0.2320616  0.2322158 -0.1552279 
-0.0000012  0.0000002 -0.0000005 -0.0000001  0.0000018  0.0000006  0.0000003  0.9520003  0.0000003 -0.0000011  0.0000002  0.0000011 -0.0000002 -0.0000001  0.0000001  0.0000001 -0.0237063 -0.1280322 -0.1756168  0.0487002 -0.1132581 -0.0586002 -0.1055257 -0.1055889  0.0705849 
-0.0000050  0.0000020  0.0000007  0.0000009 -0.0000082  0.0000005 -0.0000022 -0.0000039  0.7070966 -0.2164419  0.0000047  0.0000016 -0.0000063  0.0000010 -0.0000003 -0.0000010 -0.0521334 -0.1486952 -0.0692934 -0.2047339  0.2475920 -0.1497840 -0.0560637  0.3587654  0.4074663 
 0.0000006 -0.0000010  0.0000004 -0.0000006 -0.0000010  0.0000018 -0.0000067  0.0000022  0.7071169  0.2164357 -0.0000006 -0.0000013  0.0000060 -0.0000036  0.0000008 -0.0000007  0.0521332  0.1486821  0.0692964  0.2047297 -0.2475842  0.1497856  0.0560529 -0.3587574 -0.4074535 
-0.0000009  0.0000002 -0.0000004  0.0000006  0.0000001  0.0000007 -0.0000009 -0.0000009  0.0000000  0.9520024 -0.0000002 -0.0000004 -0.0000004  0.0000003 -0.0000003  0.0000007 -0.0237049 -0.0676144 -0.0315074 -0.0930931  0.1125789 -0.0681070 -0.0254921  0.1631276  0.1852721 
-0.0000053  0.0000000 -0.0000016  0.0000016  0.0000017  0.0000057 -0.0000051  0.0000042 -0.0000051 -0.0000006  0.7070930 -0.2164446 -0.0000005 -0.0000005 -0.0000018 -0.0000005 -0.0521253 -0.3384763  0.0560052 -0.0036940 -0.2006698  0.4906265  0.1504687  0.1598257  0.0597492 
 0.0000057 -0.0000005  0.0000050 -0.0000013  0.0000001 -0.0000034 -0.0000003 -0.0000036  0.0000009  0.0000024  0.7071206  0.2164362 -0.0000033  0.0000019  0.0000005  0.0000007  0.0521239  0.3384643 -0.0560004  0.0036911  0.2006570 -0.4906083 -0.1504629 -0.1598180 -0.0597542 
-0.0000002  0.0000004 -0.0000025 -0.0000005  0.0000011  0.0000022 -0.0000001 -0.0000004 -0.0000016  0.0000003  0.0000000  0.9520016 -0.0000008 -0.0000006  0.0000004  0.0000003 -0.0237012 -0.1539048  0.0254666 -0.0016834 -0.0912478  0.2230865  0.0684137  0.0726685  0.0271698 
 0.0000002  0.0000017  0.0000013 -0.0000019  0.0000005 -0.0000012  0.0000066  0.0000017 -0.0000040 -0.0000030  0.0000045  0.0000031  0.7070955 -0.2164390  0.0000059 -0.0000072  0.0521364 -0.1238178 -0.0585067  0.2272703  0.4958901  0.2511331 -0.2199896 -0.1427988 -0.0477959 
 0.0000015 -0.0000014 -0.0000002 -0.0000020 -0.0000003  0.0000006 -0.0000032 -0.0000011  0.0000043 -0.0000002 -0.0000007 -0.0000011  0.7071181  0.2164308 -0.0000119  0.0000001 -0.0521357  0.1238160  0.0585140 -0.2272638 -0.4958689 -0.2511279  0.2199878  0.1427869  0.0478189 
 0.0000000  0.0000001  0.0000002  0.0000001  0.0000006 -0.0000001  0.0000005 -0.0000004  0.0000000  0.0000001  0.0000002  0.0000010  0.0000010  0.9520041  0.0000007 -0.0000004  0.0237051 -0.0563000 -0.0266091  0.1033340  0.2254709  0.1141901 -0.1000274 -0.0649301 -0.0217408 
 0.0000003 -0.0000005 -0.0000008 -0.0000029  0.0000013  0.0000014  0.0000003  0.0000008 -0.0000030 -0.0000005  0.0000020 -0.0000008 -0.0000068  0.0000060  0.7071140 -0.2164395  0.0521339 -0.1280792  0.4489201  0.3088041 -0.0521796 -0.1497574  0.0250572 -0.1459792  0.3000740 
-0.0000040 -0.0000006  0.0000015  0.0000034  0.0000004  0.0000021 -0.0000042  0.0000004  0.0000025  0.0000006 -0.0000006 -0.0000004  0.0000127 -0.0000015  0.7070995  0.2164442 -0.0521356  0.1280801 -0.4489211 -0.3088240  0.0521702  0.1497544 -0.0250529  0.1459856 -0.3000827 
 0.0000008 -0.0000001 -0.0000001  0.0000001 -0.0000009 -0.0000002  0.0000001  0.0000002  0.0000001 -0.0000010  0.0000004 -0.0000006  0.0000008  0.0000004 -0.0000002  0.9520010  0.0237073 -0.0582429  0.2041292  0.1404251 -0.0237211 -0.0680954  0.0113893 -0.0663754  0.1364433 
 0.0000000  0.0000000  0.0000000  0.0000000  0.0000000  0.0000000  0.0000000  0.0000000  0.0000000  0.0000000  0.0000000  0.0000000  0.0000000  0.0000000  0.0000000  0.0000000  0.9757148 -0.0447907 -0.1372951 -0.0668562 -0.0458822  0.0186916  0.1116547  0.0176126  0.0861582 
