 0.4472136  0.0000000  0.0000000  0.0000000  0.0000000  0.1363558 -0.2130300 -0.3344959 -0.1259650  0.4006492 -0.0101385 -0.0505359 -0.0889237 -0.0393600 -0.1447304  0.2292483 -0.1447895 -0.2316786  0.2633623  0.0809242  0.1421547 -0.0599144 -0.0721836  0.2234210  0.3642298 
 0.4472136  0.0000000  0.0000000  0.0000000  0.0000000  0.2014600  0.1452276  0.1684175  0.1506380 -0.2621197  0.2460817  0.0339248  0.0626506 -0.2632261  0.0827049  0.2042345  0.2585124 -0.1578502 -0.1303289 -0.1707246 -0.1492708  0.3051754 -0.1501953 -0.3043168  0.2581256 
 0.4472136  0.0000000  0.0000000  0.0000000  0.0000000 -0.0042435 -0.0444140 -0.0695090 -0.2129400  0.0014703  0.0897333  0.0621874 -0.0962832  0.5410950  0.2942876 -0.3188155  0.0720588  0.0801115 -0.1911525 -0.4043496  0.0446730 -0.1540393  0.0351720  0.0098614 -0.0830893 
 0.4472136  0.0000000  0.0000000  0.0000000  0.0000000 -0.3828156  0.3100670 -0.0072799  0.3992453 -0.0785389 -0.1640086  0.1112999 -0.1830457 -0.1163121 -0.0512501 -0.1544084 -0.1801788  0.2314051  0.2766361  0.1287026 -0.0150526 -0.0299697 -0.2151380  0.0742504 -0.2165096 
 0.4472136  0.0000000  0.0000000  0.0000000  0.0000000  0.0492433 -0.1978506  0.2428673 -0.2109783 -0.0614610 -0.1616679 -0.1568761  0.3056020 -0.1221968 -0.1810120  0.0397411 -0.0056028  0.0780121 -0.2185171  0.3654474 -0.0225042 -0.0612519  0.4023449 -0.0032161 -0.3227565 
 0.0000000  0.4472136  0.0000000  0.0000000  0.0000000 -0.0232355 -0.0545611  0.1582876 -0.1329161 -0.2455121 -0.2067618 -0.1033670 -0.3569309 -0.2336484  0.3524577  0.1665471 -0.3859844  0.0599864 -0.0567703 -0.1541199 -0.1077033 -0.0532353  0.2265688  0.1527965  0.1934484 
 0.0000000  0.4472136  0.0000000  0.0000000  0.0000000  0.1071146 -0.2705149 -0.1267008  0.2879167  0.0876715 -0.1113191 -0.3088796 -0.2154580 -0.0965713 -0.0772245 -0.3288385  0.4202644  0.0841210  0.0178590 -0.0041670  0.2872598  0.2258736  0.0739134 -0.0739791 -0.0505937 
 0.0000000  0.4472136  0.0000000  0.0000000  0.0000000  0.1052172  0.2241189  0.3962408 -0.4353360  0.1688015  0.0690594 -0.0272398  0.0552229  0.0863503 -0.1707755 -0.0130561  0.1461625  0.0261795  0.2886138 -0.0076096 -0.1397929  0.0654541 -0.3777791  0.1508857 -0.1536734 
 0.0000000  0.4472136  0.0000000  0.0000000  0.0000000 -0.2165343  0.2639369 -0.1161263  0.0374898  0.2392186  0.1186884  0.3690580  0.2990770 -0.0895338  0.2519341  0.0429079 -0.0207599 -0.2474080 -0.2319812  0.1583991  0.3589159 -0.0899691  0.0856110 -0.1112433 -0.0331861 
 0.0000000  0.4472136  0.0000000  0.0000000  0.0000000  0.0274379 -0.1629798 -0.3117012  0.2428457 -0.2501795  0.1303332  0.0704284  0.2180890  0.3334031 -0.3563918  0.1324396 -0.1596827  0.0771211 -0.0177212  0.0074975 -0.3986795 -0.1481234 -0.0083140 -0.1184597  0.0440048 
 0.0000000  0.0000000  0.4472136  0.0000000  0.0000000  0.2160788  0.0693317  0.2736048  0.2515948  0.2593978  0.0467175 -0.0534890  0.1064687 -0.1648039 -0.2537477 -0.2533292 -0.3235723 -0.1656897  0.0001082 -0.4092087  0.0197708 -0.2105531  0.1339375 -0.0875318 -0.0320107 
 0.0000000  0.0000000  0.4472136  0.0000000  0.0000000  0.0601583  0.1856447 -0.4575601 -0.2300178  0.1458878  0.0402946 -0.0567713 -0.0234186 -0.1534267  0.1627938 -0.2165000 -0.0801414  0.0514733 -0.0962917  0.1505013 -0.4098579  0.3835484  0.0514643 -0.0005650 -0.1316008 
 0.0000000  0.0000000  0.4472136  0.0000000  0.0000000 -0.1509981  0.0377659 -0.0054805 -0.1194938 -0.1810626  0.2038425 -0.4467376  0.0295912  0.1613558  0.0290111  0.2286995 -0.1633027  0.2342950 -0.0197823  0.1363338  0.4256859 -0.0438185 -0.2370607 -0.2507490  0.0689689 
 0.0000000  0.0000000  0.4472136  0.0000000  0.0000000 -0.0178768 -0.2548704  0.0254012  0.0935915  0.0670335 -0.4067805  0.2175180  0.2015668 -0.0140627  0.3124537  0.2860339  0.3726113  0.1316857  0.2264661 -0.0962183 -0.1308604 -0.2106635 -0.0821819 -0.0376486 -0.0370048 
 0.0000000  0.0000000  0.4472136  0.0000000  0.0000000 -0.1073622 -0.0378720  0.1640346  0.0043254 -0.2912566  0.1159260  0.3394800 -0.3142082  0.1709376 -0.2505108 -0.0449041  0.1944051 -0.2517642 -0.1105003  0.2185920  0.0952617  0.0814867  0.1338408  0.3764943  0.1316474 
 0.0000000  0.0000000  0.0000000  0.4472136  0.0000000  0.2780753  0.4000179 -0.0216556  0.1643992 -0.1069570 -0.3099393 -0.1287130  0.2788129  0.3111653  0.0532408  0.0771673 -0.0320337  0.0189733  0.1046547 -0.0275387  0.1542800  0.2621328  0.2006717  0.2560551  0.1276650 
 0.0000000  0.0000000  0.0000000  0.4472136  0.0000000 -0.1471323  0.0049421 -0.0069963  0.0319287  0.3332222  0.1307915  0.0808598 -0.3142229 -0.0131162 -0.2100787  0.4695099  0.0738823  0.2286419 -0.2624092 -0.2364735 -0.0251456  0.1112027  0.0962238 -0.0159700 -0.2721588 
 0.0000000  0.0000000  0.0000000  0.4472136  0.0000000 -0.2152988 -0.1275307  0.0859085  0.0515811 -0.0280747  0.2662217 -0.2273397 -0.0740874  0.0835997  0.2451467 -0.0572495  0.0333004 -0.4635666  0.3966609  0.1381461 -0.1916023 -0.0985164  0.1747060 -0.1815355 -0.1606934 
 0.0000000  0.0000000  0.0000000  0.4472136  0.0000000  0.0920870  0.0359991  0.1105316 -0.1130196  0.1150856 -0.0912744  0.1735264 -0.1232681 -0.0504985 -0.0573762 -0.3083798  0.0400526  0.2888027 -0.1181502  0.3095227 -0.0987044 -0.2722891 -0.0632598 -0.3102152  0.4674578 
 0.0000000  0.0000000  0.0000000  0.4472136  0.0000000 -0.0077311 -0.3134284 -0.1677881 -0.1348894 -0.3132760  0.0042004  0.1016665  0.2327655 -0.3311503 -0.0309326 -0.1810480 -0.1152016 -0.0728513 -0.1207563 -0.1836567  0.1611723 -0.0025300 -0.4083417  0.2516657 -0.1622706 
 0.0000000  0.0000000  0.0000000  0.0000000  0.4472136 -0.0218984 -0.2491744  0.2819910  0.3126928  0.2683425  0.0226739 -0.1109323  0.0702090  0.1945537  0.2363945 -0.0143324 -0.1755621 -0.0357912 -0.3140648  0.2166457 -0.1629397  0.1912636 -0.3010285  0.2043055  0.0572337 
 0.0000000  0.0000000  0.0000000  0.0000000  0.4472136  0.1128567 -0.1253416  0.0210457 -0.0227855 -0.0414603  0.4436674  0.2610461  0.1241686 -0.1120618  0.0890252 -0.0458413 -0.0475305  0.4285530  0.3850462 -0.0345171  0.1374561  0.1218204  0.2987984  0.0806296  0.0315987 
 0.0000000  0.0000000  0.0000000  0.0000000  0.4472136  0.1113065 -0.0602180 -0.0353454 -0.1780863 -0.1030927 -0.3840397  0.2481759 -0.1935031  0.1397830 -0.1435462  0.0321780 -0.2025657 -0.2412609  0.0973924 -0.0197107  0.1520157  0.2316946 -0.0577018 -0.4801714 -0.1813626 
 0.0000000  0.0000000  0.0000000  0.0000000  0.4472136  0.3658914  0.3034213 -0.2045883  0.0548278 -0.1219261  0.0646358 -0.1629668 -0.1964914 -0.1247496  0.0432190  0.0999594  0.2094970 -0.0868765 -0.1192465  0.1045107 -0.0177098 -0.5213046 -0.0665847  0.1420515 -0.2104768 
 0.0000000  0.0000000  0.0000000  0.0000000  0.4472136 -0.5681563  0.1313127 -0.0631030 -0.1666488 -0.0018635 -0.1469375 -0.2353230  0.1956168 -0.0975253 -0.2250925 -0.0719637  0.2161612 -0.0646243 -0.0491273 -0.2669287 -0.1088222 -0.0234740  0.1265165  0.0531848  0.3030071 
