 0.5588388  0.0000000  0.0000000 -0.1570568  0.1260251  0.4203172 -0.1551162  0.1819942  0.6029951 -0.0714036 -0.2111847 
 0.5588388  0.0000000  0.0000000  0.2720274 -0.3911524 -0.0652968  0.1026683  0.4098947 -0.3864331  0.3570057 -0.0331421 
 0.4332426  0.0000000 -0.1255962 -0.3818915  0.1577790 -0.0467768  0.2781690 -0.4283733 -0.0802634  0.1555834  0.5762577 
 0.4332426  0.0000000  0.1255962  0.2335912  0.1842082 -0.4111634 -0.2105166 -0.3351029 -0.1990794 -0.5239810 -0.2611009 
 0.0000000  0.5588388  0.0000000 -0.0600454  0.5163298 -0.1862676  0.4901166  0.2828748 -0.0311649  0.0554785 -0.2419092 
 0.0000000  0.5588388  0.0000000 -0.1234270 -0.2618467 -0.3224072 -0.4306731 -0.2704556  0.2290422  0.4201833 -0.1109727 
 0.0000000  0.4332426 -0.1255962  0.2748816  0.2503835  0.3685095 -0.4484900  0.1551204 -0.2592587 -0.1553440  0.4537873 
 0.0000000  0.4332426  0.1255962 -0.0382208 -0.5786407  0.2876291  0.3718139 -0.1711399  0.0040171 -0.4582111  0.0013943 
 0.0000000  0.0000000  0.5588388  0.6103583  0.1261253  0.0853977  0.2011958 -0.2502588  0.2964424  0.2564981  0.1875712 
 0.0000000  0.0000000  0.5588388 -0.3039887 -0.0783104 -0.3689968 -0.1298477  0.4580125  0.1341758 -0.2282512  0.3952989 
 0.0000000  0.0000000  0.5588388 -0.3743281  0.1325641  0.3836706 -0.1458776 -0.1553904 -0.4630848  0.1925496 -0.2930051 
