 0.6859943  0.0000000  0.0000000  0.0000000  0.0000000  0.0000000  0.0000000  0.0000000  0.0000000  0.0000000  0.1248211  0.0272848 -0.1645383 -0.1105808 -0.1345521  0.3640285  0.0940793 -0.0986785 -0.3543012  0.0179010 -0.0574951  0.0535867 -0.3878847  0.1483596 -0.0091969 
 0.5144958 -0.1714986  0.0000000  0.0000000  0.0000000  0.0000000  0.0000000  0.0000000  0.0000000  0.0000000 -0.1342933 -0.1459143  0.1252672  0.1279344 -0.0134337 -0.0277300 -0.1135248 -0.0471649  0.1297128 -0.2163627  0.2478145  0.0562390  0.5411844 -0.0545231  0.4408734 
 0.5144958  0.1714986  0.0000000  0.0000000  0.0000000  0.0000000  0.0000000  0.0000000  0.0000000  0.0000000 -0.0321349  0.1095346  0.0941172  0.0195066  0.1928365 -0.4576413 -0.0119142  0.1787362  0.3426887  0.1924946 -0.1711544 -0.1276879 -0.0240048 -0.1432897 -0.4286109 
 0.0000000  0.6859943  0.0000000  0.0000000  0.0000000  0.0000000  0.0000000  0.0000000  0.0000000  0.0000000  0.0196077  0.0906926 -0.2782992 -0.0091305  0.1750654  0.2275786 -0.2025835  0.2591937 -0.1056980  0.2724049  0.1899082 -0.0538318  0.3052821  0.1641001  0.0902300 
 0.0000000  0.6859943  0.0000000  0.0000000  0.0000000  0.0000000  0.0000000  0.0000000  0.0000000  0.0000000 -0.0451473 -0.1545548  0.2860867  0.0362374 -0.2266330 -0.1201008  0.1771808 -0.3156689  0.0524540 -0.3746193 -0.0851660  0.0998136 -0.1639848 -0.1419085  0.1271411 
 0.0000000  0.0000000  0.6859943  0.0000000  0.0000000  0.0000000  0.0000000  0.0000000  0.0000000  0.0000000  0.1379784  0.4984712  0.1278133  0.1261379 -0.0553088  0.0801389  0.1096202 -0.1662672  0.2341707  0.0359789  0.1781505  0.2178936  0.0244632  0.2080868 -0.0355864 
 0.0000000  0.0000000  0.5144958 -0.1714986  0.0000000  0.0000000  0.0000000  0.0000000  0.0000000  0.0000000 -0.0686038 -0.4590886  0.0673853 -0.1526862 -0.2723176  0.0382283  0.0753112  0.4028702 -0.1469484  0.2059916 -0.1323258  0.2048906  0.0870827 -0.2934728 -0.0417002 
 0.0000000  0.0000000  0.5144958  0.1714986  0.0000000  0.0000000  0.0000000  0.0000000  0.0000000  0.0000000 -0.1153674 -0.2055396 -0.2378030 -0.0154977  0.3460626 -0.1450801 -0.2214715 -0.1811805 -0.1652791 -0.2539635 -0.1052082 -0.4954154 -0.1197003  0.0160237  0.0891487 
 0.0000000  0.0000000  0.0000000  0.6859943  0.0000000  0.0000000  0.0000000  0.0000000  0.0000000  0.0000000  0.0943185  0.0054991  0.2290144  0.0529954  0.2225650  0.0847498  0.1385483  0.4489826 -0.1489934 -0.3239019  0.1074724  0.1854374 -0.0318878 -0.0148211 -0.1159544 
 0.0000000  0.0000000  0.0000000  0.6859943  0.0000000  0.0000000  0.0000000  0.0000000  0.0000000  0.0000000 -0.0826276 -0.0688863 -0.1527173 -0.0872926 -0.3771601 -0.0389227 -0.0643527 -0.3029699  0.1535761  0.4388907 -0.1142518 -0.0103609  0.0835836 -0.0625530  0.0832421 
 0.0000000  0.0000000  0.0000000  0.0000000  0.6859943  0.0000000  0.0000000  0.0000000  0.0000000  0.0000000 -0.1293352  0.0991650  0.2763204  0.0199939 -0.0701258 -0.0388171 -0.2608400  0.2290954  0.0674664  0.1509090  0.0751636 -0.1134409 -0.3665499  0.0372902  0.3428675 
 0.0000000  0.0000000  0.0000000  0.0000000  0.5144958 -0.1714986  0.0000000  0.0000000  0.0000000  0.0000000 -0.2872366 -0.0230211 -0.1672051 -0.2710144  0.0170006  0.1436524  0.5004913 -0.1240615  0.0413319 -0.1075994  0.2170387 -0.1605877  0.2361064 -0.0262010 -0.3033488 
 0.0000000  0.0000000  0.0000000  0.0000000  0.5144958  0.1714986  0.0000000  0.0000000  0.0000000  0.0000000  0.4596835 -0.1091988 -0.2012221  0.2443559  0.0765005 -0.0918963 -0.1527046 -0.1813990 -0.1312871 -0.0936125 -0.3172568  0.3118423  0.2526268 -0.0235193 -0.1538079 
 0.0000000  0.0000000  0.0000000  0.0000000  0.0000000  0.6859943  0.0000000  0.0000000  0.0000000  0.0000000 -0.0347127  0.3275250  0.1600007 -0.0150891 -0.2730745  0.0179114  0.0387936  0.0516956 -0.2948835 -0.0577115 -0.0320857 -0.3731223  0.2059911 -0.1884054 -0.0870220 
 0.0000000  0.0000000  0.0000000  0.0000000  0.0000000  0.6859943  0.0000000  0.0000000  0.0000000  0.0000000 -0.1520173 -0.3059806 -0.1514965 -0.1137535  0.2581995  0.0409757  0.1245054 -0.0373613  0.3380383  0.0542148  0.1656596  0.2550148 -0.2101212  0.1877350  0.0496368 
 0.0000000  0.0000000  0.0000000  0.0000000  0.0000000  0.0000000  0.6859943  0.0000000  0.0000000  0.0000000 -0.3605777 -0.0426928  0.1350267  0.1376663 -0.0749492  0.2220331 -0.1627695  0.0257883  0.0587509 -0.0915345 -0.3286228  0.0278819  0.0994699  0.3332823 -0.1916811 
 0.0000000  0.0000000  0.0000000  0.0000000  0.0000000  0.0000000  0.5144958 -0.1714986  0.0000000  0.0000000  0.2419221 -0.0455586  0.2832469 -0.1424163  0.3509872 -0.1623814  0.2532335 -0.2200512 -0.2783876  0.3594016  0.1549022 -0.0118242  0.0291624 -0.1337281  0.1819957 
 0.0000000  0.0000000  0.0000000  0.0000000  0.0000000  0.0000000  0.5144958  0.1714986  0.0000000  0.0000000  0.2388481  0.1024823 -0.4632825 -0.0411388 -0.2510550 -0.1336627 -0.0362076  0.1856668  0.2000531 -0.2373557  0.2832616 -0.0253516 -0.1617889 -0.3106484  0.0735791 
 0.0000000  0.0000000  0.0000000  0.0000000  0.0000000  0.0000000  0.0000000  0.6859943  0.0000000  0.0000000 -0.1662075 -0.0227172 -0.0486435  0.5541893  0.1147931  0.0238383  0.3087805 -0.0128573 -0.1168792  0.2055084 -0.0308304 -0.0377399 -0.0596274 -0.1078323  0.0952360 
 0.0000000  0.0000000  0.0000000  0.0000000  0.0000000  0.0000000  0.0000000  0.6859943  0.0000000  0.0000000  0.1669760 -0.0142930  0.2352759 -0.5795086  0.0357175 -0.0310180 -0.2364202 -0.0885722 -0.0027310 -0.0563191 -0.0012594  0.0411217  0.1073652  0.1520624 -0.0681319 
 0.0000000  0.0000000  0.0000000  0.0000000  0.0000000  0.0000000  0.0000000  0.0000000  0.6859943  0.0000000 -0.3051924  0.2164877 -0.1794262 -0.1232464 -0.0060543 -0.3812768  0.0326529  0.0360789 -0.2768870 -0.0402406 -0.0608266  0.2982745  0.0089397  0.1021246  0.1130481 
 0.0000000  0.0000000  0.0000000  0.0000000  0.0000000  0.0000000  0.0000000  0.0000000  0.5144958 -0.1714986  0.3781198 -0.3348546  0.1344916  0.1767555 -0.2209936 -0.0079763  0.1275374  0.0790564  0.1296404  0.0401904  0.1677625 -0.3679375  0.0227437  0.3712043 -0.0988841 
 0.0000000  0.0000000  0.0000000  0.0000000  0.0000000  0.0000000  0.0000000  0.0000000  0.5144958  0.1714986  0.0288034  0.0462043  0.1047434 -0.0124269  0.2290659  0.5163453 -0.1710747 -0.1271616  0.2395422  0.0134637 -0.0866604 -0.0297618 -0.0346632 -0.5073705 -0.0518467 
 0.0000000  0.0000000  0.0000000  0.0000000  0.0000000  0.0000000  0.0000000  0.0000000  0.0000000  0.6859943  0.1729700  0.0610491 -0.0685252 -0.1202644  0.0049640 -0.0148257  0.3238574  0.1864648  0.1681418 -0.0378459 -0.3813050 -0.1466181  0.0815874  0.1814068  0.3170969 
 0.0000000  0.0000000  0.0000000  0.0000000  0.0000000  0.0000000  0.0000000  0.0000000  0.0000000  0.6859943 -0.0856409 -0.1563139  0.0759623  0.1675600 -0.1174788 -0.1162547 -0.2492044 -0.1349103 -0.1956173  0.0445276  0.4449107  0.0620742 -0.0672356  0.0382369 -0.3288563 
