 0.7534227 -0.1588008  0.0547333 -0.0081901 -0.0006918 -0.0041023 -0.0021279  0.0010222 -0.0003200  0.0000135  0.0010542  0.0000143 -0.0004460 -0.0021708  0.0017205 -0.0007659  0.0001200 -0.1555914 -0.3063379  0.1178065  0.5216428 
 0.6570315  0.1792606 -0.0627411 -0.0116823 -0.0028391  0.0058886  0.0152483 -0.0006092  0.0005439  0.0080917  0.0047517  0.0014683  0.0005685  0.0025464 -0.0020503  0.0009128 -0.0001135  0.1989429  0.3647495 -0.1339143 -0.5840983 
 0.0017015  0.9708364  0.0201622 -0.0000042  0.0000747 -0.0013509  0.0000420  0.0007373  0.0000026  0.0012299  0.0008666  0.0004819 -0.0001196 -0.0008124  0.0006448 -0.0002810  0.0000593 -0.0569833 -0.1130796  0.0384018  0.1988777 
 0.0000542  0.0004190  0.9962935  0.0003658  0.0008708  0.0000336 -0.0001318 -0.0001748 -0.0000504  0.0004932 -0.0000403  0.0002260  0.0000369  0.0003163 -0.0002327  0.0000849 -0.0000198  0.0157326  0.0442217 -0.0127231 -0.0709421 
 0.0184244  0.0025278 -0.0046207  0.6655404  0.1976393 -0.0566019 -0.0034385  0.0000858  0.0010699 -0.0119388 -0.0168349 -0.0016459  0.0009791  0.0010232  0.0012153 -0.0014945  0.0004055 -0.6566928  0.1381755 -0.2407235 -0.0754347 
 0.0028047 -0.0008443  0.0032410  0.7455894 -0.1750478  0.0503304 -0.0051563  0.0041095  0.0011052 -0.0022623  0.0022612 -0.0005316 -0.0009587 -0.0010497 -0.0010146  0.0013583 -0.0004084  0.5830564 -0.1503101  0.2152662  0.0442129 
-0.0006592 -0.0002672  0.0004872 -0.0013345  0.9644821  0.0206838 -0.0024742  0.0005830  0.0003630 -0.0018833  0.0037557 -0.0005812 -0.0003878 -0.0004236 -0.0004217  0.0005586 -0.0001655  0.2399912 -0.0603026  0.0879960  0.0185187 
 0.0001516 -0.0001980  0.0001536  0.0001851  0.0000555  0.9968851  0.0002623 -0.0000440 -0.0000010 -0.0003051 -0.0005446 -0.0003595  0.0001039  0.0000897  0.0001520 -0.0001735  0.0000467 -0.0738005  0.0121205 -0.0249611 -0.0017083 
-0.0031169 -0.0036431  0.0038555 -0.0049767 -0.0007233 -0.0005785  0.7213721  0.1854873  0.0507881 -0.0054597 -0.0032724  0.0037929  0.0028875 -0.0027855  0.0013960  0.0011234  0.0004679  0.1088849 -0.3904814 -0.5222874 -0.0733738 
-0.0087744 -0.0006832 -0.0022744  0.0142234  0.0039174  0.0002533  0.6923259 -0.1923235 -0.0531270 -0.0017565  0.0034329 -0.0037036 -0.0030228  0.0028387 -0.0014094 -0.0011881 -0.0004850 -0.1161106  0.3979210  0.5480416  0.0913888 
-0.0014121  0.0002011 -0.0011657  0.0003154  0.0010107 -0.0000131 -0.0006465  0.9635902 -0.0203801 -0.0009234 -0.0013897 -0.0021415 -0.0012007  0.0010897 -0.0005356 -0.0004615 -0.0002017 -0.0486469  0.1505302  0.2129662  0.0261274 
-0.0005232 -0.0000334 -0.0002287 -0.0004411 -0.0000829  0.0000408  0.0001291  0.0000249  0.9970791 -0.0001010  0.0000143 -0.0003065 -0.0003138  0.0003227 -0.0001612 -0.0001292 -0.0000469 -0.0119529  0.0461266  0.0585262  0.0116819 
 0.0058212  0.0047257 -0.0017932 -0.0097561 -0.0008602 -0.0008129  0.0040549 -0.0048678  0.0025148  0.7318888 -0.1715415 -0.0486350 -0.0034941 -0.0016899  0.0010507 -0.0002949 -0.0012286 -0.1774187 -0.4060395  0.3156489 -0.3692520 
-0.0137954 -0.0089447  0.0018668  0.0247584  0.0065097  0.0004795  0.0029441  0.0075498 -0.0022926  0.6812382  0.1853985  0.0524970  0.0037720  0.0017853 -0.0010812  0.0002913  0.0013280  0.1797782  0.4316956 -0.3431529  0.4016592 
-0.0000384  0.0010124 -0.0004740  0.0033691 -0.0012963 -0.0008839  0.0000266  0.0003749  0.0012139 -0.0010263  0.9673929 -0.0188473 -0.0013050 -0.0006472  0.0004353 -0.0001356 -0.0004603 -0.0797206 -0.1556024  0.1137703 -0.1423525 
 0.0000380  0.0000048 -0.0003699 -0.0001308  0.0004092  0.0002184 -0.0001628  0.0000249  0.0001403 -0.0002099  0.0001476  0.9972386 -0.0004187 -0.0001675  0.0001087 -0.0000447 -0.0001420 -0.0215033 -0.0425392  0.0400453 -0.0404830 
 0.0000000  0.0000003 -0.0000001  0.0000001  0.0000000 -0.0000005  0.0000000  0.0000000 -0.0000001 -0.0000001  0.0000000  0.0000003  0.9999750 -0.0000002 -0.0000009 -0.0000077 -0.0000138 -0.0010258 -0.0014056  0.0066140 -0.0017702 
 0.0000000  0.0000000  0.0000000  0.0000000  0.0000000  0.0000000  0.0000000  0.0000000  0.0000000  0.0000000  0.0000000  0.0000000  0.0000000  0.9999811  0.0000125  0.0000046 -0.0000012  0.0005104 -0.0059865 -0.0008914  0.0009993 
 0.0000000  0.0000000  0.0000000  0.0000000  0.0000000  0.0000000  0.0000000  0.0000000  0.0000000  0.0000000  0.0000000  0.0000000  0.0000000  0.0000071  0.9999915  0.0000007  0.0000000  0.0022923  0.0031703  0.0009154 -0.0009595 
 0.0000000  0.0000000  0.0000000  0.0000000  0.0000000  0.0000000  0.0000000  0.0000000  0.0000000  0.0000000  0.0000000  0.0000000  0.0000000  0.0000003  0.0000034  0.9999955 -0.0000001 -0.0026391  0.0005617  0.0010727  0.0007687 
 0.0000000  0.0000000  0.0000000  0.0000000  0.0000000  0.0000000  0.0000000  0.0000000  0.0000000  0.0000000  0.0000000  0.0000000  0.0000000 -0.0000010  0.0000000 -0.0000004  0.9999978 -0.0000216 -0.0007838  0.0016269 -0.0010642 
