 0.7046703 -0.2063836  0.0023151  0.0001654 -0.0001279 -0.0005727  0.0614827 -0.0003174 -0.0004804 -0.0000864 -0.0003392  0.0033834  0.0000901  0.0035060  0.0000623  0.0000420  0.0008645 -0.4618094 -0.0447239 -0.0315761  0.3657529 -0.1882791  0.0552998 -0.2617011 
 0.7095336  0.2048163 -0.0010261 -0.0001033 -0.0006405  0.0010260 -0.0609933  0.0001532  0.0005224  0.0000196  0.0003789 -0.0033408 -0.0000869 -0.0034861 -0.0000670 -0.0000421 -0.0008592  0.4583407  0.0448666  0.0312466 -0.3629771  0.1874336 -0.0556177  0.2604278 
 0.0001141  0.9567932 -0.0005494  0.0001618 -0.0002975 -0.0000483  0.0262229 -0.0000017 -0.0002252 -0.0000271 -0.0001600  0.0014291  0.0000386  0.0015057  0.0000299  0.0000187  0.0003706 -0.1982571 -0.0195285 -0.0138271  0.1559037 -0.0802636  0.0239305 -0.1124939 
-0.0008514  0.0015694  0.7047481 -0.2063733  0.0008660 -0.0004818  0.0616894 -0.0000715  0.0001296 -0.0000646 -0.0000229  0.0043229 -0.0000036 -0.0035419 -0.0001622 -0.0000303 -0.0009516  0.2389135  0.1976719  0.1338852  0.4406913 -0.1959649 -0.2084270  0.2583918 
-0.0004272  0.0001519  0.7094528  0.2051961 -0.0011045  0.0005624 -0.0615854 -0.0000215 -0.0001536  0.0001113  0.0000143 -0.0043254  0.0000116  0.0035050  0.0001676  0.0000252  0.0009437 -0.2350227 -0.1962989 -0.1327583 -0.4393046  0.1951918  0.2070993 -0.2556809 
-0.0001377  0.0002017 -0.0001423  0.9567154  0.0001355  0.0001548  0.0264527  0.0000563  0.0000524 -0.0000831  0.0000062  0.0018593  0.0000042 -0.0015168 -0.0000683 -0.0000089 -0.0004081  0.1020807  0.0847839  0.0573114  0.1891749 -0.0840164 -0.0894383  0.1106860 
 0.0009505  0.0005644 -0.0001297  0.0003233  0.7072123 -0.2067982 -0.0627236 -0.0000877  0.0000125 -0.0000970 -0.0004348  0.0075263 -0.0000117  0.0002677  0.0002525 -0.0005289  0.0000114  0.2942141 -0.1063095  0.1816756  0.0008401 -0.3400320  0.4063441 -0.2036781 
-0.0001800 -0.0000155  0.0003741  0.0000666  0.7069995  0.2068337  0.0624485  0.0000995  0.0000113  0.0000799  0.0004245 -0.0075428  0.0000236 -0.0002592 -0.0002414  0.0005276 -0.0000090 -0.2947766  0.1058013 -0.1820353 -0.0023196  0.3407794 -0.4059251  0.2031720 
-0.0000949 -0.0001690 -0.0001686 -0.0003238  0.0000214  0.9562700 -0.0267987 -0.0000692 -0.0000056  0.0000298 -0.0001862  0.0032680 -0.0000044  0.0001181  0.0001144 -0.0002268  0.0000049  0.1268618 -0.0457583  0.0787367  0.0017426 -0.1477560  0.1755581 -0.0881802 
 0.0000475  0.0000310 -0.0000064  0.0000478  0.0000607 -0.0001028  0.9874015  0.0000121  0.0000562  0.0000162  0.0000068  0.0000023 -0.0000169  0.0000430  0.0000592 -0.0000785  0.0000149  0.0707823 -0.0354644  0.0112815 -0.1090901  0.0049437  0.0770835 -0.0278592 
 0.0001617 -0.0000882 -0.0000019 -0.0000640  0.0000295  0.0000086  0.0000163  0.7070149 -0.2070401  0.0000300  0.0000186 -0.0734962 -0.0000111 -0.0000079  0.0000072 -0.0000173 -0.0000056  0.2457272 -0.3068913 -0.5012426  0.1712568 -0.0053127 -0.0858413 -0.0965838 
 0.0000010 -0.0000463  0.0000959 -0.0000267 -0.0000411  0.0000297 -0.0000091  0.7071985  0.2069999 -0.0000372 -0.0000156  0.0734867  0.0000122  0.0000111 -0.0000124  0.0000133  0.0000077 -0.2458706  0.3067612  0.5011435 -0.1709423  0.0050842  0.0859858  0.0963367 
 0.0000012  0.0000005 -0.0000011  0.0000006 -0.0000024  0.0000006 -0.0000019 -0.0000103  0.9561824 -0.0000036  0.0000021 -0.0318209 -0.0000058  0.0000018  0.0000018 -0.0000045 -0.0000018  0.1058273 -0.1329678 -0.2171035  0.0743742 -0.0024024 -0.0370746 -0.0421535 
 0.0000957 -0.0000121 -0.0000365  0.0000562 -0.0000177 -0.0000455  0.0000068  0.0000128  0.0000149  0.7070198 -0.2071462 -0.0735500  0.0000018 -0.0000020 -0.0000153  0.0000017 -0.0000087 -0.0766334 -0.4347320  0.2312847 -0.1507609 -0.2537735 -0.3308136  0.0829404 
-0.0000292  0.0000181 -0.0000106  0.0000052  0.0000351 -0.0000467 -0.0000152 -0.0000056  0.0000095  0.7071937  0.2070983  0.0735322 -0.0000004  0.0000012  0.0000140  0.0000008  0.0000079  0.0766532  0.4346844 -0.2311042  0.1509015  0.2535414  0.3307771 -0.0829278 
-0.0000036 -0.0000006  0.0000016 -0.0000029 -0.0000035  0.0000000 -0.0000111  0.0000015  0.0000060 -0.0000023  0.9561381 -0.0318498  0.0000038 -0.0000001 -0.0000032  0.0000000 -0.0000037 -0.0332967 -0.1884562  0.1003378 -0.0650377 -0.1103966 -0.1428767  0.0355301 
 0.0000009 -0.0000004  0.0000072 -0.0000002  0.0000011 -0.0000003  0.0000000 -0.0000024  0.0000012  0.0000072  0.0000013  0.9880105 -0.0000008 -0.0000007  0.0000002  0.0000057 -0.0000006  0.0237302 -0.1204966 -0.0479805 -0.0036461 -0.0332308 -0.0730243  0.0006636 
-0.0000026 -0.0000086 -0.0000007 -0.0000052 -0.0000089  0.0000015  0.0000016  0.0000009  0.0000018 -0.0000012 -0.0000065 -0.0000071  0.7071065 -0.2071879  0.0000006 -0.0000037 -0.0736981 -0.1242066  0.2163908 -0.3133490 -0.2397118 -0.4385584  0.0217382  0.2023229 
-0.0000001  0.0000079 -0.0000079 -0.0000049 -0.0000030 -0.0000057  0.0000031 -0.0000020 -0.0000006 -0.0000002  0.0000022  0.0000055  0.7071071  0.2071864  0.0000039  0.0000002  0.0736984  0.1243623 -0.2163923  0.3133500  0.2396259  0.4385899 -0.0217324 -0.2022576 
 0.0000002 -0.0000013  0.0000001 -0.0000003 -0.0000015 -0.0000002  0.0000003  0.0000000 -0.0000002  0.0000001  0.0000006 -0.0000002  0.0000003  0.9560821 -0.0000013 -0.0000002 -0.0319563 -0.0484565  0.0957902 -0.1346024 -0.1032356 -0.1899522  0.0070504  0.0919515 
 0.0000007 -0.0000015 -0.0000106 -0.0000005 -0.0000095 -0.0000017 -0.0000150 -0.0000036  0.0000046  0.0000038 -0.0000010 -0.0000045 -0.0000056  0.0000012  0.7070949 -0.2072051  0.0736811 -0.1375722 -0.2548224 -0.0215439  0.1218767  0.0848748  0.3494379  0.4724031 
 0.0000039 -0.0000012  0.0000040 -0.0000031 -0.0000013 -0.0000087 -0.0000006  0.0000088 -0.0000011 -0.0000024 -0.0000028 -0.0000011  0.0000011 -0.0000031  0.7071185  0.2071988 -0.0736797  0.1375372  0.2549986  0.0214993 -0.1217273 -0.0846856 -0.3498731 -0.4720381 
 0.0000002 -0.0000004  0.0000000 -0.0000024 -0.0000007 -0.0000001  0.0000004  0.0000002 -0.0000008 -0.0000006  0.0000001  0.0000000  0.0000011  0.0000000 -0.0000002  0.9561036  0.0319349 -0.0591922 -0.1106086 -0.0091145  0.0527831  0.0363399  0.1520276  0.2044652 
 0.0000000  0.0000000  0.0000000  0.0000000  0.0000000  0.0000000  0.0000000  0.0000000  0.0000000  0.0000000  0.0000000  0.0000000  0.0000000  0.0000000  0.0000000  0.0000000  0.9880460  0.0036887  0.0774615 -0.0472622 -0.0587354 -0.0854381 -0.0541511 -0.0428440 
