 0.5479346  0.0819946 -0.0330641 -0.0221170 -0.0105732 -0.0028319 -0.0008547 -0.0006364  0.0005081  0.0002487  0.0001273  0.3367333  0.1348957 -0.2545598  0.2365154 -0.1125766 -0.1710517  0.0832494 -0.1869243  0.4562430 -0.1264390  0.3601314  0.0370422 
 0.5541876 -0.0805623 -0.0328939  0.0227742 -0.0090201  0.0023748 -0.0012389  0.0008714  0.0002160 -0.0003168 -0.0000190 -0.3505158 -0.1586920 -0.0969696 -0.1081291  0.0258347  0.4851209  0.4295781  0.1516431 -0.1544440 -0.1281852 -0.0509462 -0.1706859 
 0.6266128 -0.0000690  0.0577929 -0.0007745  0.0172524  0.0003762  0.0018428 -0.0002143 -0.0006353  0.0000627 -0.0000948  0.0158082  0.0222967  0.3082618 -0.1111403  0.0756030 -0.2795339 -0.4527759  0.0294678 -0.2626710  0.2237297 -0.2698581  0.1182613 
-0.0004035  0.7015205  0.0000506  0.0033875  0.0001631  0.0003089 -0.0004022 -0.0000251  0.0001235  0.0000357 -0.0004247  0.2892708  0.0148531 -0.0080366  0.0587216 -0.1876286  0.0440129 -0.0814107  0.2250692 -0.3268761 -0.2394126 -0.0098575 -0.4021900 
 0.0000644  0.7033175  0.0000475  0.0019539 -0.0000043  0.0002941  0.0003591  0.0001990 -0.0001578 -0.0001009  0.0004066 -0.3680241 -0.0486464  0.0265866 -0.0985280  0.2031804  0.0315503  0.1206288 -0.1852933  0.2551183  0.2388419 -0.0379870  0.3773340 
 0.0002006 -0.0000342  0.7045683 -0.0000487 -0.0015088 -0.0000061 -0.0001818  0.0001463  0.0000978  0.0000073 -0.0000561 -0.1114762  0.3226136  0.2475677  0.0093151 -0.4584995  0.2393411 -0.0313548  0.1017637  0.1966397  0.0842882  0.0253502  0.0209492 
-0.0000124  0.0000286  0.7057395  0.0000624 -0.0008455 -0.0000467 -0.0000672 -0.0001177 -0.0000117 -0.0000156  0.0000688  0.1094314 -0.3249828 -0.2888546  0.0058474  0.4474682 -0.2014655  0.0923021 -0.1057003 -0.1606354 -0.1143468  0.0113102 -0.0368179 
-0.0000148 -0.0001409  0.0000295  0.7066196 -0.0000430 -0.0001387  0.0000090 -0.0000112  0.0000092  0.0000222 -0.0000184 -0.3862638  0.1790987 -0.2818608  0.0770522 -0.1300333 -0.2644090 -0.1109717  0.1238985 -0.2048942 -0.1389665  0.2099671  0.1190135 
-0.0000078 -0.0000040  0.0000449  0.7068699  0.0000094 -0.0000283  0.0000072 -0.0000375 -0.0000011 -0.0000041  0.0000238  0.4075859 -0.1695582  0.2772668 -0.0662727  0.1259861  0.2427635  0.0992449 -0.1351049  0.2246798  0.1398245 -0.1971359 -0.1112915 
-0.0000169  0.0000352 -0.0000041  0.0000160  0.7069000 -0.0000094 -0.0000364  0.0000208  0.0000289 -0.0000181 -0.0000009  0.0372450 -0.1727890 -0.0411990  0.0358579 -0.1479942  0.0061504  0.0847424 -0.0609944 -0.2000676  0.5114400  0.3472435 -0.1051116 
-0.0000085  0.0000073  0.0000272 -0.0000044  0.7069644 -0.0000120 -0.0000375 -0.0000138 -0.0000029  0.0000162  0.0000049 -0.0372684  0.1725312  0.0287924 -0.0309664  0.1443732  0.0045438 -0.0669045  0.0594559  0.2116016 -0.5202901 -0.3358053  0.1006968 
 0.0000000  0.0000000  0.0000000  0.0000000  0.0000000  0.7070986  0.0000000 -0.0000051  0.0000012  0.0000017  0.0000001 -0.1035378 -0.2043774  0.0887865  0.0991664 -0.2073466 -0.4104979  0.2893256  0.1591744  0.1639969  0.0530475 -0.2416817 -0.1453904 
 0.0000000  0.0000000  0.0000000  0.0000000  0.0000000  0.7071051 -0.0000001 -0.0000004  0.0000005  0.0000003  0.0000004  0.1060276  0.2054610 -0.0897121 -0.0977678  0.2067700  0.4082429 -0.2902180 -0.1604549 -0.1615122 -0.0532672  0.2434897  0.1460834 
 0.0000000  0.0000000  0.0000000  0.0000000  0.0000000 -0.0000001  0.7071046  0.0000008  0.0000008 -0.0000003  0.0000000 -0.1574644  0.1331802  0.1990212 -0.3176520  0.0440330 -0.1662824  0.0471571 -0.3481642  0.0164795 -0.1175314  0.1653521 -0.3500021 
 0.0000000  0.0000000  0.0000000  0.0000000  0.0000000  0.0000000  0.7071047  0.0000003  0.0000016  0.0000000  0.0000000  0.1575499 -0.1332682 -0.2002840  0.3181243 -0.0446057  0.1677070 -0.0452295  0.3483651 -0.0157930  0.1163234 -0.1642820  0.3490207 
 0.0000000  0.0000000  0.0000000  0.0000000  0.0000000  0.0000000  0.0000000  0.7071063  0.0000000  0.0000004  0.0000000  0.1510721  0.1340030 -0.2030188 -0.1311541 -0.2657521 -0.0246048  0.2121428 -0.3388226 -0.2406319  0.0079467 -0.2786088  0.1848743 
 0.0000000  0.0000000  0.0000000  0.0000000  0.0000000  0.0000000  0.0000001  0.7071064  0.0000000  0.0000002  0.0000000 -0.1501641 -0.1337850  0.2029080  0.1314923  0.2657577  0.0236839 -0.2127478  0.3384969  0.2410221 -0.0079664  0.2788952 -0.1847254 
 0.0000000  0.0000000  0.0000000  0.0000000  0.0000000  0.0000000  0.0000001  0.0000000  0.7071065 -0.0000001  0.0000000 -0.0408243  0.2629689 -0.3642775 -0.0663127  0.1279872  0.0236779 -0.1043585  0.0756313  0.1608712  0.2865334 -0.2318344 -0.3111356 
 0.0000000  0.0000000  0.0000000  0.0000000  0.0000000  0.0000000  0.0000002  0.0000000  0.7071065  0.0000000  0.0000000  0.0405921 -0.2630552  0.3647413  0.0660393 -0.1276885 -0.0239875  0.1038052 -0.0756129 -0.1612919 -0.2861422  0.2313204  0.3114211 
 0.0000000  0.0000000  0.0000000  0.0000000  0.0000000  0.0000000  0.0000000  0.0000000  0.0000000  0.7071067  0.0000000 -0.1904602 -0.3039971 -0.0953401  0.2387368 -0.1906001  0.1309590 -0.3160893 -0.3239988  0.0741406 -0.0688969 -0.1287517 -0.1415586 
 0.0000000  0.0000000  0.0000000  0.0000000  0.0000000  0.0000000  0.0000000  0.0000000  0.0000000  0.7071067  0.0000000  0.1901361  0.3038438  0.0953629 -0.2388771  0.1906959 -0.1306508  0.3163235  0.3240807 -0.0743021  0.0689369  0.1286307  0.1415224 
 0.0000000  0.0000000  0.0000000  0.0000000  0.0000000  0.0000001  0.0000000  0.0000000  0.0000000  0.0000000  0.7071066  0.0679002 -0.2691918 -0.1794838 -0.5076036 -0.2028443 -0.0063706 -0.1657980  0.1572165  0.1624326 -0.0513313  0.0650491  0.0800422 
 0.0000000  0.0000000  0.0000000  0.0000000  0.0000000  0.0000000  0.0000000  0.0000000  0.0000000  0.0000000  0.7071067 -0.0676258  0.2692692  0.1795791  0.5076398  0.2025570  0.0064087  0.1655985 -0.1569074 -0.1628804  0.0511132 -0.0651200 -0.0804849 
