 0.7071068  0.0000000  0.0000000  0.0000000  0.0000000  0.0000000  0.0000000  0.0000000  0.0000000  0.0000000  0.0000000 -0.4815425 -0.1739359 -0.1355757  0.1738281 -0.0678515 -0.3080168  0.0054433 -0.1010922 -0.0856012 -0.1996800  0.1798305 
 0.7071068  0.0000000  0.0000000  0.0000000  0.0000000  0.0000000  0.0000000  0.0000000  0.0000000  0.0000000  0.0000000  0.4815425  0.1739359  0.1355757 -0.1738281  0.0678515  0.3080168 -0.0054433  0.1010922  0.0856012  0.1996800 -0.1798305 
 0.0000000  0.7071068  0.0000000  0.0000000  0.0000000  0.0000000  0.0000000  0.0000000  0.0000000  0.0000000  0.0000000  0.0428805 -0.2166045 -0.0750882 -0.2871202  0.0443436 -0.0572845  0.1911841  0.3273949  0.1713547 -0.4047906 -0.1447859 
 0.0000000  0.7071068  0.0000000  0.0000000  0.0000000  0.0000000  0.0000000  0.0000000  0.0000000  0.0000000  0.0000000 -0.0428805  0.2166045  0.0750882  0.2871202 -0.0443436  0.0572845 -0.1911841 -0.3273949 -0.1713547  0.4047906  0.1447859 
 0.0000000  0.0000000  0.7071068  0.0000000  0.0000000  0.0000000  0.0000000  0.0000000  0.0000000  0.0000000  0.0000000 -0.1876494 -0.0022694 -0.0082729 -0.2135482 -0.1147600 -0.0677409  0.3343046  0.1938007  0.1474271  0.4393582  0.1930386 
 0.0000000  0.0000000  0.7071068  0.0000000  0.0000000  0.0000000  0.0000000  0.0000000  0.0000000  0.0000000  0.0000000  0.1876494  0.0022694  0.0082729  0.2135482  0.1147600  0.0677409 -0.3343046 -0.1938007 -0.1474271 -0.4393582 -0.1930386 
 0.0000000  0.0000000  0.0000000  0.7071068  0.0000000  0.0000000  0.0000000  0.0000000  0.0000000  0.0000000  0.0000000  0.1566258 -0.0193465  0.1524716 -0.0625311  0.2123710 -0.3188474 -0.1536951 -0.1837247  0.4419344 -0.0014678  0.2201957 
 0.0000000  0.0000000  0.0000000  0.7071068  0.0000000  0.0000000  0.0000000  0.0000000  0.0000000  0.0000000  0.0000000 -0.1566258  0.0193465 -0.1524716  0.0625311 -0.2123710  0.3188474  0.1536951  0.1837247 -0.4419344  0.0014678 -0.2201957 
 0.0000000  0.0000000  0.0000000  0.0000000  0.7071068  0.0000000  0.0000000  0.0000000  0.0000000  0.0000000  0.0000000  0.0189747  0.0576956 -0.3341515 -0.1035157 -0.2447479 -0.2604689 -0.1559999 -0.1132579  0.1299323  0.1532139 -0.4106977 
 0.0000000  0.0000000  0.0000000  0.0000000  0.7071068  0.0000000  0.0000000  0.0000000  0.0000000  0.0000000  0.0000000 -0.0189747 -0.0576956  0.3341515  0.1035157  0.2447479  0.2604689  0.1559999  0.1132579 -0.1299323 -0.1532139  0.4106977 
 0.0000000  0.0000000  0.0000000  0.0000000  0.0000000  0.7071068  0.0000000  0.0000000  0.0000000  0.0000000  0.0000000 -0.1159148  0.3864862  0.0442585 -0.0920530  0.3735614 -0.1945991  0.2728377 -0.1131878 -0.1437719 -0.0461936 -0.1982083 
 0.0000000  0.0000000  0.0000000  0.0000000  0.0000000  0.7071068  0.0000000  0.0000000  0.0000000  0.0000000  0.0000000  0.1159148 -0.3864862 -0.0442585  0.0920530 -0.3735614  0.1945991 -0.2728377  0.1131878  0.1437719  0.0461936  0.1982083 
 0.0000000  0.0000000  0.0000000  0.0000000  0.0000000  0.0000000  0.7071068  0.0000000  0.0000000  0.0000000  0.0000000  0.2759083 -0.2780094  0.1753278  0.2840759 -0.0033960 -0.3335454  0.2049512  0.0933087 -0.1887416  0.1334302 -0.1405128 
 0.0000000  0.0000000  0.0000000  0.0000000  0.0000000  0.0000000  0.7071068  0.0000000  0.0000000  0.0000000  0.0000000 -0.2759083  0.2780094 -0.1753278 -0.2840759  0.0033960  0.3335454 -0.2049512 -0.0933087  0.1887416 -0.1334302  0.1405128 
 0.0000000  0.0000000  0.0000000  0.0000000  0.0000000  0.0000000  0.0000000  0.7071068  0.0000000  0.0000000  0.0000000  0.2827328 -0.0732146 -0.4200739 -0.1968093  0.1135286 -0.0666685  0.0495829 -0.1212175 -0.2722292  0.0108827  0.3013187 
 0.0000000  0.0000000  0.0000000  0.0000000  0.0000000  0.0000000  0.0000000  0.7071068  0.0000000  0.0000000  0.0000000 -0.2827328  0.0732146  0.4200739  0.1968093 -0.1135286  0.0666685 -0.0495829  0.1212175  0.2722292 -0.0108827 -0.3013187 
 0.0000000  0.0000000  0.0000000  0.0000000  0.0000000  0.0000000  0.0000000  0.0000000  0.7071068  0.0000000  0.0000000  0.1017841  0.3929696 -0.0541536  0.1415283 -0.1324424 -0.2162060 -0.1583374  0.4249382 -0.0416460 -0.0873991  0.1815205 
 0.0000000  0.0000000  0.0000000  0.0000000  0.0000000  0.0000000  0.0000000  0.0000000  0.7071068  0.0000000  0.0000000 -0.1017841 -0.3929696  0.0541536 -0.1415283  0.1324424  0.2162060  0.1583374 -0.4249382  0.0416460  0.0873991 -0.1815205 
 0.0000000  0.0000000  0.0000000  0.0000000  0.0000000  0.0000000  0.0000000  0.0000000  0.0000000  0.7071068  0.0000000 -0.1577892 -0.1723572  0.0840559 -0.2133069  0.2919381 -0.0770090 -0.3978801  0.2356770 -0.2077719  0.1965718 -0.0775256 
 0.0000000  0.0000000  0.0000000  0.0000000  0.0000000  0.0000000  0.0000000  0.0000000  0.0000000  0.7071068  0.0000000  0.1577892  0.1723572 -0.0840559  0.2133069 -0.2919381  0.0770090  0.3978801 -0.2356770  0.2077719 -0.1965718  0.0775256 
 0.0000000  0.0000000  0.0000000  0.0000000  0.0000000  0.0000000  0.0000000  0.0000000  0.0000000  0.0000000  0.7071068  0.0376458  0.0544719  0.3490687 -0.3656233 -0.3464675 -0.1466497 -0.0376575 -0.1616299 -0.2325528 -0.1158670  0.0590941 
 0.0000000  0.0000000  0.0000000  0.0000000  0.0000000  0.0000000  0.0000000  0.0000000  0.0000000  0.0000000  0.7071068 -0.0376458 -0.0544719 -0.3490687  0.3656233  0.3464675  0.1466497  0.0376575  0.1616299  0.2325528  0.1158670 -0.0590941 
