 0.3283606 -0.0487062  0.0000000  0.2039851  0.0460577 -0.5125985  0.0182709 -0.3793807 -0.1459931  0.3638641 -0.1767791 -0.2510189 -0.2988875 -0.0032722  0.0454773  0.1595276  0.1128068 -0.1322910  0.1995127  0.0136942 -0.0624495  0.0100942 
 0.3283606  0.0487062  0.0000000  0.0359317 -0.3538578 -0.1778200  0.0001686  0.1614190 -0.1446846 -0.4441124 -0.0557487 -0.1213043 -0.2429607 -0.2114134  0.3391622 -0.0759705 -0.1344015  0.0452044 -0.3176365  0.1061311  0.2890629 -0.1711232 
 0.3283606  0.0000000 -0.0487062 -0.1989057  0.2299474  0.0814208 -0.0071288  0.0359257 -0.1226251  0.3037631 -0.0841931 -0.2155442  0.4866607 -0.4519992  0.1024807 -0.1655573 -0.2118934  0.2279941 -0.0375606  0.2143050 -0.0719774  0.0094095 
 0.3283606  0.0000000  0.0487062  0.1322536  0.0987543 -0.0150063 -0.2629178  0.2583334 -0.0235175  0.0075340  0.3102254  0.1714673 -0.1002430 -0.0797982 -0.2948915  0.4131940 -0.2408071  0.0838256 -0.0556332 -0.1602991 -0.3193743 -0.3609897 
 0.3770668  0.0000000  0.0000000 -0.2044831 -0.1414349  0.2716894  0.1716300  0.1216981  0.1617860 -0.1770779  0.0214838 -0.3766429  0.0547531  0.1875951  0.2102981  0.2530787  0.2264579  0.1250114  0.2624620 -0.3315403 -0.1920581  0.2213636 
 0.3770668  0.0000000  0.0000000 -0.4798525  0.0158606 -0.0092854 -0.0671949 -0.1019180 -0.1032087  0.0616567  0.2340971  0.5825377 -0.0072431  0.0792084  0.1494167  0.0021752  0.1412961 -0.2467183  0.1710107  0.1218349  0.2081190  0.0826069 
 0.3770668  0.0000000  0.0000000  0.3489877 -0.1017665  0.3313934 -0.4241009 -0.1671268  0.1654441  0.1812762 -0.0209189 -0.0122745  0.0071741  0.3623696 -0.0887264 -0.3360949 -0.0616947  0.0934576 -0.1630836 -0.0353879  0.2011358  0.1191476 
 0.3770668  0.0000000  0.0000000  0.1844640  0.2091392 -0.0503969  0.5387725  0.0809047  0.1563742 -0.2670590 -0.2290056  0.1689928  0.0806694  0.0208856 -0.4383867 -0.2075720  0.1069706 -0.1674547 -0.0863677  0.0937161 -0.0737378  0.0232768 
 0.0000000  0.3770668  0.0000000  0.0286058 -0.3287534 -0.2431138 -0.2285261 -0.1184436 -0.2214538 -0.1714876  0.0903129  0.0637730  0.2376321 -0.1881018 -0.2377077 -0.0660098  0.0834432 -0.0714647 -0.1189686 -0.1550637 -0.2893113  0.4961956 
 0.0000000  0.3770668  0.0000000 -0.0960760 -0.0583777  0.1044299  0.2803725  0.1068459  0.0099263  0.3847601  0.2937820 -0.2252469 -0.1033955 -0.1408182 -0.1630504 -0.0847493 -0.0173292 -0.3136496 -0.1822123 -0.3730686  0.3371717 -0.1001895 
 0.0000000  0.3770668  0.0000000  0.3279851 -0.1235224  0.2479546  0.1944542  0.2161963 -0.3854800  0.2486201 -0.2174358  0.2706673  0.0102662  0.0544913  0.1296908  0.2576143  0.2693184  0.2570343  0.0316590  0.1714817  0.0511713 -0.0110787 
 0.0000000  0.3770668  0.0000000 -0.3031651  0.0556481 -0.1593737 -0.2905613  0.3025165  0.1882704  0.0444468 -0.1359017 -0.1422638 -0.2303558  0.0772394 -0.1297598 -0.3291716  0.3714840  0.1270089  0.1062019  0.2044989 -0.1741009 -0.2521521 
 0.0000000  0.3770668  0.0000000 -0.0233311 -0.0441594  0.0323405  0.0640148 -0.4562150  0.3961957 -0.1682268  0.1311933 -0.0199092 -0.0009249 -0.1596113 -0.1933971  0.2884568 -0.0868197  0.3316109  0.1738796  0.2567183  0.2775861 -0.0488739 
 0.0000000  0.3770668  0.0000000  0.1057711  0.2445031 -0.2173513  0.1127987  0.1222347  0.0206599 -0.0492663  0.2745856 -0.1310582  0.1541719  0.4930416  0.3017019  0.0159522 -0.3566558 -0.1578013 -0.0349076  0.2793619 -0.1260578  0.1054655 
 0.0000000  0.3770668  0.0000000 -0.0180822  0.3063192  0.1918701 -0.1302146 -0.2429905 -0.0082875 -0.1844788 -0.4521700  0.1672824 -0.0746181 -0.1093551  0.2545866 -0.0516730 -0.2315086 -0.1956658  0.0911488 -0.3958688 -0.1218644 -0.1659588 
 0.0000000  0.0000000  0.3770668  0.0688255 -0.1225732 -0.2883282  0.1489259 -0.0541298  0.4486885  0.2160979  0.0329666  0.2886340  0.1859228 -0.0314957  0.3405250 -0.0713185  0.1432432  0.2209295 -0.2774619 -0.2385161 -0.1583302 -0.1119219 
 0.0000000  0.0000000  0.3770668 -0.0874689  0.4109195  0.1696541  0.0428490 -0.3215577 -0.3490733 -0.1732704  0.2651880 -0.1429679 -0.1821146  0.0452799  0.0015832 -0.0518675  0.2935908  0.1953157 -0.3660697  0.0170581 -0.0900404 -0.0001105 
 0.0000000  0.0000000  0.3770668  0.0269534 -0.1263570  0.3282301  0.0017684  0.0672444  0.2393370  0.1370237 -0.0381677 -0.0116869 -0.3647940 -0.2801914  0.0775640  0.0632676 -0.1348345 -0.3265025 -0.0395660  0.3745118 -0.2846434  0.2863313 
 0.0000000  0.0000000  0.3770668  0.0804347 -0.0953560 -0.0474872  0.1732470  0.0691987 -0.2100680 -0.0259232  0.1686605  0.0779615 -0.1745435 -0.0236955 -0.0587035 -0.4246482 -0.3099051  0.2995758  0.5501740 -0.1450260  0.0085560  0.0386284 
 0.0000000  0.0000000  0.3770668  0.1891206  0.3775221 -0.1693337 -0.2822589  0.3418269  0.0978826 -0.1123368 -0.0689984 -0.0549853  0.1340205 -0.1568482  0.0064915  0.1854319  0.1631677 -0.0869621  0.1413109 -0.0870984  0.4603044  0.2715615 
 0.0000000  0.0000000  0.3770668 -0.4284684 -0.1521026 -0.0894839  0.0217062  0.0220546 -0.1206993  0.1076740 -0.4360797 -0.0393033  0.0357790  0.3416951 -0.2873125  0.2272706 -0.3151949  0.1012572 -0.2127602 -0.0163855  0.1201274  0.0496006 
 0.0000000  0.0000000  0.3770668  0.1078268 -0.2751065  0.1092043 -0.0731970 -0.1533659 -0.1188694 -0.1110009  0.0254831 -0.1676428  0.4415409  0.0571780 -0.0288186 -0.0028938  0.1636675 -0.3849911  0.2067074  0.1438443 -0.0240172 -0.4862444 
