::::::::::::::
run.001.004
::::::::::::::
 0.5000000 -0.1227043 -0.5574004 -0.6513436 
 0.5000000 -0.7263077  0.4523847  0.1335111 
 0.5000000  0.2042673 -0.4369504  0.7192699 
 0.5000000  0.6447447  0.5419661 -0.2014375 
::::::::::::::
run.002.005
::::::::::::::
 0.6859943  0.0000000 -0.6225466 -0.1038326  0.3620308 
 0.5144958 -0.1714986  0.1589174 -0.2708083 -0.7792884 
 0.5144958  0.1714986  0.6711447  0.4092518  0.2965807 
 0.0000000  0.6859943 -0.3175501  0.5207738 -0.3966968 
 0.0000000  0.6859943  0.1894933 -0.6907888  0.1277295 
::::::::::::::
run.003.006
::::::::::::::
 0.7071068  0.0000000  0.0000000 -0.6667334  0.2326639 -0.0365251 
 0.7071068  0.0000000  0.0000000  0.6667334 -0.2326639  0.0365251 
 0.0000000  0.7071068  0.0000000 -0.0095601 -0.1363097 -0.6937783 
 0.0000000  0.7071068  0.0000000  0.0095601  0.1363097  0.6937783 
 0.0000000  0.0000000  0.7071068 -0.2353193 -0.6536721  0.1316725 
 0.0000000  0.0000000  0.7071068  0.2353193  0.6536721 -0.1316725 
::::::::::::::
run.004.007
::::::::::::::
 0.7071068  0.0000000  0.0000000 -0.1846990  0.3074545  0.6007905 -0.1020237 
 0.7071068  0.0000000  0.0000000  0.1846990 -0.3074545 -0.6007905  0.1020237 
 0.0000000  0.7071068  0.0000000 -0.1846990 -0.0136529  0.0655556  0.6792660 
 0.0000000  0.7071068  0.0000000  0.1846990  0.0136529 -0.0655556 -0.6792660 
 0.0000000  0.0000000  0.7071068 -0.1846990  0.5825785 -0.3556276 -0.0041905 
 0.0000000  0.0000000  0.7071068  0.1846990 -0.5825785  0.3556276  0.0041905 
 0.0000000  0.0000000  0.0000000  0.8918058  0.3630085  0.1287038  0.2373658 
::::::::::::::
run.005.008
::::::::::::::
 0.7071068  0.0000000  0.0000000 -0.1732226  0.0577409 -0.4161380  0.3767321  0.3893097 
 0.7071068  0.0000000  0.0000000  0.1732226 -0.0577409  0.4161380 -0.3767321 -0.3893097 
 0.0000000  0.7071068  0.0000000 -0.1732226 -0.0577409  0.4441413 -0.1053915  0.5082235 
 0.0000000  0.7071068  0.0000000  0.1732226  0.0577409 -0.4441413  0.1053915 -0.5082235 
 0.0000000  0.0000000  0.7071068  0.0000000 -0.2309634 -0.3564958 -0.5379379  0.1737512 
 0.0000000  0.0000000  0.7071068  0.0000000  0.2309634  0.3564958  0.5379379 -0.1737512 
 0.0000000  0.0000000  0.0000000  0.9380702  0.0000000  0.0103421  0.1002107  0.3314742 
 0.0000000  0.0000000  0.0000000  0.0000000  0.9380702 -0.0696414 -0.3242448  0.1001979 
::::::::::::::
run.006.009
::::::::::::::
 0.7071068 -0.2357023  0.0000000  0.0000000  0.0000000  0.0000000  0.2114866 -0.1116443  0.6222969 
 0.7071068  0.2357023  0.0000000  0.0000000  0.0000000  0.0000000 -0.2114866  0.1116443 -0.6222969 
 0.0000000  0.9428090  0.0000000  0.0000000  0.0000000  0.0000000  0.1057433 -0.0558221  0.3111484 
 0.0000000  0.0000000  0.7071068 -0.2357023  0.0000000  0.0000000 -0.6266989  0.0496084  0.2218827 
 0.0000000  0.0000000  0.7071068  0.2357023  0.0000000  0.0000000  0.6266989 -0.0496084 -0.2218827 
 0.0000000  0.0000000  0.0000000  0.9428090  0.0000000  0.0000000 -0.3133494  0.0248042  0.1109414 
 0.0000000  0.0000000  0.0000000  0.0000000  0.7071068 -0.2357023  0.0834647  0.6553770  0.0892137 
 0.0000000  0.0000000  0.0000000  0.0000000  0.7071068  0.2357023 -0.0834647 -0.6553770 -0.0892137 
 0.0000000  0.0000000  0.0000000  0.0000000  0.0000000  0.9428090  0.0417323  0.3276885  0.0446069 
::::::::::::::
run.007.010
::::::::::::::
 0.7071068 -0.2098362  0.0000000  0.0000000  0.0000000  0.0000000  0.0678129 -0.1288955 -0.5794181 -0.3146916 
 0.7071068  0.2098362  0.0000000  0.0000000  0.0000000  0.0000000 -0.0678129  0.1288955  0.5794181  0.3146916 
 0.0000000  0.9549542  0.0000000  0.0000000  0.0000000  0.0000000  0.0298016 -0.0566455 -0.2546360 -0.1382971 
 0.0000000  0.0000000  0.7071068 -0.2098362  0.0000000  0.0000000 -0.0678129  0.6580129 -0.1189948 -0.0650343 
 0.0000000  0.0000000  0.7071068  0.2098362  0.0000000  0.0000000  0.0678129 -0.6580129  0.1189948  0.0650343 
 0.0000000  0.0000000  0.0000000  0.9549542  0.0000000  0.0000000 -0.0298016  0.2891760 -0.0522945 -0.0285805 
 0.0000000  0.0000000  0.0000000  0.0000000  0.7071068 -0.2098362 -0.0678129 -0.0077492 -0.3254138  0.5877210 
 0.0000000  0.0000000  0.0000000  0.0000000  0.7071068  0.2098362  0.0678129  0.0077492  0.3254138 -0.5877210 
 0.0000000  0.0000000  0.0000000  0.0000000  0.0000000  0.9549542 -0.0298016 -0.0034055 -0.1430091  0.2582849 
 0.0000000  0.0000000  0.0000000  0.0000000  0.0000000  0.0000000  0.9847558  0.1176724  0.0203898  0.1264650 

::::::::::::::
run.008.011
::::::::::::::
 0.7071068  0.2039737  0.0000000  0.0000000 -0.0606474  0.0000000  0.0000000 -0.0202158  0.6318264  0.2322183  0.0343210 
 0.7071068 -0.2039737  0.0000000  0.0000000  0.0606474  0.0000000  0.0000000  0.0202158 -0.6318264 -0.2322183 -0.0343210 
 0.0000000  0.9574912  0.0000000  0.0000000  0.0258393  0.0000000  0.0000000  0.0086131 -0.2691952 -0.0989386 -0.0146228 
 0.0000000  0.0000000  0.7071068 -0.2039737  0.0606474  0.0000000  0.0000000 -0.0202158 -0.0504799  0.0523900  0.6700858 
 0.0000000  0.0000000  0.7071068  0.2039737 -0.0606474  0.0000000  0.0000000  0.0202158  0.0504799 -0.0523900 -0.6700858 
 0.0000000  0.0000000  0.0000000  0.9574912  0.0258393  0.0000000  0.0000000 -0.0086131 -0.0215074  0.0223212  0.2854959 
 0.0000000  0.0000000  0.0000000  0.0000000  0.9919437  0.0000000  0.0000000  0.0000000  0.0910049  0.0239852 -0.0847973 
 0.0000000  0.0000000  0.0000000  0.0000000  0.0000000  0.7071068 -0.2039737  0.0808632  0.2296571 -0.6279925  0.0688394 
 0.0000000  0.0000000  0.0000000  0.0000000  0.0000000  0.7071068  0.2039737 -0.0808632 -0.2296571  0.6279925 -0.0688394 
 0.0000000  0.0000000  0.0000000  0.0000000  0.0000000  0.0000000  0.9574912  0.0344525  0.0978474 -0.2675617  0.0293296 
 0.0000000  0.0000000  0.0000000  0.0000000  0.0000000  0.0000000  0.0000000  0.9919437 -0.0149954  0.1243343  0.0190753 
::::::::::::::
run.009.012
::::::::::::::
 0.7071067 -0.2033894  0.0821239  0.0000000  0.0000000  0.0000000  0.0000000  0.0000000  0.0000000  0.0586938  0.3505087  0.5706025 
 0.7071068  0.2033894 -0.0821239  0.0000000  0.0000000  0.0000000  0.0000000  0.0000000  0.0000000 -0.0586938 -0.3505086 -0.5706024 
 0.0000000  0.9577398  0.0348803  0.0000000  0.0000000  0.0000000  0.0000000  0.0000000  0.0000000  0.0249289  0.1488708  0.2423508 
 0.0000000  0.0000000  0.9926201  0.0000000  0.0000000  0.0000000  0.0000000  0.0000000  0.0000000 -0.0105880 -0.0632296 -0.1029331 
 0.0000000  0.0000000  0.0000000  0.7071068 -0.2033894  0.0821239  0.0000000  0.0000000  0.0000000  0.5489494 -0.3532371  0.1605193 
 0.0000000  0.0000000  0.0000000  0.7071068  0.2033894 -0.0821239  0.0000000  0.0000000  0.0000000 -0.5489495  0.3532372 -0.1605194 
 0.0000000  0.0000000  0.0000000  0.0000000  0.9577398  0.0348803  0.0000000  0.0000000  0.0000000  0.2331541 -0.1500297  0.0681770 
 0.0000000  0.0000000  0.0000000  0.0000000  0.0000000  0.9926201  0.0000000  0.0000000  0.0000000 -0.0990270  0.0637218 -0.0289567 
 0.0000000  0.0000000  0.0000000  0.0000000  0.0000000  0.0000000  0.7071068 -0.2033894  0.0821239  0.3835335  0.4519465 -0.3170723 
 0.0000000  0.0000000  0.0000000  0.0000000  0.0000000  0.0000000  0.7071068  0.2033894 -0.0821239 -0.3835335 -0.4519465  0.3170723 
 0.0000000  0.0000000  0.0000000  0.0000000  0.0000000  0.0000000  0.0000000  0.9577398  0.0348803  0.1628974  0.1919543 -0.1346694 
 0.0000000  0.0000000  0.0000000  0.0000000  0.0000000  0.0000000  0.0000000  0.0000000  0.9926201 -0.0691871 -0.0815283  0.0571979 
::::::::::::::
run.010.013
::::::::::::::
 0.7070940 -0.1982865  0.0696865 -0.0000030 -0.0000029  0.0000001  0.0000136  0.0000020 -0.0000006  0.0231461 -0.5395688  0.3706856 -0.1636040 
 0.7071196  0.1982780 -0.0696841 -0.0000017  0.0000025 -0.0000003  0.0000015  0.0000003 -0.0000004 -0.0231457  0.5395545 -0.3706690  0.1635896 
 0.0000009  0.9598793  0.0287897 -0.0000013  0.0000011 -0.0000002 -0.0000007  0.0000000 -0.0000001  0.0095625 -0.2229154  0.1531404 -0.0675881 
 0.0000001  0.0000001  0.9947156 -0.0000001 -0.0000001  0.0000001  0.0000000 -0.0000001  0.0000001 -0.0035197  0.0820496 -0.0563687  0.0248793 
 0.0000043  0.0000015 -0.0000004  0.7071085 -0.1982788  0.0696828 -0.0000063 -0.0000048  0.0000016  0.0231421  0.1018880  0.3867217  0.5434675 
 0.0000004 -0.0000001  0.0000008  0.7071050  0.1982798 -0.0696836 -0.0000107  0.0000050 -0.0000016 -0.0231422 -0.1018896 -0.3867225 -0.5434708 
 0.0000012 -0.0000019  0.0000003  0.0000000  0.9598805  0.0287882  0.0000025  0.0000002 -0.0000007  0.0095605  0.0420977  0.1597768  0.2245181 
-0.0000001  0.0000002  0.0000000  0.0000003  0.0000002  0.9947159 -0.0000001  0.0000000  0.0000001 -0.0035190 -0.0154950 -0.0588082 -0.0826401 
-0.0000026  0.0000012 -0.0000016  0.0000087  0.0000070 -0.0000021  0.7071191 -0.1982654  0.0696840  0.0231408 -0.3917932 -0.4107680  0.3647600 
-0.0000125  0.0000032  0.0000004  0.0000083 -0.0000092  0.0000016  0.7070945  0.1982708 -0.0696864 -0.0231422  0.3918152  0.4107734 -0.3647744 
 0.0000004 -0.0000001 -0.0000005 -0.0000001  0.0000011 -0.0000001  0.0000011  0.9598852  0.0287870  0.0095601 -0.1618555 -0.1696894  0.1506940 
 0.0000000  0.0000002  0.0000000  0.0000000  0.0000001  0.0000000 -0.0000001  0.0000005  0.9947157 -0.0035191  0.0595797  0.0624632 -0.0554705 
 0.0000000  0.0000000  0.0000000  0.0000000  0.0000000  0.0000000  0.0000000  0.0000000  0.0000000  0.9982359  0.0421902 -0.0176331 -0.0378696 
::::::::::::::
run.011.014
::::::::::::::
 0.6983254 -0.1980557  0.0640822  0.0072263  0.0021367  0.0003847  0.0197923 -0.0001076  0.0001046  0.0012069 -0.0017059  0.1528609 -0.4035026  0.5313899 
 0.7157526  0.1920925 -0.0625365  0.0016536 -0.0015013 -0.0004237 -0.0193268  0.0002906 -0.0001807 -0.0011578  0.0016743 -0.1491335  0.3936185 -0.5189687 
 0.0008570  0.9611689  0.0257762  0.0002807 -0.0011226  0.0005570  0.0077816 -0.0001069  0.0000499  0.0004862 -0.0006986  0.0576207 -0.1595099  0.2160155 
-0.0000139 -0.0000730  0.9956494  0.0000019 -0.0000741 -0.0000301 -0.0027016 -0.0000493 -0.0000425 -0.0001578  0.0002334 -0.0211025  0.0550326 -0.0721173 
-0.0041819 -0.0031326 -0.0005954  0.7081303 -0.1947465  0.0634586 -0.0210752 -0.0010583 -0.0000290  0.0011744 -0.0014688 -0.4843435  0.2995350  0.3630592 
-0.0046299  0.0043369  0.0000748  0.7060428  0.1953533 -0.0636283  0.0209786  0.0010551  0.0000073 -0.0011722  0.0014935  0.4844213 -0.2972538 -0.3684877 
-0.0003397  0.0003468 -0.0002691 -0.0000359  0.9611986  0.0258513 -0.0085832 -0.0005807 -0.0000345  0.0004832 -0.0005920 -0.1971454  0.1223709  0.1466733 
 0.0000137  0.0000883  0.0000140 -0.0000140 -0.0000610  0.9956182  0.0028813  0.0000856 -0.0000007 -0.0001598  0.0002083  0.0667598 -0.0408863 -0.0510641 
 0.0000111 -0.0000014 -0.0000041 -0.0000013 -0.0000150  0.0000052  0.9990999 -0.0000065  0.0000063 -0.0000044  0.0000012 -0.0286454  0.0307775 -0.0056167 
-0.0002040  0.0000299  0.0000235 -0.0000778  0.0000418  0.0000104  0.0000279  0.7072365 -0.1971367  0.0667884  0.0275557 -0.4471044 -0.4565627 -0.2176736 
 0.0000166 -0.0000045  0.0000841  0.0000845  0.0001654  0.0000806 -0.0000771  0.7069751  0.1972109 -0.0668082 -0.0275719  0.4457430  0.4574854  0.2192959 
 0.0000132  0.0000147  0.0000115 -0.0000178  0.0000013 -0.0000105  0.0000076 -0.0000010  0.9603358  0.0274297  0.0113191 -0.1833909 -0.1875259 -0.0898685 
-0.0000004  0.0000000 -0.0000005  0.0000004 -0.0000023  0.0000013  0.0000007 -0.0000002 -0.0000003  0.9951470 -0.0040042  0.0658445  0.0667880  0.0295011 
 0.0000000  0.0000000  0.0000000  0.0000000  0.0000000  0.0000000  0.0000000  0.0000000  0.0000000  0.0000000  0.9991623  0.0259617  0.0271006  0.0163178 
::::::::::::::
run.012.015
::::::::::::::
 0.7071315 -0.1973789  0.0669791 -0.0276620 -0.0000010  0.0000014 -0.0000008 -0.0000002 -0.0000009  0.0000033 -0.0000008 -0.0000003 -0.4394853 -0.1799013 -0.4798369 
 0.7070820  0.1973908 -0.0669839  0.0276640  0.0000119  0.0000004 -0.0000001 -0.0000002 -0.0000016  0.0000010 -0.0000007 -0.0000003  0.4395271  0.1799002  0.4798662 
 0.0000014  0.9602492  0.0275369 -0.0113726  0.0000001 -0.0000002  0.0000001  0.0000001  0.0000006 -0.0000001  0.0000000  0.0000001 -0.1806862 -0.0739577 -0.1972731 
 0.0000000  0.0000000  0.9951224  0.0040387  0.0000001  0.0000000  0.0000000  0.0000000 -0.0000001  0.0000000  0.0000000  0.0000000  0.0641660  0.0262644  0.0700565 
 0.0000000  0.0000000  0.0000000  0.9991616  0.0000000  0.0000000  0.0000000  0.0000000  0.0000000  0.0000000  0.0000000  0.0000000 -0.0266527 -0.0109094 -0.0290990 
-0.0000005 -0.0000030  0.0000008 -0.0000003  0.7071115 -0.1973893  0.0669834  0.0276648  0.0000044 -0.0000002  0.0000005 -0.0000001  0.0511741  0.6135777 -0.2769157 
-0.0000105 -0.0000007  0.0000003 -0.0000002  0.7071021  0.1973909 -0.0669843 -0.0276651 -0.0000056  0.0000002 -0.0000004  0.0000001 -0.0511835 -0.6135891  0.2769113 
 0.0000007 -0.0000001  0.0000000  0.0000000  0.0000007  0.9602470  0.0275387  0.0113737  0.0000001  0.0000003  0.0000000 -0.0000001  0.0210423  0.2522583 -0.1138460 
-0.0000001  0.0000000  0.0000000  0.0000000  0.0000000  0.0000000  0.9951221 -0.0040391  0.0000000 -0.0000001  0.0000000  0.0000000 -0.0074729 -0.0895842  0.0404299 
 0.0000000  0.0000000  0.0000000  0.0000000  0.0000000  0.0000000  0.0000000  0.9991615  0.0000000  0.0000000  0.0000000  0.0000000 -0.0031038 -0.0372116  0.0167939 
 0.0000092 -0.0000006  0.0000000 -0.0000002  0.0000002  0.0000023 -0.0000009 -0.0000002  0.7071030 -0.1973916  0.0669853  0.0276660 -0.5099057  0.2166449  0.3858116 
-0.0000067  0.0000000  0.0000000  0.0000002  0.0000011  0.0000003 -0.0000001 -0.0000001  0.7071105  0.1973895 -0.0669846 -0.0276658  0.5099002 -0.2166510 -0.3858029 
 0.0000001  0.0000004 -0.0000001  0.0000000 -0.0000002  0.0000000 -0.0000001  0.0000000  0.0000000  0.9602468  0.0275393  0.0113741 -0.2096326  0.0890699  0.1586159 
 0.0000000  0.0000000  0.0000000  0.0000000  0.0000000  0.0000000 -0.0000001  0.0000000  0.0000000 -0.0000001  0.9951219 -0.0040393  0.0744479 -0.0316321 -0.0563293 
 0.0000000  0.0000000  0.0000000  0.0000000  0.0000000  0.0000000  0.0000000  0.0000000  0.0000000  0.0000000  0.0000000  0.9991614  0.0309249 -0.0131393 -0.0233987 

::::::::::::::
run.013.016
::::::::::::::
 0.6812641 -0.1620572 -0.0480140  0.0319020 -0.0115075 -0.0015786 -0.0029680 -0.0043782 -0.0365364 -0.0039063 -0.0020364 -0.0004519 -0.0003676 -0.6073009  0.2841903 -0.2349415 
 0.7311702  0.1543757  0.0450254  0.0119615  0.0025605 -0.0000305  0.0022656 -0.0058049  0.0320987  0.0028948  0.0019104  0.0003142  0.0003541  0.5618601 -0.2567175  0.2381371 
-0.0018765  0.9738204 -0.0158116 -0.0019776  0.0001741  0.0008397 -0.0006123  0.0007197 -0.0014198  0.0013827 -0.0006316  0.0003006 -0.0001314 -0.1972604  0.0553941 -0.0971094 
-0.0001412  0.0003405  0.9976685  0.0002191  0.0003517  0.0001645 -0.0002212  0.0000935  0.0000606  0.0002135 -0.0001890  0.0000528 -0.0000376 -0.0602843  0.0189896 -0.0257335 
-0.0317643  0.0142219  0.0012176  0.6852243 -0.1801991 -0.0527729 -0.0148892  0.0114903  0.0005643 -0.0009665  0.0007557 -0.0001842  0.0003716 -0.2647856 -0.0282914  0.6501775 
-0.0119274 -0.0063283 -0.0001616  0.7275203  0.1706573  0.0496618  0.0140922 -0.0070858  0.0033752  0.0003483 -0.0006531  0.0002345 -0.0003407  0.2649376  0.0154300 -0.6068367 
 0.0023756  0.0010459 -0.0008404 -0.0003627  0.9686212 -0.0187563 -0.0052991  0.0007623 -0.0006908  0.0001006  0.0002308 -0.0000315  0.0001229 -0.1066019 -0.0092793  0.2234597 
 0.0000474  0.0000349 -0.0001654  0.0000809  0.0001656  0.9971920 -0.0015869 -0.0002081  0.0001095 -0.0001030  0.0000739 -0.0000247  0.0000386 -0.0297911 -0.0014826  0.0686715 
 0.0000727  0.0000590 -0.0000210  0.0000142  0.0000028 -0.0000068  0.9997672  0.0000122 -0.0000163  0.0000019  0.0000115 -0.0000022  0.0000090 -0.0116218  0.0004797  0.0181702 
 0.0000746  0.0256233  0.0060111  0.0003348  0.0056929  0.0004614  0.0004473  0.6990242 -0.1890670 -0.0486367 -0.0004931 -0.0080403  0.0001170  0.2487918  0.6299492  0.1171729 
 0.0104310 -0.0260656 -0.0059311 -0.0038233 -0.0020715  0.0011927 -0.0000684  0.7149060  0.1765873  0.0472751  0.0004704  0.0078930 -0.0001232 -0.2356621 -0.6179835 -0.1309383 
-0.0003622 -0.0000334 -0.0011395 -0.0013739  0.0011760 -0.0004550 -0.0001158  0.0061824  0.9647233 -0.0188204 -0.0003220 -0.0030556  0.0000206  0.0490609  0.2558911  0.0318593 
 0.0000242  0.0000673  0.0000437  0.0006745  0.0000133 -0.0000135 -0.0000153  0.0003303  0.0003794  0.9975062 -0.0000640 -0.0008251  0.0000101  0.0201613  0.0665766  0.0118753 
-0.0000001  0.0000000 -0.0000006 -0.0000001  0.0000001 -0.0000002 -0.0000002 -0.0000005 -0.0000003 -0.0000001  0.9999951  0.0000005 -0.0000019 -0.0017953  0.0018296 -0.0018137 
-0.0000071  0.0000013  0.0000082 -0.0000040  0.0000170 -0.0000054 -0.0000022  0.0000002  0.0000073 -0.0000020 -0.0000102  0.9999313  0.0000019  0.0035238  0.0109626  0.0022033 
 0.0000000  0.0000000  0.0000000  0.0000000  0.0000000  0.0000000  0.0000000  0.0000000  0.0000000  0.0000000  0.0000000  0.0000000  0.9999997 -0.0003067  0.0000645 -0.0006937 
::::::::::::::
run.014.017
::::::::::::::
 0.6690404  0.1933417  0.0033187  0.0050699 -0.0020999 -0.0327071 -0.0003329  0.0017857  0.0481558 -0.0014846  0.0031387 -0.0018854 -0.0009282  0.0009927 -0.2026450  0.0677321  0.6825692 
 0.7425876 -0.1730597  0.0000537 -0.0123561 -0.0010585  0.0086027 -0.0020516 -0.0013385 -0.0436079  0.0013894 -0.0028473  0.0018031  0.0008454 -0.0008379  0.1954955 -0.0923721 -0.6080401 
-0.0010929  0.9656530  0.0019578  0.0005435  0.0004246 -0.0020830  0.0006074 -0.0000907 -0.0176665  0.0005881 -0.0011249  0.0006949  0.0003538 -0.0003404  0.0837509 -0.0297953 -0.2434904 
-0.0203776 -0.0024997  0.6985406 -0.1954441 -0.0557832 -0.0021570 -0.0094324 -0.0034721 -0.0059888  0.0005818 -0.0004820  0.0021777 -0.0000115  0.0010966  0.1735593 -0.6494977  0.1348747 
 0.0168792 -0.0007789  0.7151171  0.1920321  0.0540305  0.0061741 -0.0003393  0.0011032  0.0057000 -0.0007244  0.0003899 -0.0020614 -0.0000518 -0.0010957 -0.1994923  0.6232308 -0.1422483 
-0.0015615 -0.0042813 -0.0004598  0.9615202 -0.0225917 -0.0032041  0.0005278 -0.0001857 -0.0031178  0.0003619 -0.0001966  0.0008602  0.0000538  0.0004354  0.0926374 -0.2530214  0.0482152 
 0.0001141 -0.0003860  0.0003530  0.0004279  0.9967201 -0.0000891  0.0003164  0.0001025 -0.0007848  0.0000826 -0.0000464  0.0002491  0.0000040  0.0001326  0.0232302 -0.0755109  0.0175006 
 0.0121814  0.0124271 -0.0199874  0.0119503  0.0004692  0.6909124 -0.1653032 -0.0508422 -0.0007503 -0.0034063 -0.0013792  0.0011925 -0.0014100 -0.0004098 -0.6454243 -0.2290308 -0.1511273 
 0.0095898  0.0016959  0.0152514 -0.0090132 -0.0011368  0.7221062  0.1597378  0.0482747  0.0036935  0.0031850  0.0014859 -0.0012171  0.0012980  0.0004604  0.6086113  0.2146919  0.1837835 
 0.0020992  0.0009091  0.0011215  0.0011358 -0.0005706 -0.0011777  0.9731723 -0.0164030 -0.0005700 -0.0010942 -0.0004869  0.0004250 -0.0004515 -0.0001365 -0.2076916 -0.0802221 -0.0555290 
-0.0001000  0.0000672 -0.0001037  0.0003247 -0.0002886  0.0003043 -0.0001877  0.9973952 -0.0001761 -0.0003383 -0.0001620  0.0001426 -0.0001393 -0.0000433 -0.0642966 -0.0266269 -0.0189525 
-0.0001032  0.0001822 -0.0000877  0.0000028  0.0001367 -0.0002947 -0.0002753 -0.0002243  0.9976843  0.0001366 -0.0003085  0.0002155  0.0000823 -0.0000784  0.0194299 -0.0171614 -0.0628768 
 0.0000000  0.0000000  0.0000000  0.0000000  0.0000000  0.0000000  0.0000000  0.0000000  0.0000000  0.9999857 -0.0000001 -0.0000004 -0.0000119 -0.0000018 -0.0052913 -0.0003848  0.0006422 
 0.0000000  0.0000000  0.0000000  0.0000000  0.0000000  0.0000000  0.0000000  0.0000000  0.0000000  0.0000000  0.9999879  0.0000078  0.0000000 -0.0000041 -0.0004325 -0.0018021 -0.0045479 
 0.0000000  0.0000000  0.0000000  0.0000000  0.0000000  0.0000000  0.0000000  0.0000000  0.0000000  0.0000000  0.0000099  0.9999899  0.0000000 -0.0000001 -0.0000638  0.0038266  0.0023635 
 0.0000000  0.0000000  0.0000000  0.0000000  0.0000000  0.0000000  0.0000000  0.0000000  0.0000000 -0.0000004  0.0000016 -0.0000002  0.9999972  0.0000004 -0.0022008 -0.0004499  0.0007511 
 0.0000000  0.0000000  0.0000000  0.0000000  0.0000000  0.0000000  0.0000000  0.0000000  0.0000000  0.0000000 -0.0000021 -0.0000002  0.0000000  0.9999976 -0.0006332  0.0011544 -0.0017569 
