 0.0775145 -0.0011010  0.0114561 -0.5522445 -0.0002288  0.0064954  0.0190327 -0.0335027  0.4198589  0.0567088 -0.1264998 -0.3764461 -0.5823937 -0.0424300 -0.0311013  0.0788508 -0.0444902 
 0.0792671  0.0003893 -0.0095875  0.5571094  0.0016508  0.0059947  0.0186468  0.0304055  0.0396935  0.2472065  0.4708516 -0.2487158 -0.4316163 -0.1694321 -0.1348374 -0.1656432  0.2740015 
 0.7010554  0.0000339  0.0002619  0.0002169 -0.0006188 -0.0007908 -0.0037023  0.0000350  0.1420356 -0.5154631  0.0803773  0.1419179  0.0474887 -0.3166450  0.1417621  0.1101395  0.2475531 
 0.7044295  0.0000380 -0.0003971  0.0004463  0.0004482 -0.0006105 -0.0005308 -0.0000340 -0.1906002  0.4782674 -0.1212609 -0.0722702  0.0648528  0.3392693 -0.1220587 -0.0987062 -0.2735539 
 0.0029344  0.0013301 -0.0188986 -0.6202055  0.0016866 -0.0003902 -0.0001873  0.0575348 -0.3383323  0.1715895  0.5353622  0.1116604  0.1309399 -0.1141205 -0.0936323 -0.2191502  0.2858485 
 0.0000258  0.0000718  0.7069045 -0.0000036  0.0000269 -0.0000048 -0.0000512  0.0000064 -0.1221173 -0.2220518  0.0599475  0.0242822 -0.0565722 -0.0760889 -0.6065433  0.1021668 -0.2110932 
 0.0000076 -0.0000126  0.7068956 -0.0000716  0.0000455 -0.0000237 -0.0000093  0.0000110  0.1063889  0.2291501 -0.0376426 -0.0190208  0.0637316  0.0723949  0.6022406 -0.1121646  0.2238618 
 0.0000000  0.7071051  0.0000000  0.0000000 -0.0000011  0.0000000  0.0000000  0.0000000  0.2588975 -0.1575037  0.1875858 -0.2825710  0.2787839  0.0038844  0.0121307 -0.3842385 -0.2600198 
 0.0000000  0.7071062  0.0000000  0.0000000  0.0000000  0.0000000  0.0000000  0.0000000 -0.2575813  0.1572229 -0.1890029  0.2819558 -0.2796998 -0.0037483 -0.0118083  0.3849188  0.2591612 
 0.0000694  0.0000175  0.0005132  0.0003524  0.0000342  0.0000190  0.0000853  0.7059791 -0.0625958 -0.2153274 -0.2618254 -0.1947980  0.0004415  0.3377945 -0.1591727 -0.2111029  0.4010043 
 0.0000000  0.0000031  0.0000000  0.0000000 -0.7071031  0.0000000  0.0000000  0.0000000 -0.0458410  0.0150447  0.1624780 -0.4134102  0.2503792  0.0891234  0.0180631  0.4711664  0.0861024 
 0.0000233  0.0000194 -0.0000007 -0.0000132 -0.0000294 -0.0000022  0.7070023  0.0000058 -0.0397000 -0.2450607  0.3135998  0.1488004 -0.2147496  0.4666211  0.1610634  0.0736200 -0.1510514 
 0.0000084  0.0000061 -0.0000019  0.0000030 -0.0000077  0.7070747  0.0000009  0.0000018  0.4822669  0.1731975  0.0955201  0.2743608  0.1732166  0.1787042 -0.2234497  0.0995609  0.1768825 
 0.0000014  0.0000016 -0.0000043  0.0000052 -0.0000036  0.7070828 -0.0000028 -0.0000032 -0.4866397 -0.1757768 -0.0982307 -0.2687061 -0.1639067 -0.1771946  0.2248090 -0.0990152 -0.1784926 
 0.0000449  0.0001954 -0.0019704  0.0000088  0.0002541 -0.0000644 -0.0000142 -0.7044404 -0.1086003 -0.1938547 -0.1923240 -0.1789238  0.0202080  0.3238831 -0.1714943 -0.2403530  0.4391985 
 0.0000000  0.0000002  0.0000000  0.0000000 -0.7071060  0.0000000  0.0000000  0.0000000  0.0447038 -0.0133902 -0.1602984  0.4129666 -0.2508724 -0.0891641 -0.0188493 -0.4723602 -0.0849691 
 0.0000002  0.0000005  0.0000015  0.0000234 -0.0000105 -0.0003337  0.7066992  0.0000103  0.0278687  0.2348282 -0.3222482 -0.1314245  0.2422436 -0.4626819 -0.1561299 -0.0709337  0.1461990 
