 0.5632636 -0.0863494 -0.0522016  0.0000000  0.0000000  0.0000000 -0.5610284 -0.1090709  0.3194252 -0.1955079 -0.0321313  0.3191584 -0.2285477  0.2247649 
 0.5632636  0.0863494 -0.0522016  0.0000000  0.0000000  0.0000000 -0.0233735 -0.0834479 -0.5184773 -0.2996160  0.0008027 -0.4233141  0.3527402 -0.0532301 
 0.6045397  0.0000000  0.0972749  0.0000000  0.0000000  0.0000000  0.5445008  0.1793743  0.1854615  0.4613184  0.0291897  0.0970443 -0.1157130 -0.1598230 
 0.0000000  0.7018146  0.0000000  0.0000000  0.0000000  0.0000000  0.1994490  0.2744609  0.4029873 -0.3661716  0.0318674 -0.1220685  0.0819278  0.2706265 
 0.0000000  0.7018146  0.0000000  0.0000000  0.0000000  0.0000000 -0.2656007 -0.2776135 -0.2998940  0.3789808 -0.0359195  0.2134203 -0.1534479 -0.2364227 
 0.0000000  0.0000000  0.7018146  0.0000000  0.0000000  0.0000000 -0.0024927  0.3421445 -0.3312378 -0.1654965 -0.4068484  0.2084078 -0.1738628  0.1187091 
 0.0000000  0.0000000  0.7018146  0.0000000  0.0000000  0.0000000 -0.1164462 -0.3813264  0.2907263  0.0647277  0.4004723 -0.2296058  0.1991388 -0.0837979 
 0.0000000  0.0000000  0.0000000  0.5632636 -0.0863494  0.0522016  0.0118425 -0.0040393 -0.2046972  0.3165835  0.2044038  0.0429886  0.1226144  0.6867365 
 0.0000000  0.0000000  0.0000000  0.5632636  0.0863494  0.0522016  0.1369966 -0.3931303  0.2009243 -0.1007421 -0.5382300 -0.2894823 -0.2402930 -0.1322182 
 0.0000000  0.0000000  0.0000000  0.6045397  0.0000000 -0.0972749 -0.1386768  0.3700521  0.0035153 -0.2011045  0.3110335  0.2296640  0.1096439 -0.5166576 
 0.0000000  0.0000000  0.0000000  0.0000000  0.7018146  0.0000000  0.2292447 -0.2677445 -0.0255608 -0.1391124 -0.0490768  0.4701403  0.3692566  0.0584767 
 0.0000000  0.0000000  0.0000000  0.0000000  0.7018146  0.0000000 -0.2446433  0.3156172 -0.0243457  0.1904590  0.1404484 -0.4292340 -0.3246054  0.0422853 
 0.0000000  0.0000000  0.0000000  0.0000000  0.0000000  0.7018146  0.2228963 -0.1440009 -0.1794038 -0.2888881  0.3635528  0.0883225 -0.4256350 -0.0160803 
 0.0000000  0.0000000  0.0000000  0.0000000  0.0000000  0.7018146 -0.2531884  0.2248337  0.1801716  0.2449595 -0.2956117 -0.0381555  0.4495852 -0.0967766 
