 0.5374039 -0.0987044  0.0334463 -0.0000002  0.0000001  0.0000001  0.0356767  0.0931045  0.1097278 -0.1959349 -0.5544020  0.4532814  0.0972405  0.0382267  0.3079987  0.1461441 
 0.5374037  0.0987048  0.0334461  0.0000001  0.0000002 -0.0000001 -0.0356766 -0.0857909 -0.3627474 -0.3542293  0.2842506 -0.3577465 -0.0190021  0.1173379  0.2401151 -0.3925220 
 0.6499188 -0.0000002 -0.0553120  0.0000003 -0.0000003  0.0000000  0.0000000 -0.0060475  0.2092163  0.4549187  0.2233825 -0.0789959 -0.0646934 -0.1286332 -0.4532235  0.2037245 
 0.0000000  0.6950994  0.0000000  0.0000000  0.0000000  0.0000000  0.0101322 -0.5025410 -0.1594483 -0.0285870 -0.0502591  0.2970876  0.0053121 -0.3774625 -0.0680257 -0.0050098 
 0.0000000  0.7052316  0.0000000  0.0000000  0.0000000  0.0000000  0.0000000  0.5203591  0.2232855  0.0503316 -0.0678411 -0.1793075  0.0110335  0.3609668  0.0765490  0.0803300 
 0.0000000  0.0000000  0.7052316  0.0000000  0.0000000  0.0000000  0.0000000  0.0431389 -0.3493269  0.3616706 -0.3916744 -0.2180817  0.1444138 -0.0343776 -0.1041443 -0.1187470 
 0.0000000  0.0000000  0.7052316  0.0000000  0.0000000  0.0000000  0.0000000 -0.0439600  0.3777355 -0.2998989  0.4220068  0.2073551 -0.1531983  0.0169110  0.0426027  0.1464099 
 0.0000000  0.0000000  0.0000001  0.5374035 -0.0987046  0.0334465 -0.0356767 -0.2945070  0.0508557  0.4205752  0.0083703  0.0292664 -0.4203006  0.2781021  0.4214329 -0.0182631 
 0.0000000  0.0000000 -0.0000001  0.5374042  0.0987046  0.0334464  0.0356762  0.1752115 -0.0945805 -0.3771071 -0.2271601  0.0373602 -0.3938367 -0.0104895 -0.5410707 -0.1274204 
-0.0000002  0.0000000  0.0000000  0.6499187  0.0000000 -0.0553123  0.0000004  0.0986427  0.0361552 -0.0359426  0.1809124 -0.0550919  0.6731928 -0.2212829  0.0989267  0.1204626 
 0.0000000  0.0000000  0.0000000  0.0000000  0.6951019  0.0000000 -0.0101297  0.0438998  0.2584326  0.0153036 -0.1311288 -0.3237955 -0.1982955 -0.4585528  0.2752094 -0.0202888 
 0.0000000  0.0000000 -0.0000001  0.0000000  0.7052291  0.0000000 -0.0000024 -0.1090117 -0.2343659  0.0965609  0.1622110  0.3180130  0.1917439  0.4923594 -0.1365446  0.0352754 
 0.0000000  0.0000000  0.0000000  0.0000000  0.0000000  0.7052316  0.0000000  0.0213129  0.3030579  0.1151244  0.0006302  0.1635172  0.1646766 -0.0167257 -0.0539043 -0.5831418 
 0.0000000  0.0000000  0.0000000  0.0000000  0.0000000  0.7052316  0.0000000 -0.0079185 -0.2981485 -0.1200049  0.0239355 -0.1709981 -0.0732657 -0.0133216  0.0673372  0.5994990 
 0.0000000  0.0000000  0.0000000  0.0000000  0.0000000  0.0000000  0.7052317  0.3843925 -0.2856845  0.1696920  0.2427124  0.2755174 -0.1599104 -0.2303057  0.1586749 -0.0766205 
 0.0000000  0.0000000  0.0000000  0.0000000  0.0000000  0.0000000  0.7052317 -0.4093547  0.2751420 -0.1367156 -0.1895321 -0.3258737  0.1497665  0.2477457 -0.1084879  0.0546728 
