 0.7164567 -0.1626700 -0.0395504 -0.0081765  0.0141073  0.0019499  0.0108004 -0.0034764  0.0000316  0.0112052 -0.0053829  0.0021169  0.0159045  0.0036981  0.0021699  0.0008247  0.0009209  0.4877500 -0.1621984  0.0523684  0.2839693  0.3320307 
 0.6974209  0.1659865  0.0411181  0.0133571 -0.0120320 -0.0013351 -0.0049808  0.0008557  0.0003876  0.0085626  0.0089606 -0.0022795 -0.0085795 -0.0003757 -0.0021913 -0.0008836 -0.0009672 -0.4982623  0.1711942 -0.0562026 -0.2939629 -0.3415061 
 0.0008420  0.9725874 -0.0135278  0.0003098  0.0043929  0.0004541 -0.0002253 -0.0017231 -0.0001952 -0.0005377  0.0000043  0.0007544  0.0013072 -0.0015663  0.0007466  0.0002988  0.0003256  0.1662908 -0.0574992  0.0204956  0.1003908  0.1113756 
-0.0003110 -0.0001297  0.9982654 -0.0000204  0.0000259  0.0001154  0.0000077 -0.0001652 -0.0001707  0.0001363  0.0000240  0.0000755  0.0000764  0.0000931  0.0000410  0.0000683  0.0000933  0.0403053 -0.0147414  0.0064679  0.0287853  0.0274551 
-0.0038586 -0.0014782 -0.0003663  0.6852140 -0.1939197  0.0507939 -0.0105596 -0.0004202 -0.0005455 -0.0178213 -0.0064616  0.0030433 -0.0092354  0.0010899  0.0007587 -0.0068201 -0.0008034  0.0472001  0.6356243 -0.1728029  0.1268745  0.1935478 
-0.0007844 -0.0040637 -0.0009113  0.7275007  0.1856504 -0.0475670 -0.0005343  0.0037283 -0.0011790  0.0024198  0.0020954 -0.0018481 -0.0097622  0.0043261  0.0002494  0.0065069  0.0007413 -0.0183562 -0.5938576  0.1805238 -0.1007975 -0.1950823 
-0.0024637  0.0005351  0.0012515 -0.0017292  0.9630292  0.0192372  0.0004083 -0.0027075  0.0006178 -0.0011074 -0.0007145  0.0002844 -0.0024612 -0.0000583 -0.0000980 -0.0026865 -0.0003241 -0.0028462  0.2437066 -0.0808953  0.0352985  0.0705664 
-0.0002481 -0.0000243 -0.0000086 -0.0001546  0.0001356  0.9973703 -0.0000585  0.0000965 -0.0001702 -0.0000662  0.0001356 -0.0000542 -0.0004075 -0.0000606  0.0001513  0.0007334  0.0000678 -0.0032688 -0.0637555  0.0215837 -0.0172522 -0.0203116 
-0.0042923  0.0044448  0.0035911  0.0187253 -0.0065753 -0.0017802  0.6887760 -0.1778060  0.0467643 -0.0088335 -0.0000950  0.0006531  0.0071573  0.0086724  0.0017986  0.0012789 -0.0007783  0.0632994 -0.0839722 -0.2500765 -0.5397513  0.3552454 
-0.0019705 -0.0003148 -0.0025399 -0.0067959  0.0028235  0.0024183  0.7245244  0.1670404 -0.0452090  0.0043572  0.0022219 -0.0003582  0.0191663 -0.0037340 -0.0013774 -0.0012963  0.0007042 -0.0699316  0.0933806  0.2379846  0.5071948 -0.3422637 
 0.0014660  0.0018908  0.0010682  0.0021851  0.0002274 -0.0005484  0.0014892  0.9697472  0.0160985 -0.0007514  0.0005661 -0.0001220  0.0012584  0.0013733  0.0001910  0.0004008 -0.0002542  0.0246255 -0.0305592 -0.0913561 -0.1823149  0.1272300 
-0.0002033 -0.0001285 -0.0001446 -0.0000536 -0.0000218  0.0003186  0.0005156  0.0002773  0.9977461  0.0000323 -0.0000383  0.0001832  0.0000169  0.0001090  0.0000306 -0.0001024  0.0000646 -0.0046279  0.0090267  0.0257827  0.0498929 -0.0352870 
-0.0099021  0.0010331  0.0004244  0.0012135  0.0036304 -0.0023720  0.0001968  0.0020247 -0.0011256  0.7253771 -0.1993833  0.0418642  0.0016831  0.0004690 -0.0021092  0.0030626 -0.0007174  0.0930482  0.1923133  0.5663652 -0.2460876  0.0721687 
-0.0100379  0.0003068 -0.0004814  0.0143519 -0.0081469  0.0040722  0.0035962 -0.0044267  0.0020543  0.6878536  0.2082596 -0.0442032  0.0015219  0.0000962  0.0014411 -0.0034470  0.0007507 -0.1045800 -0.1869311 -0.6056694  0.2550451 -0.0576569 
-0.0024381 -0.0023119 -0.0004179 -0.0000520  0.0017303 -0.0010465 -0.0023732  0.0003681 -0.0005588  0.0013243  0.9574251  0.0185782  0.0026043  0.0026181 -0.0004713  0.0013453 -0.0003284  0.0543496  0.0847950  0.2469812 -0.1041531  0.0310027 
 0.0001032 -0.0000030  0.0000755 -0.0001028  0.0000593  0.0001006 -0.0000060  0.0000237 -0.0000767  0.0000671 -0.0001724  0.9979596  0.0003346 -0.0002606 -0.0000362 -0.0002780  0.0000730 -0.0127909 -0.0203359 -0.0541042  0.0224010 -0.0083700 
-0.0012626  0.0013521 -0.0007341  0.0191367  0.0004113  0.0009026 -0.0125747 -0.0031611  0.0018583 -0.0069205  0.0031720 -0.0010648  0.6858180 -0.1891325 -0.0446935 -0.0019650  0.0022487 -0.4771782 -0.1076824  0.1440814  0.1794823  0.4461015 
-0.0061748  0.0023855  0.0019812  0.0007098  0.0024361 -0.0003251 -0.0144504 -0.0012221 -0.0010884  0.0030390 -0.0062859  0.0004176  0.7271216  0.1773199  0.0422025  0.0018335 -0.0021646  0.4347454  0.1062374 -0.1423931 -0.1862080 -0.4272107 
-0.0015353  0.0020735 -0.0004963 -0.0005773 -0.0009090  0.0004784 -0.0032188  0.0004617 -0.0001590 -0.0022717 -0.0007135 -0.0000922  0.0007969  0.9657392 -0.0165716 -0.0007735  0.0008433 -0.1760997 -0.0371979  0.0559485  0.0760511  0.1604304 
 0.0001521 -0.0000213  0.0000123  0.0000997  0.0000715 -0.0001262 -0.0002791  0.0003039 -0.0000577  0.0000941  0.0001649  0.0001168 -0.0000508  0.0000390  0.9979600 -0.0001714  0.0002019 -0.0448335 -0.0084604  0.0162077  0.0165405  0.0381784 
 0.0000066  0.0000020 -0.0000046  0.0000013 -0.0000010  0.0000043 -0.0000086 -0.0000005  0.0000002  0.0000023  0.0000131 -0.0000027  0.0000000  0.0000053  0.0000002  0.9999337  0.0000034 -0.0032418  0.0076563 -0.0055979  0.0050640  0.0025574 
 0.0000000  0.0000000  0.0000000  0.0000000  0.0000000  0.0000000  0.0000000  0.0000000  0.0000000  0.0000000  0.0000000  0.0000000  0.0000000  0.0000000  0.0000000  0.0000000  0.9999920  0.0015025  0.0020426 -0.0005339 -0.0024968 -0.0017634 
