 0.4999996  0.0000002 -0.0505810  0.0000005  0.0000001  0.0000000 -0.0252892  0.1121677 -0.2778169  0.4066078  0.3718886 -0.0253669 -0.0088540  0.0446972  0.2573030 -0.2030757  0.3757927 -0.1126683 -0.0092208  0.0085581 -0.1757854 -0.2299972 -0.0732903 
 0.5000007 -0.0000001  0.0505808 -0.0000003 -0.0000002  0.0000002 -0.0252891  0.0136763  0.1328822 -0.1152371 -0.2994704  0.1964910  0.0954173  0.1399487  0.2467966  0.4915076  0.0451433 -0.0920041 -0.2667013  0.0933383 -0.0231696  0.3138794 -0.2584687 
 0.5000001 -0.0000002  0.0000001 -0.0505816  0.0000000 -0.0000001  0.0252889 -0.2481748  0.1268503 -0.0784211 -0.0590831 -0.4930938  0.2219747  0.2444941 -0.1302990 -0.0269330 -0.1634188  0.0777020  0.2538006 -0.0111520  0.2572134 -0.0757017  0.3470054 
 0.4999997  0.0000005  0.0000001  0.0505815  0.0000000 -0.0000001  0.0252894  0.1223312  0.0180838 -0.2129493 -0.0133343  0.3219697 -0.3085385 -0.4291404 -0.3738009 -0.2614998 -0.2575171  0.1269705  0.0221218 -0.0907445 -0.0582587 -0.0081810 -0.0152460 
-0.0000001  0.5000000  0.0000001  0.0000001 -0.0505814 -0.0000002 -0.0252896 -0.2014404  0.4282643  0.2443431 -0.0015716  0.1047717  0.3686839 -0.2809202 -0.0054829 -0.2156679  0.0549322 -0.2633913  0.0344908 -0.1099175 -0.1872941  0.2461667  0.0969664 
-0.0000001  0.4999996  0.0000000 -0.0000004  0.0505817  0.0000000 -0.0252895 -0.2697241 -0.3467149 -0.1549269 -0.3025964  0.1125401 -0.0122573  0.0510015  0.1121486 -0.0156625  0.1019356  0.3141318  0.4250510  0.1493694 -0.1421451 -0.1514031 -0.2342144 
-0.0000002  0.5000001  0.0000000  0.0000004 -0.0000001 -0.0505807  0.0252897  0.4467348 -0.1467547  0.0220834  0.0670763 -0.0412519 -0.1010531  0.2413715  0.1357126 -0.1103348 -0.2738493  0.1883265 -0.3028214  0.2150987  0.0090710  0.2029609  0.3608833 
 0.0000000  0.5000003 -0.0000001 -0.0000002 -0.0000002  0.0505810  0.0252894  0.0244290  0.0652052 -0.1114996  0.2370911 -0.1760603 -0.2553728 -0.0114522 -0.2423777  0.3416655  0.1169817 -0.2390669 -0.1567200 -0.2545503  0.3203682 -0.2977244 -0.2236353 
 0.0000000  0.0000000  0.5758713  0.0000000  0.0000000  0.0000000  0.0000000  0.2869051  0.1192509 -0.1797160  0.1468774 -0.0753800  0.0035076 -0.2297145  0.3331969 -0.0488777 -0.0857771 -0.2284627  0.3829268  0.2759319  0.2273209 -0.0035815 -0.1099173 
 0.0000000  0.0000000  0.5758713  0.0000000  0.0000000  0.0000000  0.0000000 -0.2225757 -0.0443801 -0.0199821 -0.3007688  0.0830385 -0.2169376  0.1695891 -0.0967267 -0.3170664  0.4098226 -0.0350240 -0.3082581 -0.0911804  0.1453036  0.0221880  0.1981743 
 0.0000000  0.0000000  0.5758712  0.0000000  0.0000000 -0.0000001  0.0000000 -0.0556785 -0.1109441  0.2455338  0.2128594 -0.0271451  0.2042715  0.0517592 -0.2355474  0.3049365 -0.2950032  0.2616717 -0.0520534 -0.1921981 -0.3860293 -0.0663772 -0.0719923 
 0.0000000  0.0000000  0.0000000  0.5758713  0.0000000  0.0000000  0.0000000  0.0749178  0.0941054  0.1771663 -0.0888302  0.1052994  0.0934710  0.3656981  0.0580665 -0.3163188 -0.2810118 -0.0019142  0.0352288 -0.2460038  0.2427751 -0.0356304 -0.3958489 
-0.0000001  0.0000000  0.0000001  0.5758712  0.0000000  0.0000000  0.0000000  0.0901654 -0.1121529 -0.3613497 -0.0126382 -0.1334248 -0.0789687  0.0493166  0.0222299  0.1361584  0.1354939 -0.3023425  0.1497224 -0.1912979 -0.4501085  0.0532040  0.3117975 
 0.0000000  0.0000000  0.0000000  0.5758712 -0.0000001  0.0000000  0.0000000 -0.1976271  0.0276010  0.1959990  0.0974494 -0.0434655  0.0320952 -0.3558463 -0.0589087  0.2007642  0.1537829  0.2999293 -0.1646014  0.4442927  0.2350429 -0.0235042  0.1158692 
 0.0000001  0.0000000  0.0000000  0.0000001  0.5758712  0.0000000  0.0000000 -0.0506638 -0.0594995 -0.4580364  0.2053123 -0.0290461  0.4354813 -0.1010824  0.1194174 -0.1962567  0.0388454  0.1168144 -0.3371962 -0.0745487  0.0070216 -0.1147500 -0.0959279 
 0.0000000  0.0000000  0.0000000  0.0000000  0.5758713  0.0000000  0.0000000  0.2533228 -0.1451608  0.3964744 -0.4865735 -0.2147178 -0.0570094 -0.2686435 -0.0172312  0.1141292 -0.0502422 -0.1208772  0.0685305 -0.1561515  0.0565144 -0.0284105  0.0641923 
 0.0000000  0.0000000  0.0000000  0.0000000  0.5758712  0.0000000  0.0000000 -0.1966611  0.2727306  0.0966317  0.3077017  0.2430816 -0.3450122  0.3405716 -0.1125184  0.0645604  0.0072682 -0.0466638  0.2343604  0.2079259 -0.0675015  0.1780810  0.0608248 
 0.0000000  0.0000000  0.0000000  0.0000000  0.0000000  0.5758713  0.0000000  0.2945461  0.5047270 -0.0208910 -0.1423645 -0.0597018 -0.0373300  0.0743326  0.0559680 -0.0156641  0.1959632  0.3298021  0.0049813  0.0166963 -0.2142983 -0.3143510  0.0092574 
-0.0000001  0.0000000  0.0000000  0.0000000  0.0000000  0.5758713  0.0000000  0.0061113 -0.3257756  0.0285782  0.0002638  0.4280868  0.3012549  0.0848239 -0.1786285  0.0956750 -0.0994730 -0.3155350  0.0551942  0.1226892  0.2062725 -0.1173550  0.2350359 
 0.0000000  0.0000000  0.0000000  0.0000000  0.0000000  0.5758713  0.0000000 -0.2635650 -0.1975684  0.0040460  0.1271677 -0.3565443 -0.2503702 -0.1369502  0.1558695 -0.1197120 -0.1308183  0.0232725 -0.0730079 -0.0981345 -0.0193166  0.4756830 -0.1929528 
 0.0000000  0.0000000  0.0000000  0.0000000  0.0000000  0.0000000  0.5758714  0.0954602 -0.0259292  0.0131035  0.1357725  0.2151971  0.0602306 -0.0591210  0.1785226  0.1457419  0.2234929  0.3126793  0.2175320 -0.4378308  0.2489614  0.2310298  0.1770523 
 0.0000000  0.0000000  0.0000000  0.0000000  0.0000000  0.0000000  0.5758714 -0.3185549  0.0767062  0.0412456 -0.0943402  0.0335949 -0.1830323 -0.0521128  0.3356765 -0.0111452 -0.3546581 -0.1981930 -0.2039458  0.1020244 -0.1569022 -0.3894098  0.0832933 
 0.0000000  0.0000000  0.0000000  0.0000000  0.0000000  0.0000000  0.5758714  0.1927646 -0.0563438 -0.0209047 -0.0617870 -0.2146762  0.1617097  0.1072574 -0.4605559 -0.1295817  0.1819136 -0.1280062  0.0025418  0.3482208 -0.1384679  0.1740702 -0.3015382 
