 0.4923660  0.0000000 -0.2137837 -0.0754927 -0.3216536  0.2189124  0.1532880 -0.5233751  0.5073172 
 0.4923660  0.0000000  0.0873417  0.0321234 -0.3307121  0.2352582  0.2031455  0.0733478 -0.7331782 
 0.4923660  0.0000000  0.2356110 -0.4081118  0.0408992 -0.6779538 -0.0029353  0.2404142  0.1280869 
 0.3692745 -0.1230915  0.0206053  0.0488240  0.8407260  0.3139980  0.1951396  0.0343850  0.0316191 
 0.3692745  0.1230915 -0.1661640  0.5531507 -0.0254372 -0.0156204 -0.6664707  0.2450991  0.0987464 
 0.0000000  0.4923660 -0.6992647 -0.2159111  0.0170762  0.0338872  0.2362130  0.4055621  0.0164310 
 0.0000000  0.4923660 -0.0254989  0.3921840  0.2023671 -0.4570139  0.2045514 -0.5135453 -0.2184791 
 0.0000000  0.4923660  0.1908857 -0.5201076  0.1341590  0.2682526 -0.5188407 -0.2655243 -0.1448086 
 0.0000000  0.4923660  0.5805702  0.2177530 -0.1370615  0.2372788  0.2934789  0.3208290  0.3300748 
