 0.7071068  0.0000000  0.0000000 -0.1846990  0.3074545  0.6007905 -0.1020237 
 0.7071068  0.0000000  0.0000000  0.1846990 -0.3074545 -0.6007905  0.1020237 
 0.0000000  0.7071068  0.0000000 -0.1846990 -0.0136529  0.0655556  0.6792660 
 0.0000000  0.7071068  0.0000000  0.1846990  0.0136529 -0.0655556 -0.6792660 
 0.0000000  0.0000000  0.7071068 -0.1846990  0.5825785 -0.3556276 -0.0041905 
 0.0000000  0.0000000  0.7071068  0.1846990 -0.5825785  0.3556276  0.0041905 
 0.0000000  0.0000000  0.0000000  0.8918058  0.3630085  0.1287038  0.2373658 
