 0.4336094 -0.0643179  0.0000000 -0.0864387  0.4302373  0.2049141  0.0360567 -0.1609356 -0.0548565 -0.5286028  0.4569850 -0.0645913 -0.2250394 
 0.4336094  0.0643179  0.0000000 -0.5572817 -0.2785673 -0.0151145 -0.2123084 -0.0084699  0.0715256  0.4384542  0.2401840  0.2908385 -0.1862124 
 0.4336094  0.0000000 -0.0643179  0.1741653 -0.2527578 -0.6243409  0.1262682 -0.1865957  0.2022272 -0.2087902 -0.3064971 -0.1531983 -0.2667648 
 0.4336094  0.0000000  0.0643179  0.5040245  0.2939807  0.1761359 -0.3794025  0.0112078  0.3173274  0.2438003 -0.1604512  0.1900644  0.2651050 
 0.4979273  0.0000000  0.0000000 -0.0300169 -0.1679767  0.2250268  0.3739217  0.3002559 -0.4669591  0.0480162 -0.2004828 -0.2291267  0.3595752 
 0.0000000  0.4979273  0.0000000 -0.2796915  0.2499487 -0.0528298  0.1494356  0.5124628  0.5154592 -0.0772294 -0.0562812 -0.2138934  0.0551915 
 0.0000000  0.4979273  0.0000000  0.2126714  0.3720123 -0.2158465  0.0995120  0.0673126 -0.4910838  0.2603565 -0.0373157  0.2350524 -0.3766058 
 0.0000000  0.4979273  0.0000000 -0.1025096 -0.1803644  0.4763551  0.0846677 -0.5239647  0.0849336 -0.1770716 -0.3797282  0.1272437 -0.0381382 
 0.0000000  0.4979273  0.0000000  0.2303491 -0.3500394 -0.1792574 -0.3015337 -0.0755050 -0.1256339 -0.1309714  0.5013296 -0.1943141  0.3545371 
 0.0000000  0.0000000  0.4979273  0.2590399 -0.3366454  0.0939256  0.2642090  0.3252971  0.1219340 -0.2503672  0.1492726  0.5187093 -0.1352652 
 0.0000000  0.0000000  0.4979273 -0.0921077  0.2334238 -0.2248102  0.4488430 -0.4377994  0.1255684  0.2878787  0.1799833 -0.0489348  0.3346636 
 0.0000000  0.0000000  0.4979273 -0.3415463  0.1476277 -0.2293123 -0.4697209  0.0551988 -0.2677833 -0.3223754 -0.3447102  0.0897772  0.1866358 
 0.0000000  0.0000000  0.4979273  0.1320057 -0.1150291  0.2567983 -0.1780130  0.0317529  0.0054133  0.2264022 -0.0034106 -0.6038914 -0.4547365 
