 0.4417261  0.0000000 -0.3578632 -0.0727820  0.0513763  0.2692544 -0.4710255 -0.1916590 -0.5628399 -0.1422423 -0.0275231 
 0.4417261  0.0000000  0.5386690 -0.0648504 -0.2096825  0.0660088 -0.3038267  0.3151734  0.2537948 -0.2506262 -0.3785684 
 0.4417261  0.0000000 -0.1262167  0.2274410 -0.0118451  0.1323492  0.6421250  0.0941285  0.0053939 -0.4985346  0.2231832 
 0.4417261  0.0000000 -0.2271813 -0.2192237 -0.0150240 -0.0248490  0.2821724  0.3399046 -0.0118641  0.6915531 -0.1755609 
 0.3312946 -0.1104315  0.2421615 -0.3487427  0.4315624 -0.5049651  0.0875334 -0.4936631  0.0504445 -0.0337621  0.0387220 
 0.3312946  0.1104315 -0.0120386  0.5212961 -0.1846621 -0.0853862 -0.2867937 -0.2497336  0.3702425  0.3002288  0.4392368 
 0.0000000  0.4417261 -0.1699076 -0.4321502 -0.6423954 -0.3506618  0.0118725 -0.0566644 -0.0214147 -0.1562759  0.1593346 
 0.0000000  0.4417261 -0.4488043 -0.1246232  0.4499683  0.0679160 -0.1710827  0.1192283  0.5320371 -0.1889906 -0.1362797 
 0.0000000  0.4417261  0.4424519 -0.2685394  0.2381903  0.3975290  0.0159127  0.1276950 -0.1515058  0.1381724  0.5134512 
 0.0000000  0.4417261  0.1021766  0.4421534  0.2198870 -0.5178805 -0.0336237  0.3034329 -0.4146483 -0.0157409 -0.1304027 
 0.0000000  0.4417261  0.1376334  0.1656498 -0.1115940  0.2982025  0.2705029 -0.5546741 -0.0244177  0.1393373 -0.5062321 
