 0.4858178 -0.0448904  0.0266003  0.0188771  0.1171982 -0.2847912  0.3972153 -0.0429865 -0.5112943  0.0853258 -0.3076723 -0.3462500 -0.1522464 
 0.4858178  0.0448904  0.0266003  0.0188771  0.0230168  0.0174038  0.1138961 -0.3371280  0.0215583 -0.1474651  0.3499729  0.6132926 -0.3355922 
 0.5054089  0.0000000 -0.0511384  0.0196383 -0.0504352  0.3611819  0.0552624  0.2895098  0.5388309  0.2520814 -0.4069935  0.0334321  0.0324039 
 0.5220382  0.0000000  0.0000000 -0.0541474 -0.0816579 -0.1008412 -0.5291512  0.0734536 -0.0659098 -0.1862236  0.3546631 -0.2808816  0.4226193 
 0.0000000  0.5761856  0.0000000  0.0000000 -0.5100268  0.0813997 -0.2182364 -0.1698219 -0.3398779  0.2965709 -0.2553244  0.2103923  0.1089194 
 0.0000000  0.5761856  0.0000000  0.0000000 -0.0394481  0.0780690  0.0431404  0.3309438  0.0781713 -0.5713320  0.0137702 -0.2361831 -0.4005885 
 0.0000000  0.5761856  0.0000000  0.0000000  0.5568126 -0.1830126  0.1971693 -0.1382055  0.2201923  0.2928977  0.1903173 -0.0489668  0.3059535 
 0.0000000  0.0000000  0.5761856  0.0000000  0.1096237 -0.4013716 -0.3343991 -0.2711727  0.2673058 -0.1830100 -0.4422348  0.0501503 -0.0806499 
 0.0000000  0.0000000  0.5761856  0.0000000 -0.2995235 -0.1112106  0.4551522  0.3831719 -0.0179038 -0.0768748  0.1747506  0.1993192  0.3680320 
 0.0000000  0.0000000  0.5761856  0.0000000  0.1789503  0.5569826 -0.1394445 -0.0687557 -0.1789697  0.2851266  0.2294093 -0.2588307 -0.2619845 
 0.0000000  0.0000000  0.0000000  0.5761856  0.0970070 -0.3313214 -0.2771467  0.4905342 -0.0805653  0.3250121  0.1198867  0.1713077 -0.2748618 
 0.0000000  0.0000000  0.0000000  0.5761856  0.3038882  0.3684667  0.0024376 -0.0725753 -0.2471958 -0.3810878 -0.2537983  0.1802777  0.3624554 
 0.0000000  0.0000000  0.0000000  0.5761856 -0.4114438 -0.0501720  0.2063531 -0.4084701  0.3192468  0.0320193  0.1797270 -0.3878697 -0.0329995 
