 0.2998127  0.0000000  0.1067384  0.2592390  0.0845437  0.4180055 -0.4532781 -0.0250972  0.0783851 -0.1550522  0.1391838 -0.0746519  0.1475885  0.0202271 -0.4816760 -0.1640127 -0.0801485  0.0875689 -0.1983585 -0.0819792 -0.0595830  0.2075362  0.0230936 
 0.2998127  0.0000000 -0.1541644  0.0827357 -0.1218108 -0.0065493  0.1215972  0.0665348 -0.4872419  0.1784482 -0.0287870 -0.0099885  0.3238653 -0.2677359 -0.1594527  0.1412555  0.1925734 -0.0316813  0.1293260 -0.2330010  0.4270687 -0.0357989  0.2459847 
 0.2998127  0.0000000  0.0830678 -0.0702527 -0.2461059 -0.2358292  0.0205258  0.0385056  0.0327614 -0.1535767 -0.1174605  0.3719157 -0.0711977 -0.1799981 -0.0309457 -0.1430688  0.3588881 -0.2776403 -0.0291196  0.2242971 -0.1024175  0.5078555 -0.1380885 
 0.2998127  0.0000000  0.5211578 -0.2098117 -0.2750576  0.1772852 -0.1224185  0.0193731 -0.0144982 -0.0064099 -0.1471192  0.1341062 -0.0080635 -0.0212773  0.4593724 -0.1452946 -0.1846040  0.2201079 -0.0516060 -0.2706617  0.1589154 -0.1104938 -0.0599704 
 0.2998127  0.0000000  0.0672862  0.0479289  0.2494582 -0.0214312  0.1567441 -0.0425952  0.1739557  0.3466198  0.3555508 -0.0319333 -0.0643645  0.1521195  0.0732494 -0.2695590 -0.2729401 -0.4204487  0.3632131 -0.0584921  0.1606926  0.1293960 -0.0433516 
 0.2998127  0.0000000 -0.0407417 -0.0056217 -0.0372573  0.2815023  0.2764061 -0.2147008 -0.2679439 -0.1205785 -0.0945396 -0.4339942 -0.1534073 -0.0689991  0.0938189 -0.0285679 -0.0235052 -0.2883167 -0.3150226  0.3222850 -0.0521528 -0.2000891 -0.2328441 
 0.2998127  0.0000000 -0.2673706 -0.2995937 -0.0924925 -0.0662899 -0.1063326 -0.0295459  0.5323380 -0.1152024  0.0377124 -0.2163190  0.0593684  0.2145181 -0.0194389  0.2606041  0.3260263 -0.0204194 -0.0298829 -0.1794443  0.2598322 -0.1490948 -0.1774495 
 0.2998127  0.0000000 -0.4648959  0.0519094 -0.0135491  0.1916240  0.1377554  0.2551463  0.2169371  0.0658145 -0.1368077  0.3854514 -0.0530092 -0.1381862  0.0799428 -0.0745708 -0.1897646 -0.0500415 -0.1376778 -0.0922363 -0.3350186 -0.2764921  0.2512126 
 0.2998127  0.0000000 -0.0107364  0.3727151  0.0875529 -0.3548421  0.2137730 -0.0759027 -0.0349827  0.0160331 -0.0287804 -0.1243641  0.0808074  0.3488358  0.2247070  0.2495564 -0.1220169  0.2621534 -0.2960684 -0.1199841 -0.1470043  0.3278813  0.1117902 
 0.2998127  0.0000000  0.2215407 -0.1576393  0.2048313 -0.2815593 -0.1345791 -0.1515052  0.1078730  0.0966042  0.1543880 -0.0872546 -0.1431135 -0.5320526 -0.1179200  0.3435279 -0.1258401  0.2009885  0.1139236  0.2078156 -0.2013441 -0.1434693  0.1116609 
 0.2248595 -0.0749532 -0.1350349  0.1105179 -0.1232542 -0.0378120 -0.0919150 -0.1992125 -0.0749902  0.0822131 -0.2914709  0.1968575 -0.0420108  0.3565899 -0.1684649 -0.0799275 -0.1049382  0.3330056  0.3721586  0.4726917  0.1428571 -0.1802942 -0.1098960 
 0.2248595  0.0749532  0.0525258 -0.2059966  0.3364369 -0.0980760 -0.0550093  0.4122620 -0.3751210 -0.2858132  0.1136834 -0.0808143 -0.1159543  0.2734751  0.0062554 -0.1465661  0.2667136  0.0906334  0.2295391 -0.0974903 -0.2881752 -0.1626805 -0.0128212 
 0.0000000  0.2998127  0.0474019 -0.0256581 -0.4041364  0.1860483  0.1617382 -0.0368635 -0.0712234 -0.2093292  0.2108490  0.0566228 -0.5007517  0.1781418 -0.2039087  0.3484682 -0.1452100 -0.0505982  0.1814519 -0.1127967  0.0049020  0.1051668  0.2435571 
 0.0000000  0.2998127  0.2721315  0.0218438 -0.0865340  0.2690790  0.3190937  0.0824584  0.1275598  0.2238614  0.3187942  0.1513523  0.4343022  0.1203269 -0.0022661  0.1395988  0.2839543  0.1314833 -0.0150133  0.2842484 -0.1935425 -0.1206296 -0.0510336 
 0.0000000  0.2998127 -0.2215718 -0.2365642 -0.1060018 -0.1971916  0.1511923 -0.4853232 -0.0272202 -0.2554058  0.2476512 -0.0127764  0.1946440 -0.0838049 -0.0243112 -0.4853086 -0.0723780  0.2243618 -0.0213384 -0.1055579 -0.0676427 -0.0182803  0.1263340 
 0.0000000  0.2998127  0.0243599  0.2425680  0.0228488 -0.1548204 -0.0561515 -0.1021135 -0.0801957 -0.2368160 -0.1039627  0.2115689  0.2444576 -0.0641701 -0.0684108  0.2377135 -0.2382584 -0.2492903  0.1546014 -0.2649462 -0.1337001 -0.2089893 -0.5430444 
 0.0000000  0.2998127  0.0703627  0.0008138  0.0918303  0.0471201 -0.3698741 -0.2939233  0.0049029  0.0156486 -0.2934333 -0.0658288  0.1649040  0.1617368  0.2495848  0.0921070  0.1479201 -0.3769768  0.1250436  0.0870186 -0.1530094 -0.0397773  0.4942488 
 0.0000000  0.2998127  0.2243056  0.2016676 -0.2259280 -0.4385740 -0.0605137  0.2581209  0.0978844  0.1759885 -0.0577057 -0.1257972 -0.1394981  0.0707031 -0.2761340 -0.2757690  0.0112356 -0.1300774 -0.3028525  0.0413029  0.1229533 -0.3622762  0.1102350 
 0.0000000  0.2998127 -0.2731556 -0.3168628  0.0258951 -0.0500476 -0.3727406  0.1841027 -0.2599521  0.1675610  0.2569548  0.1526359  0.0434209  0.0928698  0.1532360  0.1483566 -0.2780376 -0.0250197 -0.3149340  0.2647503  0.1828454  0.1468945 -0.1260864 
 0.0000000  0.2998127 -0.2333403  0.4318029 -0.1827869  0.0748900 -0.1904936  0.1982552  0.0960551 -0.0107744  0.1080605 -0.3036373 -0.1236800 -0.2904037  0.3863509 -0.1188064  0.1410310  0.2033537  0.2885012  0.0884247  0.0074264  0.1007020 -0.1260144 
 0.0000000  0.2998127  0.0019343  0.1353287  0.4451014  0.1328498  0.0381431 -0.2877802 -0.0281362  0.1757403 -0.0569126  0.3176840 -0.4176602 -0.0437666  0.0197864 -0.0224286  0.3524021  0.1497928 -0.1981178 -0.1591833  0.2275884 -0.0477165 -0.1156760 
 0.0000000  0.2998127 -0.0544797 -0.3132130 -0.0356707  0.0853401  0.0901144  0.0574696 -0.0031431  0.4491376 -0.4369022 -0.2755944 -0.0103507 -0.0122565 -0.2381971 -0.0484034 -0.0684255  0.1243065  0.0964165 -0.2016947 -0.2726235  0.2893125 -0.1817101 
 0.0000000  0.2998127  0.0951613 -0.0625982  0.3404593  0.0603722  0.2802655  0.2727282  0.2185013 -0.4036056 -0.2946818 -0.0368118  0.1286979 -0.1085981 -0.0394103  0.0011317 -0.2271467  0.0592574  0.0418962  0.2209792  0.3825608  0.1511899  0.1449213 
