 0.5285921  0.0000000  0.0000000  0.0000000  0.0000000  0.0000000  0.0000000 -0.1356224  0.0000000 -0.4243203 -0.1808178  0.2676064  0.0689972 -0.3142845 -0.0769972  0.2158136  0.2764146 -0.1511724  0.1719120 -0.2612808  0.1459546 -0.1786375 -0.0405624  0.0319863 -0.0940188 
 0.5285921  0.0000000  0.0000000  0.0000000  0.0000000  0.0000000  0.0000000  0.1356224  0.0000000  0.1031577  0.3111788  0.1568329  0.0208434  0.3519759 -0.3755833 -0.0969342 -0.4352697  0.0654299  0.0572398  0.1148685  0.1103035 -0.1561244  0.0187734 -0.1840167 -0.1199082 
 0.6642144  0.0000000  0.0000000  0.0000000  0.0000000  0.0000000  0.0000000  0.0000000  0.0000000  0.2555861 -0.1037433 -0.3377753 -0.0714965 -0.0299953  0.3601705 -0.0946060  0.1264193  0.0682352 -0.1823625  0.1165171 -0.2039342  0.2664087  0.0173400  0.1209881  0.1702464 
 0.0000000  0.5285921  0.0000000  0.0000000  0.0000000  0.0000000  0.0000000 -0.1356224  0.0000000 -0.0862971  0.0086522 -0.1345807 -0.0664099 -0.0204650  0.2868975  0.2666530 -0.1645076 -0.0310734  0.1335147  0.1785772  0.0819525 -0.1389440 -0.3032698 -0.5129073  0.2439415 
 0.0000000  0.5285921  0.0000000  0.0000000  0.0000000  0.0000000  0.0000000  0.1356224  0.0000000 -0.1246162 -0.2407009  0.2016968  0.2982955  0.1201289 -0.0477524  0.1018720  0.0573086  0.2055321 -0.2342534  0.2651498 -0.3871345 -0.0903807  0.1816868  0.1781918 -0.2801231 
 0.0000000  0.6642144  0.0000000  0.0000000  0.0000000  0.0000000  0.0000000  0.0000000  0.0000000  0.1678480  0.1846679 -0.0534120 -0.1845381 -0.0793140 -0.1903154 -0.2932779  0.0853106 -0.1388369  0.0801694 -0.3531248  0.2428685  0.1825001  0.0967576  0.2663717  0.0287939 
 0.0000000  0.0000000  0.5285921  0.0000000  0.0000000  0.0000000  0.0000000 -0.1356224  0.0000000  0.2082724  0.4015112  0.2804146 -0.2937900  0.0164539  0.2709195  0.2023531  0.1828258  0.1009665 -0.1741949  0.0053482 -0.0070288 -0.1772007 -0.1544465  0.1307964 -0.2676670 
 0.0000000  0.0000000  0.5285921  0.0000000  0.0000000  0.0000000  0.0000000  0.1356224  0.0000000 -0.1780160 -0.1172057 -0.4350813  0.1684739  0.1038320 -0.0371045  0.2546310 -0.3815271 -0.2202866 -0.0505087 -0.3552023 -0.0984223  0.0581354 -0.0245517  0.1284925 -0.0954327 
 0.0000000  0.0000000  0.6642144  0.0000000  0.0000000  0.0000000  0.0000000  0.0000000  0.0000000 -0.0240784 -0.2262547  0.1230861  0.0997285 -0.0957254 -0.1860735 -0.3636750  0.1581296  0.0949568  0.1788226  0.2784193  0.0839196  0.0947540  0.1424495 -0.2063461  0.2889603 
 0.0000000  0.0000000  0.0000000  0.5679571  0.0000000  0.0000000  0.0000000 -0.0603232  0.0359341  0.1832869 -0.2260144  0.3692322 -0.1624420 -0.1635432  0.0592113 -0.0792898 -0.3575663 -0.3744725  0.0973481  0.0545824 -0.2687202  0.0974651 -0.1303629  0.0963116  0.0062669 
 0.0000000  0.0000000  0.0000000  0.5679571  0.0000000  0.0000000  0.0000000  0.0603232  0.0359341 -0.2201794  0.1551040 -0.0466810  0.0436218  0.1130156  0.0900070 -0.0412223  0.1278859 -0.0708565 -0.5184957 -0.0979073  0.2146069 -0.1656060  0.3513940 -0.1795884  0.2104591 
 0.0000000  0.0000000  0.0000000  0.5956924  0.0000000  0.0000000  0.0000000  0.0000000 -0.0685220  0.0351748  0.0676089 -0.3075332  0.1132880  0.0481750 -0.1422708  0.1149011  0.2189866  0.4245946  0.4015390  0.0413077  0.0515938  0.0649683 -0.2107399  0.0793995 -0.2066353 
 0.0000000  0.0000000  0.0000000  0.0000000  0.5285921  0.0000000  0.0000000  0.0000000 -0.1356224 -0.2020789  0.2526528  0.1715295  0.1594605 -0.0672376  0.2567817  0.0977780 -0.1365547  0.0058560  0.1196390  0.0883694  0.1293313  0.5608088  0.2416831 -0.0763070 -0.1624459 
 0.0000000  0.0000000  0.0000000  0.0000000  0.5285921  0.0000000  0.0000000  0.0000000  0.1356224  0.0562304 -0.0652479  0.0142359  0.0009884  0.4643423 -0.0335951 -0.1609096  0.3628832 -0.2280327  0.0895425 -0.2536949 -0.3221125 -0.0898895 -0.1814388 -0.2260014 -0.0066716 
 0.0000000  0.0000000  0.0000000  0.0000000  0.6642144  0.0000000  0.0000000  0.0000000  0.0000000  0.1160685 -0.1491397 -0.1478350 -0.1276877 -0.3160220 -0.1776154  0.0502411 -0.1801157  0.1768116 -0.1664699  0.1315686  0.1534182 -0.3747648 -0.0479433  0.2405817  0.1345863 
 0.0000000  0.0000000  0.0000000  0.0000000  0.0000000  0.5285921  0.0000000  0.0000000 -0.1356224 -0.0324596  0.2409742 -0.0290972 -0.1745307 -0.1309073 -0.0448413  0.1323945 -0.0293164  0.1153584  0.2719302 -0.1355264 -0.4604740 -0.1593649  0.4078126 -0.0369387  0.2519958 
 0.0000000  0.0000000  0.0000000  0.0000000  0.0000000  0.5285921  0.0000000  0.0000000  0.1356224 -0.1682835 -0.2803755 -0.1334466 -0.4883283  0.1847825 -0.1175014  0.0592926  0.0688362 -0.1282858 -0.0865163  0.2675150  0.2310982  0.1741218  0.0299680 -0.0430988 -0.3174942 
 0.0000000  0.0000000  0.0000000  0.0000000  0.0000000  0.6642144  0.0000000  0.0000000  0.0000000  0.1597545  0.0313562  0.1293548  0.5275134 -0.0428747  0.1291949 -0.1525475 -0.0314504  0.0102879 -0.1475552 -0.1050385  0.1825408 -0.0117438 -0.3483926  0.0636951  0.0521246 
 0.0000000  0.0000000  0.0000000  0.0000000  0.0000000  0.0000000  0.5285921  0.0000000 -0.1356224  0.3294263 -0.0206768 -0.0576146  0.2043820  0.1464903  0.0271475  0.2849867  0.1611960 -0.4060711  0.2039178  0.2454406  0.1988026 -0.1553081  0.2586819  0.1412700  0.0390446 
 0.0000000  0.0000000  0.0000000  0.0000000  0.0000000  0.0000000  0.5285921  0.0000000  0.1356224 -0.2503593  0.2441938 -0.2342778  0.0149231 -0.3292218  0.0651378 -0.4421547 -0.0421818 -0.0951986 -0.0254263  0.1110404 -0.1990144 -0.1407157 -0.0919422 -0.1205472 -0.3323190 
 0.0000000  0.0000000  0.0000000  0.0000000  0.0000000  0.0000000  0.6642144  0.0000000  0.0000000 -0.0629227 -0.1778782  0.2322924 -0.1745264  0.1454206 -0.0734421  0.1250767 -0.0947133  0.3989181 -0.1420463 -0.2836931  0.0001686  0.2355803 -0.1326940 -0.0164915  0.2333923 
 0.0000000  0.0000000  0.0000000  0.0000000  0.0000000  0.0000000  0.0000000  0.6642144  0.0000000  0.2275570  0.0837926  0.0332787 -0.0278357 -0.3617200 -0.2508852  0.2582088  0.2088680 -0.1135431 -0.1610268 -0.0112296 -0.0740214  0.1802051 -0.1372175 -0.3115625 -0.0353627 
 0.0000000  0.0000000  0.0000000  0.0000000  0.0000000  0.0000000  0.0000000  0.6642144  0.0000000 -0.2119192 -0.0620354  0.1045429 -0.1499009  0.1540147  0.4402791 -0.1748364 -0.0377006  0.0590259  0.2902091  0.0042166  0.1518470 -0.2188780 -0.0441938  0.2400825  0.0939427 
 0.0000000  0.0000000  0.0000000  0.0000000  0.0000000  0.0000000  0.0000000  0.0000000  0.6642144 -0.2195389  0.3120151  0.0189599  0.0690486  0.0441504 -0.1542503  0.1841648  0.0553533 -0.0984171  0.0384383  0.2518471 -0.0807500  0.1495827 -0.1416244  0.3176321  0.3478284 
 0.0000000  0.0000000  0.0000000  0.0000000  0.0000000  0.0000000  0.0000000  0.0000000  0.6642144  0.3185372 -0.1839246  0.0213595  0.0841814 -0.1123133  0.1978701  0.0504257 -0.1008285  0.2003412  0.1519327 -0.2302499  0.1211976 -0.0774038  0.3430632 -0.2196537 -0.2205692 
