 0.3072443 -0.0455740  0.0000000  0.0666961 -0.4457423 -0.1298493 -0.0855905 -0.0089281  0.3590881 -0.0340305 -0.0814143  0.1485574 -0.4633434  0.2020977 -0.0451367  0.1139017 -0.1220029 -0.2224078  0.1265080  0.0887672 -0.0855742  0.0875831  0.1308274  0.3257104 -0.1426572 
 0.3072443  0.0455740  0.0000000  0.1896753  0.1801206  0.2432599 -0.5697517  0.2187852  0.0703066  0.0173416  0.1407168 -0.2854859  0.0752534 -0.1009505 -0.1939189 -0.1331742  0.0183775 -0.2790996 -0.1867028  0.0515807  0.2359171 -0.1602118 -0.0508974  0.1020804 -0.1249595 
 0.3072443  0.0000000 -0.0455740  0.2166748  0.1491595 -0.0269505  0.1491802  0.1979093 -0.0884533  0.4506348 -0.0870928  0.4578135  0.0580446  0.0433614 -0.1009163 -0.3373786  0.0282138 -0.0355886 -0.2014632 -0.1723915 -0.0821701  0.1907500  0.2987055 -0.1002316  0.0082856 
 0.3072443  0.0000000  0.0455740 -0.1337008 -0.1236376 -0.0180450 -0.1911258 -0.1608383 -0.0428484 -0.2557604  0.0477486  0.1640920  0.1179528 -0.5018581 -0.0469918  0.3535916 -0.0456496  0.1039843 -0.0234340 -0.2237735  0.1197975  0.3466299  0.2202367 -0.2522514 -0.0895206 
 0.3528183  0.0000000  0.0000000 -0.5311966  0.3134678  0.2267231  0.0967936 -0.0599453  0.0266829  0.1686924  0.0446515  0.2098600 -0.1136707  0.2271926 -0.0533821  0.2544180  0.0851633 -0.0496539 -0.0135132  0.2886120  0.1222413  0.0668932 -0.3171667 -0.0937562  0.0374372 
 0.3528183  0.0000000  0.0000000  0.1421708 -0.2668935  0.0440743  0.1954649  0.0167962 -0.3391551 -0.0391910  0.1693478  0.1009073  0.3832754  0.0958743 -0.0352980  0.2218376 -0.0909481 -0.0778049  0.1936901  0.1127098 -0.1569642 -0.5295293  0.0455576 -0.0390283 -0.0921320 
 0.3528183  0.0000000  0.0000000  0.0130982  0.0533495 -0.0985036  0.2604289 -0.1242458  0.1402894  0.0404212 -0.2522721 -0.1675398 -0.0130579 -0.4123495  0.0953814 -0.1849431 -0.3944491  0.0446005 -0.1357250 -0.1222579 -0.1261066 -0.1277868 -0.4331261  0.1478263  0.1427501 
 0.3528183  0.0000000  0.0000000 -0.0311873  0.0613616 -0.0719273 -0.2084306  0.0028045 -0.1772620 -0.0276268 -0.1190515 -0.3499790 -0.1604523  0.4005874  0.1269857 -0.0084983  0.0024275  0.6143625 -0.0318317 -0.1953317 -0.1213168 -0.0195743  0.1199946 -0.0619397 -0.0308077 
 0.3528183  0.0000000  0.0000000  0.1116031  0.0478004 -0.1599444  0.2629614 -0.0504418  0.0898569 -0.2974649  0.1399440 -0.2155802  0.0886018 -0.0001145  0.2032921 -0.2801500  0.5032300 -0.1543381  0.2356462  0.1390406  0.1184566  0.2052786  0.0632254 -0.0186822  0.2465426 
 0.0000000  0.3528183  0.0000000  0.2703993  0.0124070  0.4372344 -0.2242725 -0.2775221 -0.2328669 -0.0178184 -0.2431232  0.2288856  0.0034082 -0.0403279  0.2910785 -0.0338459  0.1421897  0.0244529  0.2134585  0.0550303 -0.1958214  0.1822444 -0.1944154  0.2236425 -0.0377577 
 0.0000000  0.3528183  0.0000000 -0.0116108  0.0608508 -0.2276828  0.1013434 -0.4014788 -0.0657889 -0.1722369 -0.1721334 -0.1148384  0.2509623  0.2853818 -0.1179498 -0.0916916 -0.2245184 -0.1788943 -0.3520431  0.2306603  0.1025297  0.1712369  0.1237926 -0.0131529 -0.2999139 
 0.0000000  0.3528183  0.0000000 -0.0595352  0.2698165 -0.2071232  0.0216399  0.2164267  0.0924414 -0.1429148  0.2314326  0.1774915  0.1001085 -0.1240610 -0.3356448 -0.0626107 -0.0978568  0.3824887  0.2903776  0.1354633 -0.0249116  0.0354613  0.0348199  0.4332994 -0.0596531 
 0.0000000  0.3528183  0.0000000 -0.2506915  0.0536995  0.2707136  0.0813844 -0.2368682  0.0086063 -0.0736798  0.0939746 -0.1019174 -0.3740208 -0.1291075 -0.2328103 -0.2549528 -0.0229899 -0.1417199  0.1111146 -0.1271899 -0.2303035 -0.2908797  0.3467046 -0.2299795  0.1157946 
 0.0000000  0.3528183  0.0000000  0.0801837  0.1351278 -0.1553911  0.1825213 -0.0479892  0.1596410  0.3977863  0.1312385 -0.1370223 -0.1187439 -0.1377091  0.3675713  0.2793365  0.1889595 -0.0190667  0.0418741 -0.1982951  0.2371545 -0.1832734  0.0788883  0.0387685 -0.3878740 
 0.0000000  0.3528183  0.0000000  0.1774344 -0.2520247  0.0198625 -0.1212327  0.0268912  0.5445260 -0.0180355  0.0656186  0.1950311  0.1601588  0.1237756  0.0106861 -0.0305392  0.0500312  0.2577297 -0.1310203  0.0847374  0.0085518 -0.1296265 -0.2106827 -0.4393840  0.1895094 
 0.0000000  0.3528183  0.0000000 -0.0717614 -0.1852842 -0.0167684 -0.0323098  0.2086730 -0.2314544  0.1601996  0.0908950 -0.1211456  0.0177120  0.1571792  0.1341171  0.0550136 -0.4081420 -0.1720441  0.1927695 -0.1424045  0.3463004  0.2170748  0.0150432  0.0044837  0.4712258 
 0.0000000  0.3528183  0.0000000 -0.1503039 -0.1754363 -0.1690399  0.0534658  0.4824536 -0.2378023 -0.1399362 -0.2265955 -0.0704186 -0.1091562 -0.0959859 -0.0978296  0.1712054  0.3541936 -0.1456233 -0.3260730 -0.0331985 -0.2850275  0.0297702 -0.1706768  0.0112090  0.0063829 
 0.0000000  0.0000000  0.3528183 -0.0195151  0.0747333 -0.1310943 -0.1039443 -0.1875202  0.1646749  0.2201584 -0.4394495 -0.0993164  0.2720157  0.0960586 -0.3813275  0.1951049  0.2267459 -0.1117247  0.2671740 -0.2588983 -0.0067495 -0.0768210  0.0253819  0.0822585  0.2132411 
 0.0000000  0.0000000  0.3528183  0.1250613 -0.0362257  0.4850238  0.4278936  0.2641734  0.1006726 -0.2804085 -0.1184656 -0.0489457 -0.0235905  0.1415664 -0.1285981 -0.0177558 -0.0742230  0.0764935  0.0224539 -0.2465275  0.2584613  0.1021915 -0.0534314 -0.0176790 -0.2733880 
 0.0000000  0.0000000  0.3528183 -0.0365208  0.0652625 -0.2994549 -0.1815005  0.1252808 -0.1114052  0.0230272  0.0378556  0.0278929 -0.0884273  0.0089521  0.0544181 -0.2523404 -0.1449256 -0.1634416  0.4021814  0.0177818 -0.1608610  0.1024501 -0.2873681 -0.4225107 -0.3669818 
 0.0000000  0.0000000  0.3528183 -0.1770552 -0.2402319  0.0957573  0.0021127 -0.1768273  0.0366473  0.2021640  0.5547749 -0.1130896  0.1858069  0.0785062 -0.0037129 -0.1005516  0.0817567 -0.0006631 -0.2286392 -0.2195002 -0.3142841  0.2240574 -0.1306996  0.2425973 -0.0193680 
 0.0000000  0.0000000  0.3528183  0.3808751 -0.0288530 -0.1648888  0.0532360 -0.2437199 -0.3258381  0.0395361  0.1655697  0.0920538 -0.4231401 -0.0793375 -0.2745951  0.0782293  0.0996815  0.1435130 -0.1817970  0.1575242  0.2739775 -0.0740436 -0.1644443 -0.0310291  0.1810161 
 0.0000000  0.0000000  0.3528183  0.0817976  0.0128352  0.1593042  0.0716663  0.1669866  0.0927773  0.2454636 -0.1042559 -0.2862411  0.0339321 -0.2094225  0.1022470  0.1592218 -0.1303239  0.1053935 -0.0101342  0.5877086 -0.2275704  0.1579073  0.3244750 -0.0801170  0.0759262 
 0.0000000  0.0000000  0.3528183 -0.4048473 -0.2518548 -0.0409589 -0.1398414  0.0306598 -0.0705743 -0.0136772 -0.2021375  0.2249878  0.0733607 -0.1139746  0.2723201 -0.3574514  0.1054613  0.1292594 -0.1001108  0.1176516  0.3418739 -0.2920503  0.1521248  0.1769686 -0.0272045 
 0.0000000  0.0000000  0.3528183  0.0954628  0.4395721 -0.1048388 -0.0856646  0.0673066  0.1071547 -0.3450176  0.0886907  0.2405987 -0.0376961  0.1480781  0.3522830  0.2062897 -0.1546319 -0.1968588 -0.1941245 -0.1491032 -0.1909361 -0.1638266  0.1440976  0.0691480  0.2293927 
