 0.2357023  0.2377594 -0.0981833 -0.3881229 -0.0867112 -0.1171268 -0.1869307 -0.1263214 -0.0461767  0.0402946 -0.4261595  0.3294117  0.1594968 -0.3256896 -0.3563388  0.2037099 -0.0689923  0.2384744 
 0.2357023  0.1858023 -0.1018060 -0.2853902 -0.1617617  0.2668816 -0.3363995  0.1804124 -0.0685743  0.2030104  0.4373020 -0.2422117  0.0635125  0.2128997 -0.0488713  0.3319577 -0.3080779 -0.1494400 
 0.2357023 -0.0257410 -0.4342298 -0.1677410 -0.0723630 -0.6344810  0.2212687 -0.0501090 -0.0271249 -0.1165865  0.1627137 -0.3866814 -0.1094815 -0.2127603  0.1338549  0.0175729 -0.0050087 -0.0445577 
 0.2357023  0.1706007  0.1253864 -0.1941395  0.2438882 -0.2314092 -0.4028253  0.0591417  0.2668307  0.0329341 -0.1882165  0.0661698 -0.3453563  0.3122845  0.2738209 -0.4028669 -0.1294209  0.0148752 
 0.2357023 -0.1197159  0.1077826  0.1767436 -0.0954587  0.2781807 -0.0873254 -0.3217851  0.0374171 -0.0307859 -0.1613913 -0.5054674 -0.4816159 -0.0688503 -0.2651523  0.0487758  0.0453208  0.3070239 
 0.2357023 -0.1581136  0.1436231 -0.3597901  0.0986924  0.0461453  0.4549470 -0.1747275  0.3576897  0.4237982  0.1512978  0.1498472 -0.0733207  0.1861978 -0.0602348  0.1277786  0.3266826 -0.0194233 
 0.2357023 -0.2708916 -0.1410635  0.1055299 -0.2535784  0.0825445  0.1092141  0.1235134  0.3501180  0.0796311 -0.2351635 -0.2008244  0.5343393  0.1577741 -0.0605230 -0.3326071 -0.2727001  0.1345539 
 0.2357023  0.1818538  0.4020480  0.3440533  0.1544233 -0.2254494  0.2538607  0.4356921  0.0689716  0.1558368 -0.1706797 -0.0806256 -0.0903993 -0.1419294 -0.1752141  0.2569086 -0.2615423 -0.2105112 
 0.2357023 -0.1327710  0.0700681 -0.1034576 -0.0929787  0.1769770  0.0345088 -0.0918944 -0.0897808 -0.2718117 -0.4623218 -0.0767126  0.0848370  0.1061345  0.5217447  0.3852928  0.1115005 -0.3293497 
 0.2357023 -0.1536399  0.2516878  0.1037869 -0.1903204 -0.1732185 -0.3797295  0.0486682 -0.2795472  0.3388084  0.0400714 -0.1030833  0.2029798 -0.1797042 -0.0262630 -0.2234283  0.5091904 -0.2130314 
 0.2357023  0.2290869 -0.1759090  0.0664264 -0.3901600  0.2235744  0.0799796  0.1995768  0.2662298 -0.3622550  0.0956082  0.2389767 -0.2404007 -0.1050884 -0.1985164 -0.2242711  0.2334025 -0.3560792 
 0.2357023  0.1246994 -0.1941155  0.4377050 -0.0516444 -0.1031173 -0.1334828  0.1579527  0.1430897 -0.0070308  0.1327397  0.2083501  0.0569723  0.1837177  0.2301582  0.3427932  0.3006345  0.5139534 
 0.2357023 -0.0338505 -0.2688767  0.1149029  0.4582963  0.3760875 -0.0420999 -0.0171256  0.0989231  0.1982996  0.0892382  0.0579014  0.0259076 -0.5799486  0.2889298 -0.1146826 -0.0859004 -0.0530159 
 0.2357023 -0.2969653  0.0983876  0.1810494 -0.3655763 -0.0924761  0.0670593 -0.2827972 -0.2424842  0.1248286  0.1666077  0.4540030 -0.2213495 -0.0228953  0.1603823 -0.0500335 -0.4484379 -0.0053107 
 0.2357023 -0.0435583 -0.0480073 -0.2254134  0.0844386  0.2022603  0.3106583  0.4579661 -0.5789282 -0.0468019 -0.0671003  0.0179753 -0.1183684  0.1292668  0.0230403 -0.2436086  0.0751453  0.3110191 
 0.2357023  0.4829149  0.4340792 -0.0151126  0.0229634  0.0315219  0.1881537 -0.3437595 -0.0566782 -0.2862649  0.2747908 -0.1026536  0.3334624 -0.0631558  0.1457863 -0.1849887 -0.0284056  0.1575319 
 0.2357023  0.1492378 -0.3478746  0.2988565  0.3490533 -0.0200546  0.0481240 -0.3395721 -0.2732494  0.0440675 -0.0945028  0.0617994  0.1078818  0.4188054 -0.3169024 -0.0499592  0.0189893 -0.3038056 
 0.2357023 -0.5267082  0.1770030 -0.0898866  0.3487973 -0.0868403 -0.1989810  0.0851684  0.0732742 -0.5199726  0.2551659  0.1138255  0.1109029 -0.0070587 -0.2697014  0.1116565 -0.0123797  0.0070928 
