 0.3310424  0.0000000 -0.3240881  0.3090647 -0.4327829 -0.0061940 -0.1384855  0.1518467 -0.2451131 -0.3410029  0.0484909  0.1719373  0.0453227  0.0510778 -0.2274731 -0.4364426 -0.0263140  0.0167389 -0.0643644 
 0.3310424  0.0000000 -0.1236102  0.1576221  0.2770059  0.1272614  0.0972842 -0.3126989 -0.2324859 -0.1222362 -0.1968790 -0.0751593  0.4746034 -0.1489338 -0.2771377  0.3473138  0.0020158 -0.1936530  0.2331205 
 0.3310424  0.0000000 -0.2029590 -0.4524872  0.2956913 -0.0847478 -0.0846384  0.0402257  0.0680979  0.1630111  0.2412985 -0.2024289  0.2099894 -0.0557081  0.0187849 -0.3570350 -0.4440518  0.1880704  0.0555530 
 0.3310424  0.0000000  0.2065323 -0.0926924 -0.3294162 -0.2416218  0.2251497 -0.2987695  0.1600822  0.0513728  0.0409540 -0.3579638  0.1638377 -0.0350896  0.2638373 -0.2339419  0.4268202 -0.1975183 -0.0250809 
 0.3310424  0.0000000  0.2237171 -0.1565177  0.0424614  0.0962048 -0.1818621 -0.2926187  0.2403447  0.0265791 -0.2735670  0.1962549 -0.3229914 -0.0651112 -0.3901811 -0.0609628  0.2137393  0.4503238  0.0358092 
 0.3310424  0.0000000  0.0733468 -0.1741779 -0.0163083 -0.3938356 -0.0558639  0.2818744 -0.1614332 -0.1422971  0.0963977  0.1452951 -0.3073071 -0.5403959  0.0890583  0.3404452 -0.0225560 -0.1654175 -0.0431639 
 0.3310424  0.0000000  0.4595344  0.0650521  0.0990966  0.1338476 -0.0372423 -0.0439368 -0.0317647 -0.1248985  0.0597375  0.2766806 -0.1585338  0.4313372  0.2660586 -0.0579405 -0.2936253 -0.3028672  0.2897443 
 0.3310424  0.0000000 -0.1029494  0.1580562 -0.3242762  0.2226132 -0.3276395  0.1291110  0.0563151  0.3743421 -0.1657222 -0.1294333  0.1139707  0.1001264  0.3412036  0.3986250 -0.1279354  0.2201255 -0.1594437 
 0.2482818 -0.0827606 -0.2145442 -0.0960858  0.1609548  0.5396670  0.4968461  0.2360241 -0.0627150 -0.1552510  0.1232252 -0.1737351 -0.3091141  0.0579403  0.1143582  0.0543679  0.2308982  0.0968438 -0.0741318 
 0.2482818  0.0827606 -0.0648212  0.3441927  0.3570830 -0.3443706  0.1742176  0.2239307  0.2573243  0.3087571  0.0758277  0.1401582  0.0172585  0.2923225 -0.2265592  0.0255503  0.1316446 -0.1179139 -0.3554338 
 0.0000000  0.3310424  0.3359661  0.0741733 -0.0569456 -0.0358762  0.3620124  0.1427891 -0.5030075  0.3111625 -0.3517790 -0.1225852 -0.0391613 -0.0948182 -0.0787181 -0.2004015 -0.2011826  0.1636439 -0.0575765 
 0.0000000  0.3310424 -0.0012251 -0.1285897  0.2669278 -0.1798011 -0.4155081  0.2110838 -0.2476671 -0.2893798 -0.1519544 -0.3608953 -0.0294708  0.3490605  0.0703094  0.0338823  0.3398519  0.0814179  0.0611980 
 0.0000000  0.3310424  0.1079295  0.2950990  0.1255850  0.0485876 -0.0786484 -0.4566401 -0.1861629 -0.1093126  0.5494723 -0.0510691 -0.0972067 -0.1084222  0.1259691  0.0720170 -0.0670073  0.2503380 -0.3135102 
 0.0000000  0.3310424 -0.1780386  0.4354065  0.0574986 -0.0165947  0.0003230  0.0531031  0.3916220  0.0129374 -0.0778935 -0.2832219 -0.2829344 -0.2570927  0.0687466 -0.1096674 -0.1281334 -0.0348444  0.4923229 
 0.0000000  0.3310424 -0.0790533 -0.1022742 -0.1193963 -0.2168735  0.3590395  0.0793523  0.1704753 -0.2430389  0.0067941  0.3794514  0.3140286  0.1203240  0.2206092  0.1812154  0.0234580  0.4498305  0.2180585 
 0.0000000  0.3310424  0.0121868 -0.1523416 -0.1337111  0.2347302 -0.1379844  0.1577185 -0.1273775  0.4390825  0.4267075  0.2111546  0.0916993 -0.0425109 -0.2077556  0.0056103  0.3474212 -0.1522611  0.3423215 
 0.0000000  0.3310424  0.2333119 -0.1923016 -0.2858516  0.1532796  0.0576749  0.1455139  0.3250893 -0.2662674  0.0899606 -0.2733815  0.0737684  0.0863611 -0.4312866  0.2180228 -0.2782172 -0.1831974 -0.2290637 
 0.0000000  0.3310424 -0.5003418 -0.2872175 -0.1210572 -0.0922480  0.0852142 -0.4054708 -0.0918375  0.1318572 -0.2016327  0.1321770 -0.3375398  0.2190936  0.0366722  0.0815298 -0.1173175 -0.2921271 -0.0988276 
 0.0000000  0.3310424  0.0318337 -0.0520236  0.2179183  0.3258056 -0.1514659  0.0755734  0.1888560 -0.1030429 -0.2778255  0.2898966  0.2252235 -0.3305908  0.2806831 -0.2750044  0.1059402 -0.2291109 -0.3445974 
