 0.2085144 -0.0371468 -0.1355919  0.3605546 -0.0507187 -0.0256187  0.3332488  0.1692605  0.2683096 -0.0080992 -0.3238798  0.2263411 -0.5117106 -0.1647243  0.2018199 -0.0184030  0.0232543  0.0276093  0.1186473 -0.1116804 -0.1867216  0.1868827 -0.0891389 
 0.2085144 -0.0926252  0.0760921 -0.0031573 -0.0457003  0.0560008  0.3934357 -0.1823007  0.2466988  0.0476726 -0.1086783  0.1431773  0.4090842 -0.2304613 -0.2442011  0.0540485  0.1081391  0.3837472 -0.0544465  0.4460591  0.0367538 -0.0315499 -0.0848277 
 0.2085144 -0.2388661 -0.0768061 -0.0581902 -0.0153938 -0.4560249 -0.1249755  0.0682885 -0.0408110 -0.0997404 -0.0353667 -0.2530688 -0.0378382 -0.2461653 -0.0764503 -0.3023767  0.0800845 -0.2594486  0.0687876  0.3784444 -0.1812336  0.1207944  0.3954390 
 0.2085144  0.0314290  0.2102281 -0.1270164 -0.2603770 -0.1150789 -0.1344971  0.1892732 -0.1053329 -0.2133233 -0.1634837 -0.1681939  0.0876563 -0.2925702  0.5423326  0.0331468  0.0453576  0.2340037 -0.2363018 -0.0760810  0.3650173  0.0004289 -0.0919230 
 0.2085144  0.0104448  0.0772533  0.1431459 -0.3748978  0.1978457  0.2136523 -0.0390019 -0.1753756  0.2761400 -0.0132520  0.1016239 -0.0440068  0.3884210  0.2538602 -0.0873751  0.0091526 -0.3126817 -0.1895584  0.3046245  0.0776727 -0.2873575  0.2133184 
 0.2085144 -0.0328456  0.0672292  0.0007980  0.1859731 -0.1508996 -0.2959888  0.2326295 -0.0174399  0.2725454 -0.0145314  0.1663545  0.1880527  0.1882434  0.0995595  0.0461753  0.3418686 -0.0862552 -0.2714464  0.0918402 -0.3764104  0.1538651 -0.4412880 
 0.2085144  0.1426135  0.2191934 -0.0139139 -0.2138040  0.3897821 -0.3157277 -0.0937949  0.1309850  0.1142030 -0.1116113 -0.0872046 -0.0593212  0.0103987 -0.1884442  0.0701002  0.2693401 -0.1319525  0.2983902  0.0454115  0.2248237  0.4990279  0.0829310 
 0.2085144 -0.1251001 -0.4956343 -0.0439777 -0.1837122  0.2366571 -0.1969327 -0.0139629  0.3068473 -0.2726481  0.4113618  0.0407143 -0.0315349 -0.0042153  0.0743762  0.2913565  0.1067487  0.0588247 -0.2575094 -0.0040532 -0.1321004 -0.0203657  0.1862811 
 0.2085144 -0.1725671  0.2808770 -0.1728558 -0.1138906 -0.3630409  0.2636026 -0.1892634  0.0065731 -0.1935142  0.1930210  0.1385992  0.0064655  0.1122285 -0.0427300  0.4711463 -0.1709498 -0.3583539  0.0656924 -0.1263253  0.0539314  0.1943176 -0.1375221 
 0.2085144  0.1177723 -0.1332757 -0.1724039 -0.1775010 -0.0489635  0.0706046  0.2493367  0.2892696 -0.1680685 -0.0641445  0.0758629  0.1141930  0.1410624 -0.3710468 -0.4900614 -0.0787160 -0.2199169 -0.1813997 -0.2597464  0.2421889 -0.0707478 -0.2072331 
 0.2085144 -0.1376855 -0.3790498  0.0524960 -0.0183789 -0.1281620  0.1930224 -0.2474879 -0.4115077 -0.0696390 -0.0194807 -0.2957414 -0.0822318  0.3553533 -0.0708186 -0.0812935  0.2974353  0.2818312  0.0784446 -0.1043848  0.1522934  0.1623391 -0.1862056 
 0.2085144 -0.1422880  0.1024639 -0.1064358 -0.1715090  0.1421989 -0.0503773 -0.0254453 -0.4326202  0.2594009  0.0702189  0.1369323 -0.2492447 -0.3276747 -0.3622081 -0.0324352 -0.2344133  0.1639497 -0.3548872 -0.1956604 -0.1601077  0.0868134  0.0502847 
 0.2085144  0.1073817  0.0525545  0.1945436 -0.0511951 -0.3083393 -0.1586347  0.0199950  0.2951240  0.3547215 -0.1632476 -0.3980367 -0.0633099  0.1178189 -0.2287370  0.3382192 -0.0643584  0.1560913 -0.0496063 -0.1870412  0.0326264 -0.3363027  0.1356334 
 0.2085144 -0.0957827 -0.0539721 -0.1112015  0.0663391 -0.1626325 -0.1291966  0.1897736 -0.0586701  0.2420297  0.3550233  0.4127943 -0.1291743 -0.1039674  0.0194455 -0.0466385  0.1702222  0.1382509  0.4679740  0.0009537  0.3224271 -0.2982480  0.0015024 
 0.2085144 -0.1171974  0.1494087 -0.2789852  0.1044126  0.1298362  0.0239217 -0.4570634  0.1098425 -0.0029454 -0.1690771  0.0225472  0.0962624 -0.0866043  0.1906622 -0.1987213  0.2793701 -0.0788551  0.1033971 -0.4331633 -0.2966026 -0.2866237  0.1374783 
 0.2085144  0.0156815  0.2978837  0.6028585  0.1450034 -0.0788031 -0.1158378 -0.1469043  0.0387980 -0.1576409  0.3344193  0.1178779  0.1957008  0.1284356  0.0589015 -0.2888440 -0.1422378  0.1843634 -0.0644572 -0.1669988  0.0177381  0.1618684  0.1878952 
 0.2085144  0.0297878 -0.1923277 -0.3473653  0.1198365 -0.0059090 -0.0090317  0.1320510  0.0221702  0.1746355 -0.2140592  0.1415745  0.2248218  0.3069940  0.2021823  0.0059006 -0.4634523  0.2402015  0.1492889 -0.0426528 -0.0836633  0.2967350  0.3030977 
 0.2085144  0.5022645  0.1682037 -0.2417281  0.3187617 -0.0626723 -0.0582343 -0.1615015 -0.0061262 -0.2967107 -0.0220602  0.1136597 -0.4430757  0.1628516 -0.0745151 -0.0009144  0.0339759  0.1493883 -0.1797326  0.2900022 -0.0005168 -0.0991354  0.0542394 
 0.2085144 -0.4102499  0.1596942  0.0539953 -0.0103407  0.2761301 -0.2575131  0.0896595 -0.0342228 -0.3140621 -0.1403761 -0.1421243 -0.0883296  0.1628979 -0.0684050 -0.0106750 -0.3304826  0.0720180  0.2737270  0.1954590 -0.1527367 -0.2808577 -0.3170251 
 0.2085144  0.2669402 -0.4036661  0.2263266  0.0849125 -0.0434679 -0.2525039 -0.3833339 -0.1665742  0.0264609 -0.2092514  0.1528681  0.1820193 -0.2875432  0.0478492  0.0774173 -0.2645563 -0.2958090  0.0496400  0.0677603  0.1302159 -0.0843579 -0.2073012 
 0.2085144 -0.2712150 -0.0088158  0.0265882  0.6604768  0.2804186  0.1813567  0.1652329  0.0080250  0.0875937 -0.0085816 -0.1844929 -0.0217016 -0.0876974  0.0137666  0.1018557  0.0118064 -0.2412174 -0.2158925 -0.0300796  0.3611856  0.0210570  0.0990501 
 0.2085144  0.3137153  0.0072068 -0.1116484 -0.0014693  0.1181042  0.2375640  0.0099351  0.0873474  0.2253582  0.4698815 -0.4511911 -0.0267912 -0.1719464  0.1877308 -0.1613871 -0.2041780 -0.0361161  0.1743101  0.0588847 -0.2041894  0.0518618 -0.2819995 
 0.2085144  0.3355388  0.0108508  0.1275724  0.0031727  0.1226391  0.1890424  0.4246247 -0.3613099 -0.2843694 -0.0528442 -0.0108735  0.2840143 -0.0711353 -0.1649305  0.2297586  0.1765889 -0.0696730  0.2069387 -0.1415724 -0.2425916 -0.1404450  0.1973135 
