 0.7071070 -0.0000001 -0.1681393  0.0000001  0.0495055 -0.0000001  0.0000006 -0.0000003 -0.0000001  0.0000000  0.0000000 -0.0170091 -0.2091356  0.0001263 -0.3225228  0.2268818  0.2892307  0.3358067 -0.2708030 
 0.7071066  0.0000002  0.1681394 -0.0000001 -0.0495056  0.0000001 -0.0000001  0.0000005  0.0000002  0.0000000  0.0000000  0.0170091  0.2091357 -0.0001261  0.3225229 -0.2268820 -0.2892308 -0.3358070  0.2708030 
 0.0000000  0.7071073 -0.1681400  0.0000001 -0.0495051  0.0000005  0.0000000  0.0000001  0.0000001  0.0000001  0.0000000  0.0170090 -0.4802920  0.3054170  0.0740372  0.2154299 -0.2294671 -0.1247901  0.1578254 
-0.0000001  0.7071062  0.1681403  0.0000000  0.0495052 -0.0000002  0.0000000  0.0000002  0.0000000 -0.0000002  0.0000000 -0.0170090  0.4802925 -0.3054174 -0.0740376 -0.2154304  0.2294677  0.1247901 -0.1578261 
 0.0000000 -0.0000001  0.9417622  0.0000000  0.0000000  0.0000000  0.0000000  0.0000000  0.0000000  0.0000001  0.0000000  0.0000000 -0.2461775  0.1091022 -0.0887276  0.1579384  0.0213396  0.0753483 -0.0403410 
 0.0000000  0.0000000  0.0000000  0.7071069 -0.2272448  0.0000000  0.0000000  0.0000000  0.0000000  0.0000000  0.0000000 -0.0074107  0.0007639  0.0026189 -0.1541627  0.0357374  0.4280995 -0.1254517  0.4735469 
 0.0000000 -0.0000001  0.0000000  0.7071067  0.2272448 -0.0000001  0.0000000  0.0000000  0.0000000  0.0000000  0.0000000  0.0074107 -0.0007639 -0.0026190  0.1541627 -0.0357375 -0.4280997  0.1254516 -0.4735471 
 0.0000000  0.0000000  0.0000000  0.0000000  0.9417624  0.0000000  0.0000000  0.0000000  0.0000000  0.0000000  0.0000000  0.0000001 -0.0281389  0.0333597 -0.0327063  0.0160425  0.1520660 -0.1089667  0.2735945 
 0.0000001 -0.0000001  0.0000002  0.0000000 -0.0000002  0.7071068 -0.0000003 -0.1884285  0.0000001 -0.0271889  0.0000000 -0.0190371 -0.2532160 -0.6081435  0.0213180  0.1029207 -0.0910522 -0.0770117  0.0645585 
-0.0000001 -0.0000002 -0.0000001  0.0000001  0.0000003  0.7071068  0.0000002  0.1884285 -0.0000001  0.0271888  0.0000001  0.0190371  0.2532164  0.6081432 -0.0213182 -0.1029209  0.0910526  0.0770119 -0.0645588 
-0.0000001  0.0000004  0.0000001  0.0000001  0.0000001  0.0000001  0.7071067 -0.1884285 -0.0000001  0.0271890  0.0000000 -0.0190371  0.2121474  0.0192544  0.2044006  0.3065873 -0.1211223  0.4417175  0.2691757 
-0.0000004 -0.0000003  0.0000000  0.0000000 -0.0000002  0.0000000  0.7071069  0.1884282  0.0000001 -0.0271890  0.0000000  0.0190371 -0.2121473 -0.0192548 -0.2044003 -0.3065874  0.1211219 -0.4417177 -0.2691754 
 0.0000000  0.0000000  0.0000000  0.0000000  0.0000000  0.0000000  0.0000001  0.9262715  0.0000000  0.0000001  0.0000000 -0.0154906 -0.0167093 -0.2395916  0.0918341  0.1666100 -0.0863237  0.1483821  0.1357807 
 0.0000000  0.0000000  0.0000000  0.0000001  0.0000000  0.0000000  0.0000000  0.0000000  0.7071068 -0.2346555  0.0000000  0.0000000  0.0573464  0.0142192  0.4076243  0.3148835  0.2941044 -0.2105234 -0.2128833 
 0.0000000  0.0000000  0.0000000  0.0000000  0.0000000  0.0000000 -0.0000001  0.0000000  0.7071068  0.2346555  0.0000001  0.0000000 -0.0573463 -0.0142190 -0.4076244 -0.3148834 -0.2941043  0.2105237  0.2128832 
 0.0000000  0.0000000  0.0000000  0.0000000  0.0000000  0.0000000  0.0000000  0.0000000  0.0000000  0.9417625  0.0000000  0.0000000  0.0017074 -0.0291404  0.1925612  0.1451567  0.1482982 -0.1348625 -0.1179014 
 0.0000000  0.0000000  0.0000000  0.0000000  0.0000000  0.0000000  0.0000000  0.0000000  0.0000000  0.0000000  0.7071068 -0.2346557 -0.2723198  0.0089821  0.3428453 -0.3816371  0.1951807  0.2617465  0.0300244 
 0.0000000  0.0000000  0.0000000  0.0000000  0.0000000  0.0000000  0.0000000  0.0000000  0.0000000  0.0000000  0.7071068  0.2346557  0.2723197 -0.0089822 -0.3428453  0.3816372 -0.1951807 -0.2617465 -0.0300245 
 0.0000000  0.0000000  0.0000000  0.0000000  0.0000000  0.0000000  0.0000000  0.0000000  0.0000000  0.0000000  0.0000000  0.9417626 -0.1278346 -0.0342592  0.1647365 -0.1699099  0.1127408  0.1622854  0.0226578 
