 0.4040610  0.0000000 -0.1517187 -0.2472895 -0.1661078 -0.1832084 -0.2411643 -0.3077777 -0.3961677 -0.2708520 -0.0688970  0.5506125  0.0169998 
 0.4040610  0.0000000  0.3669249  0.3125643 -0.0035259 -0.0347753  0.0170506  0.4041544  0.2597020  0.1822017  0.3152885  0.4784728  0.1027888 
 0.4040610  0.0000000  0.0117515 -0.3999936  0.2586672 -0.0240676 -0.1567203 -0.1796892  0.2659822 -0.1557706  0.5262316 -0.3961091  0.1530722 
 0.4040610  0.0000000 -0.1377181 -0.3519740  0.3764771  0.1647432  0.3218177  0.1384492 -0.1142985  0.4956183 -0.3525322  0.0159032 -0.1379821 
 0.4040610  0.0000000 -0.3376343  0.2124072 -0.5380379  0.2262663  0.4041993 -0.1297281  0.3106879 -0.1666981 -0.1016657 -0.1472147 -0.0202495 
 0.3030458 -0.1010153 -0.0543759  0.2751927 -0.0657041 -0.6073033 -0.3603169  0.1167194  0.0082100  0.1742705 -0.3471967 -0.3823462  0.0742541 
 0.3030458  0.1010153  0.3855688  0.3571882  0.1624072  0.4086924 -0.0999270 -0.0172642 -0.4427511 -0.2869362 -0.0773704 -0.2865400 -0.2270929 
 0.0000000  0.4040610  0.3003120 -0.0208775  0.0123245 -0.5271739  0.6235490 -0.1351735 -0.1885245 -0.1073199  0.0818474 -0.0798497  0.0287763 
 0.0000000  0.4040610 -0.1651883 -0.0541092 -0.2433957 -0.0788000 -0.2060793  0.0910688 -0.0313353  0.2516834  0.3148976 -0.0457942 -0.7243774 
 0.0000000  0.4040610 -0.3502986  0.3986634  0.5602019 -0.0339759 -0.0668519 -0.2671976  0.3039582 -0.1337130 -0.1057339  0.2025728 -0.0419957 
 0.0000000  0.4040610  0.1525301  0.0668053 -0.2300347  0.2302071 -0.1848938 -0.4236044 -0.0814492  0.5390742  0.0121086 -0.0439069  0.4360725 
 0.0000000  0.4040610  0.3591195 -0.3752371 -0.1293034  0.0722544 -0.1980369  0.1755113  0.4139079 -0.2689079 -0.4784868  0.0335969 -0.0359516 
 0.0000000  0.4040610 -0.4064609 -0.0357438 -0.0268204  0.0834893 -0.0327846  0.5928912 -0.3038169 -0.1655151  0.1079105 -0.0905704  0.4128127 
