 0.5537641 -0.0792394 -0.0299510 -0.0253832  0.0092246  0.0057023  0.0011982  0.0004372  0.0003524  0.0002133  0.4302008  0.1276585  0.4090460  0.1509187 -0.1391023  0.1821340 -0.0443319  0.3288932  0.0889244 -0.3310615 -0.1173610 
 0.5571542  0.0782852 -0.0318846  0.0228983  0.0089346 -0.0060323 -0.0004673  0.0003879  0.0000360  0.0004986 -0.4815145  0.0049547 -0.0473493  0.1330076  0.1146184  0.3037850 -0.1924789  0.0879805 -0.1957126  0.4891199 -0.0471803 
 0.6188088  0.0007613  0.0558859  0.0021394 -0.0162868  0.0003334 -0.0006515 -0.0007404 -0.0002233 -0.0007643  0.0486612 -0.1186531 -0.3235472 -0.2549668  0.0214637 -0.4364127  0.2127468 -0.3734368  0.0964218 -0.1443079  0.1476080 
-0.0000983  0.7044061  0.0000701 -0.0014628  0.0000815  0.0000886  0.0004670  0.0000264 -0.0000605 -0.0001081  0.0749822  0.3046131  0.4402865 -0.1591840  0.1138699 -0.0436743 -0.0126087 -0.2634960  0.2058454  0.1846587  0.1589728 
-0.0001980  0.7010022 -0.0001172 -0.0040088 -0.0000552  0.0012195 -0.0002810 -0.0000196  0.0000812  0.0000936  0.0270045 -0.2920866 -0.3905197  0.1624497 -0.1430023  0.0309940  0.0289898  0.2925183 -0.1751042 -0.2774227 -0.1679177 
 0.0000445  0.0000544  0.7060745 -0.0002649  0.0003098 -0.0000959  0.0000595  0.0000278  0.0000094  0.0000969 -0.1007839 -0.1068911  0.1362246  0.2942080 -0.3135367 -0.0555975  0.3531376 -0.0529094  0.2306163  0.2083797 -0.2219282 
-0.0003743  0.0001058  0.7045721  0.0000484  0.0017525  0.0000396  0.0000218  0.0000670  0.0000190  0.0000011  0.0936412  0.1221060 -0.0957200 -0.2621339  0.3117434  0.1118415 -0.3813481  0.1006737 -0.2438861 -0.1893781  0.2035223 
-0.0000269 -0.0000209  0.0000026  0.7065433  0.0000419  0.0003272  0.0000408 -0.0000237  0.0000168 -0.0000308 -0.0267269  0.0545630  0.2468319 -0.0697930 -0.1396347 -0.2194131  0.2037440  0.0442820 -0.5654128  0.0001031  0.0224449 
-0.0000104  0.0000704  0.0000014  0.7068275  0.0000128  0.0000817  0.0000188  0.0000290 -0.0000093  0.0000299  0.0578977 -0.0508221 -0.2307880  0.0723655  0.1300899  0.2174276 -0.1993509 -0.0331027  0.5739528 -0.0284964 -0.0262962 
 0.0000148  0.0000298  0.0000214  0.0000396  0.7069252  0.0000059 -0.0000105 -0.0000435  0.0000073 -0.0000033 -0.2599671 -0.1791891  0.1953465  0.0409171  0.0339506 -0.4262558 -0.2383121  0.2732926  0.1722913 -0.0657359  0.1113417 
-0.0000249  0.0000056  0.0000039 -0.0000034  0.7069819 -0.0000003 -0.0000144  0.0000157 -0.0000157 -0.0000252  0.2613441  0.1743977 -0.2074374 -0.0498838 -0.0337430  0.4097167  0.2469902 -0.2874522 -0.1682536  0.0608792 -0.1062440 
-0.0000044 -0.0000017 -0.0000020 -0.0000021  0.0000035  0.7070844 -0.0000034  0.0000001  0.0000023  0.0000018  0.2838815 -0.1640838  0.0171772  0.2291781  0.4931911 -0.1458496  0.1301211  0.0633138 -0.0659321  0.2104038 -0.0750684 
 0.0000004  0.0000110  0.0000017 -0.0000005  0.0000003  0.7070792 -0.0000096  0.0000001 -0.0000038 -0.0000001 -0.2915508  0.1635802 -0.0201745 -0.2293240 -0.4908836  0.1471977 -0.1315552 -0.0655434  0.0640152 -0.2029966  0.0757632 
 0.0000000  0.0000000  0.0000000  0.0000000  0.0000000  0.0000000  0.7071061 -0.0000006  0.0000000 -0.0000002 -0.2999665 -0.1199452  0.1733061  0.1511892  0.2565783  0.2046457  0.2262675 -0.1597573 -0.0094420 -0.3794741  0.1192461 
 0.0000000  0.0000000  0.0000000  0.0000000  0.0000000  0.0000000  0.7071058 -0.0000004 -0.0000003 -0.0000005  0.2989299  0.1193115 -0.1747928 -0.1514393 -0.2563623 -0.2051032 -0.2261278  0.1592018  0.0090504  0.3799810 -0.1191022 
 0.0000000  0.0000000  0.0000000  0.0000000  0.0000000  0.0000000 -0.0000001  0.7071067 -0.0000002  0.0000000 -0.0316430 -0.1974579  0.0634790 -0.4735548  0.0718539  0.1543309  0.2923263  0.3047758  0.1198244  0.0998415 -0.0086782 
 0.0000000  0.0000000  0.0000000  0.0000000  0.0000000  0.0000000  0.0000000  0.7071062  0.0000000 -0.0000006  0.0316599  0.1972142 -0.0640338  0.4731438 -0.0718408 -0.1551247 -0.2919523 -0.3053823 -0.1196979 -0.1000655  0.0089207 
 0.0000000  0.0000000  0.0000000  0.0000000  0.0000000  0.0000000  0.0000000  0.0000000  0.7071069 -0.0000001  0.1837619 -0.4665432  0.1276264  0.0304600 -0.1844014  0.1510198 -0.1442858 -0.1598006 -0.0661040  0.1166045  0.3319950 
 0.0000000  0.0000000  0.0000000  0.0000000  0.0000000  0.0000000 -0.0000001 -0.0000002  0.7071066 -0.0000001 -0.1838422  0.4665301 -0.1277821 -0.0306230  0.1844660 -0.1512149  0.1443766  0.1595098  0.0661749 -0.1165252 -0.3318841 
 0.0000000  0.0000000  0.0000000  0.0000000  0.0000000  0.0000000  0.0000000 -0.0000006 -0.0000001  0.7071062 -0.0219878 -0.2254063  0.1645141 -0.1904834  0.0516182 -0.0103432 -0.2196176 -0.2453323 -0.0530027 -0.0713089 -0.5160184 
 0.0000000  0.0000000  0.0000000  0.0000000  0.0000000  0.0000000 -0.0000001 -0.0000001 -0.0000002  0.7071066  0.0221909  0.2253210 -0.1649198  0.1899451 -0.0515417  0.0095572  0.2199760  0.2446246  0.0531700  0.0710123  0.5163450 
