 0.7077670 -0.2020867 -0.0007900 -0.0004262 -0.0003544 -0.0000914  0.0000706  0.0806330 -0.0000465 -0.0001371 -0.0000402 -0.2990077 -0.2293321  0.5523925  0.0677339 
 0.7064434  0.2024465 -0.0000095  0.0003229 -0.0010439  0.0002583 -0.0002861 -0.0808319  0.0000447  0.0001427  0.0000412  0.2995119  0.2303270 -0.5529747 -0.0698503 
 0.0000130  0.9582150 -0.0000073 -0.0000655  0.0000239  0.0000232  0.0000457  0.0340766 -0.0000208 -0.0000557 -0.0000164 -0.1260934 -0.0969384  0.2335663  0.0285129 
 0.0014037  0.0002650  0.7001882 -0.2036079 -0.0029452 -0.0010414  0.0629748  0.0124027 -0.0002488 -0.0016667 -0.0003504  0.0727051 -0.1943512 -0.1221570  0.6373108 
-0.0005862 -0.0004708  0.7139549  0.1996423  0.0005084  0.0006868 -0.0617010 -0.0121144  0.0002428  0.0016299  0.0003427 -0.0730490  0.1906616  0.1197624 -0.6248379 
 0.0004966  0.0000612  0.0000304  0.9584802 -0.0009781  0.0002256  0.0261276  0.0052519 -0.0001040 -0.0006894 -0.0001453  0.0316429 -0.0814516 -0.0498852  0.2654797 
 0.0008212  0.0003217  0.0003943  0.0011749  0.7108736 -0.2026573  0.0609141 -0.0127743 -0.0002140 -0.0020988 -0.0003023 -0.5959867  0.1296078 -0.2738448  0.0521439 
 0.0005822 -0.0001576  0.0020172 -0.0008513  0.7033119  0.2046871 -0.0612263  0.0129259  0.0002126  0.0021136  0.0003040  0.6031336 -0.1318414  0.2755871 -0.0492890 
-0.0000718  0.0000053 -0.0000984 -0.0001599  0.0001064  0.9576176  0.0259816 -0.0054206 -0.0000910 -0.0008988 -0.0001295 -0.2550339  0.0551977 -0.1168743  0.0226836 
 0.0000021 -0.0000487  0.0000593 -0.0000221 -0.0000017  0.0000995  0.9916704 -0.0000058  0.0000621  0.0005083  0.0000882  0.0706456  0.0088898  0.0532140 -0.0932093 
 0.0000089  0.0000032  0.0000065 -0.0000022 -0.0000184  0.0000038  0.0000202  0.9925298  0.0000076  0.0000093  0.0000079  0.0341276  0.0495898 -0.1024293 -0.0277293 
 0.0000006  0.0000032 -0.0000003  0.0000004  0.0000026  0.0000002  0.0000002  0.0000003  0.7071058 -0.2033797 -0.0821256 -0.0375916 -0.5877507 -0.2372903 -0.2207325 
 0.0000021 -0.0000006  0.0000009  0.0000010 -0.0000001 -0.0000004  0.0000001  0.0000013  0.7071076  0.2033764  0.0821249  0.0372034  0.5876556  0.2370920  0.2212614 
 0.0000000 -0.0000001 -0.0000006  0.0000000 -0.0000002  0.0000000  0.0000002  0.0000001  0.0000001  0.9577363 -0.0348819 -0.0186184 -0.2497734 -0.1023589 -0.0911793 
 0.0000000  0.0000000  0.0000000  0.0000000  0.0000000  0.0000000  0.0000000  0.0000000  0.0000000  0.0000000  0.9926196 -0.0072196 -0.1061066 -0.0430750 -0.0392448 
