 0.3535534  0.0000000  0.0000000 -0.0544651 -0.1088217 -0.1310940 -0.0210681  0.2734477  0.1923247  0.0326522  0.2767738  0.1959340  0.1093295 -0.1260682 -0.2572493 -0.2186897 -0.2231093  0.4244650  0.0914147  0.1999198 -0.3511702 -0.0821966 -0.0794196 -0.2413167 
 0.3535534  0.0000000  0.0000000 -0.1868364 -0.1945019 -0.1339004 -0.0614320  0.1591381  0.0573329 -0.3027191 -0.4271938  0.0933799 -0.2795495  0.1946218 -0.2660702  0.0792417  0.2463323  0.1067645 -0.1521531  0.0294932 -0.0234441  0.1540332 -0.0160314  0.3941612 
 0.3535534  0.0000000  0.0000000 -0.2730086  0.1335992  0.0264446  0.0694153 -0.2696466  0.0850437  0.0670591  0.0810277 -0.3205401  0.2131000 -0.3325467  0.3251732  0.1552469  0.0862594  0.1924876 -0.1071535  0.0344133 -0.0522377 -0.1789526 -0.2754070  0.3602103 
 0.3535534  0.0000000  0.0000000  0.0261869 -0.2557632  0.1538002 -0.0564471 -0.1196245  0.1927787 -0.0558561  0.4277845  0.0048860 -0.0930180  0.3287900  0.0144555  0.0755182  0.3468326 -0.1420765  0.2911290 -0.3282853  0.1695875 -0.1944422 -0.0540982 -0.1388317 
 0.3535534  0.0000000  0.0000000  0.0638455  0.0369183 -0.1412038 -0.2317961 -0.1322297 -0.0521943  0.3445721 -0.2011600  0.1148536  0.1556703 -0.3617126 -0.1183052 -0.0990007  0.2871344 -0.2588882  0.1526061  0.1760437  0.1339200  0.0000530  0.4429407 -0.0809351 
 0.3535534  0.0000000  0.0000000  0.1891771  0.3799468 -0.0725365 -0.0101183 -0.1738141  0.2869371 -0.2309294  0.0542335  0.1176108 -0.0372183  0.2407513  0.3286799  0.0447091 -0.1841308 -0.2234619 -0.2613297  0.1671624 -0.1221745  0.3132281  0.1100474 -0.1795600 
 0.3535534  0.0000000  0.0000000  0.2146824  0.0066076  0.2387950  0.1675257  0.2577937 -0.3334925  0.2078209 -0.1397137 -0.0153789 -0.0631420 -0.0682302  0.0428153  0.0904340 -0.0235843  0.1956735 -0.4055038 -0.2205525  0.3251343  0.0350744 -0.1363273 -0.3271952 
 0.3535534  0.0000000  0.0000000  0.0204181  0.0020150  0.0596950  0.1439205  0.0049353 -0.4287303 -0.0625997 -0.0717521 -0.1907453 -0.0051720  0.1243945 -0.0694992 -0.1274595 -0.5357344 -0.2949639  0.3909903 -0.0581947 -0.0796153 -0.0467974  0.0082953  0.2134672 
 0.0000000  0.3535534  0.0000000 -0.1610413  0.1666396 -0.0125694 -0.3353699 -0.2351726 -0.1490637  0.2537568 -0.1048709 -0.4186887 -0.1891691  0.2433290 -0.1424349 -0.0030704  0.0914113  0.1853031  0.0711463 -0.0447305 -0.2735964  0.2218301 -0.0953554 -0.2867856 
 0.0000000  0.3535534  0.0000000 -0.3652674 -0.0779131 -0.2299764 -0.0979063  0.1170536 -0.2388242 -0.0309091  0.2338013  0.1807472  0.3300493  0.1469371  0.0303590  0.4706511 -0.1598768  0.0155675 -0.1425187 -0.0872652  0.0982061  0.0204755  0.3115253  0.0144690 
 0.0000000  0.3535534  0.0000000 -0.1025795  0.2783320  0.0598118  0.3432535 -0.1319127 -0.2110583 -0.0890114  0.0552351  0.4226037  0.0167624 -0.0433413 -0.0950951 -0.0444008  0.2437035 -0.0040359  0.2723516  0.2462223  0.1684752  0.1935017 -0.3741917 -0.0294147 
 0.0000000  0.3535534  0.0000000  0.2679811 -0.2965851 -0.0732267 -0.2419331  0.2102631 -0.1865874 -0.0095023  0.3095367 -0.0103149 -0.1602010 -0.2677204  0.1764516 -0.1365974  0.1136588 -0.3212010 -0.2115728  0.0368957 -0.2291751  0.1674377 -0.2155618  0.1998141 
 0.0000000  0.3535534  0.0000000 -0.1049208  0.0467823  0.5640000 -0.0255040  0.0646597  0.2875689 -0.1763359 -0.1744958 -0.0257366  0.0353678 -0.2092510 -0.2893380  0.1844360 -0.1074355 -0.3038728 -0.1176475  0.0323246 -0.1467599 -0.2716849  0.0165356 -0.1296646 
 0.0000000  0.3535534  0.0000000  0.4323274  0.2008793 -0.0306180  0.0019319  0.1798923  0.2045563  0.1968274 -0.2558389  0.1628378  0.2620727  0.1657049  0.1466412 -0.0000433  0.0453075  0.1932021  0.1949570 -0.3537251 -0.1641916 -0.1123455  0.0197121  0.2859402 
 0.0000000  0.3535534  0.0000000  0.0239528 -0.1927253 -0.2943196  0.2904155 -0.4418331  0.1831436  0.1459070 -0.0052245  0.0953743 -0.3738556 -0.0910033 -0.0937234 -0.1689757 -0.2751728  0.0539019 -0.2030092 -0.1460074  0.1633066 -0.2031024  0.1082818  0.0309855 
 0.0000000  0.3535534  0.0000000  0.0095477 -0.1254096  0.0168983  0.0651124  0.2370497  0.1102648 -0.2907325 -0.0581429 -0.4068228  0.0789735  0.0553449  0.2671396 -0.3019997  0.0484041  0.1811352  0.1362933  0.3162857  0.3837352 -0.0161122  0.2290544 -0.0853439 
 0.0000000  0.0000000  0.3535534  0.0446569  0.1519190 -0.0281215  0.1053825  0.1134381 -0.2185321 -0.1074812  0.0003877  0.0695479 -0.4872164 -0.1179401  0.2842828  0.2740814  0.1429599  0.1343083  0.1724530  0.1093232 -0.2725717 -0.3492391  0.2608252 -0.0965836 
 0.0000000  0.0000000  0.3535534  0.3532002  0.1879891 -0.1231292 -0.0742474 -0.1303972 -0.0034070 -0.3831602  0.2008810 -0.2243771  0.0775437 -0.2927497 -0.4131881  0.1677258 -0.0208157  0.1633804  0.0543891 -0.2060422  0.1638994  0.2069308  0.0577689  0.0598398 
 0.0000000  0.0000000  0.3535534 -0.0563591 -0.0469943  0.1138536 -0.3862976  0.1014838  0.2509514  0.2844667 -0.0327838  0.1449220 -0.2270494 -0.0261736  0.1185384  0.2027675 -0.3437830  0.0377323  0.2183625  0.1707944  0.3767781  0.1440275 -0.2217707  0.1240926 
 0.0000000  0.0000000  0.3535534 -0.1910240 -0.2993206  0.4011436  0.1166087 -0.2001279 -0.0241954 -0.0354250 -0.0559049  0.1723260  0.1084033 -0.1111989  0.2113781 -0.2261366 -0.0011731  0.1614010  0.0336614 -0.2500234 -0.1996234  0.4279876  0.2586372  0.0119417 
 0.0000000  0.0000000  0.3535534 -0.0950463 -0.2189438 -0.4221270  0.0756978  0.0360806  0.0806600 -0.1357377 -0.3609428 -0.0500906  0.2342575 -0.0746504  0.1382589  0.0458468  0.0117197 -0.2582347  0.0838667 -0.1614710 -0.0699108 -0.0605641 -0.3585469 -0.3954491 
 0.0000000  0.0000000  0.3535534  0.2932452 -0.2244246  0.1277568 -0.1209525 -0.3312934 -0.2149852  0.0037955 -0.0390599  0.0740000  0.2783116  0.3509146 -0.0938124 -0.0220088  0.0310122  0.0895650 -0.2324502  0.4131810 -0.0373117 -0.2970328 -0.0787965  0.0724649 
 0.0000000  0.0000000  0.3535534 -0.0364212  0.0287516 -0.0403803  0.5006832  0.2526828  0.1950361  0.4134366  0.1733929 -0.2759235  0.0228577  0.1768761 -0.2043479  0.0854936  0.1326672 -0.2142827 -0.0934012  0.1549525 -0.0852860  0.1783058  0.0892097  0.1317750 
 0.0000000  0.0000000  0.3535534 -0.3122517  0.4210234 -0.0289960 -0.2168747  0.1581334 -0.0655279 -0.0398947  0.1140299  0.0895953 -0.0071079  0.0949219 -0.0411099 -0.5277697  0.0474129 -0.1138696 -0.2368813 -0.2307144  0.1240263 -0.2504157 -0.0073269  0.0919188 
