 0.2236068  0.2485886 -0.4832562 -0.0907840  0.0798204 -0.5559150 -0.1037068  0.1129514 -0.0016658 -0.2117499  0.1263100 -0.0570028 -0.0659164  0.3043643  0.0268364  0.0433878  0.2274201 -0.1856867 -0.1777547  0.1614732 
 0.2236068 -0.1005461  0.0654351  0.1995372  0.1374943 -0.2693060  0.0624473  0.0347656  0.3375686  0.1940771 -0.4811645 -0.2179509  0.1294767 -0.1896803  0.1635400 -0.0297443  0.0739010 -0.4062245  0.1134623 -0.3238646 
 0.2236068  0.2242009  0.2838096  0.0091142  0.5081643 -0.0598096 -0.1239093 -0.0956523 -0.1715308 -0.0880779 -0.1329208  0.0871699 -0.1312956 -0.0459316 -0.2451332 -0.1257976 -0.3004875 -0.1758609  0.2992683  0.4053394 
 0.2236068 -0.3965510 -0.2012514 -0.1774581 -0.0877420  0.1480431 -0.1233670 -0.1588173  0.2934017 -0.1527724 -0.2126558 -0.3613046  0.0006792  0.1277993 -0.1533722  0.1325648  0.1101737  0.2868936  0.3352326  0.3182011 
 0.2236068 -0.2924204 -0.0500797 -0.0069689  0.0515952 -0.1350656 -0.0848094 -0.2888919 -0.0959840  0.3111238 -0.1392313  0.3181917  0.4255419  0.3612263  0.0538045 -0.2103454 -0.2466793  0.1630128 -0.2749610  0.0446946 
 0.2236068  0.0578667 -0.0984351  0.1951652 -0.1713294 -0.2613401  0.1373363 -0.0272928 -0.1591365  0.2366560 -0.1154020 -0.0960282 -0.5074816 -0.2398604  0.0925986 -0.3457223 -0.0481649  0.4815905  0.0002118  0.0180586 
 0.2236068 -0.3433247  0.0646949  0.1732489 -0.0334305  0.0355836  0.3747066 -0.1640853 -0.0717803 -0.4353313  0.3073924  0.1221757  0.0717617 -0.0769573  0.1202392 -0.4272280  0.2389017 -0.2105598  0.1110746  0.0482853 
 0.2236068 -0.0653043  0.2101239  0.2935124 -0.1586471 -0.1136811 -0.3002448  0.1179420 -0.3436888  0.1976191  0.0601767  0.2114368  0.1515162 -0.0512030 -0.1420144  0.2921609  0.5153601  0.0699798  0.2564770  0.0200873 
 0.2236068  0.3012453 -0.0084896 -0.0961415 -0.1529550  0.2182784 -0.1106934  0.1884925  0.0170924 -0.2799869 -0.2802882  0.3066990  0.0854352  0.0697127  0.6293311  0.0014405 -0.0565098  0.1392493  0.2209618  0.0132562 
 0.2236068  0.0375561 -0.0053924 -0.2638762 -0.1565056 -0.0084434  0.2083463  0.1653955 -0.5185586 -0.0993503 -0.1220701 -0.4072275  0.3998547 -0.3055170 -0.0414065  0.0905851 -0.1556928 -0.0218295 -0.1758999  0.0727304 
 0.2236068 -0.0603093 -0.0505930  0.4223124  0.3105762  0.0814397  0.0651526  0.2487895  0.2843638 -0.2319426  0.0596529  0.1238637  0.1090456 -0.2673845 -0.0733200  0.2872494 -0.0996338  0.3075208 -0.3956889  0.1016083 
 0.2236068 -0.1644504  0.1242771 -0.2797982 -0.2557907  0.0054941 -0.4220524  0.1097158  0.0634474 -0.2931050 -0.1542292  0.2269544 -0.2360031 -0.1561073 -0.3512312 -0.1816150 -0.0544971 -0.1174371 -0.2744626 -0.2826003 
 0.2236068 -0.1119110  0.3103816 -0.2240285  0.1761696 -0.2554965 -0.1761991 -0.2266171  0.0248449 -0.0654076  0.4578601 -0.1957009 -0.0757367 -0.0292777  0.3203053  0.2727403 -0.1899697  0.1692754  0.0764243 -0.3244153 
 0.2236068  0.1840490  0.1852021  0.3241854 -0.4975653  0.0634483 -0.1523395  0.1240828  0.2601835  0.1249430  0.3073045 -0.2507713  0.0868087  0.1713806 -0.0299721 -0.1142685 -0.3246302 -0.2034752 -0.0117008  0.2193497 
 0.2236068  0.2595698 -0.1112273 -0.2996482 -0.0716618 -0.1013677  0.3709543  0.0944195  0.2969116  0.1563515  0.1933374  0.2927959  0.2298405 -0.1047545 -0.3663704 -0.0181328 -0.0547821  0.1580697  0.3411560 -0.2002204 
 0.2236068 -0.1044973 -0.4200135  0.1700447 -0.1442871  0.1977349  0.1294272 -0.2737929 -0.2115173  0.0493840  0.0006371  0.1929388 -0.2795290 -0.0327443 -0.0241667  0.4372596 -0.3153520 -0.3170830  0.1004667 -0.1290235 
 0.2236068 -0.0517498  0.3071648 -0.3559952 -0.0603354  0.0797436  0.2949385 -0.0030132  0.1637429  0.3028206 -0.0165081  0.1463705 -0.2659443 -0.0193423  0.1601113  0.2160908  0.2460109 -0.1778901 -0.3189453  0.3894989 
 0.2236068  0.3041616 -0.2632479 -0.0613446  0.1879586  0.4196928 -0.3112926 -0.3420062  0.0556069  0.2176932  0.1809529 -0.1289454  0.1141158 -0.3023920  0.0539953 -0.2260102  0.2755199 -0.0499662 -0.1428071 -0.0443483 
 0.2236068  0.3233818  0.2568566  0.1433127  0.0279822  0.2002316  0.2600005 -0.2256958 -0.0756111 -0.1773569 -0.1967484 -0.1947508 -0.0833802  0.4902934 -0.2207509  0.0694365  0.1825233  0.1387280 -0.1641767 -0.3244672 
 0.2236068 -0.2495556 -0.1159598 -0.0743898  0.3104891  0.3107347  0.0053047  0.6093103 -0.1476902  0.2444124  0.1575945 -0.1189142 -0.1587892  0.2963755  0.0269759 -0.1640516 -0.0234115 -0.0483071  0.0816618 -0.1836434 
