 0.4872758 -0.0858077  0.0000000  0.0000000  0.0000000  0.3614940 -0.0444655 -0.2861109 -0.1623148 -0.1967927 -0.0235298  0.1255653 -0.0751533 -0.4995258  0.0590117 -0.1361614 -0.4267254 
 0.4872758  0.0858077  0.0000000  0.0000000  0.0000000 -0.0111922 -0.3074327 -0.0421553 -0.1034812 -0.2952496  0.0136411 -0.3864655  0.2457546  0.1982455 -0.4505636 -0.0423692  0.3268951 
 0.5124083  0.0000000  0.0000000  0.0000000 -0.0606752 -0.0578681  0.2859604  0.5295199  0.2822918  0.3102803 -0.0712182  0.0833908 -0.1178385  0.1940889 -0.1467528 -0.2422384 -0.2201862 
 0.5124083  0.0000000  0.0000000  0.0000000  0.0606752 -0.2752521  0.0486780 -0.2173544 -0.0295324  0.1576284  0.0806218  0.1647128 -0.0443951  0.0924142  0.5191000  0.4120124  0.3151201 
 0.0000000  0.5730835  0.0000000  0.0000000  0.0000000  0.0345492  0.2339886  0.2556476 -0.1665870 -0.3060246 -0.0978027 -0.1282343 -0.5281987 -0.2320256  0.0634257  0.0255280  0.2556549 
 0.0000000  0.5730835  0.0000000  0.0000000  0.0000000 -0.2605662 -0.4450089 -0.1117252  0.3574847 -0.0742843  0.1061375 -0.0161636  0.0681934  0.1030737  0.2515439 -0.1963318 -0.3622570 
 0.0000000  0.5730835  0.0000000  0.0000000  0.0000000  0.2818192  0.2503944 -0.1804498 -0.1997069  0.3950509 -0.0139005  0.2210642  0.4119558  0.0244748 -0.2386709  0.1567603 -0.0062373 
 0.0000000  0.0000000  0.4872758 -0.0858077  0.0000000 -0.1727405  0.0439655 -0.0338240  0.3341456 -0.0118091  0.2984576  0.2996533  0.1066718 -0.4458006 -0.1883825 -0.2221021  0.3697120 
 0.0000000  0.0000000  0.4872758  0.0858077  0.0000000 -0.1890085  0.1159377 -0.4209414 -0.0982152  0.0794026 -0.5916574 -0.0343245 -0.1904238  0.2274766 -0.0468503 -0.2664882 -0.0208939 
 0.0000000  0.0000000  0.5124083  0.0000000 -0.0606752  0.2372444 -0.0181448  0.1296111 -0.2143495 -0.3063663  0.3856592  0.2705685 -0.1118715  0.4773994  0.0232279  0.1506935 -0.1868774 
 0.0000000  0.0000000  0.5124083  0.0000000  0.0606752  0.1067617 -0.1339154  0.3028491 -0.0100090  0.2420882 -0.1068402 -0.5228835  0.1915157 -0.2697837  0.2004672  0.3139324 -0.1448319 
 0.0000000  0.0000000  0.0000000  0.5730835  0.0000000 -0.4662385  0.2564948 -0.0275275 -0.3625611  0.0223655  0.3739376 -0.1882994  0.0853444 -0.1119855 -0.0579226 -0.1258314 -0.2034694 
 0.0000000  0.0000000  0.0000000  0.5730835  0.0000000  0.3920312  0.2685829 -0.0615070  0.4510279 -0.2642888 -0.0827272 -0.0930225  0.2232390  0.1055459  0.2507286 -0.0550637  0.1622430 
 0.0000000  0.0000000  0.0000000  0.5730835  0.0000000  0.0766431 -0.5358541  0.1469975 -0.0237295  0.2282662 -0.1579337  0.3313283 -0.2640993 -0.0943701 -0.2139976  0.1875411  0.0997117 
 0.0000000  0.0000000  0.0000000  0.0000000  0.5730835 -0.2784942  0.1447957  0.1061128  0.1360223 -0.3716820 -0.2672521  0.2164959  0.1693848 -0.0597710 -0.2256218  0.3837273 -0.2375525 
 0.0000000  0.0000000  0.0000000  0.0000000  0.5730835  0.2030088  0.0423285 -0.2993101  0.2186594  0.2741037  0.3495741 -0.2790211 -0.4132312  0.1009925 -0.1844281  0.0236918 -0.0212218 
 0.0000000  0.0000000  0.0000000  0.0000000  0.5730835  0.1123159 -0.1497447  0.2539310 -0.3433018  0.0556727 -0.0462547  0.1379219  0.2039495  0.0486512  0.3207876 -0.4939707  0.1976472 
