::::::::::::::
run.001.006
::::::::::::::
 0.4082483 -0.4452749  0.0852040 -0.5827763 -0.2331203  0.4835603 
 0.4082483 -0.6328205  0.1485724  0.5772507  0.2393191 -0.1424983 
 0.4082483  0.3134587 -0.5986779  0.3928485 -0.1852871  0.4335902 
 0.4082483  0.0667914 -0.4501718 -0.4152421  0.4795585 -0.4730912 
 0.4082483  0.1830055  0.2107825  0.0119960 -0.6882557 -0.5306347 
 0.4082483  0.5148397  0.6042908  0.0159233  0.3877856  0.2290737 
::::::::::::::
run.002.006
::::::::::::::
 0.5773503  0.0000000 -0.4149556 -0.5676304  0.2376664 -0.3402777 
 0.5773503  0.0000000  0.0770811  0.4726774  0.4926159  0.4411699 
 0.5773503  0.0000000  0.3378744  0.0949531 -0.7302823 -0.1008921 
 0.0000000  0.5773503 -0.6074285  0.0471216 -0.3341416  0.4287496 
 0.0000000  0.5773503  0.5814346 -0.4936805  0.1723686  0.2348810 
 0.0000000  0.5773503  0.0259939  0.4465589  0.1617730 -0.6636307 
::::::::::::::
run.003.006
::::::::::::::
 0.7071068  0.0000000  0.0000000 -0.6667334  0.2326639 -0.0365251 
 0.7071068  0.0000000  0.0000000  0.6667334 -0.2326639  0.0365251 
 0.0000000  0.7071068  0.0000000 -0.0095601 -0.1363097 -0.6937783 
 0.0000000  0.7071068  0.0000000  0.0095601  0.1363097  0.6937783 
 0.0000000  0.0000000  0.7071068 -0.2353193 -0.6536721  0.1316725 
 0.0000000  0.0000000  0.7071068  0.2353193  0.6536721 -0.1316725 
::::::::::::::
run.004.006
::::::::::::::
 0.7071068 -0.2357023  0.0000000  0.0000000  0.3922842  0.5390339 
 0.7071068  0.2357023  0.0000000  0.0000000 -0.3922842 -0.5390339 
 0.0000000  0.9428090  0.0000000  0.0000000  0.1961421  0.2695170 
 0.0000000  0.0000000  0.7071068 -0.2357023 -0.5390339  0.3922842 
 0.0000000  0.0000000  0.7071068  0.2357023  0.5390339 -0.3922842 
 0.0000000  0.0000000  0.0000000  0.9428090 -0.2695170  0.1961421 
::::::::::::::
run.005.006
::::::::::::::
 0.7071067 -0.1966714  0.0645772 -0.0223117  0.0092388 -0.6756975 
 0.7071069  0.1966715 -0.0645772  0.0223117 -0.0092388  0.6756973 
 0.0000001  0.9605419  0.0264444 -0.0091367  0.0037833 -0.2766988 
 0.0000000  0.0000000  0.9954699  0.0031375 -0.0012992  0.0950169 
 0.0000000  0.0000000  0.0000000  0.9994554  0.0004512 -0.0329962 
 0.0000000  0.0000000  0.0000000  0.0000000  0.9999065  0.0136718 
