 0.5462943 -0.1149260  0.0000000  0.0000000  0.0000000  0.0000000  0.0000000  0.0000000  0.0364845  0.0003949  0.1755736 -0.1253959  0.2284856 -0.3056293 -0.2693383  0.1225389  0.0506533  0.0814948 -0.0287927  0.3692811 -0.3554701 -0.3667909 
 0.5462943  0.1149260  0.0000000  0.0000000  0.0000000  0.0000000  0.0000000  0.0000000  0.0364845  0.0638761  0.0904231  0.3959927  0.0223635  0.0723648  0.0729600 -0.1275905 -0.4105104 -0.2917639 -0.3837729 -0.2465448  0.1626856  0.0493954 
 0.6349214  0.0000000  0.0000000  0.0000000  0.0000000  0.0000000  0.0000000  0.0000000 -0.0627834 -0.0552996 -0.2288669 -0.2328249 -0.2158337  0.2007036  0.1689663  0.0043465  0.3096256  0.1809181  0.3549766 -0.1056038  0.1658742  0.2730911 
 0.0000000  0.6977048  0.0000000  0.0000000  0.0000000  0.0000000  0.0000000  0.0000000  0.0000000  0.0932968  0.0632858  0.0436753 -0.2615472  0.4077300 -0.1810762  0.1638426  0.1740112 -0.2296476 -0.0131429  0.2132415 -0.2653954 -0.0721812 
 0.0000000  0.6977048  0.0000000  0.0000000  0.0000000  0.0000000  0.0000000  0.0000000  0.0000000 -0.1037535 -0.0492598 -0.1295585  0.2954997 -0.4699932  0.1246928 -0.1226413 -0.0980482  0.2911308  0.0716153 -0.1118025  0.1800448  0.0036269 
 0.0000000  0.0000000  0.5462943 -0.1149260  0.0000000  0.0000000  0.0000000  0.0000000  0.0364845 -0.0322146  0.5822429 -0.0844349  0.0334465 -0.1068687  0.2769139  0.2738924  0.2316994 -0.2084671 -0.0169975  0.0602684  0.2459630  0.1185311 
 0.0000000  0.0000000  0.5462943  0.1149260  0.0000000  0.0000000  0.0000000  0.0000000  0.0364845 -0.3133679 -0.2909720 -0.2713006  0.3858851  0.3797972 -0.0192593 -0.0759278 -0.2420203 -0.1140369  0.0445071 -0.1056635 -0.1635896 -0.1406436 
 0.0000000  0.0000000  0.6349214  0.0000000  0.0000000  0.0000000  0.0000000  0.0000000 -0.0627834  0.2973435 -0.2506131  0.3060793 -0.3607982 -0.2348312 -0.2216892 -0.1703312  0.0088803  0.2774865 -0.0236696  0.0390585 -0.0708751  0.0190259 
 0.0000000  0.0000000  0.0000000  0.6977048  0.0000000  0.0000000  0.0000000  0.0000000  0.0000000 -0.0573570  0.1175640  0.2201360  0.1359454  0.1740820 -0.1770971  0.1996090  0.2797309  0.3101872 -0.1571157 -0.1601432  0.2649029 -0.1807596 
 0.0000000  0.0000000  0.0000000  0.6977048  0.0000000  0.0000000  0.0000000  0.0000000  0.0000000  0.1036686  0.0262721 -0.1893554 -0.1939992 -0.2542457  0.2258828 -0.1419865 -0.2016998 -0.3257417  0.1469847  0.1874756 -0.1974413  0.2234509 
 0.0000000  0.0000000  0.0000000  0.0000000  0.5462943  0.1149260  0.0000000  0.0000000  0.0364845 -0.1739335  0.2936433  0.1322069  0.0442108  0.1238200 -0.2137351  0.1071884 -0.3208415  0.3120935  0.1784107  0.0699274 -0.1692687  0.4614041 
 0.0000000  0.0000000  0.0000000  0.0000000  0.5462943 -0.1149260  0.0000000  0.0000000  0.0364845  0.1328196  0.2049863 -0.3112861 -0.1066669  0.0389449  0.0267167 -0.5015085  0.2607488 -0.0004099 -0.2407221 -0.2902579 -0.1124381 -0.2061934 
 0.0000000  0.0000000  0.0000000  0.0000000  0.6349214  0.0000000  0.0000000  0.0000000 -0.0627834  0.0353749 -0.4290271  0.1540820  0.0537379 -0.1400450  0.1609130  0.3392779  0.0517045 -0.2681764  0.0536135  0.1895751  0.2423841 -0.2195865 
 0.0000000  0.0000000  0.0000000  0.0000000  0.0000000  0.6977048  0.0000000  0.0000000  0.0000000  0.1027401  0.1798373  0.1557057 -0.0429941  0.0523473  0.0974755 -0.1455943 -0.0727761 -0.0460715  0.4687221 -0.1649122  0.0149645 -0.3952715 
 0.0000000  0.0000000  0.0000000  0.0000000  0.0000000  0.6977048  0.0000000  0.0000000  0.0000000 -0.0522116 -0.1944409 -0.2287579  0.0181415 -0.0663280 -0.0578682  0.0453296  0.1685758 -0.0054041 -0.5377617  0.1055824 -0.0056034  0.2853047 
 0.0000000  0.0000000  0.0000000  0.0000000  0.0000000  0.0000000  0.5462943 -0.1149260  0.0364845 -0.1262237  0.0527395 -0.2311623 -0.4034471  0.0990405  0.2242110  0.1430857 -0.3524202  0.3003723 -0.1831446  0.1532381  0.1343873 -0.2864324 
 0.0000000  0.0000000  0.0000000  0.0000000  0.0000000  0.0000000  0.5462943  0.1149260  0.0364845 -0.5414743 -0.0119967  0.2615186 -0.0411563 -0.1627985 -0.2193620 -0.2938798  0.2742266 -0.2622847  0.0998616  0.0491544  0.0299674  0.0730130 
 0.0000000  0.0000000  0.0000000  0.0000000  0.0000000  0.0000000  0.6349214  0.0000000 -0.0627834  0.5744957 -0.0350556 -0.0261189  0.3825423  0.0548582 -0.0041722  0.1297451  0.0672788 -0.0327710  0.0716577 -0.1741411 -0.1414128  0.1836288 
 0.0000000  0.0000000  0.0000000  0.0000000  0.0000000  0.0000000  0.0000000  0.6977048  0.0000000  0.2065029  0.0521298 -0.1770034  0.0618627  0.1486918 -0.2186641 -0.2086796 -0.1400252 -0.0053073  0.0405581  0.3383672  0.4282515 -0.0068920 
 0.0000000  0.0000000  0.0000000  0.0000000  0.0000000  0.0000000  0.0000000  0.6977048  0.0000000 -0.1381028 -0.0414664  0.0958490 -0.1215393 -0.1055616  0.2917295  0.2806566  0.0368039  0.0979882 -0.0871749 -0.3212225 -0.4110515 -0.0523159 
 0.0000000  0.0000000  0.0000000  0.0000000  0.0000000  0.0000000  0.0000000  0.0000000  0.6977048  0.0557788 -0.0673831 -0.2273719 -0.1847095 -0.1699916 -0.3922041  0.2558758 -0.0842919 -0.1624082  0.1039047 -0.3349544  0.1227442  0.0029403 
 0.0000000  0.0000000  0.0000000  0.0000000  0.0000000  0.0000000  0.0000000  0.0000000  0.6977048  0.0726570 -0.0748697  0.2577078  0.1635499  0.1520036  0.4078860 -0.2101894  0.1502483  0.1861467 -0.0350703  0.3272488 -0.0931994  0.0356786 
