 0.7072493 -0.1996167  0.0021865 -0.0002201 -0.0675484  0.0050299 -0.0005690  0.0018102 -0.0005392  0.0009478  0.0002444  0.0000172 -0.0031791 -0.0006074  0.0002959  0.3386349 -0.1406160 -0.1311366 -0.0305067 -0.4921371  0.2461106 
 0.7068452  0.1994347 -0.0010202  0.0010991  0.0673015  0.0023710  0.0053385 -0.0010040  0.0004134  0.0003805  0.0013532  0.0002399  0.0033084  0.0001903  0.0004258 -0.3270884  0.1396761  0.1369605  0.0259761  0.4960669 -0.2529898 
 0.0002198  0.9593606 -0.0002964 -0.0003681 -0.0281896  0.0000415 -0.0007149  0.0001502  0.0002352  0.0000010 -0.0003562  0.0001876 -0.0002806  0.0000129 -0.0000368  0.1390253 -0.0577628 -0.0565868 -0.0104480 -0.2055422  0.1029956 
-0.0025376 -0.0000177  0.7135977  0.2009212 -0.0648063  0.0007211 -0.0013240 -0.0004382 -0.0003265 -0.0004106 -0.0007817  0.0008624 -0.0018298  0.0008155 -0.0009404  0.2320221 -0.2188631  0.1420907  0.5444177  0.0879578 -0.1419204 
 0.0013929  0.0013445  0.7005308 -0.2046931  0.0663405  0.0039006  0.0014923 -0.0009026  0.0000683  0.0002362 -0.0008779  0.0001126 -0.0003277  0.0003116  0.0009125 -0.2375913  0.2212975 -0.1447632 -0.5547801 -0.0846492  0.1469943 
 0.0001988  0.0003844  0.0000178  0.9579778  0.0276406  0.0000653  0.0006321 -0.0006257  0.0003976  0.0000877 -0.0003965  0.0006117 -0.0006572 -0.0008177  0.0003577 -0.0991788  0.0945737 -0.0608509 -0.2316450 -0.0372195  0.0631143 
-0.0000548  0.0000376 -0.0000214  0.0000225  0.9903265  0.0000157 -0.0001241 -0.0000373 -0.0000320  0.0000463 -0.0000182  0.0000131  0.0000981  0.0000306  0.0000066  0.0828552 -0.0528408  0.0014303  0.0750842 -0.0607005  0.0164915 
 0.0042596  0.0003656 -0.0027103 -0.0001546 -0.0000714  0.7074237 -0.2018503 -0.0000741  0.0007199 -0.0604095  0.0002931  0.0020588 -0.0004210  0.0003488  0.0006455 -0.4808993 -0.1103044 -0.2305952  0.3023625 -0.1318639  0.2229601 
-0.0116676  0.0003109 -0.0018846  0.0009847  0.0000107  0.7067298  0.2014976 -0.0000110 -0.0026871  0.0597792  0.0000534 -0.0021822  0.0006312 -0.0014834 -0.0009702  0.4832901  0.1142283  0.2257181 -0.2982490  0.1350167 -0.2268342 
-0.0001737 -0.0005015 -0.0002680 -0.0002806 -0.0005358  0.0004009  0.9584412  0.0002279  0.0011543 -0.0250696 -0.0003610  0.0003680 -0.0019779  0.0004492  0.0005788 -0.2010311 -0.0491160 -0.0947499  0.1278009 -0.0608691  0.0944109 
-0.0003199  0.0008985  0.0011660  0.0000989 -0.0002859  0.0036009 -0.0016793  0.7054721  0.2009281  0.0688718 -0.0023447  0.0037821 -0.0003507 -0.0006280  0.0003452 -0.1875400 -0.0091735  0.5978028 -0.0170074 -0.2329904  0.0997885 
-0.0004827 -0.0003036  0.0001592  0.0006085  0.0006790 -0.0035031  0.0013609  0.7087303 -0.1998582 -0.0685587  0.0006774 -0.0021205  0.0008710  0.0001592 -0.0006843  0.1855025  0.0103546 -0.5944920  0.0166669  0.2346655 -0.0987491 
 0.0000220 -0.0006836 -0.0000197 -0.0002045  0.0001373 -0.0000330  0.0001924 -0.0001062  0.9589963 -0.0284748  0.0001710 -0.0011824 -0.0002691  0.0002561 -0.0001111  0.0801902  0.0039000 -0.2483248  0.0059488  0.0976618 -0.0427681 
 0.0000000  0.0000000  0.0000000  0.0000000  0.0000000  0.0000000  0.0000000  0.0000000  0.0000000  0.9909049  0.0000000  0.0000000  0.0000000  0.0000000  0.0000000 -0.0354752 -0.0130876 -0.1197860  0.0427012  0.0175443  0.0140677 
-0.0000454  0.0002016 -0.0008078 -0.0011232 -0.0001937 -0.0002131  0.0016872 -0.0002617  0.0007488  0.0003144  0.7100930  0.2029836 -0.0005762  0.0002521 -0.0704461  0.1482193  0.2145196  0.0749155  0.0994276  0.2823766  0.5351398 
-0.0015609 -0.0000259  0.0024837  0.0016374  0.0001256 -0.0001165 -0.0011594  0.0019314 -0.0001272 -0.0000079  0.7041006 -0.2047343 -0.0003178  0.0001236  0.0710737 -0.1497617 -0.2168240 -0.0731795 -0.1007609 -0.2865842 -0.5386822 
-0.0005404 -0.0002933 -0.0000128 -0.0001830  0.0000821  0.0000702 -0.0000731 -0.0007471 -0.0002452 -0.0002539  0.0000297  0.9575134  0.0003672  0.0000357  0.0296841 -0.0599237 -0.0873458 -0.0348424 -0.0426543 -0.1206213 -0.2312632 
 0.0009334 -0.0014306  0.0030338 -0.0003504 -0.0001350 -0.0026017  0.0008605 -0.0002432  0.0005055 -0.0004363  0.0006597 -0.0031525  0.7045102 -0.2034828 -0.0666507  0.0195996  0.5704950 -0.0427968  0.2278973 -0.2323932 -0.1554448 
-0.0010461 -0.0000245 -0.0008337  0.0016499 -0.0007437  0.0023958  0.0014865 -0.0002671  0.0002084  0.0003836  0.0002258  0.0027161  0.7096717  0.2028897  0.0661183 -0.0174475 -0.5679885  0.0418397 -0.2246586  0.2256052  0.1573989 
 0.0007104 -0.0004766 -0.0000139  0.0002909  0.0000986 -0.0002196 -0.0001979  0.0003510 -0.0000332  0.0000174 -0.0001865 -0.0013092 -0.0006568  0.9578234 -0.0281562  0.0087551  0.2417979 -0.0171638  0.0948367 -0.0976089 -0.0664787 
-0.0002556 -0.0000754  0.0000559 -0.0002830 -0.0001301 -0.0001284 -0.0000763  0.0001209 -0.0000160  0.0000130  0.0000041 -0.0000051 -0.0000127 -0.0000011  0.9896937  0.0274643  0.1164620  0.0055155  0.0492104  0.0114087  0.0600521 
