 0.7071068  0.0000000  0.0000000  0.0000000 -0.1698846  0.0529019  0.6120957  0.1722486 -0.2530018 
 0.7071068  0.0000000  0.0000000  0.0000000  0.1698846 -0.0529019 -0.6120957 -0.1722486  0.2530018 
 0.0000000  0.7071068  0.0000000  0.0000000 -0.1698846 -0.3255031  0.1387094  0.2328441  0.5401206 
 0.0000000  0.7071068  0.0000000  0.0000000  0.1698846  0.3255031 -0.1387094 -0.2328441 -0.5401206 
 0.0000000  0.0000000  0.7071068  0.0000000 -0.1698846  0.3350353  0.1858703 -0.4794150  0.3074151 
 0.0000000  0.0000000  0.7071068  0.0000000  0.1698846 -0.3350353 -0.1858703  0.4794150 -0.3074151 
 0.0000000  0.0000000  0.0000000  0.7071068 -0.1698846  0.5048274 -0.1632819  0.4210162  0.1112339 
 0.0000000  0.0000000  0.0000000  0.7071068  0.1698846 -0.5048274  0.1632819 -0.4210162 -0.1112339 
 0.0000000  0.0000000  0.0000000  0.0000000  0.8769914  0.2197717  0.2996326  0.1343181  0.2734327 
