 0.7064924 -0.0006707 -0.1839590 -0.0002983  0.0417287  0.0001708 -0.0004886  0.0007275 -0.0011280 -0.0014606 -0.0011785  0.0000645  0.0004460 -0.0022342  0.0001595 -0.0006925 -0.1129346 -0.3114920  0.1872410  0.1776578  0.1139708 -0.4778882  0.2164530 -0.0146956  0.0209077 
 0.7077170 -0.0005958  0.1829002  0.0007004 -0.0415669  0.0011480 -0.0000475 -0.0000615  0.0010141  0.0013236  0.0011760 -0.0001043 -0.0004364  0.0022365 -0.0001605  0.0006921  0.1125375  0.3109187 -0.1856731 -0.1777806 -0.1127881  0.4783752 -0.2152674  0.0139875 -0.0207160 
 0.0000038  0.7088195 -0.1739228  0.0006765 -0.0422049 -0.0009458 -0.0004113  0.0004988 -0.0001195  0.0001404  0.0000144  0.0003077  0.0115787 -0.0001392 -0.0003638  0.0008556  0.1443101 -0.1111414  0.2492679 -0.4237521  0.0942517  0.0206456 -0.1283856 -0.3988285  0.0753190 
 0.0012682  0.7053880  0.1745627 -0.0001183  0.0422575  0.0011279  0.0006880 -0.0006393 -0.0001414  0.0001073 -0.0000763 -0.0003173 -0.0116489  0.0001367  0.0003663 -0.0008593 -0.1445518  0.1116504 -0.2509566  0.4257157 -0.0956361 -0.0217734  0.1280387  0.4008512 -0.0758913 
 0.0003254  0.0001389  0.9338007  0.0000844  0.0006861  0.0003144 -0.0004734  0.0000013 -0.0003948 -0.0004014 -0.0004281  0.0001931  0.0045047 -0.0009328 -0.0000728  0.0000485  0.0098080 -0.1638881  0.1663145 -0.0886520  0.0796160 -0.1804021  0.0363159 -0.1548968  0.0363729 
-0.0000388 -0.0005661 -0.0001525  0.7069473 -0.2310559  0.0001817 -0.0000646  0.0004385  0.0000423 -0.0007030  0.0001449  0.0000796 -0.0012304 -0.0001386  0.0000155 -0.0003430  0.0067897  0.0861402  0.1817522  0.0172975 -0.4038703 -0.0763896  0.0827239 -0.1156319 -0.4656995 
-0.0003666  0.0000075 -0.0000220  0.7072644  0.2310043  0.0008240 -0.0003727 -0.0002286  0.0001412  0.0005772 -0.0001244 -0.0001343  0.0012241  0.0001453 -0.0000160  0.0003399 -0.0074114 -0.0860148 -0.1809891 -0.0167838  0.4041078  0.0760753 -0.0815597  0.1164032  0.4654316 
-0.0000444 -0.0000228 -0.0001157  0.0000404  0.9413891 -0.0000006  0.0001034  0.0000264 -0.0000592 -0.0001778  0.0001534  0.0000608  0.0003989  0.0001180 -0.0000390 -0.0000294  0.0263961  0.0598577  0.0949671 -0.0452603 -0.1997819  0.0071261  0.0097843 -0.0915091 -0.2236203 
 0.0000988 -0.0007026 -0.0011389  0.0001211 -0.0001233  0.7061672 -0.0003755 -0.1888796 -0.0002920  0.0350893 -0.0006673  0.0002339 -0.0001075 -0.0058145  0.0007470  0.0005924  0.1864103 -0.2238960 -0.2291623  0.2618005 -0.1635978 -0.1137191 -0.4227057 -0.1994749  0.0168567 
-0.0014190  0.0005259 -0.0000412 -0.0011257 -0.0001528  0.7080415 -0.0002539  0.1877223  0.0002876 -0.0348909  0.0005626 -0.0002053  0.0001131  0.0058053 -0.0007457 -0.0005896 -0.1858129  0.2227643  0.2302013 -0.2616318  0.1634475  0.1132544  0.4215408  0.1976339 -0.0170258 
-0.0004349  0.0004714  0.0004265  0.0000308 -0.0002649 -0.0001339  0.7081483 -0.1740267  0.0006937 -0.0377254  0.0006499 -0.0170587 -0.0002009 -0.0000951  0.0003125  0.0000990 -0.0461484 -0.1227694  0.2460320  0.3590380  0.1644040  0.4180475  0.1235238 -0.1998897 -0.0536305 
 0.0009711 -0.0007479 -0.0001887  0.0004072  0.0001893  0.0007637  0.7060627  0.1744929 -0.0007801  0.0378553 -0.0006672  0.0171097  0.0002127  0.0000958 -0.0003138 -0.0000981  0.0464766  0.1225821 -0.2462481 -0.3606610 -0.1644431 -0.4196613 -0.1240496  0.1997877  0.0541933 
-0.0004613  0.0000850  0.0002598  0.0000214  0.0000758  0.0003327  0.0000123  0.9318532  0.0000828  0.0000164 -0.0000282 -0.0062795 -0.0001201 -0.0023735  0.0004190  0.0002755  0.0577960 -0.1357450 -0.0012640  0.2407459 -0.0045044  0.1112015 -0.1244711 -0.1543598 -0.0130625 
 0.0000369  0.0002851  0.0001144  0.0000288  0.0000877  0.0002167  0.0000596  0.0001465  0.7071865 -0.2316951  0.0000342  0.0021136 -0.0000053 -0.0005655  0.0000974  0.0000113 -0.0045741 -0.1855309 -0.4502787 -0.1125398 -0.0233606  0.0621291  0.3552678 -0.2434732 -0.0802543 
 0.0000779 -0.0000262 -0.0001444 -0.0002128  0.0000871 -0.0002135  0.0000239 -0.0000455  0.7070244  0.2318741  0.0000349 -0.0020303 -0.0000475  0.0005391 -0.0000971 -0.0000132  0.0044245  0.1846389  0.4503464  0.1124899  0.0232388 -0.0646817 -0.3552779  0.2436530  0.0803518 
-0.0000215 -0.0000155 -0.0000092  0.0000909 -0.0000306 -0.0000111 -0.0000012  0.0000399 -0.0000172  0.9419352  0.0000675 -0.0003511  0.0000057  0.0001468  0.0000180 -0.0000325 -0.0200818 -0.0851981 -0.1839281 -0.0454323  0.0136584  0.0716513  0.2169104 -0.1214171 -0.0457112 
 0.0000006 -0.0000206  0.0000297 -0.0000498 -0.0000021  0.0001137  0.0000032  0.0000354  0.0000039  0.0000246  0.7071956 -0.2352299 -0.0000247  0.0000023  0.0000189 -0.0000235  0.4862824 -0.1999168  0.1033068 -0.0186975 -0.1902409  0.0883909  0.1943648  0.2385529  0.1356188 
 0.0000026  0.0000802 -0.0000542  0.0000290  0.0000308 -0.0000110  0.0000110 -0.0000002 -0.0000787  0.0000120  0.7070147  0.2353171  0.0000155 -0.0000253 -0.0000176  0.0000222 -0.4863913  0.1986350 -0.1035754  0.0190926  0.1903138 -0.0910678 -0.1946861 -0.2386018 -0.1352224 
 0.0000009  0.0000032 -0.0000094  0.0000138 -0.0000039 -0.0000040 -0.0000020 -0.0000131 -0.0000146 -0.0000126  0.0000039  0.9426879  0.0000030 -0.0000013  0.0000227 -0.0000067  0.2413092 -0.1037868  0.0622842  0.0058417 -0.0888640  0.0606354  0.0994952  0.1122594  0.0659496 
-0.0000014  0.0000130  0.0000078 -0.0000044 -0.0000021  0.0000245  0.0000098  0.0000033  0.0000001 -0.0000065 -0.0000027 -0.0000096  0.7070620 -0.2356212 -0.0000142 -0.0000241 -0.0448953 -0.3399470 -0.0342702 -0.1570634  0.2004957  0.1080040 -0.1696548  0.2811394 -0.3760819 
 0.0000116 -0.0000009 -0.0000041 -0.0000028 -0.0000001  0.0000009  0.0000009 -0.0000239  0.0000564  0.0000031  0.0000152 -0.0000301  0.7069439  0.2356732  0.0000270 -0.0000044  0.0403130  0.3451976  0.0254478  0.1718117 -0.2055520 -0.1070123  0.1735816 -0.2675714  0.3718963 
 0.0000003 -0.0000013  0.0000001  0.0000001 -0.0000017 -0.0000002 -0.0000004 -0.0000011 -0.0000029 -0.0000042 -0.0000008  0.0000000 -0.0000017  0.9427916  0.0000007  0.0000000 -0.0193673 -0.1762185 -0.0170474 -0.0777796  0.1000203  0.0503056 -0.0898593  0.1336366 -0.1868355 
 0.0000000  0.0000000  0.0000000  0.0000000  0.0000000  0.0000000  0.0000000  0.0000000  0.0000000  0.0000000  0.0000000  0.0000000  0.0000000  0.0000000  0.7071059 -0.2357017 -0.3766918 -0.2631557  0.0649435 -0.1025167 -0.3661787  0.1493158 -0.0444715  0.0655602  0.2364594 
 0.0000000  0.0000000  0.0000000  0.0000000  0.0000000  0.0000000  0.0000000  0.0000000  0.0000000  0.0000000  0.0000000  0.0000000  0.0000000  0.0000000  0.7071064  0.2357012  0.3764742  0.2638714 -0.0643682  0.1009946  0.3664731 -0.1493092  0.0449708 -0.0652248 -0.2363662 
 0.0000000  0.0000000  0.0000000  0.0000000  0.0000000  0.0000000  0.0000000  0.0000000  0.0000000  0.0000000  0.0000000  0.0000000  0.0000000  0.0000000  0.0000000  0.9428076 -0.1889307 -0.1316086  0.0325194 -0.0503051 -0.1833044  0.0738998 -0.0212079  0.0336797  0.1177467 
