 0.4438331  0.0000000  0.0000000  0.0000000 -0.1066323 -0.1627267 -0.0038344  0.0873950  0.3399192 -0.3614723 -0.0399204 -0.0565415 -0.1353514 -0.1670988  0.5098401 -0.1550113  0.3808563  0.0141868 -0.1762131 
 0.4438331  0.0000000  0.0000000  0.0000000  0.1066323  0.3617323  0.2832577  0.2001513  0.2045089  0.0657397 -0.0363157 -0.3677651  0.0080797  0.1546548 -0.0885012 -0.2773973 -0.2979200 -0.1284546  0.3791547 
 0.5504654  0.0000000  0.0000000  0.0000000  0.0000000 -0.0459118 -0.3549257 -0.0199165 -0.2859916 -0.0761000  0.0664671  0.3420678 -0.0305935  0.3864090  0.0811701  0.3748909 -0.1138314 -0.0197469  0.2208467 
 0.5504654  0.0000000  0.0000000  0.0000000  0.0000000 -0.1145439  0.1296303 -0.2119284 -0.1529737  0.3145454 -0.0049989  0.0000451  0.1332109 -0.3763755 -0.4208902 -0.0262454  0.0469610  0.1118796 -0.3844758 
 0.0000000  0.4438331  0.0000000  0.0000000 -0.1066323  0.0401635 -0.2306368  0.3692478  0.0258206  0.3734927  0.4340103  0.1449207 -0.3881441 -0.0509828 -0.0156069 -0.2604945  0.0473785  0.1654080  0.0006121 
 0.0000000  0.4438331  0.0000000  0.0000000  0.1066323 -0.3755842 -0.1252058 -0.0805093  0.3036639  0.0112989 -0.2251672  0.0949622  0.3732267  0.3955390 -0.2521966 -0.2785099  0.1662531 -0.1035712  0.0327905 
 0.0000000  0.5504654  0.0000000  0.0000000  0.0000000 -0.2795684  0.0377319 -0.1573145 -0.2157271 -0.3423963  0.0261027 -0.3611543 -0.0548959 -0.2029699  0.0990409  0.1130044 -0.4459275  0.1728592  0.0474290 
 0.0000000  0.5504654  0.0000000  0.0000000  0.0000000  0.5500138  0.2491793 -0.0754916 -0.0499320  0.0321439 -0.1944901  0.1677399  0.0669236 -0.0748413  0.1168856  0.3215879  0.2736791 -0.2227174 -0.0743611 
 0.0000000  0.0000000  0.4438331  0.0000000 -0.1066323  0.1487866 -0.3802128 -0.1113249  0.1652958 -0.0971364 -0.3191853  0.0311353 -0.3745881 -0.0568371 -0.1709259 -0.0952738 -0.2942758 -0.3601374 -0.2735065 
 0.0000000  0.0000000  0.4438331  0.0000000  0.1066323  0.0823752  0.3079958 -0.2224426  0.1433181 -0.1887718  0.3930950  0.5051014  0.2009542 -0.0290772  0.1069814 -0.2079900 -0.2522482  0.1221057 -0.0146997 
 0.0000000  0.0000000  0.5504654  0.0000000  0.0000000  0.0630256 -0.2278081 -0.0536041 -0.0549294  0.3661146  0.0981975 -0.4385932  0.3450903  0.1345979  0.3397930  0.1110025  0.1048653  0.1236475 -0.0889476 
 0.0000000  0.0000000  0.5504654  0.0000000  0.0000000 -0.2494084  0.2860357  0.3227165 -0.1939021 -0.1355905 -0.1577899  0.0062325 -0.2050915 -0.0653262 -0.2882353  0.1335151  0.3357899  0.0682743  0.3213245 
 0.0000000  0.0000000  0.0000000  0.4438331 -0.1066323  0.2191885 -0.2724092  0.1103051  0.0286873 -0.4254041  0.4201141 -0.1807484  0.2668993 -0.1017036 -0.3618528  0.0625488  0.1818969 -0.1286463 -0.0142037 
 0.0000000  0.0000000  0.0000000  0.4438331  0.1066323 -0.1729425  0.1014192 -0.3433471 -0.3695222  0.1588220  0.1079167 -0.0326916 -0.1818920 -0.0043991  0.2054312 -0.3153235  0.1474077 -0.4850606  0.1653056 
 0.0000000  0.0000000  0.0000000  0.5504654  0.0000000 -0.2203852  0.1567808  0.4908945  0.1291972  0.1850302 -0.1619200  0.1590691  0.1720690 -0.0667212  0.1696329  0.2258851 -0.3308653 -0.1257268 -0.2031586 
 0.0000000  0.0000000  0.0000000  0.5504654  0.0000000  0.1830977 -0.0189138 -0.3029958  0.1456136  0.0299116 -0.2638243  0.0130247 -0.2406093  0.1522704 -0.0435122 -0.0220761  0.0653513  0.6205508  0.0813271 
 0.0000000  0.0000000  0.0000000  0.0000000  0.5504654 -0.0413348 -0.3128535 -0.0839473  0.3046977  0.1326988 -0.0265251  0.0834754  0.0357530 -0.5190228  0.0300464  0.1781717  0.0239140 -0.0356740  0.4087517 
 0.0000000  0.0000000  0.0000000  0.0000000  0.5504654  0.1982243 -0.1628708  0.3046654 -0.4475272 -0.2125350 -0.2233078  0.0600710  0.1089171  0.0032104  0.0755033 -0.3637746  0.0211466  0.1682403 -0.2465004 
 0.0000000  0.0000000  0.0000000  0.0000000  0.5504654 -0.0891227  0.1939572 -0.0460335  0.1966341 -0.0281799  0.2993246 -0.1940746 -0.3444952  0.3427609 -0.1075372  0.3078338  0.0619393 -0.0772047 -0.3609741 
