 0.6738873  0.0000000  0.0000000  0.0020107  0.0674552  0.2165534 -0.3955582  0.5813433 
 0.5224346  0.0000000 -0.1514527 -0.0524908 -0.0087104 -0.5049326  0.6670283  0.0375413 
 0.5224346  0.0000000  0.1514527  0.0498972 -0.0782999  0.2256009 -0.1567986 -0.7874147 
 0.0000000  0.6738873  0.0000000 -0.1093252  0.1945931 -0.5555195 -0.4208639 -0.1016319 
 0.0000000  0.5224346 -0.1514527 -0.4686152  0.2492648  0.5492080  0.3474780  0.0045463 
 0.0000000  0.5224346  0.1514527  0.6096335 -0.5002700  0.1673555  0.1953935  0.1265485 
 0.0000000  0.0000000  0.6738873 -0.5547744 -0.4656394 -0.0936903  0.0262324  0.1086976 
 0.0000000  0.0000000  0.6738873  0.2894324  0.6497334  0.0153260  0.1930987  0.0492877 
