 0.4472136  0.0000000 -0.2746950 -0.3382856  0.0413905 -0.1051590 -0.6089623  0.1968913  0.4199750 -0.1065537 
 0.4472136  0.0000000 -0.2546198  0.3839131  0.1232833 -0.5160245  0.1465891 -0.4846451 -0.0873034 -0.2056897 
 0.4472136  0.0000000  0.2382333 -0.4434377  0.4689417  0.2593594  0.4542279 -0.1576125  0.1066444  0.1299869 
 0.4472136  0.0000000  0.1446005  0.0413933 -0.6439556 -0.1585074  0.3737605  0.4201652  0.0548035  0.1354062 
 0.4472136  0.0000000  0.1464811  0.3564169  0.0103401  0.5203315 -0.3656152  0.0252011 -0.4941194  0.0468503 
 0.0000000  0.4472136 -0.5657422 -0.3704224 -0.3042700  0.1662532  0.0715752 -0.2667678 -0.3117763  0.2213823 
 0.0000000  0.4472136 -0.3287151  0.3903391  0.4331689  0.0200840  0.1722833  0.5019505  0.1340558  0.2278955 
 0.0000000  0.4472136  0.4340739 -0.2648996  0.1574563 -0.5087121 -0.2006275  0.1607441 -0.4378684  0.0029711 
 0.0000000  0.4472136  0.0922138  0.0151769 -0.1086210  0.2629944  0.1396170  0.0222642  0.1330235 -0.8201328 
 0.0000000  0.4472136  0.3681697  0.2298060 -0.1777342  0.0593804 -0.1828480 -0.4181909  0.4825653  0.3678839 
