 0.5773503  0.0000000  0.0000000  0.0000000  0.0000000  0.0000000  0.0000000  0.0000000  0.2223344 -0.2424214 -0.0290257 -0.3658375  0.0033706 -0.0122538  0.0484172  0.2554557 -0.0768107 -0.1941831  0.2538686  0.0367071  0.1542230  0.0456499 -0.0209848  0.4693723 
 0.5773503  0.0000000  0.0000000  0.0000000  0.0000000  0.0000000  0.0000000  0.0000000 -0.1759019  0.5161313  0.1951751  0.2961068 -0.1105097  0.0255620 -0.1463249 -0.1595437 -0.1189901 -0.0537279 -0.0019482  0.0577898 -0.0535051 -0.2404861 -0.3188886 -0.0324809 
 0.5773503  0.0000000  0.0000000  0.0000000  0.0000000  0.0000000  0.0000000  0.0000000 -0.0464325 -0.2737099 -0.1661495  0.0697307  0.1071391 -0.0133082  0.0979076 -0.0959120  0.1958009  0.2479110 -0.2519204 -0.0944969 -0.1007180  0.1948362  0.3398733 -0.4368914 
 0.0000000  0.5773503  0.0000000  0.0000000  0.0000000  0.0000000  0.0000000  0.0000000  0.5222777 -0.0096254  0.1122294  0.2942778  0.0592371  0.0471954 -0.1454275  0.0823318  0.2800816  0.0622494  0.2491575 -0.0731393  0.1792866  0.1156717 -0.1816081 -0.1807938 
 0.0000000  0.5773503  0.0000000  0.0000000  0.0000000  0.0000000  0.0000000  0.0000000 -0.0916937 -0.0532044 -0.1845281 -0.5039191 -0.0974958 -0.1653233  0.0434426 -0.2794475 -0.0654126  0.1907776 -0.1747821  0.1693087 -0.0873567 -0.3259981 -0.1871147 -0.0426698 
 0.0000000  0.5773503  0.0000000  0.0000000  0.0000000  0.0000000  0.0000000  0.0000000 -0.4305841  0.0628298  0.0722986  0.2096413  0.0382588  0.1181279  0.1019849  0.1971158 -0.2146690 -0.2530270 -0.0743754 -0.0961694 -0.0919298  0.2103263  0.3687228  0.2234636 
 0.0000000  0.0000000  0.5773503  0.0000000  0.0000000  0.0000000  0.0000000  0.0000000  0.0210947  0.0133919  0.3067844 -0.1952893  0.1917642 -0.1630954  0.0022881 -0.0029997  0.0013562  0.0159835 -0.0593988 -0.5961759 -0.2857323  0.0463765 -0.1632796  0.0271039 
 0.0000000  0.0000000  0.5773503  0.0000000  0.0000000  0.0000000  0.0000000  0.0000000 -0.0498006 -0.0607840 -0.1003534  0.0942022 -0.1655034  0.2312925 -0.1023299 -0.1341995 -0.0617792  0.1755364  0.4406833  0.1313920  0.1037903 -0.3390719  0.3999690 -0.0191260 
 0.0000000  0.0000000  0.5773503  0.0000000  0.0000000  0.0000000  0.0000000  0.0000000  0.0287059  0.0473922 -0.2064310  0.1010871 -0.0262609 -0.0681971  0.1000418  0.1371992  0.0604229 -0.1915199 -0.3812845  0.4647839  0.1819420  0.2926954 -0.2366894 -0.0079778 
 0.0000000  0.0000000  0.0000000  0.5773503  0.0000000  0.0000000  0.0000000  0.0000000 -0.1453843  0.0991359 -0.2407156 -0.0646995  0.1071098  0.3892892  0.4123649 -0.1936625  0.1142351 -0.0693639  0.1353511 -0.2390429  0.2359068  0.0606494 -0.2222590 -0.0308508 
 0.0000000  0.0000000  0.0000000  0.5773503  0.0000000  0.0000000  0.0000000  0.0000000  0.1178866 -0.2883160  0.3156854  0.0860394  0.1804606  0.1490425 -0.2389677  0.0969023 -0.4158083  0.2422049 -0.1944159  0.2365175 -0.1118354 -0.0358946 -0.0451195  0.0133718 
 0.0000000  0.0000000  0.0000000  0.5773503  0.0000000  0.0000000  0.0000000  0.0000000  0.0274978  0.1891801 -0.0749699 -0.0213400 -0.2875704 -0.5383316 -0.1733972  0.0967601  0.3015732 -0.1728410  0.0590648  0.0025254 -0.1240714 -0.0247548  0.2673785  0.0174790 
 0.0000000  0.0000000  0.0000000  0.0000000  0.5773503  0.0000000  0.0000000  0.0000000  0.0554751 -0.2415241 -0.1303791  0.2219056  0.2320321  0.1139183 -0.0520759 -0.1730473  0.2881688 -0.3082875 -0.1045571  0.0572459 -0.3250664 -0.3019426 -0.0408777  0.2207731 
 0.0000000  0.0000000  0.0000000  0.0000000  0.5773503  0.0000000  0.0000000  0.0000000  0.1112310  0.4068459 -0.0662703 -0.1654851  0.1233219 -0.0508918  0.1200925  0.0088835 -0.1842628  0.3294791  0.2486584  0.1704678 -0.1942389  0.3827679  0.0837477 -0.0064075 
 0.0000000  0.0000000  0.0000000  0.0000000  0.5773503  0.0000000  0.0000000  0.0000000 -0.1667061 -0.1653218  0.1966494 -0.0564205 -0.3553540 -0.0630265 -0.0680167  0.1641638 -0.1039060 -0.0211916 -0.1441014 -0.2277137  0.5193053 -0.0808253 -0.0428700 -0.2143655 
 0.0000000  0.0000000  0.0000000  0.0000000  0.0000000  0.5773503  0.0000000  0.0000000  0.3263597  0.1692699 -0.2157464  0.1643859  0.1893620 -0.1963686  0.2549493  0.0871448 -0.3088859 -0.0070285 -0.1901295 -0.1616005  0.1559280 -0.3153117  0.1708557  0.0164917 
 0.0000000  0.0000000  0.0000000  0.0000000  0.0000000  0.5773503  0.0000000  0.0000000 -0.1777164 -0.0132201  0.5431450 -0.1320189  0.0308794  0.0537880  0.1910296 -0.0773295  0.4198958  0.0927791  0.0343104  0.2742018  0.0569878  0.0359264  0.0635551  0.0793260 
 0.0000000  0.0000000  0.0000000  0.0000000  0.0000000  0.5773503  0.0000000  0.0000000 -0.1486433 -0.1560499 -0.3273986 -0.0323669 -0.2202414  0.1425805 -0.4459789 -0.0098153 -0.1110099 -0.0857506  0.1558191 -0.1126013 -0.2129158  0.2793853 -0.2344109 -0.0958177 
 0.0000000  0.0000000  0.0000000  0.0000000  0.0000000  0.0000000  0.5773503  0.0000000 -0.1677699 -0.2320327  0.0573595  0.1005693  0.1502342 -0.3133814  0.2565639  0.0646094 -0.1740333 -0.2056945  0.3724748  0.1484947 -0.0928540 -0.0539778 -0.1678556 -0.3277223 
 0.0000000  0.0000000  0.0000000  0.0000000  0.0000000  0.0000000  0.5773503  0.0000000  0.2652873 -0.0329522  0.0697379  0.1178162 -0.4603083  0.0969442  0.1198634 -0.3726601 -0.0542463  0.0943179 -0.2054158 -0.1076753 -0.0591160  0.1857156  0.0761210  0.3041828 
 0.0000000  0.0000000  0.0000000  0.0000000  0.0000000  0.0000000  0.5773503  0.0000000 -0.0975173  0.2649849 -0.1270975 -0.2183855  0.3100741  0.2164372 -0.3764273  0.3080507  0.2282796  0.1113766 -0.1670590 -0.0408193  0.1519700 -0.1317378  0.0917346  0.0235395 
 0.0000000  0.0000000  0.0000000  0.0000000  0.0000000  0.0000000  0.0000000  0.5773503  0.0588651  0.0157022 -0.0252162  0.0097692 -0.3225007  0.2252487  0.2713212  0.4900191  0.0929686  0.1254109 -0.0369126 -0.0011469 -0.3390833 -0.1863780 -0.1026422 -0.0880994 
 0.0000000  0.0000000  0.0000000  0.0000000  0.0000000  0.0000000  0.0000000  0.5773503 -0.2470167 -0.1268255 -0.1243172  0.2428278  0.1998375 -0.3309348 -0.1126610 -0.1598701  0.0491479  0.3405908  0.0693928 -0.0620150  0.2478498  0.0906100 -0.1159099  0.3424721 
 0.0000000  0.0000000  0.0000000  0.0000000  0.0000000  0.0000000  0.0000000  0.5773503  0.1881516  0.1111233  0.1495334 -0.2525970  0.1226632  0.1056861 -0.1586602 -0.3301490 -0.1421165 -0.4660017 -0.0324802  0.0631619  0.0912335  0.0957679  0.2185521 -0.2543726 
