 0.5408061  0.0915762  0.0294708 -0.0198991 -0.0088600  0.0016692 -0.0014086 -0.0003700 -0.0010756 -0.0009120 -0.0098793 -0.1607185 -0.1753596  0.3500268 -0.0805819 -0.0009216 -0.0797178  0.1772664  0.0126430  0.3953821  0.2243205 -0.0524262  0.0895980  0.4579546 -0.2168341 
 0.5539135 -0.0798262  0.0335784  0.0186390 -0.0002672  0.0037698  0.0005066 -0.0009705 -0.0042471  0.0005926  0.0101078  0.3909707  0.0672068 -0.0057071  0.0071940 -0.2364287 -0.0495744 -0.5051602  0.2153737 -0.3905445  0.0224789 -0.0941203 -0.0608399  0.0160773 -0.0442698 
 0.6329585 -0.0083163 -0.0540958  0.0006276 -0.0013837 -0.0046804  0.0008824  0.0016951  0.0007605  0.0003780 -0.0000947 -0.2050227  0.0867785 -0.2976338  0.0608181  0.2063325  0.1130331  0.2876990 -0.2013972  0.0061211 -0.2081881  0.1273849 -0.0244457 -0.4047297  0.2275925 
-0.0001002  0.7002546 -0.0005400  0.0045490 -0.0000744  0.0001033  0.0003001  0.0000757  0.0002809  0.0004608 -0.0000207 -0.0830163  0.3672982 -0.1588768  0.0099380  0.1868730 -0.0917195 -0.3870524 -0.1452049  0.2250249 -0.1036805 -0.1146563 -0.1988762  0.0699388 -0.0963260 
 0.0000696  0.7033944 -0.0001340  0.0003061 -0.0001062 -0.0000483 -0.0000990  0.0000456  0.0000832 -0.0003104  0.0020968  0.1466103 -0.3326898  0.1086911  0.0034959 -0.2103569  0.0967082  0.3118831  0.1678341 -0.3197116  0.0698257  0.1061561  0.1795795 -0.1338187  0.1169203 
-0.0003506 -0.0004086  0.7048706 -0.0001259 -0.0001358 -0.0005798 -0.0000378 -0.0000612  0.0000753 -0.0000898  0.0000174 -0.2015269  0.0488097 -0.1500553  0.2337333 -0.2972951  0.0323659  0.1770103 -0.2823330 -0.2370156  0.0828703 -0.1526473 -0.2512001  0.1506890 -0.1018981 
-0.0000509  0.0004086  0.7058444  0.0001223 -0.0001500  0.0000447  0.0001264  0.0000823 -0.0000478  0.0000589  0.0000003  0.1733132 -0.0349725  0.1131883 -0.2248985  0.3252440 -0.0200182 -0.1367269  0.2572753  0.2374243 -0.1095275  0.1718971  0.2479098 -0.2003643  0.1286173 
 0.0000131  0.0000206 -0.0000227  0.7067323  0.0000034  0.0000791 -0.0000083 -0.0000027 -0.0000167  0.0000514  0.0000668  0.0690452  0.0778150  0.0690354  0.0974619 -0.2870654 -0.4967271  0.0535725 -0.0694923  0.2213430  0.1099771  0.0070672  0.0229249 -0.2378009  0.1427806 
-0.0000354  0.0000019  0.0000497  0.7067602 -0.0000460  0.0000260  0.0000101 -0.0000258  0.0000042  0.0000143 -0.0000019 -0.0852202 -0.0912087 -0.0526090 -0.1033880  0.2921641  0.4989789 -0.0401126  0.0568568 -0.2019453 -0.0962037  0.0016156 -0.0244101  0.2521659 -0.1343392 
 0.0029393  0.0038630 -0.0006217 -0.0095602  0.5374131  0.0911201 -0.0320982 -0.0021295  0.0012320 -0.0025645  0.0146898 -0.1112115  0.2190031  0.4097443 -0.0104706  0.0007049  0.1450348 -0.0564698  0.0176370 -0.0661912  0.2051179  0.3605694 -0.3851762  0.0216930  0.3512095 
 0.0038187 -0.0019383 -0.0003747  0.0088791  0.5477836 -0.0904655 -0.0296163 -0.0073432 -0.0004237  0.0002064 -0.0149297 -0.1154291  0.1633715 -0.4206831  0.0683559 -0.2302899  0.0769910  0.1221060  0.5149797  0.1905363  0.0073669 -0.0301796  0.1657068 -0.0107573 -0.2547900 
 0.0033670 -0.0001795  0.0014478  0.0002350  0.6411063  0.0009666  0.0517478  0.0022277 -0.0002255  0.0019011  0.0004663  0.1886953 -0.3233349  0.0218002 -0.0502303  0.1962681 -0.1888668 -0.0536113 -0.4551762 -0.1033360 -0.1777569 -0.2760573  0.1842523 -0.0030592 -0.0802417 
-0.0000447 -0.0007218 -0.0000246  0.0019776  0.0008025  0.6987390  0.0000396  0.0002106 -0.0001497  0.0009464 -0.0031986  0.4361586  0.0475825 -0.1190315  0.1369075  0.1381779  0.1515779  0.1716632 -0.0580866  0.1590778  0.3023119  0.0008318 -0.1308583 -0.1304150 -0.2461599 
 0.0000638  0.0000622  0.0000211  0.0002118 -0.0007947  0.7036423 -0.0000330 -0.0004419 -0.0003061 -0.0003902 -0.0008501 -0.4372372 -0.0607251  0.0057250 -0.1284227 -0.1649943 -0.1573307 -0.1432309  0.1234066 -0.1202756 -0.3271437 -0.0566780  0.1916596  0.1199942  0.1730396 
 0.0001284  0.0000759  0.0000474 -0.0000270  0.0005183  0.0000239  0.7054217  0.0002689  0.0003282 -0.0001412 -0.0000205 -0.2856525 -0.0219818  0.0771475  0.2397776  0.2417880 -0.0379076 -0.1268949  0.1479896 -0.1349042  0.3787625 -0.2090171  0.1147518 -0.2010736 -0.0023766 
-0.0002065  0.0000904 -0.0001754 -0.0001321 -0.0000994  0.0002142  0.7055379  0.0000513 -0.0000146 -0.0000562  0.0000160  0.2613699  0.0596992 -0.0781162 -0.2348317 -0.2659262  0.0610091  0.1335771 -0.0913144  0.1489865 -0.3545193  0.2435279 -0.1404505  0.2033617  0.0141651 
-0.0050081  0.0032513  0.0023321 -0.0068508  0.0041203 -0.0066197 -0.0023705  0.5258918 -0.1298649  0.0119430  0.0069788 -0.0421637 -0.4411427 -0.3831853 -0.1878358 -0.0832669  0.0674462 -0.2117169 -0.0100413  0.2090315  0.2812266 -0.0340908 -0.2083450  0.0449343  0.3192969 
 0.0007740  0.0016691 -0.0008718 -0.0002204  0.0006990  0.0083089  0.0013448  0.5358843  0.1287101 -0.0066607  0.0158841 -0.0137417  0.2785991  0.0311080  0.1460313 -0.1045709  0.1152023 -0.1208925 -0.2989836 -0.0752264  0.1057294  0.3678048  0.5433428  0.0684272 -0.1247224 
 0.0028876 -0.0041268 -0.0009751  0.0057464  0.0018102 -0.0019191 -0.0001530  0.6604501 -0.0033926 -0.0041211 -0.0186348  0.0431119  0.1288752  0.2780360  0.0318027  0.1461449 -0.1447664  0.2664210  0.2584579 -0.1032056 -0.3083543 -0.2707127 -0.2744238 -0.0902449 -0.1549601 
 0.0008091 -0.0012707  0.0024714 -0.0007280  0.0002590 -0.0027648 -0.0001983  0.0003058  0.6926536  0.0031784 -0.0008979  0.0048231 -0.0220609  0.1746703 -0.0165917 -0.2519258  0.3880365 -0.0946905 -0.0531046  0.2490774 -0.0629491 -0.3712877  0.0143217 -0.2052879  0.1299158 
 0.0016498  0.0008291 -0.0015808 -0.0003680 -0.0000337  0.0002443 -0.0007550  0.0019264  0.6976865  0.0002834 -0.0007974 -0.0072628 -0.1114475 -0.2492465 -0.0455855  0.2526975 -0.3954705  0.0753649  0.1090018 -0.1965309  0.0938921  0.2917013 -0.1538367  0.2003692 -0.0488856 
 0.0000000  0.0000000  0.0000000  0.0000000  0.0000000  0.0000000  0.0000000  0.0000000  0.0000000  0.7070265  0.0000000 -0.0853528 -0.3119890  0.0904419  0.3583605 -0.0502332  0.0290223 -0.1910667  0.0234691  0.1214003 -0.2077470  0.2625485 -0.1380084 -0.1328100 -0.2344206 
 0.0000000  0.0000000  0.0000000  0.0000000  0.0000000  0.0000000  0.0000000  0.0000000  0.0000000  0.7070265  0.0000000  0.0840914  0.3237717 -0.0802881 -0.3537535  0.0516610 -0.0307739  0.1959545 -0.0230436 -0.1271035  0.2036079 -0.2565055  0.1437366  0.1340775  0.2281180 
-0.0000547  0.0000079 -0.0001019  0.0000080 -0.0000841 -0.0000391 -0.0000217  0.0000706 -0.0000264  0.0000091  0.7065805 -0.1719380 -0.0171508  0.0484306 -0.4446165 -0.1007134 -0.0181205 -0.0313840 -0.0785079 -0.0722429  0.1068999  0.0717662 -0.0923167 -0.2943817 -0.3691311 
-0.0000946  0.0000430 -0.0000147 -0.0000001 -0.0000630  0.0000359 -0.0000047  0.0000060  0.0000038 -0.0000417  0.7067108  0.1666434  0.0153274 -0.0514065  0.4447990  0.1071778  0.0096897  0.0563583  0.0994688  0.0873200 -0.1205719 -0.0946752  0.0873682  0.2953352  0.3484722 
