 0.5224346  0.0000000 -0.1514527  0.0000000  0.0000000  0.0000000 -0.0473700  0.5436464 -0.3364087 -0.0987463  0.0693329 -0.0848552  0.4763648  0.0172243 -0.1958961 -0.0761855 
 0.5224346  0.0000000  0.1514527  0.0000000  0.0000000  0.0000000  0.0297380 -0.2264333  0.3735232  0.0457393  0.4130549  0.3185398  0.1137737  0.1281053  0.0986747  0.4462982 
 0.6738873  0.0000000  0.0000000  0.0000000  0.0000000  0.0000000  0.0136693 -0.2459211 -0.0287732  0.0410939 -0.3739736 -0.1811652 -0.4575079 -0.1126675  0.0753714 -0.2869317 
 0.0000000  0.5224346 -0.1514527  0.0000000  0.0000000  0.0000000  0.3115792  0.1388637  0.3487827 -0.5830941 -0.2054718  0.0941649  0.0659003 -0.2214732  0.1469496  0.0061781 
 0.0000000  0.5224346  0.1514527  0.0000000  0.0000000  0.0000000 -0.3082152  0.3112572 -0.0240226  0.2699260 -0.0546611  0.5039133 -0.3095928  0.1765971 -0.2032482 -0.1163997 
 0.0000000  0.6738873  0.0000000  0.0000000  0.0000000  0.0000000 -0.0026080 -0.3489585 -0.2517719  0.2427852  0.2016694 -0.4636631  0.1889238  0.0347904  0.0436458  0.0854498 
 0.0000000  0.0000000  0.6738873  0.0000000  0.0000000  0.0000000 -0.2698950 -0.0328438  0.0437824 -0.1300932 -0.1401091 -0.1115777  0.1420151 -0.5299015 -0.3150811  0.1441963 
 0.0000000  0.0000000  0.6738873  0.0000000  0.0000000  0.0000000  0.3918609  0.1671707 -0.1195499 -0.0940910  0.0289654 -0.0711722  0.0238655  0.4155173  0.3275830 -0.2340731 
 0.0000000  0.0000000  0.0000000  0.5224346  0.0000000 -0.1514527 -0.0894242  0.0244722 -0.4896108 -0.1295651 -0.1868140  0.1641460 -0.1232076 -0.0753652  0.3700312  0.4683975 
 0.0000000  0.0000000  0.0000000  0.5224346  0.0000000  0.1514527 -0.3977339 -0.0094599  0.1936700 -0.4154868  0.3069714 -0.2763366 -0.1700531  0.2830050 -0.1389072 -0.1918503 
 0.0000000  0.0000000  0.0000000  0.6738873  0.0000000  0.0000000  0.3776718 -0.0116384  0.2294296  0.4225543 -0.0931527  0.0869763  0.2273519 -0.1609739 -0.1791800 -0.2143946 
 0.0000000  0.0000000  0.0000000  0.0000000  0.5224346 -0.1514527 -0.0195912 -0.3343608 -0.0408482 -0.1666256 -0.4193949  0.1229045  0.2575897  0.4371240 -0.3313530  0.0654847 
 0.0000000  0.0000000  0.0000000  0.0000000  0.5224346  0.1514527 -0.1037689  0.4210373  0.3344907  0.2797852 -0.1601203 -0.3825823 -0.0994028  0.0261597  0.2310935  0.2999046 
 0.0000000  0.0000000  0.0000000  0.0000000  0.6738873  0.0000000  0.0956355 -0.0671964 -0.2276479 -0.0877275  0.4492722  0.2013166 -0.1226353 -0.3591631  0.0777266 -0.2832700 
 0.0000000  0.0000000  0.0000000  0.0000000  0.0000000  0.6738873 -0.3060296 -0.1764249 -0.0162138  0.0390991 -0.1915559  0.2240790  0.3639861 -0.0340075  0.3922175 -0.2119487 
 0.0000000  0.0000000  0.0000000  0.0000000  0.0000000  0.6738873  0.3942392  0.0142791 -0.2217056 -0.0751682  0.0223096 -0.0114772 -0.2732256  0.0458277 -0.4042432  0.3076514 
