 0.7071068 -0.2098362  0.0000000  0.0000000  0.0000000  0.0000000  0.0678129 -0.1288955 -0.5794181 -0.3146916 
 0.7071068  0.2098362  0.0000000  0.0000000  0.0000000  0.0000000 -0.0678129  0.1288955  0.5794181  0.3146916 
 0.0000000  0.9549542  0.0000000  0.0000000  0.0000000  0.0000000  0.0298016 -0.0566455 -0.2546360 -0.1382971 
 0.0000000  0.0000000  0.7071068 -0.2098362  0.0000000  0.0000000 -0.0678129  0.6580129 -0.1189948 -0.0650343 
 0.0000000  0.0000000  0.7071068  0.2098362  0.0000000  0.0000000  0.0678129 -0.6580129  0.1189948  0.0650343 
 0.0000000  0.0000000  0.0000000  0.9549542  0.0000000  0.0000000 -0.0298016  0.2891760 -0.0522945 -0.0285805 
 0.0000000  0.0000000  0.0000000  0.0000000  0.7071068 -0.2098362 -0.0678129 -0.0077492 -0.3254138  0.5877210 
 0.0000000  0.0000000  0.0000000  0.0000000  0.7071068  0.2098362  0.0678129  0.0077492  0.3254138 -0.5877210 
 0.0000000  0.0000000  0.0000000  0.0000000  0.0000000  0.9549542 -0.0298016 -0.0034055 -0.1430091  0.2582849 
 0.0000000  0.0000000  0.0000000  0.0000000  0.0000000  0.0000000  0.9847558  0.1176724  0.0203898  0.1264650 
