 0.7036540 -0.2092849  0.0021784  0.0014689  0.0009493 -0.0004903 -0.0003236  0.0009882  0.0613727 -0.0000883  0.0000875  0.0002863  0.0001284 -0.0000131 -0.0028141  0.0004650 -0.1134906 -0.1049485  0.3957885  0.0249171  0.2014116  0.0647314  0.4810056 
 0.7105401  0.2070448 -0.0000123 -0.0011658 -0.0001902  0.0003349  0.0005070 -0.0004011 -0.0606763  0.0000912 -0.0000886 -0.0002820 -0.0001257  0.0000188  0.0027911 -0.0004627  0.1118528  0.1042680 -0.3929184 -0.0250632 -0.1991122 -0.0637558 -0.4758857 
 0.0001600  0.9556824 -0.0002026  0.0000721  0.0000200  0.0005056 -0.0000822  0.0000042  0.0263308 -0.0000517  0.0000381  0.0001236  0.0000554 -0.0000035 -0.0012245  0.0002012 -0.0486406 -0.0455751  0.1726344  0.0116742  0.0872763  0.0286046  0.2077467 
-0.0006357 -0.0003130  0.7050809 -0.2079963  0.0004995 -0.0005016  0.0005597  0.0020946 -0.0587125 -0.0010787  0.0011052 -0.0003958  0.0000380  0.0002484  0.0000050  0.0002462  0.2694214 -0.1342794  0.3856587 -0.1572350 -0.1443367  0.3275766 -0.2528422 
-0.0015195  0.0012325  0.7091206  0.2071762 -0.0003690  0.0005105  0.0010590 -0.0012960  0.0584488  0.0010762 -0.0010970  0.0003865 -0.0000363 -0.0002519  0.0000120 -0.0002469 -0.2678586  0.1339471 -0.3854262  0.1547536  0.1430559 -0.3247117  0.2504101 
-0.0000233  0.0001655 -0.0002727  0.9559344  0.0006726 -0.0000349  0.0000544  0.0001993 -0.0257719 -0.0004739  0.0004750 -0.0001725  0.0000151  0.0001086  0.0000033  0.0001046  0.1170407 -0.0578283  0.1665962 -0.0669679 -0.0628097  0.1414371 -0.1108733 
-0.0003173  0.0008943 -0.0001854  0.0001412  0.7078342 -0.2071246 -0.0020867  0.0009399  0.0611759 -0.0002133  0.0011100 -0.0000267  0.0003029 -0.0000110  0.0001152  0.0013945  0.0683365 -0.2012737  0.0238659 -0.4345304 -0.2428117 -0.3801947  0.1193536 
-0.0004403 -0.0005822  0.0000495 -0.0007950  0.7063690  0.2077802  0.0004399  0.0002370 -0.0609246  0.0002137 -0.0011124  0.0000271 -0.0003023  0.0000142 -0.0000888 -0.0014016 -0.0695154  0.2025109 -0.0269561  0.4328860  0.2437196  0.3829092 -0.1190584 
 0.0001392 -0.0003659 -0.0000592  0.0000196 -0.0001654  0.9559944  0.0000374  0.0000070  0.0264879 -0.0000974  0.0004828 -0.0000107  0.0001325 -0.0000006  0.0000411  0.0006074  0.0301200 -0.0878193  0.0116508 -0.1884439 -0.1055997 -0.1651424  0.0517947 
 0.0005212 -0.0005738  0.0003372 -0.0006617  0.0030971 -0.0003588  0.7074347 -0.2070677 -0.0585963 -0.0001323  0.0000673  0.0005732 -0.0002133 -0.0002848 -0.0029715  0.0005467  0.1208068 -0.0700148  0.2719897  0.4168123 -0.0793212 -0.4009457 -0.1376541 
-0.0007071  0.0004425 -0.0019579  0.0004454 -0.0014491 -0.0004330  0.7067742  0.2072291  0.0588996  0.0001298 -0.0000557 -0.0005795  0.0002178  0.0002826  0.0029719 -0.0005412 -0.1206388  0.0691319 -0.2714229 -0.4188226  0.0786934  0.4002694  0.1386239 
-0.0001633  0.0000804 -0.0000881  0.0002954  0.0001111  0.0001637  0.0000264  0.9561228 -0.0253622 -0.0000542  0.0000245  0.0002460 -0.0000909 -0.0001177 -0.0012835  0.0002321  0.0514422 -0.0293673  0.1157384  0.1818998 -0.0338235 -0.1745864 -0.0597314 
 0.0000319  0.0000193 -0.0000381  0.0000378  0.0000048 -0.0000069  0.0000037 -0.0000145  0.9841895 -0.0001108 -0.0000127 -0.0000133 -0.0000806 -0.0000039 -0.0000215 -0.0001506  0.0566933  0.0150609  0.0286897  0.0897129 -0.0232079  0.0332538 -0.1319623 
-0.0000008  0.0000073  0.0000006  0.0000028  0.0000046 -0.0000020  0.0000093  0.0000049 -0.0000076  0.7071072 -0.2098176  0.0000018  0.0000023 -0.0000002  0.0000004 -0.0677886 -0.1027489  0.3130379  0.0659081  0.1009237 -0.5297528  0.1022353  0.1929016 
-0.0000014  0.0000077 -0.0000039  0.0000057 -0.0000018  0.0000068 -0.0000083 -0.0000027  0.0000003  0.7071044  0.2098228 -0.0000006  0.0000013  0.0000022  0.0000002  0.0677895  0.1037141 -0.3136859 -0.0643810 -0.1015387  0.5291314 -0.1015356 -0.1936036 
 0.0000003  0.0000004 -0.0000003  0.0000013 -0.0000002 -0.0000012 -0.0000012 -0.0000011 -0.0000003  0.0000001  0.9549584  0.0000002 -0.0000001  0.0000002  0.0000001 -0.0297930 -0.0462077  0.1385838  0.0274712  0.0459207 -0.2317024  0.0449650  0.0851759 
 0.0000010  0.0000028  0.0000034  0.0000030 -0.0000016 -0.0000004  0.0000080  0.0000092  0.0000034  0.0000052  0.0000021  0.7070888 -0.2098160 -0.0000034  0.0000063  0.0677981  0.0924275  0.5293343  0.1985424 -0.2142193  0.2088722 -0.1650041 -0.0806566 
-0.0000031 -0.0000025  0.0000009  0.0000003 -0.0000023 -0.0000014 -0.0000023 -0.0000028 -0.0000001 -0.0000074 -0.0000004  0.7071239  0.2098061  0.0000080 -0.0000016 -0.0677948 -0.0921995 -0.5292718 -0.1988952  0.2132197 -0.2090903  0.1660176  0.0801821 
 0.0000000  0.0000006 -0.0000003  0.0000008  0.0000002 -0.0000008  0.0000000 -0.0000004 -0.0000003  0.0000003  0.0000000 -0.0000001  0.9549651 -0.0000005 -0.0000002  0.0297895  0.0405884  0.2327301  0.0872905 -0.0933907  0.0919109 -0.0727038 -0.0356181 
-0.0000015 -0.0000055  0.0000018  0.0000001  0.0000004 -0.0000090  0.0000028 -0.0000001  0.0000031  0.0000008 -0.0000030 -0.0000058 -0.0000004  0.7071039 -0.2098105  0.0678092  0.5701936  0.0485174 -0.1857274  0.0941508  0.0137385  0.0371593  0.2810379 
-0.0000043  0.0000010  0.0000041 -0.0000003 -0.0000020  0.0000028 -0.0000003 -0.0000081  0.0000015 -0.0000021  0.0000013  0.0000021 -0.0000024  0.7071095  0.2098063 -0.0678074 -0.5702930 -0.0484764  0.1856880 -0.0936810 -0.0136939 -0.0377749 -0.2809359 
 0.0000012 -0.0000010  0.0000002  0.0000000 -0.0000015 -0.0000008  0.0000003  0.0000016  0.0000002 -0.0000013 -0.0000003  0.0000006  0.0000017 -0.0000001  0.9549473  0.0298017  0.2506555  0.0202073 -0.0772244  0.0443781  0.0068309  0.0142419  0.1255726 
 0.0000000  0.0000000  0.0000000  0.0000000  0.0000000  0.0000000  0.0000000  0.0000000  0.0000000  0.0000000  0.0000000  0.0000000  0.0000000  0.0000000  0.0000000  0.9847598 -0.1160479 -0.0389810  0.0066895  0.0342185 -0.1128328  0.0362149 -0.0017420 
