 0.7071068  0.0000000  0.0000000 -0.1552664  0.0000000  0.0000000  0.0000000  0.0000000  0.0000000  0.0000000 -0.0450114 -0.2162536  0.0438499 -0.3349599  0.3003244  0.1656392  0.1293738 -0.2941585  0.3034499 
 0.7071068  0.0000000  0.0000000  0.1552664  0.0000000  0.0000000  0.0000000  0.0000000  0.0000000  0.0000000  0.0450114  0.2162536 -0.0438499  0.3349599 -0.3003244 -0.1656392 -0.1293738  0.2941585 -0.3034499 
 0.0000000  0.7071068  0.0000000 -0.1552664  0.0000000  0.0000000  0.0000000  0.0000000  0.0000000  0.0000000  0.0450114 -0.4802966  0.1391437 -0.1387639  0.0347302 -0.2798055  0.0412334  0.2642129 -0.2314284 
 0.0000000  0.7071068  0.0000000  0.1552664  0.0000000  0.0000000  0.0000000  0.0000000  0.0000000  0.0000000 -0.0450114  0.4802966 -0.1391437  0.1387639 -0.0347302  0.2798055 -0.0412334 -0.2642129  0.2314284 
 0.0000000  0.0000000  0.7071068 -0.2002779  0.0000000  0.0000000  0.0000000  0.0000000  0.0000000  0.0000000  0.0000000  0.0563217  0.4081846  0.0643016 -0.3812446 -0.0888274  0.2440220 -0.2703620  0.0093391 
 0.0000000  0.0000000  0.7071068  0.2002779  0.0000000  0.0000000  0.0000000  0.0000000  0.0000000  0.0000000  0.0000000 -0.0563217 -0.4081846 -0.0643016  0.3812446  0.0888274 -0.2440220  0.2703620 -0.0093391 
 0.0000000  0.0000000  0.0000000  0.9073846  0.0000000  0.0000000  0.0000000  0.0000000  0.0000000  0.0000000  0.0000000 -0.2135167  0.2428145 -0.1337365 -0.0536313 -0.0782829  0.1661077 -0.1295968  0.0287705 
 0.0000000  0.0000000  0.0000000  0.0000000  0.7071068  0.0000000  0.0000000 -0.1552664  0.0000000  0.0000000  0.0450114  0.0416895 -0.1466076 -0.0864804 -0.0087752  0.3255750  0.4743178  0.0891386 -0.3227329 
 0.0000000  0.0000000  0.0000000  0.0000000  0.7071068  0.0000000  0.0000000  0.1552664  0.0000000  0.0000000 -0.0450114 -0.0416895  0.1466076  0.0864804  0.0087752 -0.3255750 -0.4743178 -0.0891386  0.3227329 
 0.0000000  0.0000000  0.0000000  0.0000000  0.0000000  0.7071068  0.0000000 -0.1552664  0.0000000  0.0000000 -0.0450114 -0.3274282 -0.1111585  0.3611946 -0.1740861  0.1647839  0.1129355  0.1555746  0.3597523 
 0.0000000  0.0000000  0.0000000  0.0000000  0.0000000  0.7071068  0.0000000  0.1552664  0.0000000  0.0000000  0.0450114  0.3274282  0.1111585 -0.3611946  0.1740861 -0.1647839 -0.1129355 -0.1555746 -0.3597523 
 0.0000000  0.0000000  0.0000000  0.0000000  0.0000000  0.0000000  0.7071068 -0.2002779  0.0000000  0.0000000  0.0000000  0.1211261  0.4013120  0.2813204  0.4313288  0.0380511  0.0500113  0.1220306 -0.0118227 
 0.0000000  0.0000000  0.0000000  0.0000000  0.0000000  0.0000000  0.7071068  0.2002779  0.0000000  0.0000000  0.0000000 -0.1211261 -0.4013120 -0.2813204 -0.4313288 -0.0380511 -0.0500113 -0.1220306  0.0118227 
 0.0000000  0.0000000  0.0000000  0.0000000  0.0000000  0.0000000  0.0000000  0.9073846  0.0000000  0.0000000  0.0000000 -0.0443180  0.0889402  0.2182010  0.1278254  0.1846120  0.2230518  0.1376170  0.0074501 
 0.0000000  0.0000000  0.0000000  0.0000000  0.0000000  0.0000000  0.0000000  0.0000000  0.7071068  0.0000000 -0.2002779 -0.2069088 -0.1672011  0.3152316  0.1294369 -0.0611571 -0.0345940 -0.4244590 -0.2964693 
 0.0000000  0.0000000  0.0000000  0.0000000  0.0000000  0.0000000  0.0000000  0.0000000  0.7071068  0.0000000  0.2002779  0.2069088  0.1672011 -0.3152316 -0.1294369  0.0611571  0.0345940  0.4244590  0.2964693 
 0.0000000  0.0000000  0.0000000  0.0000000  0.0000000  0.0000000  0.0000000  0.0000000  0.0000000  0.7071068 -0.2002779  0.1697369 -0.2035386  0.0187609  0.1160337 -0.4559899  0.3670882  0.0560274  0.1732480 
 0.0000000  0.0000000  0.0000000  0.0000000  0.0000000  0.0000000  0.0000000  0.0000000  0.0000000  0.7071068  0.2002779 -0.1697369  0.2035386 -0.0187609 -0.1160337  0.4559899 -0.3670882 -0.0560274 -0.1732480 
 0.0000000  0.0000000  0.0000000  0.0000000  0.0000000  0.0000000  0.0000000  0.0000000  0.0000000  0.0000000  0.9073846 -0.0268337 -0.1695965  0.1723872  0.1183097 -0.2000484  0.1196675 -0.2114459  0.0663815 
