 0.2500000  0.0050945 -0.2432209 -0.1938561 -0.1182824  0.0572244  0.5191864  0.3208731 -0.3119798 -0.0726327  0.0734407 -0.1466019 -0.0154040  0.2606694 -0.3901664  0.3178833 
 0.2500000 -0.1106381  0.6098468 -0.2101203 -0.0962358  0.0377242  0.2472859  0.1429736 -0.2739403  0.0008210  0.1370204  0.3611656 -0.1598763 -0.0883575  0.1074057 -0.3843914 
 0.2500000  0.0510802 -0.3568620  0.1284868  0.1777589 -0.3453863  0.0213365  0.3999721  0.0631753 -0.2704220  0.0102822  0.2201351  0.3430108  0.1626604  0.3166894 -0.3310851 
 0.2500000 -0.3213494  0.2444787 -0.0951268  0.0873016 -0.4769016 -0.1083480  0.0922008  0.2369752  0.3886561 -0.4283886  0.0601449  0.0561439  0.1823356 -0.1895808  0.2084092 
 0.2500000 -0.2235119  0.1528516  0.3196526 -0.0415234 -0.0607024 -0.1238455 -0.3779650 -0.1796096 -0.5502412 -0.1722209 -0.2447601 -0.0561554  0.2906063 -0.2226972 -0.1913236 
 0.2500000 -0.0074448  0.2468267 -0.2295384  0.2543099  0.1359706 -0.1155841  0.0029800 -0.0466409  0.1551726  0.2821422 -0.6155081  0.4412172  0.0628051  0.2081236 -0.0257355 
 0.2500000  0.2111124 -0.0261822 -0.1006794  0.0279319 -0.0198669 -0.0602495  0.1833147 -0.1238459 -0.1375391 -0.4361674 -0.3065851 -0.4947929 -0.2054811  0.4603846  0.1619038 
 0.2500000  0.1990945 -0.1378283  0.0587651  0.0954175  0.1895970  0.5490993 -0.5063613  0.1923021  0.2665905 -0.2878608  0.0574928  0.0944390  0.0936043  0.1598408 -0.1870789 
 0.2500000 -0.1702532 -0.2517011 -0.1224275  0.2780009 -0.2527432  0.0722962 -0.1153948  0.2709623  0.0095281  0.3749467 -0.1595024 -0.4034148 -0.3757519 -0.2631634 -0.2402923 
 0.2500000  0.4902897  0.1422328 -0.0080755  0.3163672 -0.1748345 -0.1149435 -0.2239833 -0.2082912 -0.1745084  0.0308580  0.2951070  0.2237206 -0.3157390 -0.2142167  0.3539423 
 0.2500000  0.4617858 -0.0643735  0.2688236 -0.1860238  0.0816101 -0.3423288  0.1743287 -0.1306432  0.4302659  0.0120599 -0.0725806 -0.1403259  0.1434959 -0.2995490 -0.3483925 
 0.2500000 -0.1917284 -0.2452706 -0.1547998 -0.6582799 -0.0964041 -0.1137988 -0.1741537 -0.1434249  0.0452916 -0.0742079 -0.0209440  0.3203364 -0.4434204  0.0430727 -0.0324641 
 0.2500000  0.0171550  0.2106219  0.2212898 -0.1195271  0.4217217  0.0539032  0.3281020  0.5939781 -0.2435481 -0.0903624 -0.0071219  0.1309727 -0.2484652 -0.1854390  0.0869736 
 0.2500000 -0.4730271 -0.2339579  0.2474487  0.3465997  0.4539502 -0.1928233  0.0369392 -0.3094456  0.2006300 -0.0303881  0.2480532 -0.0288810 -0.0999591  0.0696908  0.1374233 
 0.2500000  0.0648627 -0.1456563 -0.5620851 -0.0943377  0.2419349 -0.3603071 -0.1714878  0.2526853 -0.1568169  0.1067410  0.2779312 -0.1416694  0.4057375  0.0518607  0.0707996 
 0.2500000 -0.0025223  0.0981943  0.4322424 -0.2694774 -0.1928943  0.0691210 -0.1123383  0.1177433  0.1087525  0.4921051  0.0535742 -0.1693210  0.1752597  0.3477442  0.4034283 
