 0.7071068  0.0000000  0.0000000 -0.1846990  0.0000000  0.0000000  0.0000000  0.0000000  0.0000000  0.0000000  0.0000000  0.0000000 -0.0324919  0.2466485 -0.0177900  0.2980209  0.2549235 -0.3392106 -0.0044249  0.0284565  0.3660369 
 0.7071068  0.0000000  0.0000000  0.1846990  0.0000000  0.0000000  0.0000000  0.0000000  0.0000000  0.0000000  0.0000000  0.0000000  0.0324919 -0.2466485  0.0177900 -0.2980209 -0.2549235  0.3392106  0.0044249 -0.0284565 -0.3660369 
 0.0000000  0.7071068  0.0000000 -0.1846990  0.0000000  0.0000000  0.0000000  0.0000000  0.0000000  0.0000000  0.0000000  0.0000000 -0.0718581 -0.2385255 -0.1186666 -0.3528400 -0.0382782 -0.3507643  0.3469107 -0.1302719  0.0585821 
 0.0000000  0.7071068  0.0000000  0.1846990  0.0000000  0.0000000  0.0000000  0.0000000  0.0000000  0.0000000  0.0000000  0.0000000  0.0718581  0.2385255  0.1186666  0.3528400  0.0382782  0.3507643 -0.3469107  0.1302719 -0.0585821 
 0.0000000  0.0000000  0.7071068 -0.1846990  0.0000000  0.0000000  0.0000000  0.0000000  0.0000000  0.0000000  0.0000000  0.0000000 -0.3020796  0.1331123 -0.2554611 -0.0832596  0.3195257  0.1884227  0.1287561  0.2844313 -0.2228087 
 0.0000000  0.0000000  0.7071068  0.1846990  0.0000000  0.0000000  0.0000000  0.0000000  0.0000000  0.0000000  0.0000000  0.0000000  0.3020796 -0.1331123  0.2554611  0.0832596 -0.3195257 -0.1884227 -0.1287561 -0.2844313  0.2228087 
 0.0000000  0.0000000  0.0000000  0.8918058  0.0000000  0.0000000  0.0000000  0.0000000  0.0000000  0.0000000  0.0000000  0.0000000 -0.1683487  0.0585015 -0.1623376 -0.0571941  0.2220893 -0.2077497  0.1951948  0.0756420  0.0835925 
 0.0000000  0.0000000  0.0000000  0.0000000  0.7071068  0.0000000  0.0000000 -0.1846990  0.0000000  0.0000000  0.0000000  0.0000000 -0.2993995  0.0384169  0.5692345 -0.1218271  0.1317336  0.0689506  0.0903138 -0.0542864  0.0518565 
 0.0000000  0.0000000  0.0000000  0.0000000  0.7071068  0.0000000  0.0000000  0.1846990  0.0000000  0.0000000  0.0000000  0.0000000  0.2993995 -0.0384169 -0.5692345  0.1218271 -0.1317335 -0.0689506 -0.0903138  0.0542864 -0.0518565 
 0.0000000  0.0000000  0.0000000  0.0000000  0.0000000  0.7071068  0.0000000 -0.1846990  0.0000000  0.0000000  0.0000000  0.0000000 -0.2106964  0.1027600 -0.1770691  0.2580292 -0.0662835  0.0896115  0.1430494 -0.5115041 -0.1359335 
 0.0000000  0.0000000  0.0000000  0.0000000  0.0000000  0.7071068  0.0000000  0.1846990  0.0000000  0.0000000  0.0000000  0.0000000  0.2106964 -0.1027600  0.1770691 -0.2580292  0.0662835 -0.0896115 -0.1430494  0.5115041  0.1359335 
 0.0000000  0.0000000  0.0000000  0.0000000  0.0000000  0.0000000  0.7071068 -0.1846990  0.0000000  0.0000000  0.0000000  0.0000000  0.1651352  0.0889419  0.1482498  0.2318912 -0.1306966 -0.2575003  0.2592222  0.2299529 -0.3892196 
 0.0000000  0.0000000  0.0000000  0.0000000  0.0000000  0.0000000  0.7071068  0.1846990  0.0000000  0.0000000  0.0000000  0.0000000 -0.1651352 -0.0889419 -0.1482498 -0.2318912  0.1306966  0.2575003 -0.2592222 -0.2299529  0.3892196 
 0.0000000  0.0000000  0.0000000  0.0000000  0.0000000  0.0000000  0.0000000  0.8918058  0.0000000  0.0000000  0.0000000  0.0000000 -0.1428874  0.0953183  0.2238473  0.1524692 -0.0270260 -0.0409816  0.2040356 -0.1391084 -0.1960459 
 0.0000000  0.0000000  0.0000000  0.0000000  0.0000000  0.0000000  0.0000000  0.0000000  0.7071068  0.0000000  0.0000000 -0.1846990 -0.0332051  0.5001588 -0.0443077 -0.2304339 -0.3579004  0.0445088  0.0924010  0.0580328  0.1325989 
 0.0000000  0.0000000  0.0000000  0.0000000  0.0000000  0.0000000  0.0000000  0.0000000  0.7071068  0.0000000  0.0000000  0.1846990  0.0332051 -0.5001588  0.0443077  0.2304339  0.3579004 -0.0445088 -0.0924010 -0.0580328 -0.1325989 
 0.0000000  0.0000000  0.0000000  0.0000000  0.0000000  0.0000000  0.0000000  0.0000000  0.0000000  0.7071068  0.0000000 -0.1846990  0.2933485 -0.0776664  0.0249662  0.1039281  0.1258044  0.3293655  0.4368937  0.0133068  0.2168292 
 0.0000000  0.0000000  0.0000000  0.0000000  0.0000000  0.0000000  0.0000000  0.0000000  0.0000000  0.7071068  0.0000000  0.1846990 -0.2933485  0.0776664 -0.0249662 -0.1039281 -0.1258044 -0.3293655 -0.4368937 -0.0133068 -0.2168292 
 0.0000000  0.0000000  0.0000000  0.0000000  0.0000000  0.0000000  0.0000000  0.0000000  0.0000000  0.0000000  0.7071068 -0.1846990  0.3178543  0.2169794  0.0458757 -0.2368071  0.3499781 -0.0853357 -0.1150638 -0.2547350 -0.2273680 
 0.0000000  0.0000000  0.0000000  0.0000000  0.0000000  0.0000000  0.0000000  0.0000000  0.0000000  0.0000000  0.7071068  0.1846990 -0.3178543 -0.2169794 -0.0458757  0.2368071 -0.3499781  0.0853357  0.1150638  0.2547350  0.2273680 
 0.0000000  0.0000000  0.0000000  0.0000000  0.0000000  0.0000000  0.0000000  0.0000000  0.0000000  0.0000000  0.0000000  0.8918058  0.2394145  0.2648779  0.0109908 -0.1504891  0.0488283  0.1195166  0.1715800 -0.0759648  0.0505590 
