 0.7071068  0.0000000  0.0000000  0.0000000  0.0000000  0.0000000  0.0000000  0.0000000  0.0000000 -0.1994500  0.2620153 -0.2648116 -0.2490631 -0.3230784 -0.2662902  0.1083123 -0.0687897  0.2601083 
 0.7071068  0.0000000  0.0000000  0.0000000  0.0000000  0.0000000  0.0000000  0.0000000  0.0000000  0.1994500 -0.2620153  0.2648116  0.2490631  0.3230784  0.2662902 -0.1083123  0.0687897 -0.2601083 
 0.0000000  0.7071068  0.0000000  0.0000000  0.0000000  0.0000000  0.0000000  0.0000000  0.0000000 -0.2605444  0.0526056  0.1602669  0.0372788  0.1607240 -0.0183707 -0.0447902 -0.6114228 -0.0161375 
 0.0000000  0.7071068  0.0000000  0.0000000  0.0000000  0.0000000  0.0000000  0.0000000  0.0000000  0.2605444 -0.0526056 -0.1602669 -0.0372788 -0.1607240  0.0183707  0.0447902  0.6114228  0.0161375 
 0.0000000  0.0000000  0.7071068  0.0000000  0.0000000  0.0000000  0.0000000  0.0000000  0.0000000  0.1064560 -0.4965384 -0.3794151  0.1042726 -0.1333672 -0.1437039 -0.0070204 -0.2095616 -0.0698942 
 0.0000000  0.0000000  0.7071068  0.0000000  0.0000000  0.0000000  0.0000000  0.0000000  0.0000000 -0.1064560  0.4965384  0.3794151 -0.1042726  0.1333672  0.1437039  0.0070204  0.2095616  0.0698942 
 0.0000000  0.0000000  0.0000000  0.7071068  0.0000000  0.0000000  0.0000000  0.0000000  0.0000000 -0.2977802 -0.0905794  0.0676348  0.2725160  0.0754465 -0.1621982  0.5184904  0.1416993 -0.0580643 
 0.0000000  0.0000000  0.0000000  0.7071068  0.0000000  0.0000000  0.0000000  0.0000000  0.0000000  0.2977802  0.0905794 -0.0676348 -0.2725160 -0.0754465  0.1621982 -0.5184904 -0.1416993  0.0580643 
 0.0000000  0.0000000  0.0000000  0.0000000  0.7071068  0.0000000  0.0000000  0.0000000  0.0000000  0.4305336  0.0920277 -0.0551848 -0.2113215  0.1835988  0.0586910  0.4291625 -0.1888466  0.0383787 
 0.0000000  0.0000000  0.0000000  0.0000000  0.7071068  0.0000000  0.0000000  0.0000000  0.0000000 -0.4305336 -0.0920277  0.0551848  0.2113215 -0.1835988 -0.0586910 -0.4291625  0.1888466 -0.0383787 
 0.0000000  0.0000000  0.0000000  0.0000000  0.0000000  0.7071068  0.0000000  0.0000000  0.0000000  0.2949765  0.0551478  0.3668800  0.2206203 -0.3645460 -0.2893631  0.0022651 -0.0980924 -0.0205247 
 0.0000000  0.0000000  0.0000000  0.0000000  0.0000000  0.7071068  0.0000000  0.0000000  0.0000000 -0.2949765 -0.0551478 -0.3668800 -0.2206203  0.3645460  0.2893631 -0.0022651  0.0980924  0.0205247 
 0.0000000  0.0000000  0.0000000  0.0000000  0.0000000  0.0000000  0.7071068  0.0000000  0.0000000  0.0870720 -0.0421092  0.0144425  0.0198330  0.4108728 -0.4553439 -0.1653272  0.0906791  0.2798804 
 0.0000000  0.0000000  0.0000000  0.0000000  0.0000000  0.0000000  0.7071068  0.0000000  0.0000000 -0.0870720  0.0421092 -0.0144425 -0.0198330 -0.4108728  0.4553439  0.1653272 -0.0906791 -0.2798804 
 0.0000000  0.0000000  0.0000000  0.0000000  0.0000000  0.0000000  0.0000000  0.7071068  0.0000000  0.0327216  0.2801278 -0.1990142  0.0087851  0.0987725 -0.2486170 -0.0680092  0.0115071 -0.5517697 
 0.0000000  0.0000000  0.0000000  0.0000000  0.0000000  0.0000000  0.0000000  0.7071068  0.0000000 -0.0327216 -0.2801278  0.1990142 -0.0087851 -0.0987725  0.2486170  0.0680092 -0.0115071  0.5517697 
 0.0000000  0.0000000  0.0000000  0.0000000  0.0000000  0.0000000  0.0000000  0.0000000  0.7071068 -0.1063383 -0.2864795  0.2796381 -0.5075821 -0.0336807 -0.1595895  0.0351680  0.0616045 -0.1978624 
 0.0000000  0.0000000  0.0000000  0.0000000  0.0000000  0.0000000  0.0000000  0.0000000  0.7071068  0.1063383  0.2864795 -0.2796381  0.5075821  0.0336807  0.1595895 -0.0351680 -0.0616045  0.1978624 
