 0.5475909  0.0000000  0.0000000  0.0000000  0.0000000  0.0000000 -0.1679953  0.2160751  0.1232978  0.2779766 -0.0420407  0.1552272  0.2261427 -0.0532207  0.3260805 -0.3017462 -0.3512206 -0.1980354  0.0903732 -0.0956516  0.2067681  0.0928914  0.1557966 
 0.5475909  0.0000000  0.0000000  0.0000000  0.0000000  0.0000000  0.2414361 -0.1084184  0.0916965 -0.3114738  0.1114680  0.2175418 -0.0055932 -0.1531276 -0.3777296 -0.1074027  0.3816035 -0.2860503  0.1288912 -0.0935829 -0.1266510 -0.0212571 -0.1338701 
 0.4473748  0.0000000  0.0000000  0.0000000  0.0000000 -0.1002161 -0.1243668 -0.1045266 -0.1333448 -0.1141933  0.0226963 -0.4860410  0.0123197  0.3592829  0.2622368 -0.1507781  0.2521880  0.3368215 -0.1994711  0.1631214 -0.1051679 -0.0039415 -0.1434882 
 0.4473748  0.0000000  0.0000000  0.0000000  0.0000000  0.1002161  0.0344746 -0.0272462 -0.1298101  0.1551943 -0.1076760  0.0297683 -0.2822742 -0.1067106 -0.1990179  0.6515800 -0.2893769  0.2557040 -0.0689106  0.0685035  0.0071038 -0.0837396  0.1166499 
 0.0000000  0.5475909  0.0000000  0.0000000  0.0000000  0.0000000  0.0711786  0.2056935 -0.0759171 -0.3696717  0.0025870  0.0172122  0.2280694  0.1416854 -0.0907381  0.0887316 -0.2620832  0.2490490  0.2691782 -0.1299189  0.1761209  0.2572054 -0.3234583 
 0.0000000  0.5475909  0.0000000  0.0000000  0.0000000  0.0000000 -0.2053244  0.0701676 -0.0095966  0.0493538 -0.1194038 -0.3017794 -0.0912411 -0.0662206  0.0940398  0.1367167  0.1419631 -0.4142161  0.3244790  0.2506091 -0.1633004 -0.2850612  0.1929111 
 0.0000000  0.4473748  0.0000000  0.0000000  0.0000000 -0.1002161  0.2538523 -0.1003298  0.1782638  0.4037465  0.0698498  0.1808875 -0.4901429  0.2845345  0.0070717 -0.1786736  0.0087883 -0.0508368 -0.2659933 -0.1165346  0.0523037  0.0102886 -0.1997669 
 0.0000000  0.4473748  0.0000000  0.0000000  0.0000000  0.1002161 -0.0896566 -0.2373267 -0.0735943 -0.0116745  0.0731351  0.1674253  0.3226638 -0.3769042 -0.0111130 -0.0972773  0.1382398  0.2530028 -0.4606486 -0.0311912 -0.0679960  0.0238072  0.3595579 
 0.0000000  0.0000000  0.5475909  0.0000000  0.0000000  0.0000000 -0.0180362  0.0329947 -0.0830235  0.1859856 -0.0596906 -0.0110765  0.1891578  0.3352064 -0.1970996  0.0670494  0.2762644  0.1007183  0.1439689 -0.3899446  0.2731161 -0.2474237  0.2588672 
 0.0000000  0.0000000  0.5475909  0.0000000  0.0000000  0.0000000 -0.0958947 -0.2654009 -0.2554170 -0.0731436 -0.2082241  0.1973022  0.0521183  0.1152207  0.0929398  0.1200857 -0.0794070 -0.3605872 -0.1855459  0.2940237 -0.0540821  0.3791474 -0.1571735 
 0.0000000  0.0000000  0.4473748  0.0000000  0.0000000 -0.1002161  0.0587573 -0.2139849  0.1969917 -0.2334044 -0.0689371 -0.1176443 -0.1426070 -0.3398955  0.1845991 -0.1730215 -0.3504241  0.1326147  0.0255898 -0.1792171 -0.1430876 -0.4390911 -0.2058722 
 0.0000000  0.0000000  0.4473748  0.0000000  0.0000000  0.1002161  0.0806951  0.4984523  0.2172627  0.0952847  0.3968672 -0.1102977 -0.1527172 -0.2114314 -0.0571067 -0.0560336  0.1094688  0.1854673  0.0253008  0.2966252 -0.1250120  0.2778601  0.0813982 
 0.0000000  0.0000000  0.0000000  0.5475909  0.0000000  0.0000000 -0.0413486 -0.0886160 -0.3681889  0.0613219  0.3464382 -0.0703338 -0.1704998 -0.2828938  0.3103189  0.1305466  0.1689555 -0.0830071  0.1089794 -0.2802254  0.2167792  0.1117225 -0.1361568 
 0.0000000  0.0000000  0.0000000  0.5475909  0.0000000  0.0000000  0.3200470 -0.0416392  0.0529267  0.0431954 -0.3106149 -0.4089127  0.0592585  0.0217934 -0.3108343 -0.1950869 -0.2190890 -0.0813725 -0.0645041 -0.0553371 -0.1278803  0.2305396  0.2400257 
 0.0000000  0.0000000  0.0000000  0.4473748  0.0000000 -0.1002161 -0.1962146 -0.2879038  0.1876400  0.1950473  0.2476370  0.2946260  0.2216838  0.1914365 -0.1470759 -0.0235456 -0.0915297  0.2142030  0.2837954  0.3761668 -0.1451619 -0.1791677 -0.0979322 
 0.0000000  0.0000000  0.0000000  0.4473748  0.0000000  0.1002161 -0.1449147  0.4473372  0.1982437 -0.3229775 -0.2914851  0.2919761 -0.0855234  0.1281529  0.1477067  0.1025435  0.1528936 -0.0130008 -0.3382336  0.0345648  0.0363489 -0.2397642 -0.0292043 
 0.0000000  0.0000000  0.0000000  0.0000000  0.5475909  0.0000000  0.3097656  0.0526624 -0.2788533  0.0645216 -0.2033245  0.0590736 -0.0034595 -0.1713286 -0.0159209 -0.2200768  0.0795088  0.1149815  0.0670685  0.4075542  0.4004347 -0.2041706 -0.0666041 
 0.0000000  0.0000000  0.0000000  0.0000000  0.5475909  0.0000000 -0.2000388  0.1356555  0.0452440  0.3228164 -0.1908968 -0.0234790  0.1784336 -0.1163046 -0.0442751  0.1142320  0.1228137  0.0340112 -0.0134289 -0.2967956 -0.4484859  0.1029664 -0.3490727 
 0.0000000  0.0000000  0.0000000  0.0000000  0.4473748 -0.1002161  0.0206873 -0.2904123  0.4582659 -0.2479779 -0.0195507  0.0366884 -0.1656655  0.0924993  0.2738442  0.1858445  0.0951668  0.0780602  0.1847999 -0.0648502  0.1126121  0.3015975  0.3593565 
 0.0000000  0.0000000  0.0000000  0.0000000  0.4473748  0.1002161 -0.1549940  0.0599095 -0.1723260 -0.2261274  0.5020812 -0.0802565 -0.0485044  0.2595665 -0.2001638 -0.0562895 -0.3428115 -0.2604286 -0.2504552 -0.0707193 -0.0537969 -0.1777226  0.1494357 
 0.0000000  0.0000000  0.0000000  0.0000000  0.0000000  0.5475909  0.0982953 -0.1726845  0.4062614  0.1076353  0.1063683 -0.2850856  0.2808958 -0.0208615  0.0215327  0.2104451  0.0319823 -0.1742761 -0.1721443  0.0748106  0.3258178 -0.0772294 -0.2976663 
 0.0000000  0.0000000  0.0000000  0.0000000  0.0000000  0.5475909  0.4369463 -0.0078828 -0.2017576 -0.0025766  0.0223950  0.1909230  0.0484646  0.2148682  0.3684258 -0.0261668 -0.0242173  0.0706856  0.1972450 -0.0484789 -0.4180765 -0.0791927  0.1365892 
 0.0000000  0.0000000  0.0000000  0.0000000  0.0000000  0.5475909 -0.4826966 -0.1375607 -0.0493016 -0.0476809 -0.1875519  0.0227696 -0.3875688 -0.0301766 -0.2251792 -0.3461891  0.0189138  0.1566858  0.1801788 -0.0481279  0.0876560  0.1361526 -0.0156290 
