 0.7071068  0.0000000  0.0000000  0.0000000  0.0000000  0.0000000  0.0000000 -0.1414214 -0.1847571 -0.4831571  0.1680642 -0.0800690 -0.1134438  0.1601487  0.3731627 
 0.7071068  0.0000000  0.0000000  0.0000000  0.0000000  0.0000000  0.0000000  0.1414214  0.1847571  0.4831571 -0.1680642  0.0800690  0.1134438 -0.1601487 -0.3731627 
 0.0000000  0.7071068  0.0000000  0.0000000  0.0000000  0.0000000  0.0000000 -0.1414214 -0.3633348 -0.0503037 -0.4404415 -0.2691374  0.2381094  0.0857457 -0.1224141 
 0.0000000  0.7071068  0.0000000  0.0000000  0.0000000  0.0000000  0.0000000  0.1414214  0.3633348  0.0503037  0.4404415  0.2691374 -0.2381094 -0.0857457  0.1224141 
 0.0000000  0.0000000  0.7071068  0.0000000  0.0000000  0.0000000  0.0000000 -0.1414214 -0.2128441 -0.0946481 -0.0103283  0.2421008  0.0690916 -0.5994984  0.0533632 
 0.0000000  0.0000000  0.7071068  0.0000000  0.0000000  0.0000000  0.0000000  0.1414214  0.2128441  0.0946481  0.0103283 -0.2421008 -0.0690916  0.5994984 -0.0533632 
 0.0000000  0.0000000  0.0000000  0.7071068  0.0000000  0.0000000  0.0000000 -0.1414214 -0.3641858  0.2665702  0.3443910 -0.2261787 -0.2793739 -0.0237725 -0.1671293 
 0.0000000  0.0000000  0.0000000  0.7071068  0.0000000  0.0000000  0.0000000  0.1414214  0.3641858 -0.2665702 -0.3443910  0.2261787  0.2793739  0.0237725  0.1671293 
 0.0000000  0.0000000  0.0000000  0.0000000  0.7071068  0.0000000  0.0000000 -0.1414214  0.3085419 -0.1972485 -0.1774276 -0.3319312 -0.3555388 -0.2309382 -0.1565112 
 0.0000000  0.0000000  0.0000000  0.0000000  0.7071068  0.0000000  0.0000000  0.1414214 -0.3085419  0.1972485  0.1774276  0.3319312  0.3555388  0.2309382  0.1565112 
 0.0000000  0.0000000  0.0000000  0.0000000  0.0000000  0.7071068  0.0000000 -0.1414214  0.1876348  0.2119022  0.1481852 -0.3712966  0.3268591 -0.1519980  0.3318589 
 0.0000000  0.0000000  0.0000000  0.0000000  0.0000000  0.7071068  0.0000000  0.1414214 -0.1876348 -0.2119022 -0.1481852  0.3712966 -0.3268591  0.1519980 -0.3318589 
 0.0000000  0.0000000  0.0000000  0.0000000  0.0000000  0.0000000  0.7071068 -0.1414214 -0.0335850  0.3164647 -0.3179405  0.1348147 -0.3221545  0.0529187  0.3909949 
 0.0000000  0.0000000  0.0000000  0.0000000  0.0000000  0.0000000  0.7071068  0.1414214  0.0335850 -0.3164647  0.3179405 -0.1348147  0.3221545 -0.0529187 -0.3909949 
 0.0000000  0.0000000  0.0000000  0.0000000  0.0000000  0.0000000  0.0000000  0.8485281 -0.2208433 -0.0101401 -0.0951659 -0.3005658 -0.1454836 -0.2357980  0.2344416 
