 0.7071722 -0.2030370 -0.0000279 -0.0000862  0.0000360 -0.0000782 -0.0000639 -0.0000404  0.0000085 -0.0001174  0.0000173 -0.0000234  0.0001092  0.0000861  0.0000283 -0.0813779 -0.2522700  0.4592207 -0.3423014 -0.1802154 -0.1407955  0.0898105 
 0.7070395  0.2030893 -0.0000868 -0.0000537  0.0001170 -0.0001216  0.0001499 -0.0000589 -0.0000662 -0.0000386  0.0000064  0.0000003 -0.0003992  0.0000031 -0.0000013  0.0813580  0.2517454 -0.4608738  0.3410286  0.1797194  0.1406776 -0.0897797 
-0.0000083  0.9578761  0.0000019 -0.0000216 -0.0000078  0.0000638 -0.0000117  0.0000416 -0.0000171 -0.0000055 -0.0000296 -0.0000123  0.0000104 -0.0000125  0.0000025 -0.0344646 -0.1057838  0.1959949 -0.1444082 -0.0756748 -0.0595446  0.0394393 
 0.0007005 -0.0013483  0.7085511 -0.2019810  0.0004688 -0.0004897  0.0592274  0.0000153 -0.0007849 -0.0021258 -0.0006964 -0.0013443  0.0006574  0.0002861  0.0009809  0.0107880  0.2653512  0.2986271  0.1437862  0.2602828  0.0974363  0.4427394 
-0.0005875  0.0013676  0.7056535  0.2032079  0.0018375 -0.0009588 -0.0594322  0.0005741  0.0006979  0.0017834 -0.0003656  0.0011049  0.0000103 -0.0001194 -0.0008897 -0.0108170 -0.2665199 -0.2997005 -0.1426478 -0.2623764 -0.0994745 -0.4440265 
 0.0003747 -0.0005593 -0.0002896  0.9580742  0.0001733  0.0000207  0.0253332 -0.0000427 -0.0001343 -0.0006914  0.0001142 -0.0004017 -0.0001612 -0.0001491  0.0002878  0.0045597  0.1126544  0.1264739  0.0593593  0.1110667  0.0430307  0.1871691 
-0.0008813  0.0000641 -0.0009563 -0.0007474  0.6960009 -0.2018241  0.0681653 -0.0003973  0.0004122 -0.0032318 -0.0022671 -0.0004857 -0.0006942 -0.0004273 -0.0003389 -0.0055650 -0.1179116 -0.3605158 -0.3055320 -0.1121819  0.1935492  0.4276476 
 0.0007044 -0.0000779 -0.0013482  0.0001106  0.7180307  0.1958615 -0.0659526  0.0005849 -0.0001865  0.0004688  0.0006173  0.0002663 -0.0000233  0.0003508  0.0003357  0.0054041  0.1151901  0.3497957  0.2978188  0.1068988 -0.1889363 -0.4126033 
-0.0001823 -0.0000240  0.0011451 -0.0001043 -0.0001618  0.9596344  0.0277892 -0.0001320 -0.0000682  0.0002338 -0.0000733  0.0000486 -0.0001927 -0.0001107 -0.0001627 -0.0022730 -0.0485777 -0.1472571 -0.1261768 -0.0440236  0.0802007  0.1731692 
-0.0000355  0.0001348 -0.0000807 -0.0001670 -0.0000128 -0.0000151  0.9912329  0.0000401  0.0000976 -0.0000015  0.0000362  0.0000252  0.0000429 -0.0000074  0.0000129 -0.0006212 -0.0173788  0.0129095  0.0266361 -0.0194565 -0.0427444 -0.1186301 
 0.0003179  0.0001195 -0.0003627 -0.0000175  0.0000385 -0.0000705  0.0004088  0.7054861 -0.2038555  0.0001000 -0.0000106 -0.0631423 -0.0010122  0.0000999 -0.0147197 -0.0002951 -0.4309813  0.1049545  0.3341262 -0.0486780  0.3810424  0.0237408 
-0.0002178 -0.0001715 -0.0002296 -0.0000817 -0.0002480 -0.0000200 -0.0003227  0.7087206  0.2027180  0.0005322 -0.0009631  0.0624685  0.0006401 -0.0000379  0.0147016  0.0002990  0.4292769 -0.1049477 -0.3317977  0.0469565 -0.3800467 -0.0218471 
 0.0001582  0.0000924  0.0000377 -0.0001654 -0.0001005  0.0001834  0.0001093  0.0001530  0.9577820 -0.0001934 -0.0000439 -0.0266082  0.0002885 -0.0001491 -0.0062803 -0.0000996 -0.1818268  0.0452927  0.1417722 -0.0201334  0.1618241  0.0100883 
 0.0001365 -0.0001466 -0.0011595  0.0010844 -0.0004433  0.0008490 -0.0013857 -0.0015936 -0.0000063  0.7121855 -0.1991467 -0.0578201  0.0000738  0.0003250  0.0158110  0.0000727 -0.0014299 -0.0612720  0.3328126 -0.3913855 -0.3481315  0.2462367 
 0.0000183  0.0001258  0.0015253 -0.0012875  0.0031721 -0.0022399  0.0021117  0.0009756  0.0001433  0.7019774  0.2025178  0.0585336  0.0004253 -0.0002791 -0.0160405 -0.0000472  0.0020630  0.0622126 -0.3380865  0.3979753  0.3549269 -0.2448906 
 0.0000044 -0.0000255  0.0002191  0.0003120  0.0004221  0.0001188 -0.0005484  0.0001815  0.0002145 -0.0003560  0.9588118 -0.0243956 -0.0001030  0.0001356  0.0066886  0.0000116 -0.0006462 -0.0269902  0.1393293 -0.1654906 -0.1470881  0.1042862 
 0.0000628  0.0000078  0.0000141  0.0000339 -0.0000405 -0.0000117  0.0000116  0.0001327 -0.0000562  0.0000421  0.0000792  0.9919852 -0.0000296  0.0000269 -0.0000047 -0.0000109 -0.0589215  0.0071494  0.0888796 -0.0563991  0.0081081  0.0360028 
 0.0002721 -0.0000365 -0.0001220 -0.0002256  0.0000403  0.0002608  0.0000704  0.0000475 -0.0007797 -0.0002098  0.0000929 -0.0001107  0.7078284 -0.2022024 -0.0801309  0.0000863  0.3487051  0.1187599 -0.0399626 -0.4291344  0.3465068 -0.1007559 
 0.0000166  0.0001700 -0.0005494  0.0006298  0.0006654 -0.0001899 -0.0001070  0.0003201 -0.0000847 -0.0002885 -0.0000552 -0.0000158  0.7063824  0.2026105  0.0802472 -0.0000427 -0.3505158 -0.1197744  0.0407622  0.4294861 -0.3463619  0.1011842 
-0.0000129 -0.0000129 -0.0000322  0.0000527 -0.0000836  0.0000434  0.0000829 -0.0001027  0.0000322 -0.0000212  0.0000210 -0.0000027  0.0000040  0.9581558 -0.0338845  0.0000252  0.1475697  0.0499744 -0.0175958 -0.1812759  0.1467196 -0.0426365 
 0.0000061 -0.0000012  0.0000060 -0.0000039  0.0000016  0.0000096  0.0000067 -0.0000196 -0.0000179  0.0000029  0.0000098  0.0000005  0.0000170 -0.0000051  0.9924540 -0.0000234  0.0470800  0.0256606 -0.0085631 -0.0639275  0.0855216 -0.0261934 
 0.0000000  0.0000000  0.0000000  0.0000000  0.0000000  0.0000000  0.0000000  0.0000000  0.0000000  0.0000000  0.0000000  0.0000000  0.0000000  0.0000000  0.0000000  0.9925979 -0.0530300  0.0709414 -0.0678486 -0.0395783 -0.0249697  0.0105447 
