 0.6934170 -0.1864186 -0.0559178 -0.0107018  0.0030228  0.0012398  0.0045694  0.0006554  0.0001267 -0.0026900 -0.0071738 -0.0020943 -0.0052927 -0.0002691  0.0017772  0.0169436  0.0005806 -0.0003909  0.0111191 -0.1221502 -0.1543909 -0.4703041  0.4697861 
 0.7202876  0.1776729  0.0538611  0.0017366  0.0003981 -0.0019280  0.0001581 -0.0032262 -0.0015083 -0.0033587  0.0048214  0.0017291  0.0016782 -0.0026830 -0.0020988 -0.0163588 -0.0004070  0.0004262 -0.0251967  0.1024328  0.1507806  0.4487360 -0.4595123 
 0.0013289  0.9662189 -0.0207088 -0.0000030  0.0013602  0.0006309  0.0000930  0.0000697  0.0000182 -0.0002789  0.0005620 -0.0000826  0.0006709 -0.0005636  0.0007255  0.0062792  0.0001778 -0.0001609  0.0019333 -0.0441425 -0.0607614 -0.1676120  0.1794686 
-0.0000140 -0.0000151  0.9967594 -0.0000641  0.0000165  0.0000797 -0.0001911 -0.0000372  0.0000002 -0.0002500  0.0000043 -0.0000420 -0.0000801  0.0000204  0.0001254  0.0019730  0.0000595 -0.0000412 -0.0011996 -0.0132935 -0.0191562 -0.0532223  0.0555786 
 0.0093423 -0.0017684  0.0004238  0.6896866 -0.1658275  0.0532989 -0.0046754 -0.0126069 -0.0042803 -0.0103826 -0.0028959 -0.0014233  0.0212573 -0.0062872  0.0010402  0.0007124  0.0023431 -0.0024800  0.4759624 -0.1242160 -0.4711958  0.1682982 -0.0275812 
-0.0010201 -0.0016413 -0.0012742  0.7226608  0.1598002 -0.0505932  0.0338325  0.0021661  0.0011370 -0.0006518  0.0056795  0.0002881 -0.0032707  0.0005392  0.0004440 -0.0004312 -0.0019091  0.0022877 -0.4553593  0.0702727  0.4578953 -0.1585704  0.0367912 
-0.0005516 -0.0008521  0.0004461 -0.0006873  0.9729731  0.0174545  0.0010882 -0.0000302 -0.0000463  0.0012310 -0.0003033  0.0002856 -0.0017930  0.0000405  0.0000918  0.0002278  0.0006105 -0.0007839  0.1558358 -0.0193257 -0.1585091  0.0557634 -0.0108109 
-0.0000070 -0.0000271  0.0000014 -0.0000793 -0.0000628  0.9971300 -0.0003071 -0.0005015  0.0000836  0.0000104 -0.0000678  0.0000854  0.0000152  0.0007254 -0.0000991 -0.0000889 -0.0002364  0.0002711 -0.0534304  0.0125257  0.0494719 -0.0163837  0.0017528 
-0.0125340 -0.0021736 -0.0005988 -0.0375920  0.0035688  0.0016664  0.6800712 -0.1621252 -0.0513282 -0.0086078  0.0032272 -0.0014163 -0.0156513 -0.0024819  0.0024012 -0.0008903  0.0057540 -0.0002245 -0.2365647 -0.6531867 -0.0855564  0.0980794 -0.0840275 
 0.0071784  0.0031343  0.0011997  0.0064873 -0.0133897  0.0014851  0.7321375  0.1507316  0.0472588  0.0097318 -0.0037998  0.0013754  0.0009495  0.0097005 -0.0036330  0.0007748 -0.0052006  0.0001377  0.2362864  0.6073270  0.0463896 -0.0863972  0.0647622 
-0.0011771 -0.0002230 -0.0000360  0.0002282  0.0001504  0.0013271 -0.0003475  0.9750542 -0.0158361 -0.0002075  0.0001743 -0.0001288 -0.0009683 -0.0006632  0.0002251 -0.0002972  0.0018136 -0.0000690 -0.0732951 -0.2015649 -0.0335496  0.0311792 -0.0301968 
 0.0000302  0.0000232  0.0000068 -0.0000762 -0.0000257  0.0002348  0.0002211 -0.0000862  0.9974211  0.0000507 -0.0000737  0.0002594  0.0000032 -0.0000102  0.0001993 -0.0001144  0.0005969 -0.0000253 -0.0219451 -0.0660720 -0.0099038  0.0093624 -0.0108471 
 0.0015465  0.0060549  0.0022733  0.0005225  0.0018118  0.0019499  0.0001698 -0.0005512 -0.0018835  0.7250883 -0.1704558 -0.0517529 -0.0079918 -0.0040862  0.0029317 -0.0023542  0.0027630 -0.0000786  0.3566683 -0.1897295  0.2948273 -0.3295769 -0.2891401 
 0.0044918 -0.0059649 -0.0020167  0.0098120 -0.0056988 -0.0013505 -0.0019303 -0.0034705  0.0005284  0.6884167  0.1781501  0.0544349  0.0149363 -0.0003433 -0.0026746  0.0025425 -0.0027345  0.0000385 -0.3750106  0.1808598 -0.3173765  0.3533214  0.3033547 
 0.0010284 -0.0006157  0.0000957 -0.0036371  0.0001611  0.0010982  0.0006545  0.0013262 -0.0000450  0.0010318  0.9689252 -0.0186037  0.0000035  0.0004136  0.0003289 -0.0006474  0.0010287 -0.0000002  0.1320020 -0.0612363  0.0964170 -0.1352161 -0.1098311 
 0.0000382  0.0000015  0.0000548  0.0001288 -0.0001236  0.0001943  0.0000598 -0.0001618 -0.0005377  0.0000277 -0.0005587  0.9969905  0.0003442 -0.0001024  0.0000987 -0.0002062  0.0003416 -0.0000051  0.0407049 -0.0228117  0.0315940 -0.0413560 -0.0335130 
 0.0046024 -0.0027465  0.0004905 -0.0202490  0.0067582  0.0009500  0.0166897  0.0053547  0.0012247 -0.0046913  0.0084319  0.0007331  0.6740669 -0.1923489  0.0479052 -0.0006943 -0.0022936 -0.0019983  0.2550058 -0.1450556  0.3882828  0.3225407  0.4056822 
-0.0015010  0.0000660 -0.0008107  0.0007517  0.0019237 -0.0025095 -0.0013998 -0.0067965 -0.0021914 -0.0017076 -0.0130440 -0.0028055  0.7379712  0.1742208 -0.0435344  0.0006342  0.0022495  0.0018959 -0.2422794  0.1147607 -0.3333796 -0.3129422 -0.3767624 
 0.0033469  0.0004227  0.0003436 -0.0002346 -0.0000585  0.0002604 -0.0020777  0.0009358 -0.0000082  0.0024886  0.0029962  0.0005434  0.0011897  0.9656518  0.0174264 -0.0003166 -0.0007698 -0.0007590  0.0961195 -0.0588642  0.1348653  0.1228474  0.1455812 
-0.0000114  0.0001163  0.0000315  0.0001313 -0.0003109 -0.0001107  0.0001790  0.0001451 -0.0000467 -0.0001131 -0.0003659  0.0000555 -0.0000886  0.0000252  0.9977283  0.0000043  0.0001707  0.0001967 -0.0255318  0.0184753 -0.0359672 -0.0280839 -0.0382385 
-0.0000002  0.0000216  0.0000011 -0.0000488 -0.0000520 -0.0000199 -0.0000017 -0.0000091  0.0000001 -0.0000596 -0.0000047 -0.0000011  0.0000256  0.0000122  0.0000113  0.9996931  0.0000022  0.0000142  0.0006444  0.0019111  0.0080486  0.0151249 -0.0177791 
 0.0000018  0.0000009 -0.0000039  0.0000014 -0.0000022 -0.0000047  0.0000005 -0.0000007  0.0000007 -0.0000039 -0.0000022 -0.0000001 -0.0000048  0.0000012 -0.0000018 -0.0000019  0.9999494  0.0000042 -0.0003257  0.0083338  0.0030081  0.0022511  0.0041781 
 0.0000000  0.0000000  0.0000000  0.0000000  0.0000000  0.0000000  0.0000000  0.0000000  0.0000000  0.0000000  0.0000000  0.0000000  0.0000000  0.0000000  0.0000000  0.0000000  0.0000000  0.9999896  0.0033725 -0.0014101 -0.0009642  0.0017570  0.0018276 
