::::::::::::::
run.001.019
::::::::::::::
 0.2294157 -0.3540806 -0.0696478 -0.4333491  0.1161858 -0.0256366 -0.3154906 -0.1011590 -0.2168247 -0.1858721  0.1737431  0.3160831 -0.2471800  0.1191468  0.2595860 -0.2036542  0.1390823  0.2623470 -0.1464546 
 0.2294157 -0.1225979  0.3207122 -0.2518450 -0.0008475  0.2938547  0.1545870  0.2081975  0.0767519 -0.2345228 -0.1692555 -0.4113833  0.0631155  0.0833971 -0.2151377 -0.3360539 -0.3407767  0.1331913 -0.2228498 
 0.2294157  0.1865559  0.1290482  0.0030283 -0.1284327 -0.3239744  0.2111941  0.5730825 -0.2812038  0.2498428  0.2223155 -0.0075385 -0.3852240 -0.0719795 -0.0424605  0.1306337 -0.0208835  0.1613624 -0.1073460 
 0.2294157 -0.0333537 -0.0174568  0.0635631  0.0773599 -0.2394746  0.1157056 -0.3093151  0.3220491  0.2623173  0.4957945 -0.1647617 -0.1557328  0.3086952 -0.1187852 -0.3554192 -0.0973567 -0.1590366  0.1711171 
 0.2294157  0.2957921  0.2192181 -0.0375273 -0.3629760  0.1841715  0.1013539 -0.1795021 -0.0286105  0.0685564 -0.2261372  0.6330556 -0.1142130  0.0237272 -0.1290842 -0.2072958 -0.1905815 -0.1473572  0.1164173 
 0.2294157 -0.2266256 -0.0473030 -0.3377469 -0.2552615 -0.0621417  0.5333900 -0.1858970  0.0969710  0.1568879 -0.1063533 -0.1212800  0.1288096 -0.2214969  0.4633071  0.1820837  0.0698241 -0.1133253  0.0200096 
 0.2294157  0.0682556  0.1942519  0.2392331  0.5376230  0.4342258  0.2276710 -0.2900342 -0.3209508  0.1521364  0.0095938 -0.0456898 -0.1975590  0.0402163  0.0774747  0.2185801  0.0706147  0.0021146 -0.0802937 
 0.2294157 -0.3592928 -0.1919196  0.2306758 -0.0173161  0.1214965  0.1809349  0.3462436 -0.2257858 -0.1920900  0.1109328  0.1566176  0.2304180  0.1192858 -0.1392950 -0.1452449  0.2603769 -0.5098076  0.0177677 
 0.2294157  0.1280386  0.0291013  0.1322123 -0.0243272 -0.2970179 -0.2899293 -0.0275277 -0.0547114 -0.1681012 -0.4278860 -0.2510145 -0.2598276  0.2993072  0.3294607  0.0610539 -0.0940673 -0.4183891 -0.0916959 
 0.2294157 -0.0839088  0.0967731  0.3178977 -0.4550737  0.3701350 -0.4238670  0.0067766  0.0871859  0.1987860  0.3162239 -0.1219972  0.1120186 -0.1071365  0.2326761  0.1125459 -0.0587799  0.0376710 -0.2199979 
 0.2294157 -0.1021091  0.3067148 -0.1167646  0.1022068 -0.3498449 -0.1891916 -0.2533870  0.0118653 -0.0350591  0.0457598  0.0445400  0.1508676 -0.4034808 -0.4388614  0.2279926  0.0723758 -0.2329769 -0.3182706 
 0.2294157  0.1774137 -0.5586204 -0.3701705  0.1394835  0.3154331 -0.1920020  0.1489976  0.1949637  0.1582754 -0.0276239 -0.0667568 -0.2094713 -0.1779429 -0.2104571  0.1758351 -0.1109144 -0.2313781  0.0626076 
 0.2294157  0.1200367  0.0812885 -0.2394889  0.0126123 -0.0336912 -0.1118827  0.0794323 -0.0141239  0.2781169 -0.0969455  0.0316731  0.4836356  0.5929083 -0.1215390  0.3041296  0.1803383  0.1740996  0.0733654 
 0.2294157  0.0531808 -0.0579363  0.0972071  0.2150681 -0.1317090  0.0327592  0.0722518  0.0247185 -0.3707881  0.2521379  0.1973563  0.2734829 -0.0462633  0.1956584  0.2716184 -0.6156005  0.0729710  0.2189540 
 0.2294157  0.0000842 -0.1078482  0.2600356 -0.0221346  0.0036455  0.2010918  0.0292832  0.5875706 -0.3322676 -0.0966810  0.1658286 -0.2132735  0.1187231 -0.0860965  0.2104415  0.2882646  0.2828771 -0.2437987 
 0.2294157 -0.2169545  0.1728797  0.1805486  0.3351689 -0.0802047 -0.1904175  0.2728323  0.2765780  0.3398902 -0.3288103  0.1152780  0.0848041 -0.2913711  0.1565362 -0.2545545  0.0646856  0.1170000  0.3092847 
 0.2294157  0.4136661  0.1850630 -0.1089592 -0.0672503  0.0675286 -0.0857882 -0.0159662 -0.0473531 -0.3881585  0.1776001 -0.2388094  0.0420130 -0.2042496  0.0594789 -0.0942094  0.4494080  0.0297345  0.4617382 
 0.2294157 -0.3247217 -0.2577390  0.2151254 -0.2683801 -0.0877691 -0.0269942 -0.2471368 -0.3035205 -0.0207826 -0.2348122 -0.1954052 -0.1256359 -0.0336381 -0.3465839  0.1048615 -0.0957619  0.3323800  0.3662290 
 0.2294157  0.3806210 -0.4265797  0.1563246  0.0662915 -0.1590266  0.0668755 -0.1271726 -0.1855695  0.0628328 -0.0895966 -0.0357959  0.3389524 -0.1478481  0.0741226 -0.4033439  0.0297523  0.2065222 -0.3867834 
::::::::::::::
run.002.019
::::::::::::::
 0.3310424  0.0000000 -0.3240881  0.3090647 -0.4327829 -0.0061940 -0.1384855  0.1518467 -0.2451131 -0.3410029  0.0484909  0.1719373  0.0453227  0.0510778 -0.2274731 -0.4364426 -0.0263140  0.0167389 -0.0643644 
 0.3310424  0.0000000 -0.1236102  0.1576221  0.2770059  0.1272614  0.0972842 -0.3126989 -0.2324859 -0.1222362 -0.1968790 -0.0751593  0.4746034 -0.1489338 -0.2771377  0.3473138  0.0020158 -0.1936530  0.2331205 
 0.3310424  0.0000000 -0.2029590 -0.4524872  0.2956913 -0.0847478 -0.0846384  0.0402257  0.0680979  0.1630111  0.2412985 -0.2024289  0.2099894 -0.0557081  0.0187849 -0.3570350 -0.4440518  0.1880704  0.0555530 
 0.3310424  0.0000000  0.2065323 -0.0926924 -0.3294162 -0.2416218  0.2251497 -0.2987695  0.1600822  0.0513728  0.0409540 -0.3579638  0.1638377 -0.0350896  0.2638373 -0.2339419  0.4268202 -0.1975183 -0.0250809 
 0.3310424  0.0000000  0.2237171 -0.1565177  0.0424614  0.0962048 -0.1818621 -0.2926187  0.2403447  0.0265791 -0.2735670  0.1962549 -0.3229914 -0.0651112 -0.3901811 -0.0609628  0.2137393  0.4503238  0.0358092 
 0.3310424  0.0000000  0.0733468 -0.1741779 -0.0163083 -0.3938356 -0.0558639  0.2818744 -0.1614332 -0.1422971  0.0963977  0.1452951 -0.3073071 -0.5403959  0.0890583  0.3404452 -0.0225560 -0.1654175 -0.0431639 
 0.3310424  0.0000000  0.4595344  0.0650521  0.0990966  0.1338476 -0.0372423 -0.0439368 -0.0317647 -0.1248985  0.0597375  0.2766806 -0.1585338  0.4313372  0.2660586 -0.0579405 -0.2936253 -0.3028672  0.2897443 
 0.3310424  0.0000000 -0.1029494  0.1580562 -0.3242762  0.2226132 -0.3276395  0.1291110  0.0563151  0.3743421 -0.1657222 -0.1294333  0.1139707  0.1001264  0.3412036  0.3986250 -0.1279354  0.2201255 -0.1594437 
 0.2482818 -0.0827606 -0.2145442 -0.0960858  0.1609548  0.5396670  0.4968461  0.2360241 -0.0627150 -0.1552510  0.1232252 -0.1737351 -0.3091141  0.0579403  0.1143582  0.0543679  0.2308982  0.0968438 -0.0741318 
 0.2482818  0.0827606 -0.0648212  0.3441927  0.3570830 -0.3443706  0.1742176  0.2239307  0.2573243  0.3087571  0.0758277  0.1401582  0.0172585  0.2923225 -0.2265592  0.0255503  0.1316446 -0.1179139 -0.3554338 
 0.0000000  0.3310424  0.3359661  0.0741733 -0.0569456 -0.0358762  0.3620124  0.1427891 -0.5030075  0.3111625 -0.3517790 -0.1225852 -0.0391613 -0.0948182 -0.0787181 -0.2004015 -0.2011826  0.1636439 -0.0575765 
 0.0000000  0.3310424 -0.0012251 -0.1285897  0.2669278 -0.1798011 -0.4155081  0.2110838 -0.2476671 -0.2893798 -0.1519544 -0.3608953 -0.0294708  0.3490605  0.0703094  0.0338823  0.3398519  0.0814179  0.0611980 
 0.0000000  0.3310424  0.1079295  0.2950990  0.1255850  0.0485876 -0.0786484 -0.4566401 -0.1861629 -0.1093126  0.5494723 -0.0510691 -0.0972067 -0.1084222  0.1259691  0.0720170 -0.0670073  0.2503380 -0.3135102 
 0.0000000  0.3310424 -0.1780386  0.4354065  0.0574986 -0.0165947  0.0003230  0.0531031  0.3916220  0.0129374 -0.0778935 -0.2832219 -0.2829344 -0.2570927  0.0687466 -0.1096674 -0.1281334 -0.0348444  0.4923229 
 0.0000000  0.3310424 -0.0790533 -0.1022742 -0.1193963 -0.2168735  0.3590395  0.0793523  0.1704753 -0.2430389  0.0067941  0.3794514  0.3140286  0.1203240  0.2206092  0.1812154  0.0234580  0.4498305  0.2180585 
 0.0000000  0.3310424  0.0121868 -0.1523416 -0.1337111  0.2347302 -0.1379844  0.1577185 -0.1273775  0.4390825  0.4267075  0.2111546  0.0916993 -0.0425109 -0.2077556  0.0056103  0.3474212 -0.1522611  0.3423215 
 0.0000000  0.3310424  0.2333119 -0.1923016 -0.2858516  0.1532796  0.0576749  0.1455139  0.3250893 -0.2662674  0.0899606 -0.2733815  0.0737684  0.0863611 -0.4312866  0.2180228 -0.2782172 -0.1831974 -0.2290637 
 0.0000000  0.3310424 -0.5003418 -0.2872175 -0.1210572 -0.0922480  0.0852142 -0.4054708 -0.0918375  0.1318572 -0.2016327  0.1321770 -0.3375398  0.2190936  0.0366722  0.0815298 -0.1173175 -0.2921271 -0.0988276 
 0.0000000  0.3310424  0.0318337 -0.0520236  0.2179183  0.3258056 -0.1514659  0.0755734  0.1888560 -0.1030429 -0.2778255  0.2898966  0.2252235 -0.3305908  0.2806831 -0.2750044  0.1059402 -0.2291109 -0.3445974 
::::::::::::::
run.003.019
::::::::::::::
 0.3545298 -0.0525879  0.0000000 -0.0906308  0.3965064  0.3549780  0.2185473  0.2752733  0.2612611  0.0635077  0.0605624  0.0239908 -0.1940669 -0.0738416  0.1140373 -0.0449463 -0.4743061 -0.1564061 -0.2691873 
 0.3545298  0.0525879  0.0000000 -0.1680530  0.4311226  0.0580735 -0.1946990 -0.2782108 -0.4338003 -0.3264718  0.1552438  0.1367402  0.0882262  0.0564576  0.2028430  0.0421828  0.2341961  0.2203231 -0.2095281 
 0.3545298  0.0000000 -0.0525879 -0.1484166  0.0316340  0.0264364 -0.0262843 -0.1965337  0.0183080 -0.2033517  0.0866502  0.1165409  0.1013070  0.0549245 -0.3187216 -0.1500448 -0.0944397 -0.4685973  0.6163145 
 0.3545298  0.0000000  0.0525879  0.0906012 -0.2437081 -0.1420023  0.1855214 -0.0775945 -0.2289892 -0.0625277 -0.2231332 -0.1771673  0.0524208 -0.5411617 -0.3256339  0.1732170  0.0464832 -0.2052619 -0.3603832 
 0.4071177  0.0000000  0.0000000  0.1093190  0.0003980 -0.3342853 -0.2276709 -0.2082951  0.6746040  0.1590762  0.1705642 -0.0408561  0.0056689 -0.0405174  0.1198855  0.1422504  0.2402696  0.0867600 -0.0513953 
 0.4071177  0.0000000  0.0000000  0.1788658 -0.3450288  0.0685957 -0.0122612  0.1627423 -0.1634865  0.0288176 -0.1654273  0.0168749 -0.2644459  0.6844261 -0.0752534  0.2083193  0.0306642  0.0006462 -0.0910817 
 0.4071177  0.0000000  0.0000000 -0.0125682 -0.1914122  0.0066307  0.0804961  0.2868295 -0.1773982  0.2726384 -0.0742139 -0.0631928  0.2170755 -0.2053409  0.2405427 -0.3683422 -0.0200772  0.4437490  0.3364838 
 0.0000000  0.4071177  0.0000000 -0.3434842  0.1295681  0.0668867  0.2228565  0.2241226  0.1563795 -0.1568571 -0.0260774 -0.4807549  0.2828861  0.1410354 -0.1745778  0.3550726  0.1106131  0.1786351  0.1167768 
 0.0000000  0.4071177  0.0000000 -0.0168738 -0.1612140 -0.3661472  0.2649862 -0.3545883 -0.0734815 -0.0726434  0.1037295  0.1343192 -0.1106271  0.0253272  0.1930681  0.1382334 -0.5785436  0.1781674  0.0526136 
 0.0000000  0.4071177  0.0000000  0.4660337 -0.0271816  0.4899920  0.2431876 -0.1275267  0.1525921 -0.0256925  0.0510145  0.3896965  0.0921619 -0.0996194 -0.1688114  0.0046640  0.2191736  0.1623527  0.0330277 
 0.0000000  0.4071177  0.0000000  0.1278630  0.3369703 -0.1695402  0.1109102 -0.1778599 -0.1494941  0.4611690 -0.1214438 -0.2756984 -0.1007302  0.1800588 -0.0243053 -0.3965988  0.1659895 -0.2643318 -0.0895640 
 0.0000000  0.4071177  0.0000000 -0.0112120 -0.2339590  0.3316434 -0.5452137  0.0037296 -0.0351300 -0.0047059 -0.1249105 -0.1693692 -0.0427794 -0.1925782  0.4156906  0.1314627 -0.0828040 -0.2960699  0.0554727 
 0.0000000  0.4071177  0.0000000 -0.2123260 -0.0486553 -0.3144832 -0.2433474  0.5036168  0.0389160 -0.1508960  0.1054575  0.3872428 -0.1573754 -0.0710548 -0.2525354 -0.2440886  0.0740533 -0.0074161 -0.1760330 
 0.0000000  0.0000000  0.4071177 -0.3156130  0.0581230 -0.0508355  0.1441875 -0.0728568  0.1419020  0.0762626 -0.6444878  0.4050574  0.1480421  0.0535882  0.2042354  0.0803668  0.1188104 -0.0995618  0.0143934 
 0.0000000  0.0000000  0.4071177 -0.0356105  0.2257952  0.0559644 -0.2422608 -0.0148106 -0.1649161  0.3866430  0.0652872  0.0351175 -0.3760201 -0.1745540 -0.3303263  0.3545006 -0.0728500  0.2298250  0.2701910 
 0.0000000  0.0000000  0.4071177 -0.0298287 -0.1505753  0.0680704 -0.1537719 -0.0249420 -0.0614771  0.2705242  0.3610795  0.0641198  0.6145666  0.1944147 -0.1346212 -0.0320869 -0.2230752 -0.1135628 -0.2702552 
 0.0000000  0.0000000  0.4071177  0.5301096  0.2298607 -0.2805616  0.0996074  0.3564638 -0.0924411 -0.2809249  0.0935213 -0.0620442  0.0812382 -0.0210767  0.2699384  0.1419206  0.0344696 -0.2124539  0.1956104 
 0.0000000  0.0000000  0.4071177  0.1259309 -0.0169776  0.0855306 -0.2133426 -0.1830700  0.1987564 -0.4077657 -0.2532170 -0.2999485 -0.1025742  0.0686309 -0.2104039 -0.4342057 -0.1995412  0.2801140 -0.0747103 
 0.0000000  0.0000000  0.4071177 -0.3058626 -0.3106596  0.1435892  0.3382212 -0.0761479  0.0101195 -0.0629296  0.4178319 -0.1043633 -0.3589379 -0.0440059  0.2020705 -0.1522516  0.3239832 -0.1183758 -0.0090679 
::::::::::::::
run.004.019
::::::::::::::
 0.3842771  0.0000000  0.0000000 -0.1003747  0.4771100  0.1031827 -0.1288924 -0.3989932  0.1402394 -0.0755310  0.0265191  0.0378863  0.0497223  0.2839438 -0.2214907  0.2461510 -0.0320862 -0.2748186  0.3624311 
 0.3842771  0.0000000  0.0000000  0.1003747 -0.0703330 -0.2587140 -0.0956335  0.3285062  0.0730803  0.3786580 -0.4369694 -0.1371556  0.2210999 -0.1771445 -0.2175852  0.1640399  0.3518778  0.0256735  0.1258685 
 0.4846518  0.0000000  0.0000000  0.0000000 -0.2429567  0.2307837  0.1435097  0.2068793 -0.3366286 -0.3512464 -0.0222430 -0.0299919  0.0428474  0.2355122  0.2403820  0.2297706  0.1112666 -0.2698702 -0.3134521 
 0.4846518  0.0000000  0.0000000  0.0000000  0.1024441 -0.0076462 -0.0347057 -0.2607909  0.1022277 -0.1550813  0.0508402 -0.2359677  0.2146383 -0.4892075  0.0403397 -0.3719231 -0.2654623  0.1695072 -0.2608183 
 0.4846518  0.0000000  0.0000000  0.0000000 -0.1820181 -0.0998178  0.0692210  0.1098003  0.0652611  0.2659804  0.2968461  0.3446695 -0.4722187  0.1690148  0.0674185 -0.1830851 -0.0993648  0.2979084  0.1871009 
 0.0000000  0.3842771  0.0000000 -0.1003747  0.0898981 -0.4376848  0.3899563 -0.2402528 -0.2233785 -0.0604341  0.2805308 -0.1098125 -0.0885934 -0.2622865  0.1252075  0.3138297  0.2920749  0.0756515  0.0816863 
 0.0000000  0.3842771  0.0000000  0.1003747  0.4319901  0.2273697  0.1731908  0.4912837  0.3177920 -0.0332214 -0.0185515  0.1369339  0.0213201 -0.1880044  0.3669278 -0.0072656 -0.1008215 -0.1212895  0.1266224 
 0.0000000  0.4846518  0.0000000  0.0000000 -0.1126201 -0.2039557 -0.1844637 -0.1563533  0.1649891  0.1582049 -0.0055361 -0.1543550  0.3296636  0.5418453  0.3033660 -0.2501972  0.0585462  0.0539416 -0.1140641 
 0.0000000  0.4846518  0.0000000  0.0000000 -0.1911582  0.5652168  0.0103614 -0.1852572  0.0571573  0.0096368 -0.2335824 -0.1136336 -0.2164489 -0.0459362 -0.2654004  0.1929296  0.0407548  0.3797593 -0.0366458 
 0.0000000  0.4846518  0.0000000  0.0000000 -0.1100233 -0.1945037 -0.2724132  0.1425697 -0.2970062 -0.0935828  0.0313970  0.2464842 -0.0598742 -0.1388765 -0.4281763 -0.1858050 -0.2509445 -0.3975147 -0.0144566 
 0.0000000  0.0000000  0.3842771 -0.1003747 -0.3359172  0.0804514 -0.0001790  0.0677699  0.3803676 -0.3335378  0.3346014  0.2324398  0.3527437 -0.0919333 -0.1832816 -0.0285895  0.3076600  0.0318143  0.1829780 
 0.0000000  0.0000000  0.3842771  0.1003747 -0.0176087  0.0031036 -0.2272293 -0.3376235 -0.0145366 -0.0355648 -0.3784007  0.2676193 -0.3189806 -0.1973487  0.3711938 -0.1759259  0.3246053 -0.2125340  0.0078093 
 0.0000000  0.0000000  0.4846518  0.0000000 -0.1509194  0.0901447  0.0207803  0.0666321  0.1069612  0.2934016  0.2411372 -0.5934094 -0.2377581 -0.0293618  0.0033308  0.0366425 -0.1660142 -0.3626362  0.0609972 
 0.0000000  0.0000000  0.4846518  0.0000000  0.1801246  0.0606052 -0.0007076 -0.0583036 -0.2092676  0.3912630  0.0801360  0.3680491  0.3057001 -0.0093279  0.0045088  0.3124145 -0.2289297  0.1621407 -0.3420121 
 0.0000000  0.0000000  0.4846518  0.0000000  0.2511031 -0.2170001  0.1602378  0.2056365 -0.1877585 -0.3920057 -0.2865451 -0.1711332 -0.0947126  0.2680595 -0.1568339 -0.1868982 -0.1063750  0.3437869  0.1297410 
 0.0000000  0.0000000  0.0000000  0.4846518 -0.0689691  0.0873678 -0.4412554  0.0278318 -0.3420604 -0.1025909  0.2017590 -0.1221759  0.1550416 -0.0997059  0.2466513  0.1602330 -0.0934699  0.2224548  0.4420007 
 0.0000000  0.0000000  0.0000000  0.4846518 -0.1113817  0.1569545  0.6034876 -0.2137844 -0.1546994  0.1681457 -0.0894463  0.0946255  0.2314186  0.0569855 -0.1214389 -0.3058226 -0.0195944 -0.1853103  0.2218351 
 0.0000000  0.0000000  0.0000000  0.4846518 -0.1933986 -0.3417183  0.0552607 -0.1059663  0.4471635 -0.2234861 -0.1413987  0.0721624 -0.1314261  0.0435980 -0.0237633  0.3909841 -0.3394303 -0.0348122 -0.1803377 
 0.0000000  0.0000000  0.0000000  0.4846518  0.3503551  0.0506293 -0.1324639  0.0737024  0.0332126 -0.0034824  0.3346871 -0.0667484 -0.1741727  0.1010648 -0.2671555 -0.1313734  0.4508351  0.0268278 -0.4075323 
::::::::::::::
run.005.019
::::::::::::::
 0.4438331  0.0000000  0.0000000  0.0000000 -0.1066323 -0.1627267 -0.0038344  0.0873950  0.3399192 -0.3614723 -0.0399204 -0.0565415 -0.1353514 -0.1670988  0.5098401 -0.1550113  0.3808563  0.0141868 -0.1762131 
 0.4438331  0.0000000  0.0000000  0.0000000  0.1066323  0.3617323  0.2832577  0.2001513  0.2045089  0.0657397 -0.0363157 -0.3677651  0.0080797  0.1546548 -0.0885012 -0.2773973 -0.2979200 -0.1284546  0.3791547 
 0.5504654  0.0000000  0.0000000  0.0000000  0.0000000 -0.0459118 -0.3549257 -0.0199165 -0.2859916 -0.0761000  0.0664671  0.3420678 -0.0305935  0.3864090  0.0811701  0.3748909 -0.1138314 -0.0197469  0.2208467 
 0.5504654  0.0000000  0.0000000  0.0000000  0.0000000 -0.1145439  0.1296303 -0.2119284 -0.1529737  0.3145454 -0.0049989  0.0000451  0.1332109 -0.3763755 -0.4208902 -0.0262454  0.0469610  0.1118796 -0.3844758 
 0.0000000  0.4438331  0.0000000  0.0000000 -0.1066323  0.0401635 -0.2306368  0.3692478  0.0258206  0.3734927  0.4340103  0.1449207 -0.3881441 -0.0509828 -0.0156069 -0.2604945  0.0473785  0.1654080  0.0006121 
 0.0000000  0.4438331  0.0000000  0.0000000  0.1066323 -0.3755842 -0.1252058 -0.0805093  0.3036639  0.0112989 -0.2251672  0.0949622  0.3732267  0.3955390 -0.2521966 -0.2785099  0.1662531 -0.1035712  0.0327905 
 0.0000000  0.5504654  0.0000000  0.0000000  0.0000000 -0.2795684  0.0377319 -0.1573145 -0.2157271 -0.3423963  0.0261027 -0.3611543 -0.0548959 -0.2029699  0.0990409  0.1130044 -0.4459275  0.1728592  0.0474290 
 0.0000000  0.5504654  0.0000000  0.0000000  0.0000000  0.5500138  0.2491793 -0.0754916 -0.0499320  0.0321439 -0.1944901  0.1677399  0.0669236 -0.0748413  0.1168856  0.3215879  0.2736791 -0.2227174 -0.0743611 
 0.0000000  0.0000000  0.4438331  0.0000000 -0.1066323  0.1487866 -0.3802128 -0.1113249  0.1652958 -0.0971364 -0.3191853  0.0311353 -0.3745881 -0.0568371 -0.1709259 -0.0952738 -0.2942758 -0.3601374 -0.2735065 
 0.0000000  0.0000000  0.4438331  0.0000000  0.1066323  0.0823752  0.3079958 -0.2224426  0.1433181 -0.1887718  0.3930950  0.5051014  0.2009542 -0.0290772  0.1069814 -0.2079900 -0.2522482  0.1221057 -0.0146997 
 0.0000000  0.0000000  0.5504654  0.0000000  0.0000000  0.0630256 -0.2278081 -0.0536041 -0.0549294  0.3661146  0.0981975 -0.4385932  0.3450903  0.1345979  0.3397930  0.1110025  0.1048653  0.1236475 -0.0889476 
 0.0000000  0.0000000  0.5504654  0.0000000  0.0000000 -0.2494084  0.2860357  0.3227165 -0.1939021 -0.1355905 -0.1577899  0.0062325 -0.2050915 -0.0653262 -0.2882353  0.1335151  0.3357899  0.0682743  0.3213245 
 0.0000000  0.0000000  0.0000000  0.4438331 -0.1066323  0.2191885 -0.2724092  0.1103051  0.0286873 -0.4254041  0.4201141 -0.1807484  0.2668993 -0.1017036 -0.3618528  0.0625488  0.1818969 -0.1286463 -0.0142037 
 0.0000000  0.0000000  0.0000000  0.4438331  0.1066323 -0.1729425  0.1014192 -0.3433471 -0.3695222  0.1588220  0.1079167 -0.0326916 -0.1818920 -0.0043991  0.2054312 -0.3153235  0.1474077 -0.4850606  0.1653056 
 0.0000000  0.0000000  0.0000000  0.5504654  0.0000000 -0.2203852  0.1567808  0.4908945  0.1291972  0.1850302 -0.1619200  0.1590691  0.1720690 -0.0667212  0.1696329  0.2258851 -0.3308653 -0.1257268 -0.2031586 
 0.0000000  0.0000000  0.0000000  0.5504654  0.0000000  0.1830977 -0.0189138 -0.3029958  0.1456136  0.0299116 -0.2638243  0.0130247 -0.2406093  0.1522704 -0.0435122 -0.0220761  0.0653513  0.6205508  0.0813271 
 0.0000000  0.0000000  0.0000000  0.0000000  0.5504654 -0.0413348 -0.3128535 -0.0839473  0.3046977  0.1326988 -0.0265251  0.0834754  0.0357530 -0.5190228  0.0300464  0.1781717  0.0239140 -0.0356740  0.4087517 
 0.0000000  0.0000000  0.0000000  0.0000000  0.5504654  0.1982243 -0.1628708  0.3046654 -0.4475272 -0.2125350 -0.2233078  0.0600710  0.1089171  0.0032104  0.0755033 -0.3637746  0.0211466  0.1682403 -0.2465004 
 0.0000000  0.0000000  0.0000000  0.0000000  0.5504654 -0.0891227  0.1939572 -0.0460335  0.1966341 -0.0281799  0.2993246 -0.1940746 -0.3444952  0.3427609 -0.1075372  0.3078338  0.0619393 -0.0772047 -0.3609741 
::::::::::::::
run.006.019
::::::::::::::
 0.4702897  0.0436887 -0.0262303  0.0180361 -0.0108451 -0.0080681  0.2760530  0.0801797 -0.0689606 -0.4064959  0.2519542  0.4285795 -0.2732570 -0.1827467 -0.1711772  0.2021865  0.0370412  0.1003493 -0.2936738 
 0.4703079 -0.0436903 -0.0262190 -0.0180382 -0.0108412 -0.0080636  0.1387911  0.3636599 -0.0910963  0.0223694 -0.2221812 -0.1943277  0.2764891  0.0025201  0.2771228  0.2355063  0.4763015  0.0215572  0.3036896 
 0.4986825  0.0000003  0.0494636  0.0000021  0.0204509 -0.0085499 -0.2961162 -0.1745793 -0.0030372 -0.1318612 -0.3882114  0.1297706  0.3671418  0.1265368  0.0177824 -0.1155672 -0.5254644  0.0394571 -0.0558889 
 0.5558362  0.0000026  0.0000001  0.0000004  0.0000009  0.0213200 -0.0853335 -0.2189136  0.1381514  0.4433089  0.3231102 -0.3146197 -0.3321344  0.0389628 -0.1056030 -0.2666529  0.0370818 -0.1385449  0.0416581 
 0.0000001  0.5746347  0.0000005 -0.0025252  0.0000001  0.0000000  0.0001167 -0.2730519 -0.0489237  0.1459343 -0.1062915 -0.0221581  0.3214168 -0.0792260 -0.0555721 -0.0887617  0.4078531  0.0246380 -0.5217743 
 0.0000000  0.5769600  0.0000001 -0.0002001  0.0000001  0.0000000  0.0204368  0.1017894 -0.5217775 -0.0925646  0.3464231  0.0118709  0.0700863  0.0494650  0.0712872 -0.1434952 -0.2263986 -0.0797584  0.4058560 
-0.0000002  0.5771434  0.0000001 -0.0000164  0.0000001  0.0000002 -0.0309362  0.1915689  0.5686463 -0.0203023 -0.2763765 -0.0369575 -0.3484667  0.0434567  0.0180028  0.2343497 -0.1465009  0.0492384  0.1589992 
 0.0000000  0.0000001  0.5768846  0.0000001 -0.0002757  0.0000001 -0.0492954  0.2951190  0.3759983 -0.1998079  0.2990623  0.0080880  0.2353090 -0.0930908  0.1055948 -0.4428878  0.0711508  0.1734473 -0.0198670 
 0.0000001  0.0000000  0.5761242  0.0000000 -0.0010358 -0.0000001 -0.3508723 -0.1653718 -0.2739926 -0.1536537 -0.1168561 -0.2739523 -0.2403580 -0.3645974  0.0370049  0.3386772  0.0292891 -0.1465201 -0.0336638 
 0.0000001  0.0000000  0.5757282 -0.0000001 -0.0014321  0.0000000  0.4448466 -0.0950128 -0.1096020  0.3477959 -0.1480126  0.2655637 -0.0266596  0.4390433 -0.1395434  0.1347331 -0.0320794 -0.0250110  0.0588461 
 0.0000000  0.0000000  0.0000000  0.5771606  0.0000000  0.0000000  0.1804067 -0.0311744 -0.0378571  0.1760973 -0.2310084  0.2648167 -0.1653835 -0.3744660  0.4410350 -0.2851675 -0.0425208 -0.1786742  0.0170221 
 0.0000000  0.0000000  0.0000000  0.5771606  0.0000000  0.0000000  0.2197342  0.1877695 -0.1284524 -0.1973085 -0.0964207 -0.5452153 -0.0207024  0.1850939 -0.3088203 -0.0598929 -0.1323525  0.1803687 -0.1940677 
 0.0000000 -0.0000001  0.0000000  0.5771605  0.0000000  0.0000000 -0.4044219 -0.1488884  0.1652385  0.0352193  0.3122601  0.2608382  0.2046859  0.1948329 -0.1184224  0.3456721  0.1903055 -0.0040752  0.1935768 
 0.0000000  0.0000000  0.0000000  0.0000000  0.5771607  0.0000000 -0.2764280  0.2093624 -0.2241592  0.2601503 -0.1249745  0.1652771 -0.1954633 -0.0571247 -0.1172229 -0.1071443  0.0872860  0.5578621  0.0161445 
 0.0000000  0.0000000  0.0000000  0.0000000  0.5771607  0.0000000 -0.0120966  0.3581744  0.0548994  0.0821002  0.1114505 -0.0161019  0.1350382  0.0431323 -0.0114759  0.1313714 -0.1389000 -0.6198169 -0.2739769 
 0.0000000  0.0000000  0.0000000  0.0000000  0.5771607  0.0000000  0.3072620 -0.5534044  0.1657763 -0.3443051  0.0274062 -0.1491988  0.0470902  0.0065127  0.1298284 -0.0111784  0.0798826  0.0626054  0.2600750 
 0.0000000 -0.0000001 -0.0000001  0.0000000 -0.0000001  0.5771604  0.0306376 -0.0204921 -0.0142930  0.1152766  0.2429252 -0.1193977  0.0017356  0.1513421  0.5392279  0.2643305 -0.2099810  0.2741775 -0.2756006 
-0.0000001  0.0000001  0.0000000  0.0000000  0.0000000  0.5771604  0.1715253  0.0083210  0.0905730  0.1739121 -0.0364698  0.0119863  0.2647258 -0.4961263 -0.4593928  0.0652305 -0.1124556 -0.0056946  0.2308174 
 0.0000000  0.0000000 -0.0000001  0.0000001  0.0000000  0.5771603 -0.1975993  0.0238729 -0.0836653 -0.3128876 -0.2237239  0.1242318 -0.2487107  0.3426999 -0.0741920 -0.3153061  0.3204552 -0.2610767  0.0425540 
::::::::::::::
run.007.019
::::::::::::::
 0.5670159  0.0000000  0.0000000  0.0000000  0.0000000  0.0657395  0.0392783 -0.2631907 -0.0578492  0.1819882 -0.1390237  0.3414277  0.2773177  0.3641858  0.2447877 -0.3222843  0.0885261  0.2231059  0.0074031 
 0.5670159  0.0000000  0.0000000  0.0000000  0.0000000 -0.0657395  0.0392783 -0.0972333 -0.1895795 -0.3856193 -0.0124545 -0.1277663  0.0973224 -0.1272074 -0.4652374  0.3160798  0.0171766 -0.0318061 -0.3445865 
 0.5974830  0.0000000  0.0000000  0.0000000  0.0000000  0.0000000 -0.0745507  0.3420451  0.2348118  0.1932475  0.1437540 -0.2027662 -0.3555364 -0.2248943  0.2092085  0.0058881 -0.1003126 -0.1815449  0.3199896 
 0.0000000  0.5236271  0.0000000  0.0000000  0.0000000 -0.1484066  0.0000000  0.1141213 -0.1520764 -0.3612057  0.4339151  0.1885945  0.3628172  0.0295503  0.1691881  0.0864775 -0.1156578 -0.1101576  0.3452471 
 0.0000000  0.5236271  0.0000000  0.0000000  0.0000000  0.1484066  0.0000000  0.2729629  0.2693991  0.3502105  0.2418509  0.1417182  0.0014519 -0.0368696 -0.1576977 -0.0665843  0.1554447  0.0877884 -0.5412475 
 0.0000000  0.6720337  0.0000000  0.0000000  0.0000000  0.0000000  0.0000000 -0.3016036 -0.0914141  0.0085671 -0.5265352 -0.2573690 -0.2838268  0.0057030 -0.0089529 -0.0155002 -0.0310006  0.0174294  0.1527173 
 0.0000000  0.0000000  0.5236271  0.0000000  0.0000000  0.1484066  0.0000000 -0.0337332 -0.4116649  0.0646310  0.0707799 -0.1668646  0.0626834 -0.1541738  0.1513359 -0.2705690  0.3702943 -0.4695580 -0.1214166 
 0.0000000  0.0000000 -0.5236271  0.0000000  0.0000000  0.1484066  0.0000000  0.0255573 -0.5111785  0.0544971  0.0473006  0.3843455 -0.3697741 -0.0330055  0.0281025 -0.0777242 -0.1801663 -0.3026888 -0.1420261 
 0.0000000  0.0000000  0.6720337  0.0000000  0.0000000  0.0000000  0.0000000  0.0461973 -0.0775378 -0.0078960 -0.0182944  0.4294853 -0.3369570  0.0944105 -0.0960195  0.1502585 -0.4289012  0.1300191 -0.0160583 
 0.0000000  0.0000000  0.0000000  0.5236271  0.0000000  0.0000000  0.1484066  0.0522718  0.3058062  0.0430294 -0.3194028  0.3544227  0.1784538 -0.0537672 -0.2581372  0.0460757  0.0860752 -0.4859508  0.1760786 
 0.0000000  0.0000000  0.0000000  0.5236271  0.0000000  0.0000000 -0.1484066  0.4721918 -0.2128578 -0.1147404 -0.1784088 -0.2763132  0.0389353  0.4196635  0.2490118  0.0721517 -0.1128044  0.0829807 -0.2229705 
 0.0000000  0.0000000  0.0000000  0.6720337  0.0000000  0.0000000  0.0000000 -0.4086452 -0.0724224  0.0558749  0.3878788 -0.0608604 -0.1693826 -0.2850946  0.0071103 -0.0921190  0.0208265  0.3139813  0.0365367 
 0.0000000  0.0000000  0.0000000  0.0000000  0.5236271  0.0000000 -0.1484066  0.0514391  0.1526570 -0.2993703 -0.0089696 -0.0792588  0.0103446 -0.0495111 -0.2032508 -0.6584997 -0.3116628 -0.0479761 -0.0702034 
 0.0000000  0.0000000  0.0000000  0.0000000  0.5236271  0.0000000  0.1484066 -0.2028142 -0.0059126  0.2539924  0.2978432 -0.1781680 -0.1238576  0.5486049 -0.1791514  0.2553859  0.0603884 -0.2195510  0.1103648 
 0.0000000  0.0000000  0.0000000  0.0000000  0.6720337  0.0000000  0.0000000  0.1179466 -0.1143386  0.0353570 -0.2250811  0.2005787  0.0884457 -0.3888779  0.2979555  0.3140934  0.1957849  0.2084485 -0.0312925 
 0.0000000  0.0000000  0.0000000  0.0000000  0.0000000  0.6720337  0.0000000 -0.0356359 -0.1062275  0.2576339 -0.0236001 -0.1901951  0.4004237 -0.1495228 -0.0931220  0.1297832 -0.4601311  0.0134535  0.1122363 
 0.0000000  0.0000000  0.0000000  0.0000000  0.0000000  0.6720337  0.0000000  0.0185983  0.2040595 -0.4965691  0.0523193  0.1066227 -0.2704146  0.1574567  0.0562272  0.0433780  0.3512970  0.0884346  0.1072745 
 0.0000000  0.0000000  0.0000000  0.0000000  0.0000000  0.0000000  0.6720337  0.3762082 -0.2750093  0.0528286 -0.0298076 -0.0539667 -0.0375573 -0.0211168 -0.3031032 -0.2223291  0.1340752  0.3056697  0.2646655 
 0.0000000  0.0000000  0.0000000  0.0000000  0.0000000  0.0000000  0.6720337 -0.1683194  0.2359987 -0.1765303  0.0179899 -0.0984590 -0.0249540 -0.0452165  0.4458688  0.0272881 -0.2774610 -0.1734624 -0.3374589 
::::::::::::::
run.008.019
::::::::::::::
 0.5649387  0.0000000  0.0000000  0.0532948  0.0000000  0.0000000  0.0000000 -0.0832984 -0.0770057  0.2183602 -0.1052782  0.1006598  0.2366054  0.1435475  0.5028020  0.1794377  0.4080680 -0.1227510  0.2303374 
 0.5649387  0.0000000  0.0000000  0.0532948  0.0000000  0.0000000  0.0000000  0.0832984 -0.0561604 -0.4059438 -0.3953956  0.3658670 -0.1251331  0.0358045 -0.2850650 -0.2235107 -0.1591196  0.1904479 -0.0563543 
 0.6014055  0.0000000  0.0000000 -0.1001264  0.0000000  0.0000000  0.0000000  0.0000000  0.1250915  0.1762093  0.4703150 -0.4382385 -0.1047130 -0.1684768 -0.2045343  0.0414007 -0.2338533 -0.0635921 -0.1634335 
 0.0000000  0.5618932  0.0000000  0.0000000 -0.0886171  0.0000000  0.0380410  0.0129805  0.0946018 -0.0392013 -0.0120710 -0.1438035 -0.0605770 -0.0492849 -0.3398302 -0.0226916  0.1416609 -0.0485928  0.7063773 
 0.0000000  0.5618932  0.0000000  0.0000000  0.0886171  0.0000000  0.0380410  0.0129806 -0.2498388 -0.2257790  0.1973436  0.0952004  0.3015153 -0.1354647  0.4155272  0.0079543 -0.4611466  0.1128358 -0.0776395 
 0.0000000  0.6070849  0.0000000  0.0000000  0.0000000  0.0000000 -0.0704184 -0.0240285  0.1436811  0.2452550 -0.1714809  0.0449851 -0.2230027  0.1709967 -0.0700620  0.0136402  0.2957030 -0.0594608 -0.5819343 
 0.0000000  0.0000000  0.5618932  0.0000000  0.0000000 -0.0886171 -0.0380410  0.0129805  0.0505359  0.3422808 -0.3351712 -0.1445337  0.3996562 -0.3751190 -0.1008223 -0.1607073 -0.0151326  0.2885993 -0.0437924 
 0.0000000  0.0000000  0.5618932  0.0000000  0.0000000  0.0886171 -0.0380410  0.0129806 -0.3519189 -0.0926497  0.2290144  0.2339296  0.1501301  0.1988378 -0.3098557  0.1503510  0.0310044 -0.4996164 -0.0627416 
 0.0000000  0.0000000  0.6070849  0.0000000  0.0000000  0.0000000  0.0704184 -0.0240285  0.2789479 -0.2310485  0.0982545 -0.0827413 -0.5088600  0.1631587  0.3801069  0.0095854 -0.0146902  0.1953088  0.0986035 
 0.0000000  0.0000000  0.0000000  0.7015319  0.0000000  0.0000000  0.0000000  0.0000000 -0.1337704  0.0547331 -0.1553791 -0.3898252 -0.0070136  0.2836338  0.0745667 -0.3717002 -0.1850050 -0.2289091  0.0034131 
 0.0000000  0.0000000  0.0000000  0.7015319  0.0000000  0.0000000  0.0000000  0.0000000  0.1617407 -0.0153330  0.2605407  0.2918358 -0.0164000 -0.3213049 -0.1203003  0.3809573  0.1327158  0.2146900 -0.0399566 
 0.0000000  0.0000000  0.0000000  0.0000000  0.7015319  0.0000000  0.0000000  0.0000000 -0.1300603 -0.1766652  0.1749798 -0.0363046 -0.0754739 -0.3032886  0.0294606 -0.3996039  0.4058258 -0.0665001 -0.0210355 
 0.0000000  0.0000000  0.0000000  0.0000000  0.7015319  0.0000000  0.0000000  0.0000000  0.1735698  0.2002336 -0.2014330  0.0061138  0.0297346  0.3141748 -0.1248770  0.3957327 -0.3296795  0.0461086  0.1200721 
 0.0000000  0.0000000  0.0000000  0.0000000  0.0000000  0.7015319  0.0000000  0.0000000  0.4307752  0.1772175  0.1618256  0.2925328  0.1707942  0.0736198  0.0324167 -0.3557717 -0.1013588 -0.0604053  0.0545838 
 0.0000000  0.0000000  0.0000000  0.0000000  0.0000000  0.7015319  0.0000000  0.0000000 -0.3799373 -0.1222773 -0.2330933 -0.3403401 -0.1392742 -0.1461217 -0.0060117  0.3164790  0.0955308  0.1599723 -0.0521901 
 0.0000000  0.0000000  0.0000000  0.0000000  0.0000000  0.0000000  0.7015319  0.0000000  0.1258178  0.0408391 -0.2612918  0.0707499 -0.1469765 -0.3772130  0.0931545  0.0836254 -0.1350494 -0.4666525 -0.0388649 
 0.0000000  0.0000000  0.0000000  0.0000000  0.0000000  0.0000000  0.7015319  0.0000000 -0.1473205  0.0348764  0.2184133 -0.0504459  0.1924178  0.3784590 -0.1647156 -0.0829809  0.1843911  0.4261530 -0.0693167 
 0.0000000  0.0000000  0.0000000  0.0000000  0.0000000  0.0000000  0.0000000  0.7015319  0.3421008 -0.3737137 -0.0490498 -0.2422948  0.3316135  0.0688058  0.0339727  0.1373541  0.1670558 -0.1169944 -0.1171668 
 0.0000000  0.0000000  0.0000000  0.0000000  0.0000000  0.0000000  0.0000000  0.7015319 -0.3216513  0.4486129  0.0795258  0.2087567 -0.3283598 -0.0378870  0.0763946 -0.0882490 -0.0844662  0.0871746  0.1249907 
::::::::::::::
run.009.019
::::::::::::::
 0.5422820 -0.0858002 -0.0309791 -0.0234415  0.0092310  0.0069993 -0.0002922 -0.0002503 -0.0000748 -0.2030186 -0.3555182 -0.5889686 -0.1061654  0.2590062  0.0909432  0.1323088 -0.0577343 -0.2237557  0.1577966 
 0.5484434  0.0854325 -0.0273205  0.0245495  0.0088782 -0.0072803  0.0006442  0.0012829 -0.0010602  0.3322049  0.2081734 -0.0417206 -0.1580112 -0.3704914 -0.3790731 -0.3565350 -0.1210556  0.2238471  0.1928291 
 0.6365060 -0.0001077  0.0496800 -0.0011741 -0.0154978  0.0003101 -0.0003061 -0.0008922  0.0009773 -0.1134047  0.1234264  0.5377518  0.2266366  0.0986083  0.2491150  0.1944217  0.1535972 -0.0021879 -0.3005564 
-0.0002573  0.7037038 -0.0006147 -0.0006065  0.0000578  0.0008314  0.0002109 -0.0000561  0.0001066 -0.1347642 -0.3313836  0.0488557  0.3036208  0.1899874 -0.1096993 -0.0447252  0.1449337  0.3893732  0.2439339 
-0.0001105  0.7001004  0.0001856 -0.0052613 -0.0000073  0.0009063 -0.0003265 -0.0001310  0.0000132  0.0700261  0.2641536 -0.1161266 -0.2988803 -0.1139743  0.1677053  0.1046982 -0.1379463 -0.4461063 -0.2494356 
 0.0001733 -0.0000137  0.7060315 -0.0000540  0.0004705 -0.0000030  0.0000090  0.0002288  0.0000955  0.4496933  0.0667295 -0.1364152  0.1618354  0.1779240 -0.0019816  0.3533727 -0.2638262  0.1545986  0.0020993 
 0.0000554 -0.0000089  0.7052268  0.0000400  0.0013947  0.0000014  0.0000249 -0.0001276 -0.0002087 -0.4384010 -0.0833987  0.0712637 -0.1884324 -0.1878343 -0.0264091 -0.3755431  0.2462614 -0.1553143  0.0337343 
-0.0000196 -0.0000167 -0.0000094  0.7068318 -0.0000279  0.0001538 -0.0000323  0.0000036  0.0000062  0.0113773  0.2716296 -0.1925546 -0.0803948  0.4130786 -0.1819528 -0.1327894  0.2975759  0.1012137 -0.2505328 
 0.0000118  0.0000188  0.0000284  0.7065460 -0.0000136  0.0003433 -0.0000026 -0.0000590  0.0000299 -0.0293803 -0.2888487  0.1745931  0.0808348 -0.3922653  0.1998274  0.1507088 -0.2960920 -0.1194203  0.2470445 
-0.0000001 -0.0000089 -0.0000088 -0.0000238  0.7069497  0.0000014 -0.0000246 -0.0000648  0.0000237  0.0377563  0.2549764 -0.0371979  0.0639176  0.1445298  0.4918837 -0.2839006 -0.0563741  0.0671926  0.2778196 
-0.0000150  0.0000037 -0.0000156  0.0000373  0.7069765 -0.0000004  0.0000135  0.0000325  0.0000124 -0.0411850 -0.2500776  0.0571417 -0.0553410 -0.1408448 -0.4827730  0.2914085  0.0616932 -0.0669621 -0.2889731 
 0.0000016  0.0000034  0.0000042 -0.0000013 -0.0000004  0.7070612  0.0000111  0.0000096 -0.0000029 -0.0289635  0.0648560  0.2393033  0.1061956  0.3142119 -0.2877698 -0.1250829 -0.2503050 -0.3530944  0.2048443 
-0.0000014  0.0000007  0.0000014 -0.0000026  0.0000062  0.7070790 -0.0000013  0.0000067 -0.0000078  0.0345257 -0.0591138 -0.2340846 -0.1068631 -0.3206017  0.2827055  0.1198908  0.2496404  0.3577569 -0.2043172 
 0.0000000  0.0000000  0.0000000  0.0000000  0.0000000  0.0000000  0.7071063 -0.0000004  0.0000004  0.2089947 -0.0624784 -0.1717165  0.4796189 -0.1537877  0.0043477 -0.1858116  0.2033164 -0.2843354 -0.1118828 
 0.0000000  0.0000000  0.0000000  0.0000000  0.0000000  0.0000000  0.7071067 -0.0000001  0.0000004 -0.2093451  0.0624423  0.1716601 -0.4796463  0.1541895 -0.0037221  0.1863271 -0.2032616  0.2837332  0.1114544 
 0.0000000  0.0000000  0.0000000  0.0000000  0.0000000  0.0000000 -0.0000009  0.7071060  0.0000003 -0.2270497  0.3809723 -0.1144513  0.1571865 -0.1512610 -0.1227858  0.3228781  0.1757077 -0.0403323  0.3013247 
 0.0000000  0.0000000  0.0000000  0.0000000  0.0000000  0.0000000 -0.0000003  0.7071057  0.0000011  0.2260133 -0.3813253  0.1150450 -0.1567541  0.1520356  0.1239246 -0.3221310 -0.1752315  0.0397143 -0.3019593 
 0.0000000  0.0000000  0.0000000  0.0000000  0.0000000  0.0000000  0.0000004  0.0000013  0.7071055 -0.3327816  0.1289328 -0.1633308  0.2414924 -0.0701577 -0.0443668 -0.1135277 -0.4098598  0.1589266 -0.2731618 
 0.0000000  0.0000000  0.0000000  0.0000000  0.0000000  0.0000000  0.0000002  0.0000004  0.7071066  0.3332439 -0.1288115  0.1624896 -0.2421754  0.0693954  0.0434564  0.1125848  0.4095610 -0.1587229  0.2738466 
::::::::::::::
run.010.019
::::::::::::::
 0.7071068  0.0000000  0.0000000  0.0000000  0.0000000  0.0000000  0.0000000  0.0000000  0.0000000 -0.1292195 -0.3341151 -0.2121995  0.1249941  0.1078996  0.1664177 -0.4159439 -0.3136950 -0.0039851  0.0158225 
 0.7071068  0.0000000  0.0000000  0.0000000  0.0000000  0.0000000  0.0000000  0.0000000  0.0000000  0.1292195  0.3341151  0.2121995 -0.1249941 -0.1078996 -0.1664177  0.4159439  0.3136950  0.0039851 -0.0158225 
 0.0000000  0.7071068  0.0000000  0.0000000  0.0000000  0.0000000  0.0000000  0.0000000  0.0000000 -0.1292195 -0.1910142 -0.0265224 -0.4616194  0.1683419  0.3113903  0.0502352  0.2368662 -0.0477556 -0.2163501 
 0.0000000  0.7071068  0.0000000  0.0000000  0.0000000  0.0000000  0.0000000  0.0000000  0.0000000  0.1292195  0.1910142  0.0265224  0.4616194 -0.1683419 -0.3113903 -0.0502352 -0.2368662  0.0477556  0.2163501 
 0.0000000  0.0000000  0.7071068  0.0000000  0.0000000  0.0000000  0.0000000  0.0000000  0.0000000 -0.1292195  0.0036118 -0.0147087  0.2442768  0.2397882 -0.2215340 -0.0780232  0.1993702  0.2794407 -0.4392071 
 0.0000000  0.0000000  0.7071068  0.0000000  0.0000000  0.0000000  0.0000000  0.0000000  0.0000000  0.1292195 -0.0036118  0.0147087 -0.2442768 -0.2397882  0.2215340  0.0780232 -0.1993702 -0.2794407  0.4392071 
 0.0000000  0.0000000  0.0000000  0.7071068  0.0000000  0.0000000  0.0000000  0.0000000  0.0000000 -0.1292195 -0.2259832  0.1543332 -0.2453221 -0.0646132 -0.3715737  0.1826835 -0.3781512 -0.0210508 -0.1708087 
 0.0000000  0.0000000  0.0000000  0.7071068  0.0000000  0.0000000  0.0000000  0.0000000  0.0000000  0.1292195  0.2259832 -0.1543332  0.2453221  0.0646132  0.3715737 -0.1826835  0.3781512  0.0210508  0.1708087 
 0.0000000  0.0000000  0.0000000  0.0000000  0.7071068  0.0000000  0.0000000  0.0000000  0.0000000 -0.1292195 -0.1200429 -0.2217597 -0.1174664  0.2818973 -0.2649796  0.0856314  0.1468350  0.1884120  0.4379996 
 0.0000000  0.0000000  0.0000000  0.0000000  0.7071068  0.0000000  0.0000000  0.0000000  0.0000000  0.1292195  0.1200429  0.2217597  0.1174664 -0.2818973  0.2649796 -0.0856314 -0.1468350 -0.1884120 -0.4379996 
 0.0000000  0.0000000  0.0000000  0.0000000  0.0000000  0.7071068  0.0000000  0.0000000  0.0000000 -0.1292195 -0.1171518  0.5115330 -0.0442179 -0.1374253  0.0409409 -0.2460698  0.1204387  0.2811433  0.1769103 
 0.0000000  0.0000000  0.0000000  0.0000000  0.0000000  0.7071068  0.0000000  0.0000000  0.0000000  0.1292195  0.1171518 -0.5115330  0.0442179  0.1374253 -0.0409409  0.2460698 -0.1204387 -0.2811433 -0.1769103 
 0.0000000  0.0000000  0.0000000  0.0000000  0.0000000  0.0000000  0.7071068  0.0000000  0.0000000 -0.1292195  0.3794603 -0.2209282 -0.3181283 -0.2104417 -0.1290233 -0.3243732 -0.0434273  0.1353741 -0.0541713 
 0.0000000  0.0000000  0.0000000  0.0000000  0.0000000  0.0000000  0.7071068  0.0000000  0.0000000  0.1292195 -0.3794603  0.2209282  0.3181283  0.2104417  0.1290233  0.3243732  0.0434273 -0.1353741  0.0541713 
 0.0000000  0.0000000  0.0000000  0.0000000  0.0000000  0.0000000  0.0000000  0.7071068  0.0000000 -0.1292195 -0.2976735 -0.2375595  0.1055429 -0.5008694 -0.0559078  0.0875214  0.2531774  0.0173703 -0.0325982 
 0.0000000  0.0000000  0.0000000  0.0000000  0.0000000  0.0000000  0.0000000  0.7071068  0.0000000  0.1292195  0.2976735  0.2375595 -0.1055429  0.5008694  0.0559078 -0.0875214 -0.2531774 -0.0173703  0.0325982 
 0.0000000  0.0000000  0.0000000  0.0000000  0.0000000  0.0000000  0.0000000  0.0000000  0.7071068 -0.1292195 -0.0115924  0.1140942  0.0175017  0.0688039 -0.2592703 -0.2539789  0.2261185 -0.5308115  0.0222120 
