 0.5656854  0.0000000  0.0000000  0.0000000  0.0532269  0.0445042  0.1546476 -0.0618757 -0.4671159 -0.3705467  0.1453874 -0.2807101 -0.1122220 -0.4235684 
 0.5656854  0.0000000  0.0000000  0.0000000 -0.3483248 -0.1933658  0.3897390  0.3480008  0.2426041  0.3044208 -0.1467620 -0.0486612  0.2038746  0.1768553 
 0.4242641 -0.1414214  0.0000000  0.0000000  0.1081819  0.3568703 -0.1693244 -0.2610491  0.5499644 -0.3798506 -0.1217890  0.2255141 -0.1522030  0.1688808 
 0.4242641  0.1414214  0.0000000  0.0000000  0.2852821 -0.1583882 -0.5565245 -0.1204511 -0.2506153  0.4680185  0.1236217  0.2136476  0.0299996  0.1600700 
 0.0000000  0.5656854  0.0000000  0.0000000 -0.0920272  0.0655025 -0.1212553  0.4646972 -0.1986632 -0.3422178 -0.1156191  0.0732308 -0.3203808  0.3982958 
 0.0000000  0.5656854  0.0000000  0.0000000  0.3347713  0.1195088 -0.0995333  0.0542114  0.3903287  0.0666086 -0.0477179 -0.4637629  0.3072480 -0.2687983 
 0.0000000  0.5656854  0.0000000  0.0000000 -0.2870191 -0.0561967  0.3175886 -0.5540581  0.0084794  0.0636419  0.1019843  0.3934987 -0.0324178 -0.1272949 
 0.0000000  0.0000000  0.5656854  0.0000000 -0.1948407  0.7108564  0.0153915  0.0668822 -0.1382716  0.2750459  0.1813476 -0.0337519  0.0482638  0.0297534 
 0.0000000  0.0000000  0.5656854  0.0000000  0.4834099 -0.2850738  0.2582532  0.2411321  0.0925087 -0.1677140  0.1548837  0.4021829  0.0862828 -0.1016753 
 0.0000000  0.0000000  0.4242641 -0.1414214 -0.2599141 -0.1892776 -0.3071093 -0.1275254 -0.1154050 -0.1289206 -0.6952950  0.0064457  0.1833515 -0.1975008 
 0.0000000  0.0000000  0.4242641  0.1414214 -0.1248447 -0.3784326 -0.0577502 -0.2831603  0.1764221 -0.0141887  0.2469865 -0.4976870 -0.3627469  0.2933966 
 0.0000000  0.0000000  0.0000000  0.5656854 -0.3791625 -0.0931186 -0.3708412  0.2608424  0.2006878 -0.0810208  0.2692787  0.1829883  0.0040140 -0.4112798 
 0.0000000  0.0000000  0.0000000  0.5656854  0.0687165  0.0362513  0.0813377 -0.1970560 -0.2261123 -0.2500205 -0.0289271 -0.0541794  0.5858256  0.4097757 
 0.0000000  0.0000000  0.0000000  0.5656854  0.2766786  0.1041561  0.2271637 -0.0248777 -0.0475322  0.3023583 -0.4759220 -0.0027756 -0.4533150 -0.1212203 
