 0.5409070  0.0000000  0.0000000  0.0000000  0.0868241  0.0330069 -0.0245102  0.0838213 -0.0957231 -0.2414616  0.2186476 -0.2733146 -0.1147551  0.0945923  0.4881041 -0.0249496  0.4180045 -0.2558876 
-0.5409070  0.0000000  0.0000000  0.0000000  0.0868241  0.0330069  0.0245102  0.1255860 -0.2918210 -0.2349905  0.3873874 -0.0207087  0.1151956  0.4898176  0.1447178  0.3425029  0.0033292 -0.0093499 
 0.6440802  0.0000000  0.0000000  0.0000000  0.0000000  0.0000000  0.0411679  0.0350746 -0.1646856  0.0054345  0.1417100  0.2121417  0.1931156  0.3319153 -0.2883803  0.3085913 -0.3482497  0.2070456 
 0.0000000  0.5149927  0.0000000  0.0000000 -0.1513163  0.0189391  0.0000000 -0.1284961  0.3278706 -0.0897301  0.0754201  0.2908597  0.3700728  0.1361109 -0.2315339 -0.0023258  0.3066525 -0.4313335 
 0.0000000  0.5149927  0.0000000  0.0000000  0.1513163 -0.0189391  0.0000000  0.2352892 -0.0479335  0.0472766  0.4281311 -0.1561173 -0.3282384 -0.2584181 -0.0932281 -0.1071089 -0.4492830 -0.2177735 
 0.0000000  0.6852481  0.0000000  0.0000000  0.0000000  0.0000000  0.0000000 -0.0802595 -0.2103845  0.0319056 -0.3784398 -0.1012646 -0.0314403  0.0919190  0.2440723  0.0822447  0.1071928  0.4878311 
 0.0000000  0.0000000  0.5149927  0.0000000  0.0000000 -0.1702554  0.0000000 -0.0996643 -0.3791195  0.4651014 -0.2198354 -0.1657736 -0.0513178  0.2726816 -0.0995974 -0.0542874  0.0066626 -0.4124359 
 0.0000000  0.0000000  0.5149927  0.0000000  0.0000000  0.1702554  0.0000000 -0.2918039  0.4357556  0.1531782  0.1763662  0.0974034 -0.1537811 -0.1177634  0.3105339  0.4655435 -0.0930819  0.0858139 
 0.0000000  0.0000000  0.6852481  0.0000000  0.0000000  0.0000000  0.0000000  0.2942048 -0.0425644 -0.4646631  0.0326689  0.0513831  0.1541404 -0.1164275 -0.1585276 -0.3090762  0.0649477  0.2454702 
 0.0000000  0.0000000  0.0000000  0.5149927  0.0000000  0.0000000  0.1702554  0.2868734 -0.3077948  0.0855852 -0.0921953  0.5569407 -0.0132660 -0.3138221  0.2134420  0.1753842  0.0844401 -0.1436880 
 0.0000000  0.0000000  0.0000000  0.5149927  0.0000000  0.0000000 -0.1702554 -0.5281019 -0.2055709 -0.3677560  0.0021391 -0.2757818 -0.0710970 -0.1915232 -0.3066563  0.1849778  0.0134538 -0.0562860 
 0.0000000  0.0000000  0.0000000  0.6852481  0.0000000  0.0000000  0.0000000  0.1812933  0.3858159  0.2120632  0.0676810 -0.2113028  0.0634023  0.3797883  0.0700544 -0.2708272 -0.0735714  0.1502889 
 0.0000000  0.0000000  0.0000000  0.0000000  0.6852481  0.0000000  0.0000000 -0.3648923  0.0073989 -0.1595907 -0.1098046  0.3162855  0.0675348  0.1493848  0.2263364 -0.3318401 -0.2510163 -0.0918652 
 0.0000000  0.0000000  0.0000000  0.0000000  0.6852481  0.0000000  0.0000000  0.2580285  0.1246897  0.1897056 -0.0448684 -0.1803301  0.0866102 -0.1363124 -0.3370584  0.3147428  0.3645568  0.0783138 
 0.0000000  0.0000000  0.0000000  0.0000000  0.0000000  0.6852481  0.0000000 -0.1097978 -0.1553993  0.1544262  0.1758234  0.2164092 -0.3971946  0.1619844 -0.2457568 -0.2313740  0.2785726  0.1307698 
 0.0000000  0.0000000  0.0000000  0.0000000  0.0000000  0.6852481  0.0000000  0.1575041 -0.0387823 -0.0501901 -0.2937059 -0.2799888  0.4033311 -0.1040290  0.1171973  0.0840260 -0.2949778 -0.2358856 
 0.0000000  0.0000000  0.0000000  0.0000000  0.0000000  0.0000000  0.6852481 -0.2821242 -0.1535903  0.2057734  0.3398320 -0.1700834  0.3690410 -0.2116787  0.0392497 -0.1644236  0.0806889  0.1562324 
 0.0000000  0.0000000  0.0000000  0.0000000  0.0000000  0.0000000  0.6852481  0.0760361  0.1958966 -0.3189676 -0.3309430 -0.0585933 -0.4032364  0.2079877 -0.1388648  0.1351248 -0.0625718 -0.1557737 
