 0.4082483 -0.0383085  0.0000000  0.0000000  0.0320304  0.0436782 -0.0250485  0.2769416  0.0370682 -0.1405100  0.0413121 -0.1099888  0.0086594  0.2560615  0.1617140 -0.3491446 -0.4690384 -0.4252502 -0.0862622 -0.2963026 -0.0831845 
 0.4082483  0.0383085  0.0000000  0.0000000  0.0095819 -0.1470757 -0.1130227 -0.3405470  0.0101253  0.4987236 -0.2177247  0.2186141  0.1679544 -0.2087583 -0.2442988 -0.2770386  0.1025464 -0.2063851  0.2708238 -0.0352448 -0.0381188 
 0.4082483  0.0000000 -0.0383085  0.0000000 -0.2870505 -0.1345329 -0.1092124  0.2320270  0.2314172 -0.1541145 -0.3713539 -0.0010264 -0.2385611 -0.0356833  0.1911860  0.2321954  0.3132246 -0.0192948 -0.0787284  0.2407814 -0.3729446 
 0.4082483  0.0000000  0.0383085  0.0000000  0.0150181  0.0470116  0.3365715 -0.1874235  0.1645024  0.2708345  0.3908868 -0.1925105 -0.1943706 -0.0534617  0.2671729  0.0732706  0.1579367  0.3440021 -0.1572521 -0.3200351  0.0541944 
 0.4082483  0.0000000  0.0000000 -0.0383085  0.3460388  0.1345656 -0.2002426  0.0911705 -0.0486851 -0.1113950 -0.0348484  0.2664554  0.3779994  0.2240632 -0.1752416  0.0921548 -0.0033834  0.3774033 -0.3485082  0.1825788  0.1705467 
 0.4082483  0.0000000  0.0000000  0.0383085 -0.1156188  0.0563532  0.1109547 -0.0721686 -0.3944279 -0.3635384  0.1917281 -0.1815439 -0.1216816 -0.1822215 -0.2005324  0.2285625 -0.1012858 -0.0704752  0.3999270  0.2282223  0.2695069 
 0.0000000  0.4465568  0.0000000  0.0000000  0.0176897 -0.5635157 -0.0919358  0.1012633  0.2107660  0.0327809  0.2367232 -0.1125767 -0.2853998  0.0677401 -0.2998803 -0.2086377 -0.1590895  0.1289553 -0.1167657  0.2536423  0.1019908 
 0.0000000  0.4465568  0.0000000  0.0000000 -0.2638404 -0.1265463  0.2040340  0.3228099 -0.4886136  0.0454130 -0.1534646 -0.0861326  0.2933966 -0.0622688 -0.1087176 -0.0081860  0.1624840  0.1240987 -0.1151629 -0.3610544 -0.1003974 
 0.0000000  0.4465568  0.0000000  0.0000000  0.2476558  0.0401879 -0.0626223 -0.3182225 -0.2388220 -0.0992013  0.2145542  0.0190292  0.1359027 -0.1147189  0.4816593 -0.0706796  0.0663972 -0.2266987 -0.1349972  0.3122973 -0.2810747 
 0.0000000  0.4465568  0.0000000  0.0000000  0.0029953  0.1390866  0.1391380  0.0907358  0.2544050  0.2498635 -0.1490445  0.0961704  0.1085931  0.3514153  0.2100100  0.3894522 -0.2308986 -0.0044472  0.4236788  0.0572672  0.1668663 
 0.0000000  0.4465568  0.0000000  0.0000000 -0.0025746  0.5271516 -0.1810668 -0.1436142  0.2645760 -0.2836936 -0.1265465  0.0553201 -0.2661579 -0.2022924 -0.2482411 -0.1081346  0.1120726 -0.0406838 -0.0873861 -0.2845476  0.1087489 
 0.0000000  0.0000000  0.4465568  0.0000000 -0.2034098  0.2998892 -0.2470306  0.1030732 -0.2684024  0.2535217  0.2912236  0.1137341 -0.2638981  0.4150680 -0.1326768 -0.0868622  0.1731039  0.0111140  0.0840471  0.1113433 -0.2166760 
 0.0000000  0.0000000  0.4465568  0.0000000  0.2708929  0.0442358 -0.3442584  0.2269870 -0.0016139  0.2490323 -0.1704603 -0.5386768  0.0477325 -0.3273100  0.0945932  0.1406387 -0.0398782 -0.0417357 -0.0461574  0.0275632  0.1720506 
 0.0000000  0.0000000  0.4465568  0.0000000 -0.1754349  0.0968172  0.2958029 -0.2492026  0.0886341 -0.1305163 -0.2431616 -0.0662063  0.1101324 -0.0997806 -0.0638138 -0.1804624 -0.4440040  0.3642184 -0.0017782  0.1677833 -0.3252081 
 0.0000000  0.0000000  0.4465568  0.0000000 -0.0964612 -0.3997358 -0.2090359 -0.3288082  0.0678389 -0.3739505 -0.0462916  0.0558983  0.1440379  0.2616255  0.1701401  0.0558769  0.2078114 -0.0273904  0.1017565 -0.3245456  0.2215612 
 0.0000000  0.0000000  0.4465568  0.0000000  0.1784997 -0.0567805  0.4662798  0.2839337  0.1192837 -0.0345421  0.1032999  0.4516774 -0.0417956 -0.2480777 -0.0747614  0.0844425  0.1162885 -0.3373722 -0.1311318  0.0659663  0.1116295 
 0.0000000  0.0000000  0.0000000  0.4465568 -0.0826982 -0.0781109 -0.0695442 -0.2874982 -0.1055983  0.1439762 -0.0241127  0.0359269 -0.1014595  0.0499116 -0.2191107  0.5203362 -0.2888694 -0.2332935 -0.4062091 -0.1288555 -0.1240056 
 0.0000000  0.0000000  0.0000000  0.4465568  0.5305367 -0.0572642  0.0962274  0.0943831  0.0855413 -0.1603322  0.0443990 -0.1459148  0.0252927  0.1096879 -0.2150946  0.0098078  0.1880604  0.0865488  0.3520061 -0.1592872 -0.4361347 
 0.0000000  0.0000000  0.0000000  0.4465568 -0.0523863  0.1188832  0.3082739 -0.0964557 -0.0273558  0.0430413 -0.2870656 -0.2687669 -0.0115764  0.3027989  0.0321063 -0.3089368  0.2725120 -0.1317767 -0.1808937  0.2841202  0.3588331 
 0.0000000  0.0000000  0.0000000  0.4465568  0.0574534 -0.0732395 -0.1719194  0.1389113 -0.2479292  0.0230709 -0.1565167  0.3954895 -0.3375340 -0.2014510  0.3659274 -0.1703881 -0.1873813  0.3113798  0.1140835 -0.0864991  0.1736260 
 0.0000000  0.0000000  0.0000000  0.4465568 -0.4133017  0.0964411 -0.1897342  0.1646717  0.3250020 -0.0281256  0.4038588  0.0216976  0.4681430 -0.2260938  0.0383412 -0.0625211  0.0240770  0.0055634  0.0568076  0.0866060  0.0191918 
