 0.5316271  0.0000000  0.0000000  0.0000000 -0.1277250 -0.0769220  0.0258422  0.4795252 -0.5749879  0.0153788 -0.2067406  0.2051945  0.1057880  0.1940219 
 0.5316271  0.0000000  0.0000000  0.0000000  0.1277250 -0.1836636  0.1251081  0.0881087  0.3542329  0.3817242  0.2982786  0.1314618 -0.4624410 -0.2293756 
 0.6593521  0.0000000  0.0000000  0.0000000  0.0000000  0.2101068 -0.1217093 -0.4576759  0.1779919 -0.3201790 -0.0738059 -0.2714416  0.2875646  0.0285052 
 0.0000000  0.5316271  0.0000000  0.0000000 -0.1277250  0.3702700 -0.5076509  0.3098863  0.2785870  0.1786510  0.1526595  0.1617093  0.2214736  0.0467744 
 0.0000000  0.5316271  0.0000000  0.0000000  0.1277250  0.4306866  0.3379597 -0.0655276 -0.2258534  0.0734427 -0.2640395 -0.3130730 -0.4149368 -0.0273804 
 0.0000000  0.6593521  0.0000000  0.0000000  0.0000000 -0.6458010  0.1368198 -0.1970232 -0.0425184 -0.2032599  0.0898042  0.1220426  0.1559868 -0.0156371 
 0.0000000  0.0000000  0.5316271  0.0000000 -0.1277250 -0.2015967 -0.4562111 -0.3189258 -0.0740440  0.2638870 -0.2979731  0.0040228 -0.3156555  0.2949815 
 0.0000000  0.0000000  0.5316271  0.0000000  0.1277250  0.0941287  0.3922222  0.2120709  0.4395835 -0.2029824 -0.3673437  0.3186291  0.1371336  0.0606578 
 0.0000000  0.0000000  0.6593521  0.0000000  0.0000000  0.0866500  0.0515934  0.0861557 -0.2947298 -0.0491066  0.5364363 -0.2601500  0.1439399 -0.2867474 
 0.0000000  0.0000000  0.0000000  0.5316271 -0.1277250 -0.1543714 -0.2760780  0.2527345  0.0686615 -0.3035686 -0.3028752 -0.1884879 -0.1856525 -0.5277673 
 0.0000000  0.0000000  0.0000000  0.5316271  0.1277250  0.0445451  0.0182146  0.0934367  0.0560409 -0.3295998  0.3655678 -0.0185803 -0.2622495  0.6127610 
 0.0000000  0.0000000  0.0000000  0.6593521  0.0000000  0.0885515  0.2079119 -0.2791134 -0.1005460  0.5105155 -0.0505482  0.1669564  0.3611375 -0.0685293 
 0.0000000  0.0000000  0.0000000  0.0000000  0.6593521 -0.2460540 -0.1245886  0.2686341  0.0866428  0.2429444 -0.1486373 -0.4912096  0.2548932  0.1488156 
 0.0000000  0.0000000  0.0000000  0.0000000  0.6593521  0.1592092 -0.2798070 -0.1920921 -0.2659798 -0.1980488  0.0154804  0.5036075 -0.0944123 -0.2279769 
