 0.7071068  0.0000000  0.0000000  0.0000000  0.0000000  0.0000000  0.0000000  0.0000000  0.0000000  0.0000000  0.0000000  0.0000000 -0.1159378 -0.2032131  0.1400975 -0.4001510 -0.3251038 -0.1058690  0.1618738 -0.1057006  0.2492598 -0.2155820  0.0206060  0.0446297 -0.0146919 
 0.7071068  0.0000000  0.0000000  0.0000000  0.0000000  0.0000000  0.0000000  0.0000000  0.0000000  0.0000000  0.0000000  0.0000000  0.1159378  0.2032130 -0.1400975  0.4001510  0.3251038  0.1058690 -0.1618737  0.1057006 -0.2492598  0.2155819 -0.0206060 -0.0446297  0.0146919 
 0.0000000  0.7071068  0.0000000  0.0000000  0.0000000  0.0000000  0.0000000  0.0000000  0.0000000  0.0000000  0.0000000  0.0000000 -0.1159378 -0.2610637 -0.0381934 -0.1245473  0.1104137 -0.0415491 -0.2874819  0.2955178 -0.1937985 -0.2033859 -0.2305027  0.2281959  0.1827862 
 0.0000000  0.7071068  0.0000000  0.0000000  0.0000000  0.0000000  0.0000000  0.0000000  0.0000000  0.0000000  0.0000000  0.0000000  0.1159378  0.2610636  0.0381934  0.1245473 -0.1104137  0.0415491  0.2874819 -0.2955178  0.1937984  0.2033859  0.2305027 -0.2281959 -0.1827862 
 0.0000000  0.0000000  0.7071068  0.0000000  0.0000000  0.0000000  0.0000000  0.0000000  0.0000000  0.0000000  0.0000000  0.0000000 -0.1159378 -0.1448546 -0.1833734  0.0905282  0.1168958 -0.3215794  0.1644600  0.1241447 -0.1782119 -0.2359021  0.3634961 -0.1487071 -0.1502167 
 0.0000000  0.0000000  0.7071068  0.0000000  0.0000000  0.0000000  0.0000000  0.0000000  0.0000000  0.0000000  0.0000000  0.0000000  0.1159377  0.1448546  0.1833734 -0.0905282 -0.1168958  0.3215794 -0.1644600 -0.1241447  0.1782119  0.2359021 -0.3634960  0.1487071  0.1502167 
 0.0000000  0.0000000  0.0000000  0.7071068  0.0000000  0.0000000  0.0000000  0.0000000  0.0000000  0.0000000  0.0000000  0.0000000 -0.1159378 -0.2338737  0.0374014  0.0323104  0.2031611 -0.1647453 -0.1248220  0.1803435  0.4331390  0.3408912  0.0528236 -0.0434906 -0.0663394 
 0.0000000  0.0000000  0.0000000  0.7071068  0.0000000  0.0000000  0.0000000  0.0000000  0.0000000  0.0000000  0.0000000  0.0000000  0.1159378  0.2338737 -0.0374014 -0.0323105 -0.2031611  0.1647453  0.1248220 -0.1803435 -0.4331390 -0.3408912 -0.0528236  0.0434906  0.0663394 
 0.0000000  0.0000000  0.0000000  0.0000000  0.7071068  0.0000000  0.0000000  0.0000000  0.0000000  0.0000000  0.0000000  0.0000000 -0.1159377 -0.0195407 -0.1716088 -0.0022626 -0.2825672  0.3177446  0.1867399  0.3959940 -0.0255823  0.1783017  0.1899903  0.0397449  0.1187901 
 0.0000000  0.0000000  0.0000000  0.0000000  0.7071068  0.0000000  0.0000000  0.0000000  0.0000000  0.0000000  0.0000000  0.0000000  0.1159377  0.0195407  0.1716088  0.0022626  0.2825672 -0.3177446 -0.1867399 -0.3959940  0.0255823 -0.1783016 -0.1899903 -0.0397448 -0.1187901 
 0.0000000  0.0000000  0.0000000  0.0000000  0.0000000  0.7071068  0.0000000  0.0000000  0.0000000  0.0000000  0.0000000  0.0000000 -0.1159377 -0.0161485  0.1775067 -0.3476842  0.1739458  0.0842060  0.0342482 -0.0504079 -0.3139363  0.2811400  0.1183303  0.1360472 -0.2876393 
 0.0000000  0.0000000  0.0000000  0.0000000  0.0000000  0.7071067  0.0000000  0.0000000  0.0000000  0.0000000  0.0000000  0.0000000  0.1159378  0.0161485 -0.1775068  0.3476842 -0.1739458 -0.0842061 -0.0342482  0.0504079  0.3139363 -0.2811400 -0.1183303 -0.1360473  0.2876393 
 0.0000000  0.0000000  0.0000000  0.0000000  0.0000000  0.0000000  0.7071068  0.0000000  0.0000000  0.0000000  0.0000000  0.0000000 -0.1159377  0.1542959 -0.0252634 -0.0299037 -0.3687212 -0.2018800 -0.4660673 -0.0176748 -0.1110485  0.1275328  0.1284884 -0.1412133 -0.0439314 
 0.0000000  0.0000000  0.0000000  0.0000000  0.0000000  0.0000000  0.7071068  0.0000000  0.0000000  0.0000000  0.0000000  0.0000000  0.1159377 -0.1542959  0.0252634  0.0299037  0.3687212  0.2018800  0.4660673  0.0176748  0.1110485 -0.1275328 -0.1284884  0.1412133  0.0439314 
 0.0000000  0.0000000  0.0000000  0.0000000  0.0000000  0.0000000  0.0000000  0.7071068  0.0000000  0.0000000  0.0000000  0.0000000 -0.1159378 -0.3803341 -0.1738830  0.0684820 -0.0866926  0.1838782  0.0048490 -0.1813935 -0.1272247  0.0791699 -0.2571994 -0.3512810 -0.1439498 
 0.0000000  0.0000000  0.0000000  0.0000000  0.0000000  0.0000000  0.0000000  0.7071068  0.0000000  0.0000000  0.0000000  0.0000000  0.1159378  0.3803341  0.1738830 -0.0684821  0.0866926 -0.1838782 -0.0048489  0.1813935  0.1272247 -0.0791699  0.2571994  0.3512810  0.1439498 
 0.0000000  0.0000000  0.0000000  0.0000000  0.0000000  0.0000000  0.0000000  0.0000000  0.7071068  0.0000000  0.0000000  0.0000000 -0.1159378  0.1292654 -0.2642193  0.1164785 -0.1354352 -0.1502134  0.1028502  0.0390952  0.0600590  0.0260687 -0.2738813  0.3290126 -0.3819811 
 0.0000000  0.0000000  0.0000000  0.0000000  0.0000000  0.0000000  0.0000000  0.0000000  0.7071067  0.0000000  0.0000000  0.0000000  0.1159378 -0.1292654  0.2642193 -0.1164785  0.1354352  0.1502135 -0.1028503 -0.0390952 -0.0600590 -0.0260687  0.2738813 -0.3290126  0.3819811 
 0.0000000  0.0000000  0.0000000  0.0000000  0.0000000  0.0000000  0.0000000  0.0000000  0.0000000  0.7071068  0.0000000  0.0000000 -0.1159377 -0.0805865 -0.3833281 -0.0532834  0.0822855  0.0480862 -0.0764957 -0.3777215  0.0490133  0.0818522  0.2088004  0.2558785  0.2334587 
 0.0000000  0.0000000  0.0000000  0.0000000  0.0000000  0.0000000  0.0000000  0.0000000  0.0000000  0.7071068  0.0000000  0.0000000  0.1159377  0.0805864  0.3833281  0.0532834 -0.0822855 -0.0480862  0.0764957  0.3777214 -0.0490133 -0.0818522 -0.2088004 -0.2558785 -0.2334587 
 0.0000000  0.0000000  0.0000000  0.0000000  0.0000000  0.0000000  0.0000000  0.0000000  0.0000000  0.0000000  0.7071068  0.0000000 -0.1159377  0.0391343  0.0448154 -0.0050023 -0.0492205 -0.3600762  0.2806879 -0.0278983 -0.1806532  0.2775835 -0.2041969 -0.0483673  0.3429693 
 0.0000000  0.0000000  0.0000000  0.0000000  0.0000000  0.0000000  0.0000000  0.0000000  0.0000000  0.0000000  0.7071067  0.0000000  0.1159378 -0.0391343 -0.0448154  0.0050023  0.0492205  0.3600762 -0.2806879  0.0278984  0.1806533 -0.2775835  0.2041969  0.0483672 -0.3429694 
 0.0000000  0.0000000  0.0000000  0.0000000  0.0000000  0.0000000  0.0000000  0.0000000  0.0000000  0.0000000  0.0000000  0.7071068 -0.1159377 -0.2412636  0.3519100  0.4121675 -0.1595656  0.0239944  0.0033244 -0.1228930 -0.0860283  0.0126990  0.1269017  0.2641729 -0.0048426 
 0.0000000  0.0000000  0.0000000  0.0000000  0.0000000  0.0000000  0.0000000  0.0000000  0.0000000  0.0000000  0.0000000  0.7071068  0.1159377  0.2412636 -0.3519100 -0.4121676  0.1595656 -0.0239944 -0.0033244  0.1228930  0.0860283 -0.0126989 -0.1269016 -0.2641729  0.0048426 
 0.0000000  0.0000000  0.0000000  0.0000000  0.0000000  0.0000000  0.0000000  0.0000000  0.0000000  0.0000000  0.0000000  0.0000000  0.8230446 -0.3544666 -0.1375227 -0.0684229 -0.2030151 -0.1938304 -0.0044608  0.0426554 -0.1197383  0.2114006  0.0686450  0.1590705 -0.0607373 
