 0.7071068  0.0000000  0.0000000  0.0000000  0.0000000  0.0000000  0.0000000  0.0000000  0.4095194 -0.1302898 -0.1507570 -0.4416473  0.1623447 -0.1751045 -0.0651387  0.1904676 
 0.7071068  0.0000000  0.0000000  0.0000000  0.0000000  0.0000000  0.0000000  0.0000000 -0.4095194  0.1302898  0.1507570  0.4416473 -0.1623447  0.1751045  0.0651387 -0.1904676 
 0.0000000  0.7071068  0.0000000  0.0000000  0.0000000  0.0000000  0.0000000  0.0000000 -0.3013722 -0.4269762  0.3775973 -0.1549620  0.1979248 -0.0921501  0.0864826  0.0716105 
 0.0000000  0.7071068  0.0000000  0.0000000  0.0000000  0.0000000  0.0000000  0.0000000  0.3013722  0.4269762 -0.3775973  0.1549620 -0.1979248  0.0921501 -0.0864826 -0.0716105 
 0.0000000  0.0000000  0.7071068  0.0000000  0.0000000  0.0000000  0.0000000  0.0000000 -0.0714627  0.2374372  0.0494880 -0.0286652 -0.1744643 -0.3658236  0.4531788  0.2561449 
 0.0000000  0.0000000  0.7071068  0.0000000  0.0000000  0.0000000  0.0000000  0.0000000  0.0714627 -0.2374372 -0.0494880  0.0286652  0.1744643  0.3658236 -0.4531788 -0.2561449 
 0.0000000  0.0000000  0.0000000  0.7071068  0.0000000  0.0000000  0.0000000  0.0000000 -0.1160854 -0.0094615  0.0624519 -0.2268286 -0.4149097  0.3219046 -0.1421484  0.3675655 
 0.0000000  0.0000000  0.0000000  0.7071068  0.0000000  0.0000000  0.0000000  0.0000000  0.1160854  0.0094615 -0.0624519  0.2268286  0.4149097 -0.3219046  0.1421484 -0.3675655 
 0.0000000  0.0000000  0.0000000  0.0000000  0.7071068  0.0000000  0.0000000  0.0000000 -0.1279969 -0.1601287 -0.4040700  0.1681121  0.2578286  0.2302395  0.2304263  0.3063645 
 0.0000000  0.0000000  0.0000000  0.0000000  0.7071068  0.0000000  0.0000000  0.0000000  0.1279969  0.1601287  0.4040700 -0.1681121 -0.2578286 -0.2302395 -0.2304263 -0.3063645 
 0.0000000  0.0000000  0.0000000  0.0000000  0.0000000  0.7071068  0.0000000  0.0000000 -0.0456186 -0.4027813 -0.2810758  0.1411746 -0.3625210 -0.3007608 -0.0974079 -0.0733855 
 0.0000000  0.0000000  0.0000000  0.0000000  0.0000000  0.7071068  0.0000000  0.0000000  0.0456186  0.4027813  0.2810758 -0.1411746  0.3625210  0.3007608  0.0974079  0.0733855 
 0.0000000  0.0000000  0.0000000  0.0000000  0.0000000  0.0000000  0.7071068  0.0000000 -0.3531951  0.2293840 -0.1378175 -0.0407139  0.1791506 -0.2693735 -0.4093675  0.1724709 
 0.0000000  0.0000000  0.0000000  0.0000000  0.0000000  0.0000000  0.7071068  0.0000000  0.3531951 -0.2293840  0.1378175  0.0407139 -0.1791506  0.2693735  0.4093675 -0.1724709 
 0.0000000  0.0000000  0.0000000  0.0000000  0.0000000  0.0000000  0.0000000  0.7071068 -0.2822673  0.0613108 -0.2589854 -0.4228616 -0.0434755  0.0858364  0.1803725 -0.3590105 
 0.0000000  0.0000000  0.0000000  0.0000000  0.0000000  0.0000000  0.0000000  0.7071068  0.2822673 -0.0613108  0.2589854  0.4228616  0.0434755 -0.0858364 -0.1803725  0.3590105 
