 0.5632636 -0.0863494  0.0522016  0.0000000  0.0000000  0.0000000  0.0000000  0.0000000  0.0000000  0.0122719 -0.0410322 -0.4171027  0.0140277  0.1791520 -0.0232980 -0.0573586  0.0110510 -0.5276828  0.0239127  0.3181904  0.2832504 
 0.5632636  0.0863494  0.0522016  0.0000000  0.0000000  0.0000000  0.0000000  0.0000000  0.0000000 -0.4628601  0.0342551  0.2034332 -0.0645322 -0.3185355 -0.3329160  0.1735359 -0.1927842  0.2619606  0.2370610 -0.0846904  0.0042861 
 0.6045397  0.0000000 -0.0972749  0.0000000  0.0000000  0.0000000  0.0000000  0.0000000  0.0000000  0.4198235  0.0063143  0.1990808  0.0470562  0.1298669  0.3318929 -0.1082451  0.1693250  0.2475796 -0.2431552 -0.2175573 -0.2679044 
 0.0000000  0.7018146  0.0000000  0.0000000  0.0000000  0.0000000  0.0000000  0.0000000  0.0000000  0.2249228  0.1762443  0.0577579 -0.3277585  0.1812865 -0.2100059 -0.1366986  0.1310256 -0.1445127  0.2251707 -0.2947553  0.2091755 
 0.0000000  0.7018146  0.0000000  0.0000000  0.0000000  0.0000000  0.0000000  0.0000000  0.0000000 -0.1664638 -0.1855074 -0.1341069  0.3374243 -0.1200523  0.2481005  0.1082900 -0.1059463  0.0473571 -0.2513959  0.3443246 -0.1748524 
 0.0000000  0.0000000  0.7018146  0.0000000  0.0000000  0.0000000  0.0000000  0.0000000  0.0000000  0.0454838  0.2742494  0.1060606  0.0360424  0.0935575 -0.0602282  0.2203341 -0.1136954  0.0608048 -0.4994785 -0.0779332  0.2907285 
 0.0000000  0.0000000  0.7018146  0.0000000  0.0000000  0.0000000  0.0000000  0.0000000  0.0000000  0.0462210 -0.2728702 -0.0625741 -0.0257636 -0.0651898  0.1327258 -0.2439787  0.1506821 -0.0067244  0.4463645  0.0304108 -0.3492486 
 0.0000000  0.0000000  0.0000000  0.5632636 -0.0863494  0.0522016  0.0000000  0.0000000  0.0000000  0.3242399 -0.3830713  0.0650106 -0.2979883 -0.0933787  0.0825011  0.4330895 -0.3349824 -0.0924670  0.0553084  0.0032366  0.0269994 
 0.0000000  0.0000000  0.0000000  0.5632636  0.0863494  0.0522016  0.0000000  0.0000000  0.0000000 -0.2083687  0.3943294 -0.3871585 -0.0810775 -0.1646588  0.2786963 -0.3756111 -0.1378302  0.1365068 -0.0358288 -0.1793320  0.0152205 
 0.0000000  0.0000000  0.0000000  0.6045397  0.0000000 -0.0972749  0.0000000  0.0000000  0.0000000 -0.1079599 -0.0104894  0.3001527  0.3531844  0.2404195 -0.3365359 -0.0535539  0.4405304 -0.0410329 -0.0181496  0.1640721 -0.0393373 
 0.0000000  0.0000000  0.0000000  0.0000000  0.7018146  0.0000000  0.0000000  0.0000000  0.0000000  0.0431533  0.1748983  0.4145090 -0.1094322 -0.2866783  0.1269947 -0.0700430 -0.0472236 -0.3791967 -0.0350762  0.1813948 -0.0885369 
 0.0000000  0.0000000  0.0000000  0.0000000  0.7018146  0.0000000  0.0000000  0.0000000  0.0000000  0.0223775 -0.2705476 -0.3588753  0.0827440  0.2954484 -0.1511340  0.1695434  0.0229665  0.3510243  0.0462894 -0.1589321  0.0899862 
 0.0000000  0.0000000  0.0000000  0.0000000  0.0000000  0.7018146  0.0000000  0.0000000  0.0000000 -0.0699000  0.3386089 -0.0008849 -0.0966036  0.3732306  0.0048496  0.2518382 -0.0441538  0.0169490  0.1372974  0.2038764 -0.3364241 
 0.0000000  0.0000000  0.0000000  0.0000000  0.0000000  0.7018146  0.0000000  0.0000000  0.0000000  0.0463177 -0.3409001  0.0664492  0.1737520 -0.3207142 -0.0783613 -0.2635363  0.1403817 -0.0259121 -0.1412620 -0.1680370  0.3278314 
 0.0000000  0.0000000  0.0000000  0.0000000  0.0000000  0.0000000  0.5632636 -0.0863494  0.0522016  0.2882203  0.2458532 -0.0826536  0.5448860 -0.1654758 -0.0393568  0.1874001 -0.1447191 -0.1294268  0.2826736 -0.2086436 -0.0111504 
 0.0000000  0.0000000  0.0000000  0.0000000  0.0000000  0.0000000  0.5632636  0.0863494  0.0522016 -0.1385867 -0.0236153 -0.1802580 -0.3961244 -0.2232476  0.0301206  0.2430396  0.5508999  0.0124811 -0.2057428  0.0407548 -0.0769994 
 0.0000000  0.0000000  0.0000000  0.0000000  0.0000000  0.0000000  0.6045397  0.0000000 -0.0972749 -0.1394170 -0.2070643  0.2449608 -0.1386046  0.3621826  0.0086055 -0.4010506 -0.3784480  0.1089610 -0.0716782  0.1564258  0.0821312 
 0.0000000  0.0000000  0.0000000  0.0000000  0.0000000  0.0000000  0.0000000  0.7018146  0.0000000 -0.1185675  0.0321964  0.1732454  0.1103981  0.1036451  0.4329630  0.1462903  0.1049921  0.0787097  0.2808371  0.0101427  0.3665632 
 0.0000000  0.0000000  0.0000000  0.0000000  0.0000000  0.0000000  0.0000000  0.7018146  0.0000000  0.1710807  0.0009583 -0.1612364  0.0053813 -0.0965370 -0.4415114 -0.1531360 -0.1905792 -0.0961697 -0.2207436 -0.0408281 -0.3584614 
 0.0000000  0.0000000  0.0000000  0.0000000  0.0000000  0.0000000  0.0000000  0.0000000  0.7018146  0.2944091  0.1170558 -0.0086991 -0.0700266 -0.1223668 -0.1081069 -0.1293356 -0.0104484  0.3461320  0.0910182  0.4487913  0.1705731 
 0.0000000  0.0000000  0.0000000  0.0000000  0.0000000  0.0000000  0.0000000  0.0000000  0.7018146 -0.3248629 -0.1622861  0.0622075  0.0397502  0.2014807  0.1099867  0.0417315 -0.0722184 -0.3223309 -0.1066753 -0.4146221 -0.1526327 
