 0.7071068  0.0000000  0.0000000  0.0000000  0.0000000  0.0000000  0.0000000  0.0000000  0.0000000  0.0000000  0.0000000 -0.1198693 -0.0389718 -0.0796149 -0.2720345 -0.0514846  0.1100693  0.1031567 -0.4730110 -0.1346475  0.3554228  0.0399399  0.0925965 
 0.7071068  0.0000000  0.0000000  0.0000000  0.0000000  0.0000000  0.0000000  0.0000000  0.0000000  0.0000000  0.0000000  0.1198693  0.0389718  0.0796149  0.2720345  0.0514846 -0.1100692 -0.1031567  0.4730110  0.1346475 -0.3554228 -0.0399399 -0.0925965 
 0.0000000  0.7071068  0.0000000  0.0000000  0.0000000  0.0000000  0.0000000  0.0000000  0.0000000  0.0000000  0.0000000 -0.1198693  0.0311330 -0.0804785 -0.3089976 -0.0237761  0.1826982  0.1450788  0.1612038 -0.4230003 -0.3486552  0.0249088  0.0248429 
 0.0000000  0.7071068  0.0000000  0.0000000  0.0000000  0.0000000  0.0000000  0.0000000  0.0000000  0.0000000  0.0000000  0.1198693 -0.0311330  0.0804785  0.3089976  0.0237761 -0.1826982 -0.1450788 -0.1612038  0.4230002  0.3486552 -0.0249088 -0.0248429 
 0.0000000  0.0000000  0.7071068  0.0000000  0.0000000  0.0000000  0.0000000  0.0000000  0.0000000  0.0000000  0.0000000 -0.1198693  0.3458765  0.1821174  0.1044084  0.0415899 -0.1253397 -0.2753798 -0.1775872 -0.2833256 -0.0096427 -0.0194500 -0.3411411 
 0.0000000  0.0000000  0.7071068  0.0000000  0.0000000  0.0000000  0.0000000  0.0000000  0.0000000  0.0000000  0.0000000  0.1198693 -0.3458765 -0.1821174 -0.1044084 -0.0415899  0.1253397  0.2753798  0.1775872  0.2833256  0.0096427  0.0194500  0.3411411 
 0.0000000  0.0000000  0.0000000  0.7071068  0.0000000  0.0000000  0.0000000  0.0000000  0.0000000  0.0000000  0.0000000 -0.1198693 -0.3287394  0.3479858  0.2409486  0.0183714  0.2597186  0.0387518 -0.2597631 -0.0066114 -0.2459332 -0.0327291 -0.0066010 
 0.0000000  0.0000000  0.0000000  0.7071068  0.0000000  0.0000000  0.0000000  0.0000000  0.0000000  0.0000000  0.0000000  0.1198693  0.3287394 -0.3479858 -0.2409486 -0.0183714 -0.2597186 -0.0387517  0.2597630  0.0066114  0.2459332  0.0327291  0.0066010 
 0.0000000  0.0000000  0.0000000  0.0000000  0.7071068  0.0000000  0.0000000  0.0000000  0.0000000  0.0000000  0.0000000 -0.1198693  0.2085783 -0.0699178  0.1557149 -0.1176092  0.3034756 -0.2638069  0.0366272  0.0472391  0.0027647  0.4013819  0.2697762 
 0.0000000  0.0000000  0.0000000  0.0000000  0.7071068  0.0000000  0.0000000  0.0000000  0.0000000  0.0000000  0.0000000  0.1198693 -0.2085783  0.0699178 -0.1557149  0.1176092 -0.3034756  0.2638069 -0.0366272 -0.0472391 -0.0027646 -0.4013819 -0.2697762 
 0.0000000  0.0000000  0.0000000  0.0000000  0.0000000  0.7071068  0.0000000  0.0000000  0.0000000  0.0000000  0.0000000 -0.1198693  0.1190373  0.3134346 -0.0996833 -0.3812069  0.1213241 -0.0420858  0.1980359  0.0376221  0.1701563 -0.3417399  0.1228863 
 0.0000000  0.0000000  0.0000000  0.0000000  0.0000000  0.7071068  0.0000000  0.0000000  0.0000000  0.0000000  0.0000000  0.1198693 -0.1190373 -0.3134346  0.0996833  0.3812069 -0.1213241  0.0420858 -0.1980359 -0.0376221 -0.1701563  0.3417399 -0.1228863 
 0.0000000  0.0000000  0.0000000  0.0000000  0.0000000  0.0000000  0.7071068  0.0000000  0.0000000  0.0000000  0.0000000 -0.1198693 -0.0867073 -0.3595021 -0.0351765 -0.2143581 -0.0623605 -0.3158257 -0.1941478  0.1264900 -0.2630155 -0.2732827  0.0222763 
 0.0000000  0.0000000  0.0000000  0.0000000  0.0000000  0.0000000  0.7071068  0.0000000  0.0000000  0.0000000  0.0000000  0.1198693  0.0867073  0.3595021  0.0351765  0.2143581  0.0623605  0.3158257  0.1941478 -0.1264900  0.2630155  0.2732827 -0.0222763 
 0.0000000  0.0000000  0.0000000  0.0000000  0.0000000  0.0000000  0.0000000  0.7071068  0.0000000  0.0000000  0.0000000 -0.1198693 -0.4092645  0.0237526 -0.1334533 -0.1795299 -0.0646983 -0.2341616  0.1943757 -0.0608421  0.1600891  0.2514423 -0.2795997 
 0.0000000  0.0000000  0.0000000  0.0000000  0.0000000  0.0000000  0.0000000  0.7071068  0.0000000  0.0000000  0.0000000  0.1198693  0.4092645 -0.0237526  0.1334533  0.1795299  0.0646983  0.2341616 -0.1943757  0.0608421 -0.1600891 -0.2514424  0.2795997 
 0.0000000  0.0000000  0.0000000  0.0000000  0.0000000  0.0000000  0.0000000  0.0000000  0.7071068  0.0000000  0.0000000 -0.1198693  0.1568565  0.0057510 -0.2533542  0.1116690  0.2899976  0.0638290 -0.0029170  0.4068008 -0.0687649  0.0280310 -0.3537704 
 0.0000000  0.0000000  0.0000000  0.0000000  0.0000000  0.0000000  0.0000000  0.0000000  0.7071068  0.0000000  0.0000000  0.1198693 -0.1568565 -0.0057510  0.2533542 -0.1116690 -0.2899975 -0.0638290  0.0029170 -0.4068008  0.0687649 -0.0280310  0.3537704 
 0.0000000  0.0000000  0.0000000  0.0000000  0.0000000  0.0000000  0.0000000  0.0000000  0.0000000  0.7071068  0.0000000 -0.1198693  0.0255064 -0.2920157  0.3731832 -0.2224851  0.1588219  0.2992682  0.0601670 -0.0989191  0.1288116 -0.0598817 -0.2501462 
 0.0000000  0.0000000  0.0000000  0.0000000  0.0000000  0.0000000  0.0000000  0.0000000  0.0000000  0.7071068  0.0000000  0.1198693 -0.0255064  0.2920157 -0.3731832  0.2224851 -0.1588219 -0.2992682 -0.0601670  0.0989191 -0.1288116  0.0598817  0.2501462 
 0.0000000  0.0000000  0.0000000  0.0000000  0.0000000  0.0000000  0.0000000  0.0000000  0.0000000  0.0000000  0.7071068 -0.1198693 -0.1075576 -0.1183466  0.0607780  0.4249674  0.2491188 -0.2246401  0.1675573 -0.1153533  0.2146262 -0.2710808  0.0480751 
 0.0000000  0.0000000  0.0000000  0.0000000  0.0000000  0.0000000  0.0000000  0.0000000  0.0000000  0.0000000  0.7071068  0.1198693  0.1075577  0.1183466 -0.0607780 -0.4249673 -0.2491188  0.2246401 -0.1675573  0.1153533 -0.2146262  0.2710808 -0.0480751 
 0.0000000  0.0000000  0.0000000  0.0000000  0.0000000  0.0000000  0.0000000  0.0000000  0.0000000  0.0000000  0.0000000  0.8269762 -0.0244246 -0.0367690 -0.0486061 -0.1721565  0.4124742 -0.2046144 -0.0839136 -0.1462672  0.0277893 -0.0731877 -0.1886670 
