 0.7142863 -0.1680624 -0.0557068  0.0039132  0.0068493  0.0040187  0.0043800  0.0058120 -0.0001031  0.0108826  0.0012846  0.0018811  0.0075386  0.0022013  0.0049052 -0.0009478 -0.0029363 -0.0011048  0.0001248 -0.0007002 -0.0206035 -0.4271071  0.2704960  0.2995343 -0.3352030 
 0.6989618  0.1705928  0.0571323  0.0032385  0.0023275 -0.0006160 -0.0080414 -0.0010355  0.0009401 -0.0279732  0.0003564 -0.0012331 -0.0069795 -0.0005835 -0.0054491  0.0009318  0.0028905  0.0011839 -0.0002366  0.0007028  0.0413882  0.4094853 -0.3065064 -0.3069672  0.3472221 
 0.0007776  0.9708705 -0.0196317  0.0001418 -0.0001227  0.0007820 -0.0010264  0.0000163 -0.0002826  0.0005539 -0.0000298  0.0004148  0.0002611  0.0010998  0.0019387 -0.0002854 -0.0010128 -0.0004024  0.0000683 -0.0002459 -0.0115740 -0.1445956  0.0994571  0.1063210 -0.1215651 
-0.0001422 -0.0000659  0.9965952 -0.0000493  0.0002635 -0.0003090  0.0000173  0.0003078 -0.0004229 -0.0000964 -0.0000997  0.0001125  0.0000425  0.0002419  0.0003415 -0.0002241 -0.0003545 -0.0001420  0.0000256 -0.0000853 -0.0087929 -0.0514126  0.0332153  0.0384391 -0.0386751 
 0.0179610 -0.0000375  0.0000753  0.7246374 -0.1690387 -0.0529270  0.0025705 -0.0009968 -0.0004948 -0.0024193 -0.0007911 -0.0048357 -0.0053789 -0.0012815  0.0026138  0.0001628  0.0014452 -0.0007765  0.0012705  0.0002845 -0.1981648  0.3502506  0.5280937  0.0129900  0.0461157 
-0.0263527 -0.0002105  0.0000452  0.6884556  0.1758486  0.0555152  0.0012512 -0.0005338  0.0025104 -0.0176497 -0.0035184  0.0031552 -0.0058981  0.0002007 -0.0017248  0.0001490 -0.0014804  0.0007164 -0.0013395 -0.0002825  0.2212546 -0.3484777 -0.5629927  0.0104358 -0.0590364 
 0.0011020  0.0009417 -0.0000133  0.0014713  0.9697430 -0.0185851  0.0003866  0.0013865 -0.0002063  0.0008482  0.0000035 -0.0012366 -0.0002794  0.0005046  0.0006159 -0.0000605  0.0005247 -0.0002570  0.0004510  0.0001068 -0.0718722  0.1235442  0.1953973 -0.0011867  0.0251582 
-0.0000319  0.0000492  0.0005768  0.0001611 -0.0007284  0.9968691 -0.0000379 -0.0000451  0.0001388 -0.0001486 -0.0001572 -0.0001146  0.0002251 -0.0001725  0.0000243 -0.0000356  0.0001795 -0.0000801  0.0001467  0.0000368 -0.0242501  0.0413444  0.0621106 -0.0010611  0.0097286 
 0.0075836  0.0005088 -0.0009793  0.0011868  0.0037938  0.0008859  0.7075028 -0.1851335 -0.0625805 -0.0008627 -0.0017963 -0.0017792 -0.0064592  0.0025013  0.0009870  0.0003087  0.0005310  0.0006299  0.0014562 -0.0004735 -0.4933019  0.0619117 -0.1936513 -0.2054513 -0.3663656 
-0.0040963  0.0039374  0.0018894 -0.0046583 -0.0040840 -0.0007773  0.7065694  0.1874665  0.0625778  0.0047918  0.0026824  0.0020745  0.0053310 -0.0005417 -0.0017277 -0.0005355 -0.0005039 -0.0005819 -0.0014673  0.0004815  0.4890122 -0.0634992  0.1898742  0.1949919  0.3798902 
-0.0012776  0.0005260 -0.0004440  0.0022844  0.0000223  0.0003535 -0.0015494  0.9646321 -0.0241661  0.0008952  0.0006145 -0.0004776 -0.0000093 -0.0002230  0.0007246  0.0002692  0.0002248  0.0002478  0.0005636 -0.0001800 -0.1870156  0.0279725 -0.0753814 -0.0817103 -0.1441261 
 0.0001945 -0.0001016  0.0001779 -0.0009400  0.0001700 -0.0001925  0.0000334 -0.0000130  0.9957770  0.0000363  0.0000655 -0.0002626  0.0002156  0.0000087  0.0003388  0.0000949  0.0000728  0.0000813  0.0002016 -0.0000647 -0.0660355  0.0092794 -0.0235031 -0.0278557 -0.0514937 
 0.0110640  0.0030740  0.0005036 -0.0056678  0.0031855  0.0010167  0.0024243 -0.0000872  0.0004467  0.7053508 -0.1662692 -0.0428490 -0.0015016  0.0096543 -0.0020671 -0.0011861  0.0006107 -0.0020907  0.0001902  0.0002766 -0.0443120  0.3293706 -0.2316672  0.5514422 -0.0671163 
 0.0050658  0.0054285  0.0027626  0.0252127 -0.0005050  0.0003525 -0.0066587 -0.0027607 -0.0008578  0.7078961  0.1683934  0.0431218 -0.0135328 -0.0077431  0.0020051  0.0013451 -0.0004719  0.0021653 -0.0002187 -0.0002463  0.0499430 -0.3106481  0.2007121 -0.5675975  0.0788223 
-0.0002190 -0.0002519 -0.0001931 -0.0023746  0.0011602  0.0004474  0.0010020 -0.0010506 -0.0001194 -0.0021094  0.9715311 -0.0149514  0.0002565 -0.0007780  0.0000532 -0.0001803  0.0001991 -0.0007261  0.0000743  0.0000880 -0.0119755  0.1134002 -0.0765216  0.1896146 -0.0328065 
-0.0000323  0.0000082 -0.0000228 -0.0000529  0.0000131 -0.0003068  0.0002060 -0.0001795  0.0000514 -0.0003669  0.0001135  0.9980117 -0.0000830  0.0000577 -0.0000266 -0.0000282  0.0000763 -0.0001943  0.0000354  0.0000266 -0.0065478  0.0346701 -0.0167543  0.0487801 -0.0081900 
 0.0010643  0.0007343  0.0043920 -0.0019544  0.0019730  0.0010391  0.0055287 -0.0043126 -0.0016902  0.0055224 -0.0056436 -0.0012207  0.7114142 -0.1840173  0.0446553  0.0159381  0.0008957  0.0001467  0.0001145  0.0000144  0.4119772  0.2537695  0.0388421 -0.1596895 -0.4432824 
-0.0016598  0.0024788 -0.0033044  0.0138210 -0.0014179 -0.0013452 -0.0046757  0.0011181  0.0003679  0.0089485  0.0081662  0.0020231  0.7024703  0.1857885 -0.0452442 -0.0160991 -0.0008471 -0.0000770 -0.0001003 -0.0000123 -0.4236980 -0.2528111 -0.0457768  0.1424538  0.4511102 
-0.0007487 -0.0009439  0.0014284 -0.0019702 -0.0001803  0.0005431  0.0004292 -0.0002677 -0.0002216 -0.0020849  0.0011527  0.0000744  0.0003150  0.9651173  0.0172524  0.0061424  0.0003342  0.0000813  0.0000343  0.0000046  0.1622708  0.0930451  0.0204797 -0.0681515 -0.1677676 
 0.0001000 -0.0000321 -0.0000883 -0.0000355 -0.0000254  0.0000793  0.0000079  0.0000275 -0.0000394  0.0000100 -0.0001341  0.0000049 -0.0000232 -0.0000079  0.9977878 -0.0015021 -0.0000580 -0.0000059 -0.0000218  0.0000077 -0.0378559 -0.0202859 -0.0101518  0.0142850  0.0475970 
-0.0000099 -0.0000090 -0.0000221  0.0000015  0.0000124 -0.0000021  0.0000172 -0.0000035 -0.0000008 -0.0000049 -0.0000311 -0.0000267  0.0000054  0.0000197 -0.0000437  0.9997205 -0.0000350 -0.0000118 -0.0000043 -0.0000007 -0.0141655 -0.0087860 -0.0012827  0.0075314  0.0149207 
 0.0000000  0.0000001  0.0000000 -0.0000001 -0.0000001  0.0000000 -0.0000001 -0.0000001  0.0000000  0.0000000  0.0000000  0.0000001  0.0000001  0.0000000  0.0000000  0.0000000  0.9999872 -0.0000011 -0.0000047 -0.0000050  0.0002849 -0.0046156  0.0004713  0.0017548 -0.0009477 
-0.0000001 -0.0000001  0.0000003 -0.0000002  0.0000001 -0.0000001  0.0000001  0.0000001  0.0000003 -0.0000002  0.0000000  0.0000003 -0.0000001  0.0000000  0.0000001 -0.0000007 -0.0000022  0.9999928  0.0000007  0.0000005 -0.0000809  0.0008367  0.0008394  0.0035794 -0.0004813 
 0.0000000 -0.0000001  0.0000002 -0.0000001  0.0000000  0.0000000  0.0000001  0.0000001  0.0000001  0.0000000  0.0000001  0.0000000 -0.0000001  0.0000000 -0.0000001  0.0000001 -0.0000004  0.0000008  0.9999958  0.0000009  0.0020764 -0.0012115 -0.0009441  0.0003073  0.0013010 
 0.0000000  0.0000000  0.0000000  0.0000000  0.0000000  0.0000000  0.0000000  0.0000000  0.0000000  0.0000000  0.0000000  0.0000000  0.0000000  0.0000000  0.0000000  0.0000000  0.0000000  0.0000000  0.0000000  0.9999991 -0.0004124 -0.0009596  0.0000210 -0.0000594 -0.0008770 
