 0.7071068 -0.2357023  0.0000000  0.0000000  0.0000000  0.0000000  0.2114866 -0.1116443  0.6222969 
 0.7071068  0.2357023  0.0000000  0.0000000  0.0000000  0.0000000 -0.2114866  0.1116443 -0.6222969 
 0.0000000  0.9428090  0.0000000  0.0000000  0.0000000  0.0000000  0.1057433 -0.0558221  0.3111484 
 0.0000000  0.0000000  0.7071068 -0.2357023  0.0000000  0.0000000 -0.6266989  0.0496084  0.2218827 
 0.0000000  0.0000000  0.7071068  0.2357023  0.0000000  0.0000000  0.6266989 -0.0496084 -0.2218827 
 0.0000000  0.0000000  0.0000000  0.9428090  0.0000000  0.0000000 -0.3133494  0.0248042  0.1109414 
 0.0000000  0.0000000  0.0000000  0.0000000  0.7071068 -0.2357023  0.0834647  0.6553770  0.0892137 
 0.0000000  0.0000000  0.0000000  0.0000000  0.7071068  0.2357023 -0.0834647 -0.6553770 -0.0892137 
 0.0000000  0.0000000  0.0000000  0.0000000  0.0000000  0.9428090  0.0417323  0.3276885  0.0446069 
