 0.5632636 -0.0863494  0.0522016 -0.5727416 -0.3060984  0.1923860 -0.4623973 
 0.5632636  0.0863494  0.0522016  0.4201403  0.3022151  0.6019263  0.2058780 
 0.6045397  0.0000000 -0.0972749  0.1421822  0.0036182 -0.7400791  0.2390050 
 0.0000000  0.7018146  0.0000000 -0.4045503 -0.2000586  0.0965417  0.5426339 
 0.0000000  0.7018146  0.0000000  0.2823888  0.1252134 -0.1469305 -0.6248567 
 0.0000000  0.0000000  0.7018146  0.3556367 -0.6157438 -0.0138251  0.0405850 
 0.0000000  0.0000000  0.7018146 -0.3245790  0.6165342 -0.1478352  0.0116225 
