 0.7071068 -0.2072303  0.0000000  0.0000000  0.0737056  0.4266846 -0.5191949 
 0.7071068  0.2072303  0.0000000  0.0000000 -0.0737056 -0.4266846  0.5191949 
 0.0000000  0.9560917  0.0000000  0.0000000  0.0319510  0.1849655 -0.2250681 
 0.0000000  0.0000000  0.7071068 -0.2072303 -0.0737056  0.5242898  0.4204085 
 0.0000000  0.0000000  0.7071068  0.2072303  0.0737056 -0.5242898 -0.4204085 
 0.0000000  0.0000000  0.0000000  0.9560917 -0.0319510  0.2272768  0.1822448 
 0.0000000  0.0000000  0.0000000  0.0000000  0.9880426  0.0159305  0.1533558 
