 0.5546345  0.0762060 -0.0376483  0.0184050 -0.0082828 -0.0001131 -0.0015103  0.0004892  0.0010073  0.0015944  0.0017362  0.3167615 -0.0860554  0.0027597  0.1701143  0.4072219 -0.3160779 -0.1661988  0.3276444 -0.2560433 -0.1772628 -0.0835017 -0.1967182  0.0684897 
 0.5639640 -0.0699408 -0.0365591 -0.0174667 -0.0115585  0.0007664 -0.0008151  0.0008197 -0.0004239 -0.0005003 -0.0030368 -0.2638665  0.0560956 -0.0489250 -0.2549540 -0.0698371  0.0672450  0.2928706 -0.3844362 -0.0800244 -0.2168789  0.4694576 -0.1327676  0.0260209 
 0.6117696 -0.0038089  0.0681536 -0.0005856  0.0181806 -0.0007721 -0.0000380 -0.0010730 -0.0001823 -0.0009860  0.0011995 -0.0419740  0.0267281  0.0360091  0.0785206 -0.2987239  0.2276944 -0.1180708  0.0593401  0.3113077  0.3619019 -0.3546329  0.3006393 -0.0907111 
-0.0004832  0.7011818  0.0006297 -0.0031800 -0.0000867  0.0005492 -0.0000873  0.0000272 -0.0002227 -0.0001241 -0.0005169  0.0972044  0.4639685  0.0779785 -0.1175530 -0.1656964 -0.2819976  0.2031374  0.0103277  0.1001803  0.0782679 -0.0411519 -0.1909588 -0.2470787 
-0.0002532  0.7054158 -0.0000152 -0.0006577 -0.0000899 -0.0003488 -0.0001080  0.0000837  0.0000125 -0.0000978  0.0000116 -0.1560639 -0.4458796 -0.0860369  0.0723925  0.1139449  0.3248806 -0.1527622 -0.0820764 -0.0772929 -0.0787571  0.0932966  0.1992566  0.2395669 
-0.0004982  0.0001788  0.7043970  0.0000962 -0.0008505  0.0002018  0.0001119  0.0002700  0.0000302  0.0001478 -0.0002220  0.2514361 -0.2164022  0.1058571 -0.4332270  0.0645788 -0.2397906  0.0118054 -0.1046598  0.2697821 -0.0464689 -0.0118380  0.0894979  0.1975540 
 0.0001988  0.0000071  0.7045707  0.0000438 -0.0019654 -0.0000365  0.0000017  0.0000667  0.0001533  0.0000091  0.0000332 -0.2432533  0.2119443 -0.1136900  0.4208169 -0.0161953  0.2059697  0.0068353  0.0970871 -0.3170361 -0.0097358  0.0658910 -0.1355643 -0.1843557 
-0.0000011  0.0000298  0.0000081  0.7068698  0.0000085 -0.0000163 -0.0000033 -0.0000021 -0.0000228 -0.0000555 -0.0000866  0.2529527 -0.1826741 -0.1822718  0.2117234 -0.0153149 -0.0956996  0.1070554 -0.4698061 -0.0957420  0.2150046 -0.0892118 -0.0870459 -0.1114877 
-0.0000132  0.0000556 -0.0000167  0.7068790 -0.0000125  0.0000169  0.0000298 -0.0000196  0.0000060  0.0000022 -0.0000411 -0.2669028  0.1881290  0.1800199 -0.2232736  0.0026809  0.1057494 -0.0938639  0.4522765  0.1013662 -0.2154875  0.1022280  0.0885245  0.1090069 
-0.0000314 -0.0000067  0.0000038 -0.0000010  0.7069415  0.0000001  0.0000440  0.0000099  0.0000010  0.0000221 -0.0000373 -0.2065553  0.2643969 -0.1951332 -0.1788014  0.2085774 -0.0487659 -0.3150231 -0.2710948 -0.0718600 -0.0739111 -0.2863172 -0.0012160  0.0799733 
-0.0000009  0.0000196  0.0000049 -0.0000539  0.7068898  0.0000017 -0.0000547 -0.0000319  0.0000020  0.0000151 -0.0000299  0.2072497 -0.2647175  0.1917213  0.1747736 -0.1963294  0.0415208  0.3216358  0.2677942  0.0596630  0.0586865  0.3023467 -0.0111093 -0.0774792 
 0.0066139  0.0029129  0.0017590  0.0010743  0.0014356  0.5449439  0.0845280  0.0388940 -0.0226484 -0.0000383  0.0018750 -0.1178310 -0.0342203  0.4631556  0.1254833 -0.3901963 -0.2561727 -0.1319575 -0.1549712 -0.3150052 -0.0755456 -0.1133217  0.0344403  0.2649891 
-0.0033996  0.0005419 -0.0000407  0.0002377 -0.0001853  0.5557337 -0.0869576  0.0318381  0.0229181 -0.0011215  0.0004733 -0.1177478 -0.0174475 -0.0467146  0.0654108  0.3013948 -0.0927842 -0.3191230 -0.0039276  0.3511266  0.3186466  0.4153456 -0.0993306 -0.2300209 
-0.0025673 -0.0031351 -0.0015549 -0.0011173 -0.0010490  0.6278490  0.0034984 -0.0618225 -0.0006734  0.0010256 -0.0020396  0.2062798  0.0442586 -0.3607831 -0.1661297  0.0718645  0.3048927  0.3963148  0.1386279 -0.0372366 -0.2159198 -0.2703606  0.0588041 -0.0265128 
 0.0007182 -0.0003942 -0.0000527 -0.0000533  0.0000371  0.0000360  0.7014110  0.0002423  0.0026268  0.0002294 -0.0001068 -0.2221492 -0.0748532 -0.0788352 -0.0071986  0.0842399 -0.0012790  0.1793521  0.1094123  0.1236411  0.3084598 -0.1072890 -0.4080404  0.3272861 
-0.0000413  0.0004036 -0.0003900 -0.0000490 -0.0002470  0.0000582  0.7023536 -0.0001670  0.0028319 -0.0003657 -0.0000503  0.2206867  0.0762450  0.0188483  0.0011543  0.0004864  0.0184632 -0.2046525 -0.0914541 -0.0425763 -0.2590544  0.1738955  0.3902052 -0.3870517 
-0.0001894 -0.0002482 -0.0002709 -0.0000824 -0.0000252  0.0001979 -0.0001323  0.7053511  0.0000475  0.0000493 -0.0002381  0.3661342  0.3185297  0.0866864  0.0757207  0.0379034  0.3256836 -0.0780529 -0.0941051  0.0459064  0.0410629  0.1391163 -0.0608437  0.3231293 
-0.0003568 -0.0003000 -0.0001248 -0.0000570 -0.0000683 -0.0003043 -0.0003703  0.7043643  0.0001097  0.0000912 -0.0000601 -0.3366128 -0.3122471 -0.1418119 -0.0998646 -0.0244619 -0.2805005  0.1341607  0.1154598 -0.0470837 -0.0695231 -0.1764959  0.0696234 -0.3306401 
 0.0000178  0.0000916 -0.0000200 -0.0000070 -0.0000170  0.0000356  0.0000221 -0.0000086  0.7067310  0.0000269 -0.0000149  0.0628651  0.0022542 -0.4398886  0.0574334 -0.3933814 -0.1698526 -0.1917057  0.1071001  0.0751864 -0.1155620  0.1317833 -0.0432893  0.1723513 
 0.0000049  0.0000380 -0.0000553  0.0000119  0.0000759  0.0000051  0.0000903  0.0000062  0.7067365  0.0000069  0.0000522 -0.0631915 -0.0024702  0.4561473 -0.0561369  0.3701013  0.1653109  0.1987891 -0.1125714 -0.0965038  0.1027554 -0.1491440  0.0478513 -0.1562212 
 0.0000000  0.0000000  0.0000000  0.0000000  0.0000000  0.0000000  0.0000000  0.0000000  0.0000000  0.7071045  0.0000000 -0.0740538 -0.0096993  0.0884738  0.3257777  0.0475838 -0.0198828  0.0626152 -0.1303702  0.4207994 -0.3905921 -0.1280686 -0.1036645  0.0103733 
 0.0000000  0.0000000  0.0000000  0.0000000  0.0000000  0.0000000  0.0000000  0.0000000  0.0000000  0.7071045  0.0000000  0.0727731  0.0100028 -0.0879619 -0.3257783 -0.0486609  0.0204215 -0.0634330  0.1291080 -0.4193642  0.3919641  0.1292759  0.1044929 -0.0112984 
-0.0000005  0.0000029 -0.0000004 -0.0000001  0.0000000 -0.0000002  0.0000006 -0.0000005 -0.0000002 -0.0000006  0.7070985  0.0913482 -0.1729334  0.0988362 -0.1972757 -0.1719070  0.2510478 -0.2493798 -0.0061741 -0.0143042 -0.1049082 -0.0905190 -0.4290002 -0.2341458 
-0.0000002 -0.0000002 -0.0000005 -0.0000001  0.0000000 -0.0000005 -0.0000004 -0.0000007  0.0000022  0.0000000  0.7070995 -0.0919414  0.1739051 -0.1013050  0.1945633  0.1720408 -0.2489796  0.2530903  0.0043673  0.0147567  0.1032450  0.0925804  0.4283799  0.2336153 
