 0.2886751 -0.1124976  0.0707221  0.0852707  0.3050786 -0.2206243 -0.2087194 -0.3360120  0.3388711  0.4726889 -0.1795267  0.4722543 
 0.2886751  0.2390446  0.0057121  0.2728068  0.0449436 -0.2933961 -0.3442914 -0.0926245  0.1365200 -0.5317190 -0.4332366 -0.2842436 
 0.2886751 -0.3949194  0.0814371  0.1670493 -0.4184022  0.5093572 -0.3975024 -0.2443700 -0.0651516  0.1308277  0.0286628 -0.2274988 
 0.2886751  0.0863554 -0.3162811  0.1479144 -0.1787798  0.4225453  0.5212974 -0.0078336  0.2692408 -0.2290019 -0.2482191  0.3441406 
 0.2886751 -0.3393203 -0.4676282 -0.1604344 -0.2385760 -0.3862652  0.0340353  0.4628864  0.1054424  0.2507096 -0.1250612 -0.2143777 
 0.2886751 -0.3814600  0.2814175  0.3207254  0.3028504 -0.0805141  0.2335324  0.1698437  0.2575952 -0.2498179  0.5151669 -0.1155333 
 0.2886751  0.1995653  0.1729989 -0.4063762  0.3047557  0.4081442 -0.3312782  0.5407243  0.1018014 -0.0245974 -0.0424873  0.0860849 
 0.2886751  0.1247352 -0.0977859  0.4528336  0.0539757 -0.0661567 -0.0711103  0.2387728 -0.7085303  0.0735619  0.0758054  0.3224210 
 0.2886751 -0.3636542  0.0789377 -0.4864639  0.2684260 -0.0382697  0.2547838 -0.3148661 -0.4445245 -0.2165796 -0.2396385 -0.0451240 
 0.2886751  0.4321417 -0.2915216  0.0274150  0.3073889  0.1415084  0.1760691 -0.2529949 -0.0208192  0.3454419  0.2062985 -0.5218638 
 0.2886751  0.2258280 -0.1734699 -0.3583691 -0.3288160 -0.2152714 -0.1911470 -0.2394259  0.0418794 -0.2622860  0.5611775  0.2708438 
 0.2886751  0.2841814  0.6554613 -0.0623716 -0.4228449 -0.1810574  0.3243308  0.0758999 -0.0123247  0.2407717 -0.1189419 -0.0871033 
