::::::::::::::
run.001.005
::::::::::::::
 0.4472136 -0.5448835 -0.5860826 -0.2968190 -0.2674092 
 0.4472136 -0.5438792  0.5289934  0.4019551  0.2505862 
 0.4472136  0.4253509 -0.4777570  0.4155452  0.4670621 
 0.4472136  0.2755080  0.3193419 -0.7304993  0.2974674 
 0.4472136  0.3879038  0.2155043  0.2098180 -0.7477065 
::::::::::::::
run.002.005
::::::::::::::
 0.6859943  0.0000000 -0.6225466 -0.1038326  0.3620308 
 0.5144958 -0.1714986  0.1589174 -0.2708083 -0.7792884 
 0.5144958  0.1714986  0.6711447  0.4092518  0.2965807 
 0.0000000  0.6859943 -0.3175501  0.5207738 -0.3966968 
 0.0000000  0.6859943  0.1894933 -0.6907888  0.1277295 
::::::::::::::
run.003.005
::::::::::::::
 0.7071068  0.0000000 -0.2049888  0.4949193 -0.4615565 
 0.7071068  0.0000000  0.2049888 -0.4949193  0.4615565 
 0.0000000  0.7071068 -0.2049888  0.4142000  0.5351803 
 0.0000000  0.7071068  0.2049888 -0.4142000 -0.5351803 
 0.0000000  0.0000000  0.9120956  0.4086398  0.0330931 
::::::::::::::
run.004.005
::::::::::::::
 0.7071068 -0.1973975  0.0669888 -0.0276682  0.6751157 
 0.7071068  0.1973975 -0.0669888  0.0276682 -0.6751157 
 0.0000000  0.9602440  0.0275418 -0.0113755  0.2775673 
 0.0000000  0.0000000  0.9951213  0.0040399 -0.0985760 
 0.0000000  0.0000000  0.0000000  0.9991613  0.0409485 
