 0.5313528 -0.1035376  0.0423393  0.0285517  0.1901153  0.4067144  0.2702610  0.2803874 -0.5925520 
 0.5313528  0.1035376 -0.0423393  0.0285517  0.1093398  0.0177535  0.4770094 -0.4577659  0.5049538 
 0.6597942  0.0000000  0.0000000 -0.0459872 -0.2411606 -0.3418372 -0.6018001  0.1428484  0.0705455 
 0.0000000  0.6931324  0.0126490  0.0000000  0.3807568  0.4337721 -0.4151792 -0.0994997  0.0632420 
 0.0000000  0.7057814  0.0000000  0.0000000 -0.3620832 -0.3689378  0.3774085  0.2060029 -0.2231118 
 0.0000000  0.0000000  0.7057814  0.0000000 -0.0259922  0.1531684  0.0992860  0.5235232  0.4402297 
 0.0000000  0.0000000  0.7057814  0.0000000  0.0143226 -0.1842759 -0.0794425 -0.5660212 -0.3755246 
 0.0000000  0.0000000  0.0000000  0.7057814 -0.5690691  0.3895123 -0.0786912 -0.1409190  0.0162074 
 0.0000000  0.0000000  0.0000000  0.7057814  0.5412414 -0.4289572  0.0092491  0.1574024 -0.0080671 
