 0.7054662 -0.1900777  0.0572602  0.0028284 -0.0049718  0.0014284  0.0092960  0.0025123  0.0010796  0.0031851  0.0024496  0.0014533 -0.0007570 -0.0027787 -0.0011487 -0.0124769 -0.3682092 -0.0340908 -0.0837188 -0.2491051 -0.5067489 
 0.7085999  0.1908846 -0.0572923 -0.0102976 -0.0000990 -0.0004218 -0.0041838 -0.0003957 -0.0000386 -0.0008129 -0.0091417 -0.0006883 -0.0007806  0.0024923  0.0011192  0.0123728  0.3663542  0.0456415  0.0749089  0.2432667  0.5066640 
-0.0011702  0.9628661  0.0224686  0.0004261  0.0001577  0.0003774 -0.0004929 -0.0000958 -0.0002295 -0.0007205  0.0024800  0.0002103 -0.0008003 -0.0006042 -0.0014829 -0.0049090 -0.1504806 -0.0172211 -0.0197808 -0.1079683 -0.1932835 
 0.0002084  0.0000564  0.9964196 -0.0001917  0.0000517  0.0001547  0.0001045  0.0001470  0.0000742  0.0000127 -0.0000231 -0.0000184  0.0001354  0.0001240 -0.0003910  0.0015416  0.0453710  0.0078200  0.0141714  0.0240662  0.0651585 
-0.0000692  0.0019220 -0.0020162  0.7171339 -0.1803703  0.0541063  0.0004207 -0.0047790  0.0014281 -0.0072853  0.0022116 -0.0030067 -0.0199100  0.0021696 -0.0000480 -0.0000420  0.3528763 -0.0351732 -0.3196046 -0.4697440  0.0345201 
 0.0076232  0.0006007  0.0010650  0.6964797  0.1883773 -0.0554881  0.0021047  0.0048943 -0.0006633 -0.0036090 -0.0035894  0.0030513  0.0034121  0.0032395 -0.0014967  0.0002589 -0.3661243  0.0421616  0.3408446  0.4733118 -0.0133904 
 0.0022124 -0.0009961 -0.0004202 -0.0019899  0.9653345  0.0205134  0.0005882  0.0005834  0.0003766 -0.0027535  0.0005128 -0.0008799 -0.0005355  0.0004036 -0.0000303 -0.0001104  0.1354299 -0.0136453 -0.1203900 -0.1860274  0.0078291 
-0.0003166 -0.0000726 -0.0001090 -0.0001376  0.0004023  0.9967635  0.0001923  0.0002228 -0.0003973 -0.0000726  0.0003318  0.0001585 -0.0002599  0.0000078 -0.0002774  0.0000586 -0.0387042  0.0063429  0.0424213  0.0557249 -0.0043212 
 0.0031429  0.0002100 -0.0010256  0.0010618 -0.0020255 -0.0027598  0.7147896 -0.1828120 -0.0580503  0.0016494  0.0043497  0.0004767 -0.0090981  0.0011181 -0.0008683  0.0024998  0.3376639 -0.3013727  0.4192687 -0.0238229 -0.2663697 
-0.0083924  0.0041510 -0.0001899 -0.0037673  0.0008945  0.0026213  0.6992415  0.1860806  0.0586068 -0.0014561 -0.0024389 -0.0002415  0.0029297 -0.0007759  0.0008863 -0.0023197 -0.3364016  0.3114671 -0.4278922  0.0287470  0.2806629 
 0.0005932 -0.0000032 -0.0004756  0.0010168 -0.0029590 -0.0007410  0.0005324  0.9653280 -0.0224480  0.0014048  0.0000991  0.0004953 -0.0017326  0.0000201  0.0002582  0.0009575  0.1361112 -0.1132851  0.1577071 -0.0116009 -0.1060878 
-0.0000524  0.0002412 -0.0001750 -0.0002147 -0.0002025 -0.0000605  0.0005168  0.0001435  0.9963335  0.0006626 -0.0002080  0.0002350 -0.0000949  0.0000329  0.0003263  0.0003172  0.0431139 -0.0373939  0.0530763 -0.0007520 -0.0352648 
-0.0059129  0.0014017 -0.0024417  0.0039834 -0.0005264 -0.0022487 -0.0012624 -0.0038632 -0.0011558  0.7107956 -0.1951609  0.0500889 -0.0015254  0.0015832 -0.0002746  0.0001834  0.1722076  0.5995610  0.1787113 -0.0559412 -0.1728871 
 0.0036291  0.0004798  0.0020409  0.0068454  0.0033211  0.0027575  0.0010785  0.0028017  0.0005589  0.7032328  0.1954147 -0.0505190  0.0123365  0.0028747 -0.0006275 -0.0001337 -0.1756009 -0.6045933 -0.1781289  0.0474148  0.1847283 
 0.0029973  0.0001475 -0.0015607  0.0003902 -0.0001030 -0.0016927 -0.0019976 -0.0001698  0.0002548  0.0013976  0.9610031  0.0202563 -0.0023857 -0.0015837  0.0007543  0.0002115  0.0735237  0.2475043  0.0682792 -0.0098317 -0.0679006 
-0.0001457  0.0002405  0.0001765  0.0002263 -0.0000281  0.0004789 -0.0000422 -0.0000600 -0.0001052 -0.0000812  0.0001514  0.9972383  0.0000572  0.0000267  0.0001367  0.0000047 -0.0146674 -0.0657535 -0.0242660  0.0058263  0.0188138 
 0.0005830  0.0124830  0.0052609  0.0205803  0.0020823  0.0010681  0.0025170 -0.0034970 -0.0019730  0.0009374 -0.0056853 -0.0027745  0.7011143 -0.1888737  0.0446813  0.0001085  0.2415369 -0.0123162 -0.3730378  0.4128949 -0.3193143 
 0.0009239 -0.0111814 -0.0054736 -0.0036370 -0.0073711  0.0010005  0.0037573  0.0024808  0.0010724 -0.0117232  0.0051544  0.0036148  0.7125752  0.1814601 -0.0443118 -0.0000673 -0.2168165  0.0181133  0.3682113 -0.4240237  0.3069352 
 0.0001079  0.0041018  0.0022552  0.0007668  0.0011429  0.0000723 -0.0004553 -0.0008095 -0.0005042 -0.0008335 -0.0007347 -0.0011465  0.0032386  0.9650669  0.0169846 -0.0000423  0.0860099 -0.0042723 -0.1435541  0.1586539 -0.1229821 
 0.0000487 -0.0001294  0.0000397  0.0000075 -0.0001418  0.0001930  0.0000823 -0.0002823 -0.0002782  0.0000882 -0.0001437  0.0001419  0.0001963  0.0000921  0.9978685 -0.0000380 -0.0230600  0.0004878  0.0363731 -0.0400533  0.0282635 
 0.0000000  0.0000000  0.0000000  0.0000000  0.0000000  0.0000000  0.0000000  0.0000000  0.0000000  0.0000000  0.0000000  0.0000000  0.0000000  0.0000000  0.0000000  0.9998259 -0.0116878  0.0002549 -0.0044274 -0.0067642 -0.0120853 
