 0.5571044 -0.0962630 -0.0000923 -0.0000009 -0.0442336  0.0004854  0.0002057 -0.0002284  0.0009757 -0.0001803 -0.1494801  0.0756883 -0.0662872  0.2079550  0.0788995 -0.4878563  0.2698780  0.1309566 -0.1472199  0.1630303 -0.1678189  0.0449235 -0.1024111 -0.4237490 
 0.5552057  0.0964998 -0.0003971  0.0001569 -0.0451281 -0.0003936  0.0001131  0.0002324  0.0009106 -0.0000192  0.1801399  0.0250574  0.1366853 -0.1151545 -0.1454990  0.1407223 -0.0145951 -0.2653859 -0.0781508 -0.5741423  0.2737097  0.1541548  0.2579623 -0.0527955 
 0.6175607 -0.0000106  0.0003596 -0.0001443  0.0805908 -0.0000869 -0.0002860 -0.0000059 -0.0016998  0.0001783 -0.0273409 -0.0908317 -0.0628809 -0.0840646  0.0597977  0.3134417 -0.2303114  0.1202782  0.2033482  0.3690467 -0.0945369 -0.1792234 -0.1395416  0.4297607 
 0.0000052  0.7006310 -0.0000981  0.0000279 -0.0000163 -0.0000172 -0.0000017 -0.0000030  0.0000811 -0.0000250 -0.0798952  0.0060971 -0.1984595 -0.3513374  0.0670044 -0.1372506  0.3179594 -0.0796824 -0.0487624  0.1912493  0.1458184 -0.3063674  0.2336239  0.0209439 
 0.0000775  0.7003830 -0.0000997 -0.0000027 -0.0000018  0.0001397  0.0000144 -0.0000638 -0.0000738  0.0000038  0.0346913  0.0019122  0.1707218  0.3959454 -0.0362692  0.0513840 -0.2788546  0.1344954  0.0388432 -0.0893538 -0.2061577  0.2915081 -0.2834987 -0.0720463 
 0.0002875 -0.0000243  0.5518233 -0.0996184  0.0421580 -0.0002629 -0.0014361  0.0000604  0.0025321  0.0027519  0.3917824 -0.1154967 -0.3717920 -0.1387679 -0.2280194  0.1558655 -0.0469389  0.2635584 -0.3948959  0.0491444 -0.1751354  0.0870354  0.0348193 -0.1169784 
-0.0000461 -0.0006036  0.5567343  0.1000350  0.0405777  0.0001612  0.0009567  0.0000210 -0.0004300 -0.0013207 -0.1351252  0.5937990  0.2721096  0.0661714  0.1306232  0.1273524  0.1049149 -0.0240782 -0.0510021  0.1411222  0.3602681  0.0210482 -0.1704982  0.0492071 
-0.0001339  0.0008334  0.6209168 -0.0011563 -0.0739961  0.0000884  0.0004189 -0.0000770 -0.0018627 -0.0012619 -0.2269282 -0.4296871  0.0865469  0.0640177  0.0854030 -0.2528768 -0.0521830 -0.2128559  0.3964912 -0.1707388 -0.1671932 -0.0960136  0.1221644  0.0594909 
-0.0000164 -0.0000013  0.0000035  0.6995058 -0.0000104 -0.0000866 -0.0003774  0.0000013  0.0004749  0.0004109  0.1054082 -0.2232346  0.0286301 -0.1870545  0.0072896  0.0393626 -0.2457008  0.1326081  0.1339217  0.0692620  0.2767468 -0.1351842 -0.1538928 -0.4394342 
 0.0000671  0.0000385 -0.0000079  0.7005422  0.0000041  0.0000241  0.0000367  0.0000079 -0.0000567  0.0001680 -0.0306504  0.1209490 -0.1202116  0.1577093 -0.0581417 -0.0357131  0.2235354 -0.0917505 -0.1818970 -0.0824167 -0.3530424  0.1441424  0.1830355  0.4153435 
-0.0000844  0.0002795  0.0000380  0.0000272  0.7001952  0.0000048 -0.0000442 -0.0001190  0.0000448 -0.0000725  0.0856086 -0.1231786 -0.0323191 -0.1795664  0.3581985 -0.2566052  0.0486960  0.0679577 -0.1198791 -0.2876553  0.0744693  0.0661227 -0.3290442  0.1936222 
-0.0000466  0.0000026  0.0000186  0.0000843  0.7002424  0.0000264  0.0001719  0.0001092 -0.0000535 -0.0001829 -0.1200269  0.0671535  0.0599330  0.2062190 -0.3542608  0.1552787 -0.0148473 -0.1275943  0.1507588  0.1892878 -0.0845371 -0.0493334  0.3759328 -0.2627725 
-0.0000001 -0.0000005  0.0000002  0.0000018  0.0000010  0.5592821  0.0930199  0.0000000  0.0000000 -0.0486544  0.0984611  0.1540802 -0.2640033 -0.2550216 -0.1768887 -0.0482627  0.1269948 -0.2467968  0.4084112  0.0907859 -0.0529798  0.3978640 -0.2426610 -0.0482765 
 0.0000027 -0.0000007 -0.0000001  0.0000013 -0.0000006  0.5591953 -0.0930359 -0.0000009  0.0000006 -0.0487223 -0.0715670 -0.0349231  0.0864022  0.0489909  0.4419124  0.1176561 -0.0419305  0.4452380  0.0011522 -0.0309211  0.0303354  0.1458215  0.4759224 -0.0359991 
 0.0000007 -0.0000007  0.0000005 -0.0000004 -0.0000004  0.6119671  0.0000004  0.0000008 -0.0000003  0.0889884 -0.0241109 -0.1091437  0.1621740  0.1878224 -0.2424115 -0.0628238 -0.0780131 -0.1814064 -0.3744111 -0.0551197  0.0209563 -0.4968725 -0.2128142  0.0772549 
-0.0000001  0.0000001 -0.0000002 -0.0000001  0.0000003 -0.0000001  0.7009591  0.0000000 -0.0000003  0.0000000 -0.3075876 -0.2341215 -0.2625018  0.2388722  0.0235025  0.2989348  0.2385470  0.0829293 -0.0512670 -0.1025108  0.2333592  0.0506619 -0.0942870 -0.0228007 
 0.0000000  0.0000001  0.0000000  0.0000000  0.0000003  0.0000000  0.7009597 -0.0000001 -0.0000001  0.0000000  0.2862322  0.2080434  0.3077827 -0.1992009  0.0580760 -0.2763972 -0.2614832  0.0097755 -0.0035803  0.0865366 -0.2228966 -0.0840854  0.1896190  0.0242091 
 0.0000006 -0.0000016  0.0000036  0.0000010 -0.0000001  0.0000006 -0.0000128  0.5043183 -0.1506587  0.0459583 -0.3103967  0.3554290 -0.2512006 -0.1716828 -0.0089255  0.0924472 -0.1818472  0.1603112  0.1021678 -0.3893295 -0.2765137 -0.2771212 -0.0664784 -0.1360697 
 0.0000009  0.0000047  0.0000017  0.0000016  0.0000026 -0.0000004  0.0000114  0.5043204  0.1506565 -0.0459597  0.1923148 -0.1259746  0.2898596  0.0351379 -0.3729007 -0.1365754  0.3628502  0.4283787  0.2134133 -0.0134950  0.1585231 -0.0079525 -0.0242879  0.1958495 
 0.0000014  0.0000013  0.0000004 -0.0000056 -0.0000039  0.0000002  0.0000011  0.7009450  0.0000001  0.0000006  0.0848302 -0.1651598 -0.0278482  0.0983343  0.2749328  0.0314389 -0.1301592 -0.4234226 -0.2270355  0.2899602  0.0847426  0.2050927  0.0650602 -0.0430497 
-0.0000005  0.0000017 -0.0000001  0.0000002  0.0000001  0.0000009  0.0000010  0.0000004  0.7009539  0.0000004 -0.0240534  0.1622085 -0.3801703  0.1959649 -0.0548472 -0.2749473 -0.3425100  0.0332514  0.0536986 -0.0423099  0.2589190 -0.0365647  0.1159319  0.1238100 
-0.0000001  0.0000002  0.0000002  0.0000001 -0.0000004  0.0000001  0.0000003  0.0000002  0.6806271  0.0203317 -0.0888412 -0.0610546  0.2733257 -0.2469618  0.1383726  0.3339758  0.2314431 -0.0947820 -0.0766597 -0.0387775 -0.3631615 -0.0230502 -0.1290682 -0.1983002 
 0.0000000  0.0000000  0.0000000  0.0000000  0.0000000  0.0000000  0.0000000  0.0000000  0.0000000  0.7009604  0.4302770  0.0864534 -0.1251549  0.2696951  0.2384908  0.1029498  0.2006555 -0.0499913  0.2598337 -0.0570030 -0.0332746 -0.2016209  0.0096437 -0.0692134 
 0.0000000  0.0000000  0.0000000  0.0000000  0.0000000  0.0000000  0.0000000  0.0000000  0.0000000  0.7009604 -0.3921265 -0.0931735  0.1219420 -0.2861636 -0.2159033 -0.1158835 -0.1553303  0.1056115 -0.1722888  0.0936228  0.0690703  0.3203809  0.0400188  0.0816169 
