::::::::::::::
run.001.025
::::::::::::::
 0.2000000 -0.0123624  0.1536697  0.0507917  0.4166573  0.0626294 -0.4482377  0.1711879  0.1833959 -0.1433514  0.1971583  0.0560220 -0.3579179  0.1708495  0.3835275 -0.0123674  0.0698204 -0.0665868  0.0460820 -0.1091829 -0.1602455  0.0167611  0.2352135 -0.1432857 -0.0011509 
 0.2000000  0.2719801 -0.2968767 -0.0953563 -0.0330699  0.2934015 -0.0597730 -0.1726756  0.1264115  0.0074144 -0.1130108 -0.0246426 -0.3479597  0.1731212 -0.4385448  0.0506769 -0.1599936  0.1842949 -0.0362557  0.0422654 -0.3732600  0.0852782 -0.1480593 -0.2192602 -0.1167257 
 0.2000000  0.0866931 -0.2418622 -0.1170440 -0.2359924  0.2740126  0.0475566 -0.0759309 -0.2941639 -0.1220834  0.1501820  0.1466030 -0.2005233 -0.1690675  0.4225673  0.1349172 -0.1604628  0.3906628  0.0299946 -0.1261433  0.2998783 -0.1859396 -0.0335585  0.0262303  0.0946042 
 0.2000000 -0.0137611 -0.0300425  0.0635917 -0.1460276  0.0004962  0.0879732  0.0616496  0.0081209  0.2627942 -0.0855730  0.2758486  0.1126890  0.0789404 -0.0118619 -0.1716998 -0.0418956 -0.2443843 -0.3705597 -0.2536123 -0.0126334 -0.5094066  0.1853064 -0.3953419 -0.0866318 
 0.2000000  0.3369884 -0.1703321  0.2821703 -0.1670228  0.1586956 -0.1257354  0.0141605  0.2750444 -0.3855793 -0.0373921 -0.0127585  0.3999257  0.2067706  0.1969053  0.0148518  0.0854787 -0.1462832 -0.1959100  0.2940360  0.0677573 -0.0410757 -0.1244193  0.1541661 -0.0455786 
 0.2000000  0.1713679  0.0005887  0.2564330 -0.0202432 -0.2382881  0.2006767  0.2374918  0.0497960 -0.0239028 -0.2311453 -0.1427388 -0.1106628 -0.0973829  0.0065588 -0.0407549  0.0799684  0.1949509 -0.0192976 -0.1573215 -0.3183646 -0.1391425  0.0253819  0.1825165  0.6217128 
 0.2000000  0.2354741  0.1991953  0.0760311 -0.0753712 -0.0597513  0.0140119 -0.3476816 -0.1678189 -0.2379937  0.2655818 -0.1544470  0.0135668  0.1178338 -0.2780685 -0.1072325  0.1789591 -0.1794631  0.2355980 -0.1882775  0.3116510  0.0759782  0.0860841 -0.3159402  0.2852458 
 0.2000000  0.0092513 -0.2246223 -0.0613408  0.0270829 -0.0496560 -0.5321363  0.3610458 -0.2086563  0.0769260 -0.0479559 -0.1846638  0.3530024 -0.3663736 -0.1963861  0.1743435 -0.1168105 -0.0220632  0.1139014 -0.0288209  0.0349541  0.0369254 -0.0046867 -0.2037541  0.0570663 
 0.2000000  0.2875943  0.3623268 -0.1462103 -0.4115339 -0.2168850 -0.1831322 -0.2238914  0.1890754  0.3200965  0.1604688  0.1040496  0.0021695 -0.2030925  0.1444697  0.2159231 -0.0970254 -0.0982756 -0.0458876 -0.0900302 -0.2022104  0.1858206 -0.0196745  0.1771018 -0.0676783 
 0.2000000 -0.0407543 -0.1941397  0.0164082  0.1218021  0.0351794 -0.0693629 -0.1150047  0.1484059  0.1344033 -0.3865595  0.0229347 -0.0071336  0.2139943 -0.0900184  0.1869592  0.0199104 -0.1425672  0.2198330 -0.4871913  0.3090402  0.0216498  0.1043973  0.4249934 -0.1158802 
 0.2000000 -0.2997246 -0.0409276 -0.1450299 -0.1024574  0.0642764  0.0942842  0.1411098  0.0746882  0.2252515  0.1705270  0.1205216  0.1623677  0.3691949 -0.0548725  0.4056681  0.4111771  0.2345100 -0.1341386  0.1092632  0.0377141  0.2229527  0.0689264 -0.1214829  0.2218703 
 0.2000000 -0.0100127  0.1375027 -0.2435829 -0.0164016 -0.0589414  0.3166251  0.2864793  0.1329981 -0.5315433  0.0690281  0.2940251  0.1322356 -0.1936117 -0.2139377  0.0720043 -0.0189301  0.0813992  0.1285761 -0.1701269 -0.1317615  0.0453313  0.2239419  0.0378031 -0.2734464 
 0.2000000  0.0520961 -0.1978645 -0.1669348 -0.0269024 -0.0673934  0.0605558  0.1806337 -0.1186368  0.1139234  0.0934393  0.0705233 -0.0154113  0.1528718  0.0065032 -0.5154219 -0.3085686 -0.0872229 -0.2088275  0.0777191  0.1317564  0.4933325  0.2457506  0.1715294  0.1249650 
 0.2000000  0.3619465  0.2270796 -0.3468986  0.4266326 -0.0158587  0.0423334 -0.0107965 -0.0965800  0.1810254 -0.1137449 -0.0413329  0.2178067  0.0102878  0.0569742 -0.2542031  0.2813146  0.3182094 -0.0858511 -0.0042088  0.0909312 -0.0942427 -0.2682359  0.0350459 -0.1504930 
 0.2000000 -0.0957668 -0.2846320  0.3100431  0.1801857 -0.4533572 -0.0357102 -0.4139805 -0.1952370  0.0159799  0.1470891  0.0997274  0.1275042 -0.0223235 -0.0098518  0.0004493  0.0453744  0.2755748  0.0179991  0.1475124 -0.1826566 -0.0491271  0.2742487  0.0770802 -0.2433321 
 0.2000000  0.0592750 -0.1130289  0.0068106  0.1906803 -0.2261993  0.2306036  0.2281582 -0.1021612  0.1195634  0.3949393  0.0725424 -0.0827432  0.2156358 -0.0326331  0.1911936 -0.2441046 -0.3125082  0.2251691  0.1098880 -0.0042867 -0.2108924 -0.4439783  0.1098084 -0.0165804 
 0.2000000 -0.1491868 -0.0491173 -0.0448246  0.0208084  0.1459222 -0.0947209 -0.1428974 -0.0175619  0.0438195 -0.2029477  0.5580779 -0.0940722 -0.2849484 -0.0440338 -0.1971339  0.2730713 -0.2470950  0.2808696  0.3336150 -0.0384190 -0.0002857 -0.1269888  0.0570367  0.2232135 
 0.2000000 -0.3163216  0.2107800 -0.2311824 -0.0960393 -0.0952584 -0.0454588 -0.1888126 -0.2900202 -0.2374122 -0.3824402 -0.0911991  0.1824104  0.3372852  0.2372178  0.0097255 -0.2822815 -0.0502099  0.0904091  0.0073456 -0.2686802  0.0223921 -0.1604255 -0.1201724  0.0655521 
 0.2000000 -0.2144597  0.3634992  0.1643696  0.0753308 -0.1257716 -0.1521882 -0.0145652  0.2571848 -0.0553066 -0.0887268  0.0910982 -0.1372473 -0.0264252 -0.2799216  0.0356326 -0.3691942  0.2860123 -0.2034865  0.2402548  0.4224930 -0.1191862 -0.0954687  0.0204611  0.0773387 
 0.2000000 -0.0052900 -0.0023600  0.3898536  0.0419548 -0.0697912  0.3073987  0.0890414  0.0594815  0.0898215 -0.2374436 -0.0274445 -0.0884553 -0.1990338  0.2565898  0.0562795  0.0243428 -0.0180570  0.0478803 -0.0678527  0.1297908  0.4565875 -0.2298334 -0.4138357 -0.2377559 
 0.2000000  0.1583985  0.1774113 -0.0346968  0.0205457  0.1000963  0.1577816  0.0897912 -0.3552813  0.0373432 -0.2209777 -0.2568444 -0.2650316 -0.0506128 -0.0352012  0.2917668  0.0981520 -0.2440580 -0.1182285  0.4125382  0.0714090 -0.0898250  0.3930150  0.1112548 -0.1545069 
 0.2000000 -0.2061145  0.2477757  0.3538024 -0.3187103  0.2789452 -0.1064530  0.2284642 -0.2171651  0.1163481  0.1515137 -0.1219950 -0.0252136  0.1161185 -0.1292727 -0.3191980  0.1518980  0.1575303  0.1963978 -0.0807406 -0.1248679 -0.0514324 -0.1046170  0.2283094 -0.2872128 
 0.2000000 -0.1297739 -0.0819952 -0.1718968 -0.0395772  0.1141236  0.2041672 -0.0812469  0.4667825  0.2035998  0.0652803 -0.3870563  0.1331971 -0.0861980  0.1506387 -0.1724499 -0.1274866  0.0520384  0.4219712  0.2215663  0.0134867 -0.1943289  0.2363058 -0.1140372  0.0096477 
 0.2000000 -0.2390021  0.0748472  0.0979308  0.3410558  0.4396984  0.1630049 -0.2634816 -0.0294318 -0.0020270  0.2273911 -0.1398848  0.1961219 -0.2953720 -0.0437030  0.0896287 -0.1263853 -0.1691267 -0.3319527 -0.1702606 -0.1766186  0.0896451 -0.0669425  0.1667392  0.1377318 
 0.2000000 -0.2985347 -0.2268753 -0.2632377 -0.1733872 -0.2903252 -0.0740644 -0.0382484  0.1213295 -0.2091104  0.0553188 -0.3269661 -0.3006254 -0.1684620 -0.0036451 -0.1395586  0.3336715 -0.1472818 -0.3042858 -0.0622347  0.0731425 -0.0677698 -0.2516834  0.0670341 -0.1219751 
::::::::::::::
run.002.025
::::::::::::::
 0.2871833  0.0000000  0.0642812  0.1179798  0.1049487 -0.3192398 -0.2056765 -0.1889437 -0.0207239  0.0462770  0.2128886  0.1088933 -0.1586399 -0.1769704 -0.4801859 -0.0742689  0.2761539  0.3112631 -0.2735000 -0.0061307 -0.0423464 -0.1757819 -0.1024814  0.2519792  0.0392407 
 0.2871833  0.0000000  0.2876815  0.0056676  0.0179281  0.2195161 -0.1014046  0.1764672  0.2531518  0.1324248 -0.0430906 -0.1672542 -0.2016739 -0.1159336  0.2325949 -0.1727561 -0.1654832  0.4584399  0.3145375  0.0730062 -0.1884681  0.2089141 -0.1114301  0.2129134  0.1286859 
 0.2871833  0.0000000 -0.3332151  0.1589048 -0.0934543  0.2651739 -0.0777257 -0.3442889  0.2326341 -0.3051182  0.3588490 -0.1261360  0.0624077  0.0771122  0.1528014  0.2142749 -0.2022184  0.0418968 -0.0903998  0.1206956 -0.1729631 -0.2405340 -0.0679889 -0.1623219  0.1499436 
 0.2871833  0.0000000  0.0353013 -0.2362771 -0.2447810 -0.2626601 -0.2942585  0.1017929  0.3191850 -0.0149693 -0.0591330 -0.2551181 -0.0028988  0.3391950  0.1047512 -0.1405826  0.1352372 -0.2519186 -0.2937835 -0.2903923 -0.0458086  0.2162218 -0.0891781 -0.0869043 -0.0369848 
 0.2871833  0.0000000  0.0320899  0.0443722  0.0819356  0.2145837  0.0583756  0.3574273  0.1943686  0.0337380  0.2430587  0.3977261  0.1982193 -0.0717506 -0.2822636 -0.1857649 -0.0802287 -0.1646700 -0.0553953 -0.0120036 -0.1334891  0.1582571  0.4447449 -0.1935248  0.0303970 
 0.2871833  0.0000000 -0.1919187  0.3521887 -0.4070579 -0.0358839 -0.0059406  0.2782044 -0.1339190  0.0809133 -0.2184969 -0.3145370 -0.1089309 -0.4839490 -0.0814862  0.0947387  0.0041056 -0.1855512  0.0260091  0.0741443  0.1397034 -0.0667554  0.0370750 -0.1010134 -0.0567808 
 0.2871833  0.0000000  0.0763191  0.1100436  0.3082594 -0.0415285 -0.1789005 -0.0582931 -0.3946840 -0.0464057 -0.0448134 -0.3270175  0.1141534  0.3363723 -0.1439303  0.1243090 -0.2723433  0.1421824  0.0601220 -0.0292933  0.3312855  0.1719164  0.3095342 -0.0588059  0.0279571 
 0.2871833  0.0000000 -0.0334996  0.1007174 -0.0161197 -0.0150758 -0.1779442 -0.0612961 -0.0490202 -0.0006283 -0.2329383  0.3500073  0.0637675  0.1747966  0.0739211 -0.0206704  0.2069647  0.1117949  0.4803253 -0.2420710 -0.0235347 -0.3107036 -0.1040200 -0.2900930 -0.3375835 
 0.2871833  0.0000000 -0.1180502 -0.3661871  0.2372620  0.1007735  0.0051025  0.0590241 -0.2104944 -0.0226448  0.0500501 -0.0785433 -0.0644270 -0.0574323  0.3359185 -0.2061545  0.3209132 -0.0968708 -0.1236760  0.4892871  0.0383581 -0.1439810  0.1362519  0.0766430 -0.2637159 
 0.2871833  0.0000000 -0.3170147 -0.1052356  0.2939365 -0.0784750  0.1188564 -0.1892888 -0.1153239  0.3188195 -0.2764520  0.1160814  0.1209409 -0.1200393  0.0359429  0.2761775 -0.0007520 -0.2002197  0.0325854 -0.0950372 -0.3617223  0.2868618 -0.1405125  0.1202031  0.2334160 
 0.2871833  0.0000000  0.1740909  0.1420762  0.0584028 -0.1038596  0.5228092  0.1884424  0.1006418 -0.3001836  0.0325502  0.0876597 -0.2129688  0.2491501  0.0143773  0.2466798 -0.0268542 -0.2244792  0.0641021 -0.0606206  0.0940712 -0.0996203 -0.0948765  0.4114708 -0.1026816 
 0.2153874 -0.0717958  0.2548032 -0.3570112 -0.1417611  0.4199956  0.2575456 -0.1153498 -0.2296789  0.2104506  0.0262918 -0.0036636  0.0063469 -0.1195772 -0.0631952 -0.0071206 -0.1413993  0.0523175 -0.2749677 -0.3646589  0.1829942 -0.2022679 -0.2079768 -0.1217610  0.0045456 
 0.2153874  0.0717958  0.1771095 -0.0753227 -0.3132525 -0.3444283  0.1913971 -0.3103137 -0.0047424 -0.1067474 -0.0562550  0.2813147  0.2470538 -0.0811575  0.1132737 -0.2008563 -0.1192605  0.0251924  0.0870652  0.3358795  0.3035578  0.1958747 -0.0815146 -0.1189672  0.2462629 
 0.0000000  0.2871833 -0.3384016  0.0099819  0.1163208 -0.2198174  0.1205831  0.4215636 -0.2443358 -0.1342664  0.0913810  0.1666445 -0.2024026  0.0407480  0.2206709 -0.1298947 -0.1427202  0.3125106 -0.2089467 -0.1581565  0.0171873  0.0162085 -0.2086140 -0.2511460  0.1813943 
 0.0000000  0.2871833 -0.2424302  0.0665720  0.1684837  0.3138456  0.2398231 -0.1032116  0.2337745 -0.0434148 -0.1886854 -0.1925709 -0.0588995  0.1485314 -0.3999107 -0.3030133  0.2321870 -0.0088416  0.0864492  0.1079393  0.2236577  0.1819665 -0.2791337 -0.1358497  0.0123262 
 0.0000000  0.2871833  0.0475606  0.0522803  0.4151406 -0.0999586 -0.1068314 -0.1254543  0.4381069  0.0536086 -0.1058074  0.0438993  0.0182203 -0.3753956  0.2426447  0.0595649 -0.1891718 -0.0772432 -0.1375836 -0.1904020  0.3827285 -0.1199403  0.0941204 -0.0008335 -0.1573925 
 0.0000000  0.2871833 -0.0139540  0.0774578 -0.2364887 -0.0065434  0.2489654 -0.1645837  0.0430803  0.0936194 -0.1735883  0.0229077  0.0291165  0.0955051  0.0079240  0.1698027 -0.0614135  0.3707013 -0.3074375  0.0833493 -0.2390022  0.2182074  0.2344226 -0.0210148 -0.5323149 
 0.0000000  0.2871833 -0.1739348  0.0602308 -0.1867589  0.0779594  0.1059139 -0.0103851 -0.0371928  0.0331765 -0.0461354 -0.0978928  0.3730353  0.0628419  0.1664332 -0.2025905  0.2598008  0.1301808  0.0471540 -0.2956432  0.0454441 -0.2251779  0.3391175  0.4212016  0.2933703 
 0.0000000  0.2871833 -0.1858751 -0.4208055 -0.1603659  0.0604133 -0.3178472  0.1846610  0.0011600 -0.1632683 -0.1671062  0.1350361  0.1250194  0.0039900 -0.3102764  0.1007331 -0.3935025 -0.0244585  0.0903795  0.1519884  0.0204706 -0.1377786 -0.1360835  0.3317925 -0.1086537 
 0.0000000  0.2871833  0.3353671  0.1017975 -0.0111970  0.2699134 -0.2447903  0.1606073 -0.0340735 -0.1071117 -0.1902267  0.1793572  0.0450302  0.0590331  0.0786665  0.4596970  0.3768884  0.0176285 -0.2181894  0.1784315  0.0668696  0.0536854 -0.0742291 -0.1052231  0.2936824 
 0.0000000  0.2871833  0.3308991  0.0150952  0.1221025 -0.1289790  0.0854467 -0.1008420 -0.0759932 -0.1291158 -0.3012735 -0.1805846 -0.1262623  0.0102594 -0.0976818 -0.2446720 -0.1844501 -0.1958381 -0.0392789  0.0715907 -0.4615503 -0.3780956  0.1329287 -0.2045085  0.1816364 
 0.0000000  0.2871833 -0.0784237  0.0276942 -0.1842380  0.0332237 -0.0918782 -0.1486650 -0.0102040  0.5296143  0.1840015  0.1729581 -0.5299784  0.2732384  0.0392122  0.0238070 -0.0882594 -0.1968516  0.1022423  0.1025749  0.1475634 -0.0714397  0.1784888  0.0324741  0.1253169 
 0.0000000  0.2871833  0.1861883  0.3264508  0.0626354 -0.0097812 -0.0637136  0.0998222 -0.1683242  0.2913985  0.3458513 -0.0890125  0.4178754  0.0730024  0.0858299 -0.1281903 -0.0954123 -0.2085127 -0.0193280  0.0961375 -0.1029292 -0.0053402 -0.4254861  0.0880362 -0.2282692 
 0.0000000  0.2871833  0.0718151 -0.0046736 -0.0655919  0.1466184 -0.1512809 -0.2563453 -0.3007823 -0.4141937  0.2020215  0.0593321 -0.2359910 -0.2664981  0.0564742 -0.1124597  0.0798158 -0.2051509  0.1497888 -0.2908867 -0.0920560  0.3952982  0.0445818  0.0955597 -0.1329520 
 0.0000000  0.2871833  0.0806126 -0.3825036  0.0028303 -0.2457881  0.1921467  0.0915737  0.0985499  0.0692529  0.3702043 -0.2913188  0.0850600 -0.1348607 -0.1341040  0.3556496  0.2007031  0.0926567  0.3642421 -0.0320579 -0.0385244 -0.0271293  0.0682710 -0.2511869  0.0114264 
::::::::::::::
run.003.025
::::::::::::::
 0.3072443 -0.0455740  0.0000000  0.0666961 -0.4457423 -0.1298493 -0.0855905 -0.0089281  0.3590881 -0.0340305 -0.0814143  0.1485574 -0.4633434  0.2020977 -0.0451367  0.1139017 -0.1220029 -0.2224078  0.1265080  0.0887672 -0.0855742  0.0875831  0.1308274  0.3257104 -0.1426572 
 0.3072443  0.0455740  0.0000000  0.1896753  0.1801206  0.2432599 -0.5697517  0.2187852  0.0703066  0.0173416  0.1407168 -0.2854859  0.0752534 -0.1009505 -0.1939189 -0.1331742  0.0183775 -0.2790996 -0.1867028  0.0515807  0.2359171 -0.1602118 -0.0508974  0.1020804 -0.1249595 
 0.3072443  0.0000000 -0.0455740  0.2166748  0.1491595 -0.0269505  0.1491802  0.1979093 -0.0884533  0.4506348 -0.0870928  0.4578135  0.0580446  0.0433614 -0.1009163 -0.3373786  0.0282138 -0.0355886 -0.2014632 -0.1723915 -0.0821701  0.1907500  0.2987055 -0.1002316  0.0082856 
 0.3072443  0.0000000  0.0455740 -0.1337008 -0.1236376 -0.0180450 -0.1911258 -0.1608383 -0.0428484 -0.2557604  0.0477486  0.1640920  0.1179528 -0.5018581 -0.0469918  0.3535916 -0.0456496  0.1039843 -0.0234340 -0.2237735  0.1197975  0.3466299  0.2202367 -0.2522514 -0.0895206 
 0.3528183  0.0000000  0.0000000 -0.5311966  0.3134678  0.2267231  0.0967936 -0.0599453  0.0266829  0.1686924  0.0446515  0.2098600 -0.1136707  0.2271926 -0.0533821  0.2544180  0.0851633 -0.0496539 -0.0135132  0.2886120  0.1222413  0.0668932 -0.3171667 -0.0937562  0.0374372 
 0.3528183  0.0000000  0.0000000  0.1421708 -0.2668935  0.0440743  0.1954649  0.0167962 -0.3391551 -0.0391910  0.1693478  0.1009073  0.3832754  0.0958743 -0.0352980  0.2218376 -0.0909481 -0.0778049  0.1936901  0.1127098 -0.1569642 -0.5295293  0.0455576 -0.0390283 -0.0921320 
 0.3528183  0.0000000  0.0000000  0.0130982  0.0533495 -0.0985036  0.2604289 -0.1242458  0.1402894  0.0404212 -0.2522721 -0.1675398 -0.0130579 -0.4123495  0.0953814 -0.1849431 -0.3944491  0.0446005 -0.1357250 -0.1222579 -0.1261066 -0.1277868 -0.4331261  0.1478263  0.1427501 
 0.3528183  0.0000000  0.0000000 -0.0311873  0.0613616 -0.0719273 -0.2084306  0.0028045 -0.1772620 -0.0276268 -0.1190515 -0.3499790 -0.1604523  0.4005874  0.1269857 -0.0084983  0.0024275  0.6143625 -0.0318317 -0.1953317 -0.1213168 -0.0195743  0.1199946 -0.0619397 -0.0308077 
 0.3528183  0.0000000  0.0000000  0.1116031  0.0478004 -0.1599444  0.2629614 -0.0504418  0.0898569 -0.2974649  0.1399440 -0.2155802  0.0886018 -0.0001145  0.2032921 -0.2801500  0.5032300 -0.1543381  0.2356462  0.1390406  0.1184566  0.2052786  0.0632254 -0.0186822  0.2465426 
 0.0000000  0.3528183  0.0000000  0.2703993  0.0124070  0.4372344 -0.2242725 -0.2775221 -0.2328669 -0.0178184 -0.2431232  0.2288856  0.0034082 -0.0403279  0.2910785 -0.0338459  0.1421897  0.0244529  0.2134585  0.0550303 -0.1958214  0.1822444 -0.1944154  0.2236425 -0.0377577 
 0.0000000  0.3528183  0.0000000 -0.0116108  0.0608508 -0.2276828  0.1013434 -0.4014788 -0.0657889 -0.1722369 -0.1721334 -0.1148384  0.2509623  0.2853818 -0.1179498 -0.0916916 -0.2245184 -0.1788943 -0.3520431  0.2306603  0.1025297  0.1712369  0.1237926 -0.0131529 -0.2999139 
 0.0000000  0.3528183  0.0000000 -0.0595352  0.2698165 -0.2071232  0.0216399  0.2164267  0.0924414 -0.1429148  0.2314326  0.1774915  0.1001085 -0.1240610 -0.3356448 -0.0626107 -0.0978568  0.3824887  0.2903776  0.1354633 -0.0249116  0.0354613  0.0348199  0.4332994 -0.0596531 
 0.0000000  0.3528183  0.0000000 -0.2506915  0.0536995  0.2707136  0.0813844 -0.2368682  0.0086063 -0.0736798  0.0939746 -0.1019174 -0.3740208 -0.1291075 -0.2328103 -0.2549528 -0.0229899 -0.1417199  0.1111146 -0.1271899 -0.2303035 -0.2908797  0.3467046 -0.2299795  0.1157946 
 0.0000000  0.3528183  0.0000000  0.0801837  0.1351278 -0.1553911  0.1825213 -0.0479892  0.1596410  0.3977863  0.1312385 -0.1370223 -0.1187439 -0.1377091  0.3675713  0.2793365  0.1889595 -0.0190667  0.0418741 -0.1982951  0.2371545 -0.1832734  0.0788883  0.0387685 -0.3878740 
 0.0000000  0.3528183  0.0000000  0.1774344 -0.2520247  0.0198625 -0.1212327  0.0268912  0.5445260 -0.0180355  0.0656186  0.1950311  0.1601588  0.1237756  0.0106861 -0.0305392  0.0500312  0.2577297 -0.1310203  0.0847374  0.0085518 -0.1296265 -0.2106827 -0.4393840  0.1895094 
 0.0000000  0.3528183  0.0000000 -0.0717614 -0.1852842 -0.0167684 -0.0323098  0.2086730 -0.2314544  0.1601996  0.0908950 -0.1211456  0.0177120  0.1571792  0.1341171  0.0550136 -0.4081420 -0.1720441  0.1927695 -0.1424045  0.3463004  0.2170748  0.0150432  0.0044837  0.4712258 
 0.0000000  0.3528183  0.0000000 -0.1503039 -0.1754363 -0.1690399  0.0534658  0.4824536 -0.2378023 -0.1399362 -0.2265955 -0.0704186 -0.1091562 -0.0959859 -0.0978296  0.1712054  0.3541936 -0.1456233 -0.3260730 -0.0331985 -0.2850275  0.0297702 -0.1706768  0.0112090  0.0063829 
 0.0000000  0.0000000  0.3528183 -0.0195151  0.0747333 -0.1310943 -0.1039443 -0.1875202  0.1646749  0.2201584 -0.4394495 -0.0993164  0.2720157  0.0960586 -0.3813275  0.1951049  0.2267459 -0.1117247  0.2671740 -0.2588983 -0.0067495 -0.0768210  0.0253819  0.0822585  0.2132411 
 0.0000000  0.0000000  0.3528183  0.1250613 -0.0362257  0.4850238  0.4278936  0.2641734  0.1006726 -0.2804085 -0.1184656 -0.0489457 -0.0235905  0.1415664 -0.1285981 -0.0177558 -0.0742230  0.0764935  0.0224539 -0.2465275  0.2584613  0.1021915 -0.0534314 -0.0176790 -0.2733880 
 0.0000000  0.0000000  0.3528183 -0.0365208  0.0652625 -0.2994549 -0.1815005  0.1252808 -0.1114052  0.0230272  0.0378556  0.0278929 -0.0884273  0.0089521  0.0544181 -0.2523404 -0.1449256 -0.1634416  0.4021814  0.0177818 -0.1608610  0.1024501 -0.2873681 -0.4225107 -0.3669818 
 0.0000000  0.0000000  0.3528183 -0.1770552 -0.2402319  0.0957573  0.0021127 -0.1768273  0.0366473  0.2021640  0.5547749 -0.1130896  0.1858069  0.0785062 -0.0037129 -0.1005516  0.0817567 -0.0006631 -0.2286392 -0.2195002 -0.3142841  0.2240574 -0.1306996  0.2425973 -0.0193680 
 0.0000000  0.0000000  0.3528183  0.3808751 -0.0288530 -0.1648888  0.0532360 -0.2437199 -0.3258381  0.0395361  0.1655697  0.0920538 -0.4231401 -0.0793375 -0.2745951  0.0782293  0.0996815  0.1435130 -0.1817970  0.1575242  0.2739775 -0.0740436 -0.1644443 -0.0310291  0.1810161 
 0.0000000  0.0000000  0.3528183  0.0817976  0.0128352  0.1593042  0.0716663  0.1669866  0.0927773  0.2454636 -0.1042559 -0.2862411  0.0339321 -0.2094225  0.1022470  0.1592218 -0.1303239  0.1053935 -0.0101342  0.5877086 -0.2275704  0.1579073  0.3244750 -0.0801170  0.0759262 
 0.0000000  0.0000000  0.3528183 -0.4048473 -0.2518548 -0.0409589 -0.1398414  0.0306598 -0.0705743 -0.0136772 -0.2021375  0.2249878  0.0733607 -0.1139746  0.2723201 -0.3574514  0.1054613  0.1292594 -0.1001108  0.1176516  0.3418739 -0.2920503  0.1521248  0.1769686 -0.0272045 
 0.0000000  0.0000000  0.3528183  0.0954628  0.4395721 -0.1048388 -0.0856646  0.0673066  0.1071547 -0.3450176  0.0886907  0.2405987 -0.0376961  0.1480781  0.3522830  0.2062897 -0.1546319 -0.1968588 -0.1941245 -0.1491032 -0.1909361 -0.1638266  0.1440976  0.0691480  0.2293927 
::::::::::::::
run.004.025
::::::::::::::
 0.3727692 -0.0349793  0.0000000  0.0000000  0.1061931 -0.2174918 -0.3082057 -0.1196338 -0.1484122  0.0648412  0.0181195  0.0918901  0.3666661 -0.0269579  0.0471550 -0.5036936  0.3273335 -0.0728003  0.2069141  0.0108660  0.0457225 -0.1284020 -0.1617432  0.0375605 -0.2535838 
 0.3727692  0.0349793  0.0000000  0.0000000 -0.3346697  0.3573885 -0.1627837 -0.0903782 -0.2687934 -0.2087798 -0.0771751 -0.1526193  0.0546229 -0.3015457 -0.0322476  0.2768769  0.0661209  0.3333717 -0.0302186 -0.0362888 -0.1764783 -0.2678761 -0.0283989  0.2111654  0.0517942 
 0.3727692  0.0000000 -0.0349793  0.0000000  0.0340188 -0.0719481  0.0480615  0.0808435  0.2518307  0.0522246  0.1283858 -0.4726157  0.1718182  0.2973146 -0.1927576  0.0426150 -0.0705139  0.1442768 -0.2964644 -0.0555643 -0.1805680  0.0266665  0.2280086 -0.3120969 -0.2868479 
 0.3727692  0.0000000  0.0349793  0.0000000  0.1075559 -0.3393392  0.3095947  0.0196925  0.0699862 -0.2818950 -0.2889820 -0.1009229 -0.2674060  0.1565989  0.3420883  0.1271270  0.3607635  0.0401771  0.1293091  0.0537127 -0.0456197  0.1096652 -0.0179177  0.0324786  0.2504712 
 0.3727692  0.0000000  0.0000000 -0.0349793  0.1854450  0.0801354 -0.1424476  0.2457071 -0.3910549 -0.0345073 -0.2357036  0.1301114 -0.0106522  0.0459762  0.1926230  0.1140667 -0.4582068 -0.3233137 -0.1901083  0.0704192  0.2707515  0.0324677  0.0561109 -0.1603397 -0.0244889 
 0.3727692  0.0000000  0.0000000  0.0349793 -0.3896938  0.0526980 -0.0874356  0.0417140  0.3566226  0.1710436  0.2334198  0.3127275 -0.1130892  0.3416797 -0.0983333 -0.0458858 -0.0955556 -0.0095971  0.0657955 -0.0602203  0.3045571 -0.0990653  0.0497413  0.1893672  0.2961192 
 0.4077485  0.0000000  0.0000000  0.0000000  0.2661738  0.1266710  0.3137731 -0.1626798  0.1186840  0.2167351  0.2028966  0.1750070 -0.1846344 -0.4690518 -0.2363497 -0.0101533 -0.1187944 -0.1024966  0.1049267  0.0156107 -0.1996323  0.2985310 -0.1150090  0.0017050 -0.0305933 
 0.0000000  0.4077485  0.0000000  0.0000000  0.0459625 -0.0097383 -0.1132924 -0.2391425 -0.1510195 -0.2593906  0.2771938  0.2046916  0.0529384  0.2770194 -0.2050148  0.3178930  0.2518445 -0.4169892 -0.1881669  0.0340895 -0.2095773  0.0528103 -0.0971051  0.0021346  0.0059012 
 0.0000000  0.4077485  0.0000000  0.0000000 -0.3525889 -0.3267792  0.0856413  0.4412055 -0.0810574  0.0306605  0.1193184 -0.0430892  0.0003829 -0.0789409 -0.0211311 -0.0228932 -0.2271113  0.0550051  0.2371703  0.2769173 -0.1990949 -0.0258688 -0.3483466 -0.1302453 -0.0606565 
 0.0000000  0.4077485  0.0000000  0.0000000  0.2937118  0.0937370 -0.1688205 -0.1651655  0.0214848  0.3288710 -0.1848316  0.1088834 -0.1680884  0.1849607  0.1339149 -0.0154654 -0.0539754  0.4074924 -0.1069202 -0.2760845 -0.0677527 -0.1050441 -0.3501680 -0.2023527  0.1087587 
 0.0000000  0.4077485  0.0000000  0.0000000 -0.0771581  0.1035308 -0.0915345  0.0364317  0.1245141 -0.2387073 -0.2228264  0.1523705 -0.0743243 -0.1390437 -0.1656854  0.0080482  0.0966453  0.0717185  0.3866393 -0.2146435  0.2423553  0.1674694  0.4150457 -0.2760495 -0.2536580 
 0.0000000  0.4077485  0.0000000  0.0000000  0.1042279  0.0779926  0.3186651 -0.1636751  0.2390922 -0.0474368 -0.1770692 -0.2226582  0.2374812 -0.1965409 -0.0774121 -0.1693302 -0.0435031 -0.1888387 -0.1764654  0.2331152  0.3098024 -0.3979021 -0.0071616  0.0747169  0.1882778 
 0.0000000  0.4077485  0.0000000  0.0000000  0.0236648  0.0119403 -0.0431342  0.0878361 -0.1426872  0.2094762  0.1963900 -0.1792225 -0.0216207 -0.0238988  0.3421402 -0.1852148 -0.0014916  0.0367678 -0.1319143 -0.0493487 -0.0566710  0.3205003  0.3762964  0.5169030 -0.0148205 
 0.0000000  0.0000000  0.4077485  0.0000000 -0.0508767  0.3078216  0.3268472 -0.2078367 -0.2608387 -0.2549982  0.2351104 -0.2020200 -0.0097986  0.3064725  0.0779611 -0.2777211 -0.2046058  0.0248552  0.2644416 -0.1507584  0.0896344  0.0721218 -0.1574861 -0.0778773 -0.0274547 
 0.0000000  0.0000000  0.4077485  0.0000000  0.2328762 -0.0189515 -0.1206149  0.2955591  0.0188888 -0.0156130 -0.1799153 -0.1206694  0.1177069  0.0739034 -0.4664967  0.1502328  0.0944383  0.1561036 -0.0189887  0.0375512  0.2562886  0.2803989 -0.2467943  0.3604386  0.0047252 
 0.0000000  0.0000000  0.4077485  0.0000000 -0.0568195  0.0090866  0.0499093 -0.0235538 -0.0189219  0.4469317  0.1136655 -0.0306236  0.3938700 -0.1043849  0.2652236  0.4320536  0.1888625 -0.0834864  0.2001748 -0.0011224  0.0871355  0.0052907  0.1168694 -0.2558793  0.1446155 
 0.0000000  0.0000000  0.4077485  0.0000000  0.0928545 -0.1662865 -0.2004425  0.1956154 -0.0381433 -0.1951690  0.1548086  0.0584252 -0.0803705 -0.2361212 -0.1309985 -0.3020540  0.0056642  0.0135037 -0.2032007 -0.1670904 -0.2136652 -0.1245236  0.2387463 -0.2308828  0.4905107 
 0.0000000  0.0000000  0.4077485  0.0000000 -0.2480605 -0.1744858  0.2809103 -0.0097581 -0.0445279  0.0873827 -0.0805792  0.2839016 -0.2235129 -0.0926340  0.0524242 -0.0132664  0.1256058  0.0135515 -0.4244580 -0.1412885  0.0808201 -0.1935759 -0.0071424  0.0663734 -0.4899322 
 0.0000000  0.0000000  0.4077485  0.0000000  0.0237175  0.0657541 -0.3590454 -0.2447799  0.3591428 -0.0398712 -0.2072856 -0.0209000 -0.1602154  0.0648357  0.1560037  0.0035051 -0.2469628 -0.1155972  0.1455055  0.4133339 -0.3117901 -0.0468321  0.0769043  0.1082674 -0.1685591 
 0.0000000  0.0000000  0.0000000  0.4077485  0.3090110  0.1338584  0.2769772  0.2810965 -0.0605435 -0.0010294 -0.0375232  0.3356512  0.2002747  0.2222625 -0.0539012  0.0345658 -0.0375190  0.1306861  0.1855082  0.0489015 -0.2996185 -0.3349601  0.2486357  0.1738001 -0.0630073 
 0.0000000  0.0000000  0.0000000  0.4077485 -0.3114990  0.2362995  0.0591956  0.0047672  0.1129223 -0.0541784 -0.3098339  0.1683124  0.3153215  0.0003564  0.0953988 -0.2144076  0.0703039 -0.0161228 -0.2805930  0.0611084 -0.1531863  0.4634536 -0.1391653 -0.1483247  0.1246646 
 0.0000000  0.0000000  0.0000000  0.4077485  0.2092342  0.1258427 -0.1698963  0.1688036  0.2392171 -0.2797196  0.4525822 -0.0238096 -0.1043857 -0.1885917  0.3273925  0.1001980  0.1034360  0.1311095 -0.1041617  0.1244741  0.2958881 -0.0271662 -0.1867486 -0.0931773 -0.1616641 
 0.0000000  0.0000000  0.0000000  0.4077485 -0.0815372  0.2029347 -0.0795228  0.0935535 -0.2234315  0.3429207 -0.0909876 -0.3130012 -0.4644691  0.0629144 -0.2017503 -0.1151608  0.3100275 -0.2694307  0.0721615  0.1391774  0.0292627 -0.1116555  0.0352589 -0.1232474  0.0192489 
 0.0000000  0.0000000  0.0000000  0.4077485 -0.0486017 -0.2594502 -0.0777000 -0.0646678  0.1422482 -0.0416895 -0.1037693 -0.2175686  0.0614032 -0.1141383  0.0306887  0.1322871 -0.2567813 -0.3241311  0.1278849 -0.6155677 -0.0789625 -0.0786197 -0.1430715  0.1970026 -0.0236157 
 0.0000000  0.0000000  0.0000000  0.4077485 -0.0272681 -0.4371314 -0.0137729 -0.4660532 -0.2745532  0.0160627  0.0492875  0.0347498  0.0006431 -0.0081706 -0.1728684  0.0762394 -0.2205777  0.3209763 -0.0227530  0.2531134  0.2037164  0.1002316  0.1856371 -0.0360533  0.0768697 
::::::::::::::
run.005.025
::::::::::::::
 0.4472136  0.0000000  0.0000000  0.0000000  0.0000000  0.1363558 -0.2130300 -0.3344959 -0.1259650  0.4006492 -0.0101385 -0.0505359 -0.0889237 -0.0393600 -0.1447304  0.2292483 -0.1447895 -0.2316786  0.2633623  0.0809242  0.1421547 -0.0599144 -0.0721836  0.2234210  0.3642298 
 0.4472136  0.0000000  0.0000000  0.0000000  0.0000000  0.2014600  0.1452276  0.1684175  0.1506380 -0.2621197  0.2460817  0.0339248  0.0626506 -0.2632261  0.0827049  0.2042345  0.2585124 -0.1578502 -0.1303289 -0.1707246 -0.1492708  0.3051754 -0.1501953 -0.3043168  0.2581256 
 0.4472136  0.0000000  0.0000000  0.0000000  0.0000000 -0.0042435 -0.0444140 -0.0695090 -0.2129400  0.0014703  0.0897333  0.0621874 -0.0962832  0.5410950  0.2942876 -0.3188155  0.0720588  0.0801115 -0.1911525 -0.4043496  0.0446730 -0.1540393  0.0351720  0.0098614 -0.0830893 
 0.4472136  0.0000000  0.0000000  0.0000000  0.0000000 -0.3828156  0.3100670 -0.0072799  0.3992453 -0.0785389 -0.1640086  0.1112999 -0.1830457 -0.1163121 -0.0512501 -0.1544084 -0.1801788  0.2314051  0.2766361  0.1287026 -0.0150526 -0.0299697 -0.2151380  0.0742504 -0.2165096 
 0.4472136  0.0000000  0.0000000  0.0000000  0.0000000  0.0492433 -0.1978506  0.2428673 -0.2109783 -0.0614610 -0.1616679 -0.1568761  0.3056020 -0.1221968 -0.1810120  0.0397411 -0.0056028  0.0780121 -0.2185171  0.3654474 -0.0225042 -0.0612519  0.4023449 -0.0032161 -0.3227565 
 0.0000000  0.4472136  0.0000000  0.0000000  0.0000000 -0.0232355 -0.0545611  0.1582876 -0.1329161 -0.2455121 -0.2067618 -0.1033670 -0.3569309 -0.2336484  0.3524577  0.1665471 -0.3859844  0.0599864 -0.0567703 -0.1541199 -0.1077033 -0.0532353  0.2265688  0.1527965  0.1934484 
 0.0000000  0.4472136  0.0000000  0.0000000  0.0000000  0.1071146 -0.2705149 -0.1267008  0.2879167  0.0876715 -0.1113191 -0.3088796 -0.2154580 -0.0965713 -0.0772245 -0.3288385  0.4202644  0.0841210  0.0178590 -0.0041670  0.2872598  0.2258736  0.0739134 -0.0739791 -0.0505937 
 0.0000000  0.4472136  0.0000000  0.0000000  0.0000000  0.1052172  0.2241189  0.3962408 -0.4353360  0.1688015  0.0690594 -0.0272398  0.0552229  0.0863503 -0.1707755 -0.0130561  0.1461625  0.0261795  0.2886138 -0.0076096 -0.1397929  0.0654541 -0.3777791  0.1508857 -0.1536734 
 0.0000000  0.4472136  0.0000000  0.0000000  0.0000000 -0.2165343  0.2639369 -0.1161263  0.0374898  0.2392186  0.1186884  0.3690580  0.2990770 -0.0895338  0.2519341  0.0429079 -0.0207599 -0.2474080 -0.2319812  0.1583991  0.3589159 -0.0899691  0.0856110 -0.1112433 -0.0331861 
 0.0000000  0.4472136  0.0000000  0.0000000  0.0000000  0.0274379 -0.1629798 -0.3117012  0.2428457 -0.2501795  0.1303332  0.0704284  0.2180890  0.3334031 -0.3563918  0.1324396 -0.1596827  0.0771211 -0.0177212  0.0074975 -0.3986795 -0.1481234 -0.0083140 -0.1184597  0.0440048 
 0.0000000  0.0000000  0.4472136  0.0000000  0.0000000  0.2160788  0.0693317  0.2736048  0.2515948  0.2593978  0.0467175 -0.0534890  0.1064687 -0.1648039 -0.2537477 -0.2533292 -0.3235723 -0.1656897  0.0001082 -0.4092087  0.0197708 -0.2105531  0.1339375 -0.0875318 -0.0320107 
 0.0000000  0.0000000  0.4472136  0.0000000  0.0000000  0.0601583  0.1856447 -0.4575601 -0.2300178  0.1458878  0.0402946 -0.0567713 -0.0234186 -0.1534267  0.1627938 -0.2165000 -0.0801414  0.0514733 -0.0962917  0.1505013 -0.4098579  0.3835484  0.0514643 -0.0005650 -0.1316008 
 0.0000000  0.0000000  0.4472136  0.0000000  0.0000000 -0.1509981  0.0377659 -0.0054805 -0.1194938 -0.1810626  0.2038425 -0.4467376  0.0295912  0.1613558  0.0290111  0.2286995 -0.1633027  0.2342950 -0.0197823  0.1363338  0.4256859 -0.0438185 -0.2370607 -0.2507490  0.0689689 
 0.0000000  0.0000000  0.4472136  0.0000000  0.0000000 -0.0178768 -0.2548704  0.0254012  0.0935915  0.0670335 -0.4067805  0.2175180  0.2015668 -0.0140627  0.3124537  0.2860339  0.3726113  0.1316857  0.2264661 -0.0962183 -0.1308604 -0.2106635 -0.0821819 -0.0376486 -0.0370048 
 0.0000000  0.0000000  0.4472136  0.0000000  0.0000000 -0.1073622 -0.0378720  0.1640346  0.0043254 -0.2912566  0.1159260  0.3394800 -0.3142082  0.1709376 -0.2505108 -0.0449041  0.1944051 -0.2517642 -0.1105003  0.2185920  0.0952617  0.0814867  0.1338408  0.3764943  0.1316474 
 0.0000000  0.0000000  0.0000000  0.4472136  0.0000000  0.2780753  0.4000179 -0.0216556  0.1643992 -0.1069570 -0.3099393 -0.1287130  0.2788129  0.3111653  0.0532408  0.0771673 -0.0320337  0.0189733  0.1046547 -0.0275387  0.1542800  0.2621328  0.2006717  0.2560551  0.1276650 
 0.0000000  0.0000000  0.0000000  0.4472136  0.0000000 -0.1471323  0.0049421 -0.0069963  0.0319287  0.3332222  0.1307915  0.0808598 -0.3142229 -0.0131162 -0.2100787  0.4695099  0.0738823  0.2286419 -0.2624092 -0.2364735 -0.0251456  0.1112027  0.0962238 -0.0159700 -0.2721588 
 0.0000000  0.0000000  0.0000000  0.4472136  0.0000000 -0.2152988 -0.1275307  0.0859085  0.0515811 -0.0280747  0.2662217 -0.2273397 -0.0740874  0.0835997  0.2451467 -0.0572495  0.0333004 -0.4635666  0.3966609  0.1381461 -0.1916023 -0.0985164  0.1747060 -0.1815355 -0.1606934 
 0.0000000  0.0000000  0.0000000  0.4472136  0.0000000  0.0920870  0.0359991  0.1105316 -0.1130196  0.1150856 -0.0912744  0.1735264 -0.1232681 -0.0504985 -0.0573762 -0.3083798  0.0400526  0.2888027 -0.1181502  0.3095227 -0.0987044 -0.2722891 -0.0632598 -0.3102152  0.4674578 
 0.0000000  0.0000000  0.0000000  0.4472136  0.0000000 -0.0077311 -0.3134284 -0.1677881 -0.1348894 -0.3132760  0.0042004  0.1016665  0.2327655 -0.3311503 -0.0309326 -0.1810480 -0.1152016 -0.0728513 -0.1207563 -0.1836567  0.1611723 -0.0025300 -0.4083417  0.2516657 -0.1622706 
 0.0000000  0.0000000  0.0000000  0.0000000  0.4472136 -0.0218984 -0.2491744  0.2819910  0.3126928  0.2683425  0.0226739 -0.1109323  0.0702090  0.1945537  0.2363945 -0.0143324 -0.1755621 -0.0357912 -0.3140648  0.2166457 -0.1629397  0.1912636 -0.3010285  0.2043055  0.0572337 
 0.0000000  0.0000000  0.0000000  0.0000000  0.4472136  0.1128567 -0.1253416  0.0210457 -0.0227855 -0.0414603  0.4436674  0.2610461  0.1241686 -0.1120618  0.0890252 -0.0458413 -0.0475305  0.4285530  0.3850462 -0.0345171  0.1374561  0.1218204  0.2987984  0.0806296  0.0315987 
 0.0000000  0.0000000  0.0000000  0.0000000  0.4472136  0.1113065 -0.0602180 -0.0353454 -0.1780863 -0.1030927 -0.3840397  0.2481759 -0.1935031  0.1397830 -0.1435462  0.0321780 -0.2025657 -0.2412609  0.0973924 -0.0197107  0.1520157  0.2316946 -0.0577018 -0.4801714 -0.1813626 
 0.0000000  0.0000000  0.0000000  0.0000000  0.4472136  0.3658914  0.3034213 -0.2045883  0.0548278 -0.1219261  0.0646358 -0.1629668 -0.1964914 -0.1247496  0.0432190  0.0999594  0.2094970 -0.0868765 -0.1192465  0.1045107 -0.0177098 -0.5213046 -0.0665847  0.1420515 -0.2104768 
 0.0000000  0.0000000  0.0000000  0.0000000  0.4472136 -0.5681563  0.1313127 -0.0631030 -0.1666488 -0.0018635 -0.1469375 -0.2353230  0.1956168 -0.0975253 -0.2250925 -0.0719637  0.2161612 -0.0646243 -0.0491273 -0.2669287 -0.1088222 -0.0234740  0.1265165  0.0531848  0.3030071 
::::::::::::::
run.006.025
::::::::::::::
 0.4102939 -0.0453036  0.0187313 -0.0117274 -0.0078587  0.0059085 -0.0914114  0.0476589 -0.2307330  0.1050902 -0.0128943 -0.0572378 -0.0942933 -0.1841535 -0.1473577 -0.4163618  0.1730268  0.2196982 -0.0012735  0.3933098 -0.1171496  0.2764634 -0.4188564  0.1189346 -0.0123619 
 0.4102944  0.0453037 -0.0187311 -0.0117272 -0.0078582  0.0059088 -0.1137581 -0.2116843  0.1216534 -0.1552160 -0.0739741  0.0374115  0.1043026  0.0829502 -0.1058969  0.0603460  0.2182523 -0.1487158  0.0041751 -0.2784788  0.1318742 -0.5594827 -0.3747504  0.2524346 -0.1048799 
 0.4635085 -0.0000001 -0.0000002  0.0207619 -0.0088771  0.0066757  0.0507776 -0.0465489  0.2420187  0.2107831  0.0652460 -0.0224999  0.0395433  0.0144457 -0.3118935  0.0961343  0.3148931  0.1593913  0.3193324 -0.1372852  0.0398619  0.1243976  0.4332713 -0.2528130  0.2229729 
 0.4706000 -0.0000001  0.0000000 -0.0000001  0.0224462  0.0067770  0.0121180  0.0276478 -0.3019484  0.1411631  0.0638874  0.0731458  0.1692885  0.0303181  0.3845440  0.0451475 -0.2394156 -0.0110154 -0.1919350  0.1978228 -0.2125199 -0.3229207  0.2720249 -0.2855323 -0.1966466 
 0.4764587  0.0000000  0.0000000  0.0000000 -0.0000001 -0.0233641  0.1153118  0.1592236  0.1567268 -0.3013162 -0.0517692 -0.0332850 -0.2142948  0.0431509  0.1416865  0.1684629 -0.4068058 -0.2053042 -0.1235767 -0.1607208  0.1584483  0.4416512 -0.0067742  0.2081646  0.0782769 
 0.0000000  0.4980913  0.0017321  0.0000000  0.0000000  0.0000000  0.0497411  0.3497213  0.0427839 -0.0059863  0.2164485  0.1374345 -0.2736946  0.0864423  0.0617489 -0.1789142  0.1910561  0.0077575 -0.1373103 -0.2193162 -0.4862191 -0.1130623  0.1014179  0.2226644  0.1695311 
 0.0000000  0.4994565  0.0003669  0.0000000  0.0000000  0.0000000 -0.1541972 -0.5077031 -0.0945471  0.1537061  0.1234582  0.0609320  0.2774164  0.0208400 -0.0402895  0.0181956 -0.2999117 -0.1261557  0.1646649 -0.1587814 -0.1968186  0.2779686 -0.2105436 -0.1119580  0.0841445 
 0.0000000  0.4995513  0.0002721  0.0000000  0.0000000  0.0000000  0.2305458 -0.1887401  0.0151503 -0.2443620 -0.0762223  0.1454597 -0.1928594 -0.0471429  0.2159676 -0.1567876  0.1799975 -0.0254246  0.0139192  0.3470310  0.4933200 -0.0819501  0.0656734 -0.1982956  0.1293741 
 0.0000000  0.4987905  0.0010330  0.0000000  0.0000000  0.0000000 -0.1241360  0.3717333  0.0047699  0.1204441 -0.2578819 -0.3525334  0.1706397 -0.0842344 -0.2413818  0.2741724 -0.0748560  0.1775028 -0.0422023  0.0914583  0.1659284 -0.0074344  0.0397697  0.0762278 -0.3747186 
 0.0000000  0.0000000  0.4998235  0.0000000  0.0000000  0.0000000  0.1108442 -0.0655029 -0.1160369  0.1239834  0.1370295 -0.5605898 -0.1464526  0.2824826 -0.1856448 -0.2261200 -0.0317587 -0.3040797 -0.2080987 -0.0510907  0.0933433 -0.0817566  0.0111668 -0.1527939  0.0814231 
 0.0000000  0.0000000  0.4998235  0.0000000  0.0000000  0.0000000 -0.0194208  0.0175825 -0.1283022 -0.5268224  0.0875944  0.0144648  0.1969037 -0.5150215 -0.0856377 -0.0478178  0.0135394 -0.0623734  0.2301040 -0.0415995 -0.1535601 -0.0252901  0.1974724  0.0457095 -0.0995450 
 0.0000000  0.0000000  0.4998235  0.0000000  0.0000000  0.0000000 -0.0365382 -0.1156344  0.2622483 -0.0034281 -0.3945941  0.2643034  0.0304748  0.1832851  0.0118324 -0.0856070 -0.1572022  0.5279588 -0.2683522 -0.0901948 -0.0656495 -0.0084380 -0.0395569 -0.0697080  0.0687510 
 0.0000000  0.0000000  0.4998235  0.0000000  0.0000000  0.0000000 -0.0556508  0.1523310 -0.0048002  0.3963040  0.1674149  0.2854970 -0.0729862  0.0591486  0.2612007  0.3775352  0.1767311 -0.1755995  0.2469859  0.1582079  0.1364166  0.0844049 -0.1677440  0.1810562 -0.0540414 
 0.0000000  0.0000000  0.0000000  0.4998234  0.0000000  0.0000000  0.5604717 -0.1510063  0.1070347 -0.0765144  0.1406550 -0.1308266 -0.0170526  0.0148665  0.0885799  0.1871222  0.1833522  0.1679709 -0.0345842 -0.0567642 -0.2030363  0.1198398 -0.2126570 -0.1130335 -0.3685465 
 0.0000000  0.0000000  0.0000000  0.4998234  0.0000000  0.0000000 -0.0993380  0.1193207 -0.1967366  0.1894838  0.1435747  0.3903640 -0.0615230 -0.1385547 -0.2467631 -0.2822411 -0.1442404 -0.0552705 -0.1495773 -0.2968273  0.3675952  0.0092957  0.0939192 -0.0340461 -0.1881406 
 0.0000000  0.0000000  0.0000000  0.4998234  0.0000000  0.0000000  0.0264648  0.0375730  0.1215154  0.0420950 -0.2081274 -0.1036934  0.4785195  0.1530426  0.1425832 -0.1988341  0.0210318 -0.1677133  0.0581232  0.2402326 -0.0315561  0.0003008  0.1814815  0.4000072  0.2856429 
 0.0000000  0.0000000  0.0000000  0.4998234  0.0000000  0.0000000 -0.4945216 -0.0078024 -0.0444260 -0.1649962 -0.0808507 -0.1553745 -0.4013517 -0.0323291  0.0226136  0.2816065 -0.0640434  0.0500576  0.1128418  0.1217559 -0.1343132 -0.1412439 -0.0993614 -0.2337128  0.2590314 
 0.0000000  0.0000000  0.0000000  0.0000000  0.4998234  0.0000000 -0.1884831  0.1775598 -0.1117422 -0.2378318  0.0281709 -0.0437205  0.0764583  0.4653553  0.2125300 -0.2372539  0.0804866  0.1258035  0.3797110 -0.1661456  0.0828681  0.1255565 -0.0290900 -0.1265013 -0.2322460 
 0.0000000  0.0000000  0.0000000  0.0000000  0.4998234  0.0000000 -0.0518749  0.1394380  0.0731481  0.0812796  0.0628022 -0.1010344  0.2704935 -0.3697766  0.1936352  0.1046318  0.2223330 -0.0238295 -0.3983425 -0.1823346  0.1013462  0.0799133 -0.1973881 -0.2153346  0.3157197 
