 0.7071068  0.0000000  0.0000000  0.0000000  0.0000000  0.0000000 -0.2845086  0.3045932 -0.0442136 -0.3583413 -0.0970089  0.4318609 
 0.7071068  0.0000000  0.0000000  0.0000000  0.0000000  0.0000000  0.2845086 -0.3045932  0.0442136  0.3583413  0.0970089 -0.4318609 
 0.0000000  0.7071068  0.0000000  0.0000000  0.0000000  0.0000000  0.4711979 -0.2109366  0.1818025 -0.0785917  0.0868217  0.4321013 
 0.0000000  0.7071068  0.0000000  0.0000000  0.0000000  0.0000000 -0.4711979  0.2109366 -0.1818025  0.0785917 -0.0868217 -0.4321013 
 0.0000000  0.0000000  0.7071068  0.0000000  0.0000000  0.0000000 -0.1795070 -0.5257750 -0.1628877 -0.0973440 -0.3882226  0.0679175 
 0.0000000  0.0000000  0.7071068  0.0000000  0.0000000  0.0000000  0.1795070  0.5257750  0.1628877  0.0973440  0.3882226 -0.0679175 
 0.0000000  0.0000000  0.0000000  0.7071068  0.0000000  0.0000000 -0.2510860  0.0079644  0.3501882  0.4898357 -0.1217696  0.2439134 
 0.0000000  0.0000000  0.0000000  0.7071068  0.0000000  0.0000000  0.2510860 -0.0079644 -0.3501882 -0.4898357  0.1217696 -0.2439134 
 0.0000000  0.0000000  0.0000000  0.0000000  0.7071068  0.0000000  0.2797696  0.2573527  0.1545994 -0.0401658 -0.5571578 -0.1398552 
 0.0000000  0.0000000  0.0000000  0.0000000  0.7071068  0.0000000 -0.2797696 -0.2573527 -0.1545994  0.0401658  0.5571578  0.1398552 
 0.0000000  0.0000000  0.0000000  0.0000000  0.0000000  0.7071068  0.1532629  0.1414056 -0.5403035  0.3382111 -0.0841533  0.2076502 
 0.0000000  0.0000000  0.0000000  0.0000000  0.0000000  0.7071068 -0.1532629 -0.1414056  0.5403035 -0.3382111  0.0841533 -0.2076502 
