 0.3333333 -0.1318885 -0.4389046 -0.0574416 -0.2240547 -0.1943733  0.0873857 -0.7176353 -0.2548320 
 0.3333333 -0.6996295 -0.0395681  0.1404186  0.0262378  0.0561759 -0.5012396  0.0917003  0.3385707 
 0.3333333 -0.2600158  0.3144666 -0.2364914  0.1849161 -0.5271634  0.5630643  0.1331063  0.1400332 
 0.3333333 -0.1355191  0.2338490  0.0695557 -0.1769456  0.1208411 -0.0679153  0.3317702 -0.8064762 
 0.3333333  0.1208813 -0.3917870 -0.3731292  0.6544271  0.3625025  0.0317632  0.1275354 -0.0678017 
 0.3333333  0.2461041 -0.4412361  0.6121992 -0.1450803 -0.0938577  0.2495102  0.3709630  0.1706399 
 0.3333333  0.2557925  0.0167405 -0.5480462 -0.6120393  0.1662983 -0.0756227  0.1752844  0.2900578 
 0.3333333  0.5070360  0.2610376  0.0854494  0.2382005 -0.4415400 -0.5367391 -0.1283868  0.0095950 
 0.3333333  0.0972389  0.4854022  0.3074854  0.0543385  0.5511165  0.2497934 -0.3843375  0.1802132 
