 0.2132007 -0.0253866  0.0366166 -0.0329565 -0.3941122 -0.2223901 -0.2209433  0.3232285  0.0852480  0.0790399 -0.3115378  0.0324057 -0.3673287  0.1881974  0.1222297 -0.2642116  0.1245865  0.2680138 -0.0536149  0.3582055  0.0543897 -0.0720105 
 0.2132007 -0.2427872 -0.0402006 -0.1549412  0.1131921 -0.3163202 -0.0672137 -0.0766066  0.0867870 -0.0590056 -0.1339777 -0.2029654 -0.1297188 -0.2152247  0.1659128  0.0740184  0.3115224 -0.6415208 -0.2505261  0.0081574 -0.0760934 -0.0564929 
 0.2132007 -0.1244401  0.1056161  0.4777752 -0.3296175 -0.0009106  0.3641003 -0.0640721 -0.2586383 -0.0694885 -0.1602476 -0.4016322  0.0223670 -0.1349133  0.2195724 -0.0770912 -0.0832921  0.0119398  0.1043158 -0.1722902  0.0845742  0.2606678 
 0.2132007  0.0801195  0.3268697  0.1990134  0.0415040  0.0595038 -0.2850351 -0.1961040  0.4174634  0.1189160 -0.1476208 -0.3443952  0.2893001 -0.0582731 -0.3836776 -0.0465677  0.2053917  0.1473078  0.0029085 -0.0828455  0.0929696 -0.1789594 
 0.2132007  0.1918334 -0.3383226 -0.0827453  0.2279430 -0.1490929  0.1183501  0.0916772 -0.1574323  0.3063101 -0.1673663  0.0558876  0.3581526 -0.4213608  0.2422284 -0.1610049  0.0156851  0.2040470  0.0557197  0.0350002  0.1601080 -0.2963639 
 0.2132007  0.4117318  0.2547363 -0.0175668  0.0517920 -0.1588605  0.1280219 -0.1498580  0.1896785 -0.4215034  0.1758866  0.0034197 -0.0124547 -0.2299201  0.2017381  0.0334216 -0.2308987  0.1739031 -0.2244388  0.2781831 -0.3197856  0.0073942 
 0.2132007 -0.2004792 -0.2729539  0.0328859  0.2066081  0.1075893  0.1563543 -0.2072800  0.1481927 -0.0451282  0.2961669 -0.1480204 -0.0023999  0.2575952  0.0927988  0.1128517  0.1127003  0.1753183 -0.2037109  0.3821326  0.4913389  0.1529323 
 0.2132007 -0.1635984 -0.0079727 -0.0425450 -0.2526062 -0.1486617  0.5176568 -0.1742826 -0.0779024  0.0264618  0.0778621  0.1685454  0.1017849  0.2765578 -0.2679181  0.1046775  0.1594270  0.0283366  0.0210038  0.0240856 -0.2528137 -0.4895684 
 0.2132007  0.1665069  0.2619372  0.2511559  0.0728470  0.0111113 -0.0735238  0.2385975 -0.3590044 -0.0347111  0.0401446  0.2294530  0.2099103  0.0416581 -0.2745260  0.0043018 -0.0841033 -0.4209946  0.0531758  0.4265340  0.2288596  0.0197567 
 0.2132007 -0.2823334 -0.1245620 -0.0458035 -0.1407082  0.3829984  0.0878613  0.2909938  0.2483634  0.1502923  0.2032082 -0.0655932 -0.1262868 -0.3242780 -0.2221282 -0.1612042 -0.4429343 -0.1223602 -0.1970002  0.0275930 -0.0782543 -0.1232015 
 0.2132007  0.4069215 -0.1433281  0.2885230 -0.0787160  0.4922343 -0.0504028 -0.1956394  0.1068368  0.2006636 -0.0586463  0.2245644 -0.2651367  0.1073188  0.2866950  0.1137149  0.1651631 -0.2207185 -0.0226206 -0.0931234 -0.0628150 -0.1557322 
 0.2132007 -0.3146509  0.1745957  0.1850669  0.0519096 -0.1245206 -0.2525201  0.1980381  0.1737862 -0.1141868  0.3995909  0.1800002  0.1552628  0.1148815  0.4358765  0.0124134 -0.0512060  0.0044302  0.3334798 -0.2127360  0.0204634 -0.2175675 
 0.2132007  0.3799516  0.2432680 -0.3722610 -0.0925708 -0.1495251  0.1120906  0.2077357 -0.0893184  0.3138788  0.3387518 -0.2226393 -0.0913336  0.1938577  0.0121158  0.0595772 -0.0206964 -0.0507144 -0.1372357 -0.3531986  0.2261230  0.0873309 
 0.2132007  0.1102490 -0.1474671 -0.4701604 -0.1514134  0.1721601 -0.0086698 -0.1276992  0.1273269 -0.2887249 -0.2424450 -0.1687844  0.1253023  0.1507855  0.0302491 -0.0032776 -0.2379741 -0.2021657  0.5368261  0.0743761  0.1149947  0.0009566 
 0.2132007  0.1781578 -0.3542944  0.1427092  0.2223303  0.0244699  0.0811581  0.4749331  0.0270621 -0.4492857  0.0330029 -0.0844195 -0.1054833  0.0353609 -0.2770294 -0.0306869  0.3243376  0.0830121  0.0780875 -0.2415307 -0.1108663  0.0711004 
 0.2132007 -0.0209545 -0.0965262  0.1485911  0.2434662 -0.3065485 -0.0370617 -0.0684602  0.0450610  0.3314086 -0.0356369 -0.0376136 -0.3691242 -0.0712130 -0.1928693  0.4542287 -0.2502462  0.0895672  0.3760992  0.0883256 -0.1540845  0.1427196 
 0.2132007 -0.1126241  0.1070095 -0.0934473  0.1235637  0.0517406 -0.2172913 -0.3251456 -0.4136128 -0.2835499 -0.0190018  0.1095994 -0.4004973 -0.1568539 -0.1496462 -0.1106175 -0.1108815  0.1698330 -0.0716338 -0.2495442  0.2879841 -0.2753913 
 0.2132007 -0.0043294 -0.2263734 -0.0052335  0.0534324 -0.0076820 -0.3075351 -0.2492977 -0.2960966  0.1625536  0.2666915 -0.1863380  0.1137145  0.2196909 -0.0416841 -0.4565954 -0.0101922 -0.0182355  0.0107554  0.0722972 -0.4618928  0.1820280 
 0.2132007 -0.0268928 -0.0544924  0.0780219  0.1325423 -0.2366586  0.1250215 -0.1225977  0.2829431  0.0128622 -0.2917383  0.4454691  0.1079552  0.2342094 -0.0786723 -0.2749713 -0.2789616 -0.0827869 -0.2130994 -0.3076459  0.0960147  0.3074045 
 0.2132007 -0.1893267  0.3833304 -0.2728809  0.1871738  0.2884953  0.2323185 -0.0029610  0.0063531  0.1264263 -0.0130909  0.2521158 -0.0773738 -0.2157595  0.0257271 -0.1527422  0.3924769  0.1231432  0.2356509  0.0712233 -0.1205484  0.3527372 
 0.2132007 -0.1847985  0.1262109 -0.1165844  0.2257194  0.2670911 -0.1077874  0.2124658 -0.2311142 -0.0048474 -0.3646562 -0.1148721  0.2084294  0.2784928  0.1644649  0.3887129 -0.1537501  0.1675728 -0.3163291 -0.0475073 -0.2418593 -0.0231490 
 0.2132007 -0.0328697 -0.2136972 -0.0966167 -0.5142797 -0.0362233 -0.2949494 -0.0776657 -0.0619826 -0.0583817  0.1146600  0.2758130  0.2549587 -0.2708096 -0.1114574  0.3810521  0.1438459  0.1130714 -0.1178128 -0.0856918  0.0211934  0.3034085 
