 0.4227722 -0.0744488  0.0000000  0.0000000  0.0000000 -0.2569169 -0.0318301  0.3933187  0.2498954  0.3437208  0.1613525  0.3758472 -0.0653636  0.1146177  0.0986813  0.0705600 -0.1840751  0.1189090  0.0109273 -0.3800920  0.1246324 -0.0764373 
 0.4227722  0.0744488  0.0000000  0.0000000  0.0000000 -0.0888476 -0.0886134  0.0963405 -0.1696996 -0.0422119  0.3870979 -0.3612029  0.1194657 -0.2737102 -0.1786825  0.2474792 -0.1673931  0.0085283 -0.0759246  0.2155619 -0.3312293 -0.3277209 
 0.4445777  0.0000000  0.0000000  0.0000000 -0.0526432  0.1700059 -0.1474007  0.2494927 -0.1163471 -0.1401918 -0.0850119  0.1531989  0.2676465 -0.1724348 -0.0718491 -0.1824482  0.2303940 -0.0125535 -0.2697171  0.2785976  0.2542397  0.4634197 
 0.4445777  0.0000000  0.0000000  0.0000000  0.0526432  0.0666371 -0.2392236 -0.3753352 -0.2399672  0.3041009 -0.4738309 -0.2102549 -0.3074182  0.2238486 -0.0664229  0.0195696  0.0135883 -0.0385306 -0.0900636 -0.0875547  0.0611148 -0.0875171 
 0.4972210  0.0000000  0.0000000  0.0000000  0.0000000  0.0824047  0.4480999 -0.3038237  0.2504014 -0.4029193  0.0333443  0.0385636 -0.0104405  0.0893012  0.1916551 -0.1247854  0.0806923 -0.0626806  0.3769541 -0.0309212 -0.1063031  0.0075398 
 0.0000000  0.4972210  0.0000000  0.0000000  0.0000000  0.0370846  0.0821881  0.2106672 -0.5658521 -0.0564536 -0.1097355  0.0783489  0.0252432  0.0233799  0.1818884 -0.0594379 -0.3048999  0.0117338  0.2430049 -0.2316567 -0.2284459  0.2507968 
 0.0000000  0.4972210  0.0000000  0.0000000  0.0000000 -0.1851537 -0.2792383 -0.1416365  0.1510608 -0.0549693 -0.1533472  0.3272248  0.4146498  0.1252069 -0.0213582  0.1226899  0.2437892 -0.3087987  0.0002637  0.0257715 -0.0611248 -0.3189225 
 0.0000000  0.4972210  0.0000000  0.0000000  0.0000000 -0.0824152  0.4030047  0.0280156  0.0814673 -0.0389925 -0.0710127  0.0255591 -0.2217074  0.0302359 -0.4095335  0.0318671  0.0972188  0.4892540 -0.1967184  0.1017887  0.2037164 -0.1036630 
 0.0000000  0.4972210  0.0000000  0.0000000  0.0000000  0.2053194 -0.1974524 -0.0525798  0.3961498  0.2082010  0.3002946 -0.3207745 -0.2458601 -0.1206784  0.2905329 -0.1216092 -0.0386059 -0.1756618 -0.0335459  0.0149094  0.1541105  0.2094134 
 0.0000000  0.0000000  0.4227722 -0.0744488  0.0000000 -0.1384562  0.0166196 -0.1691380  0.2042633  0.2038834 -0.1692402  0.2228298 -0.1214809 -0.2655617 -0.1056562  0.3935342 -0.0752614  0.0104468  0.1284441  0.2231303 -0.3241717  0.4214511 
 0.0000000  0.0000000  0.4227722  0.0744488  0.0000000 -0.1507179 -0.1560446  0.1071563 -0.1108231 -0.1917619 -0.1203779 -0.0194233 -0.2098282 -0.4994332 -0.0405515 -0.1502013  0.0824818 -0.0800739  0.3456997 -0.1146677  0.3940555 -0.2728227 
 0.0000000  0.0000000  0.4445777  0.0000000 -0.0526432  0.6023920  0.2344564  0.2554222 -0.0712329  0.1110811  0.0599092  0.0281081 -0.0335010  0.1450572 -0.0180106  0.2338592  0.2931596 -0.2104661 -0.1277309 -0.1698510 -0.0865257 -0.1860977 
 0.0000000  0.0000000  0.4445777  0.0000000  0.0526432 -0.2775791  0.0291579  0.0381465  0.0569373 -0.1336800 -0.1311206 -0.0831628 -0.0116868  0.0643131  0.4093872 -0.3660790 -0.0192706  0.1457506 -0.4985302  0.0294087 -0.2934836 -0.1094255 
 0.0000000  0.0000000  0.4972210  0.0000000  0.0000000 -0.0445472 -0.1171552 -0.2097860 -0.0666673  0.0098997  0.3099255 -0.1237246  0.3221059  0.4632491 -0.2256236 -0.0886777 -0.2510303  0.1170656  0.1568054  0.0333504  0.2803558  0.1378604 
 0.0000000  0.0000000  0.0000000  0.4972210  0.0000000  0.0327306  0.1740085 -0.0774099  0.2012400  0.0141113 -0.1597387 -0.1120923  0.2125847 -0.2112821 -0.3817867 -0.1715187 -0.2848595 -0.2754964 -0.2187763 -0.3852644 -0.0855422  0.1048164 
 0.0000000  0.0000000  0.0000000  0.4972210  0.0000000  0.0697030 -0.4256776  0.2266012  0.1784184 -0.3117184 -0.0640867 -0.1247874 -0.1471644  0.2344759 -0.0533351  0.1398608  0.2104465  0.3320432  0.1864207 -0.0791799 -0.2445824  0.1107146 
 0.0000000  0.0000000  0.0000000  0.4972210  0.0000000  0.2985177 -0.0055129 -0.2650742 -0.1245385  0.3054753  0.1257091  0.3635436  0.0862778 -0.1800654  0.2177052 -0.1649565 -0.0867683  0.3012974  0.0601888  0.2670983 -0.0111423 -0.2206836 
 0.0000000  0.0000000  0.0000000  0.4972210  0.0000000 -0.3991154  0.2830350  0.0745134 -0.2079421  0.0513717  0.0908001 -0.0903914 -0.1384700  0.1918891  0.2076685  0.2780278  0.1375625 -0.3442906 -0.0603628  0.2479244  0.2337268  0.1091062 
 0.0000000  0.0000000  0.0000000  0.0000000  0.4972210 -0.0645159  0.0436637  0.2346178  0.0145678  0.2570515  0.0544260  0.0326640 -0.1343641  0.1391383 -0.3036018 -0.4750710  0.1682300 -0.2112234  0.2454035  0.2552478 -0.2599618 -0.0137604 
 0.0000000  0.0000000  0.0000000  0.0000000  0.4972210  0.1124247 -0.1618230 -0.1833841 -0.0978471 -0.4015261  0.2507261  0.3702810 -0.3399614  0.0195995 -0.0718860  0.1419664 -0.2180842 -0.1467249 -0.2997769 -0.0667110  0.0660725  0.0222631 
 0.0000000  0.0000000  0.0000000  0.0000000  0.4972210 -0.1216451  0.0653213 -0.2038030 -0.1278540  0.1556055  0.1531779 -0.1611798  0.2751073 -0.2092681  0.1205695  0.1310080  0.4528367  0.2479834 -0.0079255 -0.3956305  0.0191842  0.1657729 
 0.0000000  0.0000000  0.0000000  0.0000000  0.4972210  0.1778473  0.0842956  0.2417270  0.2106514 -0.0322562 -0.3969385 -0.1915038  0.2577935  0.0171226  0.2090931  0.2442264 -0.3469496  0.0750008  0.0825365  0.2247635  0.2170638 -0.1240629 
