 0.2182179  0.3347171  0.3202729  0.2004661  0.1194055  0.1613671  0.0417753 -0.1099376  0.1994330 -0.4378302  0.0541753  0.0094448  0.0318505 -0.2726326 -0.1442968  0.4246044  0.0704993 -0.0006576 -0.2229063 -0.2784416  0.0179338 
 0.2182179  0.4272468 -0.0110627  0.2223116  0.2105290 -0.0860276 -0.0962588  0.1484080 -0.2738067  0.0438594  0.4145842 -0.0512633  0.1149682  0.2767540  0.2176716 -0.1447141  0.1436615  0.1934411  0.2153040 -0.0927595  0.3387164 
 0.2182179  0.2736820  0.1878973 -0.2162352  0.2064007 -0.2958963  0.2144416 -0.0025648  0.0298557  0.3313245 -0.3824112 -0.2601751  0.0405235  0.2506731  0.0729792 -0.0470215  0.1066569  0.0746251 -0.3355537 -0.1443469 -0.2688470 
 0.2182179  0.0862223 -0.0226773 -0.1050818  0.2292109  0.0479398  0.0876593 -0.1734068  0.0881643  0.2552508  0.0453796  0.1931612  0.3516282 -0.0338036  0.1900048  0.2248386 -0.5080599 -0.4090160  0.2976561  0.0060137 -0.0548662 
 0.2182179  0.0418371 -0.0077699  0.1019665 -0.0682686  0.6098701  0.3726164 -0.0226149  0.2550458  0.0893479  0.0656420 -0.2150199 -0.1785638  0.0260780  0.0935589 -0.4462442 -0.0356785 -0.1732562 -0.1142641  0.0380874  0.1199696 
 0.2182179 -0.0964291  0.2426449 -0.0014461  0.0044272  0.2920290 -0.2067233  0.1541581 -0.1385468  0.1352683 -0.3086522  0.2808147  0.4152432 -0.0666431 -0.0540474 -0.0433355  0.4974755 -0.1440209  0.0079751  0.2503605  0.0902937 
 0.2182179 -0.2768697 -0.1488104 -0.1767365  0.2082861 -0.0172273  0.1996281 -0.2276049  0.0114425  0.0610404  0.0676418 -0.1069303 -0.0184361  0.1575968 -0.2062164  0.3571643  0.0112002  0.2089806 -0.2044520  0.3546726  0.5103748 
 0.2182179 -0.3257188  0.4479936  0.3594543 -0.4001153 -0.2622735  0.2605489  0.0088562 -0.2224498  0.0743204  0.1363773  0.1155370 -0.1381167  0.1563877  0.1751927  0.1228867 -0.0636165 -0.1753937 -0.0913836  0.0054993  0.0080966 
 0.2182179  0.2348394 -0.1725670  0.0354442 -0.1903601 -0.0861704 -0.0950096  0.1799350 -0.0597989 -0.3656978 -0.5274457  0.2206628 -0.1089997  0.1361764  0.1048341 -0.1091338 -0.3870176  0.0055066 -0.1104794  0.1427843  0.2849507 
 0.2182179  0.2237665 -0.1167458 -0.2144204 -0.2370532 -0.0300943  0.1133023  0.3903280 -0.0323715  0.3952048  0.2290126  0.3047553 -0.1728365 -0.4295570 -0.2012149  0.0704566 -0.0746782  0.1808617 -0.1398722  0.0101195 -0.0074571 
 0.2182179 -0.0633985 -0.1170744 -0.1747004 -0.1384349  0.0809458 -0.3381031 -0.0395237 -0.4726363 -0.0357156  0.1271227 -0.3724959  0.0760117 -0.0006131 -0.3088306 -0.0575803 -0.1469693 -0.3708506 -0.2526821 -0.2355092  0.0074604 
 0.2182179 -0.1403292  0.4501136 -0.0721908  0.0891868 -0.0591344 -0.3089510 -0.1170337  0.0331829  0.1102249 -0.1536543 -0.2895534 -0.1995427 -0.3838862  0.0341760 -0.1852361 -0.2182274  0.2874466  0.3219058  0.0322697  0.1612297 
 0.2182179 -0.3208280 -0.1470435  0.3252606  0.0589759 -0.1725468  0.0502404  0.1104702  0.2489153 -0.0411463  0.0344470  0.0494649  0.4925084 -0.0168153 -0.2945154 -0.3079859 -0.1860293  0.2863770 -0.1032746 -0.2230482 -0.0727583 
 0.2182179  0.0976073  0.0361346  0.0037517  0.1350053 -0.2248370  0.1817603  0.2617323  0.0338256 -0.2979019  0.1093267 -0.2074021 -0.0786716  0.0081412 -0.3525746 -0.0710689  0.0592383 -0.2294365  0.3031394  0.5018553 -0.3013966 
 0.2182179  0.1117910 -0.0599252 -0.2294869 -0.2962957 -0.3155772 -0.2516365 -0.4087221  0.3725468 -0.1096804  0.2722605  0.0948276  0.0956264 -0.0670863  0.2119089 -0.2327581  0.2039009 -0.1144292 -0.1748366  0.1842965  0.0023180 
 0.2182179  0.0214048 -0.2650798  0.1190699 -0.3764006  0.2195467 -0.0366239 -0.0031063 -0.0670016 -0.0069759 -0.0565362 -0.3701563  0.2109872 -0.0330749  0.3069473  0.3386392  0.0048766  0.3479568  0.1106178  0.1828761 -0.3319916 
 0.2182179 -0.2869360 -0.1088271 -0.4412924  0.1112480 -0.0451179  0.3598641  0.0931934 -0.2187170 -0.3828340 -0.0017386  0.0742371  0.0309224 -0.2036999  0.3265496 -0.0903371  0.1853291  0.0391831  0.1507783 -0.3083703  0.0006098 
 0.2182179 -0.0670687 -0.0907347 -0.1172050 -0.2690192 -0.0061551 -0.1099604  0.1241676  0.3855930  0.0977115 -0.1172993 -0.0304237 -0.1736442  0.3453952 -0.2222390  0.2076253  0.2036897 -0.1047151  0.4299336 -0.3939673  0.1364702 
 0.2182179 -0.2932061 -0.0360690  0.0168168  0.3734864  0.1161154 -0.4148627  0.3480844  0.1928972 -0.0258002  0.1668566  0.1008132 -0.2934639  0.1630867  0.2911936  0.1141117 -0.0546621 -0.0298532 -0.2648556  0.0444194 -0.2369915 
 0.2182179 -0.0226910 -0.4446657  0.4569312  0.2064417 -0.1703416 -0.0026967 -0.2827663 -0.1249509  0.1716981 -0.2223224  0.0502513 -0.3026822 -0.3118865  0.0162196 -0.0034091  0.2540361 -0.1826629  0.0616896 -0.0684098 -0.0340365 
 0.2182179  0.0403607  0.0639954 -0.0926774  0.0233440  0.2435855 -0.0210108 -0.4320522 -0.2406225 -0.0616687  0.0472334  0.4094501 -0.1953122  0.2994093 -0.2573011 -0.1215024 -0.0656252  0.3099132  0.1155606 -0.0084015 -0.3700786 
