 0.3727692 -0.0349793  0.0000000  0.0000000  0.1061931 -0.2174918 -0.3082057 -0.1196338 -0.1484122  0.0648412  0.0181195  0.0918901  0.3666661 -0.0269579  0.0471550 -0.5036936  0.3273335 -0.0728003  0.2069141  0.0108660  0.0457225 -0.1284020 -0.1617432  0.0375605 -0.2535838 
 0.3727692  0.0349793  0.0000000  0.0000000 -0.3346697  0.3573885 -0.1627837 -0.0903782 -0.2687934 -0.2087798 -0.0771751 -0.1526193  0.0546229 -0.3015457 -0.0322476  0.2768769  0.0661209  0.3333717 -0.0302186 -0.0362888 -0.1764783 -0.2678761 -0.0283989  0.2111654  0.0517942 
 0.3727692  0.0000000 -0.0349793  0.0000000  0.0340188 -0.0719481  0.0480615  0.0808435  0.2518307  0.0522246  0.1283858 -0.4726157  0.1718182  0.2973146 -0.1927576  0.0426150 -0.0705139  0.1442768 -0.2964644 -0.0555643 -0.1805680  0.0266665  0.2280086 -0.3120969 -0.2868479 
 0.3727692  0.0000000  0.0349793  0.0000000  0.1075559 -0.3393392  0.3095947  0.0196925  0.0699862 -0.2818950 -0.2889820 -0.1009229 -0.2674060  0.1565989  0.3420883  0.1271270  0.3607635  0.0401771  0.1293091  0.0537127 -0.0456197  0.1096652 -0.0179177  0.0324786  0.2504712 
 0.3727692  0.0000000  0.0000000 -0.0349793  0.1854450  0.0801354 -0.1424476  0.2457071 -0.3910549 -0.0345073 -0.2357036  0.1301114 -0.0106522  0.0459762  0.1926230  0.1140667 -0.4582068 -0.3233137 -0.1901083  0.0704192  0.2707515  0.0324677  0.0561109 -0.1603397 -0.0244889 
 0.3727692  0.0000000  0.0000000  0.0349793 -0.3896938  0.0526980 -0.0874356  0.0417140  0.3566226  0.1710436  0.2334198  0.3127275 -0.1130892  0.3416797 -0.0983333 -0.0458858 -0.0955556 -0.0095971  0.0657955 -0.0602203  0.3045571 -0.0990653  0.0497413  0.1893672  0.2961192 
 0.4077485  0.0000000  0.0000000  0.0000000  0.2661738  0.1266710  0.3137731 -0.1626798  0.1186840  0.2167351  0.2028966  0.1750070 -0.1846344 -0.4690518 -0.2363497 -0.0101533 -0.1187944 -0.1024966  0.1049267  0.0156107 -0.1996323  0.2985310 -0.1150090  0.0017050 -0.0305933 
 0.0000000  0.4077485  0.0000000  0.0000000  0.0459625 -0.0097383 -0.1132924 -0.2391425 -0.1510195 -0.2593906  0.2771938  0.2046916  0.0529384  0.2770194 -0.2050148  0.3178930  0.2518445 -0.4169892 -0.1881669  0.0340895 -0.2095773  0.0528103 -0.0971051  0.0021346  0.0059012 
 0.0000000  0.4077485  0.0000000  0.0000000 -0.3525889 -0.3267792  0.0856413  0.4412055 -0.0810574  0.0306605  0.1193184 -0.0430892  0.0003829 -0.0789409 -0.0211311 -0.0228932 -0.2271113  0.0550051  0.2371703  0.2769173 -0.1990949 -0.0258688 -0.3483466 -0.1302453 -0.0606565 
 0.0000000  0.4077485  0.0000000  0.0000000  0.2937118  0.0937370 -0.1688205 -0.1651655  0.0214848  0.3288710 -0.1848316  0.1088834 -0.1680884  0.1849607  0.1339149 -0.0154654 -0.0539754  0.4074924 -0.1069202 -0.2760845 -0.0677527 -0.1050441 -0.3501680 -0.2023527  0.1087587 
 0.0000000  0.4077485  0.0000000  0.0000000 -0.0771581  0.1035308 -0.0915345  0.0364317  0.1245141 -0.2387073 -0.2228264  0.1523705 -0.0743243 -0.1390437 -0.1656854  0.0080482  0.0966453  0.0717185  0.3866393 -0.2146435  0.2423553  0.1674694  0.4150457 -0.2760495 -0.2536580 
 0.0000000  0.4077485  0.0000000  0.0000000  0.1042279  0.0779926  0.3186651 -0.1636751  0.2390922 -0.0474368 -0.1770692 -0.2226582  0.2374812 -0.1965409 -0.0774121 -0.1693302 -0.0435031 -0.1888387 -0.1764654  0.2331152  0.3098024 -0.3979021 -0.0071616  0.0747169  0.1882778 
 0.0000000  0.4077485  0.0000000  0.0000000  0.0236648  0.0119403 -0.0431342  0.0878361 -0.1426872  0.2094762  0.1963900 -0.1792225 -0.0216207 -0.0238988  0.3421402 -0.1852148 -0.0014916  0.0367678 -0.1319143 -0.0493487 -0.0566710  0.3205003  0.3762964  0.5169030 -0.0148205 
 0.0000000  0.0000000  0.4077485  0.0000000 -0.0508767  0.3078216  0.3268472 -0.2078367 -0.2608387 -0.2549982  0.2351104 -0.2020200 -0.0097986  0.3064725  0.0779611 -0.2777211 -0.2046058  0.0248552  0.2644416 -0.1507584  0.0896344  0.0721218 -0.1574861 -0.0778773 -0.0274547 
 0.0000000  0.0000000  0.4077485  0.0000000  0.2328762 -0.0189515 -0.1206149  0.2955591  0.0188888 -0.0156130 -0.1799153 -0.1206694  0.1177069  0.0739034 -0.4664967  0.1502328  0.0944383  0.1561036 -0.0189887  0.0375512  0.2562886  0.2803989 -0.2467943  0.3604386  0.0047252 
 0.0000000  0.0000000  0.4077485  0.0000000 -0.0568195  0.0090866  0.0499093 -0.0235538 -0.0189219  0.4469317  0.1136655 -0.0306236  0.3938700 -0.1043849  0.2652236  0.4320536  0.1888625 -0.0834864  0.2001748 -0.0011224  0.0871355  0.0052907  0.1168694 -0.2558793  0.1446155 
 0.0000000  0.0000000  0.4077485  0.0000000  0.0928545 -0.1662865 -0.2004425  0.1956154 -0.0381433 -0.1951690  0.1548086  0.0584252 -0.0803705 -0.2361212 -0.1309985 -0.3020540  0.0056642  0.0135037 -0.2032007 -0.1670904 -0.2136652 -0.1245236  0.2387463 -0.2308828  0.4905107 
 0.0000000  0.0000000  0.4077485  0.0000000 -0.2480605 -0.1744858  0.2809103 -0.0097581 -0.0445279  0.0873827 -0.0805792  0.2839016 -0.2235129 -0.0926340  0.0524242 -0.0132664  0.1256058  0.0135515 -0.4244580 -0.1412885  0.0808201 -0.1935759 -0.0071424  0.0663734 -0.4899322 
 0.0000000  0.0000000  0.4077485  0.0000000  0.0237175  0.0657541 -0.3590454 -0.2447799  0.3591428 -0.0398712 -0.2072856 -0.0209000 -0.1602154  0.0648357  0.1560037  0.0035051 -0.2469628 -0.1155972  0.1455055  0.4133339 -0.3117901 -0.0468321  0.0769043  0.1082674 -0.1685591 
 0.0000000  0.0000000  0.0000000  0.4077485  0.3090110  0.1338584  0.2769772  0.2810965 -0.0605435 -0.0010294 -0.0375232  0.3356512  0.2002747  0.2222625 -0.0539012  0.0345658 -0.0375190  0.1306861  0.1855082  0.0489015 -0.2996185 -0.3349601  0.2486357  0.1738001 -0.0630073 
 0.0000000  0.0000000  0.0000000  0.4077485 -0.3114990  0.2362995  0.0591956  0.0047672  0.1129223 -0.0541784 -0.3098339  0.1683124  0.3153215  0.0003564  0.0953988 -0.2144076  0.0703039 -0.0161228 -0.2805930  0.0611084 -0.1531863  0.4634536 -0.1391653 -0.1483247  0.1246646 
 0.0000000  0.0000000  0.0000000  0.4077485  0.2092342  0.1258427 -0.1698963  0.1688036  0.2392171 -0.2797196  0.4525822 -0.0238096 -0.1043857 -0.1885917  0.3273925  0.1001980  0.1034360  0.1311095 -0.1041617  0.1244741  0.2958881 -0.0271662 -0.1867486 -0.0931773 -0.1616641 
 0.0000000  0.0000000  0.0000000  0.4077485 -0.0815372  0.2029347 -0.0795228  0.0935535 -0.2234315  0.3429207 -0.0909876 -0.3130012 -0.4644691  0.0629144 -0.2017503 -0.1151608  0.3100275 -0.2694307  0.0721615  0.1391774  0.0292627 -0.1116555  0.0352589 -0.1232474  0.0192489 
 0.0000000  0.0000000  0.0000000  0.4077485 -0.0486017 -0.2594502 -0.0777000 -0.0646678  0.1422482 -0.0416895 -0.1037693 -0.2175686  0.0614032 -0.1141383  0.0306887  0.1322871 -0.2567813 -0.3241311  0.1278849 -0.6155677 -0.0789625 -0.0786197 -0.1430715  0.1970026 -0.0236157 
 0.0000000  0.0000000  0.0000000  0.4077485 -0.0272681 -0.4371314 -0.0137729 -0.4660532 -0.2745532  0.0160627  0.0492875  0.0347498  0.0006431 -0.0081706 -0.1728684  0.0762394 -0.2205777  0.3209763 -0.0227530  0.2531134  0.2037164  0.1002316  0.1856371 -0.0360533  0.0768697 
