 0.7071068  0.0000000 -0.2049888  0.0000000  0.0000000  0.0000000  0.3641087 -0.3346319  0.3712748  0.2749201 
 0.7071068  0.0000000  0.2049888  0.0000000  0.0000000  0.0000000 -0.3641087  0.3346319 -0.3712748 -0.2749201 
 0.0000000  0.7071068 -0.2049888  0.0000000  0.0000000  0.0000000  0.4821780  0.2714615 -0.3851050  0.0590493 
 0.0000000  0.7071068  0.2049888  0.0000000  0.0000000  0.0000000 -0.4821780 -0.2714615  0.3851050 -0.0590493 
 0.0000000  0.0000000  0.9120956  0.0000000  0.0000000  0.0000000  0.3803972 -0.0283944 -0.0062165  0.1501158 
 0.0000000  0.0000000  0.0000000  0.7071068  0.0000000 -0.2049888  0.1804402  0.3417939  0.4092568 -0.3756417 
 0.0000000  0.0000000  0.0000000  0.7071068  0.0000000  0.2049888 -0.1804402 -0.3417939 -0.4092568  0.3756417 
 0.0000000  0.0000000  0.0000000  0.0000000  0.7071068 -0.2049888 -0.1732466  0.3800813  0.1301685  0.5162941 
 0.0000000  0.0000000  0.0000000  0.0000000  0.7071068  0.2049888  0.1732466 -0.3800813 -0.1301685 -0.5162941 
 0.0000000  0.0000000  0.0000000  0.0000000  0.0000000  0.9120956  0.0032335  0.3244755  0.2424661  0.0632218 
