 0.5371168  0.0000000  0.0000000  0.0000000  0.0000000  0.0000000 -0.1132762  0.5040182  0.0585786  0.3599703  0.0267548 -0.0582441 -0.1071393 -0.3832565  0.1619895 -0.0568706 -0.2016191  0.1321128  0.2310306  0.0905704 
 0.5371168  0.0000000  0.0000000  0.0000000  0.0000000  0.0000000  0.1132762 -0.3197639 -0.0411178 -0.0952799  0.0325639  0.3764134  0.4424631 -0.0805090 -0.0570451 -0.1221481 -0.1904088  0.0243708 -0.1931414 -0.3851312 
 0.6503930  0.0000000  0.0000000  0.0000000  0.0000000  0.0000000  0.0000000 -0.1521635 -0.0144197 -0.2185904 -0.0489874 -0.2627551 -0.2769219  0.3829934 -0.0866667  0.1478398  0.3237501 -0.1292295 -0.0312902  0.2432584 
 0.0000000  0.5371168  0.0000000  0.0000000  0.0000000  0.0000000 -0.1132762 -0.2229704  0.3220578 -0.2977209 -0.3100609 -0.0981455 -0.0541609 -0.3096746  0.0350966 -0.3597195 -0.0631276 -0.2449413  0.2245522  0.0834404 
 0.0000000  0.5371168  0.0000000  0.0000000  0.0000000  0.0000000  0.1132762  0.2514407  0.0029333  0.1052462  0.3706537  0.0670021  0.3317074  0.1747796  0.1917128  0.2552361  0.2977930 -0.3195087  0.1812194 -0.1280971 
 0.0000000  0.6503930  0.0000000  0.0000000  0.0000000  0.0000000  0.0000000 -0.0235117 -0.2683888  0.1589522 -0.0500396  0.0257193 -0.2292074  0.1114009 -0.1873070  0.0862860 -0.1937947  0.4661421 -0.3351000  0.0368790 
 0.0000000  0.0000000  0.5371168  0.0000000  0.0000000  0.0000000 -0.1132762  0.1286425  0.0594628 -0.2511019  0.4675750 -0.3595050  0.0703462  0.1391083 -0.2857265 -0.1952281 -0.3345449  0.0200416  0.0451615 -0.0961874 
 0.0000000  0.0000000  0.5371168  0.0000000  0.0000000  0.0000000  0.1132762 -0.0494544 -0.0344764  0.0429803 -0.2198591  0.0498058 -0.4412156 -0.0427050  0.3324971  0.1734171  0.0589767 -0.1022090 -0.0011679 -0.5397450 
 0.0000000  0.0000000  0.6503930  0.0000000  0.0000000  0.0000000  0.0000000 -0.0653963 -0.0206346  0.1718740 -0.2045723  0.2557602  0.3062766 -0.0796132 -0.0386248  0.0180123  0.2275737  0.0678566 -0.0363314  0.5251748 
 0.0000000  0.0000000  0.0000000  0.5371168  0.0000000  0.0000000 -0.1132762  0.2108564 -0.0257903 -0.1947358 -0.2545889  0.2799517 -0.0131745  0.0697121 -0.4622878  0.2899390 -0.0541128  0.0231730  0.3880178 -0.1249280 
 0.0000000  0.0000000  0.0000000  0.5371168  0.0000000  0.0000000  0.1132762 -0.2763496  0.1104897  0.3177123  0.0540776 -0.0089986 -0.0203842  0.3934337  0.3607906 -0.1378133 -0.3868678 -0.0758505  0.1184291  0.1798250 
 0.0000000  0.0000000  0.0000000  0.6503930  0.0000000  0.0000000  0.0000000  0.0540865 -0.0699477 -0.1015582  0.1655891 -0.2237624  0.0277140 -0.3824817  0.0838198 -0.1256306  0.3641769  0.0435029 -0.4182412 -0.0453359 
 0.0000000  0.0000000  0.0000000  0.0000000  0.5371168  0.0000000 -0.1132762 -0.2326461 -0.3525885  0.1448143 -0.1837695 -0.4577576  0.2652425 -0.1777405 -0.0222993  0.3143768 -0.1518400 -0.1370228  0.1051872 -0.0421483 
 0.0000000  0.0000000  0.0000000  0.0000000  0.5371168  0.0000000  0.1132762  0.4494494  0.2346442 -0.0701915 -0.3530279 -0.0166881  0.1500982  0.3517765  0.0621476 -0.2857221  0.0446045  0.0579688 -0.2521064 -0.1053282 
 0.0000000  0.0000000  0.0000000  0.0000000  0.6503930  0.0000000  0.0000000 -0.1790436  0.0974024 -0.0616261  0.4433057  0.3918135 -0.3430026 -0.1437249 -0.0329081 -0.0236640  0.0885587  0.0652855  0.1213309  0.1217912 
 0.0000000  0.0000000  0.0000000  0.0000000  0.0000000  0.5371168 -0.1132762 -0.2068049  0.4878198  0.4205174  0.0128188 -0.1603002  0.0422819  0.0276894 -0.2757447  0.0397639  0.2322148  0.1727502  0.0350935 -0.2237714 
 0.0000000  0.0000000  0.0000000  0.0000000  0.0000000  0.5371168  0.1132762  0.0133199 -0.1231943 -0.4455077  0.0002405 -0.0465168  0.1366840  0.0068682  0.4129891  0.0953230 -0.0070527  0.4668061  0.2468310  0.0736167 
 0.0000000  0.0000000  0.0000000  0.0000000  0.0000000  0.6503930  0.0000000  0.1597865 -0.3011202  0.0206378 -0.0107848  0.1707966 -0.1477962 -0.0285389 -0.1133412 -0.1115594 -0.1859466 -0.5281675 -0.2328229  0.1240028 
 0.0000000  0.0000000  0.0000000  0.0000000  0.0000000  0.0000000  0.6503930  0.0497369  0.3960203 -0.1092207  0.0028757 -0.0967186 -0.0178283 -0.2217984 -0.1159732  0.4327540 -0.2705115 -0.0746203 -0.1939839  0.1725648 
 0.0000000  0.0000000  0.0000000  0.0000000  0.0000000  0.0000000  0.6503930 -0.0301514 -0.3263085  0.1661352 -0.0248065 -0.1253459 -0.0511339 -0.0286182 -0.2588426 -0.4233545  0.2025739  0.0597354  0.3557802 -0.0694873 
