::::::::::::::
run.001.010
::::::::::::::
 0.3162278 -0.0643642 -0.2089225 -0.0162293 -0.0248062 -0.4875623 -0.4823308  0.5626744  0.0694034  0.2440298 
 0.3162278 -0.5552690 -0.1453007  0.1349219  0.0657605  0.2927734  0.5424660  0.3446599  0.1624059  0.1512742 
 0.3162278 -0.0403274  0.1021237 -0.2946395 -0.4459214 -0.1997442  0.1414554 -0.4772557  0.1638569  0.5364296 
 0.3162278 -0.3322424  0.0539122 -0.3939977 -0.3157637  0.0061499 -0.1586050 -0.0480758  0.0331588 -0.7093401 
 0.3162278 -0.3611360  0.1311453  0.3994809  0.1682544  0.2370790 -0.4633421 -0.3538132 -0.3875998  0.1348235 
 0.3162278  0.2546037 -0.1569576 -0.5768070  0.3725507  0.1762161  0.1216319  0.0672478 -0.5260011  0.1095219 
 0.3162278  0.4523945 -0.1317753  0.4107916 -0.5655528  0.1427726  0.1586894  0.1624760 -0.3218214 -0.1176475 
 0.3162278  0.1606895 -0.5710012  0.2196665  0.3402919 -0.2652835  0.1184509 -0.4084114  0.2748624 -0.2394356 
 0.3162278  0.3690585  0.2318666 -0.0496889  0.1262148  0.5251662 -0.2711620  0.0873652  0.5768809  0.0433822 
 0.3162278  0.1165929  0.6949096  0.1665014  0.2789718 -0.4275673  0.2927464  0.0631327 -0.0451460 -0.1530380 
::::::::::::::
run.002.010
::::::::::::::
 0.4472136  0.0000000 -0.2746950 -0.3382856  0.0413905 -0.1051590 -0.6089623  0.1968913  0.4199750 -0.1065537 
 0.4472136  0.0000000 -0.2546198  0.3839131  0.1232833 -0.5160245  0.1465891 -0.4846451 -0.0873034 -0.2056897 
 0.4472136  0.0000000  0.2382333 -0.4434377  0.4689417  0.2593594  0.4542279 -0.1576125  0.1066444  0.1299869 
 0.4472136  0.0000000  0.1446005  0.0413933 -0.6439556 -0.1585074  0.3737605  0.4201652  0.0548035  0.1354062 
 0.4472136  0.0000000  0.1464811  0.3564169  0.0103401  0.5203315 -0.3656152  0.0252011 -0.4941194  0.0468503 
 0.0000000  0.4472136 -0.5657422 -0.3704224 -0.3042700  0.1662532  0.0715752 -0.2667678 -0.3117763  0.2213823 
 0.0000000  0.4472136 -0.3287151  0.3903391  0.4331689  0.0200840  0.1722833  0.5019505  0.1340558  0.2278955 
 0.0000000  0.4472136  0.4340739 -0.2648996  0.1574563 -0.5087121 -0.2006275  0.1607441 -0.4378684  0.0029711 
 0.0000000  0.4472136  0.0922138  0.0151769 -0.1086210  0.2629944  0.1396170  0.0222642  0.1330235 -0.8201328 
 0.0000000  0.4472136  0.3681697  0.2298060 -0.1777342  0.0593804 -0.1828480 -0.4181909  0.4825653  0.3678839 
::::::::::::::
run.003.010
::::::::::::::
 0.5000000 -0.0741657  0.0000000 -0.2707924 -0.0501652 -0.3508418  0.0436479 -0.5549057  0.2892980 -0.3899303 
 0.5000000  0.0741657  0.0000000  0.2218573  0.2891724  0.0670652 -0.5162166  0.3087387  0.4482342  0.2108252 
 0.5000000  0.0000000 -0.0741657 -0.3641927 -0.1847668  0.6910668  0.1536644  0.1171402 -0.2478356 -0.0373365 
 0.5000000  0.0000000  0.0741657  0.4131277 -0.0542404 -0.4072902  0.3189043  0.1290267 -0.4896966  0.2164417 
 0.0000000  0.5741657  0.0000000 -0.5362985  0.1017644 -0.2481951  0.2329009  0.0783625  0.1287488  0.4835298 
 0.0000000  0.5741657  0.0000000  0.2920515 -0.2334563  0.1926755 -0.3680461 -0.5442747 -0.2205443  0.1143734 
 0.0000000  0.5741657  0.0000000  0.1806108  0.0878591  0.0015380  0.2074636  0.3543541  0.0712655 -0.6755036 
 0.0000000  0.0000000  0.5741657 -0.3652998  0.0108414 -0.2071005 -0.5005187  0.1905252 -0.4116444 -0.1939371 
 0.0000000  0.0000000  0.5741657  0.1388377 -0.6477687  0.0595022  0.1754096  0.1085478  0.4168241  0.1077942 
 0.0000000  0.0000000  0.5741657  0.1260546  0.6200671  0.2894745  0.3037649 -0.3006084  0.0260619  0.0533620 
::::::::::::::
run.004.010
::::::::::::::
 0.6859943  0.0000000  0.0000000  0.0000000  0.3872799  0.2771113 -0.2176028 -0.1645922  0.4758661  0.0417773 
 0.5144958 -0.1714986  0.0000000  0.0000000 -0.5285753  0.0405563  0.3558031  0.1169736 -0.0857389 -0.5265129 
 0.5144958  0.1714986  0.0000000  0.0000000  0.0122022 -0.4100380 -0.0656660  0.1024826 -0.5487492  0.4708098 
 0.0000000  0.6859943  0.0000000  0.0000000 -0.1544800  0.3169561  0.3246002  0.4409468  0.2212589  0.2373430 
 0.0000000  0.6859943  0.0000000  0.0000000  0.0192856 -0.2043075 -0.2192329 -0.4373240 -0.1055063 -0.4866737 
 0.0000000  0.0000000  0.6859943  0.0000000  0.0448845 -0.3067521 -0.3279119  0.4984835  0.1829479 -0.2093281 
 0.0000000  0.0000000  0.5144958 -0.1714986  0.1723387 -0.2101165  0.6541840 -0.4098911  0.1270820  0.1411226 
 0.0000000  0.0000000  0.5144958  0.1714986 -0.2321847  0.6191194 -0.2169681 -0.2547536 -0.3710126  0.1379816 
 0.0000000  0.0000000  0.0000000  0.6859943 -0.4266656 -0.2882995 -0.0672295 -0.2205010  0.3862713  0.2488084 
 0.0000000  0.0000000  0.0000000  0.6859943  0.5277964  0.0809905  0.2850175  0.1817166 -0.2617477 -0.2480231 
::::::::::::::
run.005.010
::::::::::::::
 0.7071068  0.0000000  0.0000000  0.0000000  0.0000000 -0.3709365  0.1310999 -0.5036126  0.0187905 -0.3020599 
 0.7071068  0.0000000  0.0000000  0.0000000  0.0000000  0.3709365 -0.1310999  0.5036126 -0.0187905  0.3020599 
 0.0000000  0.7071068  0.0000000  0.0000000  0.0000000 -0.1687270  0.3413631  0.1081942  0.5473633  0.2090212 
 0.0000000  0.7071068  0.0000000  0.0000000  0.0000000  0.1687270 -0.3413631 -0.1081942 -0.5473633 -0.2090212 
 0.0000000  0.0000000  0.7071068  0.0000000  0.0000000 -0.2191726  0.1289585 -0.1484046 -0.3294637  0.5520533 
 0.0000000  0.0000000  0.7071068  0.0000000  0.0000000  0.2191726 -0.1289585  0.1484046  0.3294637 -0.5520533 
 0.0000000  0.0000000  0.0000000  0.7071068  0.0000000 -0.0451758 -0.5544897 -0.2341468  0.2928476  0.2234186 
 0.0000000  0.0000000  0.0000000  0.7071068  0.0000000  0.0451758  0.5544897  0.2341468 -0.2928476 -0.2234186 
 0.0000000  0.0000000  0.0000000  0.0000000  0.7071068 -0.5327850 -0.2054141  0.3972653 -0.0757253 -0.1019371 
 0.0000000  0.0000000  0.0000000  0.0000000  0.7071068  0.5327850  0.2054141 -0.3972653  0.0757253  0.1019371 

::::::::::::::
run.006.010
::::::::::::::
 0.7071068  0.0000000 -0.2049888  0.0000000  0.0000000  0.0000000  0.3641087 -0.3346319  0.3712748  0.2749201 
 0.7071068  0.0000000  0.2049888  0.0000000  0.0000000  0.0000000 -0.3641087  0.3346319 -0.3712748 -0.2749201 
 0.0000000  0.7071068 -0.2049888  0.0000000  0.0000000  0.0000000  0.4821780  0.2714615 -0.3851050  0.0590493 
 0.0000000  0.7071068  0.2049888  0.0000000  0.0000000  0.0000000 -0.4821780 -0.2714615  0.3851050 -0.0590493 
 0.0000000  0.0000000  0.9120956  0.0000000  0.0000000  0.0000000  0.3803972 -0.0283944 -0.0062165  0.1501158 
 0.0000000  0.0000000  0.0000000  0.7071068  0.0000000 -0.2049888  0.1804402  0.3417939  0.4092568 -0.3756417 
 0.0000000  0.0000000  0.0000000  0.7071068  0.0000000  0.2049888 -0.1804402 -0.3417939 -0.4092568  0.3756417 
 0.0000000  0.0000000  0.0000000  0.0000000  0.7071068 -0.2049888 -0.1732466  0.3800813  0.1301685  0.5162941 
 0.0000000  0.0000000  0.0000000  0.0000000  0.7071068  0.2049888  0.1732466 -0.3800813 -0.1301685 -0.5162941 
 0.0000000  0.0000000  0.0000000  0.0000000  0.0000000  0.9120956  0.0032335  0.3244755  0.2424661  0.0632218 
::::::::::::::
run.007.010
::::::::::::::
 0.7071068 -0.2098362  0.0000000  0.0000000  0.0000000  0.0000000  0.0678129 -0.1288955 -0.5794181 -0.3146916 
 0.7071068  0.2098362  0.0000000  0.0000000  0.0000000  0.0000000 -0.0678129  0.1288955  0.5794181  0.3146916 
 0.0000000  0.9549542  0.0000000  0.0000000  0.0000000  0.0000000  0.0298016 -0.0566455 -0.2546360 -0.1382971 
 0.0000000  0.0000000  0.7071068 -0.2098362  0.0000000  0.0000000 -0.0678129  0.6580129 -0.1189948 -0.0650343 
 0.0000000  0.0000000  0.7071068  0.2098362  0.0000000  0.0000000  0.0678129 -0.6580129  0.1189948  0.0650343 
 0.0000000  0.0000000  0.0000000  0.9549542  0.0000000  0.0000000 -0.0298016  0.2891760 -0.0522945 -0.0285805 
 0.0000000  0.0000000  0.0000000  0.0000000  0.7071068 -0.2098362 -0.0678129 -0.0077492 -0.3254138  0.5877210 
 0.0000000  0.0000000  0.0000000  0.0000000  0.7071068  0.2098362  0.0678129  0.0077492  0.3254138 -0.5877210 
 0.0000000  0.0000000  0.0000000  0.0000000  0.0000000  0.9549542 -0.0298016 -0.0034055 -0.1430091  0.2582849 
 0.0000000  0.0000000  0.0000000  0.0000000  0.0000000  0.0000000  0.9847558  0.1176724  0.0203898  0.1264650 
::::::::::::::
run.008.010
::::::::::::::
 0.7071172 -0.1973912  0.0669809 -0.0276651  0.0000000  0.0000030 -0.0000003 -0.0000009  0.0595017 -0.6724802 
 0.7070963  0.1973970 -0.0669829  0.0276658  0.0000015 -0.0000044  0.0000013  0.0000013 -0.0594940  0.6725010 
 0.0000001  0.9602454  0.0275386 -0.0113742 -0.0000017  0.0000010 -0.0000001 -0.0000003  0.0244644 -0.2764826 
 0.0000000 -0.0000002  0.9951223  0.0040391  0.0000000  0.0000001  0.0000001  0.0000000 -0.0086911  0.0981819 
 0.0000000  0.0000000  0.0000000  0.9991614 -0.0000001 -0.0000001  0.0000000  0.0000000  0.0036090 -0.0407850 
-0.0000055 -0.0000011  0.0000032 -0.0000004  0.7071078 -0.1973947  0.0669820  0.0276587  0.6724898  0.0594965 
 0.0000040  0.0000029 -0.0000030  0.0000005  0.7071058  0.1973915 -0.0669833 -0.0276588 -0.6724924 -0.0594988 
-0.0000010 -0.0000003  0.0000006  0.0000001  0.0000027  0.9602458  0.0275387  0.0113713  0.2764811  0.0244667 
-0.0000001  0.0000001 -0.0000004  0.0000000  0.0000007 -0.0000001  0.9951222 -0.0040382 -0.0981832 -0.0086879 
 0.0000000  0.0000000  0.0000000  0.0000000  0.0000000  0.0000000  0.0000000  0.9991618 -0.0407750 -0.0036091 
::::::::::::::
run.009.010
::::::::::::::
 1.0000000  0.0000000  0.0000000  0.0000000  0.0000000  0.0000000  0.0000000  0.0000000  0.0000000  0.0000000 
 0.0000000  1.0000000  0.0000000  0.0000000  0.0000000  0.0000000  0.0000000  0.0000000  0.0000000  0.0000000 
 0.0000000  0.0000000  1.0000000  0.0000000  0.0000000  0.0000000  0.0000000  0.0000000  0.0000000  0.0000000 
 0.0000000  0.0000000  0.0000000  1.0000000  0.0000000  0.0000000  0.0000000  0.0000000  0.0000000  0.0000000 
 0.0000000  0.0000000  0.0000000  0.0000000  1.0000000  0.0000000  0.0000000  0.0000000  0.0000000  0.0000000 
 0.0000000  0.0000000  0.0000000  0.0000000  0.0000000  1.0000000  0.0000000  0.0000000  0.0000000  0.0000000 
 0.0000000  0.0000000  0.0000000  0.0000000  0.0000000  0.0000000  1.0000000  0.0000000  0.0000000  0.0000000 
 0.0000000  0.0000000  0.0000000  0.0000000  0.0000000  0.0000000  0.0000000  1.0000000  0.0000000  0.0000000 
 0.0000000  0.0000000  0.0000000  0.0000000  0.0000000  0.0000000  0.0000000  0.0000000  1.0000000  0.0000000 
 0.0000000  0.0000000  0.0000000  0.0000000  0.0000000  0.0000000  0.0000000  0.0000000  0.0000000  1.0000000 
