 0.6859943  0.0000000  0.0000000  0.0000000  0.3872799  0.2771113 -0.2176028 -0.1645922  0.4758661  0.0417773 
 0.5144958 -0.1714986  0.0000000  0.0000000 -0.5285753  0.0405563  0.3558031  0.1169736 -0.0857389 -0.5265129 
 0.5144958  0.1714986  0.0000000  0.0000000  0.0122022 -0.4100380 -0.0656660  0.1024826 -0.5487492  0.4708098 
 0.0000000  0.6859943  0.0000000  0.0000000 -0.1544800  0.3169561  0.3246002  0.4409468  0.2212589  0.2373430 
 0.0000000  0.6859943  0.0000000  0.0000000  0.0192856 -0.2043075 -0.2192329 -0.4373240 -0.1055063 -0.4866737 
 0.0000000  0.0000000  0.6859943  0.0000000  0.0448845 -0.3067521 -0.3279119  0.4984835  0.1829479 -0.2093281 
 0.0000000  0.0000000  0.5144958 -0.1714986  0.1723387 -0.2101165  0.6541840 -0.4098911  0.1270820  0.1411226 
 0.0000000  0.0000000  0.5144958  0.1714986 -0.2321847  0.6191194 -0.2169681 -0.2547536 -0.3710126  0.1379816 
 0.0000000  0.0000000  0.0000000  0.6859943 -0.4266656 -0.2882995 -0.0672295 -0.2205010  0.3862713  0.2488084 
 0.0000000  0.0000000  0.0000000  0.6859943  0.5277964  0.0809905  0.2850175  0.1817166 -0.2617477 -0.2480231 
