 0.5670159  0.0000000  0.0000000  0.0000000  0.0000000  0.0657395  0.0392783 -0.2631907 -0.0578492  0.1819882 -0.1390237  0.3414277  0.2773177  0.3641858  0.2447877 -0.3222843  0.0885261  0.2231059  0.0074031 
 0.5670159  0.0000000  0.0000000  0.0000000  0.0000000 -0.0657395  0.0392783 -0.0972333 -0.1895795 -0.3856193 -0.0124545 -0.1277663  0.0973224 -0.1272074 -0.4652374  0.3160798  0.0171766 -0.0318061 -0.3445865 
 0.5974830  0.0000000  0.0000000  0.0000000  0.0000000  0.0000000 -0.0745507  0.3420451  0.2348118  0.1932475  0.1437540 -0.2027662 -0.3555364 -0.2248943  0.2092085  0.0058881 -0.1003126 -0.1815449  0.3199896 
 0.0000000  0.5236271  0.0000000  0.0000000  0.0000000 -0.1484066  0.0000000  0.1141213 -0.1520764 -0.3612057  0.4339151  0.1885945  0.3628172  0.0295503  0.1691881  0.0864775 -0.1156578 -0.1101576  0.3452471 
 0.0000000  0.5236271  0.0000000  0.0000000  0.0000000  0.1484066  0.0000000  0.2729629  0.2693991  0.3502105  0.2418509  0.1417182  0.0014519 -0.0368696 -0.1576977 -0.0665843  0.1554447  0.0877884 -0.5412475 
 0.0000000  0.6720337  0.0000000  0.0000000  0.0000000  0.0000000  0.0000000 -0.3016036 -0.0914141  0.0085671 -0.5265352 -0.2573690 -0.2838268  0.0057030 -0.0089529 -0.0155002 -0.0310006  0.0174294  0.1527173 
 0.0000000  0.0000000  0.5236271  0.0000000  0.0000000  0.1484066  0.0000000 -0.0337332 -0.4116649  0.0646310  0.0707799 -0.1668646  0.0626834 -0.1541738  0.1513359 -0.2705690  0.3702943 -0.4695580 -0.1214166 
 0.0000000  0.0000000 -0.5236271  0.0000000  0.0000000  0.1484066  0.0000000  0.0255573 -0.5111785  0.0544971  0.0473006  0.3843455 -0.3697741 -0.0330055  0.0281025 -0.0777242 -0.1801663 -0.3026888 -0.1420261 
 0.0000000  0.0000000  0.6720337  0.0000000  0.0000000  0.0000000  0.0000000  0.0461973 -0.0775378 -0.0078960 -0.0182944  0.4294853 -0.3369570  0.0944105 -0.0960195  0.1502585 -0.4289012  0.1300191 -0.0160583 
 0.0000000  0.0000000  0.0000000  0.5236271  0.0000000  0.0000000  0.1484066  0.0522718  0.3058062  0.0430294 -0.3194028  0.3544227  0.1784538 -0.0537672 -0.2581372  0.0460757  0.0860752 -0.4859508  0.1760786 
 0.0000000  0.0000000  0.0000000  0.5236271  0.0000000  0.0000000 -0.1484066  0.4721918 -0.2128578 -0.1147404 -0.1784088 -0.2763132  0.0389353  0.4196635  0.2490118  0.0721517 -0.1128044  0.0829807 -0.2229705 
 0.0000000  0.0000000  0.0000000  0.6720337  0.0000000  0.0000000  0.0000000 -0.4086452 -0.0724224  0.0558749  0.3878788 -0.0608604 -0.1693826 -0.2850946  0.0071103 -0.0921190  0.0208265  0.3139813  0.0365367 
 0.0000000  0.0000000  0.0000000  0.0000000  0.5236271  0.0000000 -0.1484066  0.0514391  0.1526570 -0.2993703 -0.0089696 -0.0792588  0.0103446 -0.0495111 -0.2032508 -0.6584997 -0.3116628 -0.0479761 -0.0702034 
 0.0000000  0.0000000  0.0000000  0.0000000  0.5236271  0.0000000  0.1484066 -0.2028142 -0.0059126  0.2539924  0.2978432 -0.1781680 -0.1238576  0.5486049 -0.1791514  0.2553859  0.0603884 -0.2195510  0.1103648 
 0.0000000  0.0000000  0.0000000  0.0000000  0.6720337  0.0000000  0.0000000  0.1179466 -0.1143386  0.0353570 -0.2250811  0.2005787  0.0884457 -0.3888779  0.2979555  0.3140934  0.1957849  0.2084485 -0.0312925 
 0.0000000  0.0000000  0.0000000  0.0000000  0.0000000  0.6720337  0.0000000 -0.0356359 -0.1062275  0.2576339 -0.0236001 -0.1901951  0.4004237 -0.1495228 -0.0931220  0.1297832 -0.4601311  0.0134535  0.1122363 
 0.0000000  0.0000000  0.0000000  0.0000000  0.0000000  0.6720337  0.0000000  0.0185983  0.2040595 -0.4965691  0.0523193  0.1066227 -0.2704146  0.1574567  0.0562272  0.0433780  0.3512970  0.0884346  0.1072745 
 0.0000000  0.0000000  0.0000000  0.0000000  0.0000000  0.0000000  0.6720337  0.3762082 -0.2750093  0.0528286 -0.0298076 -0.0539667 -0.0375573 -0.0211168 -0.3031032 -0.2223291  0.1340752  0.3056697  0.2646655 
 0.0000000  0.0000000  0.0000000  0.0000000  0.0000000  0.0000000  0.6720337 -0.1683194  0.2359987 -0.1765303  0.0179899 -0.0984590 -0.0249540 -0.0452165  0.4458688  0.0272881 -0.2774610 -0.1734624 -0.3374589 
