 0.5484614 -0.0865547  0.0321873  0.0217400  0.0100698  0.0017659  0.0018955 -0.0003519  0.0023868 -0.0008503  0.0915199 -0.0325824 -0.4910520  0.1142449 -0.0724439 -0.0614271  0.0048816  0.0668919  0.3245772  0.2840206  0.4270751 -0.2110040 
 0.5466114  0.0889846  0.0275747 -0.0230089 -0.0009788 -0.0063462 -0.0027001  0.0073944  0.0004610  0.0018336 -0.0937740 -0.0536917  0.0647153 -0.4757123  0.0678719  0.1177095 -0.0685286  0.3541936 -0.0347650 -0.2450317 -0.4245957 -0.2441158 
 0.6327474 -0.0019474 -0.0516645  0.0012439 -0.0079387  0.0011596  0.0003871 -0.0060368 -0.0024201 -0.0008729  0.0011145  0.0748981  0.3726527  0.3153181  0.0033557 -0.0466856  0.0559226 -0.3599517 -0.2466189 -0.0312472 -0.0062806  0.3952493 
 0.0000392  0.6997026 -0.0000774  0.0056568  0.0002496 -0.0000865  0.0000334 -0.0003137  0.0000398  0.0008834 -0.2673437  0.1466385 -0.1660685  0.0397653 -0.0880881 -0.1739683  0.4140595 -0.2906368  0.2190703 -0.0592801 -0.1735335 -0.1126430 
 0.0000440  0.7035250  0.0003307  0.0000585  0.0011263 -0.0000227  0.0000906 -0.0004825  0.0001434 -0.0012552  0.2852896 -0.1394907  0.1005605  0.0312710  0.0658831  0.1523126 -0.4058125  0.2493846 -0.1716017  0.1277481  0.2807517  0.1187721 
-0.0000577  0.0000683  0.7057345  0.0001576  0.0000335  0.0000749  0.0002893 -0.0003728 -0.0001877  0.0000588  0.4387158  0.1618474 -0.0610259 -0.2093022  0.1327237  0.2518961  0.1400583 -0.1997376  0.1876526 -0.0002772 -0.0905704  0.2274765 
-0.0000108 -0.0000136  0.7053114 -0.0000070 -0.0010218  0.0001472 -0.0000070 -0.0002500 -0.0001215 -0.0001704 -0.4406127 -0.1513831  0.1091690  0.2461764 -0.1339563 -0.2562567 -0.1340709  0.1575676 -0.2172946 -0.0041918  0.0864758 -0.1784114 
 0.0000032  0.0000075 -0.0000546  0.7067268 -0.0000583 -0.0000500 -0.0000010 -0.0001167  0.0000029  0.0000488  0.2088675  0.3208251  0.1630730 -0.0675978 -0.1632511 -0.0801456  0.3002419  0.1847711 -0.2922038  0.1652815  0.0843357 -0.2136522 
-0.0000147 -0.0000308 -0.0000117  0.7063974 -0.0001277 -0.0000004  0.0000276 -0.0001733 -0.0001756  0.0001343 -0.2085764 -0.3280749 -0.1542933  0.0385251  0.1766259  0.0800090 -0.3061855 -0.1855062  0.2636353 -0.1922043 -0.1010623  0.2053164 
 0.0000046  0.0000074 -0.0000057  0.0000003  0.7070518  0.0000055  0.0000038 -0.0000025  0.0000008 -0.0000018 -0.2100467  0.4224473 -0.0896570  0.1435315  0.4359841  0.1824754 -0.1081175  0.0366378 -0.0767525  0.0259202  0.0191846 -0.0742617 
-0.0000007 -0.0000204 -0.0000161 -0.0000064  0.7070099  0.0000081  0.0000212 -0.0000016 -0.0000011 -0.0000073  0.2083384 -0.4237156  0.1045699 -0.1381239 -0.4322142 -0.1819083  0.1115441 -0.0379094  0.0731542 -0.0276291 -0.0287849  0.0803845 
 0.0047496  0.0045506  0.0025068 -0.0173647  0.0017883  0.5230163  0.1226331 -0.0182155 -0.0007127  0.0032594  0.2100587 -0.2494703 -0.2418767 -0.0585446  0.3563894 -0.2183263  0.1295689 -0.2146111 -0.4058852 -0.2873171  0.1261051 -0.2042152 
 0.0023273 -0.0048509 -0.0010424 -0.0005617  0.0041373  0.5390490 -0.1199034  0.0103863 -0.0050948 -0.0014139 -0.2393187  0.3359737 -0.0291615 -0.3722411 -0.4244067  0.0963176 -0.3203719 -0.2113372 -0.0171578  0.0001901  0.1864076  0.1164416 
-0.0029870  0.0015643 -0.0011025  0.0139898 -0.0048302  0.6601781  0.0006060  0.0060152  0.0047280 -0.0014043  0.0279950 -0.0770489  0.2162729  0.3451254  0.0647828  0.0957009  0.1582404  0.3466717  0.3346516  0.2241075 -0.2575198  0.0644780 
-0.0000784 -0.0025540 -0.0002419  0.0001486 -0.0011163  0.0004246  0.6940848  0.0048050 -0.0008538 -0.0020648 -0.1345079 -0.0876989  0.3892562 -0.2607945  0.1617588  0.0252306 -0.0275808 -0.2295451  0.1823754  0.3006597  0.1630649 -0.2058909 
-0.0000798  0.0013588 -0.0006145  0.0026141  0.0014560 -0.0003161  0.6991559  0.0001578  0.0000921  0.0012468  0.0548146  0.1883227 -0.3477743  0.2028126 -0.2955456  0.0302194 -0.0507568  0.2304388 -0.1140271 -0.2499921 -0.1545698  0.2594019 
 0.0000739  0.0000090  0.0000014 -0.0000048 -0.0000137  0.0000091  0.0000050  0.7069129  0.0000052  0.0000196  0.1341160  0.1066170  0.2248044  0.1706425 -0.0675786  0.0650671 -0.0459006 -0.0155927  0.2342559 -0.4711302  0.2077102 -0.2452150 
-0.0000009 -0.0000166 -0.0000021 -0.0000004 -0.0000005  0.0000047  0.0000704  0.7068828 -0.0000073  0.0000833 -0.1233578 -0.1156170 -0.2327756 -0.1601582  0.0807443 -0.0746889  0.0539053  0.0049580 -0.2500972  0.4623259 -0.2014039  0.2449720 
-0.0000007 -0.0000013  0.0000002  0.0000002  0.0000018  0.0000006 -0.0000003  0.0000000  0.7070899 -0.0000019 -0.2177883 -0.1847981 -0.0192818 -0.0339687 -0.0471322  0.4609623  0.3306343  0.0740830 -0.1150225 -0.0839294  0.2443094  0.0862537 
 0.0000000  0.0000025  0.0000070  0.0000027 -0.0000001 -0.0000009 -0.0000004 -0.0000002  0.7070802  0.0000007  0.2156215  0.1877072  0.0207370  0.0295674  0.0444950 -0.4611171 -0.3336847 -0.0802440  0.1106691  0.0815699 -0.2421753 -0.0840426 
 0.0000000  0.0000000  0.0000000  0.0000000  0.0000000  0.0000000  0.0000000  0.0000000  0.0000000  0.7070970  0.0952422 -0.0817065 -0.0653063  0.2023023 -0.1845896  0.3291808 -0.1368290 -0.2539796 -0.1407895  0.1394226 -0.2484462 -0.3353039 
 0.0000000  0.0000000  0.0000000  0.0000000  0.0000000  0.0000000  0.0000000  0.0000000  0.0000000  0.7070970 -0.0960336  0.0825457  0.0687014 -0.2013574  0.1831116 -0.3278055  0.1349198  0.2537584  0.1435473 -0.1351126  0.2508573  0.3366589 
