-0.0005997 -0.0002341  0.0006205 -0.0020228 -0.0003416  0.0004413 -0.0012047 -0.0041739  0.0005628 -0.7346984 -0.1781219 -0.0099320 -0.0157311 -0.0004873  0.0000694 -0.0011968  0.0001652  0.0462314  0.1568701  0.5039126 -0.0346130  0.3824227 
 0.0000002  0.0000066  0.0000000  0.0000001  0.9999866 -0.0000004 -0.0000015 -0.0000004 -0.0000001  0.0000004 -0.0000003 -0.0000002 -0.0000004 -0.0000001  0.0000012 -0.0000001 -0.0000006  0.0000001  0.0028328 -0.0025869 -0.0018122  0.0029765 
 0.0075514 -0.0002339 -0.6925309  0.0495326 -0.0021415  0.0003653 -0.0030500  0.1993717  0.0134044  0.0000543 -0.0024696  0.0058558  0.0036589 -0.0007417  0.0001440 -0.0016410  0.0038751  0.0001414  0.6379273 -0.2084058  0.1629833  0.0304599 
 0.1811793 -0.0012469  0.0048738  0.0001902  0.0018806  0.0005435 -0.0016777 -0.0012870  0.0047231 -0.0119992  0.0101786 -0.0006326 -0.7052795  0.0013509 -0.0002934  0.0544595 -0.0009060 -0.0012267 -0.1354931  0.0765822  0.6642553 -0.0319780 
 0.0000000 -0.0000000 -0.0000000 -0.0000000 -0.0000000  0.0000000 -0.0000000  0.0000000 -0.0000000 -0.0000000 -0.0000000  0.0000000 -0.0000000  0.0000000  0.9999999 -0.0000000 -0.0000000  0.0000000 -0.0003554 -0.0000812  0.0003837  0.0001061 
 0.0002542  0.0000243 -0.0000950  0.9974284  0.0002142 -0.0000354  0.0003134  0.0000044 -0.0002068  0.0000336 -0.0002460 -0.0006560 -0.0001086 -0.0000961 -0.0000153  0.0000328 -0.0001261  0.0000707 -0.0658619  0.0229103 -0.0165167  0.0005312 
-0.0002533 -0.0000790  0.0000957  0.0000217  0.0002717  0.0000039 -0.0001738  0.0004463 -0.0000500 -0.0000244  0.0006507 -0.0001885 -0.0007509 -0.9962382  0.0000192 -0.0002718 -0.0003514  0.0000044  0.0184025  0.0467317 -0.0037201 -0.0705090 
 0.0000000  0.9999978 -0.0000000  0.0000000 -0.0000000  0.0000016  0.0000000  0.0000000 -0.0000000  0.0000000  0.0000000 -0.0000000 -0.0000000 -0.0000000 -0.0000005  0.0000000  0.0000000 -0.0000000  0.0002363  0.0009241  0.0017928 -0.0005402 
 0.0029028  0.0000800  0.0004836  0.0004265  0.0001903 -0.0001773  0.0004661 -0.0001315  0.0012704 -0.0017712 -0.9642907  0.0039523 -0.0007014  0.0006447 -0.0000265  0.0004906 -0.0025602 -0.0185797 -0.0631400 -0.1957590  0.0148657 -0.1650204 
-0.1805968  0.0012534 -0.0233005 -0.0009368 -0.0018137 -0.0005685  0.0017671 -0.0023097 -0.0037860  0.0101556  0.0000563  0.0010194 -0.7083361  0.0000849  0.0002875 -0.0539502  0.0006031 -0.0012025  0.1187823 -0.0967438 -0.6621990  0.0089551 
 0.0000000  0.0000004 -0.0000000 -0.0000000  0.0000000  0.9999993 -0.0000000 -0.0000000  0.0000000  0.0000000 -0.0000000 -0.0000000  0.0000000  0.0000000  0.0000002  0.0000000  0.0000000  0.0000000 -0.0004960 -0.0005058 -0.0008785 -0.0003635 
 0.0015802  0.0002330 -0.0006916 -0.0003627 -0.0008112 -0.0000109  0.0005125 -0.0002996  0.0025104 -0.0002374 -0.0007980  0.0006279 -0.0005395 -0.0221491 -0.0000580 -0.0010380 -0.9657284  0.0004088 -0.0543691 -0.1413222  0.0130835  0.2092030 
-0.9666471 -0.0004651  0.0012325  0.0009107  0.0006499  0.0002129 -0.0006641  0.0030350 -0.0019778 -0.0001274 -0.0020274 -0.0002878  0.0000326 -0.0000980 -0.0001087  0.0199888 -0.0001297  0.0003333 -0.0426165  0.0287745  0.2500572 -0.0004540 
 0.0000097  0.0000075  0.0000095 -0.0000042 -0.0000298 -0.0000072 -0.0000010 -0.0000108  0.0000106 -0.0000099  0.0000124 -0.9998441  0.0000155 -0.0000046  0.0000003  0.0000066 -0.0000095 -0.0000056  0.0040135 -0.0157609  0.0013722 -0.0067335 
 0.0002566 -0.0001468  0.0001874 -0.0001439  0.0002354  0.0000626 -0.0001898  0.0000225 -0.0002791 -0.0000939  0.0002291 -0.0001307 -0.0001298  0.0006159 -0.0000339 -0.9968432  0.0001281 -0.0001133 -0.0175594  0.0123088  0.0762557 -0.0053024 
-0.0049082  0.0003057  0.0040537  0.0025639  0.0002483 -0.0004936  0.0013663  0.0056303 -0.0191207 -0.6779976  0.1950108  0.0108642  0.0187474 -0.0007315 -0.0000678 -0.0004005  0.0041137 -0.0501724 -0.1639815 -0.5575020  0.0176057 -0.4010370 
 0.0018192 -0.0001894  0.7208378  0.0478193 -0.0020945  0.0003326 -0.0029026  0.1855873  0.0003365  0.0049157 -0.0025682  0.0056049 -0.0146654  0.0005972  0.0001536 -0.0034153 -0.0009547  0.0002305  0.6231545 -0.1942228  0.1299051  0.0209160 
 0.0000000  0.0000085  0.0000002  0.0000000  0.0000001 -0.0000057 -0.9999834  0.0000001  0.0000003  0.0000002 -0.0000001  0.0000001 -0.0000000 -0.0000000 -0.0000005  0.0000001 -0.0000004  0.0000001 -0.0044807 -0.0015508 -0.0032398  0.0004386 
-0.0001438 -0.0000261 -0.0000795 -0.0001524 -0.0000384  0.0000487 -0.0001301  0.0000428 -0.0000246  0.0001205 -0.0001543 -0.0010700  0.0000513 -0.0001822  0.0000067  0.0000671 -0.0000248 -0.9974927  0.0163868  0.0539467 -0.0025718  0.0426816 
 0.0071717  0.0005944  0.0009504 -0.0007344 -0.0021255 -0.0000120  0.0012972 -0.0003625 -0.7066154  0.0161530 -0.0144907  0.0013837 -0.0029793 -0.0592419 -0.0001539 -0.0016507  0.1818022  0.0021241 -0.1398497 -0.3594911  0.0407890  0.5595793 
 0.0020024  0.0006200  0.0137072 -0.0014103 -0.0020896 -0.0000390  0.0014143 -0.0004082  0.7071726 -0.0014727 -0.0073588  0.0015757 -0.0016016 -0.0592007 -0.0001553 -0.0026105  0.1851358  0.0007279 -0.1559362 -0.3703935  0.0305484  0.5471898 
-0.0009730 -0.0000856 -0.0043931  0.0195217 -0.0008393  0.0001364 -0.0011842 -0.9621551  0.0026899  0.0001653  0.0010275  0.0024078  0.0007530 -0.0004509  0.0000583 -0.0008977  0.0007954 -0.0004579  0.2506602 -0.0854874  0.0605379  0.0058438 
