 0.7071068  0.2039737  0.0000000  0.0000000 -0.0606474  0.0000000  0.0000000 -0.0202158  0.6318264  0.2322183  0.0343210 
 0.7071068 -0.2039737  0.0000000  0.0000000  0.0606474  0.0000000  0.0000000  0.0202158 -0.6318264 -0.2322183 -0.0343210 
 0.0000000  0.9574912  0.0000000  0.0000000  0.0258393  0.0000000  0.0000000  0.0086131 -0.2691952 -0.0989386 -0.0146228 
 0.0000000  0.0000000  0.7071068 -0.2039737  0.0606474  0.0000000  0.0000000 -0.0202158 -0.0504799  0.0523900  0.6700858 
 0.0000000  0.0000000  0.7071068  0.2039737 -0.0606474  0.0000000  0.0000000  0.0202158  0.0504799 -0.0523900 -0.6700858 
 0.0000000  0.0000000  0.0000000  0.9574912  0.0258393  0.0000000  0.0000000 -0.0086131 -0.0215074  0.0223212  0.2854959 
 0.0000000  0.0000000  0.0000000  0.0000000  0.9919437  0.0000000  0.0000000  0.0000000  0.0910049  0.0239852 -0.0847973 
 0.0000000  0.0000000  0.0000000  0.0000000  0.0000000  0.7071068 -0.2039737  0.0808632  0.2296571 -0.6279925  0.0688394 
 0.0000000  0.0000000  0.0000000  0.0000000  0.0000000  0.7071068  0.2039737 -0.0808632 -0.2296571  0.6279925 -0.0688394 
 0.0000000  0.0000000  0.0000000  0.0000000  0.0000000  0.0000000  0.9574912  0.0344525  0.0978474 -0.2675617  0.0293296 
 0.0000000  0.0000000  0.0000000  0.0000000  0.0000000  0.0000000  0.0000000  0.9919437 -0.0149954  0.1243343  0.0190753 
