::::::::::::::
run.001.008
::::::::::::::
 0.3535534 -0.4750248 -0.4466587 -0.1542924 -0.2761313 -0.4060853 -0.4044808  0.1458863 
 0.3535534 -0.4900618 -0.0433191 -0.3898391  0.3668967  0.4680609  0.2817974 -0.2188250 
 0.3535534 -0.2469721  0.3598714  0.5010272 -0.3323463  0.3767229  0.0126529  0.4253642 
 0.3535534 -0.0985128  0.5481694  0.1865024  0.4112772 -0.5574172 -0.0514976 -0.2179622 
 0.3535534  0.2166371 -0.0880288  0.1651073 -0.4847639  0.0791856  0.0736860 -0.7391637 
 0.3535534  0.2745654 -0.5573994  0.4031996  0.3427963 -0.1027768  0.3929872  0.2093763 
 0.3535534  0.3572901  0.2239814 -0.5741591 -0.2937264 -0.1900156  0.3707572  0.3281393 
 0.3535534  0.4620789  0.0033837 -0.1375458  0.2659977  0.3323255 -0.6759024  0.0671847 
::::::::::::::
run.002.008
::::::::::::::
 0.5000000  0.0000000 -0.5308838 -0.2173571 -0.1948055  0.1527783  0.5822469 -0.1435846 
 0.5000000  0.0000000 -0.1418001 -0.0541085  0.1379731  0.5281662 -0.6482766  0.0933083 
 0.5000000  0.0000000  0.0921735  0.3119057  0.0296562 -0.4620913  0.0632011  0.6525463 
 0.5000000  0.0000000  0.5805103 -0.0404401  0.0271762 -0.2188532  0.0028286 -0.6022700 
 0.0000000  0.5000000  0.1348690 -0.2144843  0.7522003  0.1476334  0.2869144  0.1260400 
 0.0000000  0.5000000  0.3405103 -0.4386103 -0.5863929  0.1320999 -0.0142983  0.2831295 
 0.0000000  0.5000000 -0.0080842  0.7733464 -0.1777412  0.2831599  0.1056006 -0.1701384 
 0.0000000  0.5000000 -0.4672951 -0.1202518  0.0119338 -0.5628931 -0.3782167 -0.2390310 
::::::::::::::
run.003.008
::::::::::::::
 0.6738873  0.0000000  0.0000000  0.0020107  0.0674552  0.2165534 -0.3955582  0.5813433 
 0.5224346  0.0000000 -0.1514527 -0.0524908 -0.0087104 -0.5049326  0.6670283  0.0375413 
 0.5224346  0.0000000  0.1514527  0.0498972 -0.0782999  0.2256009 -0.1567986 -0.7874147 
 0.0000000  0.6738873  0.0000000 -0.1093252  0.1945931 -0.5555195 -0.4208639 -0.1016319 
 0.0000000  0.5224346 -0.1514527 -0.4686152  0.2492648  0.5492080  0.3474780  0.0045463 
 0.0000000  0.5224346  0.1514527  0.6096335 -0.5002700  0.1673555  0.1953935  0.1265485 
 0.0000000  0.0000000  0.6738873 -0.5547744 -0.4656394 -0.0936903  0.0262324  0.1086976 
 0.0000000  0.0000000  0.6738873  0.2894324  0.6497334  0.0153260  0.1930987  0.0492877 
::::::::::::::
run.004.008
::::::::::::::
 0.7071068  0.0000000  0.0000000  0.0000000 -0.1238100 -0.6794952 -0.0373030 -0.1468530 
 0.7071068  0.0000000  0.0000000  0.0000000  0.1238100  0.6794952  0.0373030  0.1468530 
 0.0000000  0.7071068  0.0000000  0.0000000 -0.1992987  0.0919671 -0.6663596 -0.0882435 
 0.0000000  0.7071068  0.0000000  0.0000000  0.1992987 -0.0919671  0.6663596  0.0882435 
 0.0000000  0.0000000  0.7071068  0.0000000 -0.3207566 -0.0768673  0.0024976  0.6254601 
 0.0000000  0.0000000  0.7071068  0.0000000  0.3207566  0.0768673 -0.0024976 -0.6254601 
 0.0000000  0.0000000  0.0000000  0.7071068 -0.5848644  0.1546599  0.2335960 -0.2818633 
 0.0000000  0.0000000  0.0000000  0.7071068  0.5848644 -0.1546599 -0.2335960  0.2818633 
::::::::::::::
run.005.008
::::::::::::::
 0.7071068  0.0000000  0.0000000 -0.1732226  0.0577409 -0.4161380  0.3767321  0.3893097 
 0.7071068  0.0000000  0.0000000  0.1732226 -0.0577409  0.4161380 -0.3767321 -0.3893097 
 0.0000000  0.7071068  0.0000000 -0.1732226 -0.0577409  0.4441413 -0.1053915  0.5082235 
 0.0000000  0.7071068  0.0000000  0.1732226  0.0577409 -0.4441413  0.1053915 -0.5082235 
 0.0000000  0.0000000  0.7071068  0.0000000 -0.2309634 -0.3564958 -0.5379379  0.1737512 
 0.0000000  0.0000000  0.7071068  0.0000000  0.2309634  0.3564958  0.5379379 -0.1737512 
 0.0000000  0.0000000  0.0000000  0.9380702  0.0000000  0.0103421  0.1002107  0.3314742 
 0.0000000  0.0000000  0.0000000  0.0000000  0.9380702 -0.0696414 -0.3242448  0.1001979 
::::::::::::::
run.006.008
::::::::::::::
 0.7071068 -0.2033894  0.0821239  0.0000000  0.0000000  0.0000000  0.2548117  0.6220606 
 0.7071068  0.2033894 -0.0821239  0.0000000  0.0000000  0.0000000 -0.2548117 -0.6220606 
 0.0000000  0.9577398  0.0348803  0.0000000  0.0000000  0.0000000  0.1082256  0.2642065 
 0.0000000  0.0000000  0.9926201  0.0000000  0.0000000  0.0000000 -0.0459664 -0.1122159 
 0.0000000  0.0000000  0.0000000  0.7071068 -0.2033894  0.0821239  0.6220606 -0.2548117 
 0.0000000  0.0000000  0.0000000  0.7071068  0.2033894 -0.0821239 -0.6220606  0.2548117 
 0.0000000  0.0000000  0.0000000  0.0000000  0.9577398  0.0348803  0.2642065 -0.1082256 
 0.0000000  0.0000000  0.0000000  0.0000000  0.0000000  0.9926201 -0.1122159  0.0459664 

::::::::::::::
run.007.008
::::::::::::::
 0.7153677 -0.1986911  0.0578413 -0.0213501  0.0061913 -0.0002678  0.0000175 -0.6670315 
 0.6987473  0.2018518 -0.0591801  0.0219297 -0.0063804  0.0002744 -0.0000180  0.6833624 
 0.0011405  0.9590504  0.0244482 -0.0090745  0.0026308 -0.0001132  0.0000074 -0.2820177 
-0.0000539 -0.0000089  0.9962702  0.0028244 -0.0008051  0.0000346 -0.0000023  0.0862380 
-0.0000397  0.0000343 -0.0000593  0.9994863  0.0003017 -0.0000129  0.0000008 -0.0320463 
 0.0000262 -0.0000050  0.0000021 -0.0000033  0.9999566  0.0000037 -0.0000002  0.0093113 
 0.0000000  0.0000000  0.0000000  0.0000000  0.0000000  0.9999999  0.0000000 -0.0004015 
 0.0000000  0.0000000  0.0000000  0.0000000  0.0000000  0.0000000  1.0000000  0.0000263 
