 0.3162278 -0.0643642 -0.2089225 -0.0162293 -0.0248062 -0.4875623 -0.4823308  0.5626744  0.0694034  0.2440298 
 0.3162278 -0.5552690 -0.1453007  0.1349219  0.0657605  0.2927734  0.5424660  0.3446599  0.1624059  0.1512742 
 0.3162278 -0.0403274  0.1021237 -0.2946395 -0.4459214 -0.1997442  0.1414554 -0.4772557  0.1638569  0.5364296 
 0.3162278 -0.3322424  0.0539122 -0.3939977 -0.3157637  0.0061499 -0.1586050 -0.0480758  0.0331588 -0.7093401 
 0.3162278 -0.3611360  0.1311453  0.3994809  0.1682544  0.2370790 -0.4633421 -0.3538132 -0.3875998  0.1348235 
 0.3162278  0.2546037 -0.1569576 -0.5768070  0.3725507  0.1762161  0.1216319  0.0672478 -0.5260011  0.1095219 
 0.3162278  0.4523945 -0.1317753  0.4107916 -0.5655528  0.1427726  0.1586894  0.1624760 -0.3218214 -0.1176475 
 0.3162278  0.1606895 -0.5710012  0.2196665  0.3402919 -0.2652835  0.1184509 -0.4084114  0.2748624 -0.2394356 
 0.3162278  0.3690585  0.2318666 -0.0496889  0.1262148  0.5251662 -0.2711620  0.0873652  0.5768809  0.0433822 
 0.3162278  0.1165929  0.6949096  0.1665014  0.2789718 -0.4275673  0.2927464  0.0631327 -0.0451460 -0.1530380 
