 0.6971839 -0.1794689  0.0597495 -0.0186645  0.0043617 -0.0008244  0.0003090 -0.0001140  0.6912216 
 0.7168914  0.1759491 -0.0575314  0.0181488 -0.0042428  0.0008014 -0.0003004  0.0001108 -0.6719008 
-0.0010472  0.9679012  0.0214470 -0.0067281  0.0015842 -0.0002985  0.0001119 -0.0000413  0.2503163 
-0.0003916  0.0000875  0.9963233  0.0022459 -0.0005419  0.0001021 -0.0000383  0.0000141 -0.0856407 
-0.0000043 -0.0000311  0.0000660  0.9996359  0.0001695 -0.0000322  0.0000121 -0.0000044  0.0269818 
 0.0000021 -0.0000040  0.0000012  0.0000008  0.9999801  0.0000075 -0.0000028  0.0000010 -0.0063133 
 0.0000000  0.0000000  0.0000000  0.0000000  0.0000000  0.9999993  0.0000005 -0.0000002  0.0011927 
 0.0000000  0.0000000  0.0000000  0.0000000  0.0000000  0.0000000  0.9999999  0.0000001 -0.0004471 
 0.0000000  0.0000000  0.0000000  0.0000000  0.0000000  0.0000000  0.0000000  1.0000000  0.0001649 
