 0.5581798  0.0000000  0.0000000  0.0000000  0.0000000 -0.0864242  0.0000000  0.0375160 -0.3360630  0.1447590  0.3357809  0.1816447  0.1304547 -0.4376487  0.1306386  0.0971172  0.0328001 -0.1677499  0.0074844 -0.2613078  0.2594513 
 0.5581798  0.0000000  0.0000000  0.0000000  0.0000000  0.0864242  0.0000000  0.0375160  0.4166811 -0.0616910  0.1043544  0.2766150 -0.1209677  0.0810096 -0.1018691 -0.0506386 -0.0744830 -0.0841767  0.1200224  0.5806555 -0.1280124 
 0.6138980  0.0000000  0.0000000  0.0000000  0.0000000  0.0000000  0.0000000 -0.0682220 -0.0733011 -0.0755287 -0.4001880 -0.4166674 -0.0086260  0.3242701 -0.0261583 -0.0422602  0.0378997  0.2290614 -0.1159341 -0.2903633 -0.1195093 
 0.0000000  0.5170649  0.0000000  0.0000000  0.0000000 -0.1650550  0.0000000  0.0000000 -0.4168792 -0.1970519 -0.1565409  0.2348994  0.0317193  0.0284357 -0.1801620  0.5105957  0.0080436  0.0774905 -0.0514113  0.1992681 -0.2640053 
 0.0000000  0.5170649  0.0000000  0.0000000  0.0000000  0.1650550  0.0000000  0.0000000  0.0954275  0.0049888 -0.1244646  0.1678686  0.1529878  0.2763359 -0.1390246 -0.2254217 -0.4197589 -0.2965539  0.1355093 -0.2428475  0.3757780 
 0.0000000  0.6821200  0.0000000  0.0000000  0.0000000  0.0000000  0.0000000  0.0000000  0.2436689  0.1455889  0.2130096 -0.3053087 -0.1400129 -0.2310249  0.2419518 -0.2161694  0.3120911  0.1660558 -0.0637485  0.0330343 -0.0847266 
 0.0000000  0.0000000  0.5581798  0.0000000  0.0000000  0.0000000 -0.0864242  0.0375160  0.1703324 -0.3214741  0.4617258  0.1371143 -0.1016713  0.2496707 -0.0277273  0.0966946  0.0278938  0.0031577 -0.0345541 -0.4051413 -0.2574806 
 0.0000000  0.0000000  0.5581798  0.0000000  0.0000000  0.0000000  0.0864242  0.0375160 -0.0135570  0.3846443 -0.1141529  0.0263108  0.0544091 -0.0185437 -0.2874799  0.0729681  0.1242145  0.4413774  0.3129636  0.1128412  0.3248149 
 0.0000000  0.0000000  0.6138980  0.0000000  0.0000000  0.0000000  0.0000000 -0.0682220 -0.1425463 -0.0574368 -0.3160267 -0.1485924  0.0429726 -0.2101496  0.2865985 -0.1542639 -0.1383028 -0.4041884 -0.2531407  0.2657706 -0.0612229 
 0.0000000  0.0000000  0.0000000  0.5170649  0.0000000  0.0000000 -0.1650550  0.0000000  0.2647638  0.1482887 -0.1700165  0.1753223 -0.0166030  0.1349051  0.5585097  0.4212557 -0.0485860  0.0996560 -0.0482853 -0.0599539  0.1660885 
 0.0000000  0.0000000  0.0000000  0.5170649  0.0000000  0.0000000  0.1650550  0.0000000 -0.2884261  0.2951777  0.2578700 -0.1710501  0.1934761  0.1689597  0.0205513 -0.1913432 -0.2312826 -0.0471480  0.2999922  0.0841770 -0.4283871 
 0.0000000  0.0000000  0.0000000  0.6821200  0.0000000  0.0000000  0.0000000  0.0000000  0.0179367 -0.3361592 -0.0665953 -0.0032385 -0.1340745 -0.2303375 -0.4389436 -0.1742798  0.2121477 -0.0398024 -0.1908005 -0.0183618  0.1988292 
 0.0000000  0.0000000  0.0000000  0.0000000  0.5170649  0.0000000  0.0000000  0.1650550  0.0126479  0.3781702  0.1479727 -0.1570783 -0.3578625  0.0441699 -0.2372532  0.1891455 -0.3058863 -0.0599404 -0.4421016  0.0125469  0.0283955 
 0.0000000  0.0000000  0.0000000  0.0000000  0.5170649  0.0000000  0.0000000 -0.1650550 -0.2080886 -0.1897409  0.2097904 -0.0977593  0.1980362  0.4139173  0.1589179 -0.0306528  0.3884440 -0.1062630  0.0363572  0.2563013  0.3264907 
 0.0000000  0.0000000  0.0000000  0.0000000  0.6821200  0.0000000  0.0000000  0.0000000  0.1481492 -0.1428344 -0.2711938  0.1931736  0.1211526 -0.3472422  0.0593802 -0.1201416 -0.0625809  0.1259865  0.3075650 -0.2037940 -0.2690131 
 0.0000000  0.0000000  0.0000000  0.0000000  0.0000000  0.6821200  0.0000000  0.0000000  0.1429680  0.1646027 -0.0433431 -0.1217030  0.3380557 -0.0846989 -0.1933278  0.3337604  0.2937443 -0.2785313 -0.0405039 -0.0753515 -0.1705201 
 0.0000000  0.0000000  0.0000000  0.0000000  0.0000000  0.6821200  0.0000000  0.0000000 -0.3623050 -0.1873341  0.0649031  0.1258900 -0.3355444 -0.0410001  0.2128322 -0.1369431 -0.1766347  0.3584515 -0.0189845  0.0756556  0.0648009 
 0.0000000  0.0000000  0.0000000  0.0000000  0.0000000  0.0000000  0.6821200  0.0000000  0.0720166 -0.1889868 -0.0222055 -0.2462693 -0.3686975 -0.0555118  0.0864709  0.3048906 -0.0253121 -0.2250851  0.3515557 -0.0594989  0.1215642 
 0.0000000  0.0000000  0.0000000  0.0000000  0.0000000  0.0000000  0.6821200  0.0000000  0.0851395  0.0639787 -0.0083682  0.3441210  0.2980886  0.0812541  0.0766114 -0.1536517  0.0573160  0.2050857 -0.4798600 -0.0410051 -0.0514933 
 0.0000000  0.0000000  0.0000000  0.0000000  0.0000000  0.0000000  0.0000000  0.6821200 -0.1649472  0.1642892 -0.2140129  0.2397858 -0.2540231  0.1976980  0.0829847 -0.1900069  0.3927786 -0.2300513  0.0841610 -0.0874418 -0.0931985 
 0.0000000  0.0000000  0.0000000  0.0000000  0.0000000  0.0000000  0.0000000  0.6821200  0.0768904 -0.3230502  0.1140158 -0.3161586  0.3940487 -0.0899121  0.0546800  0.1052786 -0.2408841  0.1907339 -0.0276246  0.1424767  0.1363215 
