 0.4082483  0.0000000  0.0000000 -0.0151788 -0.1858749 -0.2797427  0.1589994 -0.1767974  0.3088885  0.3883031 -0.2297251  0.2714113  0.0341683 -0.0625037  0.5000057 -0.1821165  0.0472233 -0.0255705 
 0.4082483  0.0000000  0.0000000 -0.1368524 -0.0487653  0.5513151 -0.2536720  0.3772707  0.2609973  0.1015491  0.1119151  0.1133980  0.0128856  0.1442539  0.0698841  0.3941266  0.0097561 -0.1284128 
 0.4082483  0.0000000  0.0000000  0.4020852  0.0780429 -0.1167382  0.1985309 -0.0039195 -0.0105023 -0.3057756  0.4078981  0.1872979 -0.2418919 -0.1100696 -0.0416881  0.0035284 -0.4950169 -0.0047937 
 0.4082483  0.0000000  0.0000000 -0.0143694  0.1035915  0.1691864 -0.0479424 -0.3707065 -0.2638206  0.0640988 -0.1354671 -0.5141829  0.2621856  0.3743594  0.0222447 -0.1256120 -0.2691536  0.0011593 
 0.4082483  0.0000000  0.0000000  0.0719303 -0.2909477 -0.1246650 -0.0141967 -0.0381673 -0.2823181  0.0146192 -0.1278674 -0.1279527 -0.4750306 -0.0433041 -0.3496181  0.0582970  0.4894505 -0.1447324 
 0.4082483  0.0000000  0.0000000 -0.3076150  0.3439535 -0.1993556 -0.0417192  0.2123201 -0.0132447 -0.2627946 -0.0267536  0.0700284  0.4076831 -0.3027359 -0.2008284 -0.1482235  0.2177406  0.3023501 
 0.0000000  0.4082483  0.0000000  0.0895518 -0.0325267 -0.2892750  0.0398228  0.4235623  0.2136038 -0.2956293 -0.1628659 -0.5113470 -0.1168159  0.1060537  0.3226819  0.0949278  0.0056351  0.0223760 
 0.0000000  0.4082483  0.0000000  0.0067932  0.0302033 -0.0687657 -0.2383304  0.1055353  0.1500661  0.1159127  0.3122828  0.1620865 -0.0060513  0.4126536 -0.2205219 -0.5854574  0.1011645 -0.1673762 
 0.0000000  0.4082483  0.0000000  0.1561087 -0.2956958 -0.0529259 -0.3097368 -0.1073277 -0.4947490 -0.1608235  0.0940515  0.2746714  0.3410550 -0.0665247  0.2873089  0.2129047  0.0861779 -0.0171396 
 0.0000000  0.4082483  0.0000000  0.0489191 -0.1551677  0.4942037  0.2466060 -0.3226122  0.2796105 -0.1213890  0.0941360 -0.1863796  0.0468291 -0.4484239 -0.0426170 -0.1760787  0.1551290  0.0324742 
 0.0000000  0.4082483  0.0000000 -0.2806640  0.0929746 -0.1765557  0.5151505  0.0236598 -0.0883764  0.2756922  0.0162477  0.0724561  0.1576205  0.0506451 -0.2918139  0.3659083 -0.1510709 -0.3003311 
 0.0000000  0.4082483  0.0000000 -0.0207087  0.3602123  0.0933187 -0.2535121 -0.1228175 -0.0601550  0.1862369 -0.3538521  0.1885126 -0.4226375 -0.0544037 -0.0550380  0.0877953 -0.1970356  0.4299966 
 0.0000000  0.0000000  0.4082483 -0.3185450 -0.0626651 -0.3163777 -0.3508604 -0.3937352  0.2881475 -0.0075229  0.3751455 -0.1806580 -0.0901044 -0.0586142 -0.0338896  0.2782363 -0.0308609  0.0467164 
 0.0000000  0.0000000  0.4082483  0.4839888 -0.1628399 -0.0515682 -0.0523352 -0.0108243  0.3073760 -0.0515179 -0.3910446  0.1139581  0.3196750  0.1204343 -0.4076343  0.1239048 -0.0434757  0.0625681 
 0.0000000  0.0000000  0.4082483 -0.2129827 -0.0456685  0.1656561  0.4172529 -0.0735936 -0.0904262 -0.3264643  0.0318254  0.2339506 -0.1309052  0.4658214  0.1702284 -0.0026028  0.2099363  0.3181872 
 0.0000000  0.0000000  0.4082483  0.2204189 -0.0261633  0.0424028  0.1117381  0.3248264 -0.2429799  0.5438644  0.3128316 -0.2274127  0.0544597 -0.1618705  0.0589857 -0.0689442  0.0486584  0.3465439 
 0.0000000  0.0000000  0.4082483  0.1970430  0.6036393  0.0711018 -0.0347200 -0.0696624 -0.0797467 -0.0453621 -0.0666357  0.0218038 -0.0469260 -0.1161429  0.2340284 -0.0096318  0.2422021 -0.5257994 
 0.0000000  0.0000000  0.4082483 -0.3699231 -0.3063025  0.0887853 -0.0910754  0.2229891 -0.1823707 -0.1129971 -0.2621222  0.0383582 -0.1061991 -0.2496280 -0.0217186 -0.3209623 -0.4264602 -0.2482162 
