 0.5656408  0.0000000  0.0000000 -0.0734711  0.0440888 -0.3358769  0.2720874 -0.2701570 -0.1634657  0.0091473 -0.6183404 -0.0609876  0.0031624 
 0.5656408  0.0000000  0.0000000  0.0734711  0.0440888  0.1152624  0.3158201  0.6673678  0.0645383 -0.0557594  0.2930172 -0.1434693  0.0241723 
 0.6000842  0.0000000  0.0000000  0.0000000 -0.0831165  0.2079517 -0.5541630 -0.3744118  0.0932493  0.0439367  0.3066504  0.1927216 -0.0257657 
 0.0000000  0.5163510  0.0000000 -0.1668497  0.0000000  0.0941624 -0.0357115 -0.0278659  0.6437430  0.2119832 -0.1648677 -0.3879816 -0.2399406 
 0.0000000  0.5163510  0.0000000  0.1668497  0.0000000 -0.2386855  0.0920752  0.0207405 -0.0711875  0.5002983  0.1373395  0.3319982  0.5051862 
 0.0000000  0.6832007  0.0000000  0.0000000  0.0000000  0.1092280 -0.0425987  0.0053853 -0.4327273 -0.5383298  0.0208054  0.0423112 -0.2004679 
 0.0000000  0.0000000  0.5163510  0.0000000 -0.1668497 -0.2389947 -0.2800576  0.0418202 -0.3577486  0.1959504  0.1350007 -0.6164374  0.0603515 
 0.0000000  0.0000000  0.5163510  0.0000000  0.1668497  0.0989049 -0.3867317  0.4161679  0.1294662 -0.0651489 -0.4643921  0.3623458  0.0710144 
 0.0000000  0.0000000  0.6832007  0.0000000  0.0000000  0.1058774  0.5039476 -0.3461394  0.1725318 -0.0988575  0.2489482  0.1920379 -0.0992840 
 0.0000000  0.0000000  0.0000000  0.6832007  0.0000000 -0.5511677 -0.1222507 -0.0087177  0.3137535 -0.2987670  0.0805974 -0.0046855 -0.1421578 
 0.0000000  0.0000000  0.0000000  0.6832007  0.0000000  0.5839397  0.0863399 -0.1039738 -0.1636743  0.2353354 -0.2524087 -0.1622762 -0.0420747 
 0.0000000  0.0000000  0.0000000  0.0000000  0.6832007  0.0990961 -0.0451434 -0.1846264  0.1056126 -0.2881196  0.0561288 -0.3024528  0.5463487 
 0.0000000  0.0000000  0.0000000  0.0000000  0.6832007 -0.1420814 -0.0341623  0.0220210 -0.2068705  0.3602379  0.1485538  0.1000569 -0.5538513 
