 0.2294157 -0.3540806 -0.0696478 -0.4333491  0.1161858 -0.0256366 -0.3154906 -0.1011590 -0.2168247 -0.1858721  0.1737431  0.3160831 -0.2471800  0.1191468  0.2595860 -0.2036542  0.1390823  0.2623470 -0.1464546 
 0.2294157 -0.1225979  0.3207122 -0.2518450 -0.0008475  0.2938547  0.1545870  0.2081975  0.0767519 -0.2345228 -0.1692555 -0.4113833  0.0631155  0.0833971 -0.2151377 -0.3360539 -0.3407767  0.1331913 -0.2228498 
 0.2294157  0.1865559  0.1290482  0.0030283 -0.1284327 -0.3239744  0.2111941  0.5730825 -0.2812038  0.2498428  0.2223155 -0.0075385 -0.3852240 -0.0719795 -0.0424605  0.1306337 -0.0208835  0.1613624 -0.1073460 
 0.2294157 -0.0333537 -0.0174568  0.0635631  0.0773599 -0.2394746  0.1157056 -0.3093151  0.3220491  0.2623173  0.4957945 -0.1647617 -0.1557328  0.3086952 -0.1187852 -0.3554192 -0.0973567 -0.1590366  0.1711171 
 0.2294157  0.2957921  0.2192181 -0.0375273 -0.3629760  0.1841715  0.1013539 -0.1795021 -0.0286105  0.0685564 -0.2261372  0.6330556 -0.1142130  0.0237272 -0.1290842 -0.2072958 -0.1905815 -0.1473572  0.1164173 
 0.2294157 -0.2266256 -0.0473030 -0.3377469 -0.2552615 -0.0621417  0.5333900 -0.1858970  0.0969710  0.1568879 -0.1063533 -0.1212800  0.1288096 -0.2214969  0.4633071  0.1820837  0.0698241 -0.1133253  0.0200096 
 0.2294157  0.0682556  0.1942519  0.2392331  0.5376230  0.4342258  0.2276710 -0.2900342 -0.3209508  0.1521364  0.0095938 -0.0456898 -0.1975590  0.0402163  0.0774747  0.2185801  0.0706147  0.0021146 -0.0802937 
 0.2294157 -0.3592928 -0.1919196  0.2306758 -0.0173161  0.1214965  0.1809349  0.3462436 -0.2257858 -0.1920900  0.1109328  0.1566176  0.2304180  0.1192858 -0.1392950 -0.1452449  0.2603769 -0.5098076  0.0177677 
 0.2294157  0.1280386  0.0291013  0.1322123 -0.0243272 -0.2970179 -0.2899293 -0.0275277 -0.0547114 -0.1681012 -0.4278860 -0.2510145 -0.2598276  0.2993072  0.3294607  0.0610539 -0.0940673 -0.4183891 -0.0916959 
 0.2294157 -0.0839088  0.0967731  0.3178977 -0.4550737  0.3701350 -0.4238670  0.0067766  0.0871859  0.1987860  0.3162239 -0.1219972  0.1120186 -0.1071365  0.2326761  0.1125459 -0.0587799  0.0376710 -0.2199979 
 0.2294157 -0.1021091  0.3067148 -0.1167646  0.1022068 -0.3498449 -0.1891916 -0.2533870  0.0118653 -0.0350591  0.0457598  0.0445400  0.1508676 -0.4034808 -0.4388614  0.2279926  0.0723758 -0.2329769 -0.3182706 
 0.2294157  0.1774137 -0.5586204 -0.3701705  0.1394835  0.3154331 -0.1920020  0.1489976  0.1949637  0.1582754 -0.0276239 -0.0667568 -0.2094713 -0.1779429 -0.2104571  0.1758351 -0.1109144 -0.2313781  0.0626076 
 0.2294157  0.1200367  0.0812885 -0.2394889  0.0126123 -0.0336912 -0.1118827  0.0794323 -0.0141239  0.2781169 -0.0969455  0.0316731  0.4836356  0.5929083 -0.1215390  0.3041296  0.1803383  0.1740996  0.0733654 
 0.2294157  0.0531808 -0.0579363  0.0972071  0.2150681 -0.1317090  0.0327592  0.0722518  0.0247185 -0.3707881  0.2521379  0.1973563  0.2734829 -0.0462633  0.1956584  0.2716184 -0.6156005  0.0729710  0.2189540 
 0.2294157  0.0000842 -0.1078482  0.2600356 -0.0221346  0.0036455  0.2010918  0.0292832  0.5875706 -0.3322676 -0.0966810  0.1658286 -0.2132735  0.1187231 -0.0860965  0.2104415  0.2882646  0.2828771 -0.2437987 
 0.2294157 -0.2169545  0.1728797  0.1805486  0.3351689 -0.0802047 -0.1904175  0.2728323  0.2765780  0.3398902 -0.3288103  0.1152780  0.0848041 -0.2913711  0.1565362 -0.2545545  0.0646856  0.1170000  0.3092847 
 0.2294157  0.4136661  0.1850630 -0.1089592 -0.0672503  0.0675286 -0.0857882 -0.0159662 -0.0473531 -0.3881585  0.1776001 -0.2388094  0.0420130 -0.2042496  0.0594789 -0.0942094  0.4494080  0.0297345  0.4617382 
 0.2294157 -0.3247217 -0.2577390  0.2151254 -0.2683801 -0.0877691 -0.0269942 -0.2471368 -0.3035205 -0.0207826 -0.2348122 -0.1954052 -0.1256359 -0.0336381 -0.3465839  0.1048615 -0.0957619  0.3323800  0.3662290 
 0.2294157  0.3806210 -0.4265797  0.1563246  0.0662915 -0.1590266  0.0668755 -0.1271726 -0.1855695  0.0628328 -0.0895966 -0.0357959  0.3389524 -0.1478481  0.0741226 -0.4033439  0.0297523  0.2065222 -0.3867834 
