 0.7071067  0.0000001  0.0000000  0.0000000 -0.1813566  0.0000001 -0.0000001  0.0000000  0.0000000 -0.0000001  0.0000001  0.0000000  0.0000000  0.0000000  0.2846959 -0.4931959 -0.0147646  0.0041519  0.0524803 -0.2190237 -0.1528443  0.1781768 -0.0349574  0.1884797 -0.0004166 
 0.7071069  0.0000000  0.0000000  0.0000000  0.1813565  0.0000000  0.0000000  0.0000000  0.0000002  0.0000000 -0.0000001  0.0000000  0.0000000  0.0000000 -0.2846959  0.4931960  0.0147645 -0.0041521 -0.0524803  0.2190232  0.1528440 -0.1781768  0.0349574 -0.1884796  0.0004163 
 0.0000000  0.7071066  0.0000000 -0.0000001 -0.1813562 -0.0000001 -0.0000003  0.0000001  0.0000002  0.0000001 -0.0000001  0.0000001 -0.0000001  0.0000000 -0.1242940 -0.0353485 -0.3357189 -0.1152971  0.0643059  0.2858866 -0.4109738 -0.0982959 -0.0385670 -0.0356767  0.2392131 
-0.0000001  0.7071070  0.0000000  0.0000001  0.1813562 -0.0000001  0.0000001  0.0000000  0.0000000 -0.0000001  0.0000001 -0.0000001  0.0000001  0.0000000  0.1242938  0.0353484  0.3357189  0.1152969 -0.0643056 -0.2858862  0.4109736  0.0982958  0.0385671  0.0356766 -0.2392131 
-0.0000001  0.0000002  0.7071065  0.0000000 -0.1405982 -0.0000003  0.0000002  0.0000000 -0.0000001  0.0000000  0.0000000 -0.0000001  0.0000000 -0.0407578  0.1063524  0.1679870 -0.2667273  0.0473452 -0.0515803 -0.4710465  0.0286969 -0.2996501  0.1594564 -0.0748880  0.1395074 
 0.0000001 -0.0000001  0.7071071  0.0000000  0.1405981  0.0000003 -0.0000002 -0.0000001  0.0000000  0.0000000  0.0000000  0.0000001  0.0000001  0.0407577 -0.1063524 -0.1679867  0.2667271 -0.0473450  0.0515802  0.4710460 -0.0286970  0.2996499 -0.1594565  0.0748878 -0.1395074 
 0.0000001  0.0000000 -0.0000001  0.7071066 -0.1405987  0.0000000 -0.0000001  0.0000000 -0.0000001  0.0000000  0.0000001  0.0000001  0.0000000  0.0407578 -0.0889232 -0.1069152  0.1284793  0.2020956 -0.2145080 -0.0554494  0.0030957  0.2167581 -0.0584025 -0.4925192  0.2445719 
-0.0000001 -0.0000001  0.0000001  0.7071070  0.1405985  0.0000000  0.0000000 -0.0000001  0.0000001  0.0000000  0.0000000 -0.0000001  0.0000000 -0.0407577  0.0889231  0.1069151 -0.1284792 -0.2020955  0.2145078  0.0554494 -0.0030959 -0.2167580  0.0584026  0.4925189 -0.2445717 
 0.0000000  0.0000000  0.0000000  0.0000000  0.8884638  0.0000000  0.0000000  0.0000000  0.0000000  0.0000000  0.0000000  0.0000000  0.0000000  0.0000000  0.0710000 -0.1964480 -0.1868387  0.0335729 -0.0365388 -0.1393381 -0.2201146  0.0063765  0.0019670 -0.1172018  0.2190480 
-0.0000003  0.0000000  0.0000000  0.0000000 -0.0000002  0.7071066  0.0000000  0.0000000 -0.0000001 -0.1813564  0.0000000  0.0000001  0.0000000  0.0000000 -0.2177183  0.0173413 -0.0608764 -0.1316570  0.0575371 -0.1896518 -0.2644075  0.1652018  0.1678465 -0.2044629 -0.4380752 
 0.0000002  0.0000001  0.0000000  0.0000000  0.0000001  0.7071069  0.0000000 -0.0000001  0.0000000  0.1813563  0.0000000  0.0000000  0.0000000 -0.0000001  0.2177181 -0.0173411  0.0608763  0.1316570 -0.0575372  0.1896514  0.2644074 -0.1652021 -0.1678463  0.2044626  0.4380751 
 0.0000000  0.0000002 -0.0000001  0.0000000  0.0000000  0.0000000  0.7071070  0.0000000 -0.0000001 -0.1813563  0.0000001  0.0000000  0.0000000  0.0000000 -0.1059353  0.2732356  0.2054023  0.1339637 -0.1554800 -0.1514857 -0.2854296  0.1956825 -0.0084714  0.3378088  0.2000577 
 0.0000001 -0.0000001  0.0000000  0.0000001  0.0000000  0.0000000  0.7071066  0.0000001  0.0000002  0.1813564 -0.0000001  0.0000000  0.0000000  0.0000000  0.1059353 -0.2732360 -0.2054024 -0.1339639  0.1554801  0.1514862  0.2854295 -0.1956824  0.0084713 -0.3378089 -0.2000576 
 0.0000000  0.0000000  0.0000001  0.0000000  0.0000000  0.0000001  0.0000000  0.7071068  0.0000000 -0.1405985  0.0000000  0.0000001 -0.0000001  0.0407581  0.0817622  0.0643061 -0.2265557 -0.2747803 -0.0693298  0.0720706  0.2530933  0.3747394  0.3043491  0.0439582  0.1785259 
-0.0000001 -0.0000001 -0.0000001  0.0000000  0.0000000  0.0000000  0.0000000  0.7071068  0.0000000  0.1405984  0.0000000  0.0000000  0.0000001 -0.0407581 -0.0817621 -0.0643061  0.2265557  0.2747803  0.0693298 -0.0720706 -0.2530933 -0.3747394 -0.3043491 -0.0439580 -0.1785260 
 0.0000000 -0.0000002  0.0000002  0.0000000  0.0000000  0.0000000 -0.0000001  0.0000000  0.7071067 -0.1405982  0.0000000 -0.0000001  0.0000000 -0.0407584 -0.0727512 -0.1881356  0.3830638 -0.2449517  0.0188377  0.0240218 -0.0480781 -0.2764638  0.3460247 -0.0374074  0.1741723 
-0.0000002  0.0000000 -0.0000001  0.0000001 -0.0000001  0.0000001  0.0000000  0.0000000  0.7071069  0.1405981  0.0000000  0.0000001  0.0000000  0.0407583  0.0727512  0.1881356 -0.3830636  0.2449517 -0.0188378 -0.0240221  0.0480780  0.2764640 -0.3460245  0.0374075 -0.1741722 
 0.0000000  0.0000000  0.0000000  0.0000000  0.0000000  0.0000000  0.0000000  0.0000000  0.0000000  0.8884638  0.0000000  0.0000000  0.0000000  0.0000000 -0.1292785  0.0794355  0.1085366 -0.1635522 -0.0559655 -0.1088554 -0.1595824  0.1784342  0.2709060  0.0565115  0.0144582 
-0.0000001  0.0000000  0.0000000  0.0000000  0.0000000  0.0000000  0.0000000  0.0000000  0.0000000  0.0000000  0.7071068  0.0000000  0.0000000 -0.1813569 -0.1125312  0.0077329  0.0424282 -0.4678847 -0.1069431 -0.1871421  0.0633516  0.0097325 -0.4215053 -0.0196963  0.0710527 
 0.0000001  0.0000000  0.0000000 -0.0000001  0.0000000  0.0000000  0.0000000  0.0000000  0.0000000  0.0000000  0.7071067  0.0000000  0.0000000  0.1813569  0.1125312 -0.0077329 -0.0424283  0.4678847  0.1069432  0.1871423 -0.0633516 -0.0097327  0.4215054  0.0196963 -0.0710528 
 0.0000000  0.0000000  0.0000000  0.0000000  0.0000000 -0.0000001  0.0000000  0.0000000  0.0000000  0.0000000  0.0000000  0.7071067  0.0000000 -0.1813570 -0.5053179 -0.2586106 -0.1555308  0.1775151 -0.0286353 -0.0626914  0.2059245 -0.0096789  0.0585686  0.1926817  0.0371138 
 0.0000000  0.0000000  0.0000000  0.0000000  0.0000000  0.0000000  0.0000000  0.0000000  0.0000000  0.0000000  0.0000000  0.7071069  0.0000000  0.1813569  0.5053179  0.2586105  0.1555308 -0.1775150  0.0286353  0.0626912 -0.2059244  0.0096787 -0.0585686 -0.1926815 -0.0371138 
 0.0000000  0.0000000 -0.0000001  0.0000000  0.0000000  0.0000000  0.0000000  0.0000000  0.0000000  0.0000000  0.0000000  0.0000000  0.7071068 -0.1813570  0.1230401 -0.0633477 -0.0682053 -0.0000619 -0.5991337  0.1503670 -0.0637307 -0.1085363  0.0753162  0.0490647 -0.1944553 
 0.0000000 -0.0000001  0.0000000  0.0000000  0.0000000  0.0000000  0.0000000  0.0000000  0.0000000  0.0000000  0.0000000  0.0000000  0.7071068  0.1813570 -0.1230400  0.0633477  0.0682052  0.0000618  0.5991336 -0.1503670  0.0637306  0.1085364 -0.0753162 -0.0490648  0.1944554 
 0.0000000  0.0000000  0.0000000  0.0000000  0.0000000  0.0000000  0.0000000  0.0000000  0.0000000  0.0000000  0.0000000  0.0000000  0.0000000  0.8884640 -0.1982652 -0.1262215 -0.0543458 -0.1300296 -0.2769073 -0.0831459  0.0586301 -0.1514155 -0.0936083  0.1215035 -0.0452661 
