 0.3888172  0.0000000  0.0000000  0.0000000 -0.0934145 -0.2617502 -0.0995781 -0.3723874  0.0098414 -0.1275250 -0.4527942  0.2038015  0.2524398 -0.2203578  0.2442053  0.2259680 -0.1432304 -0.0511127  0.1855964 -0.1057804 -0.1981149 -0.0464866 -0.0994566  0.1304993 
 0.3888172  0.0000000  0.0000000  0.0000000  0.0934145  0.2207202 -0.0699301 -0.1526840 -0.3059185 -0.0723125 -0.0935778  0.1269958 -0.2591623  0.1292145 -0.2693574  0.0897330 -0.0795988 -0.3642578  0.0550320  0.3007588  0.0527854  0.0415919  0.2529555 -0.4171345 
 0.4822317  0.0000000  0.0000000  0.0000000  0.0000000 -0.0229847 -0.2501248 -0.0232190  0.2465758 -0.0597649  0.1711625 -0.2872686  0.0072927  0.3198899 -0.1366391 -0.0066317 -0.0680526 -0.2368865 -0.3017561 -0.1080320  0.2069086  0.0826687 -0.1737014  0.4040334 
 0.4822317  0.0000000  0.0000000  0.0000000  0.0000000 -0.0712419  0.0135419  0.5140950 -0.0067399 -0.0516741  0.0929457 -0.0798309  0.0519187 -0.1766016  0.0677591 -0.2783660 -0.1335489  0.2705986  0.4560220  0.0304395  0.2032639 -0.0738053  0.1280811 -0.0331687 
 0.4822317  0.0000000  0.0000000  0.0000000  0.0000000  0.1273086  0.3732552 -0.0675178 -0.0011128  0.2725654  0.1764245  0.1003819 -0.0537911 -0.0698007  0.0891598  0.0304521  0.3812658  0.3011958 -0.3482815 -0.0796160 -0.2929951 -0.0049169 -0.0781439 -0.1397544 
 0.0000000  0.3888172  0.0000000  0.0000000 -0.0934145 -0.0651541 -0.1104963 -0.0155783  0.3645068 -0.1288767  0.1996514  0.0945162  0.3061335 -0.0579830  0.0497303  0.0780017  0.0112717 -0.1166138 -0.1443410 -0.1784126  0.2395216 -0.2720370 -0.0109398 -0.5671037 
 0.0000000  0.3888172  0.0000000  0.0000000  0.0934145  0.5174229 -0.2302385 -0.0210155  0.1052625  0.1065931 -0.3413072 -0.0496708 -0.0234140  0.2951553  0.2203616 -0.1105238 -0.1699555  0.3353827 -0.0219477  0.1878566 -0.0935818 -0.1875784 -0.0801580  0.0396308 
 0.0000000  0.4822317  0.0000000  0.0000000  0.0000000 -0.3678569  0.0138668  0.0794124 -0.2656682  0.4140997  0.1226073 -0.0596883 -0.1173712  0.0254409 -0.0314522  0.3680015 -0.3590051  0.1343804 -0.0410128  0.0313056  0.0514365  0.2403359 -0.0637511 -0.0082552 
 0.0000000  0.4822317  0.0000000  0.0000000  0.0000000 -0.0982833  0.1490205  0.0798285  0.0252378 -0.4505279  0.0194898  0.2011664  0.1556692  0.1116873 -0.1583940 -0.2431372  0.2033008 -0.0271027  0.0420227  0.1966336 -0.2512155  0.4506228 -0.0538436  0.1107978 
 0.0000000  0.4822317  0.0000000  0.0000000  0.0000000  0.1014817  0.1118428 -0.1297358 -0.1383386  0.0543952 -0.0278819 -0.1776364 -0.2662511 -0.3283571 -0.0279253 -0.0986422  0.2836490 -0.2836682  0.1330666 -0.2355538  0.0821097 -0.3203766  0.1910456  0.3227520 
 0.0000000  0.0000000  0.3888172  0.0000000 -0.0934145  0.2741989 -0.2014777 -0.0334643 -0.2591777 -0.0331883  0.1533846 -0.1412697  0.4003235 -0.1380247  0.2883498  0.1777424  0.1294520  0.0410605 -0.1169251  0.0335220  0.1332096  0.3040797  0.4069459  0.0913090 
 0.0000000  0.0000000  0.3888172  0.0000000  0.0934145  0.1442567  0.1952545  0.2196803  0.0030702  0.2746518  0.0051203  0.2726350  0.2294892  0.3340147 -0.0863315 -0.0409422 -0.1698710 -0.3195844  0.1976699 -0.4122754 -0.2476474 -0.0610744  0.0430118  0.0528917 
 0.0000000  0.0000000  0.4822317  0.0000000  0.0000000 -0.2375958  0.3192673  0.0683328  0.1078123 -0.1057634 -0.2171471  0.0312130 -0.3350466  0.1637768  0.4716683 -0.0585060  0.0492812 -0.1287059 -0.1335130  0.1799045  0.3068048  0.0028856 -0.0561492 -0.0448866 
 0.0000000  0.0000000  0.4822317  0.0000000  0.0000000 -0.2011314 -0.1762530 -0.0850707  0.0154040 -0.2344234  0.1317671  0.1644924 -0.1395094  0.0620953 -0.3938975  0.1614548  0.0154126  0.3990699 -0.0472709  0.0724588 -0.1109020 -0.3906254  0.1759246  0.1474005 
 0.0000000  0.0000000  0.4822317  0.0000000  0.0000000  0.1013319 -0.1379967 -0.1334056  0.0832799  0.1454978 -0.0424205 -0.3016235 -0.0332538 -0.3838963 -0.2406556 -0.2132490 -0.0321044 -0.0457938  0.1156805  0.0530207 -0.1036330  0.1918078 -0.4825705 -0.2187811 
 0.0000000  0.0000000  0.0000000  0.3888172 -0.0934145 -0.3524630 -0.2516384 -0.0984280 -0.3200039  0.1721271 -0.0854057 -0.2089778  0.1445757  0.3873516  0.0534689 -0.2696727  0.3882174  0.0271157  0.1167953 -0.0387969 -0.0459383 -0.1151262 -0.0268316 -0.1750841 
 0.0000000  0.0000000  0.0000000  0.3888172  0.0934145  0.0948883 -0.1549329 -0.2997052  0.2398048 -0.0056762  0.4956589  0.1992667 -0.3134610  0.0396095  0.3044570  0.0399840 -0.0409123  0.0080161  0.3764324 -0.0333157 -0.0822416  0.1670423 -0.0025036  0.0315941 
 0.0000000  0.0000000  0.0000000  0.4822317  0.0000000 -0.0111228  0.1014022  0.1035201  0.3474610 -0.0523306 -0.3623141 -0.2757993 -0.1403996 -0.0577036 -0.1787680  0.1119805 -0.0756074  0.1038069 -0.1047549 -0.2582127 -0.1165961  0.2490274  0.4043982 -0.1212404 
 0.0000000  0.0000000  0.0000000  0.4822317  0.0000000 -0.0060141  0.1108233  0.1391831  0.1546321  0.2500949  0.0371318  0.1117534  0.2762725 -0.2006044 -0.0724248  0.0488928 -0.0270961 -0.2341429 -0.1042329  0.5879727 -0.0269543 -0.2334266 -0.0056878  0.2094078 
 0.0000000  0.0000000  0.0000000  0.4822317  0.0000000  0.2248160  0.1155876  0.0783065 -0.4374296 -0.3319715 -0.0055995  0.1718758  0.0002972 -0.0859452 -0.0373982  0.0243218 -0.1773240  0.1020096 -0.1886952 -0.2716165  0.2469001 -0.0574601 -0.3750578  0.0275267 
 0.0000000  0.0000000  0.0000000  0.0000000  0.4822317 -0.0308502 -0.3178337  0.4645157 -0.0290263 -0.1406006 -0.0512593 -0.0574554 -0.1066573 -0.0860027  0.1585892  0.4018834  0.3084262 -0.1511767 -0.0034662 -0.0220739 -0.2454836 -0.0484763 -0.1840874 -0.0524813 
 0.0000000  0.0000000  0.0000000  0.0000000  0.4822317 -0.2110991 -0.2111182 -0.0754738 -0.0862299  0.0568730  0.0412480  0.1637149 -0.0133302 -0.2198645  0.1286386 -0.5164767 -0.2695835 -0.0348563 -0.3977526 -0.0829807 -0.1146297  0.0075822  0.2221489 -0.0101737 
 0.0000000  0.0000000  0.0000000  0.0000000  0.4822317 -0.0323703  0.4276285 -0.2707041 -0.0631230 -0.2231497  0.1596054 -0.4899745  0.2566434  0.1334612  0.0382263  0.0991629 -0.1724464  0.0469993  0.1410901  0.0861621 -0.0807789 -0.1641852  0.0010797 -0.0565345 
 0.0000000  0.0000000  0.0000000  0.0000000  0.4822317  0.0065199  0.0231905 -0.1698913  0.1305220  0.2253785 -0.1982273  0.2672632  0.1481061  0.0122039 -0.2350628  0.0607182  0.2974943  0.1856978  0.1504753 -0.0455156  0.5376254  0.1877321 -0.0282135  0.0751467 
