 0.7071068  0.0000000  0.0000000  0.0000000  0.0000000 -0.1583985 -0.5965276 -0.0644176  0.2168698 -0.0823061 -0.2472009 
 0.7071068  0.0000000  0.0000000  0.0000000  0.0000000  0.1583985  0.5965276  0.0644176 -0.2168698  0.0823061  0.2472009 
 0.0000000  0.7071068  0.0000000  0.0000000  0.0000000 -0.1583985 -0.0644004  0.4139810 -0.3239786  0.3597323 -0.2549760 
 0.0000000  0.7071068  0.0000000  0.0000000  0.0000000  0.1583985  0.0644004 -0.4139810  0.3239786 -0.3597323  0.2549760 
 0.0000000  0.0000000  0.7071068  0.0000000  0.0000000 -0.1583985 -0.0832755 -0.3778298  0.0059686  0.5205538  0.2328259 
 0.0000000  0.0000000  0.7071068  0.0000000  0.0000000  0.1583985  0.0832755  0.3778298 -0.0059686 -0.5205538 -0.2328259 
 0.0000000  0.0000000  0.0000000  0.7071068  0.0000000 -0.1583985  0.3449954 -0.0533566  0.4147033  0.1427915 -0.4008403 
 0.0000000  0.0000000  0.0000000  0.7071068  0.0000000  0.1583985 -0.3449954  0.0533566 -0.4147033 -0.1427915  0.4008403 
 0.0000000  0.0000000  0.0000000  0.0000000  0.7071068 -0.1583985 -0.0365117  0.4140819  0.3792583  0.0667437  0.3922008 
 0.0000000  0.0000000  0.0000000  0.0000000  0.7071068  0.1583985  0.0365117 -0.4140819 -0.3792583 -0.0667437 -0.3922008 
 0.0000000  0.0000000  0.0000000  0.0000000  0.0000000  0.8655052 -0.1594845  0.1216884  0.2535903  0.3687762 -0.1017516 
