 0.6690404  0.1933417  0.0033187  0.0050699 -0.0020999 -0.0327071 -0.0003329  0.0017857  0.0481558 -0.0014846  0.0031387 -0.0018854 -0.0009282  0.0009927 -0.2026450  0.0677321  0.6825692 
 0.7425876 -0.1730597  0.0000537 -0.0123561 -0.0010585  0.0086027 -0.0020516 -0.0013385 -0.0436079  0.0013894 -0.0028473  0.0018031  0.0008454 -0.0008379  0.1954955 -0.0923721 -0.6080401 
-0.0010929  0.9656530  0.0019578  0.0005435  0.0004246 -0.0020830  0.0006074 -0.0000907 -0.0176665  0.0005881 -0.0011249  0.0006949  0.0003538 -0.0003404  0.0837509 -0.0297953 -0.2434904 
-0.0203776 -0.0024997  0.6985406 -0.1954441 -0.0557832 -0.0021570 -0.0094324 -0.0034721 -0.0059888  0.0005818 -0.0004820  0.0021777 -0.0000115  0.0010966  0.1735593 -0.6494977  0.1348747 
 0.0168792 -0.0007789  0.7151171  0.1920321  0.0540305  0.0061741 -0.0003393  0.0011032  0.0057000 -0.0007244  0.0003899 -0.0020614 -0.0000518 -0.0010957 -0.1994923  0.6232308 -0.1422483 
-0.0015615 -0.0042813 -0.0004598  0.9615202 -0.0225917 -0.0032041  0.0005278 -0.0001857 -0.0031178  0.0003619 -0.0001966  0.0008602  0.0000538  0.0004354  0.0926374 -0.2530214  0.0482152 
 0.0001141 -0.0003860  0.0003530  0.0004279  0.9967201 -0.0000891  0.0003164  0.0001025 -0.0007848  0.0000826 -0.0000464  0.0002491  0.0000040  0.0001326  0.0232302 -0.0755109  0.0175006 
 0.0121814  0.0124271 -0.0199874  0.0119503  0.0004692  0.6909124 -0.1653032 -0.0508422 -0.0007503 -0.0034063 -0.0013792  0.0011925 -0.0014100 -0.0004098 -0.6454243 -0.2290308 -0.1511273 
 0.0095898  0.0016959  0.0152514 -0.0090132 -0.0011368  0.7221062  0.1597378  0.0482747  0.0036935  0.0031850  0.0014859 -0.0012171  0.0012980  0.0004604  0.6086113  0.2146919  0.1837835 
 0.0020992  0.0009091  0.0011215  0.0011358 -0.0005706 -0.0011777  0.9731723 -0.0164030 -0.0005700 -0.0010942 -0.0004869  0.0004250 -0.0004515 -0.0001365 -0.2076916 -0.0802221 -0.0555290 
-0.0001000  0.0000672 -0.0001037  0.0003247 -0.0002886  0.0003043 -0.0001877  0.9973952 -0.0001761 -0.0003383 -0.0001620  0.0001426 -0.0001393 -0.0000433 -0.0642966 -0.0266269 -0.0189525 
-0.0001032  0.0001822 -0.0000877  0.0000028  0.0001367 -0.0002947 -0.0002753 -0.0002243  0.9976843  0.0001366 -0.0003085  0.0002155  0.0000823 -0.0000784  0.0194299 -0.0171614 -0.0628768 
 0.0000000  0.0000000  0.0000000  0.0000000  0.0000000  0.0000000  0.0000000  0.0000000  0.0000000  0.9999857 -0.0000001 -0.0000004 -0.0000119 -0.0000018 -0.0052913 -0.0003848  0.0006422 
 0.0000000  0.0000000  0.0000000  0.0000000  0.0000000  0.0000000  0.0000000  0.0000000  0.0000000  0.0000000  0.9999879  0.0000078  0.0000000 -0.0000041 -0.0004325 -0.0018021 -0.0045479 
 0.0000000  0.0000000  0.0000000  0.0000000  0.0000000  0.0000000  0.0000000  0.0000000  0.0000000  0.0000000  0.0000099  0.9999899  0.0000000 -0.0000001 -0.0000638  0.0038266  0.0023635 
 0.0000000  0.0000000  0.0000000  0.0000000  0.0000000  0.0000000  0.0000000  0.0000000  0.0000000 -0.0000004  0.0000016 -0.0000002  0.9999972  0.0000004 -0.0022008 -0.0004499  0.0007511 
 0.0000000  0.0000000  0.0000000  0.0000000  0.0000000  0.0000000  0.0000000  0.0000000  0.0000000  0.0000000 -0.0000021 -0.0000002  0.0000000  0.9999976 -0.0006332  0.0011544 -0.0017569 
