::::::::::::::
run.001.022
::::::::::::::
 0.2132007 -0.0253866  0.0366166 -0.0329565 -0.3941122 -0.2223901 -0.2209433  0.3232285  0.0852480  0.0790399 -0.3115378  0.0324057 -0.3673287  0.1881974  0.1222297 -0.2642116  0.1245865  0.2680138 -0.0536149  0.3582055  0.0543897 -0.0720105 
 0.2132007 -0.2427872 -0.0402006 -0.1549412  0.1131921 -0.3163202 -0.0672137 -0.0766066  0.0867870 -0.0590056 -0.1339777 -0.2029654 -0.1297188 -0.2152247  0.1659128  0.0740184  0.3115224 -0.6415208 -0.2505261  0.0081574 -0.0760934 -0.0564929 
 0.2132007 -0.1244401  0.1056161  0.4777752 -0.3296175 -0.0009106  0.3641003 -0.0640721 -0.2586383 -0.0694885 -0.1602476 -0.4016322  0.0223670 -0.1349133  0.2195724 -0.0770912 -0.0832921  0.0119398  0.1043158 -0.1722902  0.0845742  0.2606678 
 0.2132007  0.0801195  0.3268697  0.1990134  0.0415040  0.0595038 -0.2850351 -0.1961040  0.4174634  0.1189160 -0.1476208 -0.3443952  0.2893001 -0.0582731 -0.3836776 -0.0465677  0.2053917  0.1473078  0.0029085 -0.0828455  0.0929696 -0.1789594 
 0.2132007  0.1918334 -0.3383226 -0.0827453  0.2279430 -0.1490929  0.1183501  0.0916772 -0.1574323  0.3063101 -0.1673663  0.0558876  0.3581526 -0.4213608  0.2422284 -0.1610049  0.0156851  0.2040470  0.0557197  0.0350002  0.1601080 -0.2963639 
 0.2132007  0.4117318  0.2547363 -0.0175668  0.0517920 -0.1588605  0.1280219 -0.1498580  0.1896785 -0.4215034  0.1758866  0.0034197 -0.0124547 -0.2299201  0.2017381  0.0334216 -0.2308987  0.1739031 -0.2244388  0.2781831 -0.3197856  0.0073942 
 0.2132007 -0.2004792 -0.2729539  0.0328859  0.2066081  0.1075893  0.1563543 -0.2072800  0.1481927 -0.0451282  0.2961669 -0.1480204 -0.0023999  0.2575952  0.0927988  0.1128517  0.1127003  0.1753183 -0.2037109  0.3821326  0.4913389  0.1529323 
 0.2132007 -0.1635984 -0.0079727 -0.0425450 -0.2526062 -0.1486617  0.5176568 -0.1742826 -0.0779024  0.0264618  0.0778621  0.1685454  0.1017849  0.2765578 -0.2679181  0.1046775  0.1594270  0.0283366  0.0210038  0.0240856 -0.2528137 -0.4895684 
 0.2132007  0.1665069  0.2619372  0.2511559  0.0728470  0.0111113 -0.0735238  0.2385975 -0.3590044 -0.0347111  0.0401446  0.2294530  0.2099103  0.0416581 -0.2745260  0.0043018 -0.0841033 -0.4209946  0.0531758  0.4265340  0.2288596  0.0197567 
 0.2132007 -0.2823334 -0.1245620 -0.0458035 -0.1407082  0.3829984  0.0878613  0.2909938  0.2483634  0.1502923  0.2032082 -0.0655932 -0.1262868 -0.3242780 -0.2221282 -0.1612042 -0.4429343 -0.1223602 -0.1970002  0.0275930 -0.0782543 -0.1232015 
 0.2132007  0.4069215 -0.1433281  0.2885230 -0.0787160  0.4922343 -0.0504028 -0.1956394  0.1068368  0.2006636 -0.0586463  0.2245644 -0.2651367  0.1073188  0.2866950  0.1137149  0.1651631 -0.2207185 -0.0226206 -0.0931234 -0.0628150 -0.1557322 
 0.2132007 -0.3146509  0.1745957  0.1850669  0.0519096 -0.1245206 -0.2525201  0.1980381  0.1737862 -0.1141868  0.3995909  0.1800002  0.1552628  0.1148815  0.4358765  0.0124134 -0.0512060  0.0044302  0.3334798 -0.2127360  0.0204634 -0.2175675 
 0.2132007  0.3799516  0.2432680 -0.3722610 -0.0925708 -0.1495251  0.1120906  0.2077357 -0.0893184  0.3138788  0.3387518 -0.2226393 -0.0913336  0.1938577  0.0121158  0.0595772 -0.0206964 -0.0507144 -0.1372357 -0.3531986  0.2261230  0.0873309 
 0.2132007  0.1102490 -0.1474671 -0.4701604 -0.1514134  0.1721601 -0.0086698 -0.1276992  0.1273269 -0.2887249 -0.2424450 -0.1687844  0.1253023  0.1507855  0.0302491 -0.0032776 -0.2379741 -0.2021657  0.5368261  0.0743761  0.1149947  0.0009566 
 0.2132007  0.1781578 -0.3542944  0.1427092  0.2223303  0.0244699  0.0811581  0.4749331  0.0270621 -0.4492857  0.0330029 -0.0844195 -0.1054833  0.0353609 -0.2770294 -0.0306869  0.3243376  0.0830121  0.0780875 -0.2415307 -0.1108663  0.0711004 
 0.2132007 -0.0209545 -0.0965262  0.1485911  0.2434662 -0.3065485 -0.0370617 -0.0684602  0.0450610  0.3314086 -0.0356369 -0.0376136 -0.3691242 -0.0712130 -0.1928693  0.4542287 -0.2502462  0.0895672  0.3760992  0.0883256 -0.1540845  0.1427196 
 0.2132007 -0.1126241  0.1070095 -0.0934473  0.1235637  0.0517406 -0.2172913 -0.3251456 -0.4136128 -0.2835499 -0.0190018  0.1095994 -0.4004973 -0.1568539 -0.1496462 -0.1106175 -0.1108815  0.1698330 -0.0716338 -0.2495442  0.2879841 -0.2753913 
 0.2132007 -0.0043294 -0.2263734 -0.0052335  0.0534324 -0.0076820 -0.3075351 -0.2492977 -0.2960966  0.1625536  0.2666915 -0.1863380  0.1137145  0.2196909 -0.0416841 -0.4565954 -0.0101922 -0.0182355  0.0107554  0.0722972 -0.4618928  0.1820280 
 0.2132007 -0.0268928 -0.0544924  0.0780219  0.1325423 -0.2366586  0.1250215 -0.1225977  0.2829431  0.0128622 -0.2917383  0.4454691  0.1079552  0.2342094 -0.0786723 -0.2749713 -0.2789616 -0.0827869 -0.2130994 -0.3076459  0.0960147  0.3074045 
 0.2132007 -0.1893267  0.3833304 -0.2728809  0.1871738  0.2884953  0.2323185 -0.0029610  0.0063531  0.1264263 -0.0130909  0.2521158 -0.0773738 -0.2157595  0.0257271 -0.1527422  0.3924769  0.1231432  0.2356509  0.0712233 -0.1205484  0.3527372 
 0.2132007 -0.1847985  0.1262109 -0.1165844  0.2257194  0.2670911 -0.1077874  0.2124658 -0.2311142 -0.0048474 -0.3646562 -0.1148721  0.2084294  0.2784928  0.1644649  0.3887129 -0.1537501  0.1675728 -0.3163291 -0.0475073 -0.2418593 -0.0231490 
 0.2132007 -0.0328697 -0.2136972 -0.0966167 -0.5142797 -0.0362233 -0.2949494 -0.0776657 -0.0619826 -0.0583817  0.1146600  0.2758130  0.2549587 -0.2708096 -0.1114574  0.3810521  0.1438459  0.1130714 -0.1178128 -0.0856918  0.0211934  0.3034085 
::::::::::::::
run.002.022
::::::::::::::
 0.3015113  0.0000000  0.1196543  0.1421973 -0.1293238 -0.0517290  0.0031782 -0.0028589  0.3962076 -0.3766256  0.4959815  0.1663769 -0.2745497 -0.0792019  0.0988873 -0.0773991 -0.0489932 -0.1258671 -0.2241283  0.0591603 -0.3295685 -0.0679492 
 0.3015113  0.0000000 -0.0416746 -0.3285244  0.1795037 -0.1807638 -0.1062723  0.0267526 -0.2601389  0.0246073  0.2297523 -0.0004996 -0.1319597  0.0769470 -0.1446580 -0.0213941  0.0760190 -0.2462761  0.3649576 -0.5476666 -0.0842614 -0.2237716 
 0.3015113  0.0000000 -0.4520606 -0.1023154 -0.1661847  0.0214606  0.2643190 -0.3409138  0.0429575  0.2595136  0.3012942  0.0184197  0.0606432  0.2504863 -0.1932463 -0.0267567  0.0186718  0.0192687 -0.2761576  0.0478484  0.3619659  0.0708244 
 0.3015113  0.0000000  0.0525829 -0.1468570  0.4657563  0.0783356  0.3396644  0.1151896 -0.3458793 -0.2082517  0.0293128  0.1405817  0.0553417  0.0060924  0.4216856  0.0709029 -0.1821186  0.0927807 -0.0740012  0.2714559  0.1566966 -0.1341258 
 0.3015113  0.0000000  0.0711080  0.0358549  0.0880518 -0.1686742 -0.1594425 -0.5356994 -0.1290302  0.1449695 -0.2308522  0.2481951 -0.2206971 -0.1329700  0.0935534 -0.0417330  0.3353616  0.2598129  0.1226311  0.1643117 -0.2267438  0.2264706 
 0.3015113  0.0000000  0.0436871 -0.0010614 -0.1045692  0.4012670 -0.0746787  0.2189783 -0.2991240  0.1324105 -0.0089721 -0.4479373 -0.2225031 -0.1433984 -0.2238493 -0.0235542  0.2212577 -0.2255634 -0.0979993  0.3519696 -0.1408519 -0.0085566 
 0.3015113  0.0000000  0.0094275 -0.2249109 -0.1120781 -0.1279739 -0.2303235 -0.0077225  0.3372531 -0.2305027 -0.3118875 -0.4141143  0.0686679  0.4717443  0.2806065 -0.0196120  0.0664016  0.0190542  0.0967055  0.0943004  0.0962085 -0.0455934 
 0.3015113  0.0000000  0.1292333  0.2218438  0.2105186 -0.3929766  0.0594957  0.2919081  0.2130646  0.3062312 -0.1389051 -0.0878460 -0.0758954 -0.2442587 -0.0293931 -0.3019408 -0.1758455 -0.1693809 -0.0412926 -0.0584529  0.2792008  0.2989138 
 0.3015113  0.0000000  0.0977712 -0.1683448 -0.3010961  0.5041531 -0.2520399  0.1564744  0.0961232 -0.0060491 -0.1595004  0.4053633 -0.0036110 -0.1744972 -0.0003316 -0.1034253 -0.1708818  0.2072846  0.0782377 -0.1936589  0.2869025  0.0073190 
 0.3015113  0.0000000  0.0949332  0.2327648  0.0759170  0.0223129  0.1192686  0.2980013  0.1319520  0.2428396 -0.0315166  0.0308272  0.2602639  0.1546467 -0.0795627  0.5309114  0.1986609  0.3037608 -0.1465405 -0.2370289 -0.2622005 -0.0170130 
 0.3015113  0.0000000 -0.1246623  0.3393530 -0.2064954 -0.1054116  0.0368309 -0.2201097 -0.1833855 -0.2891426 -0.1747069 -0.0593667  0.4842993 -0.1855905 -0.2236919  0.0140008 -0.3385334 -0.1348745  0.1975876  0.0477610 -0.1373482 -0.1065183 
 0.0000000  0.3015113 -0.3916510  0.2219187  0.2294016  0.1510622 -0.2750029 -0.1709108  0.1997935  0.0893301 -0.0075168 -0.1757037 -0.1351465 -0.3566297  0.2950401  0.3210283 -0.0254739 -0.1092841  0.0048049 -0.1100427  0.1615812 -0.2468906 
 0.0000000  0.3015113 -0.0571365  0.2789631  0.1387206  0.0491298 -0.3308908  0.0725936 -0.2055734  0.0952656  0.2142908 -0.0957687  0.1676072  0.2288314  0.0643775 -0.5448233 -0.0433484  0.3758233 -0.1406136 -0.0675912 -0.1184025 -0.1491547 
 0.0000000  0.3015113 -0.1896377  0.1096732 -0.4335266 -0.1743516  0.3497617  0.1630939 -0.1845367  0.0906972 -0.3280526  0.0836060 -0.4311844  0.1149516  0.1872234 -0.0441211 -0.1192568  0.0354629 -0.0363282 -0.1122829 -0.1461051 -0.2237156 
 0.0000000  0.3015113 -0.3533611 -0.0504037 -0.0327277 -0.1019017 -0.0875155  0.3582344  0.0433752 -0.0691001  0.0078199  0.3989543  0.2838863  0.0099799  0.0477927 -0.0685919  0.4343663 -0.2873130  0.1558208  0.2675920 -0.0255225  0.1136601 
 0.0000000  0.3015113  0.1290359 -0.5056795 -0.2599979 -0.2616537 -0.0487650 -0.0184866 -0.1005354  0.0655969  0.1109601 -0.1916472  0.2873961 -0.4217067  0.1675182  0.0628786 -0.0267981  0.1164418 -0.3230951 -0.0651660 -0.1071981  0.0874185 
 0.0000000  0.3015113  0.2572160  0.0062500 -0.0920632  0.2476336  0.2078157 -0.1454809  0.1377634  0.3940533  0.2408997 -0.0518522  0.1298002  0.1427610  0.2610515  0.0034811 -0.2115524 -0.1637372  0.4781846  0.1082855 -0.1638851  0.1719475 
 0.0000000  0.3015113  0.0709786 -0.0744899  0.1064074 -0.1148838 -0.4030682  0.0059821 -0.1477515  0.0196969 -0.0384163  0.1971054 -0.1709900  0.3117933 -0.2497419  0.3428019 -0.4459076 -0.1610383 -0.1967946  0.1794582 -0.0307645  0.2143717 
 0.0000000  0.3015113 -0.1706681 -0.2793242  0.3748839  0.2534392  0.2868687 -0.0781956  0.3146116 -0.1330745 -0.3012248 -0.0412404 -0.0082164 -0.0479597 -0.3295235 -0.2176013 -0.0885663  0.0491427 -0.0797231 -0.1029918 -0.3267277  0.0857931 
 0.0000000  0.3015113 -0.0153636  0.0390449 -0.0395039 -0.1299308  0.1068212  0.1362886  0.0069932 -0.3039606  0.2382960 -0.1914345 -0.2088034 -0.1058582 -0.2752667  0.1583888  0.0455043  0.4868672  0.4046255  0.1251555  0.2635980  0.1714232 
 0.0000000  0.3015113  0.4712855  0.0123571  0.0312362 -0.0981371  0.0734059 -0.1597366  0.1385348  0.0852222 -0.0805734  0.1257543  0.0601134  0.0057949 -0.2761203 -0.0247439  0.2021839 -0.0927386 -0.0640380  0.1728265  0.2682995 -0.6005176 
 0.0000000  0.3015113  0.2493021  0.2416904 -0.0228302  0.1795937  0.1205692 -0.1633820 -0.2026748 -0.3337272 -0.0564826 -0.0577732  0.0255374  0.1180422  0.1076490  0.0113028  0.2788492 -0.2496264 -0.2028430 -0.3952430  0.2251269  0.3756642 
::::::::::::::
run.003.022
::::::::::::::
 0.3283606 -0.0487062  0.0000000  0.2039851  0.0460577 -0.5125985  0.0182709 -0.3793807 -0.1459931  0.3638641 -0.1767791 -0.2510189 -0.2988875 -0.0032722  0.0454773  0.1595276  0.1128068 -0.1322910  0.1995127  0.0136942 -0.0624495  0.0100942 
 0.3283606  0.0487062  0.0000000  0.0359317 -0.3538578 -0.1778200  0.0001686  0.1614190 -0.1446846 -0.4441124 -0.0557487 -0.1213043 -0.2429607 -0.2114134  0.3391622 -0.0759705 -0.1344015  0.0452044 -0.3176365  0.1061311  0.2890629 -0.1711232 
 0.3283606  0.0000000 -0.0487062 -0.1989057  0.2299474  0.0814208 -0.0071288  0.0359257 -0.1226251  0.3037631 -0.0841931 -0.2155442  0.4866607 -0.4519992  0.1024807 -0.1655573 -0.2118934  0.2279941 -0.0375606  0.2143050 -0.0719774  0.0094095 
 0.3283606  0.0000000  0.0487062  0.1322536  0.0987543 -0.0150063 -0.2629178  0.2583334 -0.0235175  0.0075340  0.3102254  0.1714673 -0.1002430 -0.0797982 -0.2948915  0.4131940 -0.2408071  0.0838256 -0.0556332 -0.1602991 -0.3193743 -0.3609897 
 0.3770668  0.0000000  0.0000000 -0.2044831 -0.1414349  0.2716894  0.1716300  0.1216981  0.1617860 -0.1770779  0.0214838 -0.3766429  0.0547531  0.1875951  0.2102981  0.2530787  0.2264579  0.1250114  0.2624620 -0.3315403 -0.1920581  0.2213636 
 0.3770668  0.0000000  0.0000000 -0.4798525  0.0158606 -0.0092854 -0.0671949 -0.1019180 -0.1032087  0.0616567  0.2340971  0.5825377 -0.0072431  0.0792084  0.1494167  0.0021752  0.1412961 -0.2467183  0.1710107  0.1218349  0.2081190  0.0826069 
 0.3770668  0.0000000  0.0000000  0.3489877 -0.1017665  0.3313934 -0.4241009 -0.1671268  0.1654441  0.1812762 -0.0209189 -0.0122745  0.0071741  0.3623696 -0.0887264 -0.3360949 -0.0616947  0.0934576 -0.1630836 -0.0353879  0.2011358  0.1191476 
 0.3770668  0.0000000  0.0000000  0.1844640  0.2091392 -0.0503969  0.5387725  0.0809047  0.1563742 -0.2670590 -0.2290056  0.1689928  0.0806694  0.0208856 -0.4383867 -0.2075720  0.1069706 -0.1674547 -0.0863677  0.0937161 -0.0737378  0.0232768 
 0.0000000  0.3770668  0.0000000  0.0286058 -0.3287534 -0.2431138 -0.2285261 -0.1184436 -0.2214538 -0.1714876  0.0903129  0.0637730  0.2376321 -0.1881018 -0.2377077 -0.0660098  0.0834432 -0.0714647 -0.1189686 -0.1550637 -0.2893113  0.4961956 
 0.0000000  0.3770668  0.0000000 -0.0960760 -0.0583777  0.1044299  0.2803725  0.1068459  0.0099263  0.3847601  0.2937820 -0.2252469 -0.1033955 -0.1408182 -0.1630504 -0.0847493 -0.0173292 -0.3136496 -0.1822123 -0.3730686  0.3371717 -0.1001895 
 0.0000000  0.3770668  0.0000000  0.3279851 -0.1235224  0.2479546  0.1944542  0.2161963 -0.3854800  0.2486201 -0.2174358  0.2706673  0.0102662  0.0544913  0.1296908  0.2576143  0.2693184  0.2570343  0.0316590  0.1714817  0.0511713 -0.0110787 
 0.0000000  0.3770668  0.0000000 -0.3031651  0.0556481 -0.1593737 -0.2905613  0.3025165  0.1882704  0.0444468 -0.1359017 -0.1422638 -0.2303558  0.0772394 -0.1297598 -0.3291716  0.3714840  0.1270089  0.1062019  0.2044989 -0.1741009 -0.2521521 
 0.0000000  0.3770668  0.0000000 -0.0233311 -0.0441594  0.0323405  0.0640148 -0.4562150  0.3961957 -0.1682268  0.1311933 -0.0199092 -0.0009249 -0.1596113 -0.1933971  0.2884568 -0.0868197  0.3316109  0.1738796  0.2567183  0.2775861 -0.0488739 
 0.0000000  0.3770668  0.0000000  0.1057711  0.2445031 -0.2173513  0.1127987  0.1222347  0.0206599 -0.0492663  0.2745856 -0.1310582  0.1541719  0.4930416  0.3017019  0.0159522 -0.3566558 -0.1578013 -0.0349076  0.2793619 -0.1260578  0.1054655 
 0.0000000  0.3770668  0.0000000 -0.0180822  0.3063192  0.1918701 -0.1302146 -0.2429905 -0.0082875 -0.1844788 -0.4521700  0.1672824 -0.0746181 -0.1093551  0.2545866 -0.0516730 -0.2315086 -0.1956658  0.0911488 -0.3958688 -0.1218644 -0.1659588 
 0.0000000  0.0000000  0.3770668  0.0688255 -0.1225732 -0.2883282  0.1489259 -0.0541298  0.4486885  0.2160979  0.0329666  0.2886340  0.1859228 -0.0314957  0.3405250 -0.0713185  0.1432432  0.2209295 -0.2774619 -0.2385161 -0.1583302 -0.1119219 
 0.0000000  0.0000000  0.3770668 -0.0874689  0.4109195  0.1696541  0.0428490 -0.3215577 -0.3490733 -0.1732704  0.2651880 -0.1429679 -0.1821146  0.0452799  0.0015832 -0.0518675  0.2935908  0.1953157 -0.3660697  0.0170581 -0.0900404 -0.0001105 
 0.0000000  0.0000000  0.3770668  0.0269534 -0.1263570  0.3282301  0.0017684  0.0672444  0.2393370  0.1370237 -0.0381677 -0.0116869 -0.3647940 -0.2801914  0.0775640  0.0632676 -0.1348345 -0.3265025 -0.0395660  0.3745118 -0.2846434  0.2863313 
 0.0000000  0.0000000  0.3770668  0.0804347 -0.0953560 -0.0474872  0.1732470  0.0691987 -0.2100680 -0.0259232  0.1686605  0.0779615 -0.1745435 -0.0236955 -0.0587035 -0.4246482 -0.3099051  0.2995758  0.5501740 -0.1450260  0.0085560  0.0386284 
 0.0000000  0.0000000  0.3770668  0.1891206  0.3775221 -0.1693337 -0.2822589  0.3418269  0.0978826 -0.1123368 -0.0689984 -0.0549853  0.1340205 -0.1568482  0.0064915  0.1854319  0.1631677 -0.0869621  0.1413109 -0.0870984  0.4603044  0.2715615 
 0.0000000  0.0000000  0.3770668 -0.4284684 -0.1521026 -0.0894839  0.0217062  0.0220546 -0.1206993  0.1076740 -0.4360797 -0.0393033  0.0357790  0.3416951 -0.2873125  0.2272706 -0.3151949  0.1012572 -0.2127602 -0.0163855  0.1201274  0.0496006 
 0.0000000  0.0000000  0.3770668  0.1078268 -0.2751065  0.1092043 -0.0731970 -0.1533659 -0.1188694 -0.1110009  0.0254831 -0.1676428  0.4415409  0.0571780 -0.0288186 -0.0028938  0.1636675 -0.3849911  0.2067074  0.1438443 -0.0240172 -0.4862444 
::::::::::::::
run.004.022
::::::::::::::
 0.4417261  0.0000000  0.0000000  0.0000000  0.1694746 -0.1727467  0.1623929 -0.0720984 -0.2615746 -0.1447608  0.0936894 -0.3739763 -0.3307060  0.1303715 -0.0322263  0.3077234  0.0869418  0.0573956  0.3187811  0.0542678  0.2424864  0.2835803 
 0.4417261  0.0000000  0.0000000  0.0000000 -0.0858897  0.0680680 -0.1181727  0.5604727 -0.1537807  0.0971920  0.2313352 -0.2775863  0.2830399 -0.1691880  0.1910017 -0.1249594 -0.1593532 -0.1747634 -0.2435572 -0.0183051  0.1227263 -0.0980980 
 0.4417261  0.0000000  0.0000000  0.0000000  0.3950552  0.1861760 -0.2263794 -0.0724006  0.2265492  0.0404096  0.1853362  0.4979839 -0.1630135  0.1857511  0.1011984  0.0312601 -0.2750346 -0.1172557  0.0899357 -0.1766462 -0.1460770 -0.0066827 
 0.4417261  0.0000000  0.0000000  0.0000000 -0.2779766 -0.0054549  0.0933997 -0.2139082 -0.1247565  0.0289752 -0.1102173  0.2925067 -0.1968355 -0.2005938 -0.1533419  0.0687718  0.4429677  0.0532865 -0.4465438 -0.0874062  0.0467496 -0.2085027 
 0.3312946 -0.1104315  0.0000000  0.0000000  0.0768213  0.0068037  0.1216223  0.0381295  0.0593626  0.0183719 -0.4313339  0.1087998  0.2063346  0.0193113 -0.0187303 -0.2410237 -0.1054871  0.3126874  0.0547037  0.6381755 -0.1347082  0.1241348 
 0.3312946  0.1104315  0.0000000  0.0000000 -0.3443727 -0.1081935 -0.0032762 -0.3075502  0.3587209 -0.0474599 -0.1021908 -0.2940371  0.3370189  0.0522342 -0.1234455 -0.1360376 -0.0218753 -0.0709048  0.3204752 -0.3340560 -0.2198053 -0.0845307 
 0.0000000  0.4417261  0.0000000  0.0000000  0.0311941 -0.0243459  0.0464248 -0.4521634 -0.2808957  0.0499481 -0.0715771  0.0239151  0.2926915  0.0244879  0.5653652  0.1373926 -0.1609612  0.0042278 -0.2032668  0.0129640  0.0532903  0.1207418 
 0.0000000  0.4417261  0.0000000  0.0000000  0.1404324 -0.1183636  0.0133299  0.2753783  0.2118268  0.3837364 -0.2743764  0.0485329 -0.1615621 -0.4657797  0.0139760  0.0174244  0.1129658  0.0679113  0.1352568 -0.2039048 -0.0268794  0.3222648 
 0.0000000  0.4417261  0.0000000  0.0000000 -0.0072969  0.3578336 -0.2208081 -0.0866282  0.0711542  0.2076541  0.2993274 -0.1654151 -0.0320548  0.1818106 -0.2728406 -0.1169526  0.0413729  0.4948157 -0.0197488  0.1318603  0.2180138 -0.1459898 
 0.0000000  0.4417261  0.0000000  0.0000000  0.0445247 -0.1991316 -0.0251515  0.1950682  0.1048213 -0.3668576 -0.4005886  0.0053196 -0.1346210  0.2554814 -0.2198497  0.0527544 -0.2537680 -0.2353132 -0.1819734  0.0364950  0.2368914 -0.2713702 
 0.0000000  0.4417261  0.0000000  0.0000000 -0.1035558  0.0127568  0.2174296  0.1547650 -0.1817462 -0.2580231  0.3649289  0.1883568  0.0028753 -0.0042309 -0.0604720 -0.1168654  0.2394876 -0.2357435  0.2032894  0.2656434 -0.4600419  0.0265198 
 0.0000000  0.0000000  0.4417261  0.0000000 -0.5220704  0.2429108 -0.0430855  0.2075727 -0.2249264  0.1511731 -0.2021233  0.1190593 -0.1720711  0.3389523  0.0306098  0.1307328 -0.1855229  0.0610210  0.0683022 -0.1308145 -0.1343746  0.2437137 
 0.0000000  0.0000000  0.4417261  0.0000000  0.0910708 -0.6778321 -0.1095638  0.0184336 -0.1620052  0.2007040  0.1544655  0.1757912  0.0597751  0.1475881  0.0302748 -0.2886629  0.0726795  0.1594432  0.1110634 -0.0491398  0.0948106 -0.1986262 
 0.0000000  0.0000000  0.4417261  0.0000000  0.3446653  0.2318896 -0.1731200 -0.2244869 -0.2931303 -0.0469775 -0.1870052 -0.3300784 -0.1526449 -0.2764303 -0.1714620 -0.2042978 -0.0726506 -0.1615414 -0.0718742 -0.0277155 -0.3045522 -0.1377697 
 0.0000000  0.0000000  0.4417261  0.0000000 -0.1458194 -0.1049044  0.1361741 -0.1034772  0.4251577  0.0137963  0.2796412 -0.0443619 -0.0677790 -0.3081115 -0.0002084  0.4200945 -0.2665448 -0.0255707 -0.1062912  0.3402368  0.0020010 -0.0864483 
 0.0000000  0.0000000  0.3312946 -0.1104315  0.3293443  0.1869445  0.1230261  0.1695112  0.2065334  0.0490182 -0.1236056 -0.0690820  0.3581411  0.3192376  0.0734283  0.3049864  0.5315805 -0.0763115 -0.0587036 -0.0358223 -0.0113762 -0.0617071 
 0.0000000  0.0000000  0.3312946  0.1104315 -0.0198061  0.2236371  0.1297675 -0.0335674  0.1333388 -0.4739462  0.0636345  0.1752017  0.0854854 -0.1885689  0.0742861 -0.3821417  0.0711379  0.0318422  0.0571033 -0.1409337  0.4675298  0.3005476 
 0.0000000  0.0000000  0.0000000  0.4417261  0.1164219  0.0959119  0.7188703  0.0331182  0.0441291  0.2232821  0.0277199 -0.0922594 -0.1544268  0.1441144  0.0793454 -0.1872450 -0.1591482  0.0577556 -0.0736270 -0.1674356 -0.0511187 -0.2290535 
 0.0000000  0.0000000  0.0000000  0.4417261  0.0260996 -0.2116046 -0.2286861 -0.0408343  0.2141694 -0.0434873  0.1100305 -0.1842721 -0.0718415  0.2385331 -0.0622990 -0.1131240  0.1121247 -0.0493826 -0.4785445  0.0459525 -0.2207978  0.4878696 
 0.0000000  0.0000000  0.0000000  0.4417261 -0.0473378  0.0908368 -0.1028711 -0.1520111 -0.1276960  0.3657600 -0.0438636  0.1436514  0.1961334 -0.0149890 -0.2738947  0.0575311  0.0456695 -0.5083939  0.2253635  0.2308403  0.3245539  0.0326687 
 0.0000000  0.0000000  0.0000000  0.4417261  0.1108077 -0.0472348 -0.0599095  0.1319359 -0.2316459 -0.2639070 -0.0026654  0.1548600  0.3566897 -0.1847433 -0.2632063  0.3851885 -0.1301975  0.3906455  0.0448015 -0.2202820 -0.1463299 -0.0396546 
 0.0000000  0.0000000  0.0000000  0.4417261 -0.1187039  0.0629174 -0.3290889  0.0785610  0.1193420 -0.1509067 -0.1380314 -0.0830508 -0.2583910 -0.0559637  0.5198401  0.0294315  0.2466622  0.0823370  0.2530548  0.1372026 -0.0260339 -0.3423939 
::::::::::::::
run.005.022
::::::::::::::
 0.4227722 -0.0744488  0.0000000  0.0000000  0.0000000 -0.2569169 -0.0318301  0.3933187  0.2498954  0.3437208  0.1613525  0.3758472 -0.0653636  0.1146177  0.0986813  0.0705600 -0.1840751  0.1189090  0.0109273 -0.3800920  0.1246324 -0.0764373 
 0.4227722  0.0744488  0.0000000  0.0000000  0.0000000 -0.0888476 -0.0886134  0.0963405 -0.1696996 -0.0422119  0.3870979 -0.3612029  0.1194657 -0.2737102 -0.1786825  0.2474792 -0.1673931  0.0085283 -0.0759246  0.2155619 -0.3312293 -0.3277209 
 0.4445777  0.0000000  0.0000000  0.0000000 -0.0526432  0.1700059 -0.1474007  0.2494927 -0.1163471 -0.1401918 -0.0850119  0.1531989  0.2676465 -0.1724348 -0.0718491 -0.1824482  0.2303940 -0.0125535 -0.2697171  0.2785976  0.2542397  0.4634197 
 0.4445777  0.0000000  0.0000000  0.0000000  0.0526432  0.0666371 -0.2392236 -0.3753352 -0.2399672  0.3041009 -0.4738309 -0.2102549 -0.3074182  0.2238486 -0.0664229  0.0195696  0.0135883 -0.0385306 -0.0900636 -0.0875547  0.0611148 -0.0875171 
 0.4972210  0.0000000  0.0000000  0.0000000  0.0000000  0.0824047  0.4480999 -0.3038237  0.2504014 -0.4029193  0.0333443  0.0385636 -0.0104405  0.0893012  0.1916551 -0.1247854  0.0806923 -0.0626806  0.3769541 -0.0309212 -0.1063031  0.0075398 
 0.0000000  0.4972210  0.0000000  0.0000000  0.0000000  0.0370846  0.0821881  0.2106672 -0.5658521 -0.0564536 -0.1097355  0.0783489  0.0252432  0.0233799  0.1818884 -0.0594379 -0.3048999  0.0117338  0.2430049 -0.2316567 -0.2284459  0.2507968 
 0.0000000  0.4972210  0.0000000  0.0000000  0.0000000 -0.1851537 -0.2792383 -0.1416365  0.1510608 -0.0549693 -0.1533472  0.3272248  0.4146498  0.1252069 -0.0213582  0.1226899  0.2437892 -0.3087987  0.0002637  0.0257715 -0.0611248 -0.3189225 
 0.0000000  0.4972210  0.0000000  0.0000000  0.0000000 -0.0824152  0.4030047  0.0280156  0.0814673 -0.0389925 -0.0710127  0.0255591 -0.2217074  0.0302359 -0.4095335  0.0318671  0.0972188  0.4892540 -0.1967184  0.1017887  0.2037164 -0.1036630 
 0.0000000  0.4972210  0.0000000  0.0000000  0.0000000  0.2053194 -0.1974524 -0.0525798  0.3961498  0.2082010  0.3002946 -0.3207745 -0.2458601 -0.1206784  0.2905329 -0.1216092 -0.0386059 -0.1756618 -0.0335459  0.0149094  0.1541105  0.2094134 
 0.0000000  0.0000000  0.4227722 -0.0744488  0.0000000 -0.1384562  0.0166196 -0.1691380  0.2042633  0.2038834 -0.1692402  0.2228298 -0.1214809 -0.2655617 -0.1056562  0.3935342 -0.0752614  0.0104468  0.1284441  0.2231303 -0.3241717  0.4214511 
 0.0000000  0.0000000  0.4227722  0.0744488  0.0000000 -0.1507179 -0.1560446  0.1071563 -0.1108231 -0.1917619 -0.1203779 -0.0194233 -0.2098282 -0.4994332 -0.0405515 -0.1502013  0.0824818 -0.0800739  0.3456997 -0.1146677  0.3940555 -0.2728227 
 0.0000000  0.0000000  0.4445777  0.0000000 -0.0526432  0.6023920  0.2344564  0.2554222 -0.0712329  0.1110811  0.0599092  0.0281081 -0.0335010  0.1450572 -0.0180106  0.2338592  0.2931596 -0.2104661 -0.1277309 -0.1698510 -0.0865257 -0.1860977 
 0.0000000  0.0000000  0.4445777  0.0000000  0.0526432 -0.2775791  0.0291579  0.0381465  0.0569373 -0.1336800 -0.1311206 -0.0831628 -0.0116868  0.0643131  0.4093872 -0.3660790 -0.0192706  0.1457506 -0.4985302  0.0294087 -0.2934836 -0.1094255 
 0.0000000  0.0000000  0.4972210  0.0000000  0.0000000 -0.0445472 -0.1171552 -0.2097860 -0.0666673  0.0098997  0.3099255 -0.1237246  0.3221059  0.4632491 -0.2256236 -0.0886777 -0.2510303  0.1170656  0.1568054  0.0333504  0.2803558  0.1378604 
 0.0000000  0.0000000  0.0000000  0.4972210  0.0000000  0.0327306  0.1740085 -0.0774099  0.2012400  0.0141113 -0.1597387 -0.1120923  0.2125847 -0.2112821 -0.3817867 -0.1715187 -0.2848595 -0.2754964 -0.2187763 -0.3852644 -0.0855422  0.1048164 
 0.0000000  0.0000000  0.0000000  0.4972210  0.0000000  0.0697030 -0.4256776  0.2266012  0.1784184 -0.3117184 -0.0640867 -0.1247874 -0.1471644  0.2344759 -0.0533351  0.1398608  0.2104465  0.3320432  0.1864207 -0.0791799 -0.2445824  0.1107146 
 0.0000000  0.0000000  0.0000000  0.4972210  0.0000000  0.2985177 -0.0055129 -0.2650742 -0.1245385  0.3054753  0.1257091  0.3635436  0.0862778 -0.1800654  0.2177052 -0.1649565 -0.0867683  0.3012974  0.0601888  0.2670983 -0.0111423 -0.2206836 
 0.0000000  0.0000000  0.0000000  0.4972210  0.0000000 -0.3991154  0.2830350  0.0745134 -0.2079421  0.0513717  0.0908001 -0.0903914 -0.1384700  0.1918891  0.2076685  0.2780278  0.1375625 -0.3442906 -0.0603628  0.2479244  0.2337268  0.1091062 
 0.0000000  0.0000000  0.0000000  0.0000000  0.4972210 -0.0645159  0.0436637  0.2346178  0.0145678  0.2570515  0.0544260  0.0326640 -0.1343641  0.1391383 -0.3036018 -0.4750710  0.1682300 -0.2112234  0.2454035  0.2552478 -0.2599618 -0.0137604 
 0.0000000  0.0000000  0.0000000  0.0000000  0.4972210  0.1124247 -0.1618230 -0.1833841 -0.0978471 -0.4015261  0.2507261  0.3702810 -0.3399614  0.0195995 -0.0718860  0.1419664 -0.2180842 -0.1467249 -0.2997769 -0.0667110  0.0660725  0.0222631 
 0.0000000  0.0000000  0.0000000  0.0000000  0.4972210 -0.1216451  0.0653213 -0.2038030 -0.1278540  0.1556055  0.1531779 -0.1611798  0.2751073 -0.2092681  0.1205695  0.1310080  0.4528367  0.2479834 -0.0079255 -0.3956305  0.0191842  0.1657729 
 0.0000000  0.0000000  0.0000000  0.0000000  0.4972210  0.1778473  0.0842956  0.2417270  0.2106514 -0.0322562 -0.3969385 -0.1915038  0.2577935  0.0171226  0.2090931  0.2442264 -0.3469496  0.0750008  0.0825365  0.2247635  0.2170638 -0.1240629 
::::::::::::::
run.006.022
::::::::::::::
 0.5588388  0.0000000  0.0000000  0.0000000  0.0000000  0.0000000  0.1580083  0.0617800  0.3639294 -0.1617977 -0.0693601  0.1804139 -0.0432832  0.0366403  0.0713074  0.1921278 -0.2011022  0.1717220 -0.0940742 -0.0437572  0.2640420 -0.5170160 
 0.5588388  0.0000000  0.0000000  0.0000000  0.0000000  0.0000000  0.1121030 -0.0691267 -0.4827175  0.0077197  0.1535237 -0.1137848  0.0225162  0.1446205 -0.1205759 -0.3175187  0.4205585  0.0198925 -0.0143862 -0.2840229 -0.0522894 -0.0557424 
 0.4332426  0.0000000 -0.1255962  0.0000000  0.0000000  0.0000000 -0.1185419 -0.3707591  0.2194697  0.1266543  0.0770395 -0.0368564  0.1344220  0.1374909 -0.2938733  0.2451648 -0.2338117  0.0329687  0.1085597  0.1489223 -0.3573553  0.4155107 
 0.4332426  0.0000000  0.1255962  0.0000000  0.0000000  0.0000000 -0.2298742  0.3802355 -0.0662452  0.0720906 -0.1856019 -0.0490884 -0.1076346 -0.3712989  0.3574246 -0.0834234 -0.0492646 -0.2801317  0.0313432  0.2738806  0.0842161  0.3232893 
 0.0000000  0.5588388  0.0000000  0.0000000  0.0000000  0.0000000 -0.4539255  0.1956623  0.3123370  0.2640700  0.1969147 -0.1576401 -0.1869318  0.1365815 -0.2189532 -0.0903036  0.1275071 -0.1887360 -0.0259849 -0.1210435  0.0142426 -0.1880204 
 0.0000000  0.5588388  0.0000000  0.0000000  0.0000000  0.0000000  0.3343231 -0.1291280  0.1537547 -0.3704404  0.2331886  0.2922156 -0.0800155 -0.1502698  0.2999311 -0.1260018  0.1203607 -0.0026462  0.1396269  0.0135677 -0.2441689  0.1732316 
 0.0000000  0.4332426 -0.1255962  0.0000000  0.0000000  0.0000000  0.2210625 -0.1040929 -0.1541122  0.0177544 -0.5808245 -0.3812640 -0.2361803 -0.0491574 -0.0969259  0.0217457 -0.1743750  0.2567098 -0.1607715 -0.0925068  0.1061884  0.1413676 
 0.0000000  0.4332426  0.1255962  0.0000000  0.0000000  0.0000000 -0.0667876  0.0182705 -0.4470984  0.1194526  0.0260350  0.2076753  0.5805151  0.0668139 -0.0075273  0.2572662 -0.1453491 -0.0098463  0.0141849  0.2311397  0.1903932 -0.1222914 
 0.0000000  0.0000000  0.5588388  0.0000000  0.0000000  0.0000000 -0.0209857 -0.2593286 -0.1403875  0.0570254  0.3176305 -0.2302301 -0.1532658 -0.1777148  0.1901425  0.1434324 -0.3647516 -0.0782453 -0.3027753 -0.2747403 -0.1396546 -0.0743456 
 0.0000000  0.0000000  0.5588388  0.0000000  0.0000000  0.0000000  0.1867231 -0.1509172  0.1437164  0.0463723 -0.1993717  0.2608916 -0.0789840 -0.0720837 -0.4818940 -0.2308864  0.1851642 -0.1221144 -0.1905921  0.3224788  0.1059538  0.0416246 
 0.0000000  0.0000000  0.5588388  0.0000000  0.0000000  0.0000000 -0.0760232  0.2139631  0.1267312 -0.1139909 -0.1956200 -0.1602735  0.1031027  0.3380825  0.1252837  0.1083705  0.1315880  0.3306346  0.4714009 -0.1485602 -0.0844647  0.1127033 
 0.0000000  0.0000000  0.0000000  0.5588388  0.0000000  0.0000000  0.1487870  0.1449571 -0.1027159 -0.3761385  0.2165525 -0.2414708 -0.1893051  0.1349205 -0.2160743  0.3620502  0.0557088 -0.2640633  0.0497943  0.1421678  0.2202724  0.1070644 
 0.0000000  0.0000000  0.0000000  0.5588388  0.0000000  0.0000000  0.2703836 -0.0559247  0.2219923  0.4020735 -0.0424881 -0.2208460  0.2691648  0.1498612  0.3239880 -0.2603127  0.0345614 -0.0163974 -0.1198900  0.1766559 -0.1474465 -0.1162700 
 0.0000000  0.0000000  0.0000000  0.4332426  0.0000000 -0.1255962 -0.0290527  0.2720063 -0.0662740  0.2330975 -0.1213223  0.4852424 -0.0685854 -0.2185866 -0.1414394  0.2212616  0.0463170  0.1788622 -0.1216917 -0.4179007 -0.2284040  0.1248514 
 0.0000000  0.0000000  0.0000000  0.4332426  0.0000000  0.1255962 -0.5116346 -0.3868489 -0.0875805 -0.2665510 -0.1032030  0.1110991 -0.0344254 -0.1487527  0.0022417 -0.3524926 -0.1627563  0.1829034  0.2121079  0.0066507  0.1344661 -0.1129770 
 0.0000000  0.0000000  0.0000000  0.0000000  0.5588388  0.0000000 -0.1099630 -0.0493157  0.2084130 -0.3112326 -0.2067694 -0.1623540  0.4536204 -0.1871666 -0.0352230  0.0607264  0.1943828 -0.2299445 -0.2300949 -0.2669329 -0.0474251  0.0304119 
 0.0000000  0.0000000  0.0000000  0.0000000  0.5588388  0.0000000 -0.0879357 -0.2735495 -0.1173625  0.2121054 -0.0834339  0.2538347 -0.3821523  0.3675575  0.3061703  0.2013999  0.1640006 -0.0599030 -0.0231176  0.0993691  0.1291377  0.0443890 
 0.0000000  0.0000000  0.0000000  0.0000000  0.4332426 -0.1255962  0.0280724  0.3587557 -0.0242995 -0.0968276  0.3083003  0.0159301  0.0113169  0.1710829 -0.1297377 -0.3652431 -0.3651152  0.3732532 -0.2115060  0.1152189  0.0687799  0.2162501 
 0.0000000  0.0000000  0.0000000  0.0000000  0.4332426  0.1255962  0.2271968  0.0577074 -0.0931464  0.2246916  0.0660324 -0.1339308 -0.1035034 -0.4037688 -0.2197568  0.0271268 -0.0971629  0.0006204  0.5381243  0.1009212 -0.1741808 -0.3127356 
 0.0000000  0.0000000  0.0000000  0.0000000  0.0000000  0.5588388 -0.0130996 -0.0540298  0.1313827  0.1652374  0.2675255 -0.0916029  0.0566373 -0.2706873  0.0368069  0.1731764  0.3210408  0.4269223 -0.1300544  0.0390640  0.3229710  0.2101860 
 0.0000000  0.0000000  0.0000000  0.0000000  0.0000000  0.5588388  0.1967155  0.0605618  0.0416807  0.0910199 -0.0711398  0.1790851  0.0604443  0.2213498 -0.0405474 -0.1880515 -0.3394312 -0.3792763  0.1600143 -0.3826748  0.2041866  0.1890046 
 0.0000000  0.0000000  0.0000000  0.0000000  0.0000000  0.5588388 -0.1199103  0.2092014 -0.1528019 -0.2162237 -0.1460094  0.0302851 -0.0989536  0.1628377 -0.0083198  0.0556403  0.0051577  0.0351931 -0.2734552  0.2514083 -0.5541066 -0.2268531 
::::::::::::::
run.007.022
::::::::::::::
 0.4537190  0.0658739 -0.0327549 -0.0129684  0.0006211  0.0045019  0.0003533 -0.0162802  0.1842809 -0.2603719  0.0110827 -0.0922472 -0.4019480  0.3049685  0.2929505  0.3268495  0.2545530  0.0206418 -0.3095824  0.2382588 -0.1131661  0.0055333 
 0.4692974 -0.0634970 -0.0251086 -0.0007817  0.0043433 -0.0119042 -0.0003209  0.3648564 -0.3920828  0.3715824 -0.1147541  0.1560680  0.3023491 -0.0419894 -0.1002617  0.3068999  0.0103007  0.3113862 -0.0061252  0.1061647 -0.0707974  0.0410085 
 0.5183877  0.0002897  0.0473774  0.0040014 -0.0025934  0.0000298 -0.0044997 -0.0776984  0.0531528 -0.0214961 -0.0041719  0.1447674  0.2229109  0.1752322 -0.0194376 -0.3539168 -0.1478095 -0.2994816 -0.2199597 -0.2711886  0.3256352 -0.3913515 
 0.5524248  0.0000111  0.0039940  0.0075648 -0.0017660  0.0063870  0.0042050 -0.2235740  0.1318328 -0.0817235  0.0922819 -0.1926157 -0.1358949 -0.3791613 -0.1373824 -0.1971453 -0.0789853 -0.0004026  0.4658959 -0.0314090 -0.1525106  0.3278973 
-0.0001131  0.5746909 -0.0002487  0.0007868  0.0003258 -0.0006633  0.0002436 -0.1978940 -0.0641257  0.2020752 -0.1034436 -0.3426027  0.3651726  0.0811806  0.1826204 -0.1441118  0.0001270 -0.0675245 -0.2977124 -0.0693743 -0.2891231  0.2861580 
-0.0000510  0.5743156  0.0007685  0.0003072 -0.0002606 -0.0011143 -0.0004861  0.0046755 -0.1148095  0.0677862  0.1229491  0.0244127 -0.1883907 -0.3546332  0.2008568  0.3302222 -0.2755286 -0.1296067  0.1857541  0.0918921  0.1922544 -0.3916356 
-0.0002627  0.5757782  0.0004325  0.0002725  0.0003440 -0.0000544  0.0001681  0.2350443  0.1142498 -0.1985462 -0.0331810  0.3453081 -0.0972989  0.2330671 -0.4272169 -0.1888553  0.2467634  0.2287995  0.1466542 -0.0378646  0.1017823  0.1091361 
-0.0000521 -0.0000257  0.5760381 -0.0006431  0.0000082 -0.0001206  0.0001433 -0.0644995  0.4200492  0.0869032  0.2006113  0.2740556  0.1503422  0.0046535  0.1805879  0.2016335 -0.2782915  0.2293372 -0.0891130 -0.0702094  0.1780173  0.3068870 
 0.0000949 -0.0000691  0.5766251  0.0001295  0.0000679 -0.0001969  0.0001412 -0.1659422 -0.2920420  0.1389658 -0.5030466 -0.0272275 -0.2412555  0.1535362  0.1851819 -0.2275595  0.1288597  0.0519918  0.2446561  0.1456849  0.0590768 -0.0991831 
-0.0000392 -0.0001155  0.5759503 -0.0006582  0.0003743  0.0000093  0.0000631  0.2532923 -0.1395945 -0.2221837  0.2981401 -0.2562950  0.0645906 -0.1543111 -0.3510442  0.0882510  0.1771384 -0.2420632 -0.1593145 -0.0350481 -0.2728905 -0.1750469 
 0.0000198 -0.0000016  0.0000040  0.5772611  0.0000446 -0.0000081 -0.0000018 -0.1730619 -0.0100619 -0.3676059 -0.3668680  0.2321759  0.1394604  0.0342039 -0.1320941  0.2166064 -0.3217133 -0.0647455  0.0123438 -0.0059218 -0.3412461 -0.0614173 
 0.0000084 -0.0000054 -0.0000013  0.5772935  0.0000052  0.0000095  0.0000012 -0.1307395 -0.1893777 -0.1276093  0.2128919 -0.2251301  0.1636734 -0.0872876  0.0081529 -0.0503078  0.2448461  0.1463206 -0.0680421  0.2698653  0.5391810  0.1222574 
 0.0000027  0.0000030  0.0000156  0.5772852  0.0000110  0.0000012 -0.0000157  0.3078031  0.2014237  0.4906701  0.1536384 -0.0070630 -0.3115711  0.0633973  0.1319210 -0.1530081  0.0845351 -0.0785926  0.0440582 -0.2562476 -0.2007360 -0.0623174 
 0.0000000  0.0000000  0.0000000  0.0000000  0.5773424  0.0000001  0.0000000  0.1556691  0.2436829 -0.0203419 -0.2341078  0.1224319  0.0098548 -0.4842690  0.0638710 -0.2732945  0.0782073  0.1047376 -0.3029911  0.2758492 -0.0627312 -0.1027168 
 0.0000000  0.0000000  0.0000000  0.0000000  0.5773413  0.0000005 -0.0000008 -0.0132483 -0.4421897 -0.1512780  0.3411694  0.0035189 -0.2027743  0.2720012  0.0865520 -0.1294871 -0.3484335  0.1758224 -0.0081089 -0.1507992 -0.0748213  0.1076653 
 0.0000000  0.0000000  0.0000000  0.0000000  0.5773415  0.0000001 -0.0000009 -0.1463303  0.2019574  0.1689423 -0.1059192 -0.1268443  0.1914220  0.2116442 -0.1500450  0.3982131  0.2685668 -0.2842613  0.3121740 -0.1272693  0.1395783 -0.0063173 
 0.0000000  0.0000000  0.0000000  0.0000000  0.0000040  0.5773352 -0.0000034  0.1952526  0.1635632  0.0048662  0.1508914 -0.0781694  0.2309501  0.2770801  0.0754032 -0.1648074 -0.1927328 -0.0889272  0.2655770  0.5180148 -0.1169634 -0.1110939 
 0.0000000  0.0000000  0.0000000  0.0000000  0.0000337  0.5772779 -0.0000309 -0.1223854  0.0887949  0.0681587 -0.1886489 -0.3407275 -0.1829600 -0.0593456 -0.2808697  0.1202706 -0.1115452  0.4107662 -0.2009541 -0.3072468  0.1165699 -0.1663319 
 0.0000000  0.0000000  0.0000000  0.0000000  0.0000660  0.5772605 -0.0000159 -0.0630343 -0.2636573 -0.0620189  0.0342436  0.4247253 -0.0371568 -0.2173387  0.2032957  0.0509551  0.3028828 -0.3157976 -0.0674073 -0.2100071  0.0015936  0.2742509 
 0.0000000  0.0000000  0.0000000  0.0000000 -0.0000026 -0.0000046  0.5773354 -0.3521395  0.0211731  0.0184058  0.2553024  0.1648101  0.1753832 -0.0158955  0.1128316 -0.0367095  0.2874421  0.3271269  0.1096054 -0.0515909 -0.2643359 -0.3609418 
 0.0000000  0.0000000  0.0000000  0.0000000 -0.0000004 -0.0000012  0.5773409 -0.1308379 -0.0526795  0.2852141 -0.0146264  0.0797245 -0.2602916  0.0457808 -0.3911534  0.0228207 -0.2112198 -0.2935840 -0.2453155  0.2996787  0.0972072  0.2127343 
 0.0000000  0.0000000  0.0000000  0.0000000 -0.0000012 -0.0000002  0.5773411  0.4842580  0.0305135 -0.3028132 -0.2412566 -0.2418335  0.0877636 -0.0263955  0.2790957  0.0129303 -0.0772299 -0.0358910  0.1309993 -0.2499836  0.1710282  0.1422661 
::::::::::::::
run.008.022
::::::::::::::
 0.5277331  0.0000000  0.0000000 -0.1378459  0.0000000  0.0000000  0.0000000  0.0000000 -0.3943140 -0.0137918 -0.3729933  0.1383138 -0.0758921 -0.2278433 -0.0025714  0.0584040 -0.2280217  0.2438019  0.3214091  0.1904167  0.2741567 -0.0363377 
 0.5277331  0.0000000  0.0000000  0.1378459  0.0000000  0.0000000  0.0000000  0.0000000  0.3120250 -0.0267754  0.3695011 -0.0145113 -0.3308303  0.3215251 -0.2863604  0.0946054  0.1286622  0.1331001 -0.0505577  0.0305094  0.1476247 -0.3230308 
 0.6655791  0.0000000  0.0000000  0.0000000  0.0000000  0.0000000  0.0000000  0.0000000  0.0652464  0.0321654  0.0027689 -0.0981622  0.3224875 -0.0742797  0.2290921 -0.1213201  0.0787815 -0.2988431 -0.2147563 -0.1751708 -0.3344276  0.2849409 
 0.0000000  0.5277331  0.0000000 -0.1378459  0.0000000  0.0000000  0.0000000  0.0000000 -0.0158721 -0.4044778  0.1833846  0.1878882 -0.3609547 -0.2066090 -0.1957176 -0.1512759 -0.1330454 -0.0615448 -0.1615396  0.2046926 -0.1618391  0.3462224 
 0.0000000  0.5277331  0.0000000  0.1378459  0.0000000  0.0000000  0.0000000  0.0000000  0.2167966  0.5114508  0.0959023  0.0286121  0.2440944  0.0901959 -0.0433593  0.0387263 -0.0262265  0.3051626  0.2633080 -0.0541119  0.1397434  0.3566526 
 0.0000000  0.6655791  0.0000000  0.0000000  0.0000000  0.0000000  0.0000000  0.0000000 -0.1593117 -0.0848182 -0.2214447 -0.1716616  0.0926577  0.0923032  0.1895625  0.0892398  0.1262856 -0.1931629 -0.0806914 -0.1193944  0.0175195 -0.5573048 
 0.0000000  0.0000000  0.5277331 -0.1378459  0.0000000  0.0000000  0.0000000  0.0000000  0.3310569 -0.2331341 -0.1344654  0.1904182  0.2047799 -0.1362287 -0.1363337 -0.2703342 -0.1682136  0.3070195  0.0341238 -0.3948060 -0.0907082 -0.2102961 
 0.0000000  0.0000000  0.5277331  0.1378459  0.0000000  0.0000000  0.0000000  0.0000000  0.1201377  0.1010944 -0.1065191  0.2073527 -0.0831004 -0.2162825 -0.1568949  0.4044042  0.2675361 -0.4967815  0.2054201  0.1069391  0.0661129  0.0727145 
 0.0000000  0.0000000  0.6655791  0.0000000  0.0000000  0.0000000  0.0000000  0.0000000 -0.3577491  0.1046934  0.1910750 -0.3153899 -0.0964789  0.2795037  0.2324990 -0.1063032 -0.0787521  0.1504610 -0.1899327  0.2282477  0.0195014  0.1090875 
