 0.4568590 -0.0648419  0.0267572  0.0171633  0.0113099  0.2006624  0.1459769  0.3457719 -0.0413731  0.3765448  0.5092544  0.0722673 -0.0898495 -0.1924522  0.3778682 -0.0940667 
 0.4568591  0.0648419 -0.0267572  0.0171632  0.0113100  0.0911029 -0.2866915  0.3393440  0.4323555 -0.1617967 -0.0213527  0.1712738  0.1671123  0.4582144 -0.3150106 -0.0164918 
 0.5343547  0.0000000  0.0000000 -0.0293483  0.0132283 -0.2903121  0.1485367 -0.3144346 -0.3423165  0.2880766 -0.2971494  0.0120909  0.2752139  0.2119720  0.0631054  0.3081324 
 0.5449996  0.0000000  0.0000000  0.0000000 -0.0319317  0.0400625 -0.0276781 -0.2660219  0.0078799 -0.4624676 -0.1176499 -0.2160089 -0.3346059 -0.4306134 -0.1145647 -0.2094356 
 0.0000000  0.5765978  0.0003336  0.0000000  0.0000000  0.2109021 -0.0045395  0.3179855  0.0721587  0.0278688 -0.2396557 -0.3572816  0.2760119 -0.3577160  0.0406214  0.3536352 
 0.0000000  0.5750993  0.0018322  0.0000000  0.0000000 -0.2662208 -0.0966286  0.1254069 -0.5228904 -0.0823603  0.3033302  0.2451996 -0.1630583  0.0445845 -0.3138179 -0.1180380 
 0.0000000  0.5730505  0.0038809  0.0000000  0.0000000  0.0673619  0.1504990 -0.4450817  0.3985510  0.1155279 -0.0032361  0.1022141 -0.1431550  0.2415621  0.3524676 -0.2461421 
 0.0000000  0.0000000  0.5769314  0.0000000  0.0000000  0.0390093  0.0503742 -0.0316461  0.1715774  0.0234669 -0.0746388  0.4684320 -0.3459475 -0.1680915 -0.0887451  0.5012886 
 0.0000000  0.0000000  0.5769314  0.0000000  0.0000000  0.1973251  0.0980196 -0.1769786 -0.1499136 -0.3977354  0.3634760 -0.1857243  0.4466696  0.1762216  0.0953752 -0.0185363 
 0.0000000  0.0000000  0.5769314  0.0000000  0.0000000 -0.2411453 -0.1691631  0.2107383 -0.0007551  0.3487693 -0.3142489 -0.2793756 -0.0874835  0.0204871 -0.0401627 -0.4773284 
 0.0000000  0.0000000  0.0000000  0.5769314  0.0000000 -0.2063224  0.5735633  0.1143839  0.1507473 -0.0097318  0.1241452 -0.3188016 -0.1908132  0.1730933 -0.2522052  0.1125982 
 0.0000000  0.0000000  0.0000000  0.5769314  0.0000000  0.5143953 -0.2705363 -0.0032786 -0.3688614 -0.0098289 -0.2582179  0.0455848 -0.2004202  0.2244800  0.1840464  0.0021585 
 0.0000000  0.0000000  0.0000000  0.5769314  0.0000000 -0.3315207 -0.2912848 -0.1474820  0.1890692  0.0278265  0.1044421  0.2665867  0.4029349 -0.3946965  0.0694990 -0.0957931 
 0.0000000  0.0000000  0.0000000  0.0000000  0.5769314  0.2527225  0.4367445  0.0631033 -0.0688969 -0.0051481 -0.2545735  0.3424903  0.2295158 -0.1512001 -0.2054489 -0.3223739 
 0.0000000  0.0000000  0.0000000  0.0000000  0.5769314 -0.3845529 -0.1036688  0.2422455 -0.0042481 -0.3565128 -0.0566198 -0.0537655 -0.1582771  0.1247309  0.5069406  0.1379310 
 0.0000000  0.0000000  0.0000000  0.0000000  0.5769314  0.1349846 -0.3352548 -0.3262936  0.0737654  0.3252494  0.3019304 -0.3057318 -0.0975832 -0.0074343 -0.3105117  0.1679535 
