 0.5224346  0.0000000 -0.1514527  0.0000000  0.0000000  0.0000000  0.0000000  0.0000000  0.0000000 -0.1458464  0.1540542  0.3298110 -0.0705441  0.2938640  0.0355074  0.1185946 -0.2411374 -0.3960073 -0.4423808  0.0355195  0.0144514  0.1216363 -0.0331413 -0.1251120 
 0.5224346  0.0000000  0.1514527  0.0000000  0.0000000  0.0000000  0.0000000  0.0000000  0.0000000 -0.0116871  0.2947976 -0.0101471 -0.1300710  0.0024347  0.2412177  0.0113518  0.1024077  0.1442668  0.5941730  0.0164143  0.0319464  0.1702246 -0.3560175  0.0195706 
 0.6738873  0.0000000  0.0000000  0.0000000  0.0000000  0.0000000  0.0000000  0.0000000  0.0000000  0.1221286 -0.3479746 -0.2478211  0.1555279 -0.2297071 -0.2145326 -0.1007416  0.1075509  0.1951631 -0.1176777 -0.0402619 -0.0359701 -0.2262666  0.3016974  0.0818215 
 0.0000000  0.5224346 -0.1514527  0.0000000  0.0000000  0.0000000  0.0000000  0.0000000  0.0000000 -0.4261556 -0.0100276 -0.0231832  0.3012720 -0.2057587  0.0730830 -0.3211246 -0.0234682  0.1230706 -0.0125673  0.1846472 -0.1748283  0.3637098  0.0445210 -0.2559928 
 0.0000000  0.5224346  0.1514527  0.0000000  0.0000000  0.0000000  0.0000000  0.0000000  0.0000000  0.2502803 -0.1008827  0.6230635 -0.0086681  0.0252455 -0.2339537  0.2817162  0.0731452  0.2636356  0.0811866 -0.1021086  0.0856110 -0.0699343  0.0387791 -0.0518886 
 0.0000000  0.6738873  0.0000000  0.0000000  0.0000000  0.0000000  0.0000000  0.0000000  0.0000000  0.1363482  0.0859837 -0.4650602 -0.2268427  0.1399438  0.1247158  0.0305516 -0.0385123 -0.2997959 -0.0531975 -0.0639885  0.0691661 -0.2277510 -0.0645789  0.2386866 
 0.0000000  0.0000000  0.6738873  0.0000000  0.0000000  0.0000000  0.0000000  0.0000000  0.0000000 -0.0089939 -0.0810655  0.1495154 -0.0379876  0.0452706  0.3928693 -0.1975575 -0.0702845  0.1145189 -0.2775667  0.1709688 -0.2429755  0.0626341  0.0880656  0.3534926 
 0.0000000  0.0000000  0.6738873  0.0000000  0.0000000  0.0000000  0.0000000  0.0000000  0.0000000 -0.1731832  0.0698533 -0.2183522  0.1210233 -0.0316904 -0.3700967  0.0861744 -0.0286388 -0.2675340  0.0235358 -0.1022281  0.1805112  0.0239052 -0.0142104 -0.4318807 
 0.0000000  0.0000000  0.0000000  0.5224346  0.0000000 -0.1514527  0.0000000  0.0000000  0.0000000  0.2995886  0.4355018 -0.1081635  0.1459816 -0.0350287  0.2209432  0.1068184  0.0744518  0.1253062 -0.1420488 -0.3286412 -0.1595733  0.1328900  0.3114979 -0.2016530 
 0.0000000  0.0000000  0.0000000  0.5224346  0.0000000  0.1514527  0.0000000  0.0000000  0.0000000 -0.1550927 -0.0567401  0.0297988  0.1196204  0.4815069 -0.2365197 -0.3546068 -0.1539399  0.1046245  0.1673353 -0.0331918  0.3250535  0.0367660  0.0824960  0.2656198 
 0.0000000  0.0000000  0.0000000  0.6738873  0.0000000  0.0000000  0.0000000  0.0000000  0.0000000 -0.1120212 -0.2936370  0.0607526 -0.2059093 -0.3461345  0.0120758  0.1920992  0.0616235 -0.1782550 -0.0196035  0.2805129 -0.1282894 -0.1315267 -0.3054458 -0.0495906 
 0.0000000  0.0000000  0.0000000  0.0000000  0.5224346 -0.1514527  0.0000000  0.0000000  0.0000000 -0.0633338  0.0715848  0.1542683  0.0521916 -0.3208663  0.0680996 -0.0057255 -0.5209398 -0.2215829  0.3185452 -0.0518320  0.0267127 -0.1591815  0.3047695  0.1314105 
 0.0000000  0.0000000  0.0000000  0.0000000  0.5224346  0.1514527  0.0000000  0.0000000  0.0000000  0.4741005 -0.1239473 -0.0774688 -0.0498432  0.2146645  0.1041889 -0.1998054  0.0463685  0.0354625 -0.0381112  0.4153548  0.1057915  0.0599933 -0.0330140 -0.4066757 
 0.0000000  0.0000000  0.0000000  0.0000000  0.6738873  0.0000000  0.0000000  0.0000000  0.0000000 -0.3184490  0.0405943 -0.0595392 -0.0018207  0.0823335 -0.1335675  0.1593389  0.3679138  0.1442908 -0.2174079 -0.2818229 -0.1027246  0.0768962 -0.2106798  0.2134007 
 0.0000000  0.0000000  0.0000000  0.0000000  0.0000000  0.6738873  0.0000000  0.0000000  0.0000000 -0.2773928  0.2888235 -0.0348125 -0.1293277 -0.0651356  0.1254530  0.1787454 -0.0991785  0.3028001 -0.0807187  0.1151227  0.0615336 -0.3769156  0.1690745 -0.1411047 
 0.0000000  0.0000000  0.0000000  0.0000000  0.0000000  0.6738873  0.0000000  0.0000000  0.0000000  0.2587945 -0.1342498  0.0558879  0.1581840 -0.1713109 -0.0307514 -0.0314239  0.0230087 -0.3559217  0.0913429 -0.2865213 -0.1882235  0.3492606 -0.0416924  0.1570197 
 0.0000000  0.0000000  0.0000000  0.0000000  0.0000000  0.0000000  0.5224346  0.0000000 -0.1514527  0.0525729  0.2130648  0.1661520  0.4538716 -0.1701387  0.1419190 -0.1474543  0.2900933 -0.1895052 -0.0981478  0.0991207  0.3152889 -0.2763746 -0.1560087  0.1089670 
 0.0000000  0.0000000  0.0000000  0.0000000  0.0000000  0.0000000  0.6738873  0.0000000  0.0000000  0.0280363 -0.1165449 -0.1362126 -0.3495678 -0.1530965 -0.0385109  0.0794971 -0.2910321  0.2416139 -0.1378429 -0.1148407  0.2225748  0.3666517 -0.0160817  0.0040666 
 0.0000000  0.0000000  0.0000000  0.0000000  0.0000000  0.0000000  0.5224346  0.0000000  0.1514527 -0.0887369 -0.0627337  0.0095483 -0.0029648  0.3676175 -0.0922439  0.0449111  0.0853084 -0.1221520  0.2759512  0.0490122 -0.6023876 -0.1965687  0.1767524 -0.1142125 
 0.0000000  0.0000000  0.0000000  0.0000000  0.0000000  0.0000000  0.0000000  0.5224346 -0.1514527  0.1084963 -0.0209696 -0.0194224  0.1579868  0.0278931 -0.0348821 -0.1836498 -0.3883765  0.1916932 -0.1015183 -0.2638700 -0.2362929 -0.2549942 -0.4735669 -0.1349666 
 0.0000000  0.0000000  0.0000000  0.0000000  0.0000000  0.0000000  0.0000000  0.5224346  0.1514527 -0.1559637 -0.3798158 -0.0565471  0.1996191  0.1614999  0.4421181  0.3554244  0.0992469 -0.0570341  0.1113177 -0.0763910  0.2661916  0.0785447  0.1764991 -0.0714682 
 0.0000000  0.0000000  0.0000000  0.0000000  0.0000000  0.0000000  0.0000000  0.6738873  0.0000000  0.0367993  0.3107110  0.0588958 -0.2772358 -0.1468279 -0.3157118 -0.1331691  0.2241492 -0.1043952 -0.0075971  0.2637891 -0.0231791  0.1367934  0.2303033  0.1600397 
 0.0000000  0.0000000  0.0000000  0.0000000  0.0000000  0.0000000  0.0000000  0.0000000  0.6738873  0.1384996  0.1765398 -0.1306209  0.3599658 -0.0223359 -0.1767535  0.2728174 -0.2124492  0.1102527 -0.0797934  0.3006645 -0.0258794  0.0812358 -0.1846333  0.2174977 
 0.0000000  0.0000000  0.0000000  0.0000000  0.0000000  0.0000000  0.0000000  0.0000000  0.6738873 -0.0473050 -0.0339067  0.1741603 -0.2666508 -0.1285495  0.1221771 -0.4372047  0.1488827 -0.0694898 -0.0521172 -0.3315378  0.1191917 -0.1741329 -0.0362520 -0.1816102 
