 0.7071068  0.0000000  0.0000000 -0.1732226  0.0577409 -0.4161380  0.3767321  0.3893097 
 0.7071068  0.0000000  0.0000000  0.1732226 -0.0577409  0.4161380 -0.3767321 -0.3893097 
 0.0000000  0.7071068  0.0000000 -0.1732226 -0.0577409  0.4441413 -0.1053915  0.5082235 
 0.0000000  0.7071068  0.0000000  0.1732226  0.0577409 -0.4441413  0.1053915 -0.5082235 
 0.0000000  0.0000000  0.7071068  0.0000000 -0.2309634 -0.3564958 -0.5379379  0.1737512 
 0.0000000  0.0000000  0.7071068  0.0000000  0.2309634  0.3564958  0.5379379 -0.1737512 
 0.0000000  0.0000000  0.0000000  0.9380702  0.0000000  0.0103421  0.1002107  0.3314742 
 0.0000000  0.0000000  0.0000000  0.0000000  0.9380702 -0.0696414 -0.3242448  0.1001979 
