 0.7071068  0.0000000 -0.2049888  0.0000000  0.0000000  0.0000000  0.0000000  0.0000000  0.0000000  0.3109866  0.2899321  0.0086639 -0.2510469  0.4414569  0.1386454 
 0.7071068  0.0000000  0.2049888  0.0000000  0.0000000  0.0000000  0.0000000  0.0000000  0.0000000 -0.3109866 -0.2899321 -0.0086639  0.2510469 -0.4414569 -0.1386454 
 0.0000000  0.7071068 -0.2049888  0.0000000  0.0000000  0.0000000  0.0000000  0.0000000  0.0000000  0.1453361  0.1701612  0.4321667  0.4380158 -0.1099019  0.1311404 
 0.0000000  0.7071068  0.2049888  0.0000000  0.0000000  0.0000000  0.0000000  0.0000000  0.0000000 -0.1453361 -0.1701612 -0.4321667 -0.4380158  0.1099019 -0.1311404 
 0.0000000  0.0000000  0.9120956  0.0000000  0.0000000  0.0000000  0.0000000  0.0000000  0.0000000  0.2051124  0.2068072  0.1981488  0.0840406  0.1490306  0.1212659 
 0.0000000  0.0000000  0.0000000  0.7071068  0.0000000 -0.2049888  0.0000000  0.0000000  0.0000000 -0.2413978  0.5508609 -0.0231337 -0.1557671 -0.2586580 -0.0675020 
 0.0000000  0.0000000  0.0000000  0.7071068  0.0000000  0.2049888  0.0000000  0.0000000  0.0000000  0.2413978 -0.5508609  0.0231337  0.1557671  0.2586580  0.0675020 
 0.0000000  0.0000000  0.0000000  0.0000000  0.7071068 -0.2049888  0.0000000  0.0000000  0.0000000  0.0530597  0.1258153 -0.4272888  0.4465780  0.1886439 -0.1474473 
 0.0000000  0.0000000  0.0000000  0.0000000  0.7071068  0.2049888  0.0000000  0.0000000  0.0000000 -0.0530597 -0.1258153  0.4272888 -0.4465780 -0.1886439  0.1474473 
 0.0000000  0.0000000  0.0000000  0.0000000  0.0000000  0.9120956  0.0000000  0.0000000  0.0000000 -0.0846560  0.3041590 -0.2024603  0.1307165 -0.0314706 -0.0966175 
 0.0000000  0.0000000  0.0000000  0.0000000  0.0000000  0.0000000  0.7071068  0.0000000 -0.2049888  0.5041995  0.0066447 -0.0676290 -0.0923379 -0.3161731 -0.3010863 
 0.0000000  0.0000000  0.0000000  0.0000000  0.0000000  0.0000000  0.7071068  0.0000000  0.2049888 -0.5041995 -0.0066447  0.0676290  0.0923379  0.3161731  0.3010863 
 0.0000000  0.0000000  0.0000000  0.0000000  0.0000000  0.0000000  0.0000000  0.7071068 -0.2049888 -0.1773343  0.0034596  0.2839351  0.0025266  0.2808113 -0.5167588 
 0.0000000  0.0000000  0.0000000  0.0000000  0.0000000  0.0000000  0.0000000  0.7071068  0.2049888  0.1773343 -0.0034596 -0.2839351 -0.0025266 -0.2808113  0.5167588 
 0.0000000  0.0000000  0.0000000  0.0000000  0.0000000  0.0000000  0.0000000  0.0000000  0.9120956  0.1469225  0.0045418  0.0972274 -0.0403693 -0.0158947 -0.3676130 
