 0.7071068  0.0000000 -0.1906044  0.0000000  0.0213032  0.0000000  0.0230432  0.0823670 -0.2493806  0.5161141  0.3568422 
 0.7071068  0.0000000  0.1906044  0.0000000 -0.0213032  0.0000000 -0.0230432 -0.0823670  0.2493806 -0.5161141 -0.3568422 
 0.0000000  0.7071068 -0.1906044  0.0000000  0.0213032  0.0000000 -0.0230432  0.0641195  0.0781492 -0.4109207  0.5325511 
 0.0000000  0.7071068  0.1906044  0.0000000 -0.0213032  0.0000000  0.0230432 -0.0641195 -0.0781492  0.4109207 -0.5325511 
 0.0000000  0.0000000  0.9244890  0.0000000  0.0175685  0.0000000  0.0000000  0.0604030 -0.0706065  0.0433760  0.3667372 
 0.0000000  0.0000000  0.0000000  0.7071068 -0.2349507  0.0000000  0.0000000 -0.6565165 -0.0337385  0.0219085  0.1102993 
 0.0000000  0.0000000  0.0000000  0.7071068  0.2349507  0.0000000  0.0000000  0.6565165  0.0337385 -0.0219085 -0.1102993 
 0.0000000  0.0000000  0.0000000  0.0000000  0.9420575  0.0000000  0.0000000 -0.3352242 -0.0077679  0.0053616  0.0079539 
 0.0000000  0.0000000  0.0000000  0.0000000  0.0000000  0.7071068 -0.2349507 -0.0081393  0.6133588  0.2456745  0.0903709 
 0.0000000  0.0000000  0.0000000  0.0000000  0.0000000  0.7071068  0.2349507  0.0081393 -0.6133588 -0.2456745 -0.0903709 
 0.0000000  0.0000000  0.0000000  0.0000000  0.0000000  0.0000000  0.9420575 -0.0049526  0.3219685  0.0771918  0.0536732 
