 0.7073738  0.0003481 -0.0000870  0.0008419 -0.1800311 -0.0006198  0.0002493 -0.0000467  0.0005690 -0.0002500 -0.0007787  0.0001336 -0.0000723  0.1411269 -0.0143485  0.2043223  0.0459839  0.1504233 -0.4275609 -0.3287061  0.1126372 -0.2558713 -0.1076269 
 0.7068390 -0.0006691  0.0001729 -0.0000405  0.1804468  0.0002738  0.0000263 -0.0000152 -0.0005903  0.0002514  0.0007807 -0.0001355  0.0000768 -0.1407072  0.0140250 -0.2041860 -0.0458633 -0.1507841  0.4279268  0.3290004 -0.1124626  0.2562343  0.1078100 
 0.0003540  0.7069260  0.0001073 -0.0009129 -0.1710038 -0.0002233  0.0001770  0.0003101 -0.0000072 -0.0000056 -0.0005748 -0.0001101  0.0109966  0.0007867  0.1480439 -0.0683355 -0.3655712  0.5075614 -0.0201411  0.0600548 -0.0681798  0.1627167  0.1338104 
-0.0000333  0.7072853 -0.0000717 -0.0002192  0.1713218  0.0000641 -0.0000828 -0.0003989  0.0000764  0.0000007  0.0005787  0.0001168 -0.0109848 -0.0008509 -0.1488535  0.0694068  0.3653791 -0.5073837  0.0208128 -0.0594345  0.0674277 -0.1618441 -0.1328684 
 0.0000662 -0.0006308  0.7063689 -0.0010488 -0.1455508 -0.0003499  0.0005160 -0.0003178  0.0283703 -0.0003348  0.0013563  0.0002873 -0.0062859 -0.2730084 -0.1868354  0.2787082 -0.0282434 -0.0654632 -0.0169969 -0.0477046 -0.4962186 -0.0647933  0.1838787 
-0.0001511  0.0005935  0.7078432 -0.0000962  0.1449700  0.0003629 -0.0003720  0.0006936 -0.0281635  0.0003320 -0.0013534 -0.0002853  0.0062670  0.2727742  0.1863245 -0.2781597  0.0280229  0.0650184  0.0168196  0.0475107  0.4950603  0.0645490 -0.1838654 
-0.0000526  0.0013314  0.0005203  0.7072734 -0.1436125  0.0003531 -0.0004460  0.0001078 -0.0297094  0.0011785 -0.0000045  0.0001339 -0.0066881 -0.2965806  0.2738887 -0.4329830 -0.0365193 -0.1040905 -0.0534271 -0.1287320 -0.1390998 -0.2322412 -0.1512604 
-0.0007489 -0.0002013  0.0006238  0.7069381  0.1436297 -0.0005801  0.0004171  0.0001610  0.0296798 -0.0011813  0.0000045 -0.0001329  0.0066922  0.2961935 -0.2741896  0.4331772  0.0360336  0.1043380  0.0539018  0.1289794  0.1382001  0.2329794  0.1517325 
 0.0000003 -0.0000681  0.0001858 -0.0000699  0.8904935  0.0001491  0.0000094 -0.0001893 -0.0000861  0.0001751 -0.0000982  0.0001452 -0.0000117 -0.1272215  0.0788851  0.0073203 -0.1427838  0.2011306 -0.2038517 -0.1671864 -0.1868927 -0.1375597  0.0189793 
 0.0002309  0.0000665  0.0000343 -0.0000105 -0.0000542  0.7074638 -0.0000460 -0.0000231 -0.1830844 -0.0000746  0.0001977  0.0000183  0.0001573 -0.2738539 -0.0525120  0.0987145  0.1306167  0.1220864  0.0130661 -0.1760299  0.0094560  0.3991150 -0.3949324 
 0.0001150  0.0000917 -0.0000480  0.0002373 -0.0003879  0.7067487  0.0000895  0.0000327  0.1833821  0.0000757 -0.0001924 -0.0000146 -0.0001493  0.2744587  0.0520322 -0.0977636 -0.1307773 -0.1217944 -0.0135379  0.1759163 -0.0096280 -0.3994614  0.3956714 
-0.0002425 -0.0000854 -0.0001287 -0.0001175  0.0000705 -0.0000544  0.7068466 -0.0000205 -0.1838537 -0.0002283 -0.0000347  0.0000072 -0.0000146  0.2277261 -0.1456715 -0.2582599 -0.0795243 -0.1685671 -0.0598603 -0.3875114 -0.1053339  0.2645903  0.2391599 
-0.0000331 -0.0000072 -0.0000144  0.0001470  0.0000446  0.0000122  0.7073662  0.0001114  0.1835664  0.0002280  0.0000383 -0.0000102  0.0000096 -0.2276938  0.1460802  0.2571757  0.0796272  0.1681968  0.0599227  0.3871815  0.1057224 -0.2645105 -0.2394560 
 0.0000725 -0.0000034  0.0001038 -0.0000782  0.0000255 -0.0000131 -0.0000765  0.7073911 -0.1834316  0.0000716 -0.0000474  0.0000511  0.0000529 -0.2748909  0.0950082  0.0054938  0.3325926  0.1512608  0.0274574 -0.0736090  0.2380378 -0.0311908  0.4289805 
-0.0000105  0.0000914 -0.0004812 -0.0001907  0.0001582  0.0000033 -0.0000140  0.7068217  0.1835506 -0.0000786  0.0000460 -0.0000561 -0.0000727  0.2746949 -0.0954844 -0.0050876 -0.3325811 -0.1519579 -0.0275734  0.0733911 -0.2389468  0.0309735 -0.4291952 
 0.0000305 -0.0000066 -0.0000068 -0.0000178 -0.0000049 -0.0000520  0.0000231  0.0000144  0.8914326  0.0000027 -0.0000409  0.0000231  0.0000375 -0.1346117 -0.0122733 -0.1104420  0.1571090  0.0402068 -0.0098604 -0.2673990  0.0806344  0.2493308  0.0911733 
-0.0000024 -0.0000010  0.0000002  0.0000004 -0.0000040 -0.0000026  0.0000008  0.0000004  0.0000017  0.7071250 -0.0000011 -0.0000028 -0.1845719 -0.1515586  0.2973048  0.2578875 -0.3244598 -0.3194940 -0.0925700 -0.0575500  0.2031839  0.1385744  0.0912304 
 0.0000001  0.0000031  0.0000019  0.0000016 -0.0000034 -0.0000006  0.0000012  0.0000061  0.0000026  0.7070863 -0.0000017  0.0000047  0.1846003  0.1525781 -0.2985635 -0.2561980  0.3245440  0.3197432  0.0924384  0.0574799 -0.2031928 -0.1377488 -0.0906568 
 0.0000033  0.0000010 -0.0000008 -0.0000001  0.0000002 -0.0000011 -0.0000030  0.0000046  0.0000029  0.0000057  0.7071361  0.0000007 -0.1845555 -0.0627518 -0.2084628  0.0387101 -0.2042406  0.0897575  0.4397158 -0.2926579  0.1633524 -0.2420698 -0.0543482 
-0.0000048 -0.0000017  0.0000006  0.0000024  0.0000015 -0.0000042 -0.0000018 -0.0000007 -0.0000010 -0.0000021  0.7070734 -0.0000024  0.1846138  0.0642249  0.2094474 -0.0395335  0.2038243 -0.0883908 -0.4407059  0.2922454 -0.1613379  0.2418342  0.0539336 
 0.0000019  0.0000019 -0.0000028 -0.0000015  0.0000001  0.0000000  0.0000009  0.0000045 -0.0000010 -0.0000015  0.0000007  0.7071172 -0.1845812 -0.2289723 -0.4342576 -0.1944349 -0.1475505 -0.0186585 -0.2923065  0.2061086  0.1912862  0.0047250  0.0211246 
-0.0000003 -0.0000087  0.0000014  0.0000006  0.0000025 -0.0000036  0.0000019  0.0000011  0.0000009 -0.0000006  0.0000001  0.7070961  0.1845967  0.2293365  0.4343512  0.1942844  0.1474238  0.0187857  0.2925414 -0.2058106 -0.1908997 -0.0044332 -0.0211914 
 0.0000000  0.0000000  0.0000000  0.0000000  0.0000000  0.0000000  0.0000000  0.0000000  0.0000000  0.0000000  0.0000000  0.0000000  0.8917157 -0.1922550 -0.1451416  0.0412623 -0.2719005 -0.1182308  0.0222616 -0.0636790  0.2230322 -0.0496547  0.0210848 
