 0.5588388  0.0000000  0.0000000  0.0000000  0.0000000  0.0000000  0.1580083  0.0617800  0.3639294 -0.1617977 -0.0693601  0.1804139 -0.0432832  0.0366403  0.0713074  0.1921278 -0.2011022  0.1717220 -0.0940742 -0.0437572  0.2640420 -0.5170160 
 0.5588388  0.0000000  0.0000000  0.0000000  0.0000000  0.0000000  0.1121030 -0.0691267 -0.4827175  0.0077197  0.1535237 -0.1137848  0.0225162  0.1446205 -0.1205759 -0.3175187  0.4205585  0.0198925 -0.0143862 -0.2840229 -0.0522894 -0.0557424 
 0.4332426  0.0000000 -0.1255962  0.0000000  0.0000000  0.0000000 -0.1185419 -0.3707591  0.2194697  0.1266543  0.0770395 -0.0368564  0.1344220  0.1374909 -0.2938733  0.2451648 -0.2338117  0.0329687  0.1085597  0.1489223 -0.3573553  0.4155107 
 0.4332426  0.0000000  0.1255962  0.0000000  0.0000000  0.0000000 -0.2298742  0.3802355 -0.0662452  0.0720906 -0.1856019 -0.0490884 -0.1076346 -0.3712989  0.3574246 -0.0834234 -0.0492646 -0.2801317  0.0313432  0.2738806  0.0842161  0.3232893 
 0.0000000  0.5588388  0.0000000  0.0000000  0.0000000  0.0000000 -0.4539255  0.1956623  0.3123370  0.2640700  0.1969147 -0.1576401 -0.1869318  0.1365815 -0.2189532 -0.0903036  0.1275071 -0.1887360 -0.0259849 -0.1210435  0.0142426 -0.1880204 
 0.0000000  0.5588388  0.0000000  0.0000000  0.0000000  0.0000000  0.3343231 -0.1291280  0.1537547 -0.3704404  0.2331886  0.2922156 -0.0800155 -0.1502698  0.2999311 -0.1260018  0.1203607 -0.0026462  0.1396269  0.0135677 -0.2441689  0.1732316 
 0.0000000  0.4332426 -0.1255962  0.0000000  0.0000000  0.0000000  0.2210625 -0.1040929 -0.1541122  0.0177544 -0.5808245 -0.3812640 -0.2361803 -0.0491574 -0.0969259  0.0217457 -0.1743750  0.2567098 -0.1607715 -0.0925068  0.1061884  0.1413676 
 0.0000000  0.4332426  0.1255962  0.0000000  0.0000000  0.0000000 -0.0667876  0.0182705 -0.4470984  0.1194526  0.0260350  0.2076753  0.5805151  0.0668139 -0.0075273  0.2572662 -0.1453491 -0.0098463  0.0141849  0.2311397  0.1903932 -0.1222914 
 0.0000000  0.0000000  0.5588388  0.0000000  0.0000000  0.0000000 -0.0209857 -0.2593286 -0.1403875  0.0570254  0.3176305 -0.2302301 -0.1532658 -0.1777148  0.1901425  0.1434324 -0.3647516 -0.0782453 -0.3027753 -0.2747403 -0.1396546 -0.0743456 
 0.0000000  0.0000000  0.5588388  0.0000000  0.0000000  0.0000000  0.1867231 -0.1509172  0.1437164  0.0463723 -0.1993717  0.2608916 -0.0789840 -0.0720837 -0.4818940 -0.2308864  0.1851642 -0.1221144 -0.1905921  0.3224788  0.1059538  0.0416246 
 0.0000000  0.0000000  0.5588388  0.0000000  0.0000000  0.0000000 -0.0760232  0.2139631  0.1267312 -0.1139909 -0.1956200 -0.1602735  0.1031027  0.3380825  0.1252837  0.1083705  0.1315880  0.3306346  0.4714009 -0.1485602 -0.0844647  0.1127033 
 0.0000000  0.0000000  0.0000000  0.5588388  0.0000000  0.0000000  0.1487870  0.1449571 -0.1027159 -0.3761385  0.2165525 -0.2414708 -0.1893051  0.1349205 -0.2160743  0.3620502  0.0557088 -0.2640633  0.0497943  0.1421678  0.2202724  0.1070644 
 0.0000000  0.0000000  0.0000000  0.5588388  0.0000000  0.0000000  0.2703836 -0.0559247  0.2219923  0.4020735 -0.0424881 -0.2208460  0.2691648  0.1498612  0.3239880 -0.2603127  0.0345614 -0.0163974 -0.1198900  0.1766559 -0.1474465 -0.1162700 
 0.0000000  0.0000000  0.0000000  0.4332426  0.0000000 -0.1255962 -0.0290527  0.2720063 -0.0662740  0.2330975 -0.1213223  0.4852424 -0.0685854 -0.2185866 -0.1414394  0.2212616  0.0463170  0.1788622 -0.1216917 -0.4179007 -0.2284040  0.1248514 
 0.0000000  0.0000000  0.0000000  0.4332426  0.0000000  0.1255962 -0.5116346 -0.3868489 -0.0875805 -0.2665510 -0.1032030  0.1110991 -0.0344254 -0.1487527  0.0022417 -0.3524926 -0.1627563  0.1829034  0.2121079  0.0066507  0.1344661 -0.1129770 
 0.0000000  0.0000000  0.0000000  0.0000000  0.5588388  0.0000000 -0.1099630 -0.0493157  0.2084130 -0.3112326 -0.2067694 -0.1623540  0.4536204 -0.1871666 -0.0352230  0.0607264  0.1943828 -0.2299445 -0.2300949 -0.2669329 -0.0474251  0.0304119 
 0.0000000  0.0000000  0.0000000  0.0000000  0.5588388  0.0000000 -0.0879357 -0.2735495 -0.1173625  0.2121054 -0.0834339  0.2538347 -0.3821523  0.3675575  0.3061703  0.2013999  0.1640006 -0.0599030 -0.0231176  0.0993691  0.1291377  0.0443890 
 0.0000000  0.0000000  0.0000000  0.0000000  0.4332426 -0.1255962  0.0280724  0.3587557 -0.0242995 -0.0968276  0.3083003  0.0159301  0.0113169  0.1710829 -0.1297377 -0.3652431 -0.3651152  0.3732532 -0.2115060  0.1152189  0.0687799  0.2162501 
 0.0000000  0.0000000  0.0000000  0.0000000  0.4332426  0.1255962  0.2271968  0.0577074 -0.0931464  0.2246916  0.0660324 -0.1339308 -0.1035034 -0.4037688 -0.2197568  0.0271268 -0.0971629  0.0006204  0.5381243  0.1009212 -0.1741808 -0.3127356 
 0.0000000  0.0000000  0.0000000  0.0000000  0.0000000  0.5588388 -0.0130996 -0.0540298  0.1313827  0.1652374  0.2675255 -0.0916029  0.0566373 -0.2706873  0.0368069  0.1731764  0.3210408  0.4269223 -0.1300544  0.0390640  0.3229710  0.2101860 
 0.0000000  0.0000000  0.0000000  0.0000000  0.0000000  0.5588388  0.1967155  0.0605618  0.0416807  0.0910199 -0.0711398  0.1790851  0.0604443  0.2213498 -0.0405474 -0.1880515 -0.3394312 -0.3792763  0.1600143 -0.3826748  0.2041866  0.1890046 
 0.0000000  0.0000000  0.0000000  0.0000000  0.0000000  0.5588388 -0.1199103  0.2092014 -0.1528019 -0.2162237 -0.1460094  0.0302851 -0.0989536  0.1628377 -0.0083198  0.0556403  0.0051577  0.0351931 -0.2734552  0.2514083 -0.5541066 -0.2268531 
