 0.5656854  0.0000000  0.0000000  0.0000000  0.0000000  0.0000000 -0.2288153  0.0640528  0.4435095  0.1522065 -0.3078657 -0.0062100 -0.1885755  0.0072918 -0.2852206  0.0193567  0.0033392  0.2777441 -0.1327016 -0.3012948  0.0772845 
 0.5656854  0.0000000  0.0000000  0.0000000  0.0000000  0.0000000  0.1410509  0.1562769 -0.2107095 -0.3051430  0.2053054 -0.0831155 -0.1210577  0.0890881 -0.1134128  0.0163129 -0.3514778 -0.0339433  0.3745810  0.3456099  0.1701374 
 0.4242641 -0.1414214  0.0000000  0.0000000  0.0000000  0.0000000 -0.2877354  0.0064253 -0.1265662  0.1786678  0.0945500  0.2194771  0.0606770 -0.1980675  0.2136555 -0.2088603  0.0940123 -0.6015758 -0.1686568  0.0087287 -0.2840407 
 0.4242641  0.1414214  0.0000000  0.0000000  0.0000000  0.0000000  0.4047546 -0.3001983 -0.1838339  0.0252475  0.0421971 -0.1003764  0.3521671  0.0695610  0.3178558  0.1613008  0.3701726  0.2765081 -0.1538491 -0.0678156 -0.0458551 
 0.0000000  0.5656854  0.0000000  0.0000000  0.0000000  0.0000000  0.1952204  0.0033164  0.1474424 -0.0047553 -0.2003619  0.0243765 -0.1782989 -0.3819249  0.3847615 -0.0617585 -0.2783690 -0.0649600  0.2940825 -0.2304014 -0.1690736 
 0.0000000  0.5656854  0.0000000  0.0000000  0.0000000  0.0000000 -0.2154302  0.1540875 -0.0000155  0.2230369 -0.0158084 -0.3556446  0.2613717  0.2743262 -0.1528356 -0.3484359  0.2351823 -0.1653599  0.1130307  0.1422008  0.1714073 
 0.0000000  0.5656854  0.0000000  0.0000000  0.0000000  0.0000000 -0.1529127 -0.0807480 -0.1331099 -0.1799265  0.2292585  0.4112315 -0.1559453  0.0406915 -0.2579760  0.3176541 -0.0258534  0.0107989 -0.4108151  0.1073366 -0.0618801 
 0.0000000  0.0000000  0.5656854  0.0000000  0.0000000  0.0000000 -0.0333969 -0.3415059  0.0898999  0.0866375  0.1130742 -0.1622054  0.0422639  0.4538327  0.0867610  0.0142552 -0.4622521 -0.1290969 -0.1065264 -0.1885069 -0.1219307 
 0.0000000  0.0000000  0.5656854  0.0000000  0.0000000  0.0000000  0.0522605  0.2024259 -0.3380745  0.0325279 -0.0674431 -0.2212469  0.1529568 -0.5210989 -0.3633399  0.1276954  0.0475931  0.0008336 -0.0448012 -0.1409813 -0.0055608 
 0.0000000  0.0000000  0.4242641 -0.1414214  0.0000000  0.0000000  0.2187186  0.2124249  0.5154453 -0.3929685  0.0941773  0.0910092 -0.1058676  0.0602102  0.0898408 -0.0137585  0.4307893 -0.2073530  0.0067845  0.1343658  0.0029848 
 0.0000000  0.0000000  0.4242641  0.1414214  0.0000000  0.0000000 -0.2438701 -0.0269850 -0.1845458  0.2340813 -0.1550188  0.4202606 -0.1544266  0.0294779  0.2789311 -0.1755090  0.1220895  0.3783708  0.1949858  0.3049518  0.1670040 
 0.0000000  0.0000000  0.0000000  0.5656854  0.0000000  0.0000000  0.1610280 -0.2286558  0.2719216  0.3144971  0.0696266 -0.2079920 -0.1666628 -0.1595350 -0.1630530  0.1745915  0.0548255 -0.0691458  0.0237261  0.4522240 -0.2401569 
 0.0000000  0.0000000  0.0000000  0.5656854  0.0000000  0.0000000 -0.0074536  0.1229173 -0.0032686 -0.4255890 -0.0986312 -0.0909815  0.1088582 -0.0778276  0.1580355 -0.4014092 -0.1685422  0.0931447 -0.4505333 -0.0107251  0.1466420 
 0.0000000  0.0000000  0.0000000  0.5656854  0.0000000  0.0000000 -0.0379272  0.1655910 -0.0936553 -0.0456706  0.0913037  0.2166607  0.0699443  0.2450456 -0.0422551  0.2672553  0.1908917 -0.1704299  0.3797568 -0.4841455  0.0525101 
 0.0000000  0.0000000  0.0000000  0.0000000  0.5656854  0.0000000  0.1544057  0.2665917  0.2348313  0.2331731 -0.0345910  0.2796323  0.4829396 -0.0299618  0.0294147  0.1689774 -0.2741910 -0.0450625 -0.0735892  0.1441667  0.1709499 
 0.0000000  0.0000000  0.0000000  0.0000000  0.5656854  0.0000000 -0.3389349 -0.1311669 -0.1218826 -0.1862006 -0.1813889 -0.3670352 -0.2762748 -0.0170743  0.2633735  0.3333714  0.1456476 -0.1300525 -0.0308381  0.0356673  0.1824942 
 0.0000000  0.0000000  0.0000000  0.0000000  0.4242641 -0.1414214  0.0723849 -0.3929643  0.0590044 -0.0027871  0.4715674  0.0945520 -0.1132095 -0.2123065 -0.2184935 -0.4276260  0.1002378  0.0777976  0.1275605 -0.2291354  0.1793480 
 0.0000000  0.0000000  0.0000000  0.0000000  0.4242641  0.1414214  0.1736541  0.2123979 -0.2096026 -0.0598429 -0.1835943  0.0219852 -0.1623436  0.2750213 -0.1718908 -0.2421725  0.0711534  0.1556891  0.0116759 -0.0106432 -0.6506067 
 0.0000000  0.0000000  0.0000000  0.0000000  0.0000000  0.5656854  0.1708612  0.3299116 -0.0553613  0.3350995  0.3764938 -0.1244635 -0.3471483  0.0229298  0.1906312 -0.0041291 -0.0013728  0.0365238 -0.2249778 -0.1310232  0.2070182 
 0.0000000  0.0000000  0.0000000  0.0000000  0.0000000  0.5656854 -0.4237393 -0.0986410  0.1969091 -0.2401933  0.2340135 -0.0551579  0.3515620 -0.1690796  0.0368334  0.0528547 -0.0211230  0.2496778  0.2194995  0.0424522 -0.2595049 
 0.0000000  0.0000000  0.0000000  0.0000000  0.0000000  0.5656854  0.2275607 -0.3826111 -0.0743960 -0.0806422 -0.4467169  0.1977631  0.0078698  0.0243178 -0.2391153 -0.0950890  0.0297669 -0.3056745  0.0344494  0.0339479  0.2599754 
