 0.7071068  0.0000000  0.0000000  0.0000000  0.0000000  0.0000000 -0.1491265  0.2507158  0.6117635 -0.0901734  0.0965359 -0.0392277  0.1471700 
 0.7071068  0.0000000  0.0000000  0.0000000  0.0000000  0.0000000  0.1491265 -0.2507158 -0.6117635  0.0901734 -0.0965359  0.0392277 -0.1471700 
 0.0000000  0.7071068  0.0000000  0.0000000  0.0000000  0.0000000 -0.1491265  0.1819545 -0.1470779  0.3904628 -0.1672294 -0.2203510  0.4405003 
 0.0000000  0.7071068  0.0000000  0.0000000  0.0000000  0.0000000  0.1491265 -0.1819545  0.1470779 -0.3904628  0.1672294  0.2203510 -0.4405003 
 0.0000000  0.0000000  0.7071068  0.0000000  0.0000000  0.0000000 -0.1491265  0.3116282 -0.2314406 -0.1093496  0.2536985  0.4702932  0.1720128 
 0.0000000  0.0000000  0.7071068  0.0000000  0.0000000  0.0000000  0.1491265 -0.3116282  0.2314406  0.1093496 -0.2536985 -0.4702932 -0.1720128 
 0.0000000  0.0000000  0.0000000  0.7071068  0.0000000  0.0000000 -0.1491265  0.2201125 -0.1516702  0.0353943  0.4265981 -0.3949358 -0.2590269 
 0.0000000  0.0000000  0.0000000  0.7071068  0.0000000  0.0000000  0.1491265 -0.2201125  0.1516702 -0.0353943 -0.4265981  0.3949358  0.2590269 
 0.0000000  0.0000000  0.0000000  0.0000000  0.7071068  0.0000000 -0.1491265  0.2112094 -0.1580022 -0.4965157 -0.3491562 -0.1985809  0.0177444 
 0.0000000  0.0000000  0.0000000  0.0000000  0.7071068  0.0000000  0.1491265 -0.2112094  0.1580022  0.4965157  0.3491562  0.1985809 -0.0177444 
 0.0000000  0.0000000  0.0000000  0.0000000  0.0000000  0.7071068 -0.1491265  0.2892693  0.0503895  0.2822424 -0.3071222  0.1752385 -0.4322640 
 0.0000000  0.0000000  0.0000000  0.0000000  0.0000000  0.7071068  0.1491265 -0.2892693 -0.0503895 -0.2822424  0.3071222 -0.1752385  0.4322640 
 0.0000000  0.0000000  0.0000000  0.0000000  0.0000000  0.0000000  0.8562333  0.5102672 -0.0090697  0.0042012 -0.0162584 -0.0723010  0.0300041 
