 0.7101234 -0.1947743  0.0637683 -0.0212006  0.0071728 -0.0028993  0.6732103 
 0.7040773  0.1965010 -0.0643263  0.0213937 -0.0072347  0.0029241 -0.6789743 
-0.0000397  0.9609632  0.0260771 -0.0086725  0.0029332 -0.0011856  0.2752897 
 0.0000084  0.0000015  0.9955479  0.0029623 -0.0010036  0.0004057 -0.0942037 
-0.0000081  0.0000007  0.0000052  0.9995043  0.0003363 -0.0001356  0.0314803 
 0.0000004  0.0000000 -0.0000001 -0.0000008  0.9999432  0.0000459 -0.0106542 
-0.0000000  0.0000000  0.0000000  0.0000000  0.0000000  0.9999907  0.0043066 
