 0.4355194  0.0000000  0.0000000 -0.0556949  0.0000000 -0.4123459 -0.1863120 -0.2680584  0.2675861  0.0367987 -0.1691763  0.2258550  0.0210477 -0.0318157  0.2354853 -0.1172447 -0.5236723  0.0579287  0.0335077  0.1368722  0.0917528 -0.0387836  0.0037259 
 0.4355194  0.0000000  0.0000000  0.0556949  0.0000000  0.2726725 -0.1063224  0.0938519  0.2784877 -0.3495018  0.0782383  0.0133975 -0.0820134  0.0105617  0.0078716 -0.1435964  0.3228193  0.3910631  0.2251138  0.0830768 -0.1714306 -0.1306287  0.3435954 
 0.4355194  0.0000000  0.0000000  0.0000000 -0.0556949 -0.2198570  0.1931769  0.3180391 -0.1598281  0.0718791  0.1816297 -0.2319992  0.2455823  0.2108229  0.2647996  0.1055445  0.0980308  0.1793271  0.0547174 -0.3551752  0.0422086 -0.0253155 -0.3788714 
 0.4355194  0.0000000  0.0000000  0.0000000  0.0556949  0.2168578  0.2267194 -0.2202761 -0.1491373 -0.0049271 -0.2130594 -0.2832961 -0.1066634  0.0105747  0.1452322  0.1787984  0.1726269 -0.3306236 -0.3692446  0.4069896  0.0437224 -0.0666941 -0.0186864 
 0.4912142  0.0000000  0.0000000  0.0000000  0.0000000  0.1264961 -0.1128326  0.0677761 -0.2102247  0.2178874  0.1084934  0.2447445 -0.0691146 -0.1774509 -0.5793063 -0.0208370 -0.0618901 -0.2639420  0.0495670 -0.2409503 -0.0055442  0.2317814  0.0445407 
 0.0000000  0.3715681  0.0000000 -0.1196462  0.0000000 -0.3564736 -0.0656601 -0.1803508 -0.1745513 -0.1198135 -0.1904559 -0.1367338  0.3137574  0.1126233 -0.1989774 -0.0768032  0.3230468 -0.0109986  0.1025681 -0.0242578  0.4451442  0.0519759  0.3329501 
 0.0000000  0.3715681  0.0000000  0.1196462  0.0000000  0.2397610  0.0702020  0.1884845 -0.1617080 -0.4856304 -0.3800605  0.2254441 -0.0666980  0.0782723  0.1221960  0.2439841 -0.2628870 -0.1819520  0.2649925 -0.1471025  0.0362798  0.0002206 -0.1095294 
 0.0000000  0.4912142  0.0000000  0.0000000  0.0000000  0.2444166 -0.2605223 -0.0858071  0.2544786  0.3655827  0.1392692 -0.3640708 -0.1470583 -0.1232684  0.0219182  0.2141137 -0.0599354  0.0896224  0.3032868  0.1087006  0.1634583  0.0840933 -0.2025367 
 0.0000000  0.4912142  0.0000000  0.0000000  0.0000000 -0.1066967 -0.0267195  0.2762638 -0.0612212  0.0399621  0.0451714 -0.0953881  0.1720436 -0.3186831  0.1376591 -0.0463259 -0.1457482  0.0448594 -0.4280013 -0.0316934 -0.4355697  0.0993932  0.3074181 
 0.0000000  0.4912142  0.0000000  0.0000000  0.0000000 -0.0494352  0.2838062 -0.1966093  0.0610984  0.0524298  0.2471138  0.3923560 -0.2118679  0.2975528 -0.1014977 -0.2942481  0.1601771  0.0114713 -0.1533184  0.0526145 -0.0920511 -0.2229694 -0.2738830 
 0.0000000  0.0000000  0.3715681  0.0000000 -0.1196462 -0.0546213  0.2083601 -0.3323929 -0.2213608  0.0616910  0.1015749  0.0885616  0.0204275 -0.0084631  0.2771655 -0.0047157  0.1136359 -0.0316995  0.3875165  0.0923132 -0.3302260  0.5025973  0.0904363 
 0.0000000  0.0000000  0.3715681  0.0000000  0.1196462  0.4151065 -0.0939239 -0.0242724 -0.1464227  0.3029750 -0.1526713 -0.0872994  0.0877963  0.4245557  0.1304475 -0.3332484 -0.2430220  0.0685214 -0.0970323 -0.2237233  0.0890967 -0.1159096  0.2472090 
 0.0000000  0.0000000  0.4912142  0.0000000  0.0000000 -0.1696235  0.0069832  0.5499463  0.0386798  0.0050590 -0.1074550 -0.0511018 -0.0190795 -0.0272891 -0.1691989 -0.2692317  0.0037511 -0.1090064  0.1314779  0.4936407  0.0671116 -0.0059518 -0.1792788 
 0.0000000  0.0000000  0.4912142  0.0000000  0.0000000 -0.1726692 -0.2075755  0.0205899  0.0674181 -0.0260158  0.2289794  0.1876713 -0.1401356  0.2087462 -0.0373041  0.6483039  0.0557650  0.0104020 -0.2011451 -0.0378842  0.0335641 -0.1554062  0.1929138 
 0.0000000  0.0000000  0.4912142  0.0000000  0.0000000  0.0696118  0.1140296 -0.3007447  0.1721038 -0.2548867 -0.0828737 -0.1375242  0.0773516 -0.4962010 -0.1018268 -0.1234268  0.0383550  0.0707513 -0.1500631 -0.3563541  0.0817213 -0.1311433 -0.2690393 
 0.0000000  0.0000000  0.0000000  0.4912142  0.0000000 -0.2023378 -0.2967192 -0.0023867  0.1485295  0.0747860 -0.4215401 -0.0639175 -0.2913737  0.1792575  0.0033384 -0.0820577  0.2895911  0.0202848 -0.1837884 -0.1978133 -0.1501634  0.3066869 -0.1507294 
 0.0000000  0.0000000  0.0000000  0.4912142  0.0000000  0.1135788 -0.3317149 -0.1068574 -0.2720966 -0.3045220  0.4510699  0.0173182  0.2120870  0.0038316  0.0697440 -0.1366207 -0.1200362  0.0334964 -0.1708543  0.2186048  0.2252338  0.1484903 -0.1414438 
 0.0000000  0.0000000  0.0000000  0.4912142  0.0000000 -0.1065206  0.4359563  0.0473488 -0.2130680  0.2306272 -0.0489278  0.0388851 -0.2827689 -0.2543281 -0.0177154  0.0730651 -0.1155149  0.3533539  0.0718005  0.0326609  0.2748881 -0.1398537  0.2504569 
 0.0000000  0.0000000  0.0000000  0.4912142  0.0000000 -0.0276154  0.1503162 -0.0689768  0.3322708  0.1320112  0.0375280 -0.0564134  0.4664093  0.0748011 -0.1077886  0.0704662 -0.0072997 -0.4032671  0.2215554 -0.0174314 -0.2205303 -0.2923038  0.1109569 
 0.0000000  0.0000000  0.0000000  0.0000000  0.4912142  0.1853751  0.0782562  0.1245705  0.2181885  0.1961084 -0.0963079  0.4588775  0.3284593 -0.1552692  0.2116274  0.1065162  0.2503414  0.0829186 -0.1042540  0.0563709  0.2377252  0.2529884 -0.0675215 
 0.0000000  0.0000000  0.0000000  0.0000000  0.4912142 -0.1770583 -0.0311847  0.0876145  0.0281299 -0.1048713  0.2914192 -0.1337910 -0.3782818 -0.1060265  0.3001116 -0.2035267  0.0607220 -0.4405389  0.1401048 -0.2241825  0.1194146 -0.0579074  0.1816728 
 0.0000000  0.0000000  0.0000000  0.0000000  0.4912142 -0.0648929  0.3009470 -0.0737781  0.1739343 -0.2222886  0.0660954 -0.2827049  0.0034960  0.2818265 -0.3737134  0.0964287 -0.3069776  0.2009857 -0.0592832  0.0495448 -0.1052345  0.3383039 -0.0026665 
 0.0000000  0.0000000  0.0000000  0.0000000  0.4912142 -0.1073522 -0.2781935 -0.1524213 -0.4397176  0.0809899 -0.1545287  0.0062694  0.0698556 -0.1032976 -0.0887324  0.0722975  0.0743282  0.1900428  0.1895247  0.1088287 -0.3542124 -0.3780423 -0.1905088 
