 0.6962687  0.1795903 -0.0597301 -0.0022802  0.0093727 -0.0036938 -0.0122413 -0.0034651 -0.0001827  0.0007995  0.0144094 -0.0085960 -0.0003390 -0.0077084 -0.0010915  0.3176675 -0.5011024  0.0200499  0.3554712 
 0.7172885 -0.1763150  0.0584736 -0.0069697 -0.0003075  0.0012718  0.0022030  0.0032490  0.0002098 -0.0008462 -0.0091952  0.0097825 -0.0002329  0.0075889  0.0009880 -0.2808970  0.5043220 -0.0194699 -0.3421444 
 0.0013781  0.9677901  0.0217678  0.0007050 -0.0002986  0.0005912 -0.0001295  0.0007595 -0.0000658 -0.0003668 -0.0000561  0.0023368  0.0004086  0.0027636  0.0003784 -0.1074214  0.1857441 -0.0091165 -0.1294916 
-0.0001548  0.0000069  0.9962098 -0.0000107  0.0005603  0.0005378  0.0000892 -0.0005469 -0.0000262  0.0000560  0.0001416 -0.0001024 -0.0002061 -0.0009394 -0.0001105  0.0306355 -0.0694499  0.0059263  0.0420386 
-0.0129565 -0.0031311  0.0068169  0.6945039  0.1780378 -0.0467145  0.0093581  0.0030275  0.0030285 -0.0024576 -0.0018187  0.0015972 -0.0031051  0.0010199 -0.0014848  0.5785404  0.3803179 -0.0406343  0.0492732 
 0.0216785  0.0009348 -0.0061918  0.7194081 -0.1737098  0.0456895 -0.0034606 -0.0062147 -0.0033678  0.0024835  0.0076014 -0.0011900  0.0028395 -0.0008967  0.0014332 -0.5617491 -0.3612940  0.0385057 -0.0443158 
-0.0002532 -0.0006933 -0.0023989  0.0013766  0.9682909  0.0166875 -0.0001295 -0.0006614 -0.0006623  0.0008096 -0.0002541  0.0046527 -0.0005083  0.0001050  0.0005343 -0.2106813 -0.1271990  0.0349189 -0.0177967 
 0.0000620  0.0001383 -0.0001920 -0.0004656  0.0001484  0.9977079 -0.0001571 -0.0003796  0.0000044 -0.0001826 -0.0001971 -0.0000384 -0.0000906  0.0000488 -0.0001521  0.0567417  0.0352240 -0.0054589  0.0093911 
 0.0049360  0.0020975  0.0013064 -0.0062261  0.0032040 -0.0022239  0.6902332 -0.1815225 -0.0540790  0.0151042  0.0282105 -0.0034868 -0.0001195 -0.0013371 -0.0004394 -0.2178739  0.2227666 -0.3184616  0.5367205 
 0.0050043  0.0016182 -0.0026217  0.0002100 -0.0058023  0.0030945  0.7227918  0.1719465  0.0514073 -0.0143941  0.0147402  0.0025194  0.0001787  0.0011167  0.0004249  0.2041577 -0.2288162  0.3061613 -0.5070322 
 0.0002996  0.0006133  0.0007736  0.0012567  0.0005709 -0.0001435  0.0009898  0.9681910 -0.0190813  0.0054507  0.0011564 -0.0001679 -0.0004912 -0.0004269 -0.0001535 -0.0809201  0.0760399 -0.1100595  0.1943279 
 0.0001067  0.0001933  0.0001795  0.0000003 -0.0000137  0.0000189  0.0001717 -0.0002179  0.9970188  0.0016775 -0.0000081 -0.0000610  0.0000007 -0.0001674 -0.0000397 -0.0276494  0.0228221 -0.0343283  0.0590489 
-0.0000356  0.0000329  0.0000269  0.0000095  0.0000019  0.0000247  0.0000097 -0.0000190  0.0000071  0.9997543  0.0000028  0.0000068  0.0000389  0.0000050  0.0000095  0.0095316 -0.0049685  0.0069397 -0.0181035 
-0.0015229 -0.0046594  0.0022553 -0.0016086  0.0156361  0.0001661 -0.0205783  0.0039543  0.0010614 -0.0023031  0.6967383 -0.1668953  0.0547650 -0.0143946  0.0003917  0.0803537 -0.1512151 -0.6131907 -0.2782947 
-0.0038773 -0.0014033 -0.0003529 -0.0041104 -0.0127691 -0.0003699 -0.0217062 -0.0016136  0.0001313  0.0018697  0.7163712  0.1621456 -0.0533978  0.0141837 -0.0003563 -0.0762998  0.1642656  0.6017672  0.2487273 
-0.0006253  0.0004829 -0.0006134  0.0001680 -0.0002118  0.0001195  0.0005410 -0.0000561 -0.0001171 -0.0006019  0.0004261  0.9724379  0.0183650 -0.0049599  0.0001051  0.0304548 -0.0623489 -0.2071898 -0.0791084 
 0.0001889 -0.0002174  0.0000975 -0.0000230  0.0000091 -0.0002095 -0.0000531  0.0001478 -0.0000562  0.0001918  0.0000649 -0.0000526  0.9968919  0.0016334 -0.0000515 -0.0057727  0.0203690  0.0693772  0.0306944 
-0.0000168  0.0000088 -0.0000014 -0.0000020  0.0000530  0.0000010  0.0000074 -0.0000047  0.0000331 -0.0000108  0.0000821 -0.0000368  0.0000115  0.9997168 -0.0000041  0.0056741 -0.0132319 -0.0189230 -0.0009544 
 0.0000000  0.0000000  0.0000000  0.0000000  0.0000000  0.0000000  0.0000000  0.0000000  0.0000000  0.0000000  0.0000000  0.0000000  0.0000000  0.0000000  0.9999962  0.0021955  0.0003657  0.0001018  0.0016184 
