 0.7071182 -0.1985642  0.0705103 -0.0000015  0.0000072  0.0000035  0.0000104 -0.0000006 -0.0000025 -0.0000005  0.0000099 -0.0000012  0.0216995  0.1125039  0.2335644  0.5075482 -0.3609694 
 0.7070954  0.1985695 -0.0705128  0.0000026 -0.0000042 -0.0000031 -0.0000035  0.0000034  0.0000019 -0.0000114 -0.0000078  0.0000007 -0.0217006 -0.1125013 -0.2335610 -0.5075682  0.3609855 
 0.0000008  0.9597616  0.0291762  0.0000013  0.0000000  0.0000004  0.0000020 -0.0000016 -0.0000002  0.0000026  0.0000035 -0.0000001  0.0089791  0.0465441  0.0966400  0.2100180 -0.1493737 
 0.0000001  0.0000003  0.9945879  0.0000001  0.0000003 -0.0000001 -0.0000001  0.0000003  0.0000000  0.0000001  0.0000001  0.0000001 -0.0033402 -0.0173168 -0.0359493 -0.0781269  0.0555680 
 0.0000028 -0.0000077  0.0000029  0.7071221 -0.1985513 -0.0705171  0.0000075 -0.0000017 -0.0000002 -0.0000061  0.0000018 -0.0000014 -0.0217044 -0.0854537 -0.2042815 -0.2897685 -0.5675500 
-0.0000040  0.0000048 -0.0000026  0.7070915  0.1985626  0.0705200  0.0000058  0.0000023 -0.0000013  0.0000036  0.0000014  0.0000003  0.0217046  0.0854714  0.2043019  0.2897745  0.5675707 
-0.0000008 -0.0000002  0.0000000 -0.0000020  0.9597657 -0.0291778  0.0000005 -0.0000010  0.0000003  0.0000006 -0.0000002 -0.0000001 -0.0089806 -0.0353636 -0.0845322 -0.1199011 -0.2348300 
 0.0000002  0.0000000  0.0000000  0.0000000  0.0000000  0.9945868  0.0000004  0.0000000  0.0000001 -0.0000001  0.0000003  0.0000001 -0.0033414 -0.0131571 -0.0314514 -0.0446118 -0.0873694 
 0.0000001 -0.0000041 -0.0000006  0.0000007 -0.0000011 -0.0000001  0.7071352 -0.1985617  0.0705123 -0.0000010  0.0000005  0.0000013  0.0217076 -0.6571554  0.0120402  0.1510417  0.0166766 
-0.0000070  0.0000052 -0.0000008 -0.0000140  0.0000008 -0.0000003  0.7070783  0.1985776 -0.0705182 -0.0000039  0.0000046 -0.0000026 -0.0217102  0.6572047 -0.0120314 -0.1510706 -0.0166701 
-0.0000005 -0.0000012  0.0000001  0.0000026 -0.0000003 -0.0000003  0.0000001  0.9597605  0.0291784  0.0000001  0.0000014  0.0000009  0.0089829 -0.2719344  0.0049805  0.0625067  0.0068948 
 0.0000000  0.0000000  0.0000003  0.0000000  0.0000001  0.0000000  0.0000001  0.0000001  0.9945873  0.0000001  0.0000000  0.0000000 -0.0033416  0.1011655 -0.0018537 -0.0232495 -0.0025672 
 0.0000112 -0.0000016  0.0000007  0.0000075 -0.0000029 -0.0000007  0.0000108  0.0000008 -0.0000020  0.7070774 -0.1985710  0.0705225  0.0217060  0.0598871 -0.5993149  0.2993111  0.0530535 
 0.0000007  0.0000011 -0.0000021 -0.0000051 -0.0000006 -0.0000001 -0.0000059 -0.0000001  0.0000015  0.7071362  0.1985542 -0.0705169 -0.0217050 -0.0598825  0.5992583 -0.2992994 -0.0530507 
 0.0000007 -0.0000005 -0.0000009  0.0000003 -0.0000002 -0.0000003 -0.0000003 -0.0000021 -0.0000005  0.0000002  0.9597634  0.0291791  0.0089808  0.0247741 -0.2479738  0.1238353  0.0219590 
-0.0000004 -0.0000001 -0.0000001 -0.0000001 -0.0000001 -0.0000001 -0.0000003 -0.0000001  0.0000000  0.0000002  0.0000001  0.9945866 -0.0033416 -0.0092160  0.0922581 -0.0460768 -0.0081691 
 0.0000000  0.0000000  0.0000000  0.0000000  0.0000000  0.0000000  0.0000000  0.0000000  0.0000000  0.0000000  0.0000000  0.0000000  0.9979298  0.0190709  0.0071354 -0.0595596 -0.0131941 
