 0.7071068 -0.2117725  0.0000000  0.0000000  0.0000000  0.0000000  0.0000000  0.0000000  0.0633358  0.2632359 -0.4723103  0.1343325 -0.3751341 
 0.7071068  0.2117725  0.0000000  0.0000000  0.0000000  0.0000000  0.0000000  0.0000000 -0.0633358 -0.2632359  0.4723103 -0.1343325  0.3751341 
 0.0000000  0.9540990  0.0000000  0.0000000  0.0000000  0.0000000  0.0000000  0.0000000  0.0281161  0.1168561 -0.2096686  0.0596331 -0.1665300 
 0.0000000  0.0000000  0.7071068 -0.2117725  0.0000000  0.0000000  0.0000000  0.0000000 -0.0633358 -0.3247183 -0.2775438  0.4427933  0.2694486 
 0.0000000  0.0000000  0.7071068  0.2117725  0.0000000  0.0000000  0.0000000  0.0000000  0.0633358  0.3247183  0.2775438 -0.4427933 -0.2694486 
 0.0000000  0.0000000  0.0000000  0.9540990  0.0000000  0.0000000  0.0000000  0.0000000 -0.0281161 -0.1441494 -0.1232076  0.1965654  0.1196140 
 0.0000000  0.0000000  0.0000000  0.0000000  0.7071068 -0.2117725  0.0000000  0.0000000  0.0633358 -0.4488740 -0.2602332 -0.4084444 -0.1229024 
 0.0000000  0.0000000  0.0000000  0.0000000  0.7071068  0.2117725  0.0000000  0.0000000 -0.0633358  0.4488740  0.2602332  0.4084444  0.1229024 
 0.0000000  0.0000000  0.0000000  0.0000000  0.0000000  0.9540990  0.0000000  0.0000000  0.0281161 -0.1992648 -0.1155231 -0.1813172 -0.0545590 
 0.0000000  0.0000000  0.0000000  0.0000000  0.0000000  0.0000000  0.7071068 -0.2117724 -0.0633358  0.2806179 -0.2951101 -0.2690392  0.4614353 
 0.0000000  0.0000000  0.0000000  0.0000000  0.0000000  0.0000000  0.7071068  0.2117725  0.0633358 -0.2806179  0.2951101  0.2690392 -0.4614353 
 0.0000000  0.0000000  0.0000000  0.0000000  0.0000000  0.0000000  0.0000000  0.9540990 -0.0281161  0.1245723 -0.1310057 -0.1194323  0.2048410 
 0.0000000  0.0000000  0.0000000  0.0000000  0.0000000  0.0000000  0.0000000  0.0000000  0.9822151  0.0200520  0.0226520  0.0634503  0.1741044 
