 0.5626281 -0.0634947 -0.0384558  0.0261813 -0.0158542 -0.0109765 -0.0281486  0.6404594 -0.3152204 -0.4070826 -0.0286568 
 0.5626282  0.0634947 -0.0384558 -0.0261813 -0.0158543 -0.0773382 -0.3860353 -0.6037280  0.2176080 -0.3111650 -0.1154704 
 0.6057220  0.0000000  0.0714398  0.0000000  0.0294526  0.0820316  0.3847170 -0.0341181  0.0906677  0.6671482  0.1338734 
 0.0000000  0.7065001  0.0000000  0.0001143  0.0000000 -0.0991615  0.1062045 -0.2113641 -0.5273026 -0.0665832  0.3906265 
 0.0000000  0.7019932  0.0000000  0.0046211  0.0000000  0.1058005 -0.0745158  0.3252569  0.4824941  0.0583349 -0.3852821 
 0.0000000  0.0000000  0.7065813  0.0000000 -0.0000331  0.0935596 -0.0717285  0.1146160  0.3572024 -0.1995419  0.5534412 
 0.0000000  0.0000000  0.7019128  0.0000000 -0.0047016 -0.1073695  0.0103577 -0.1098934 -0.3741542  0.0936168 -0.5786440 
 0.0000000  0.0000000  0.0000000  0.7066144  0.0000000 -0.6728549 -0.1075833  0.0854473  0.1007557  0.1231147  0.0614664 
 0.0000000  0.0000000  0.0000000  0.7066144  0.0000000  0.6697202  0.0947931 -0.1336396 -0.0840836 -0.1199316 -0.0622265 
 0.0000000  0.0000000  0.0000000  0.0000000  0.7066144 -0.1523593  0.5614826 -0.1072169  0.1528957 -0.3421835 -0.1012818 
 0.0000000  0.0000000  0.0000000  0.0000000  0.7066144  0.1462485 -0.5867456  0.1087373 -0.1613377  0.2988742  0.0886438 
