 0.7087079 -0.0000791 -0.1732813 -0.0007950  0.0169666  0.0018425 -0.0392796  0.0000458  0.0003324  0.0001848  0.0000749  0.0001122  0.0000578  0.0000188  0.0007645 -0.1659840 -0.0781584  0.3731080  0.1083842  0.4095361  0.1886547  0.2753617  0.0460495 
 0.7055010  0.0013922  0.1739644  0.0008697 -0.0171472 -0.0020030  0.0394594 -0.0000460 -0.0003336 -0.0001860 -0.0000762 -0.0001134 -0.0000594 -0.0000203 -0.0007705  0.1668937  0.0787189 -0.3751937 -0.1083739 -0.4108140 -0.1894601 -0.2769770 -0.0469191 
-0.0012162  0.7071594 -0.1858237 -0.0010688  0.0005358 -0.0030265  0.0373660  0.0000156  0.0001493 -0.0002387 -0.0005764 -0.0004264 -0.0008403 -0.0008847 -0.0015123  0.0761642  0.0062604 -0.2919801  0.3005019  0.2659408  0.0949205 -0.1743590 -0.4152748 
-0.0000935  0.7070525  0.1854615  0.0011354 -0.0005157  0.0022188 -0.0375915 -0.0000155 -0.0001488  0.0002391  0.0005766  0.0004267  0.0008404  0.0008848  0.0015142 -0.0765744 -0.0068120  0.2927732 -0.3002387 -0.2650756 -0.0947323  0.1748368  0.4155481 
-0.0001445  0.0000217  0.9331578 -0.0007439  0.0065731  0.0000399  0.0002757  0.0000233  0.0001832 -0.0000260 -0.0002013 -0.0001277 -0.0003126 -0.0003448 -0.0003165 -0.0315672 -0.0266941  0.0228763  0.1598563  0.2582568  0.1080852  0.0333049 -0.1479786 
-0.0001813 -0.0000495  0.0000406  0.7071046 -0.2351781 -0.0000813  0.0000376  0.0000067  0.0000054  0.0000188 -0.0000034  0.0000187  0.0000125  0.0000203  0.0000364  0.0690324  0.2925661  0.1624451  0.0221738  0.2910462 -0.3832044 -0.2797042  0.1329129 
 0.0001085 -0.0000187 -0.0000463  0.7071059  0.2352276  0.0000434 -0.0001085 -0.0000065 -0.0000040 -0.0000191  0.0000016 -0.0000199 -0.0000153 -0.0000234 -0.0000396 -0.0692179 -0.2927600 -0.1624562 -0.0208122 -0.2889812  0.3840560  0.2798405 -0.1342562 
 0.0000067  0.0000037  0.0000052 -0.0000010  0.9427257 -0.0000023 -0.0000105  0.0000014 -0.0000112  0.0000031 -0.0000020  0.0000069  0.0000079  0.0000135 -0.0000052  0.0406803  0.1490819  0.0676153  0.0053690  0.1277525 -0.1991288 -0.1496780  0.0664139 
 0.0001095  0.0001589 -0.0002975 -0.0000003 -0.0003653  0.7074039 -0.2336891  0.0000484 -0.0001225 -0.0000452 -0.0000488  0.0000243 -0.0002171 -0.0000960 -0.0000286 -0.0745936 -0.5583742 -0.0600769  0.1245746  0.0643861 -0.2424779 -0.1623931  0.1384992 
 0.0000373  0.0006537 -0.0001880  0.0000346  0.0002376  0.7067943  0.2342182 -0.0000485  0.0001219  0.0000424  0.0000442 -0.0000281  0.0002107  0.0000895  0.0000132  0.0761543  0.5594344  0.0559465 -0.1230558 -0.0646734  0.2423075  0.1596908 -0.1419410 
 0.0000616 -0.0000198 -0.0000408  0.0000630  0.0012813  0.0001238  0.9405434  0.0000267 -0.0000448  0.0000128  0.0000292  0.0000565 -0.0000344  0.0000261  0.0001745 -0.0575191 -0.2851711  0.0257341  0.0466807  0.0451622 -0.1122912 -0.0430485  0.1067801 
 0.0000000  0.0000000  0.0000000  0.0000000  0.0000000  0.0000000  0.0000000  0.7071069 -0.2357020  0.0000000 -0.0000001  0.0000000 -0.0000003 -0.0000001  0.0000000 -0.0814015  0.1627206 -0.1030873  0.5275649 -0.1563357 -0.0102184  0.1205580  0.2886330 
 0.0000000  0.0000000  0.0000000  0.0000000  0.0000000  0.0000000  0.0000000  0.7071067  0.2357021  0.0000000  0.0000001  0.0000000  0.0000004  0.0000002  0.0000000  0.0814320 -0.1626282  0.1030547 -0.5276167  0.1562461  0.0102311 -0.1205581 -0.2886418 
 0.0000000  0.0000000  0.0000000  0.0000000  0.0000000  0.0000000  0.0000000  0.0000000  0.9428090  0.0000000  0.0000001  0.0000001  0.0000001  0.0000002  0.0000000 -0.0406313  0.0812361 -0.0517264  0.2636268 -0.0785518 -0.0053636  0.0600898  0.1444868 
 0.0000000  0.0000000  0.0000000  0.0000000  0.0000000  0.0000000  0.0000000  0.0000000  0.0000000  0.7071080 -0.2357008  0.0000000  0.0000005  0.0000000  0.0000000  0.5552772 -0.1041030  0.2102505  0.1188408 -0.0454507  0.2021119 -0.1151372  0.1037942 
 0.0000000  0.0000000  0.0000000  0.0000000  0.0000000  0.0000000  0.0000000  0.0000000  0.0000000  0.7071054  0.2357012  0.0000000 -0.0000011 -0.0000001 -0.0000016 -0.5551536  0.1040675 -0.2106611 -0.1186760  0.0454159 -0.2021503  0.1148725 -0.1040969 
 0.0000000  0.0000000  0.0000000  0.0000000  0.0000000  0.0000000  0.0000000  0.0000000  0.0000000  0.0000000  0.9428093  0.0000000  0.0000000  0.0000000 -0.0000002  0.2777148 -0.0520720  0.1048099  0.0597745 -0.0223963  0.1011493 -0.0577679  0.0514355 
 0.0000000  0.0000000  0.0000000  0.0000000  0.0000000  0.0000000  0.0000000  0.0000000  0.0000000 -0.0000001  0.0000008  0.7071083 -0.2357003  0.0000000  0.0000001 -0.2940015  0.0267037  0.1735754  0.0355663 -0.1160627  0.3082161 -0.4644840  0.0410709 
 0.0000000  0.0000000  0.0000000  0.0000000  0.0000000  0.0000000  0.0000000  0.0000000  0.0000000 -0.0000002 -0.0000015  0.7071050  0.2357003 -0.0000004 -0.0000020  0.2941483 -0.0266290 -0.1740512 -0.0352237  0.1162737 -0.3080942  0.4642256 -0.0416410 
 0.0000000  0.0000000  0.0000000  0.0000000  0.0000000  0.0000000  0.0000000  0.0000000  0.0000000  0.0000000 -0.0000002  0.0000000  0.9428092  0.0000000 -0.0000001 -0.1469295  0.0130720  0.0863152  0.0183300 -0.0575549  0.1541558 -0.2325748  0.0199448 
 0.0000000  0.0000000  0.0000000  0.0000000  0.0000000  0.0000000  0.0000000  0.0000000  0.0000000 -0.0000005  0.0000009 -0.0000001  0.0000001  0.7071060 -0.2357019  0.0361183  0.0281705 -0.3605365 -0.1834127  0.2759781  0.2394282 -0.0466569  0.3782250 
 0.0000000  0.0000000  0.0000000  0.0000000  0.0000000  0.0000000  0.0000000  0.0000000  0.0000000 -0.0000001 -0.0000024 -0.0000006 -0.0000023  0.7071063  0.2356978 -0.0359560 -0.0283198  0.3597675  0.1842656 -0.2752154 -0.2391807  0.0462007 -0.3793158 
 0.0000000  0.0000000  0.0000000  0.0000000  0.0000000  0.0000000  0.0000000  0.0000000  0.0000000  0.0000000 -0.0000006  0.0000000 -0.0000017  0.0000000  0.9428071  0.0185256  0.0142675 -0.1816354 -0.0910825  0.1380405  0.1197230 -0.0241894  0.1879005 
