-0.6706338 -0.1932943 -0.0575055  0.0056673  0.0007196  0.0005692  0.0061759  0.0028261 -0.0030710 -0.3690580  0.6109733 
-0.7417326  0.1741801  0.0519234 -0.0051376 -0.0017757 -0.0085597 -0.0048912 -0.0023093  0.0027640  0.3415594 -0.5477184 
-0.0004325  0.9655485 -0.0208383  0.0020564 -0.0008513  0.0029124  0.0023309  0.0010621 -0.0011184 -0.1324985  0.2229450 
-0.0000603 -0.0000382  0.9967752  0.0006383 -0.0009251 -0.0000316 -0.0000260  0.0003651 -0.0003439 -0.0422610  0.0682035 
-0.0000000 -0.0000000  0.0000000 -0.9999675 -0.0000000  0.0000000 -0.0000000  0.0000000 -0.0000272 -0.0053285  0.0060568 
 0.0040090 -0.0034885 -0.0002328 -0.0009639 -0.6886449  0.2160263  0.0527448  0.0156923 -0.0009799  0.5891188  0.3591398 
 0.0027015 -0.0015603  0.0012083 -0.0009325  0.7250825  0.1995197  0.0505198  0.0149221 -0.0009251  0.5619428  0.3404110 
 0.0077124  0.0001529 -0.0003961 -0.0003569 -0.0042731 -0.9557418  0.0224817  0.0067408 -0.0004446  0.2467895  0.1581878 
 0.0000065 -0.0000546 -0.0006457 -0.0000412  0.0002243  0.0000396 -0.9970420  0.0017666 -0.0001439  0.0609330  0.0468053 
 0.0000277  0.0000002 -0.0000700  0.0000012  0.0000102  0.0000507 -0.0000029  0.9997339  0.0000488 -0.0174179 -0.0151216 
-0.0000000 -0.0000000  0.0000000 -0.0000049  0.0000000 -0.0000000  0.0000000 -0.0000000 -0.9999898  0.0010239 -0.0044079 
