 0.4878315  0.0000000  0.0000000  0.0213676 -0.0167704  0.4163048 -0.4764737  0.0581044 -0.1221324 -0.1920090  0.3759097  0.0075330 -0.3705595  0.1646408 
 0.4878315  0.0000000  0.0000000  0.0795873  0.2129362 -0.4368800 -0.0128140 -0.1080288 -0.0369277 -0.1280148  0.3095875  0.3749644  0.4290779 -0.2633323 
 0.4878315  0.0000000  0.0000000  0.0078229  0.1521177  0.0822173  0.3972272 -0.0485928  0.2926417 -0.0443160 -0.3431707  0.0281758  0.0562618  0.6021466 
 0.3781939  0.0000000 -0.1096376 -0.2646196 -0.0122177  0.0633428  0.1188288  0.5920498 -0.0307026 -0.0161147 -0.2433190 -0.3715274  0.0576107 -0.4520647 
 0.3781939  0.0000000  0.1096376  0.1243073 -0.4370325 -0.1428548 -0.0000801 -0.4649726 -0.1416040  0.4860759 -0.1982472 -0.1581992 -0.2056655 -0.1973410 
 0.0000000  0.4878315  0.0000000 -0.1081081  0.5350706 -0.1541782  0.2406083 -0.1048311 -0.2061711  0.0230492 -0.0182720  0.0548449 -0.5527980 -0.1393359 
 0.0000000  0.4878315  0.0000000  0.1338668 -0.1939418 -0.0966284 -0.3973864 -0.0443851  0.4490919 -0.3526836 -0.4082018  0.1321189 -0.0361057 -0.1606444 
 0.0000000  0.4878315  0.0000000 -0.1832327 -0.1545276  0.3675013  0.0250472 -0.0722646 -0.5524823  0.0113946 -0.1483158  0.1749588  0.4413761  0.1042742 
 0.0000000  0.3781939 -0.1096376  0.4115773 -0.2595777  0.0932665  0.2846065  0.3988199  0.2301768  0.3621413  0.3692969  0.1921833 -0.0427201  0.0121809 
 0.0000000  0.3781939  0.1096376 -0.2084518  0.0188813 -0.2437908 -0.1146870 -0.1131322  0.1691260  0.0483555  0.3721231 -0.6590264  0.2330156  0.2402600 
 0.0000000  0.0000000  0.4878315  0.0488860  0.4579343  0.3650924 -0.2376010 -0.0095779  0.2648696  0.4548824 -0.0909513  0.0434232  0.2026872 -0.1782544 
 0.0000000  0.0000000  0.4878315 -0.3620873 -0.1988433 -0.4040095 -0.1745230  0.3996641 -0.1074262  0.1604289 -0.0608761  0.3011043 -0.1544649  0.2871484 
 0.0000000  0.0000000  0.4878315  0.6470492  0.0445957 -0.0910617  0.0858358  0.1619691 -0.3398647 -0.3087039 -0.1038704 -0.2743417  0.0280081  0.0426844 
 0.0000000  0.0000000  0.4878315 -0.2819088 -0.2707939  0.2520725  0.4427515 -0.1994363  0.2210667 -0.3489504  0.2449331  0.0731748 -0.0790306 -0.2600859 
