 0.5495749 -0.1093171  0.0000000  0.0000000  0.0000000  0.0000000  0.0397136 -0.1641633  0.2438230 -0.0869182  0.3732967 -0.3106321  0.3624591 -0.2979844 -0.0503403 -0.3400195 -0.1277675 
 0.5495749  0.1093171  0.0000000  0.0000000  0.0000000  0.0000000  0.0397136  0.1189645 -0.4288860 -0.1501949 -0.4050296  0.1686873  0.2356553  0.4061146 -0.0160239 -0.0929932 -0.2047301 
 0.6292336  0.0000000  0.0000000  0.0000000  0.0000000  0.0000000 -0.0693720  0.0394768  0.1616347  0.2070954  0.0277157  0.1239751 -0.5223953 -0.0944412  0.0579628  0.3781949  0.2904047 
 0.0000000  0.6986056  0.0000000  0.0000000  0.0000000  0.0000000  0.0000000  0.3227652 -0.1336427  0.2299370  0.3551028 -0.0489722  0.0466089  0.1134759  0.0553882 -0.2831772  0.3320224 
 0.0000000  0.6986056  0.0000000  0.0000000  0.0000000  0.0000000  0.0000000 -0.3670687  0.2389075 -0.2200356 -0.2333111 -0.0260312 -0.0267668 -0.2236526 -0.0607579  0.2445227 -0.3199793 
 0.0000000  0.0000000  0.5495749 -0.1093171  0.0000000  0.0000000  0.0397136 -0.0648585  0.1197839 -0.3465140  0.2498572 -0.1010589 -0.2589554  0.3859518  0.4813518 -0.0517799 -0.1509116 
 0.0000000  0.0000000  0.5495749  0.1093171  0.0000000  0.0000000  0.0397136  0.1679342 -0.1529385 -0.0104962  0.2082088  0.5926857  0.1662794 -0.4000414 -0.1549222  0.1020299 -0.1265608 
 0.0000000  0.0000000  0.6292336  0.0000000  0.0000000  0.0000000 -0.0693720 -0.0900267  0.0289574  0.3118140 -0.4000765 -0.4293886  0.0809436  0.0123059 -0.2851048 -0.0438885  0.2423454 
 0.0000000  0.0000000  0.0000000  0.6986056  0.0000000  0.0000000  0.0000000 -0.1513488  0.3393328  0.2692878  0.1427127  0.1532727  0.1428556  0.4520388 -0.1086118  0.0814358 -0.1197770 
 0.0000000  0.0000000  0.0000000  0.6986056  0.0000000  0.0000000  0.0000000  0.1149216 -0.2966575 -0.3218676 -0.1361956 -0.2618292 -0.2093959 -0.3290474  0.2081753 -0.1055038  0.1159666 
 0.0000000  0.0000000  0.0000000  0.0000000  0.5495749 -0.1093171  0.0397136 -0.2232965 -0.3996445 -0.1153031  0.3622355 -0.1915962 -0.1728580  0.1408393 -0.4455679  0.2063242 -0.0531837 
 0.0000000  0.0000000  0.0000000  0.0000000  0.5495749  0.1093171  0.0397136  0.4904083  0.4845394 -0.3437767 -0.1931573  0.0516297  0.0479079  0.0381918 -0.1660166 -0.0612805  0.1262260 
 0.0000000  0.0000000  0.0000000  0.0000000  0.6292336  0.0000000 -0.0693720 -0.2332964 -0.0741475  0.4009619 -0.1476735  0.1222472  0.1091318 -0.1563664  0.5341601 -0.1266816 -0.0637954 
 0.0000000  0.0000000  0.0000000  0.0000000  0.0000000  0.6986056  0.0000000 -0.1680354 -0.1026946 -0.1660721  0.0928797 -0.0360795  0.3699418  0.0481074  0.1428309  0.3792755  0.3636454 
 0.0000000  0.0000000  0.0000000  0.0000000  0.0000000  0.6986056  0.0000000  0.0563556 -0.0356616  0.2018235 -0.0059724 -0.0019802 -0.4044871 -0.0320452 -0.1865748 -0.3374009 -0.3917193 
 0.0000000  0.0000000  0.0000000  0.0000000  0.0000000  0.0000000  0.6986056  0.3403361 -0.0206096  0.2490916  0.0200869 -0.3002022  0.0861481 -0.0573570  0.1415698  0.3629713 -0.2839434 
 0.0000000  0.0000000  0.0000000  0.0000000  0.0000000  0.0000000  0.6986056 -0.3869968  0.0397516 -0.0978764 -0.1055740  0.2700920 -0.1407773  0.0181503 -0.0910999 -0.3288404  0.3610336 
