 0.7388824 -0.1646108  0.0569192 -0.0002802  0.0002171  0.0010078 -0.0050918 -0.0016568 -0.0001252 -0.0053610  0.0010162  0.0013238  0.0035198  0.0013962 -0.0001669  0.0102016 -0.0001633 -0.0006894 -0.0003388 -0.4277484  0.0168948  0.0896411  0.4712182  0.1009931 
 0.6735990  0.1809779 -0.0616263  0.0083248  0.0040589 -0.0027531  0.0053416  0.0026537 -0.0002479 -0.0035753  0.0022455 -0.0006483  0.0044589 -0.0027267 -0.0012185 -0.0112038  0.0001569  0.0007891  0.0003861  0.4646235 -0.0033008 -0.1104821 -0.5173691 -0.1168255 
-0.0003772  0.9695947  0.0212286  0.0001795  0.0005402 -0.0005381  0.0001084  0.0000884 -0.0000912 -0.0002571  0.0008706  0.0003612  0.0006032  0.0006108  0.0001660  0.0038301 -0.0000681 -0.0002604 -0.0001246 -0.1614304  0.0065300  0.0333534  0.1756657  0.0366726 
-0.0005259 -0.0000598  0.9962313 -0.0001728  0.0001250 -0.0002451  0.0003714  0.0001058 -0.0000740  0.0000027 -0.0001930 -0.0001030 -0.0002038  0.0000569 -0.0000447 -0.0013187  0.0000289  0.0000689  0.0000527  0.0571519 -0.0011859 -0.0094564 -0.0617958 -0.0185714 
 0.0035851  0.0016045 -0.0010401  0.7310701 -0.1692467  0.0596945  0.0066274 -0.0001138 -0.0005059  0.0053697  0.0006178  0.0032911  0.0075647  0.0015180  0.0008899  0.0015221  0.0025194 -0.0008972 -0.0001931  0.3043701 -0.1109178  0.5434918  0.1508399  0.1003895 
-0.0116486 -0.0042831  0.0021680  0.6819829  0.1808879 -0.0653537  0.0072849 -0.0029049  0.0007083  0.0164094  0.0012233 -0.0034488 -0.0058916 -0.0022676 -0.0015744 -0.0014400 -0.0027000  0.0009906  0.0001994 -0.3334114  0.1236788 -0.5795212 -0.1580146 -0.1003925 
-0.0001639 -0.0001898 -0.0004961  0.0002817  0.9688047  0.0226804  0.0006157 -0.0006266 -0.0001896  0.0012812  0.0000153  0.0011603  0.0001527 -0.0000164  0.0000536  0.0006208  0.0009379 -0.0003489 -0.0000669  0.1117484 -0.0408717  0.2058918  0.0560519  0.0347260 
 0.0001284  0.0008198  0.0002397  0.0009800 -0.0000199  0.9958001  0.0000591 -0.0001099 -0.0000537  0.0001041 -0.0001937  0.0003187 -0.0000240  0.0003026  0.0000702 -0.0002789 -0.0003405  0.0001196  0.0000264 -0.0387511  0.0143311 -0.0777653 -0.0196471 -0.0154729 
 0.0023729 -0.0004216  0.0028982 -0.0104554 -0.0008313  0.0025350  0.7063552 -0.1884168  0.0568390 -0.0067560  0.0041224  0.0007611 -0.0095998 -0.0002886 -0.0006452  0.0022827 -0.0009943  0.0027036 -0.0005064 -0.1868382  0.0347156  0.0976661 -0.3082314  0.5668963 
-0.0021209 -0.0022835 -0.0025768 -0.0035908 -0.0003760 -0.0024597  0.7076724  0.1879429 -0.0564539  0.0103170 -0.0002323  0.0000047  0.0055765 -0.0014950  0.0001058 -0.0019750  0.0010164 -0.0026913  0.0005110  0.1799106 -0.0223722 -0.0917630  0.3141647 -0.5661397 
 0.0003126 -0.0005142  0.0012155  0.0007588  0.0010368  0.0009323  0.0001235  0.9638951  0.0220243 -0.0011718 -0.0028460 -0.0001902 -0.0016422  0.0003768 -0.0003416  0.0009075 -0.0004255  0.0010319 -0.0001957 -0.0778179  0.0072695  0.0381121 -0.1224656  0.2187311 
 0.0000176  0.0000249 -0.0002724  0.0002699 -0.0000270 -0.0001705 -0.0002013  0.0000943  0.9965413  0.0008489  0.0001363  0.0000489 -0.0002921  0.0000654  0.0001431 -0.0002544  0.0001255 -0.0003321  0.0000616  0.0230192 -0.0040437 -0.0109935  0.0382362 -0.0691024 
 0.0104273  0.0012344 -0.0005474 -0.0089930 -0.0025772  0.0005561  0.0030906 -0.0061373 -0.0001113  0.7273332 -0.1634635 -0.0508411  0.0072125  0.0087922  0.0032347  0.0011372 -0.0022363 -0.0019081  0.0000150 -0.2155691 -0.5851673  0.0771387 -0.1674961 -0.1356088 
-0.0015902 -0.0012138  0.0006885 -0.0125488 -0.0021006  0.0004106 -0.0072726  0.0034837  0.0003354  0.6857832  0.1728417  0.0539222  0.0038209 -0.0150015 -0.0047083 -0.0008856  0.0023716  0.0020631 -0.0000126  0.2217064  0.6261694 -0.0620213  0.1670237  0.1530687 
-0.0003029 -0.0006973  0.0000205 -0.0005827 -0.0002248  0.0002779 -0.0010724  0.0020028 -0.0004078  0.0003296  0.9712523 -0.0180419 -0.0006419 -0.0000296  0.0008180  0.0004254 -0.0007985 -0.0007022  0.0000122 -0.0774480 -0.2081328  0.0267315 -0.0581693 -0.0540262 
 0.0000034  0.0000741 -0.0000857  0.0001646  0.0000245 -0.0007515 -0.0000181 -0.0001525 -0.0001135  0.0000147 -0.0001285  0.9970678  0.0001661  0.0001423  0.0001593  0.0001172 -0.0002785 -0.0002182  0.0000082 -0.0269076 -0.0653684  0.0050935 -0.0217685 -0.0189228 
-0.0065761 -0.0021479 -0.0020690 -0.0018879 -0.0015443  0.0016599 -0.0025569 -0.0029294  0.0010380 -0.0136718 -0.0032905 -0.0024180  0.6857292 -0.1861096 -0.0587492  0.0087881 -0.0007131 -0.0005555  0.0009109 -0.3013914  0.3018242  0.3600354 -0.2797751 -0.3185804 
-0.0016831  0.0008602  0.0024037 -0.0003032  0.0044802 -0.0026263  0.0062935  0.0010232  0.0006663  0.0020292  0.0047064  0.0022007  0.7276383  0.1760899  0.0555012 -0.0082532  0.0006109  0.0006047 -0.0008662  0.2743335 -0.2792553 -0.3477135  0.2554509  0.3112460 
-0.0002815 -0.0004812 -0.0011459  0.0000452 -0.0004066  0.0002288 -0.0004455 -0.0007787 -0.0000596  0.0010678  0.0027168  0.0002685 -0.0005451  0.9664540 -0.0212664  0.0031030 -0.0001990 -0.0001655  0.0003361 -0.1015958  0.1244552  0.1282587 -0.0987202 -0.1161303 
 0.0005866 -0.0001703 -0.0002930  0.0003053  0.0000390  0.0000203 -0.0001608 -0.0000246 -0.0000664 -0.0000074  0.0001577  0.0000072 -0.0001331 -0.0002620  0.9964824  0.0010099 -0.0000693 -0.0000480  0.0001095 -0.0338477  0.0413650  0.0413192 -0.0326973 -0.0372553 
 0.0000089  0.0000073 -0.0000034 -0.0000063  0.0000111 -0.0000095 -0.0000366  0.0000152 -0.0000099 -0.0000190 -0.0000104  0.0000005  0.0000021  0.0000117  0.0000115  0.9997904  0.0000166  0.0000220 -0.0000050  0.0158407 -0.0040605 -0.0111758 -0.0051395  0.0006260 
 0.0000025  0.0000002  0.0000006 -0.0000001  0.0000007  0.0000000  0.0000015  0.0000008  0.0000004  0.0000011  0.0000001  0.0000012 -0.0000001 -0.0000005  0.0000009  0.0000004  0.9999854 -0.0000001  0.0000012 -0.0038276 -0.0018433 -0.0020710 -0.0025774 -0.0004408 
 0.0000003 -0.0000002  0.0000001 -0.0000010 -0.0000002 -0.0000018  0.0000007  0.0000001  0.0000004  0.0000001 -0.0000009  0.0000004  0.0000006  0.0000010  0.0000004  0.0000003  0.0000005  0.9999860  0.0000032 -0.0002643 -0.0025946  0.0014759  0.0018774 -0.0039317 
 0.0000000  0.0000000  0.0000000  0.0000000  0.0000000  0.0000000  0.0000000  0.0000000  0.0000000  0.0000000  0.0000000  0.0000000  0.0000000  0.0000000  0.0000000  0.0000000  0.0000000  0.0000000  0.9999987  0.0001405 -0.0005541 -0.0002606  0.0006248  0.0013581 
