 0.5277331  0.0000000  0.0000000  0.1378459 -0.7185941 -0.3302150 -0.0752883 -0.1151077 -0.2396299 -0.0187079 -0.0196547 
 0.5277331  0.0000000  0.0000000 -0.1378459  0.2733961  0.0426753 -0.3460536  0.0467511  0.2324997  0.0398727  0.6695856 
 0.6655791  0.0000000  0.0000000  0.0000000  0.3529945  0.2279883  0.3340791  0.0541995  0.0056534 -0.0167814 -0.5153259 
 0.0000000  0.5277331  0.0000000  0.1378459  0.2537529 -0.4053170 -0.1810496 -0.5791651  0.2150336  0.1567770 -0.1865320 
 0.0000000  0.5277331  0.0000000 -0.1378459 -0.1735022  0.3201969 -0.3564639  0.1802222  0.0867713 -0.6118967 -0.1684455 
 0.0000000  0.6655791  0.0000000  0.0000000 -0.0636302  0.0674912  0.4261908  0.3163191 -0.2392990  0.3608613  0.2814593 
 0.0000000  0.0000000  0.5277331  0.1378459 -0.0853946  0.2292078  0.4519994 -0.4609675  0.1019701 -0.3541365  0.3001045 
 0.0000000  0.0000000  0.5277331 -0.1378459 -0.1269550 -0.3617524  0.0679038  0.4316053  0.5769105  0.0895680 -0.1541806 
 0.0000000  0.0000000  0.6655791  0.0000000  0.1683706  0.1050937 -0.4122277  0.0232812 -0.5382798  0.2097745 -0.1157021 
 0.0000000  0.0000000  0.0000000  0.6655791  0.3072585 -0.3751364  0.0320376  0.3357843 -0.1702677 -0.4081106  0.1120114 
 0.0000000  0.0000000  0.0000000  0.6655791 -0.1989055  0.4802315 -0.2039932  0.0398699  0.3398483  0.3529397 -0.0596047 
