 0.4923660  0.0000000  0.0000000  0.0000000 -0.2741050  0.2569989  0.0065361  0.0943427  0.1625863  0.2381596 -0.1338699 -0.3252509  0.2158779  0.0412056 -0.0976301  0.2566172  0.0139117  0.5260306 
 0.4923660  0.0000000  0.0000000  0.0000000  0.0577930 -0.1805946 -0.3863254 -0.1579045  0.1918308  0.0347047 -0.2223912 -0.2356994 -0.1671860 -0.0319099 -0.0081711 -0.2674075 -0.4031027 -0.3760185 
 0.4923660  0.0000000  0.0000000  0.0000000  0.1377215  0.0509842  0.0664100  0.1870661 -0.3156606 -0.0776143  0.0525654  0.2267435  0.0528200  0.0049005  0.6911195  0.1477252  0.1311846 -0.1314213 
 0.3692745 -0.1230915  0.0000000  0.0000000  0.2426407 -0.4385505  0.2924592  0.0938055  0.1209772 -0.3200983  0.1103012  0.0452708  0.2919912  0.0583455 -0.3464970 -0.2626278  0.2984665  0.0697061 
 0.3692745  0.1230915  0.0000000  0.0000000 -0.1378533  0.2686992  0.1253800 -0.2584779 -0.1726525  0.0597649  0.2946264  0.4003383 -0.4273405 -0.0772739 -0.4339274  0.0800479  0.0455419 -0.0944938 
 0.0000000  0.4923660  0.0000000  0.0000000 -0.0598284 -0.1072016 -0.1804250  0.2359725 -0.3649059 -0.0823758 -0.0253592 -0.2450369  0.2156262  0.2085025 -0.3032264  0.3582635  0.0997324 -0.3652755 
 0.0000000  0.4923660  0.0000000  0.0000000 -0.0385949 -0.1643594 -0.0153458 -0.0131301  0.2827417  0.0769312 -0.1758157  0.6120305  0.3340574 -0.0511514  0.0246331  0.0511778 -0.3212144  0.1292092 
 0.0000000  0.4923660  0.0000000  0.0000000 -0.2364911  0.0245249  0.3132339  0.0194239 -0.0595509 -0.0705362  0.0076265 -0.2985736 -0.0522310 -0.5686072  0.1441441 -0.3848155  0.0995806  0.0029041 
 0.0000000  0.4923660  0.0000000  0.0000000  0.4300380  0.0702237 -0.0756933 -0.1541954  0.2151225 -0.0189850  0.1474672 -0.1571869 -0.3176196  0.4451610  0.1563068 -0.1102948  0.1851325  0.2742122 
 0.0000000  0.0000000  0.4923660  0.0000000 -0.1180001 -0.4323252  0.2028664 -0.0000081  0.1431107  0.4364437  0.4622125 -0.1269959 -0.0555805  0.0373636  0.1216478  0.1858215 -0.1041909 -0.1009500 
 0.0000000  0.0000000  0.4923660  0.0000000 -0.0079593 -0.3062873 -0.1496360 -0.0661695 -0.4646157 -0.0487418 -0.4240485  0.0902169 -0.2511904 -0.0332586 -0.0579339 -0.0623794  0.0402881  0.3970618 
 0.0000000  0.0000000  0.4923660  0.0000000 -0.0053703  0.4410297 -0.2590142  0.1309902 -0.0545654  0.1420124  0.1624232  0.1063649  0.3564006  0.1255005 -0.0597845 -0.4993029  0.1059199 -0.1052853 
 0.0000000  0.0000000  0.3692745 -0.1230915  0.3715049  0.1868207 -0.0208490 -0.0406397  0.3715006 -0.0483055 -0.2645858 -0.0024489 -0.0326716 -0.4095065 -0.0659921  0.3784288  0.3193016 -0.2117620 
 0.0000000  0.0000000  0.3692745  0.1230915 -0.1963986  0.2099565  0.2952274 -0.0457772  0.1299265 -0.6579801 -0.0028639 -0.0903323 -0.0335013  0.2366992  0.0607529  0.1227187 -0.3753244 -0.0426734 
 0.0000000  0.0000000  0.0000000  0.4923660  0.5663578  0.1453047  0.2318477 -0.0190295 -0.2735430  0.1853965  0.0322576 -0.1247640  0.1450049 -0.1734677 -0.1339798  0.0385172 -0.3990646  0.0773129 
 0.0000000  0.0000000  0.0000000  0.4923660 -0.2099308 -0.0380271  0.1214519 -0.6065107  0.0095855  0.1251743 -0.2495085 -0.0056924  0.2104502  0.1868173  0.1164668 -0.0030458  0.3460279 -0.1972475 
 0.0000000  0.0000000  0.0000000  0.4923660 -0.1198787  0.0026893  0.1216511  0.6180406  0.2254945  0.1457936 -0.2503224  0.1285804 -0.3637213  0.1339661 -0.0583208 -0.1005045  0.1280247 -0.1224491 
 0.0000000  0.0000000  0.0000000  0.4923660 -0.0945725 -0.1157509 -0.5539698  0.0087839  0.0988566 -0.3039458  0.4021428  0.0238468  0.0084736 -0.3088671  0.0441475  0.1289606  0.0986685  0.2001116 
