 0.7541238 -0.1759898 -0.0107729  0.0070274 -0.0028897  0.0018194  0.0088354  0.0063346 -0.0016713 -0.0009767 -0.0092205  0.0001481 -0.0063176 -0.0018455  0.0007392 -0.0027289 -0.0049197  0.0031952  0.4897900  0.1152350 -0.3569346  0.1316129  0.0241883 -0.0370457 
 0.6559390  0.2034555  0.0123671  0.0262953 -0.0021039 -0.0035732 -0.0278553 -0.0085440  0.0016422 -0.0033577  0.0046349  0.0002895  0.0158786  0.0020238 -0.0009489  0.0192660  0.0072004 -0.0037708 -0.5580886 -0.1255634  0.4079813 -0.1686691 -0.0321595  0.0524225 
-0.0009790  0.9627202 -0.0046218 -0.0064483  0.0015467  0.0013944 -0.0037149 -0.0020000  0.0006319  0.0015940 -0.0033695  0.0004275 -0.0032669 -0.0015329  0.0004560  0.0020208 -0.0013821  0.0011940  0.2009362  0.0592363 -0.1576027  0.0568370  0.0310422 -0.0114722 
 0.0000000  0.0000000  0.9998497  0.0000000  0.0000000  0.0000000  0.0000000  0.0000000  0.0000000  0.0000000  0.0000000  0.0000000  0.0000000  0.0000000  0.0000000  0.0000000  0.0000000  0.0000870  0.0132410  0.0012497 -0.0100592  0.0033500  0.0032467 -0.0008585 
-0.0232969  0.0070192 -0.0001593  0.7010168 -0.1528865 -0.0410003 -0.0002291  0.0036491 -0.0029709 -0.0055198 -0.0003378 -0.0029988  0.0181886 -0.0124673  0.0036993  0.0091513  0.0021808  0.0002623  0.0337000 -0.2444785 -0.2721669 -0.4174726 -0.3455513  0.2315351 
-0.0088834 -0.0040304 -0.0002741  0.7121897  0.1506238  0.0405424  0.0023433 -0.0046165  0.0036684  0.0055488  0.0010260  0.0027437  0.0126133  0.0104873 -0.0041799 -0.0058830 -0.0024807 -0.0000722 -0.0117516  0.2362305  0.2571344  0.4182153  0.3471967 -0.2245926 
 0.0014258  0.0000548 -0.0000025 -0.0000747  0.9766114 -0.0127378  0.0015938 -0.0008459 -0.0003388  0.0005860  0.0010129 -0.0008706 -0.0000065 -0.0014813  0.0002992 -0.0005416  0.0001606  0.0000551  0.0094186 -0.0788411 -0.0802661 -0.1292329 -0.1017334  0.0791184 
 0.0003940  0.0001699  0.0000707 -0.0000650  0.0000109  0.9982336  0.0000592  0.0002359 -0.0002493  0.0000078  0.0000070  0.0000436  0.0000204  0.0000815 -0.0000204 -0.0000127 -0.0001265  0.0000045  0.0012227 -0.0225133 -0.0176956 -0.0370189 -0.0287225  0.0226400 
 0.0068468 -0.0069312 -0.0012415 -0.0031424 -0.0062935 -0.0006318  0.7301744 -0.1713247  0.0456720  0.0077263  0.0013789  0.0014510  0.0000903  0.0003866 -0.0004328 -0.0031423  0.0094339 -0.0028584 -0.1465142 -0.0246347 -0.2210629 -0.1407860  0.5211130  0.2697558 
 0.0094900  0.0229277  0.0019977  0.0023611  0.0040708  0.0004052  0.6822428  0.1901154 -0.0493372 -0.0159836 -0.0019642 -0.0008951 -0.0018256 -0.0020018  0.0015860  0.0091908 -0.0001617  0.0025872  0.1162026  0.0428706  0.2449820  0.1386751 -0.5650515 -0.2847674 
 0.0001508 -0.0008269 -0.0004504 -0.0001584  0.0001910 -0.0001809 -0.0049631  0.9665494  0.0178809 -0.0000017  0.0003763  0.0007956  0.0014081  0.0030628 -0.0007553 -0.0001576 -0.0007893 -0.0010374 -0.0506186 -0.0131766 -0.0730880 -0.0548152  0.2081193  0.1050064 
 0.0000942 -0.0000079  0.0001904 -0.0001455 -0.0001548  0.0000481 -0.0000364  0.0000301  0.9970840  0.0004068 -0.0003219 -0.0001893 -0.0002361 -0.0001539 -0.0000308  0.0005597  0.0001058 -0.0000256  0.0093425  0.0272089  0.0187772  0.0132337 -0.0657973 -0.0117502 
-0.0041519 -0.0037149  0.0000941  0.0018660  0.0005651 -0.0005933  0.0022213 -0.0008095 -0.0002004  0.6938924 -0.1788872  0.0576738 -0.0030618  0.0003668  0.0003674  0.0216948 -0.0005476  0.0001086  0.1938272  0.2488461  0.1892066 -0.5120474  0.1302225 -0.2611935 
 0.0080855  0.0028592 -0.0000174 -0.0016575 -0.0034798 -0.0000360  0.0052207  0.0068550 -0.0014322  0.7195243  0.1702371 -0.0558675 -0.0035076 -0.0004274  0.0001082 -0.0010357 -0.0003378  0.0001508 -0.1836094 -0.2576748 -0.1785174  0.4915627 -0.1446623  0.2355127 
 0.0019084 -0.0003963 -0.0001524  0.0000744 -0.0005115 -0.0001091  0.0000513 -0.0009799  0.0003935  0.0016722  0.9689569  0.0209277 -0.0005305  0.0000805  0.0001683  0.0008156  0.0004085  0.0000679  0.0760041  0.0920409  0.0601602 -0.1787094  0.0478096 -0.0926562 
 0.0002770 -0.0000317  0.0000050 -0.0000408 -0.0002098 -0.0002467 -0.0003339  0.0001338 -0.0000950  0.0000887 -0.0004512  0.9965363  0.0000525  0.0006656 -0.0000826  0.0003530  0.0003184 -0.0000137 -0.0235525 -0.0302835 -0.0240375  0.0588328 -0.0207626  0.0311795 
-0.0008075 -0.0028156 -0.0000781 -0.0124015  0.0064306  0.0034755 -0.0053960  0.0051998  0.0029973  0.0004151 -0.0008931 -0.0004745  0.7106918 -0.1734812  0.0480701 -0.0127415 -0.0121307 -0.0003563 -0.3177681  0.0499559 -0.3939051 -0.0205207 -0.0174753 -0.4500655 
-0.0060799  0.0014461 -0.0003520 -0.0190365 -0.0053280 -0.0031488  0.0083761 -0.0064628 -0.0021001  0.0061434  0.0014058  0.0004992  0.7025849  0.1741987 -0.0488843 -0.0029695  0.0086484  0.0007591  0.3455679 -0.0664737  0.3921945  0.0291707  0.0260804  0.4401996 
 0.0007845  0.0001412  0.0000069  0.0024749  0.0000325  0.0001407 -0.0013887 -0.0003580  0.0007214 -0.0011250 -0.0003947 -0.0009930  0.0010606  0.9691353  0.0178185  0.0006336  0.0021134 -0.0001993 -0.1163425  0.0179930 -0.1489218 -0.0172928 -0.0188795 -0.1541073 
-0.0001634  0.0000120  0.0000035  0.0000221  0.0003215  0.0000145 -0.0000842 -0.0002540 -0.0000815  0.0000385  0.0000242  0.0001559  0.0001645 -0.0003048  0.9974685 -0.0000034 -0.0004966  0.0000460  0.0328587 -0.0046472  0.0431418  0.0056120  0.0064532  0.0449484 
-0.0027215  0.0017149 -0.0015370 -0.0055803  0.0002606 -0.0002393  0.0104390 -0.0034696  0.0207775 -0.0188319  0.0015265  0.0003328 -0.0052765  0.0013881 -0.0001348  0.7139707 -0.1914933  0.0069831  0.1613006 -0.5622945  0.0715938  0.0021842  0.1799555 -0.2698822 
-0.0121187 -0.0112197  0.0011666  0.0014311  0.0037910  0.0012909 -0.0156186  0.0007611 -0.0211447 -0.0007325  0.0030019 -0.0026750  0.0208691 -0.0044755  0.0006951  0.6992721  0.1883438 -0.0070944 -0.1617597  0.5762480 -0.0955914  0.0257259 -0.1705695  0.2773389 
 0.0007822  0.0014918 -0.0006739 -0.0012715  0.0000758  0.0001461 -0.0017946  0.0018635  0.0077667 -0.0030319 -0.0008563  0.0002555 -0.0026574 -0.0046983  0.0013535  0.0049271  0.9630426  0.0028383  0.0651640 -0.2202796  0.0231579  0.0002715  0.0658183 -0.1215150 
 0.0000000  0.0000000  0.0000116  0.0000000  0.0000000  0.0000000  0.0000000  0.0000000  0.0000000  0.0000000  0.0000000  0.0000000  0.0000000  0.0000000  0.0000000  0.0000000  0.0000000  0.9999251 -0.0075510  0.0076965 -0.0000903 -0.0016678  0.0003718  0.0055346 
