::::::::::::::
run.001.013
::::::::::::::
 0.2773501  0.1130771 -0.0422486 -0.7099979 -0.1576905  0.2733819  0.4001610 -0.1097746  0.0069116  0.2340357 -0.1109796 -0.2479447 -0.0633379 
 0.2773501 -0.1113375  0.2617341  0.3401048 -0.3525423  0.1869267  0.2759809  0.2959839  0.3261590  0.2568056 -0.1361061  0.3687855 -0.2768553 
 0.2773501  0.4814634  0.2149240  0.0768519  0.1437936 -0.2742791 -0.2477252 -0.0115452 -0.0008887 -0.0686098 -0.5032955 -0.2528215 -0.3997893 
 0.2773501 -0.0733813  0.0433967  0.2199034  0.5857474  0.1933625 -0.0375661 -0.2817107  0.1498531  0.5025329 -0.1130381 -0.0142675  0.3438221 
 0.2773501  0.5367813 -0.3396992  0.0836938  0.0548947  0.1047224 -0.0072944  0.1521158 -0.4505771  0.1527867  0.3267427  0.3734961 -0.0524049 
 0.2773501 -0.5301827 -0.5460521 -0.0232516  0.0950498  0.0393531 -0.2131428  0.3576728 -0.1774308  0.0083577 -0.2749496 -0.1148909 -0.1974287 
 0.2773501  0.0747388 -0.0317678 -0.0104803  0.2317226 -0.4667052  0.3602785  0.4752782  0.2923888 -0.1388820  0.2681236 -0.2190190  0.2540353 
 0.2773501 -0.0318742  0.2039473  0.2473839 -0.0656679  0.3190200  0.2631392 -0.0025420 -0.4030810 -0.5114428 -0.2532476 -0.1058698  0.3801870 
 0.2773501  0.0001427 -0.0150494  0.2655665 -0.2060739  0.2973434 -0.2426131 -0.1416734  0.1602216 -0.0539892  0.5243683 -0.5497330 -0.1917251 
 0.2773501 -0.0062807 -0.4153600  0.1543031 -0.4199045 -0.4201853  0.0867228 -0.5308185  0.1377515 -0.0242768 -0.1307016  0.1054876  0.1917395 
 0.2773501 -0.3621577  0.2688720 -0.1013278  0.2952025 -0.2334704  0.1970291 -0.3442615 -0.2353260 -0.1772365  0.2874624  0.2237417 -0.4369026 
 0.2773501  0.0695243 -0.0266207 -0.3224780  0.1100644  0.2411963 -0.3813535 -0.0116697  0.4642982 -0.4551601  0.0170172  0.4027531  0.1115478 
 0.2773501 -0.1605136  0.4239237 -0.2202717 -0.3145959 -0.2606662 -0.4536164  0.1529450 -0.2702801  0.2750786  0.0986039  0.0302824  0.3371121 
::::::::::::::
run.002.013
::::::::::::::
 0.4040610  0.0000000 -0.1517187 -0.2472895 -0.1661078 -0.1832084 -0.2411643 -0.3077777 -0.3961677 -0.2708520 -0.0688970  0.5506125  0.0169998 
 0.4040610  0.0000000  0.3669249  0.3125643 -0.0035259 -0.0347753  0.0170506  0.4041544  0.2597020  0.1822017  0.3152885  0.4784728  0.1027888 
 0.4040610  0.0000000  0.0117515 -0.3999936  0.2586672 -0.0240676 -0.1567203 -0.1796892  0.2659822 -0.1557706  0.5262316 -0.3961091  0.1530722 
 0.4040610  0.0000000 -0.1377181 -0.3519740  0.3764771  0.1647432  0.3218177  0.1384492 -0.1142985  0.4956183 -0.3525322  0.0159032 -0.1379821 
 0.4040610  0.0000000 -0.3376343  0.2124072 -0.5380379  0.2262663  0.4041993 -0.1297281  0.3106879 -0.1666981 -0.1016657 -0.1472147 -0.0202495 
 0.3030458 -0.1010153 -0.0543759  0.2751927 -0.0657041 -0.6073033 -0.3603169  0.1167194  0.0082100  0.1742705 -0.3471967 -0.3823462  0.0742541 
 0.3030458  0.1010153  0.3855688  0.3571882  0.1624072  0.4086924 -0.0999270 -0.0172642 -0.4427511 -0.2869362 -0.0773704 -0.2865400 -0.2270929 
 0.0000000  0.4040610  0.3003120 -0.0208775  0.0123245 -0.5271739  0.6235490 -0.1351735 -0.1885245 -0.1073199  0.0818474 -0.0798497  0.0287763 
 0.0000000  0.4040610 -0.1651883 -0.0541092 -0.2433957 -0.0788000 -0.2060793  0.0910688 -0.0313353  0.2516834  0.3148976 -0.0457942 -0.7243774 
 0.0000000  0.4040610 -0.3502986  0.3986634  0.5602019 -0.0339759 -0.0668519 -0.2671976  0.3039582 -0.1337130 -0.1057339  0.2025728 -0.0419957 
 0.0000000  0.4040610  0.1525301  0.0668053 -0.2300347  0.2302071 -0.1848938 -0.4236044 -0.0814492  0.5390742  0.0121086 -0.0439069  0.4360725 
 0.0000000  0.4040610  0.3591195 -0.3752371 -0.1293034  0.0722544 -0.1980369  0.1755113  0.4139079 -0.2689079 -0.4784868  0.0335969 -0.0359516 
 0.0000000  0.4040610 -0.4064609 -0.0357438 -0.0268204  0.0834893 -0.0327846  0.5928912 -0.3038169 -0.1655151  0.1079105 -0.0905704  0.4128127 
::::::::::::::
run.003.013
::::::::::::::
 0.4336094 -0.0643179  0.0000000 -0.0864387  0.4302373  0.2049141  0.0360567 -0.1609356 -0.0548565 -0.5286028  0.4569850 -0.0645913 -0.2250394 
 0.4336094  0.0643179  0.0000000 -0.5572817 -0.2785673 -0.0151145 -0.2123084 -0.0084699  0.0715256  0.4384542  0.2401840  0.2908385 -0.1862124 
 0.4336094  0.0000000 -0.0643179  0.1741653 -0.2527578 -0.6243409  0.1262682 -0.1865957  0.2022272 -0.2087902 -0.3064971 -0.1531983 -0.2667648 
 0.4336094  0.0000000  0.0643179  0.5040245  0.2939807  0.1761359 -0.3794025  0.0112078  0.3173274  0.2438003 -0.1604512  0.1900644  0.2651050 
 0.4979273  0.0000000  0.0000000 -0.0300169 -0.1679767  0.2250268  0.3739217  0.3002559 -0.4669591  0.0480162 -0.2004828 -0.2291267  0.3595752 
 0.0000000  0.4979273  0.0000000 -0.2796915  0.2499487 -0.0528298  0.1494356  0.5124628  0.5154592 -0.0772294 -0.0562812 -0.2138934  0.0551915 
 0.0000000  0.4979273  0.0000000  0.2126714  0.3720123 -0.2158465  0.0995120  0.0673126 -0.4910838  0.2603565 -0.0373157  0.2350524 -0.3766058 
 0.0000000  0.4979273  0.0000000 -0.1025096 -0.1803644  0.4763551  0.0846677 -0.5239647  0.0849336 -0.1770716 -0.3797282  0.1272437 -0.0381382 
 0.0000000  0.4979273  0.0000000  0.2303491 -0.3500394 -0.1792574 -0.3015337 -0.0755050 -0.1256339 -0.1309714  0.5013296 -0.1943141  0.3545371 
 0.0000000  0.0000000  0.4979273  0.2590399 -0.3366454  0.0939256  0.2642090  0.3252971  0.1219340 -0.2503672  0.1492726  0.5187093 -0.1352652 
 0.0000000  0.0000000  0.4979273 -0.0921077  0.2334238 -0.2248102  0.4488430 -0.4377994  0.1255684  0.2878787  0.1799833 -0.0489348  0.3346636 
 0.0000000  0.0000000  0.4979273 -0.3415463  0.1476277 -0.2293123 -0.4697209  0.0551988 -0.2677833 -0.3223754 -0.3447102  0.0897772  0.1866358 
 0.0000000  0.0000000  0.4979273  0.1320057 -0.1150291  0.2567983 -0.1780130  0.0317529  0.0054133  0.2264022 -0.0034106 -0.6038914 -0.4547365 
::::::::::::::
run.004.013
::::::::::::::
 0.4858178 -0.0448904  0.0266003  0.0188771  0.1171982 -0.2847912  0.3972153 -0.0429865 -0.5112943  0.0853258 -0.3076723 -0.3462500 -0.1522464 
 0.4858178  0.0448904  0.0266003  0.0188771  0.0230168  0.0174038  0.1138961 -0.3371280  0.0215583 -0.1474651  0.3499729  0.6132926 -0.3355922 
 0.5054089  0.0000000 -0.0511384  0.0196383 -0.0504352  0.3611819  0.0552624  0.2895098  0.5388309  0.2520814 -0.4069935  0.0334321  0.0324039 
 0.5220382  0.0000000  0.0000000 -0.0541474 -0.0816579 -0.1008412 -0.5291512  0.0734536 -0.0659098 -0.1862236  0.3546631 -0.2808816  0.4226193 
 0.0000000  0.5761856  0.0000000  0.0000000 -0.5100268  0.0813997 -0.2182364 -0.1698219 -0.3398779  0.2965709 -0.2553244  0.2103923  0.1089194 
 0.0000000  0.5761856  0.0000000  0.0000000 -0.0394481  0.0780690  0.0431404  0.3309438  0.0781713 -0.5713320  0.0137702 -0.2361831 -0.4005885 
 0.0000000  0.5761856  0.0000000  0.0000000  0.5568126 -0.1830126  0.1971693 -0.1382055  0.2201923  0.2928977  0.1903173 -0.0489668  0.3059535 
 0.0000000  0.0000000  0.5761856  0.0000000  0.1096237 -0.4013716 -0.3343991 -0.2711727  0.2673058 -0.1830100 -0.4422348  0.0501503 -0.0806499 
 0.0000000  0.0000000  0.5761856  0.0000000 -0.2995235 -0.1112106  0.4551522  0.3831719 -0.0179038 -0.0768748  0.1747506  0.1993192  0.3680320 
 0.0000000  0.0000000  0.5761856  0.0000000  0.1789503  0.5569826 -0.1394445 -0.0687557 -0.1789697  0.2851266  0.2294093 -0.2588307 -0.2619845 
 0.0000000  0.0000000  0.0000000  0.5761856  0.0970070 -0.3313214 -0.2771467  0.4905342 -0.0805653  0.3250121  0.1198867  0.1713077 -0.2748618 
 0.0000000  0.0000000  0.0000000  0.5761856  0.3038882  0.3684667  0.0024376 -0.0725753 -0.2471958 -0.3810878 -0.2537983  0.1802777  0.3624554 
 0.0000000  0.0000000  0.0000000  0.5761856 -0.4114438 -0.0501720  0.2063531 -0.4084701  0.3192468  0.0320193  0.1797270 -0.3878697 -0.0329995 

::::::::::::::
run.005.013
::::::::::::::
 0.5656408  0.0000000  0.0000000 -0.0734711  0.0440888 -0.3358769  0.2720874 -0.2701570 -0.1634657  0.0091473 -0.6183404 -0.0609876  0.0031624 
 0.5656408  0.0000000  0.0000000  0.0734711  0.0440888  0.1152624  0.3158201  0.6673678  0.0645383 -0.0557594  0.2930172 -0.1434693  0.0241723 
 0.6000842  0.0000000  0.0000000  0.0000000 -0.0831165  0.2079517 -0.5541630 -0.3744118  0.0932493  0.0439367  0.3066504  0.1927216 -0.0257657 
 0.0000000  0.5163510  0.0000000 -0.1668497  0.0000000  0.0941624 -0.0357115 -0.0278659  0.6437430  0.2119832 -0.1648677 -0.3879816 -0.2399406 
 0.0000000  0.5163510  0.0000000  0.1668497  0.0000000 -0.2386855  0.0920752  0.0207405 -0.0711875  0.5002983  0.1373395  0.3319982  0.5051862 
 0.0000000  0.6832007  0.0000000  0.0000000  0.0000000  0.1092280 -0.0425987  0.0053853 -0.4327273 -0.5383298  0.0208054  0.0423112 -0.2004679 
 0.0000000  0.0000000  0.5163510  0.0000000 -0.1668497 -0.2389947 -0.2800576  0.0418202 -0.3577486  0.1959504  0.1350007 -0.6164374  0.0603515 
 0.0000000  0.0000000  0.5163510  0.0000000  0.1668497  0.0989049 -0.3867317  0.4161679  0.1294662 -0.0651489 -0.4643921  0.3623458  0.0710144 
 0.0000000  0.0000000  0.6832007  0.0000000  0.0000000  0.1058774  0.5039476 -0.3461394  0.1725318 -0.0988575  0.2489482  0.1920379 -0.0992840 
 0.0000000  0.0000000  0.0000000  0.6832007  0.0000000 -0.5511677 -0.1222507 -0.0087177  0.3137535 -0.2987670  0.0805974 -0.0046855 -0.1421578 
 0.0000000  0.0000000  0.0000000  0.6832007  0.0000000  0.5839397  0.0863399 -0.1039738 -0.1636743  0.2353354 -0.2524087 -0.1622762 -0.0420747 
 0.0000000  0.0000000  0.0000000  0.0000000  0.6832007  0.0990961 -0.0451434 -0.1846264  0.1056126 -0.2881196  0.0561288 -0.3024528  0.5463487 
 0.0000000  0.0000000  0.0000000  0.0000000  0.6832007 -0.1420814 -0.0341623  0.0220210 -0.2068705  0.3602379  0.1485538  0.1000569 -0.5538513 
::::::::::::::
run.006.013
::::::::::::::
 0.5338897 -0.0952484  0.0325290  0.0222749  0.0138101 -0.0092138 -0.0362583 -0.0176056 -0.5674017 -0.3572418  0.3535092 -0.0797848  0.3486176 
 0.5338885  0.0952488 -0.0325284  0.0222748 -0.0138102 -0.0092137  0.3182118  0.6255713  0.1477764  0.0474394 -0.0480984 -0.1172001 -0.4139143 
 0.6556866 -0.0000001 -0.0000006 -0.0362743  0.0000001  0.0150045 -0.2295788 -0.4950321  0.3416781  0.2522553 -0.2486794  0.1603938  0.0531666 
 0.0000000  0.6980904  0.0088758  0.0000000  0.0000001  0.0000000  0.4229650 -0.0837961  0.0668687 -0.1695964 -0.2956729 -0.1313668  0.4344602 
-0.0000001  0.7032248  0.0000007  0.0000000  0.0037409  0.0000000 -0.4678883 -0.0039314 -0.1632480  0.1135461  0.3479099  0.1354754 -0.3280067 
 0.0000000  0.0000000  0.7058766  0.0000000 -0.0010899  0.0000000  0.3195888  0.0399139 -0.0646495  0.3758523  0.2234751  0.4333095  0.1219185 
 0.0000000  0.0000000  0.7067837  0.0000000 -0.0001827  0.0000000 -0.3081762 -0.0092098  0.0966425 -0.3546150 -0.2379593 -0.4328256 -0.1623120 
 0.0000000  0.0000000  0.0000000  0.7069603  0.0000000  0.0000062 -0.2956038  0.3349129  0.3301072 -0.1266898  0.0471722  0.2230421  0.3516600 
 0.0000000 -0.0000001  0.0000000  0.7056196  0.0000000  0.0013469  0.2754627 -0.3801898 -0.2999228  0.1496782 -0.0696870 -0.2090020 -0.3475339 
 0.0000000  0.0000000  0.0000000  0.0000000  0.7069665  0.0000000  0.1405892 -0.1457391  0.3729147 -0.0049645  0.4877028 -0.2860128  0.0211133 
 0.0000000  0.0000000  0.0000000  0.0000000  0.7069665  0.0000000 -0.1307760  0.1583832 -0.3581551  0.0127566 -0.4971057  0.2851212 -0.0341273 
 0.0000000  0.0000000  0.0000000  0.0000000  0.0000000  0.7069665  0.1615410 -0.1506730  0.1132849 -0.4839695  0.0480142  0.3759761 -0.2463274 
 0.0000000  0.0000000  0.0000000  0.0000000  0.0000000  0.7069665 -0.1535161  0.1698243 -0.1254369  0.4742941 -0.0386235 -0.3815513  0.2450071 
::::::::::::::
run.007.013
::::::::::::::
 0.7071068  0.0000000  0.0000000  0.0000000  0.0000000  0.0000000 -0.1491265  0.2507158  0.6117635 -0.0901734  0.0965359 -0.0392277  0.1471700 
 0.7071068  0.0000000  0.0000000  0.0000000  0.0000000  0.0000000  0.1491265 -0.2507158 -0.6117635  0.0901734 -0.0965359  0.0392277 -0.1471700 
 0.0000000  0.7071068  0.0000000  0.0000000  0.0000000  0.0000000 -0.1491265  0.1819545 -0.1470779  0.3904628 -0.1672294 -0.2203510  0.4405003 
 0.0000000  0.7071068  0.0000000  0.0000000  0.0000000  0.0000000  0.1491265 -0.1819545  0.1470779 -0.3904628  0.1672294  0.2203510 -0.4405003 
 0.0000000  0.0000000  0.7071068  0.0000000  0.0000000  0.0000000 -0.1491265  0.3116282 -0.2314406 -0.1093496  0.2536985  0.4702932  0.1720128 
 0.0000000  0.0000000  0.7071068  0.0000000  0.0000000  0.0000000  0.1491265 -0.3116282  0.2314406  0.1093496 -0.2536985 -0.4702932 -0.1720128 
 0.0000000  0.0000000  0.0000000  0.7071068  0.0000000  0.0000000 -0.1491265  0.2201125 -0.1516702  0.0353943  0.4265981 -0.3949358 -0.2590269 
 0.0000000  0.0000000  0.0000000  0.7071068  0.0000000  0.0000000  0.1491265 -0.2201125  0.1516702 -0.0353943 -0.4265981  0.3949358  0.2590269 
 0.0000000  0.0000000  0.0000000  0.0000000  0.7071068  0.0000000 -0.1491265  0.2112094 -0.1580022 -0.4965157 -0.3491562 -0.1985809  0.0177444 
 0.0000000  0.0000000  0.0000000  0.0000000  0.7071068  0.0000000  0.1491265 -0.2112094  0.1580022  0.4965157  0.3491562  0.1985809 -0.0177444 
 0.0000000  0.0000000  0.0000000  0.0000000  0.0000000  0.7071068 -0.1491265  0.2892693  0.0503895  0.2822424 -0.3071222  0.1752385 -0.4322640 
 0.0000000  0.0000000  0.0000000  0.0000000  0.0000000  0.7071068  0.1491265 -0.2892693 -0.0503895 -0.2822424  0.3071222 -0.1752385  0.4322640 
 0.0000000  0.0000000  0.0000000  0.0000000  0.0000000  0.0000000  0.8562333  0.5102672 -0.0090697  0.0042012 -0.0162584 -0.0723010  0.0300041 
::::::::::::::
run.008.013
::::::::::::::
 0.7071068  0.0000000 -0.1769153  0.0000000  0.0000000  0.0000000  0.0000000 -0.0512874 -0.1868651 -0.4008740 -0.4124419 -0.2210246  0.2269182 
 0.7071068  0.0000000  0.1769153  0.0000000  0.0000000  0.0000000  0.0000000  0.0512874  0.1868651  0.4008740  0.4124419  0.2210246 -0.2269182 
 0.0000000  0.7071068 -0.1769153  0.0000000  0.0000000  0.0000000  0.0000000  0.0512874 -0.2277319 -0.3040837  0.0633251  0.2249818 -0.5168317 
 0.0000000  0.7071068  0.1769153  0.0000000  0.0000000  0.0000000  0.0000000 -0.0512874  0.2277319  0.3040837 -0.0633251 -0.2249819  0.5168317 
 0.0000000  0.0000000  0.9353095  0.0000000  0.0000000  0.0000000  0.0000000  0.0000000 -0.1568434 -0.2666878 -0.1320720  0.0014970 -0.1096752 
 0.0000000  0.0000000  0.0000000  0.7071068  0.0000000 -0.1769153  0.0000000  0.0512874  0.0762437 -0.3117026  0.4845571 -0.3530349  0.0605790 
 0.0000000  0.0000000  0.0000000  0.7071068  0.0000000  0.1769153  0.0000000 -0.0512874 -0.0762437  0.3117026 -0.4845571  0.3530349 -0.0605790 
 0.0000000  0.0000000  0.0000000  0.0000000  0.7071068 -0.1769153  0.0000000 -0.0512874 -0.3230750  0.3295026 -0.0768755 -0.4283312 -0.2524752 
 0.0000000  0.0000000  0.0000000  0.0000000  0.7071068  0.1769153  0.0000000  0.0512874  0.3230750 -0.3295026  0.0768755  0.4283312  0.2524752 
 0.0000000  0.0000000  0.0000000  0.0000000  0.0000000  0.9353095  0.0000000  0.0000000 -0.0933771  0.0067338  0.1542273 -0.2955934 -0.0725950 
 0.0000000  0.0000000  0.0000000  0.0000000  0.0000000  0.0000000  0.7071068 -0.2282027  0.5138285 -0.0722495 -0.2043868 -0.1930845 -0.3156395 
 0.0000000  0.0000000  0.0000000  0.0000000  0.0000000  0.0000000  0.7071068  0.2282027 -0.5138285  0.0722495  0.2043868  0.1930845  0.3156395 
 0.0000000  0.0000000  0.0000000  0.0000000  0.0000000  0.0000000  0.0000000  0.9353095  0.2114231  0.0244499 -0.2134841 -0.1513909 -0.1067893 

::::::::::::::
run.009.013
::::::::::::::
 0.7071068 -0.2117725  0.0000000  0.0000000  0.0000000  0.0000000  0.0000000  0.0000000  0.0633358  0.2632359 -0.4723103  0.1343325 -0.3751341 
 0.7071068  0.2117725  0.0000000  0.0000000  0.0000000  0.0000000  0.0000000  0.0000000 -0.0633358 -0.2632359  0.4723103 -0.1343325  0.3751341 
 0.0000000  0.9540990  0.0000000  0.0000000  0.0000000  0.0000000  0.0000000  0.0000000  0.0281161  0.1168561 -0.2096686  0.0596331 -0.1665300 
 0.0000000  0.0000000  0.7071068 -0.2117725  0.0000000  0.0000000  0.0000000  0.0000000 -0.0633358 -0.3247183 -0.2775438  0.4427933  0.2694486 
 0.0000000  0.0000000  0.7071068  0.2117725  0.0000000  0.0000000  0.0000000  0.0000000  0.0633358  0.3247183  0.2775438 -0.4427933 -0.2694486 
 0.0000000  0.0000000  0.0000000  0.9540990  0.0000000  0.0000000  0.0000000  0.0000000 -0.0281161 -0.1441494 -0.1232076  0.1965654  0.1196140 
 0.0000000  0.0000000  0.0000000  0.0000000  0.7071068 -0.2117725  0.0000000  0.0000000  0.0633358 -0.4488740 -0.2602332 -0.4084444 -0.1229024 
 0.0000000  0.0000000  0.0000000  0.0000000  0.7071068  0.2117725  0.0000000  0.0000000 -0.0633358  0.4488740  0.2602332  0.4084444  0.1229024 
 0.0000000  0.0000000  0.0000000  0.0000000  0.0000000  0.9540990  0.0000000  0.0000000  0.0281161 -0.1992648 -0.1155231 -0.1813172 -0.0545590 
 0.0000000  0.0000000  0.0000000  0.0000000  0.0000000  0.0000000  0.7071068 -0.2117724 -0.0633358  0.2806179 -0.2951101 -0.2690392  0.4614353 
 0.0000000  0.0000000  0.0000000  0.0000000  0.0000000  0.0000000  0.7071068  0.2117725  0.0633358 -0.2806179  0.2951101  0.2690392 -0.4614353 
 0.0000000  0.0000000  0.0000000  0.0000000  0.0000000  0.0000000  0.0000000  0.9540990 -0.0281161  0.1245723 -0.1310057 -0.1194323  0.2048410 
 0.0000000  0.0000000  0.0000000  0.0000000  0.0000000  0.0000000  0.0000000  0.0000000  0.9822151  0.0200520  0.0226520  0.0634503  0.1741044 
::::::::::::::
run.010.013
::::::::::::::
 0.7070940 -0.1982865  0.0696865 -0.0000030 -0.0000029  0.0000001  0.0000136  0.0000020 -0.0000006  0.0231461 -0.5395688  0.3706856 -0.1636040 
 0.7071196  0.1982780 -0.0696841 -0.0000017  0.0000025 -0.0000003  0.0000015  0.0000003 -0.0000004 -0.0231457  0.5395545 -0.3706690  0.1635896 
 0.0000009  0.9598793  0.0287897 -0.0000013  0.0000011 -0.0000002 -0.0000007  0.0000000 -0.0000001  0.0095625 -0.2229154  0.1531404 -0.0675881 
 0.0000001  0.0000001  0.9947156 -0.0000001 -0.0000001  0.0000001  0.0000000 -0.0000001  0.0000001 -0.0035197  0.0820496 -0.0563687  0.0248793 
 0.0000043  0.0000015 -0.0000004  0.7071085 -0.1982788  0.0696828 -0.0000063 -0.0000048  0.0000016  0.0231421  0.1018880  0.3867217  0.5434675 
 0.0000004 -0.0000001  0.0000008  0.7071050  0.1982798 -0.0696836 -0.0000107  0.0000050 -0.0000016 -0.0231422 -0.1018896 -0.3867225 -0.5434708 
 0.0000012 -0.0000019  0.0000003  0.0000000  0.9598805  0.0287882  0.0000025  0.0000002 -0.0000007  0.0095605  0.0420977  0.1597768  0.2245181 
-0.0000001  0.0000002  0.0000000  0.0000003  0.0000002  0.9947159 -0.0000001  0.0000000  0.0000001 -0.0035190 -0.0154950 -0.0588082 -0.0826401 
-0.0000026  0.0000012 -0.0000016  0.0000087  0.0000070 -0.0000021  0.7071191 -0.1982654  0.0696840  0.0231408 -0.3917932 -0.4107680  0.3647600 
-0.0000125  0.0000032  0.0000004  0.0000083 -0.0000092  0.0000016  0.7070945  0.1982708 -0.0696864 -0.0231422  0.3918152  0.4107734 -0.3647744 
 0.0000004 -0.0000001 -0.0000005 -0.0000001  0.0000011 -0.0000001  0.0000011  0.9598852  0.0287870  0.0095601 -0.1618555 -0.1696894  0.1506940 
 0.0000000  0.0000002  0.0000000  0.0000000  0.0000001  0.0000000 -0.0000001  0.0000005  0.9947157 -0.0035191  0.0595797  0.0624632 -0.0554705 
 0.0000000  0.0000000  0.0000000  0.0000000  0.0000000  0.0000000  0.0000000  0.0000000  0.0000000  0.9982359  0.0421902 -0.0176331 -0.0378696 
::::::::::::::
run.011.013
::::::::::::::
-0.7315625  0.1873142 -0.0457078  0.0117686 -0.0010747  0.0083682  0.0013211  0.0011913  0.0003262 -0.0002573  0.0004278 -0.6159000 -0.2193046 
 0.6817233  0.2008693 -0.0489993  0.0126295 -0.0131323  0.0082953  0.0013938  0.0013988  0.0003399 -0.0002799  0.0004586 -0.6600411 -0.2375807 
 0.0000741  0.9615251  0.0188564 -0.0049078 -0.0010006 -0.0018735 -0.0001793 -0.0006428 -0.0001005  0.0001157 -0.0001785  0.2564619  0.0964995 
-0.0000309  0.0002764  0.9975739  0.0012429 -0.0000881  0.0002838  0.0001948  0.0001333  0.0000315 -0.0000278  0.0000455 -0.0655396 -0.0234338 
-0.0000030 -0.0000202  0.0000097  0.9998378 -0.0000408 -0.0000154  0.0000066 -0.0000229 -0.0000187  0.0000056 -0.0000119  0.0172169  0.0052922 
-0.0045065 -0.0058421  0.0004294  0.0003868 -0.7006283  0.1922154  0.0618629 -0.0189563  0.0053102  0.0010680  0.0001052 -0.2227990  0.6467328 
-0.0070213  0.0004090  0.0003999 -0.0006808 -0.7134038 -0.1883030 -0.0605024  0.0186580 -0.0052218 -0.0010437 -0.0001122  0.2316101 -0.6307667 
 0.0000114 -0.0002414  0.0005545 -0.0004153  0.0004689  0.9630435 -0.0240560  0.0074132 -0.0020877 -0.0004123 -0.0000510  0.1013156 -0.2482809 
-0.0001300  0.0000254 -0.0000515 -0.0001165  0.0002120 -0.0001403  0.9959568  0.0024751 -0.0006983 -0.0001390 -0.0000158  0.0321556 -0.0838409 
 0.0000362  0.0000028  0.0000012 -0.0000113 -0.0000444  0.0000047 -0.0000112 -0.9996138 -0.0002134 -0.0000439 -0.0000032  0.0075474 -0.0267458 
-0.0000059 -0.0000001  0.0000029  0.0000035  0.0000010  0.0000007 -0.0000001  0.0000011  0.9999697 -0.0000118 -0.0000016  0.0030816 -0.0071480 
 0.0000000 -0.0000002  0.0000002  0.0000002  0.0000001 -0.0000001  0.0000000  0.0000000 -0.0000001  0.9999987  0.0000000  0.0001514 -0.0015991 
 0.0000000  0.0000000  0.0000000  0.0000000  0.0000000  0.0000000  0.0000000  0.0000000  0.0000000  0.0000000 -0.9999998 -0.0006703 -0.0000682 
::::::::::::::
run.012.013
::::::::::::::
 1.0000000  0.0000000  0.0000000  0.0000000  0.0000000  0.0000000  0.0000000  0.0000000  0.0000000  0.0000000  0.0000000  0.0000000  0.0000000 
 0.0000000  1.0000000  0.0000000  0.0000000  0.0000000  0.0000000  0.0000000  0.0000000  0.0000000  0.0000000  0.0000000  0.0000000  0.0000000 
 0.0000000  0.0000000  1.0000000  0.0000000  0.0000000  0.0000000  0.0000000  0.0000000  0.0000000  0.0000000  0.0000000  0.0000000  0.0000000 
 0.0000000  0.0000000  0.0000000  1.0000000  0.0000000  0.0000000  0.0000000  0.0000000  0.0000000  0.0000000  0.0000000  0.0000000  0.0000000 
 0.0000000  0.0000000  0.0000000  0.0000000  1.0000000  0.0000000  0.0000000  0.0000000  0.0000000  0.0000000  0.0000000  0.0000000  0.0000000 
 0.0000000  0.0000000  0.0000000  0.0000000  0.0000000  1.0000000  0.0000000  0.0000000  0.0000000  0.0000000  0.0000000  0.0000000  0.0000000 
 0.0000000  0.0000000  0.0000000  0.0000000  0.0000000  0.0000000  1.0000000  0.0000000  0.0000000  0.0000000  0.0000000  0.0000000  0.0000000 
 0.0000000  0.0000000  0.0000000  0.0000000  0.0000000  0.0000000  0.0000000  1.0000000  0.0000000  0.0000000  0.0000000  0.0000000  0.0000000 
 0.0000000  0.0000000  0.0000000  0.0000000  0.0000000  0.0000000  0.0000000  0.0000000  1.0000000  0.0000000  0.0000000  0.0000000  0.0000000 
 0.0000000  0.0000000  0.0000000  0.0000000  0.0000000  0.0000000  0.0000000  0.0000000  0.0000000  1.0000000  0.0000000  0.0000000  0.0000000 
 0.0000000  0.0000000  0.0000000  0.0000000  0.0000000  0.0000000  0.0000000  0.0000000  0.0000000  0.0000000  1.0000000  0.0000000  0.0000000 
 0.0000000  0.0000000  0.0000000  0.0000000  0.0000000  0.0000000  0.0000000  0.0000000  0.0000000  0.0000000  0.0000000  1.0000000  0.0000000 
 0.0000000  0.0000000  0.0000000  0.0000000  0.0000000  0.0000000  0.0000000  0.0000000  0.0000000  0.0000000  0.0000000  0.0000000  1.0000000 
