 0.5339195  0.0968409  0.0288442 -0.0249834  0.0077884 -0.0063994  0.0020843  0.4290661 -0.3960521  0.3235194 -0.4421325 -0.1608172  0.0273224  0.1020987 -0.1607976 
 0.5382730 -0.0950169 -0.0278603 -0.0235365 -0.0095336 -0.0057955 -0.0012290 -0.1970334  0.1941905 -0.0041434  0.5441180 -0.3963774 -0.1292873  0.3439505 -0.1871683 
 0.6520672  0.0000508 -0.0005972  0.0398866  0.0014978  0.0100239 -0.0006922 -0.1886125  0.1643366 -0.2612631 -0.0870079  0.4591376  0.0843901 -0.3674829  0.2858868 
-0.0005481  0.6966802 -0.0077642 -0.0000731 -0.0013380  0.0000047  0.0004051  0.0253988  0.3896595 -0.2745288 -0.1885916  0.0675030  0.1398255  0.1704470 -0.4449738 
-0.0003003  0.7044361 -0.0000402  0.0002432 -0.0010360  0.0001104 -0.0008529 -0.1106402 -0.3046936  0.2265900  0.3207371 -0.0980790 -0.1594879 -0.1362047  0.4368814 
 0.0000042  0.0000026  0.7067958 -0.0000608 -0.0001112 -0.0000047 -0.0001113 -0.1973158 -0.4199829 -0.1311354  0.2090225  0.1100996  0.1839961 -0.1661052 -0.3881575 
-0.0000310 -0.0000068  0.7062372  0.0001767 -0.0005931  0.0000225 -0.0000184  0.1723029  0.4485348  0.1145763 -0.1717992 -0.1181565 -0.1887496  0.1772042  0.3830477 
-0.0002277 -0.0000287  0.0000388  0.7056024 -0.0000959 -0.0009855  0.0000546  0.1021592  0.1821049  0.5075881  0.2072279  0.3412274 -0.0077542 -0.0360857 -0.2003447 
 0.0002266  0.0001145 -0.0000297  0.7066514 -0.0000139  0.0000014  0.0000177 -0.0827786 -0.1986471 -0.4809318 -0.1995894 -0.3854467 -0.0002301  0.0718443  0.1716646 
 0.0000026  0.0000062 -0.0000067 -0.0000072  0.7070551 -0.0000034 -0.0000193 -0.1125601 -0.1873815 -0.0511483 -0.0135373  0.3524689 -0.0066203  0.5555286  0.1288488 
-0.0000089 -0.0000037  0.0000035 -0.0000095  0.7070475 -0.0000052 -0.0000193  0.1055897  0.1946382  0.0480301  0.0259549 -0.3570777  0.0042979 -0.5510009 -0.1301738 
-0.0000101 -0.0000123 -0.0000046  0.0000021 -0.0000103  0.7070435  0.0000185  0.5429991 -0.0232484 -0.2358005  0.3213357  0.0699837  0.1769013  0.0239230  0.0952803 
 0.0000100 -0.0000054  0.0000282 -0.0000046 -0.0000100  0.7070456  0.0000003 -0.5379020  0.0192082  0.2430685 -0.3193956 -0.0807024 -0.1788892 -0.0150081 -0.1026826 
 0.0000000  0.0000000  0.0000000  0.0000000  0.0000000  0.0000000  0.7071042  0.1307280 -0.0689770 -0.1757374  0.0141716  0.1375171 -0.6317160 -0.0714427 -0.1548917 
 0.0000000  0.0000000  0.0000000  0.0000000  0.0000000  0.0000000  0.7071042 -0.1327143  0.0699892  0.1749126 -0.0115034 -0.1374438  0.6312409  0.0710968  0.1560597 
