::::::::::::::
run.001.012
::::::::::::::
 0.2886751 -0.1124976  0.0707221  0.0852707  0.3050786 -0.2206243 -0.2087194 -0.3360120  0.3388711  0.4726889 -0.1795267  0.4722543 
 0.2886751  0.2390446  0.0057121  0.2728068  0.0449436 -0.2933961 -0.3442914 -0.0926245  0.1365200 -0.5317190 -0.4332366 -0.2842436 
 0.2886751 -0.3949194  0.0814371  0.1670493 -0.4184022  0.5093572 -0.3975024 -0.2443700 -0.0651516  0.1308277  0.0286628 -0.2274988 
 0.2886751  0.0863554 -0.3162811  0.1479144 -0.1787798  0.4225453  0.5212974 -0.0078336  0.2692408 -0.2290019 -0.2482191  0.3441406 
 0.2886751 -0.3393203 -0.4676282 -0.1604344 -0.2385760 -0.3862652  0.0340353  0.4628864  0.1054424  0.2507096 -0.1250612 -0.2143777 
 0.2886751 -0.3814600  0.2814175  0.3207254  0.3028504 -0.0805141  0.2335324  0.1698437  0.2575952 -0.2498179  0.5151669 -0.1155333 
 0.2886751  0.1995653  0.1729989 -0.4063762  0.3047557  0.4081442 -0.3312782  0.5407243  0.1018014 -0.0245974 -0.0424873  0.0860849 
 0.2886751  0.1247352 -0.0977859  0.4528336  0.0539757 -0.0661567 -0.0711103  0.2387728 -0.7085303  0.0735619  0.0758054  0.3224210 
 0.2886751 -0.3636542  0.0789377 -0.4864639  0.2684260 -0.0382697  0.2547838 -0.3148661 -0.4445245 -0.2165796 -0.2396385 -0.0451240 
 0.2886751  0.4321417 -0.2915216  0.0274150  0.3073889  0.1415084  0.1760691 -0.2529949 -0.0208192  0.3454419  0.2062985 -0.5218638 
 0.2886751  0.2258280 -0.1734699 -0.3583691 -0.3288160 -0.2152714 -0.1911470 -0.2394259  0.0418794 -0.2622860  0.5611775  0.2708438 
 0.2886751  0.2841814  0.6554613 -0.0623716 -0.4228449 -0.1810574  0.3243308  0.0758999 -0.0123247  0.2407717 -0.1189419 -0.0871033 
::::::::::::::
run.002.012
::::::::::::::
 0.4082483  0.0000000 -0.0986824 -0.0413782 -0.2523887  0.2260538  0.2055790 -0.3464796 -0.1900430  0.0921626 -0.4603566  0.5368736 
 0.4082483  0.0000000 -0.0226579  0.2849105  0.4403998 -0.1209447  0.1801610 -0.0961423  0.1064894  0.6485947 -0.0264151 -0.2620156 
 0.4082483  0.0000000  0.2332819 -0.4558561  0.1215662 -0.2360824 -0.4292846 -0.4775067 -0.0836808 -0.1462533  0.2211957 -0.1047704 
 0.4082483  0.0000000 -0.5235350  0.1057961 -0.1156543  0.4440501  0.0116349  0.0738313 -0.2093558 -0.2432111  0.3337603 -0.3428285 
 0.4082483  0.0000000  0.4208389  0.3238894  0.1259411  0.2365948 -0.2663433  0.3813414  0.3161311 -0.2095337  0.0977516  0.3312502 
 0.4082483  0.0000000 -0.0092455 -0.2173618 -0.3198641 -0.5496717  0.2982529  0.4649559  0.0604591 -0.1417592 -0.1659358 -0.1585093 
 0.0000000  0.4082483  0.4898673 -0.0731349  0.1175647  0.1724802  0.2549391  0.1816691 -0.6574435  0.0295585  0.0645210 -0.0957994 
 0.0000000  0.4082483  0.1386721  0.0463110 -0.0142366  0.2219558  0.0061657 -0.2110669  0.3584030 -0.2744462 -0.5262969 -0.4869728 
 0.0000000  0.4082483 -0.2958782  0.2517146  0.4377861 -0.3719387  0.2020297 -0.1532413 -0.0317941 -0.4387853  0.0914415  0.2936500 
 0.0000000  0.4082483  0.1471990  0.2283836 -0.5717529 -0.0908760  0.1465912 -0.2689738  0.2430015  0.1950201  0.4806432  0.0490979 
 0.0000000  0.4082483 -0.2240576 -0.6267772  0.1927566  0.2524691  0.0610234  0.2376316  0.3384625  0.2360008  0.1228143  0.2094203 
 0.0000000  0.4082483 -0.2558027  0.1735031 -0.1621180 -0.1840904 -0.6707490  0.2139814 -0.2506294  0.2526521 -0.2331231  0.0306041 
::::::::::::::
run.003.012
::::::::::::::
 0.5000000  0.0000000  0.0000000  0.1459800  0.4070392  0.0662387  0.1712208 -0.2593022  0.5795369 -0.0169843 -0.3119270  0.1691664 
 0.5000000  0.0000000  0.0000000 -0.1489081 -0.0470728  0.2471112 -0.7038328  0.2812499 -0.1309915  0.2322793 -0.1051326  0.0888775 
 0.5000000  0.0000000  0.0000000  0.3092987 -0.4963796 -0.0154506  0.4157052  0.2533887 -0.1852895 -0.1650735  0.1397879  0.2992727 
 0.5000000  0.0000000  0.0000000 -0.3063706  0.1364132 -0.2978993  0.1169068 -0.2753364 -0.2632559 -0.0502215  0.2772717 -0.5573165 
 0.0000000  0.5000000  0.0000000 -0.6491995 -0.0906531  0.0212435  0.2040736 -0.1955404 -0.1024758  0.1240856 -0.0945447  0.4529364 
 0.0000000  0.5000000  0.0000000  0.0846305 -0.4004835 -0.2263377 -0.1366702  0.0947314  0.5746524  0.2156502  0.2186204 -0.2811473 
 0.0000000  0.5000000  0.0000000  0.2403309  0.1481202 -0.0139055  0.1495520  0.2575563 -0.3192166  0.0147555 -0.6053094 -0.3359920 
 0.0000000  0.5000000  0.0000000  0.3242381  0.3430165  0.2189996 -0.2169553 -0.1567472 -0.1529599 -0.3544913  0.4812337  0.1642029 
 0.0000000  0.0000000  0.5000000  0.1877591 -0.3226310 -0.2890998 -0.3157740 -0.5282671 -0.1227307 -0.1937551 -0.2939851  0.0962634 
 0.0000000  0.0000000  0.5000000  0.1489188 -0.0163399  0.5087714  0.2355153 -0.1871314 -0.0912791  0.5681877  0.1632670 -0.1428177 
 0.0000000  0.0000000  0.5000000  0.0068320  0.3898132 -0.5452533  0.0219189  0.4103680 -0.0175441  0.1986101  0.1625253  0.2562171 
 0.0000000  0.0000000  0.5000000 -0.3435099 -0.0508423  0.3255817  0.0583398  0.3050305  0.2315539 -0.5730428 -0.0318072 -0.2096628 
::::::::::::::
run.004.012
::::::::::::::
 0.5773503  0.0000000  0.0000000  0.0000000  0.2027052 -0.3256957  0.2584162  0.4014934 -0.2835851  0.1138721  0.3348428  0.2932859 
 0.5773503  0.0000000  0.0000000  0.0000000 -0.2939558  0.1666984  0.2048740 -0.6358274  0.2655840 -0.0939784  0.0810086  0.1424404 
 0.5773503  0.0000000  0.0000000  0.0000000  0.0912506  0.1589973 -0.4632902  0.2343339  0.0180011 -0.0198937 -0.4158514 -0.4357264 
 0.0000000  0.5773503  0.0000000  0.0000000  0.0184174 -0.1715141  0.5176329  0.2103208  0.3412242 -0.1664322 -0.4182801 -0.0750998 
 0.0000000  0.5773503  0.0000000  0.0000000  0.3062487  0.4607288 -0.1940011  0.0177894  0.2041000  0.3144749  0.4251817  0.0363831 
 0.0000000  0.5773503  0.0000000  0.0000000 -0.3246661 -0.2892147 -0.3236318 -0.2281102 -0.5453242 -0.1480427 -0.0069016  0.0387167 
 0.0000000  0.0000000  0.5773503  0.0000000  0.1583495 -0.2174919 -0.3028443  0.0543215  0.3375615 -0.5640218  0.2251833  0.1297999 
 0.0000000  0.0000000  0.5773503  0.0000000 -0.0168227 -0.3307111  0.1173229 -0.2063974  0.0187224  0.5616263  0.0448566 -0.4276243 
 0.0000000  0.0000000  0.5773503  0.0000000 -0.1415269  0.5482030  0.1855215  0.1520759 -0.3562840  0.0023955 -0.2700399  0.2978244 
 0.0000000  0.0000000  0.0000000  0.5773503 -0.0082286  0.1958021  0.2797799  0.0286735 -0.2237292 -0.3474177  0.3290432 -0.5197482 
 0.0000000  0.0000000  0.0000000  0.5773503  0.5605086 -0.1180710 -0.0728849 -0.3407703 -0.0842639  0.0879892 -0.3441809  0.2895107 
 0.0000000  0.0000000  0.0000000  0.5773503 -0.5522800 -0.0777311 -0.2068951  0.3120967  0.3079931  0.2594285  0.0151377  0.2302376 

::::::::::::::
run.005.012
::::::::::::::
 0.5544539 -0.1010503  0.0000000  0.0000000  0.0443449 -0.0612206 -0.3694967 -0.2446273 -0.2145217 -0.1944120  0.0038545 -0.6296463 
 0.5544539  0.1010503  0.0000000  0.0000000  0.0443449 -0.2676856  0.1595057  0.1157724 -0.2241332 -0.4186853  0.1431376  0.5691053 
 0.6206140  0.0000000  0.0000000  0.0000000 -0.0792352  0.2938434  0.1876051  0.1151184  0.3918925  0.5477386 -0.1313221  0.0540871 
 0.0000000  0.6998492  0.0000000  0.0000000  0.0000000 -0.4386641  0.2436493 -0.0526627  0.3966903 -0.0858498  0.0222489 -0.3006963 
 0.0000000  0.6998492  0.0000000  0.0000000  0.0000000  0.4684753 -0.3200312  0.0006250 -0.3953025  0.1182324 -0.0423598  0.1276101 
 0.0000000  0.0000000  0.5544539 -0.1010503  0.0443449 -0.0946625 -0.3186235 -0.3983597  0.2653028 -0.0881192 -0.5002335  0.2878312 
 0.0000000  0.0000000  0.5544539  0.1010503  0.0443449 -0.2248366 -0.0363016  0.7007148 -0.2377354  0.1438705 -0.1552146 -0.1903268 
 0.0000000  0.0000000  0.6206140  0.0000000 -0.0792352  0.2854391  0.3170886 -0.2701228 -0.0246286 -0.0498080  0.5855745 -0.0871100 
 0.0000000  0.0000000  0.0000000  0.6998492  0.0000000  0.2536372  0.3973287 -0.0966173 -0.0926189 -0.2774198 -0.4265728 -0.1056878 
 0.0000000  0.0000000  0.0000000  0.6998492  0.0000000 -0.2348416 -0.4380928 -0.0620766  0.1652519  0.2439232  0.3767560  0.1747284 
 0.0000000  0.0000000  0.0000000  0.0000000  0.6998492  0.3363524 -0.1579238  0.2810881  0.4018185 -0.3375162  0.1293774 -0.0318422 
 0.0000000  0.0000000  0.0000000  0.0000000  0.6998492 -0.2296822  0.2508591 -0.3096309 -0.3341898  0.4292061 -0.0457305  0.0257613 
::::::::::::::
run.006.012
::::::::::::::
 0.7071068  0.0000000  0.0000000  0.0000000  0.0000000  0.0000000 -0.2845086  0.3045932 -0.0442136 -0.3583413 -0.0970089  0.4318609 
 0.7071068  0.0000000  0.0000000  0.0000000  0.0000000  0.0000000  0.2845086 -0.3045932  0.0442136  0.3583413  0.0970089 -0.4318609 
 0.0000000  0.7071068  0.0000000  0.0000000  0.0000000  0.0000000  0.4711979 -0.2109366  0.1818025 -0.0785917  0.0868217  0.4321013 
 0.0000000  0.7071068  0.0000000  0.0000000  0.0000000  0.0000000 -0.4711979  0.2109366 -0.1818025  0.0785917 -0.0868217 -0.4321013 
 0.0000000  0.0000000  0.7071068  0.0000000  0.0000000  0.0000000 -0.1795070 -0.5257750 -0.1628877 -0.0973440 -0.3882226  0.0679175 
 0.0000000  0.0000000  0.7071068  0.0000000  0.0000000  0.0000000  0.1795070  0.5257750  0.1628877  0.0973440  0.3882226 -0.0679175 
 0.0000000  0.0000000  0.0000000  0.7071068  0.0000000  0.0000000 -0.2510860  0.0079644  0.3501882  0.4898357 -0.1217696  0.2439134 
 0.0000000  0.0000000  0.0000000  0.7071068  0.0000000  0.0000000  0.2510860 -0.0079644 -0.3501882 -0.4898357  0.1217696 -0.2439134 
 0.0000000  0.0000000  0.0000000  0.0000000  0.7071068  0.0000000  0.2797696  0.2573527  0.1545994 -0.0401658 -0.5571578 -0.1398552 
 0.0000000  0.0000000  0.0000000  0.0000000  0.7071068  0.0000000 -0.2797696 -0.2573527 -0.1545994  0.0401658  0.5571578  0.1398552 
 0.0000000  0.0000000  0.0000000  0.0000000  0.0000000  0.7071068  0.1532629  0.1414056 -0.5403035  0.3382111 -0.0841533  0.2076502 
 0.0000000  0.0000000  0.0000000  0.0000000  0.0000000  0.7071068 -0.1532629 -0.1414056  0.5403035 -0.3382111  0.0841533 -0.2076502 
::::::::::::::
run.007.012
::::::::::::::
 0.7071068  0.0000000  0.0000000  0.0000000  0.0000000  0.0000000 -0.2020305 -0.0459815 -0.2763585  0.0323036 -0.5614470  0.2538287 
 0.7071068  0.0000000  0.0000000  0.0000000  0.0000000  0.0000000  0.2020305  0.0459815  0.2763585 -0.0323036  0.5614470 -0.2538287 
 0.0000000  0.7071068  0.0000000  0.0000000  0.0000000  0.0000000 -0.2020305 -0.5784151 -0.0794753 -0.2831661  0.1785799  0.0789274 
 0.0000000  0.7071068  0.0000000  0.0000000  0.0000000  0.0000000  0.2020305  0.5784151  0.0794753  0.2831661 -0.1785799 -0.0789274 
 0.0000000  0.0000000  0.7071068  0.0000000  0.0000000 -0.1515229 -0.0505076  0.1589581 -0.6066457  0.0347386  0.2739355 -0.0703963 
 0.0000000  0.0000000  0.7071068  0.0000000  0.0000000  0.1515229  0.0505076 -0.1589581  0.6066457 -0.0347386 -0.2739355  0.0703963 
 0.0000000  0.0000000  0.0000000  0.7071068  0.0000000 -0.1515229  0.0505076 -0.2657016 -0.0515189  0.2381182 -0.2058672 -0.5496878 
 0.0000000  0.0000000  0.0000000  0.7071068  0.0000000  0.1515229 -0.0505076  0.2657016  0.0515189 -0.2381182  0.2058672  0.5496878 
 0.0000000  0.0000000  0.0000000  0.0000000  0.7071068 -0.2020305  0.0000000  0.1988423  0.0215628 -0.5812631 -0.1653681 -0.2323079 
 0.0000000  0.0000000  0.0000000  0.0000000  0.7071068  0.2020305  0.0000000 -0.1988423 -0.0215628  0.5812631  0.1653681  0.2323079 
 0.0000000  0.0000000  0.0000000  0.0000000  0.0000000  0.9091373  0.0000000  0.0527932 -0.2098047 -0.1673869 -0.0508075 -0.3099427 
 0.0000000  0.0000000  0.0000000  0.0000000  0.0000000  0.0000000  0.9091373 -0.2303252 -0.2198291 -0.1340922 -0.1168518  0.2011462 
::::::::::::::
run.008.012
::::::::::::::
 0.7071068 -0.2357023  0.0000000  0.0000000  0.0000000  0.0000000  0.0000000  0.0000000  0.2906451 -0.3288940 -0.0764780  0.4959332 
 0.7071068  0.2357023  0.0000000  0.0000000  0.0000000  0.0000000  0.0000000  0.0000000 -0.2906451  0.3288940  0.0764780 -0.4959332 
 0.0000000  0.9428090  0.0000000  0.0000000  0.0000000  0.0000000  0.0000000  0.0000000  0.1453226 -0.1644470 -0.0382390  0.2479666 
 0.0000000  0.0000000  0.7071068 -0.2357023  0.0000000  0.0000000  0.0000000  0.0000000 -0.2501524 -0.3584245  0.5032076 -0.0134973 
 0.0000000  0.0000000  0.7071068  0.2357023  0.0000000  0.0000000  0.0000000  0.0000000  0.2501524  0.3584245 -0.5032076  0.0134973 
 0.0000000  0.0000000  0.0000000  0.9428090  0.0000000  0.0000000  0.0000000  0.0000000 -0.1250762 -0.1792123  0.2516038 -0.0067487 
 0.0000000  0.0000000  0.0000000  0.0000000  0.7071068 -0.2357023  0.0000000  0.0000000  0.3632762 -0.3326451 -0.0682561 -0.4440306 
 0.0000000  0.0000000  0.0000000  0.0000000  0.7071068  0.2357023  0.0000000  0.0000000 -0.3632762  0.3326451  0.0682561  0.4440306 
 0.0000000  0.0000000  0.0000000  0.0000000  0.0000000  0.9428090  0.0000000  0.0000000  0.1816381 -0.1663226 -0.0341280 -0.2220153 
 0.0000000  0.0000000  0.0000000  0.0000000  0.0000000  0.0000000  0.7071068 -0.2357023  0.4067236  0.3116926  0.4251103  0.0339022 
 0.0000000  0.0000000  0.0000000  0.0000000  0.0000000  0.0000000  0.7071068  0.2357023 -0.4067236 -0.3116926 -0.4251103 -0.0339022 
 0.0000000  0.0000000  0.0000000  0.0000000  0.0000000  0.0000000  0.0000000  0.9428090  0.2033618  0.1558463  0.2125552  0.0169511 

::::::::::::::
run.009.012
::::::::::::::
 0.7071067 -0.2033894  0.0821239  0.0000000  0.0000000  0.0000000  0.0000000  0.0000000  0.0000000  0.0586938  0.3505087  0.5706025 
 0.7071068  0.2033894 -0.0821239  0.0000000  0.0000000  0.0000000  0.0000000  0.0000000  0.0000000 -0.0586938 -0.3505086 -0.5706024 
 0.0000000  0.9577398  0.0348803  0.0000000  0.0000000  0.0000000  0.0000000  0.0000000  0.0000000  0.0249289  0.1488708  0.2423508 
 0.0000000  0.0000000  0.9926201  0.0000000  0.0000000  0.0000000  0.0000000  0.0000000  0.0000000 -0.0105880 -0.0632296 -0.1029331 
 0.0000000  0.0000000  0.0000000  0.7071068 -0.2033894  0.0821239  0.0000000  0.0000000  0.0000000  0.5489494 -0.3532371  0.1605193 
 0.0000000  0.0000000  0.0000000  0.7071068  0.2033894 -0.0821239  0.0000000  0.0000000  0.0000000 -0.5489495  0.3532372 -0.1605194 
 0.0000000  0.0000000  0.0000000  0.0000000  0.9577398  0.0348803  0.0000000  0.0000000  0.0000000  0.2331541 -0.1500297  0.0681770 
 0.0000000  0.0000000  0.0000000  0.0000000  0.0000000  0.9926201  0.0000000  0.0000000  0.0000000 -0.0990270  0.0637218 -0.0289567 
 0.0000000  0.0000000  0.0000000  0.0000000  0.0000000  0.0000000  0.7071068 -0.2033894  0.0821239  0.3835335  0.4519465 -0.3170723 
 0.0000000  0.0000000  0.0000000  0.0000000  0.0000000  0.0000000  0.7071068  0.2033894 -0.0821239 -0.3835335 -0.4519465  0.3170723 
 0.0000000  0.0000000  0.0000000  0.0000000  0.0000000  0.0000000  0.0000000  0.9577398  0.0348803  0.1628974  0.1919543 -0.1346694 
 0.0000000  0.0000000  0.0000000  0.0000000  0.0000000  0.0000000  0.0000000  0.0000000  0.9926201 -0.0691871 -0.0815283  0.0571979 
::::::::::::::
run.010.012
::::::::::::::
 0.7469864  0.1665479  0.0464890 -0.0150612 -0.0026141 -0.0049470 -0.0111471 -0.0012620  0.0012810 -0.0000896 -0.2282768  0.5996799 
 0.6647806 -0.1898578 -0.0521054  0.0167900  0.0029032  0.0095095  0.0094405  0.0026719 -0.0015506  0.0000803  0.2450845 -0.6773182 
 0.0018621  0.9675716 -0.0182416  0.0058670  0.0010203  0.0019964 -0.0008503  0.0001412 -0.0005194  0.0000320  0.0878729 -0.2360231 
-0.0000667  0.0000102  0.9973899  0.0016972  0.0002869 -0.0000906 -0.0000756  0.0002069 -0.0001666  0.0000062  0.0235637 -0.0682280 
 0.0000309  0.0000238 -0.0000197  0.9997092 -0.0001104 -0.0000062 -0.0000241 -0.0000101 -0.0000104 -0.0000131 -0.0136870  0.0198534 
 0.0000003  0.0000009  0.0000012  0.0000003  0.9999884 -0.0000001  0.0000008  0.0000003  0.0000009 -0.0000049 -0.0038339  0.0028990 
-0.0074711  0.0000453 -0.0005874 -0.0039547 -0.0016893  0.7410216 -0.1814965  0.0539912 -0.0064324 -0.0011020 -0.6059267 -0.2185557 
 0.0043284  0.0009932  0.0019182  0.0040062  0.0018005  0.6713924  0.2010027 -0.0599012  0.0071318  0.0012139  0.6630927  0.2558419 
-0.0001803  0.0044470  0.0006004 -0.0018910 -0.0007531 -0.0006255  0.9625189  0.0229678 -0.0026720 -0.0004630 -0.2576732 -0.0812542 
-0.0001675  0.0005376  0.0001274  0.0004435  0.0002056  0.0001917 -0.0003076  0.9964740  0.0008457  0.0001430  0.0776664  0.0317175 
-0.0000044 -0.0000006  0.0000004 -0.0000003 -0.0000184 -0.0000014 -0.0000004 -0.0000010  0.9999478 -0.0000168 -0.0086594 -0.0054268 
 0.0000000  0.0000000  0.0000000  0.0000000  0.0000000  0.0000000  0.0000000  0.0000000  0.0000000  0.9999985 -0.0016465 -0.0004773 
::::::::::::::
run.011.012
::::::::::::::
 1.0000000  0.0000000  0.0000000  0.0000000  0.0000000  0.0000000  0.0000000  0.0000000  0.0000000  0.0000000  0.0000000  0.0000000 
 0.0000000  1.0000000  0.0000000  0.0000000  0.0000000  0.0000000  0.0000000  0.0000000  0.0000000  0.0000000  0.0000000  0.0000000 
 0.0000000  0.0000000  1.0000000  0.0000000  0.0000000  0.0000000  0.0000000  0.0000000  0.0000000  0.0000000  0.0000000  0.0000000 
 0.0000000  0.0000000  0.0000000  1.0000000  0.0000000  0.0000000  0.0000000  0.0000000  0.0000000  0.0000000  0.0000000  0.0000000 
 0.0000000  0.0000000  0.0000000  0.0000000  1.0000000  0.0000000  0.0000000  0.0000000  0.0000000  0.0000000  0.0000000  0.0000000 
 0.0000000  0.0000000  0.0000000  0.0000000  0.0000000  1.0000000  0.0000000  0.0000000  0.0000000  0.0000000  0.0000000  0.0000000 
 0.0000000  0.0000000  0.0000000  0.0000000  0.0000000  0.0000000  1.0000000  0.0000000  0.0000000  0.0000000  0.0000000  0.0000000 
 0.0000000  0.0000000  0.0000000  0.0000000  0.0000000  0.0000000  0.0000000  1.0000000  0.0000000  0.0000000  0.0000000  0.0000000 
 0.0000000  0.0000000  0.0000000  0.0000000  0.0000000  0.0000000  0.0000000  0.0000000  1.0000000  0.0000000  0.0000000  0.0000000 
 0.0000000  0.0000000  0.0000000  0.0000000  0.0000000  0.0000000  0.0000000  0.0000000  0.0000000  1.0000000  0.0000000  0.0000000 
 0.0000000  0.0000000  0.0000000  0.0000000  0.0000000  0.0000000  0.0000000  0.0000000  0.0000000  0.0000000  1.0000000  0.0000000 
 0.0000000  0.0000000  0.0000000  0.0000000  0.0000000  0.0000000  0.0000000  0.0000000  0.0000000  0.0000000  0.0000000  1.0000000 
