 0.2581989 -0.0361183  0.2553226 -0.2800752 -0.1447037 -0.0952534 -0.0038799 -0.1740057  0.5770673  0.2777551 -0.3079496  0.0345736 -0.0937490 -0.0212817  0.4611582 
 0.2581989  0.0491185 -0.0124156 -0.1599445  0.5184917  0.0291669  0.1351015 -0.5398331 -0.0703270 -0.0039939 -0.2373503 -0.2783433  0.3607641  0.0179956 -0.2378679 
 0.2581989 -0.0203006 -0.4878812  0.1695882  0.0474158 -0.2275585 -0.2680580 -0.1704238  0.2451388 -0.1039690 -0.1052460  0.5998461 -0.0444328 -0.0882764 -0.2442149 
 0.2581989 -0.3806803  0.0137923  0.3522016  0.0630436 -0.3927768  0.1839491  0.1059973 -0.2154174 -0.0524034 -0.3352935 -0.1786247 -0.3307287  0.3938538  0.0536403 
 0.2581989  0.4758186  0.2726915  0.0820164  0.1516787 -0.3604089 -0.5707699  0.0973272 -0.0503477 -0.1968036  0.1481768 -0.2430264 -0.0824935 -0.0530077  0.0760988 
 0.2581989  0.0689579  0.1169881 -0.1703633 -0.1915014  0.1655710  0.1114607  0.2403756 -0.1899630 -0.2123947 -0.4843699 -0.0207815 -0.2072222 -0.5670342 -0.2662058 
 0.2581989 -0.0741666 -0.4274159 -0.1230206 -0.1577165  0.0944858 -0.2540556  0.3325572 -0.2395387  0.0846817 -0.1897110 -0.1244860  0.5257914  0.0891608  0.3473193 
 0.2581989 -0.2423413  0.2129357 -0.1380036  0.4111221  0.3437855  0.0357220  0.1813258  0.0259316 -0.5124891  0.1824136  0.3189202 -0.0231693  0.1125993  0.2780911 
 0.2581989  0.0168064  0.4271413  0.2708322 -0.3458957  0.2900980 -0.1204102  0.0456303  0.1400063  0.0495039 -0.0567269  0.1081864  0.3146445  0.3834020 -0.4170093 
 0.2581989 -0.0391443 -0.0639793  0.0196482  0.4032595  0.2639488 -0.1072627  0.3189232  0.0203458  0.6656040  0.1545083 -0.0267023 -0.2804245 -0.0512945 -0.1803322 
 0.2581989 -0.5794553 -0.0080101 -0.0997495 -0.2951744  0.0252750 -0.2660218 -0.3221773 -0.0680988 -0.0396233  0.4159298 -0.2684903 -0.0998228 -0.2393536 -0.0816786 
 0.2581989  0.1243677 -0.2053629  0.4645174 -0.0161473  0.0388277  0.4123652  0.1509236  0.4320750 -0.1551258  0.2400239 -0.3181938  0.1489529 -0.2592172  0.0795753 
 0.2581989  0.0585648  0.2803787  0.1189470 -0.0558188 -0.2981644  0.3146047 -0.0882015 -0.4158067  0.2817072  0.2364740  0.4079585  0.2509963 -0.2584093  0.1843660 
 0.2581989  0.1633678 -0.1485931 -0.5933782 -0.1596028 -0.2900350  0.3155029  0.2050947  0.0723771 -0.0708055  0.2886751 -0.0236744 -0.0555898  0.3162034 -0.2899085 
 0.2581989  0.4152051 -0.2255922  0.0867841 -0.2284510  0.4130384  0.0817519 -0.3835135 -0.2634426 -0.0116436  0.0504456  0.0128379 -0.3835167  0.2246597  0.2369682 
