 0.5773503  0.0000000  0.0000000  0.0000000  0.0000000  0.0000000  0.1970487 -0.3652319  0.0588613 -0.3020938  0.4626375  0.0722260  0.3458790  0.1730302 -0.0624637  0.1205956 -0.0004196  0.1115882 
 0.5773503  0.0000000  0.0000000  0.0000000  0.0000000  0.0000000  0.0783785 -0.0511840  0.1670083  0.2398704 -0.4821126 -0.2650019 -0.3523224  0.3322709 -0.0178410  0.0259158 -0.1837009 -0.0233371 
 0.5773503  0.0000000  0.0000000  0.0000000  0.0000000  0.0000000 -0.2754272  0.4164158 -0.2258696  0.0622234  0.0194751  0.1927759  0.0064433 -0.5053010  0.0803046 -0.1465114  0.1841205 -0.0882511 
 0.0000000  0.5773503  0.0000000  0.0000000  0.0000000  0.0000000 -0.0358384  0.1907180  0.2609474 -0.0686937 -0.0031668 -0.2979814  0.3129346  0.1798213 -0.0444195 -0.2270060  0.2727494 -0.4574196 
 0.0000000  0.5773503  0.0000000  0.0000000  0.0000000  0.0000000  0.3446072  0.0967318 -0.3926110  0.1557257  0.0704740  0.1668173 -0.2098669  0.1741492  0.2782841  0.1174506  0.2038858  0.3466826 
 0.0000000  0.5773503  0.0000000  0.0000000  0.0000000  0.0000000 -0.3087688 -0.2874498  0.1316636 -0.0870320 -0.0673072  0.1311641 -0.1030677 -0.3539705 -0.2338646  0.1095554 -0.4766352  0.1107370 
 0.0000000  0.0000000  0.5773503  0.0000000  0.0000000  0.0000000 -0.0181688 -0.1082134  0.2992444 -0.1465940  0.1038537 -0.3490282 -0.2787628 -0.3006630  0.2445492  0.2580886  0.3237320  0.1079801 
 0.0000000  0.0000000  0.5773503  0.0000000  0.0000000  0.0000000  0.1450453  0.0997733  0.1773648  0.3105959  0.1073078  0.5669271 -0.0009518  0.1539867 -0.0863433  0.0561572 -0.1587621 -0.3395548 
 0.0000000  0.0000000  0.5773503  0.0000000  0.0000000  0.0000000 -0.1268765  0.0084401 -0.4766092 -0.1640019 -0.2111615 -0.2178989  0.2797146  0.1466764 -0.1582059 -0.3142459 -0.1649699  0.2315747 
 0.0000000  0.0000000  0.0000000  0.5773503  0.0000000  0.0000000  0.2758749  0.2407845  0.1993221 -0.4777487 -0.0231929  0.1216832 -0.2010094 -0.0243367  0.1762247 -0.3441152 -0.2372161  0.0502575 
 0.0000000  0.0000000  0.0000000  0.5773503  0.0000000  0.0000000 -0.1569876 -0.1991253  0.0835395  0.1030128 -0.4043045  0.2452240  0.2788113  0.0221688 -0.1453470  0.2102491  0.4335370  0.1722536 
 0.0000000  0.0000000  0.0000000  0.5773503  0.0000000  0.0000000 -0.1188873 -0.0416592 -0.2828615  0.3747358  0.4274974 -0.3669072 -0.0778019  0.0021678 -0.0308777  0.1338661 -0.1963209 -0.2225112 
 0.0000000  0.0000000  0.0000000  0.0000000  0.5773503  0.0000000 -0.2987272  0.0714026 -0.2062579 -0.3962082  0.0399149  0.1175973 -0.3390803  0.2977982 -0.1850910  0.2345757  0.1402986 -0.2115597 
 0.0000000  0.0000000  0.0000000  0.0000000  0.5773503  0.0000000 -0.0924529 -0.2553559  0.2094195  0.3398560  0.1700875  0.0340237 -0.0460445 -0.0191931  0.0821217 -0.5690792  0.1047690  0.2437342 
 0.0000000  0.0000000  0.0000000  0.0000000  0.5773503  0.0000000  0.3911801  0.1839533 -0.0031616  0.0563522 -0.2100025 -0.1516210  0.3851247 -0.2786051  0.1029693  0.3345035 -0.2450676 -0.0321745 
 0.0000000  0.0000000  0.0000000  0.0000000  0.0000000  0.5773503  0.4109449 -0.1112076 -0.1173794 -0.0018652 -0.0163081 -0.0554949 -0.1956882 -0.2468766 -0.5496345 -0.1326398  0.1966125 -0.1034746 
 0.0000000  0.0000000  0.0000000  0.0000000  0.0000000  0.5773503 -0.2659657  0.4546225  0.2778904  0.0750388  0.1739569 -0.0454144  0.1151520  0.2272677 -0.0453764  0.1657618 -0.1143825  0.4080932 
 0.0000000  0.0000000  0.0000000  0.0000000  0.0000000  0.5773503 -0.1449792 -0.3434149 -0.1605110 -0.0731736 -0.1576488  0.1009094  0.0805362  0.0196089  0.5950109 -0.0331220 -0.0822301 -0.3046186 
