 0.5773503  0.0000000  0.0000000 -0.1412328 -0.3920584  0.1211296  0.1453009 -0.6703182  0.0888758 
 0.5773503  0.0000000  0.0000000 -0.2289944  0.4783171  0.1712212 -0.5149559  0.2133410  0.2131438 
 0.5773503  0.0000000  0.0000000  0.3702272 -0.0862587 -0.2923508  0.3696551  0.4569773 -0.3020196 
 0.0000000  0.5773503  0.0000000 -0.6642622 -0.1160611 -0.3881350  0.0132677  0.1113062 -0.2207677 
 0.0000000  0.5773503  0.0000000  0.5767134  0.0382725 -0.3217179 -0.3659196 -0.2591446  0.1674754 
 0.0000000  0.5773503  0.0000000  0.0875488  0.0777887  0.7098529  0.3526520  0.1478384  0.0532923 
 0.0000000  0.0000000  0.5773503  0.0144557 -0.6242116  0.1365173 -0.3153969  0.3448044  0.1995379 
 0.0000000  0.0000000  0.5773503 -0.0732805  0.3601487 -0.2738604  0.4487429 -0.0813130  0.4986061 
 0.0000000  0.0000000  0.5773503  0.0588248  0.2640629  0.1373432 -0.1333460 -0.2634915 -0.6981440 
