 0.7071068  0.0000000  0.0000000  0.0000000  0.0000000  0.0000000  0.0000000  0.0000000  0.0000000 -0.1682962  0.0000000 -0.0429991  0.2422243  0.2053725 -0.1983377  0.3939662 -0.2116831 -0.2527509 -0.2521173 -0.0466254 
 0.7071068  0.0000000  0.0000000  0.0000000  0.0000000  0.0000000  0.0000000  0.0000000  0.0000000  0.1682962  0.0000000  0.0429991 -0.2422243 -0.2053725  0.1983377 -0.3939662  0.2116831  0.2527509  0.2521173  0.0466254 
 0.0000000  0.7071068  0.0000000  0.0000000  0.0000000  0.0000000  0.0000000  0.0000000  0.0000000 -0.1682962  0.0000000 -0.3833279  0.2408142 -0.1534275 -0.2023978 -0.2984977  0.1292001 -0.1054414  0.0278888 -0.2907758 
 0.0000000  0.7071068  0.0000000  0.0000000  0.0000000  0.0000000  0.0000000  0.0000000  0.0000000  0.1682962  0.0000000  0.3833279 -0.2408142  0.1534275  0.2023978  0.2984977 -0.1292001  0.1054414 -0.0278888  0.2907758 
 0.0000000  0.0000000  0.7071068  0.0000000  0.0000000  0.0000000  0.0000000  0.0000000  0.0000000 -0.1682962  0.0000000 -0.2221231  0.1382173 -0.1380736 -0.0260859  0.1822043 -0.1480755  0.0920553  0.4427378  0.3519563 
 0.0000000  0.0000000  0.7071068  0.0000000  0.0000000  0.0000000  0.0000000  0.0000000  0.0000000  0.1682962  0.0000000  0.2221231 -0.1382173  0.1380736  0.0260859 -0.1822043  0.1480755 -0.0920553 -0.4427378 -0.3519563 
 0.0000000  0.0000000  0.0000000  0.7071068  0.0000000  0.0000000  0.0000000  0.0000000  0.0000000 -0.1262221 -0.0420740  0.1830915  0.0575256  0.3704727 -0.0092770 -0.3961237 -0.2528018 -0.2032034  0.2000262  0.0774930 
 0.0000000  0.0000000  0.0000000  0.7071068  0.0000000  0.0000000  0.0000000  0.0000000  0.0000000  0.1262221  0.0420740 -0.1830915 -0.0575256 -0.3704727  0.0092770  0.3961237  0.2528018  0.2032034 -0.2000262 -0.0774930 
 0.0000000  0.0000000  0.0000000  0.0000000  0.7071068  0.0000000  0.0000000  0.0000000  0.0000000 -0.1262221  0.0420740  0.4018525  0.1549020 -0.4143043 -0.2544944 -0.1251873 -0.0865813  0.0089126 -0.1307843  0.1415984 
 0.0000000  0.0000000  0.0000000  0.0000000  0.7071068  0.0000000  0.0000000  0.0000000  0.0000000  0.1262221 -0.0420740 -0.4018525 -0.1549020  0.4143043  0.2544944  0.1251873  0.0865813 -0.0089126  0.1307843 -0.1415984 
 0.0000000  0.0000000  0.0000000  0.0000000  0.0000000  0.7071068  0.0000000  0.0000000  0.0000000  0.0000000 -0.1682962 -0.0636193  0.0857656  0.2206087 -0.2108984 -0.0848456  0.3986083  0.0687056 -0.1727310  0.4080234 
 0.0000000  0.0000000  0.0000000  0.0000000  0.0000000  0.7071068  0.0000000  0.0000000  0.0000000  0.0000000  0.1682962  0.0636193 -0.0857656 -0.2206087  0.2108984  0.0848456 -0.3986083 -0.0687056  0.1727310 -0.4080234 
 0.0000000  0.0000000  0.0000000  0.0000000  0.0000000  0.0000000  0.7071068  0.0000000  0.0000000  0.0000000 -0.1682962  0.2453990 -0.0658485  0.0964884 -0.3362393  0.1870831  0.2164016  0.0421096  0.3567049 -0.2718666 
 0.0000000  0.0000000  0.0000000  0.0000000  0.0000000  0.0000000  0.7071068  0.0000000  0.0000000  0.0000000  0.1682962 -0.2453990  0.0658485 -0.0964884  0.3362393 -0.1870831 -0.2164016 -0.0421096 -0.3567049  0.2718666 
 0.0000000  0.0000000  0.0000000  0.0000000  0.0000000  0.0000000  0.0000000  0.7071068  0.0000000  0.0000000 -0.1682962  0.0872678  0.4176597  0.1178511  0.1666309 -0.0138647 -0.0808233  0.4677487 -0.0449951 -0.1429275 
 0.0000000  0.0000000  0.0000000  0.0000000  0.0000000  0.0000000  0.0000000  0.7071068  0.0000000  0.0000000  0.1682962 -0.0872678 -0.4176597 -0.1178511 -0.1666309  0.0138647  0.0808233 -0.4677487  0.0449951  0.1429275 
 0.0000000  0.0000000  0.0000000  0.0000000  0.0000000  0.0000000  0.0000000  0.0000000  0.7071068  0.0000000 -0.1682962  0.1483389  0.2674159 -0.1181095  0.3738966  0.0765929  0.2694302 -0.3681040  0.1014964  0.0122849 
 0.0000000  0.0000000  0.0000000  0.0000000  0.0000000  0.0000000  0.0000000  0.0000000  0.7071068  0.0000000  0.1682962 -0.1483389 -0.2674159  0.1181095 -0.3738966 -0.0765929 -0.2694302  0.3681040 -0.1014964 -0.0122849 
 0.0000000  0.0000000  0.0000000  0.0000000  0.0000000  0.0000000  0.0000000  0.0000000  0.0000000  0.8754029  0.0000000 -0.0806458  0.3001316 -0.0457564 -0.2401778 -0.0435678 -0.1865193 -0.1583582  0.1039844  0.0687769 
 0.0000000  0.0000000  0.0000000  0.0000000  0.0000000  0.0000000  0.0000000  0.0000000  0.0000000  0.0000000  0.8754029  0.1394567  0.2617093  0.1972611  0.0210299  0.0373855  0.2930126  0.0605322  0.1242618 -0.0040419 
