 0.3545298 -0.0525879  0.0000000 -0.0906308  0.3965064  0.3549780  0.2185473  0.2752733  0.2612611  0.0635077  0.0605624  0.0239908 -0.1940669 -0.0738416  0.1140373 -0.0449463 -0.4743061 -0.1564061 -0.2691873 
 0.3545298  0.0525879  0.0000000 -0.1680530  0.4311226  0.0580735 -0.1946990 -0.2782108 -0.4338003 -0.3264718  0.1552438  0.1367402  0.0882262  0.0564576  0.2028430  0.0421828  0.2341961  0.2203231 -0.2095281 
 0.3545298  0.0000000 -0.0525879 -0.1484166  0.0316340  0.0264364 -0.0262843 -0.1965337  0.0183080 -0.2033517  0.0866502  0.1165409  0.1013070  0.0549245 -0.3187216 -0.1500448 -0.0944397 -0.4685973  0.6163145 
 0.3545298  0.0000000  0.0525879  0.0906012 -0.2437081 -0.1420023  0.1855214 -0.0775945 -0.2289892 -0.0625277 -0.2231332 -0.1771673  0.0524208 -0.5411617 -0.3256339  0.1732170  0.0464832 -0.2052619 -0.3603832 
 0.4071177  0.0000000  0.0000000  0.1093190  0.0003980 -0.3342853 -0.2276709 -0.2082951  0.6746040  0.1590762  0.1705642 -0.0408561  0.0056689 -0.0405174  0.1198855  0.1422504  0.2402696  0.0867600 -0.0513953 
 0.4071177  0.0000000  0.0000000  0.1788658 -0.3450288  0.0685957 -0.0122612  0.1627423 -0.1634865  0.0288176 -0.1654273  0.0168749 -0.2644459  0.6844261 -0.0752534  0.2083193  0.0306642  0.0006462 -0.0910817 
 0.4071177  0.0000000  0.0000000 -0.0125682 -0.1914122  0.0066307  0.0804961  0.2868295 -0.1773982  0.2726384 -0.0742139 -0.0631928  0.2170755 -0.2053409  0.2405427 -0.3683422 -0.0200772  0.4437490  0.3364838 
 0.0000000  0.4071177  0.0000000 -0.3434842  0.1295681  0.0668867  0.2228565  0.2241226  0.1563795 -0.1568571 -0.0260774 -0.4807549  0.2828861  0.1410354 -0.1745778  0.3550726  0.1106131  0.1786351  0.1167768 
 0.0000000  0.4071177  0.0000000 -0.0168738 -0.1612140 -0.3661472  0.2649862 -0.3545883 -0.0734815 -0.0726434  0.1037295  0.1343192 -0.1106271  0.0253272  0.1930681  0.1382334 -0.5785436  0.1781674  0.0526136 
 0.0000000  0.4071177  0.0000000  0.4660337 -0.0271816  0.4899920  0.2431876 -0.1275267  0.1525921 -0.0256925  0.0510145  0.3896965  0.0921619 -0.0996194 -0.1688114  0.0046640  0.2191736  0.1623527  0.0330277 
 0.0000000  0.4071177  0.0000000  0.1278630  0.3369703 -0.1695402  0.1109102 -0.1778599 -0.1494941  0.4611690 -0.1214438 -0.2756984 -0.1007302  0.1800588 -0.0243053 -0.3965988  0.1659895 -0.2643318 -0.0895640 
 0.0000000  0.4071177  0.0000000 -0.0112120 -0.2339590  0.3316434 -0.5452137  0.0037296 -0.0351300 -0.0047059 -0.1249105 -0.1693692 -0.0427794 -0.1925782  0.4156906  0.1314627 -0.0828040 -0.2960699  0.0554727 
 0.0000000  0.4071177  0.0000000 -0.2123260 -0.0486553 -0.3144832 -0.2433474  0.5036168  0.0389160 -0.1508960  0.1054575  0.3872428 -0.1573754 -0.0710548 -0.2525354 -0.2440886  0.0740533 -0.0074161 -0.1760330 
 0.0000000  0.0000000  0.4071177 -0.3156130  0.0581230 -0.0508355  0.1441875 -0.0728568  0.1419020  0.0762626 -0.6444878  0.4050574  0.1480421  0.0535882  0.2042354  0.0803668  0.1188104 -0.0995618  0.0143934 
 0.0000000  0.0000000  0.4071177 -0.0356105  0.2257952  0.0559644 -0.2422608 -0.0148106 -0.1649161  0.3866430  0.0652872  0.0351175 -0.3760201 -0.1745540 -0.3303263  0.3545006 -0.0728500  0.2298250  0.2701910 
 0.0000000  0.0000000  0.4071177 -0.0298287 -0.1505753  0.0680704 -0.1537719 -0.0249420 -0.0614771  0.2705242  0.3610795  0.0641198  0.6145666  0.1944147 -0.1346212 -0.0320869 -0.2230752 -0.1135628 -0.2702552 
 0.0000000  0.0000000  0.4071177  0.5301096  0.2298607 -0.2805616  0.0996074  0.3564638 -0.0924411 -0.2809249  0.0935213 -0.0620442  0.0812382 -0.0210767  0.2699384  0.1419206  0.0344696 -0.2124539  0.1956104 
 0.0000000  0.0000000  0.4071177  0.1259309 -0.0169776  0.0855306 -0.2133426 -0.1830700  0.1987564 -0.4077657 -0.2532170 -0.2999485 -0.1025742  0.0686309 -0.2104039 -0.4342057 -0.1995412  0.2801140 -0.0747103 
 0.0000000  0.0000000  0.4071177 -0.3058626 -0.3106596  0.1435892  0.3382212 -0.0761479  0.0101195 -0.0629296  0.4178319 -0.1043633 -0.3589379 -0.0440059  0.2020705 -0.1522516  0.3239832 -0.1183758 -0.0090679 
