 0.5335478  0.1003851  0.0299953 -0.0279562 -0.0053663 -0.0053177 -0.0007533  0.0003780 -0.0003667 -0.0001561 -0.0001228 -0.0000220  0.2885095 -0.1462408  0.2070778 -0.3100448 -0.1942454 -0.0593264  0.4176688 -0.0335846  0.3120694 -0.3263586  0.1722603 -0.0237713  0.0944207 
 0.5411455 -0.0977441 -0.0291657 -0.0279386  0.0072124 -0.0018013  0.0009476 -0.0001534 -0.0000861  0.0000136  0.0003578  0.0002788 -0.0366862  0.0536029  0.3360719  0.0836573 -0.1562601 -0.1372361 -0.4668745  0.1378534 -0.4297859 -0.0152191 -0.1590206  0.2064620  0.1966473 
 0.6499909 -0.0013713 -0.0003144  0.0465230 -0.0015940  0.0058633 -0.0001706 -0.0001825  0.0003726  0.0000067 -0.0001970 -0.0001041 -0.2061448  0.0753886 -0.4497848  0.1848532  0.2894835  0.1630190  0.0457783 -0.0872852  0.1016405  0.2804220 -0.0090530 -0.1524500 -0.2413953 
 0.0001709  0.6968184 -0.0084646  0.0001736 -0.0001152  0.0000077  0.0002042 -0.0007139  0.0000577  0.0000341  0.0000234  0.0000620 -0.1315247  0.1598711  0.2137734  0.1515781  0.0703463 -0.3739335  0.0217578 -0.2718990 -0.0232980  0.0513989 -0.1594212 -0.3791942  0.1061795 
 0.0001505  0.7034282  0.0000770  0.0000197  0.0018822  0.0004994  0.0000365  0.0006316 -0.0000160 -0.0000288  0.0000437 -0.0000005  0.0835853 -0.1299199 -0.1954897 -0.0939350 -0.0630979  0.3601163 -0.1459064  0.2931492 -0.0809738 -0.0058467  0.1112394  0.4074403 -0.0917385 
-0.0000183  0.0000063  0.7061145  0.0000550  0.0005254  0.0001543  0.0000575 -0.0000151 -0.0000097 -0.0000257  0.0000042 -0.0000236 -0.2392787  0.3784210 -0.0091366  0.1355214  0.0573666 -0.0548868 -0.0858102  0.0724719  0.0800445 -0.4285109  0.2334341  0.0943234 -0.1007947 
-0.0000033 -0.0000320  0.7068099 -0.0000985 -0.0000014  0.0000015  0.0000160 -0.0000160  0.0000226  0.0000275  0.0000159  0.0000425  0.2235610 -0.3676605  0.0165895 -0.1168754 -0.0545144  0.0472212  0.0490712 -0.0685795 -0.1111553  0.4420984 -0.2489750 -0.0893218  0.1060414 
-0.0000051 -0.0000500 -0.0000099  0.7056864  0.0001425 -0.0005954 -0.0000564 -0.0000447 -0.0000289 -0.0000233 -0.0001234  0.0003266 -0.2728460  0.0412952  0.0498334 -0.0557701  0.0944467 -0.1411519  0.2164706  0.2177664  0.0735231  0.2445470  0.1583167  0.2065978  0.4051923 
-0.0002849  0.0000563  0.0001100  0.7058896  0.0000391 -0.0000728  0.0000753  0.0000657 -0.0000136  0.0000226  0.0001457 -0.0003147  0.2964087 -0.0500373  0.0012831  0.0345417 -0.1274039  0.1226791 -0.2213499 -0.2077814 -0.0848651 -0.2764032 -0.1571644 -0.1891980 -0.3776438 
-0.0000010  0.0000011  0.0000003 -0.0000029  0.7070881  0.0000009 -0.0000009  0.0000009 -0.0000011  0.0000009 -0.0000034 -0.0000035  0.1173443  0.4047787 -0.0912174 -0.0718409 -0.1613715  0.1353310 -0.0014426  0.0994294  0.2459482  0.0410005 -0.4111852  0.0206308  0.1517078 
-0.0000046 -0.0000042 -0.0000007 -0.0000007  0.7070638 -0.0000014 -0.0000149  0.0000014  0.0000001 -0.0000011 -0.0000017 -0.0000008 -0.1152741 -0.4061944  0.0889024  0.0692394  0.1622755 -0.1349758  0.0099043 -0.1022032 -0.2388337 -0.0423824  0.4135884 -0.0245065 -0.1532705 
 0.0000003  0.0000070  0.0000006  0.0000003 -0.0000021  0.7070859 -0.0000012  0.0000013 -0.0000038 -0.0000005  0.0000010  0.0000002 -0.2708237 -0.0669902 -0.0412755 -0.3494332 -0.2006183  0.0373528 -0.2381286  0.2064982  0.0761987  0.0181330  0.0934027 -0.3774036 -0.0103422 
 0.0000008  0.0000058 -0.0000023 -0.0000007 -0.0000075  0.7070807 -0.0000007  0.0000022 -0.0000023  0.0000003  0.0000005  0.0000005  0.2744059  0.0654388  0.0475991  0.3457765  0.1964587 -0.0398457  0.2399835 -0.2057354 -0.0756974 -0.0226781 -0.0924467  0.3788681  0.0139423 
 0.0000000  0.0000000  0.0000000  0.0000000  0.0000000  0.0000000  0.7071061  0.0000001  0.0000000  0.0000000 -0.0000005 -0.0000001  0.3198869  0.2131262 -0.0810887  0.0183831 -0.1487655 -0.3298907 -0.0611118  0.1630978  0.0148596  0.2714103  0.2691087 -0.0133534 -0.1938055 
 0.0000000  0.0000000  0.0000000  0.0000000  0.0000000  0.0000000  0.7071064  0.0000002 -0.0000001  0.0000000  0.0000000 -0.0000001 -0.3195877 -0.2133969  0.0807046 -0.0188354  0.1488413  0.3301162  0.0622414 -0.1632428 -0.0139096 -0.2716114 -0.2686497  0.0131334  0.1936336 
 0.0000000  0.0000000  0.0000000  0.0000000  0.0000000  0.0000000  0.0000004  0.7071062  0.0000001  0.0000000  0.0000000  0.0000001  0.2750963  0.0046775  0.0775723  0.2020162  0.2371611  0.2289101 -0.1999441  0.1043359  0.1157971 -0.0199219  0.2094978 -0.2482672  0.3140579 
 0.0000000  0.0000000  0.0000000  0.0000000  0.0000000  0.0000000  0.0000001  0.7071066  0.0000001  0.0000000  0.0000000  0.0000001 -0.2755640 -0.0042835 -0.0773327 -0.2015546 -0.2368715 -0.2295855  0.1998167 -0.1048135 -0.1159700  0.0202647 -0.2098631  0.2475686 -0.3138777 
 0.0000000  0.0000000  0.0000000  0.0000000  0.0000000  0.0000000  0.0000000  0.0000001  0.7071067  0.0000000  0.0000000  0.0000000 -0.0860551  0.2163176  0.3201977  0.0676971 -0.2081825  0.3713800  0.1939727 -0.0890441 -0.1440127  0.2045580  0.1746606 -0.0708466 -0.1173257 
 0.0000000  0.0000000  0.0000000  0.0000000  0.0000000  0.0000000 -0.0000001  0.0000000  0.7071067  0.0000000  0.0000000  0.0000000  0.0863052 -0.2164244 -0.3198331 -0.0679565  0.2079063 -0.3714802 -0.1938409  0.0891270  0.1440752 -0.2048964 -0.1745562  0.0709881  0.1175198 
 0.0000000  0.0000000  0.0000000  0.0000000  0.0000000  0.0000000  0.0000000  0.0000000  0.0000000  0.7071068  0.0000000  0.0000000 -0.0863733 -0.0990086  0.2493060  0.0254952  0.0043571 -0.0040333 -0.2802379 -0.1903535  0.4642813  0.1668767  0.0274703  0.2107186 -0.1287191 
 0.0000000  0.0000000  0.0000000  0.0000000  0.0000000  0.0000000  0.0000000  0.0000000  0.0000000  0.7071068  0.0000000  0.0000000  0.0863581  0.0990191 -0.2493192 -0.0255130 -0.0043572  0.0040526  0.2802614  0.1903948 -0.4642547 -0.1669078 -0.0274199 -0.2106678  0.1287289 
 0.0000000  0.0000000  0.0000000  0.0000000  0.0000000  0.0000000  0.0000000  0.0000000  0.0000000  0.0000000  0.7071067 -0.0000001  0.0436355  0.0556440  0.2942584 -0.1814871  0.4126050 -0.0077873  0.0759895  0.3122711 -0.0133164  0.0188825 -0.1634070 -0.0373264 -0.2706548 
 0.0000000  0.0000000  0.0000000  0.0000000  0.0000000  0.0000000 -0.0000001  0.0000000  0.0000000  0.0000000  0.7071067  0.0000000 -0.0437367 -0.0556481 -0.2945049  0.1814283 -0.4124342  0.0078314 -0.0755768 -0.3122981  0.0136550 -0.0187622  0.1635766  0.0372395  0.2706536 
 0.0000000  0.0000000  0.0000000  0.0000000  0.0000000  0.0000000 -0.0000002  0.0000000  0.0000000  0.0000000  0.0000000  0.7071066  0.0830040  0.2201840 -0.0608217 -0.4384642  0.2223557  0.0377891 -0.1272812 -0.3522632 -0.1409787  0.0438129  0.1323924  0.0907544  0.0998041 
 0.0000000  0.0000000  0.0000000  0.0000000  0.0000000  0.0000000 -0.0000001  0.0000000  0.0000000  0.0000000  0.0000000  0.7071068 -0.0827077 -0.2202455  0.0606256  0.4384288 -0.2223963 -0.0375754  0.1273578  0.3520265  0.1411726 -0.0441188 -0.1324008 -0.0910012 -0.1002701 
