 0.7071068  0.0000000  0.0000000  0.0000000  0.0000000  0.0000000  0.0000000  0.0000000 -0.1348761  0.0410976  0.1225869 -0.3509641  0.0061532 -0.3345710  0.2189295 -0.3490835  0.2452571 
 0.7071068  0.0000000  0.0000000  0.0000000  0.0000000  0.0000000  0.0000000  0.0000000  0.1348761 -0.0410976 -0.1225869  0.3509641 -0.0061532  0.3345710 -0.2189295  0.3490835 -0.2452571 
 0.0000000  0.7071068  0.0000000  0.0000000  0.0000000  0.0000000  0.0000000  0.0000000 -0.1348761  0.1544073  0.4515333  0.2189474  0.1466153 -0.2231411 -0.1488675 -0.0945048 -0.3221271 
 0.0000000  0.7071068  0.0000000  0.0000000  0.0000000  0.0000000  0.0000000  0.0000000  0.1348761 -0.1544073 -0.4515333 -0.2189474 -0.1466153  0.2231411  0.1488675  0.0945048  0.3221271 
 0.0000000  0.0000000  0.7071068  0.0000000  0.0000000  0.0000000  0.0000000  0.0000000 -0.1348761 -0.0624069  0.2985353 -0.2260533 -0.4417284  0.2597259  0.1703972  0.0901684 -0.1947905 
 0.0000000  0.0000000  0.7071068  0.0000000  0.0000000  0.0000000  0.0000000  0.0000000  0.1348761  0.0624069 -0.2985353  0.2260533  0.4417284 -0.2597259 -0.1703972 -0.0901684  0.1947905 
 0.0000000  0.0000000  0.0000000  0.7071068  0.0000000  0.0000000  0.0000000  0.0000000 -0.1348761  0.1668870 -0.2630995 -0.2904022  0.1075379 -0.2363244  0.0985734  0.3126102 -0.3543260 
 0.0000000  0.0000000  0.0000000  0.7071068  0.0000000  0.0000000  0.0000000  0.0000000  0.1348761 -0.1668870  0.2630995  0.2904022 -0.1075379  0.2363244 -0.0985734 -0.3126102  0.3543260 
 0.0000000  0.0000000  0.0000000  0.0000000  0.7071068  0.0000000  0.0000000  0.0000000 -0.1348761  0.6316199 -0.0281927  0.0242561 -0.0597054  0.2017255 -0.0427402  0.0031539  0.1881144 
 0.0000000  0.0000000  0.0000000  0.0000000  0.7071068  0.0000000  0.0000000  0.0000000  0.1348761 -0.6316199  0.0281927 -0.0242561  0.0597054 -0.2017255  0.0427402 -0.0031539 -0.1881144 
 0.0000000  0.0000000  0.0000000  0.0000000  0.0000000  0.7071068  0.0000000  0.0000000 -0.1348761 -0.0948468  0.0819672 -0.2907393 -0.0242915 -0.0304058 -0.5770318  0.1433236  0.1629190 
 0.0000000  0.0000000  0.0000000  0.0000000  0.0000000  0.7071068  0.0000000  0.0000000  0.1348761  0.0948468 -0.0819672  0.2907393  0.0242915  0.0304058  0.5770318 -0.1433236 -0.1629190 
 0.0000000  0.0000000  0.0000000  0.0000000  0.0000000  0.0000000  0.7071068  0.0000000 -0.1348761  0.0051314 -0.2406958  0.2512685 -0.4882815 -0.3123054 -0.1242049 -0.0920946 -0.0291552 
 0.0000000  0.0000000  0.0000000  0.0000000  0.0000000  0.0000000  0.7071068  0.0000000  0.1348761 -0.0051314  0.2406958 -0.2512685  0.4882815  0.3123054  0.1242049  0.0920946  0.0291552 
 0.0000000  0.0000000  0.0000000  0.0000000  0.0000000  0.0000000  0.0000000  0.7071068 -0.1348761 -0.0533640  0.1943264  0.1825319 -0.0006480 -0.1927251  0.1967555  0.4714327  0.3313234 
 0.0000000  0.0000000  0.0000000  0.0000000  0.0000000  0.0000000  0.0000000  0.7071068  0.1348761  0.0533640 -0.1943264 -0.1825319  0.0006480  0.1927251 -0.1967555 -0.4714327 -0.3313234 
 0.0000000  0.0000000  0.0000000  0.0000000  0.0000000  0.0000000  0.0000000  0.0000000  0.8419829  0.2526256  0.1976603 -0.1541511 -0.2416761 -0.2780943 -0.0666990  0.1553849  0.0087191 
