 0.5277331  0.0000000  0.0000000 -0.1378459  0.0000000  0.0000000  0.0000000  0.0000000 -0.3943140 -0.0137918 -0.3729933  0.1383138 -0.0758921 -0.2278433 -0.0025714  0.0584040 -0.2280217  0.2438019  0.3214091  0.1904167  0.2741567 -0.0363377 
 0.5277331  0.0000000  0.0000000  0.1378459  0.0000000  0.0000000  0.0000000  0.0000000  0.3120250 -0.0267754  0.3695011 -0.0145113 -0.3308303  0.3215251 -0.2863604  0.0946054  0.1286622  0.1331001 -0.0505577  0.0305094  0.1476247 -0.3230308 
 0.6655791  0.0000000  0.0000000  0.0000000  0.0000000  0.0000000  0.0000000  0.0000000  0.0652464  0.0321654  0.0027689 -0.0981622  0.3224875 -0.0742797  0.2290921 -0.1213201  0.0787815 -0.2988431 -0.2147563 -0.1751708 -0.3344276  0.2849409 
 0.0000000  0.5277331  0.0000000 -0.1378459  0.0000000  0.0000000  0.0000000  0.0000000 -0.0158721 -0.4044778  0.1833846  0.1878882 -0.3609547 -0.2066090 -0.1957176 -0.1512759 -0.1330454 -0.0615448 -0.1615396  0.2046926 -0.1618391  0.3462224 
 0.0000000  0.5277331  0.0000000  0.1378459  0.0000000  0.0000000  0.0000000  0.0000000  0.2167966  0.5114508  0.0959023  0.0286121  0.2440944  0.0901959 -0.0433593  0.0387263 -0.0262265  0.3051626  0.2633080 -0.0541119  0.1397434  0.3566526 
 0.0000000  0.6655791  0.0000000  0.0000000  0.0000000  0.0000000  0.0000000  0.0000000 -0.1593117 -0.0848182 -0.2214447 -0.1716616  0.0926577  0.0923032  0.1895625  0.0892398  0.1262856 -0.1931629 -0.0806914 -0.1193944  0.0175195 -0.5573048 
 0.0000000  0.0000000  0.5277331 -0.1378459  0.0000000  0.0000000  0.0000000  0.0000000  0.3310569 -0.2331341 -0.1344654  0.1904182  0.2047799 -0.1362287 -0.1363337 -0.2703342 -0.1682136  0.3070195  0.0341238 -0.3948060 -0.0907082 -0.2102961 
 0.0000000  0.0000000  0.5277331  0.1378459  0.0000000  0.0000000  0.0000000  0.0000000  0.1201377  0.1010944 -0.1065191  0.2073527 -0.0831004 -0.2162825 -0.1568949  0.4044042  0.2675361 -0.4967815  0.2054201  0.1069391  0.0661129  0.0727145 
 0.0000000  0.0000000  0.6655791  0.0000000  0.0000000  0.0000000  0.0000000  0.0000000 -0.3577491  0.1046934  0.1910750 -0.3153899 -0.0964789  0.2795037  0.2324990 -0.1063032 -0.0787521  0.1504610 -0.1899327  0.2282477  0.0195014  0.1090875 
 0.0000000  0.0000000  0.0000000  0.6655791  0.0000000  0.0000000  0.0000000  0.0000000 -0.1643747 -0.1865380  0.0051302 -0.1431117  0.0688121 -0.3600824 -0.0791376  0.3029722  0.0801363  0.3930031 -0.1807108 -0.0467770 -0.2156617  0.0021696 
 0.0000000  0.0000000  0.0000000  0.6655791  0.0000000  0.0000000  0.0000000  0.0000000  0.0135826 -0.0696890 -0.1465756  0.2042427 -0.0817005  0.2014139  0.1106162 -0.4895634 -0.2663776 -0.2795510  0.1342822  0.0295802  0.1469288 -0.0035670 
 0.0000000  0.0000000  0.0000000  0.0000000  0.5277331  0.0000000  0.0000000 -0.1378459 -0.1131394 -0.1632227 -0.0269688  0.0224732  0.1313853  0.2807601 -0.1836548  0.3745649 -0.3978340 -0.1323208 -0.2020516 -0.3006820  0.2260162  0.1833216 
 0.0000000  0.0000000  0.0000000  0.0000000  0.5277331  0.0000000  0.0000000  0.1378459  0.0227118 -0.2495441  0.1670115  0.3491489  0.1060210  0.0149581  0.4505334 -0.0480444  0.4418250  0.1837010  0.0918343  0.1216036  0.1427064  0.0248204 
 0.0000000  0.0000000  0.0000000  0.0000000  0.6655791  0.0000000  0.0000000  0.0000000  0.0716995  0.3272800 -0.1110389 -0.2946566 -0.1882379 -0.2344729 -0.2116063 -0.2588959 -0.0348801 -0.0407390  0.0873906  0.1419901 -0.2923577 -0.1650344 
 0.0000000  0.0000000  0.0000000  0.0000000  0.0000000  0.5277331  0.0000000 -0.1378459  0.0734076  0.3103171 -0.2007219  0.4642172 -0.0476651  0.0741246  0.0968759  0.1018747 -0.1015200  0.1092306 -0.4494918  0.2139823 -0.1782857 -0.1250580 
 0.0000000  0.0000000  0.0000000  0.0000000  0.0000000  0.5277331  0.0000000  0.1378459 -0.4624444  0.0220080  0.3506956  0.0875286  0.2510210 -0.0346319 -0.3867311 -0.2119627  0.1644240 -0.1167845  0.1510843 -0.1712159  0.0238229 -0.0736590 
 0.0000000  0.0000000  0.0000000  0.0000000  0.0000000  0.6655791  0.0000000  0.0000000  0.3084646 -0.2634983 -0.1189132 -0.4374755 -0.1612395 -0.0313135  0.2298242  0.0872881 -0.0498762  0.0059894  0.2366053 -0.0339092  0.1224725  0.1575613 
 0.0000000  0.0000000  0.0000000  0.0000000  0.0000000  0.0000000  0.5277331 -0.1378459 -0.0611056 -0.1371996  0.0548142  0.0999914  0.0626367  0.3226942  0.0329720  0.1837939 -0.1244127  0.0314870  0.4345172  0.1131698 -0.5505366 -0.0532961 
 0.0000000  0.0000000  0.0000000  0.0000000  0.0000000  0.0000000  0.5277331  0.1378459 -0.0985354  0.2479430  0.1692575  0.0893897 -0.4221885 -0.2608548  0.2717044  0.0133507 -0.0727730 -0.0271884 -0.0803609 -0.4965314  0.1235976 -0.0083690 
 0.0000000  0.0000000  0.0000000  0.0000000  0.0000000  0.0000000  0.6655791  0.0000000  0.1265783 -0.0878077 -0.1776650 -0.1501590  0.2850862 -0.0490320 -0.2415758 -0.1563146  0.1563471 -0.0034084 -0.2808082  0.3039648  0.3385170  0.0488938 
 0.0000000  0.0000000  0.0000000  0.0000000  0.0000000  0.0000000  0.0000000  0.6655791 -0.0656693 -0.0121347 -0.4408805  0.0140894 -0.1939236  0.3543557 -0.1884018  0.0145619  0.2258435  0.1033830 -0.0617220 -0.1530560 -0.1639021  0.2080771 
 0.0000000  0.0000000  0.0000000  0.0000000  0.0000000  0.0000000  0.0000000  0.6655791  0.1562642  0.0099575  0.2628016 -0.0015357  0.2377274 -0.1559252  0.1077723  0.1732612 -0.4655163 -0.1098720 -0.0168924  0.2716482 -0.0003197 -0.1952002 
