 0.5773503  0.0000000  0.0000000  0.0000000  0.0000000  0.1399645 -0.1300359  0.1919188  0.2425915  0.2391337  0.0435583 -0.0289089  0.5969020 -0.0370555 -0.3419074 
 0.5773503  0.0000000  0.0000000  0.0000000  0.0000000 -0.3492281  0.0210590 -0.3131389 -0.3634935 -0.4583841 -0.0755874  0.2295543  0.0628455 -0.1218733  0.1635609 
 0.5773503  0.0000000  0.0000000  0.0000000  0.0000000  0.2092636  0.1089769  0.1212200  0.1209020  0.2192504  0.0320292 -0.2006455 -0.6597476  0.1589288  0.1783465 
 0.0000000  0.5773503  0.0000000  0.0000000  0.0000000  0.0286748  0.0067214 -0.0585362 -0.3341386  0.2669062 -0.5689594  0.0677461 -0.1245296 -0.0155222 -0.3680114 
 0.0000000  0.5773503  0.0000000  0.0000000  0.0000000  0.0821348 -0.2370931 -0.3656237  0.1981624 -0.0622325  0.5663084  0.2164639 -0.0718536  0.2186674 -0.0796578 
 0.0000000  0.5773503  0.0000000  0.0000000  0.0000000 -0.1108096  0.2303718  0.4241598  0.1359762 -0.2046737  0.0026510 -0.2842099  0.1963832 -0.2031452  0.4476692 
 0.0000000  0.0000000  0.5773503  0.0000000  0.0000000  0.3448398  0.3714443 -0.2388354  0.1455017  0.1848608 -0.1071614  0.3998752  0.1199151 -0.1822869  0.2800050 
 0.0000000  0.0000000  0.5773503  0.0000000  0.0000000 -0.3765363 -0.2758718  0.2871268  0.3397015 -0.2407777 -0.2207900  0.1312935 -0.1556600  0.2796316 -0.1567128 
 0.0000000  0.0000000  0.5773503  0.0000000  0.0000000  0.0316965 -0.0955725 -0.0482914 -0.4852032  0.0559169  0.3279514 -0.5311687  0.0357449 -0.0973448 -0.1232922 
 0.0000000  0.0000000  0.0000000  0.5773503  0.0000000  0.0428385  0.0519845 -0.3679433  0.1172217 -0.0469308 -0.2644571 -0.3617205  0.2197922  0.4825491  0.1698880 
 0.0000000  0.0000000  0.0000000  0.5773503  0.0000000 -0.4166687  0.3625258  0.2347598 -0.1350090  0.3062667  0.3162912  0.2682655 -0.0564221 -0.0022167 -0.1389067 
 0.0000000  0.0000000  0.0000000  0.5773503  0.0000000  0.3738302 -0.4145103  0.1331835  0.0177873 -0.2593359 -0.0518342  0.0934550 -0.1633701 -0.4803324 -0.0309812 
 0.0000000  0.0000000  0.0000000  0.0000000  0.5773503  0.1389702 -0.3122343  0.2735783 -0.3538325  0.1564031  0.0110343  0.2490230  0.1340142  0.3340087  0.3656547 
 0.0000000  0.0000000  0.0000000  0.0000000  0.5773503  0.2378798  0.4611171  0.0517341  0.0486056 -0.4472553  0.0506316 -0.0532724 -0.0559245  0.0752479 -0.4221176 
 0.0000000  0.0000000  0.0000000  0.0000000  0.5773503 -0.3768500 -0.1488828 -0.3253125  0.3052269  0.2908522 -0.0616659 -0.1957506 -0.0780897 -0.4092566  0.0564629 
