 0.4770680  0.0416030 -0.0239479 -0.0126265 -0.0083142 -0.0081443 -0.0021810 -0.0014474 -0.1883349  0.4324592 -0.1359141  0.1063390 -0.0672445  0.3399620  0.4327500 -0.0834847 -0.1228790  0.1535749 -0.0680379 -0.0547772 -0.1776879  0.0200824  0.0617935 -0.3226129  0.1303927 
 0.4819349 -0.0387179 -0.0254754  0.0122075 -0.0002885 -0.0095951 -0.0017304 -0.0065554 -0.0194742 -0.2701901  0.1698206  0.0880070  0.0351504  0.0078728  0.0976440 -0.4038414 -0.1839647 -0.2744218  0.0281235 -0.1318031 -0.1382659  0.1296952 -0.0488045  0.5585916 -0.0613151 
 0.4946874 -0.0017066  0.0484115  0.0002983  0.0017696 -0.0112840 -0.0024987  0.0148911  0.1723750 -0.0117910 -0.3962428 -0.0614302  0.1480199 -0.4106234 -0.2147243  0.0773662  0.1287737  0.1225842  0.1140671  0.0786043 -0.1088746 -0.1542635  0.2611103 -0.1003989 -0.3932208 
 0.5435341 -0.0005605 -0.0002660 -0.0000084 -0.0000843  0.0259697  0.0057213 -0.0004610  0.0257647 -0.1292385  0.3293304 -0.1154413 -0.1069545  0.0683815 -0.2709884  0.3609055  0.1538733 -0.0030564 -0.0689840  0.0934225  0.3776253  0.0078313 -0.2485772 -0.1207055  0.2978474 
 0.0000344  0.5758768  0.0000131  0.0011473  0.0001065  0.0000452  0.0000427  0.0000200 -0.0173041 -0.2077886  0.1814518 -0.1389361  0.4999742  0.0284167  0.0550075 -0.0139272 -0.1020902  0.1043296  0.0372772 -0.4239298 -0.0152789 -0.0826865 -0.1775711 -0.2450084 -0.1327225 
-0.0001014  0.5764059 -0.0000880  0.0004925 -0.0000603 -0.0001552 -0.0000061 -0.0000172  0.4053802  0.0758105 -0.1141397  0.0054637 -0.3932958  0.2522290 -0.0701738  0.0383354  0.3191531 -0.0672972  0.2225308  0.0408121 -0.2393704  0.1185403 -0.0363580  0.1696501  0.0299442 
-0.0000007  0.5769653 -0.0000077  0.0000852  0.0000441  0.0000131  0.0000007  0.0001947 -0.3748827  0.0821469 -0.0466751  0.1311626 -0.0985977 -0.3054134 -0.0104219 -0.0449200 -0.2200555 -0.0659281 -0.2524461  0.3779928  0.2579165 -0.0289304  0.2062410  0.1353093  0.0879656 
-0.0000774  0.0002756  0.5757895  0.0000238 -0.0000572  0.0000745 -0.0000064 -0.0010178 -0.0131302  0.0926009 -0.0504779  0.0920355  0.0308900 -0.2123727  0.2053701  0.0832743  0.2674122 -0.1598471  0.0766799 -0.4048461  0.1219915 -0.2356996  0.2191686  0.1528678  0.3805934 
-0.0000751 -0.0000159  0.5764377 -0.0000187 -0.0002540  0.0000406  0.0000530 -0.0004464  0.0160210  0.1070212  0.1748750 -0.0425249  0.1100321  0.1479149 -0.2929744 -0.4892603  0.0902378  0.2772562  0.0048410  0.2018514  0.0985082  0.3254606  0.0568285 -0.1202247 -0.0730127 
-0.0000240 -0.0000164  0.5767320 -0.0000121  0.0000895  0.0000491  0.0000008 -0.0004001 -0.0259819 -0.1924174 -0.0891043 -0.0359390 -0.1546242  0.1131670  0.1279294  0.3782337 -0.3811010 -0.1336136 -0.0925425  0.1877906 -0.2244693 -0.0704667 -0.2972344 -0.0128019 -0.2711513 
 0.0000010 -0.0000039  0.0000024  0.5772389 -0.0000275 -0.0000360 -0.0000065 -0.0000158  0.1544708  0.2124788  0.3969827 -0.0871341  0.0424433 -0.1470250  0.2436524  0.0937959  0.1642948  0.3124960 -0.2609511  0.1253920 -0.1535544 -0.1649976 -0.0285647  0.2456053 -0.1435653 
-0.0000012  0.0000404  0.0000009  0.5772510 -0.0000072  0.0000372 -0.0000041 -0.0000044 -0.1724266 -0.2101644 -0.2645538 -0.1444907  0.0955224  0.1680590 -0.2732238 -0.0953322  0.1014847 -0.3419558 -0.2522492  0.0052724 -0.2705905  0.0137009  0.1048941 -0.2001447  0.2560259 
-0.0000042 -0.0000283 -0.0000062  0.5772924  0.0000080  0.0000054  0.0000003  0.0000017  0.0138998  0.0131679 -0.1390462  0.2323215 -0.1408760 -0.0137675  0.0370632  0.0082154 -0.2646465  0.0384534  0.5107831 -0.1283058  0.4234151  0.1491870 -0.0737472 -0.0639476 -0.1078875 
 0.0000000  0.0000000  0.0000000  0.0000000  0.5773487  0.0000000  0.0000000  0.0000000  0.2152458  0.4262296 -0.0691557 -0.0532981  0.3635860  0.0633878 -0.0505955  0.1870190 -0.0896738 -0.3427747 -0.1209633  0.0089286  0.1377255  0.2740034 -0.0191500  0.1355791 -0.0652057 
 0.0000000  0.0000000  0.0000000  0.0000000  0.5773487  0.0000000  0.0000000  0.0000000  0.1012788 -0.2278379 -0.1832364  0.2657080 -0.2818865 -0.1870795 -0.0359979 -0.2057203  0.0036048  0.3195144 -0.3164462 -0.2007680 -0.0164944 -0.0593566 -0.2782165 -0.0914317  0.1007043 
 0.0000000  0.0000000  0.0000000  0.0000000  0.5773487  0.0000000  0.0000000  0.0000000 -0.3174447 -0.1972538  0.2534980 -0.2118632 -0.0823686  0.1258963  0.0881432  0.0178530  0.0854794  0.0232324  0.4369367  0.1914744 -0.1213519 -0.2139624  0.2967704 -0.0443651 -0.0338957 
-0.0000259  0.0000011  0.0000361 -0.0000297  0.0000532  0.5769563 -0.0001714  0.0000672 -0.0830549 -0.2666379 -0.1443025 -0.0401619  0.0962106 -0.1063734  0.4421487  0.0456945  0.3584104 -0.0217483 -0.0291114  0.1531597  0.0978333  0.4160278 -0.0679800 -0.0610970 -0.0655368 
-0.0000108 -0.0000092 -0.0000209  0.0000389 -0.0000447  0.5770792 -0.0001345 -0.0000034  0.0291067  0.1309573  0.3054466  0.5171942  0.0478323 -0.0933486 -0.2984255  0.0954700 -0.1441177 -0.0828876  0.1000786 -0.0247646 -0.3294683 -0.0661010  0.0834986 -0.1321523  0.0582808 
-0.0000044  0.0000401  0.0000178  0.0000153  0.0000047  0.5771835 -0.0000600  0.0000222  0.0532905  0.1428559 -0.1827982 -0.4699928 -0.1368067  0.1935456 -0.1278854 -0.1637351 -0.2232736  0.1047700 -0.0660683 -0.1339089  0.2076242 -0.3506660  0.0008042  0.2014768 -0.0130685 
 0.0000004  0.0000006 -0.0000044 -0.0000007 -0.0000017  0.0000021  0.5773345  0.0000013  0.0700938  0.1134258 -0.0911398  0.0042659  0.2021688 -0.1415161  0.0830429 -0.2435600  0.0560747 -0.1269872  0.2360682  0.3350881 -0.0464543 -0.2876350 -0.4435143 -0.0529625  0.2044038 
-0.0000010  0.0000010  0.0000042  0.0000009  0.0000035 -0.0000004  0.5773347  0.0000000  0.3671999 -0.2767093  0.0806575  0.1323208 -0.0126907  0.2375405  0.1277548  0.0501817 -0.1423768  0.0054807 -0.2203622  0.0073394  0.1860983 -0.0214744  0.4900224 -0.0961752 -0.0496031 
 0.0000020  0.0000006 -0.0000019  0.0000001  0.0000004 -0.0000017  0.5773411 -0.0000005 -0.4375789  0.1653109  0.0054800 -0.1349634 -0.1879480 -0.0972141 -0.2070395  0.1886734  0.0843834  0.1217709 -0.0147003 -0.3435764 -0.1449766  0.3088646 -0.0428191  0.1503592 -0.1591370 
 0.0000107  0.0000142  0.0000061 -0.0000133 -0.0000358  0.0000024  0.0000012  0.5772412 -0.2096557 -0.0564786 -0.1854989  0.3452348  0.2436464  0.3909813 -0.1003285  0.1141333  0.2234071  0.1710633 -0.0331277  0.0613531  0.1109485 -0.1937902 -0.0662556  0.2810482 -0.1159788 
 0.0000033  0.0000032 -0.0000347  0.0000041 -0.0000303 -0.0000103  0.0000032  0.5772521  0.0301197  0.1249237  0.2254498 -0.0935344 -0.3023399 -0.1565194  0.0758166 -0.2176595  0.1046114 -0.4162094 -0.1037768 -0.1135391  0.0992234 -0.0739582 -0.0382590 -0.3217098 -0.3058569 
 0.0000029 -0.0000112  0.0000062 -0.0000233 -0.0000040  0.0000077  0.0000130  0.5772670  0.1722882 -0.0649584 -0.0294724 -0.2475774  0.0542562 -0.2188859  0.0373530  0.0960813 -0.3347272  0.2409349  0.1334029  0.0473978 -0.2111703  0.2732496  0.0980819  0.0449959  0.4337943 
