 0.5338897 -0.0952484  0.0325290  0.0222749  0.0138101 -0.0092138 -0.0362583 -0.0176056 -0.5674017 -0.3572418  0.3535092 -0.0797848  0.3486176 
 0.5338885  0.0952488 -0.0325284  0.0222748 -0.0138102 -0.0092137  0.3182118  0.6255713  0.1477764  0.0474394 -0.0480984 -0.1172001 -0.4139143 
 0.6556866 -0.0000001 -0.0000006 -0.0362743  0.0000001  0.0150045 -0.2295788 -0.4950321  0.3416781  0.2522553 -0.2486794  0.1603938  0.0531666 
 0.0000000  0.6980904  0.0088758  0.0000000  0.0000001  0.0000000  0.4229650 -0.0837961  0.0668687 -0.1695964 -0.2956729 -0.1313668  0.4344602 
-0.0000001  0.7032248  0.0000007  0.0000000  0.0037409  0.0000000 -0.4678883 -0.0039314 -0.1632480  0.1135461  0.3479099  0.1354754 -0.3280067 
 0.0000000  0.0000000  0.7058766  0.0000000 -0.0010899  0.0000000  0.3195888  0.0399139 -0.0646495  0.3758523  0.2234751  0.4333095  0.1219185 
 0.0000000  0.0000000  0.7067837  0.0000000 -0.0001827  0.0000000 -0.3081762 -0.0092098  0.0966425 -0.3546150 -0.2379593 -0.4328256 -0.1623120 
 0.0000000  0.0000000  0.0000000  0.7069603  0.0000000  0.0000062 -0.2956038  0.3349129  0.3301072 -0.1266898  0.0471722  0.2230421  0.3516600 
 0.0000000 -0.0000001  0.0000000  0.7056196  0.0000000  0.0013469  0.2754627 -0.3801898 -0.2999228  0.1496782 -0.0696870 -0.2090020 -0.3475339 
 0.0000000  0.0000000  0.0000000  0.0000000  0.7069665  0.0000000  0.1405892 -0.1457391  0.3729147 -0.0049645  0.4877028 -0.2860128  0.0211133 
 0.0000000  0.0000000  0.0000000  0.0000000  0.7069665  0.0000000 -0.1307760  0.1583832 -0.3581551  0.0127566 -0.4971057  0.2851212 -0.0341273 
 0.0000000  0.0000000  0.0000000  0.0000000  0.0000000  0.7069665  0.1615410 -0.1506730  0.1132849 -0.4839695  0.0480142  0.3759761 -0.2463274 
 0.0000000  0.0000000  0.0000000  0.0000000  0.0000000  0.7069665 -0.1535161  0.1698243 -0.1254369  0.4742941 -0.0386235 -0.3815513  0.2450071 
