 0.4342897 -0.0280750 -0.0165008 -0.0116974  0.0090429 -0.0635420 -0.2565180  0.3178856 -0.1524597  0.2099944 -0.2071774 -0.2083059 -0.0859791 -0.1299625  0.1774502  0.4688619 -0.2681046  0.1916308 -0.2333587  0.2148603  0.0272266 
 0.4342896  0.0280749 -0.0165008 -0.0116975  0.0090429 -0.3646462 -0.0228632 -0.3306007  0.1267765 -0.1781238  0.1221546  0.1694010 -0.2410561  0.2511852  0.2383748 -0.1077228 -0.0093597 -0.1282422  0.2245007  0.4455253  0.1444035 
 0.4461753  0.0000000  0.0321225 -0.0120176  0.0092904 -0.1261211  0.1225795  0.0766675  0.2255784 -0.2616944 -0.2600525 -0.1324294 -0.0731007  0.2424135 -0.1439241 -0.0968497  0.1472349  0.2008989 -0.1309533 -0.5845566  0.2079055 
 0.4560751  0.0000000  0.0000000  0.0340341  0.0094965  0.1091291  0.2519829 -0.2803505 -0.1398361 -0.0592591  0.3673639 -0.1074671  0.5136167 -0.2433928  0.0448358 -0.0857753 -0.1344382  0.1530800 -0.0401607 -0.0657743 -0.2954974 
 0.4644438  0.0000000  0.0000000  0.0000000 -0.0351619  0.4143855 -0.1039581  0.2135366 -0.0553732  0.2797907 -0.0314183  0.2691301 -0.1283342 -0.1072235 -0.2945923 -0.1604221  0.2500222 -0.4025914  0.1735223  0.0086428 -0.0700418 
 0.0000000  0.4996057  0.0000000  0.0000000  0.0000000  0.2310862 -0.0844888 -0.0060220  0.1057272 -0.1286502 -0.3292931 -0.0895840  0.1947766 -0.1045445  0.0777616 -0.4572803 -0.0018600  0.0266856 -0.3670347  0.3393156  0.1761975 
 0.0000000  0.4996057  0.0000000  0.0000000  0.0000000 -0.3082513 -0.0502487  0.2612381 -0.0667529  0.1651801  0.3766989 -0.0706499 -0.0723262  0.3122571 -0.3523140 -0.1307020 -0.3309527 -0.0863857 -0.0961790 -0.0683531 -0.1763876 
 0.0000000  0.4996057  0.0000000  0.0000000  0.0000000  0.1688770  0.2022344  0.1421709 -0.1700089  0.0335255 -0.0275518  0.1305691  0.1601988  0.1223353  0.4776157  0.2430720 -0.0252476 -0.0855860  0.4025987 -0.2418761  0.2377951 
 0.0000000  0.4996057  0.0000000  0.0000000  0.0000000 -0.0747916 -0.0806269 -0.3609459  0.1153432 -0.0482453 -0.0383605  0.0084398 -0.2739348 -0.3514661 -0.2064869  0.3773110  0.3435204  0.1632611  0.0348859 -0.0420484 -0.2441896 
 0.0000000  0.0000000  0.4996057  0.0000000  0.0000000  0.2302597  0.1614048 -0.4612566 -0.2407472  0.1939597 -0.1400821  0.2020421 -0.1362091  0.2796161 -0.1138324  0.1500744 -0.2460527 -0.0471768 -0.3083473 -0.0493894  0.1001933 
 0.0000000  0.0000000  0.4996057  0.0000000  0.0000000  0.1431236 -0.6627934  0.0406575  0.0476413 -0.2430664  0.3818482 -0.0521862  0.0895203  0.0372360  0.1555156  0.0114352  0.1438015  0.0086631 -0.0143528 -0.1314145  0.0844585 
 0.0000000  0.0000000  0.4996057  0.0000000  0.0000000 -0.3507364  0.2264621  0.3271925  0.0845385  0.1113971 -0.0872896  0.4453997  0.0018052 -0.2457262  0.2044804 -0.1801189  0.1088553  0.1903430 -0.0697521  0.0161489 -0.2358726 
 0.0000000  0.0000000  0.4996057  0.0000000  0.0000000 -0.0286798  0.2578180  0.0880572  0.0932155 -0.0444120 -0.1405644 -0.5880258  0.0387825 -0.0827083 -0.2231761  0.0367639 -0.0252346 -0.1626526  0.4005793  0.2240505  0.0435220 
 0.0000000  0.0000000  0.0000000  0.4996057  0.0000000 -0.1709352  0.1897222 -0.0123063 -0.0267199  0.2067023  0.3032894 -0.1756277 -0.1291379 -0.2701003  0.1257442  0.0016203  0.2172536 -0.2847398 -0.3276326 -0.0830470  0.4132786 
 0.0000000  0.0000000  0.0000000  0.4996057  0.0000000  0.2382885  0.0446977  0.0784218 -0.0390911 -0.3797019 -0.0871170 -0.0750560 -0.4153010 -0.0036283  0.2298529 -0.1011004 -0.2679449 -0.1068581  0.0108518 -0.0865493 -0.4474115 
 0.0000000  0.0000000  0.0000000  0.4996057  0.0000000  0.1239458 -0.0798103 -0.0379016  0.6471018  0.2603350 -0.0230556  0.1689428  0.2595650  0.1468217 -0.1092555  0.1613800 -0.1746467  0.1749659  0.1342296  0.0702361  0.0257083 
 0.0000000  0.0000000  0.0000000  0.4996057  0.0000000 -0.2117922 -0.1753679 -0.0075694 -0.5669402 -0.0888472 -0.2263883  0.0849655  0.2404699  0.1521566 -0.2431220 -0.0499309  0.2315414  0.2125205  0.1819296  0.1052417  0.0375739 
 0.0000000  0.0000000  0.0000000  0.0000000  0.4996057  0.0182303  0.1400842  0.1218986  0.0742839 -0.0949794 -0.0102286 -0.0490022  0.2157333  0.3805298  0.0805323  0.2759734  0.3919603 -0.2658766 -0.2836379  0.1639796 -0.3047626 
 0.0000000  0.0000000  0.0000000  0.0000000  0.4996057 -0.2847044 -0.3075501 -0.2484991  0.0117714  0.2078065 -0.3044074 -0.0450627  0.1241289 -0.2161790  0.0991827 -0.1635884 -0.2363736 -0.3285379  0.1223049 -0.3016039 -0.0806798 
 0.0000000  0.0000000  0.0000000  0.0000000  0.4996057  0.0815553  0.1133654  0.1638602 -0.0223995 -0.4291559  0.1405898  0.3090075 -0.0362200 -0.2773113 -0.3212849  0.1514220 -0.2695645  0.0434814  0.0222804  0.0932730  0.3405809 
 0.0000000  0.0000000  0.0000000  0.0000000  0.4996057  0.2221041  0.0447717 -0.0180978 -0.0686248  0.3414361  0.1712268 -0.1907919 -0.3151585  0.1033387  0.1151343 -0.2782027  0.1364138  0.5148062  0.1546239  0.0451268  0.0385763 
