::::::::::::::
run.001.017
::::::::::::::
 0.2425356 -0.1395426 -0.4788355 -0.0763261 -0.2464934 -0.0205661 -0.3747503  0.0653047 -0.2855263 -0.3223152  0.1396063  0.0466467 -0.1925552  0.0347482  0.2395405 -0.4205462 -0.0333009 
 0.2425356  0.3979271  0.1182516 -0.0373731  0.0628734  0.0919524 -0.0034392  0.4856346  0.0370617 -0.0771440  0.5157731 -0.3754549 -0.1287863 -0.2619836 -0.0527073  0.0949601 -0.0886534 
 0.2425356 -0.2490943 -0.1026416 -0.6260813 -0.2859305 -0.0454642  0.1488103  0.1380776  0.2154810 -0.0118776 -0.2922655 -0.1419043 -0.1511496 -0.1306056 -0.3714051  0.1000557  0.1076852 
 0.2425356 -0.2439375  0.2595448  0.1965148 -0.4813987 -0.4758056  0.0090246 -0.1175762  0.0682670 -0.0888809  0.2980323  0.1408284  0.0455257  0.0393625  0.0450684  0.3334462 -0.2561102 
 0.2425356  0.0774041 -0.1908145  0.2360960 -0.0652704 -0.0412075  0.2435590  0.2033969 -0.3465345  0.5845561 -0.2131507  0.0764291 -0.4090184  0.1109768  0.0019539  0.0812158 -0.1926283 
 0.2425356  0.0508368  0.0829520 -0.0491022 -0.1867604  0.1137063  0.3332482 -0.0430726  0.2012381  0.0802664 -0.0537990 -0.4283680  0.2809329  0.4749505  0.3674856 -0.2998327 -0.0761736 
 0.2425356  0.3291759 -0.0041222 -0.2230019 -0.0727202 -0.1956095 -0.0064922 -0.1308636 -0.1499967  0.3206350  0.0015347  0.2634133  0.5283780 -0.4087688 -0.0152091 -0.2817303 -0.0422003 
 0.2425356  0.2041794  0.5339976 -0.1505297  0.0258747  0.1959491  0.0718163 -0.2078294 -0.4380701 -0.3987850 -0.2908952  0.0772057 -0.1984094  0.0021144  0.0316042  0.0063293 -0.1494427 
 0.2425356 -0.2686209  0.0940794  0.1237491  0.1546280  0.0030066  0.4033624 -0.0477256  0.1223440 -0.0296016  0.1036385  0.1578408 -0.2149280 -0.3905432  0.3936350 -0.1149108  0.4874287 
 0.2425356  0.5651015 -0.3447147  0.0592293 -0.0248294 -0.1002072  0.1255752 -0.2353937  0.1941490 -0.2296266  0.0190277  0.2215993 -0.0757717  0.2902172 -0.1180703  0.2448777  0.3374901 
 0.2425356 -0.0572287 -0.0418104  0.0981876  0.3732068 -0.2958960 -0.0883349  0.5254724  0.1216840 -0.2542248 -0.4234791  0.1336584  0.2652012  0.0525727  0.1860114  0.1296005 -0.1209209 
 0.2425356 -0.0336970  0.4280426 -0.0609150  0.1206863 -0.0660366 -0.4407934  0.1118967  0.1786273  0.2874629  0.1072274  0.2085347 -0.1727780  0.3641225 -0.1690874 -0.2763939  0.3006919 
 0.2425356 -0.2084785 -0.1241166 -0.3309857  0.1956102  0.4652437 -0.1157560 -0.0713393 -0.0692837  0.1690707  0.2519221  0.2327689  0.1820780  0.1457251  0.2500897  0.4709694 -0.0988759 
 0.2425356 -0.2505337 -0.1171134 -0.0080032  0.5149727 -0.3234618  0.1272787 -0.2912368 -0.3097949 -0.0349322  0.2037824 -0.3416048  0.0875259  0.1229286 -0.3370408 -0.0429033  0.0127594 
 0.2425356 -0.1947699 -0.0118437  0.4595515 -0.2185225  0.4563821  0.0786523  0.1748974 -0.1171155 -0.1243357 -0.0219535  0.0808840  0.3492274 -0.0112995 -0.4547305 -0.0597585  0.1745376 
 0.2425356  0.0398542 -0.0093282  0.2332706 -0.0710116  0.0424487 -0.4950896 -0.2838999  0.0537666  0.1586383 -0.3145810 -0.4739730  0.0086870 -0.2595843  0.1572909  0.2651366  0.1958639 
 0.2425356 -0.0185758 -0.0915271  0.1557195  0.2050849  0.1955657 -0.0166716 -0.2757434  0.5237030 -0.0289060 -0.0304206  0.1214957 -0.2041595 -0.1749334 -0.1544288 -0.2305157 -0.5581505 
::::::::::::::
run.002.017
::::::::::::::
 0.3508232  0.0000000  0.1539169 -0.0008768  0.2466757 -0.5308886 -0.0460108 -0.1429135 -0.1685428 -0.0144983 -0.3835361  0.2799379 -0.2168045  0.2339648 -0.1991420  0.0118647 -0.3039325 
 0.3508232  0.0000000 -0.3383264 -0.1440165  0.2773760  0.3911746 -0.0879572  0.1393967  0.1379042 -0.1518729  0.1661210 -0.1106684 -0.4324385 -0.0471115 -0.1210533 -0.3126890 -0.3178319 
 0.3508232  0.0000000  0.1675867 -0.2103726 -0.1460416  0.4752255 -0.1634931  0.0486584 -0.1336662  0.4528767 -0.2735412 -0.0462178  0.1568035 -0.0108984 -0.0486237  0.4138197 -0.1734191 
 0.3508232  0.0000000 -0.0043784  0.2773521  0.2985122 -0.0851688 -0.1045643  0.1281066  0.0146344 -0.2299743 -0.0130030 -0.0444539  0.4242973 -0.3007567  0.5628466  0.0596028 -0.1737595 
 0.3508232  0.0000000  0.1885801 -0.0102437  0.2468332  0.1060456 -0.0442006 -0.0820458 -0.0140492 -0.1228098 -0.0685319  0.1304560 -0.1032232 -0.3134609 -0.2144912 -0.0007252  0.7539784 
 0.3508232  0.0000000 -0.0173495 -0.0920110 -0.3510759 -0.2200803 -0.1916807  0.0683338 -0.0622657  0.1998362  0.0414214 -0.2493351  0.3463548  0.0954468 -0.1158764 -0.6260338  0.1137664 
 0.3508232  0.0000000 -0.2636327  0.0754488 -0.2224008  0.0110619 -0.0225204 -0.0580528  0.4170940 -0.1030636  0.2217837  0.3185764  0.0722827  0.5385669  0.1119141  0.2633946  0.1892553 
 0.2631174 -0.0877058 -0.0212355  0.0647406 -0.1259836 -0.2278727  0.1056913 -0.2482320 -0.3603654  0.0967693  0.4173321 -0.4665478 -0.3541762 -0.0128352  0.1828402  0.2895774  0.0624132 
 0.2631174  0.0877058  0.1727066  0.0748858 -0.3405215  0.0313794  0.7748782  0.1129208  0.1055537 -0.1374281 -0.0049506  0.0954875  0.0244801 -0.2481659 -0.1502724 -0.0352224 -0.1798225 
 0.0000000  0.3508232 -0.0905934 -0.0018771  0.0331039 -0.3839374 -0.1168055  0.2780385  0.5499634  0.3158314 -0.0311544 -0.2374046 -0.1391675 -0.2823112 -0.1306688  0.2309302  0.0157677 
 0.0000000  0.3508232  0.0780599  0.4783890 -0.0897012  0.1771931  0.0376198  0.0291853 -0.0609022  0.3503246 -0.2001249  0.1443207 -0.3755536  0.1128321  0.4018719 -0.2889447  0.1191072 
 0.0000000  0.3508232  0.2978194  0.1789685 -0.3621519  0.0635152 -0.4138256  0.2307872 -0.1391503 -0.5474600  0.0244662 -0.0931894 -0.1203295  0.0407932 -0.1671914  0.1316253 -0.0819440 
 0.0000000  0.3508232 -0.0835063 -0.2694234 -0.2229080 -0.0050650 -0.1779871 -0.6687966  0.0886999 -0.0380096  0.0742216  0.2611072  0.0022631 -0.3723850  0.1339176 -0.0777315 -0.1517526 
 0.0000000  0.3508232 -0.6883154  0.0425167 -0.0146560  0.0022299  0.1617318 -0.0106020 -0.3363674 -0.1420270 -0.3779186 -0.1529462  0.1483276  0.0273515 -0.1217804  0.1288135  0.1454157 
 0.0000000  0.3508232 -0.0338838  0.0456198  0.2185385 -0.0374923  0.0054760  0.2359594 -0.3583476  0.2560653  0.5700599  0.4015066  0.1889676 -0.0271834 -0.2175941  0.0336999 -0.0611019 
 0.0000000  0.3508232  0.2056442 -0.6759790  0.1282170 -0.0589643  0.1892555  0.2243028 -0.0541746 -0.1237757 -0.0246412 -0.0713916 -0.0524381  0.2452984  0.4044961 -0.0393496  0.1399799 
 0.0000000  0.3508232  0.2662899  0.1992491  0.3631922  0.1777078  0.1472383 -0.4091628  0.1937991 -0.0123996  0.0706620 -0.3925114  0.2532663  0.3144371 -0.2197728 -0.0378432 -0.0649131 
::::::::::::::
run.003.017
::::::::::::::
 0.4384430  0.0000000  0.0000000 -0.4285295  0.2185517 -0.1689944  0.2208412  0.1005203 -0.0577529 -0.4994796  0.1589265  0.0378453  0.2160507 -0.0021297 -0.3125494  0.0487580  0.2503577 
 0.4384430  0.0000000  0.0000000  0.1970531 -0.5277238  0.0854922  0.1968726 -0.3098492  0.1577389 -0.2167651 -0.1708605 -0.0812500 -0.0687277  0.2523645  0.1988802 -0.3369363  0.1386246 
 0.4384430  0.0000000  0.0000000  0.1299399  0.1603210 -0.0135235 -0.2155220  0.2015701 -0.0728714  0.1505508 -0.1091565  0.1422262  0.2258828  0.1313220  0.5719375  0.4353096  0.1814463 
 0.4384430  0.0000000  0.0000000  0.0326025  0.3066054 -0.0845846 -0.2980158 -0.0684441 -0.0646189  0.1310154 -0.2374652 -0.1415177 -0.4562279 -0.4704362 -0.0773986 -0.2800890  0.0198303 
 0.3399052  0.0000000 -0.0985378 -0.0778823  0.0333802  0.2470211 -0.0767325 -0.1160807 -0.0810742  0.0307559  0.0453671  0.1242177  0.2609112  0.0675528 -0.1003367 -0.0421795 -0.8232260 
 0.3399052  0.0000000  0.0985378  0.1668001 -0.2368671 -0.0127624  0.2003357  0.2143748  0.1294509  0.5299350  0.4171332 -0.0691440 -0.1538211  0.0470927 -0.3909462  0.2136814  0.0618522 
 0.0000000  0.4384430  0.0000000 -0.0997248  0.1229142 -0.3275395 -0.2800814 -0.1297818  0.0605586  0.1642522  0.4987029  0.0519395  0.1126139  0.2231309  0.1930039 -0.4426687  0.0491931 
 0.0000000  0.4384430  0.0000000 -0.4819258 -0.1895294  0.2334357 -0.2228901  0.1303286  0.0637454  0.1061876 -0.2762585 -0.5179349 -0.0134924  0.1723814 -0.0649962  0.1542624  0.0245524 
 0.0000000  0.4384430  0.0000000  0.0353435  0.2841359  0.0643770  0.7018422  0.1105007  0.1960754  0.1185977 -0.1125684 -0.0459423  0.0279500 -0.2329192  0.2694503 -0.0864522 -0.1201866 
 0.0000000  0.4384430  0.0000000  0.1741190 -0.2573943 -0.3926916  0.0694507 -0.2383035 -0.5462600 -0.1423573 -0.0246213  0.0158593 -0.1250385 -0.1352773 -0.0515849  0.3496318 -0.1304550 
 0.0000000  0.3399052 -0.0985378  0.0126753 -0.3253975  0.0604505 -0.2309663  0.3244715  0.3233625 -0.1305103 -0.1333171  0.5983332  0.0228043 -0.2942639 -0.1389385 -0.0331876  0.0392457 
 0.0000000  0.3399052  0.0985378  0.4674094  0.3768305  0.4844262 -0.1151410 -0.1603241 -0.0319996 -0.1876819  0.0233473  0.0415574 -0.0254267  0.2590292 -0.3072025  0.0657276  0.1889322 
 0.0000000  0.0000000  0.4384430 -0.0330423  0.1013971 -0.3456412  0.0221048 -0.2853458  0.1795567  0.3014123 -0.4902990  0.1829501  0.3058396  0.1548617 -0.2824711  0.0022678  0.0273328 
 0.0000000  0.0000000  0.4384430 -0.2873945 -0.0027627  0.1732406 -0.0418620 -0.4406932  0.3192480 -0.1165423  0.2765133  0.1443580 -0.2992403 -0.1733138  0.2132542  0.3433254 -0.0587961 
 0.0000000  0.0000000  0.4384430  0.3604428 -0.0583263 -0.1916216 -0.1740158  0.2786908  0.2441481 -0.3309893  0.1045285 -0.4414599  0.2553761 -0.2140312  0.0305313 -0.0032724 -0.2069627 
 0.0000000  0.0000000  0.4384430 -0.1098112 -0.1865616  0.3843100  0.0307601  0.0338353 -0.5013165  0.1683089  0.0867411  0.0732329  0.3124953 -0.3171619  0.0646572 -0.2696349  0.2084637 
 0.0000000  0.0000000  0.4384430 -0.0873851  0.0491680 -0.0571891  0.0747120  0.4482000 -0.2090849 -0.1215285 -0.0962458  0.2095084 -0.4704221  0.4298936  0.0771579 -0.1524201 -0.2025957 
::::::::::::::
run.004.017
::::::::::::::
 0.4335458 -0.0411673  0.0000000  0.0244388 -0.1819622 -0.1245521  0.3691006 -0.2286347  0.1924793 -0.6132765 -0.0846617  0.1659079 -0.1662140  0.0752677 -0.0691396 -0.2870078  0.0657111 
 0.4335458  0.0411673  0.0000000  0.0244388  0.4367832  0.0820143  0.0705576  0.3289976  0.0039628  0.0008638 -0.2164106  0.2905828  0.1687080  0.0351876  0.5545981  0.1643024 -0.0588134 
 0.4579846  0.0000000 -0.0411673  0.0000000 -0.2355414 -0.2091330 -0.0423281 -0.3107524  0.1408810  0.4958490 -0.1043445 -0.2180415 -0.3421566  0.2287618  0.1186052  0.2723138 -0.0959771 
 0.4579846  0.0000000  0.0411673  0.0000000  0.1990507  0.1663208 -0.2126865 -0.1019304 -0.5687041  0.0502842  0.3027228  0.1455735  0.0423332  0.1384659 -0.4092175 -0.1182894 -0.1563472 
 0.4523012  0.0000000  0.0000000 -0.0468507 -0.2073051  0.0841241 -0.1632081  0.3216672  0.2449026  0.0340225  0.0877169 -0.3641830  0.3012003 -0.4777172 -0.1710643 -0.0383426  0.2488833 
 0.0000000  0.4991519  0.0000000  0.0000000 -0.1093261 -0.3599851 -0.0723858 -0.2507344  0.0376110  0.0173900  0.0391346  0.4645843  0.3422011 -0.1423360 -0.1460880  0.3511861  0.2001920 
 0.0000000  0.4991519  0.0000000  0.0000000 -0.1252888 -0.0878182  0.0198289  0.2383591 -0.2393974 -0.3674051  0.2167578 -0.3129825 -0.2884104 -0.1288059  0.1578587  0.2726437 -0.3660119 
 0.0000000  0.4991519  0.0000000  0.0000000 -0.1545463  0.4332655 -0.3490825  0.0350102  0.1760474  0.1224114 -0.1236370  0.2553608 -0.3313221  0.0112527  0.0905391 -0.4017727  0.1008335 
 0.0000000  0.4991519  0.0000000  0.0000000  0.3381305 -0.0024987  0.4262616 -0.0686253  0.0412868  0.1769528 -0.1213895 -0.4172452  0.2499088  0.2631948 -0.1537523 -0.2592787  0.0752565 
 0.0000000  0.0000000  0.4991519  0.0000000  0.1851274 -0.4576513 -0.1381751  0.0233285 -0.0896127  0.0937795 -0.3953332  0.0068800 -0.1498771 -0.3727891 -0.0998629 -0.2957613 -0.2354804 
 0.0000000  0.0000000  0.4991519  0.0000000 -0.1992032  0.2515823  0.5041830  0.2104746 -0.2323450  0.1945318 -0.0051040  0.1489888 -0.2322428 -0.0727677 -0.1058876  0.2313090  0.3337264 
 0.0000000  0.0000000  0.4991519  0.0000000 -0.1627816  0.3438264 -0.0789684 -0.1074043  0.3245394 -0.1153766 -0.0839072 -0.0097858  0.3479093  0.2205796 -0.1073019  0.1901092 -0.4952131 
 0.0000000  0.0000000  0.4991519  0.0000000  0.1410147 -0.1687228 -0.2729893 -0.1436213  0.0559409 -0.1361870  0.4507717 -0.1760720  0.0025000  0.2324244  0.3565843 -0.0934421  0.4019462 
 0.0000000  0.0000000  0.0000000  0.4991519 -0.1819867 -0.0294206  0.2822087 -0.0980538  0.0237516  0.2820468  0.4262208  0.1326145  0.1584778 -0.2528508  0.2744507 -0.3149514 -0.2909892 
 0.0000000  0.0000000  0.0000000  0.4991519 -0.3973419 -0.1858054 -0.1767416  0.3119340 -0.2932870 -0.0682228 -0.3204971 -0.0647895  0.2132619  0.4016472  0.0162479 -0.0860657  0.1335767 
 0.0000000  0.0000000  0.0000000  0.4991519  0.3478943 -0.1042936 -0.0502507  0.2941142  0.4340229 -0.0074502  0.1854317  0.0970618 -0.3035993  0.1185645 -0.3983844  0.1808399  0.0055578 
 0.0000000  0.0000000  0.0000000  0.4991519  0.1995003  0.3294982 -0.0920612 -0.4827163 -0.1511187 -0.1731964 -0.2681817 -0.2214193 -0.0399917 -0.3176078  0.0678613  0.2225861  0.1748774 
::::::::::::::
run.005.017
::::::::::::::
 0.4872758 -0.0858077  0.0000000  0.0000000  0.0000000  0.3614940 -0.0444655 -0.2861109 -0.1623148 -0.1967927 -0.0235298  0.1255653 -0.0751533 -0.4995258  0.0590117 -0.1361614 -0.4267254 
 0.4872758  0.0858077  0.0000000  0.0000000  0.0000000 -0.0111922 -0.3074327 -0.0421553 -0.1034812 -0.2952496  0.0136411 -0.3864655  0.2457546  0.1982455 -0.4505636 -0.0423692  0.3268951 
 0.5124083  0.0000000  0.0000000  0.0000000 -0.0606752 -0.0578681  0.2859604  0.5295199  0.2822918  0.3102803 -0.0712182  0.0833908 -0.1178385  0.1940889 -0.1467528 -0.2422384 -0.2201862 
 0.5124083  0.0000000  0.0000000  0.0000000  0.0606752 -0.2752521  0.0486780 -0.2173544 -0.0295324  0.1576284  0.0806218  0.1647128 -0.0443951  0.0924142  0.5191000  0.4120124  0.3151201 
 0.0000000  0.5730835  0.0000000  0.0000000  0.0000000  0.0345492  0.2339886  0.2556476 -0.1665870 -0.3060246 -0.0978027 -0.1282343 -0.5281987 -0.2320256  0.0634257  0.0255280  0.2556549 
 0.0000000  0.5730835  0.0000000  0.0000000  0.0000000 -0.2605662 -0.4450089 -0.1117252  0.3574847 -0.0742843  0.1061375 -0.0161636  0.0681934  0.1030737  0.2515439 -0.1963318 -0.3622570 
 0.0000000  0.5730835  0.0000000  0.0000000  0.0000000  0.2818192  0.2503944 -0.1804498 -0.1997069  0.3950509 -0.0139005  0.2210642  0.4119558  0.0244748 -0.2386709  0.1567603 -0.0062373 
 0.0000000  0.0000000  0.4872758 -0.0858077  0.0000000 -0.1727405  0.0439655 -0.0338240  0.3341456 -0.0118091  0.2984576  0.2996533  0.1066718 -0.4458006 -0.1883825 -0.2221021  0.3697120 
 0.0000000  0.0000000  0.4872758  0.0858077  0.0000000 -0.1890085  0.1159377 -0.4209414 -0.0982152  0.0794026 -0.5916574 -0.0343245 -0.1904238  0.2274766 -0.0468503 -0.2664882 -0.0208939 
 0.0000000  0.0000000  0.5124083  0.0000000 -0.0606752  0.2372444 -0.0181448  0.1296111 -0.2143495 -0.3063663  0.3856592  0.2705685 -0.1118715  0.4773994  0.0232279  0.1506935 -0.1868774 
 0.0000000  0.0000000  0.5124083  0.0000000  0.0606752  0.1067617 -0.1339154  0.3028491 -0.0100090  0.2420882 -0.1068402 -0.5228835  0.1915157 -0.2697837  0.2004672  0.3139324 -0.1448319 
 0.0000000  0.0000000  0.0000000  0.5730835  0.0000000 -0.4662385  0.2564948 -0.0275275 -0.3625611  0.0223655  0.3739376 -0.1882994  0.0853444 -0.1119855 -0.0579226 -0.1258314 -0.2034694 
 0.0000000  0.0000000  0.0000000  0.5730835  0.0000000  0.3920312  0.2685829 -0.0615070  0.4510279 -0.2642888 -0.0827272 -0.0930225  0.2232390  0.1055459  0.2507286 -0.0550637  0.1622430 
 0.0000000  0.0000000  0.0000000  0.5730835  0.0000000  0.0766431 -0.5358541  0.1469975 -0.0237295  0.2282662 -0.1579337  0.3313283 -0.2640993 -0.0943701 -0.2139976  0.1875411  0.0997117 
 0.0000000  0.0000000  0.0000000  0.0000000  0.5730835 -0.2784942  0.1447957  0.1061128  0.1360223 -0.3716820 -0.2672521  0.2164959  0.1693848 -0.0597710 -0.2256218  0.3837273 -0.2375525 
 0.0000000  0.0000000  0.0000000  0.0000000  0.5730835  0.2030088  0.0423285 -0.2993101  0.2186594  0.2741037  0.3495741 -0.2790211 -0.4132312  0.1009925 -0.1844281  0.0236918 -0.0212218 
 0.0000000  0.0000000  0.0000000  0.0000000  0.5730835  0.1123159 -0.1497447  0.2539310 -0.3433018  0.0556727 -0.0462547  0.1379219  0.2039495  0.0486512  0.3207876 -0.4939707  0.1976472 
::::::::::::::
run.006.017
::::::::::::::
 0.5346601  0.0000000  0.0000000  0.0000000  0.0000000 -0.1197688 -0.1330304  0.2113756  0.1886575 -0.1973860  0.0310895 -0.2251021 -0.5081310 -0.3339015 -0.0364069  0.0560408 -0.3702344 
 0.5346601  0.0000000  0.0000000  0.0000000  0.0000000  0.1197688 -0.2638693  0.1407677 -0.0947368 -0.0523300  0.4419728 -0.0553561  0.5138447 -0.0168538  0.0859995 -0.2851337  0.2172927 
 0.6544289  0.0000000  0.0000000  0.0000000  0.0000000  0.0000000  0.3242620 -0.2876967 -0.0767320  0.2040148 -0.3864859  0.2291308 -0.0046680  0.2865627 -0.0405165  0.1871660  0.1249514 
 0.0000000  0.5346601  0.0000000  0.0000000  0.0000000 -0.1197688 -0.0637148 -0.0921399  0.0567499  0.1010322 -0.2506251  0.1979446  0.2965675 -0.4002799 -0.4818160 -0.2342233 -0.1914109 
 0.0000000  0.5346601  0.0000000  0.0000000  0.0000000  0.1197688 -0.2160571 -0.2952542 -0.2280873 -0.1663746  0.0861955 -0.5092835 -0.1202000  0.3928983 -0.1521542  0.1654097  0.0103054 
 0.0000000  0.6544289  0.0000000  0.0000000  0.0000000  0.0000000  0.2285701  0.3164961  0.1399804  0.0533839  0.1343369  0.2543599 -0.1440900  0.0060306  0.5179456  0.0562198  0.1479608 
 0.0000000  0.0000000  0.5346601  0.0000000  0.0000000 -0.1197688  0.3925422 -0.3170117 -0.0388900 -0.0666815  0.3439717  0.0482315 -0.1517998  0.1114630 -0.0001662 -0.4785742 -0.2326071 
 0.0000000  0.0000000  0.5346601  0.0000000  0.0000000  0.1197688  0.1845751  0.0235807 -0.2930683 -0.0282110  0.0674742 -0.1241568  0.1829316 -0.4560999 -0.0027002  0.5541516  0.0996746 
 0.0000000  0.0000000  0.6544289  0.0000000  0.0000000  0.0000000 -0.4714975  0.2397294  0.2712057  0.0775260 -0.3361460  0.0620300 -0.0254343  0.2815640  0.0023418 -0.0617457  0.1086041 
 0.0000000  0.0000000  0.0000000  0.5346601  0.0000000 -0.1197688  0.2074541 -0.1249427  0.4064644  0.1794837 -0.1641076 -0.5442905  0.1855156 -0.1289807  0.1889308 -0.1088791  0.1480994 
 0.0000000  0.0000000  0.0000000  0.5346601  0.0000000  0.1197688  0.1299019  0.4351445 -0.5528645 -0.1286514 -0.2168289  0.0120527 -0.1565472  0.0584362 -0.1423127 -0.2691714  0.0597523 
 0.0000000  0.0000000  0.0000000  0.6544289  0.0000000  0.0000000 -0.2756156 -0.2534310  0.1196071 -0.0415293  0.3112203  0.4348315 -0.0236669  0.0576339 -0.0380864  0.3088625 -0.1698122 
 0.0000000  0.0000000  0.0000000  0.0000000  0.5346601 -0.1197688  0.2162411  0.3298980  0.1951006  0.2645202  0.3187001 -0.0628977 -0.0452380  0.2007498 -0.4971018  0.1585230  0.1267020 
 0.0000000  0.0000000  0.0000000  0.0000000  0.5346601  0.1197688 -0.0935875 -0.3031542  0.0664116 -0.3952200 -0.1098841  0.1244930 -0.2308266 -0.2654933  0.0269589 -0.1596144  0.5108615 
 0.0000000  0.0000000  0.0000000  0.0000000  0.6544289  0.0000000 -0.1002064 -0.0218494 -0.2136522  0.1067800 -0.1706000 -0.0503226  0.2255413  0.0528947  0.3841008  0.0008917 -0.5208812 
 0.0000000  0.0000000  0.0000000  0.0000000  0.0000000  0.6544289  0.2800370  0.1188291  0.3739780 -0.4320099 -0.0902220  0.0237537  0.2161453  0.1396031 -0.1152610  0.0404088 -0.2507183 
 0.0000000  0.0000000  0.0000000  0.0000000  0.0000000  0.6544289 -0.1192550 -0.1177137 -0.0243455  0.6244945  0.0920704 -0.0299512 -0.2915993 -0.1878886 -0.0022975 -0.1525507 -0.0086725 
::::::::::::::
run.007.017
::::::::::::::
 0.5495749 -0.1093171  0.0000000  0.0000000  0.0000000  0.0000000  0.0397136 -0.1641633  0.2438230 -0.0869182  0.3732967 -0.3106321  0.3624591 -0.2979844 -0.0503403 -0.3400195 -0.1277675 
 0.5495749  0.1093171  0.0000000  0.0000000  0.0000000  0.0000000  0.0397136  0.1189645 -0.4288860 -0.1501949 -0.4050296  0.1686873  0.2356553  0.4061146 -0.0160239 -0.0929932 -0.2047301 
 0.6292336  0.0000000  0.0000000  0.0000000  0.0000000  0.0000000 -0.0693720  0.0394768  0.1616347  0.2070954  0.0277157  0.1239751 -0.5223953 -0.0944412  0.0579628  0.3781949  0.2904047 
 0.0000000  0.6986056  0.0000000  0.0000000  0.0000000  0.0000000  0.0000000  0.3227652 -0.1336427  0.2299370  0.3551028 -0.0489722  0.0466089  0.1134759  0.0553882 -0.2831772  0.3320224 
 0.0000000  0.6986056  0.0000000  0.0000000  0.0000000  0.0000000  0.0000000 -0.3670687  0.2389075 -0.2200356 -0.2333111 -0.0260312 -0.0267668 -0.2236526 -0.0607579  0.2445227 -0.3199793 
 0.0000000  0.0000000  0.5495749 -0.1093171  0.0000000  0.0000000  0.0397136 -0.0648585  0.1197839 -0.3465140  0.2498572 -0.1010589 -0.2589554  0.3859518  0.4813518 -0.0517799 -0.1509116 
 0.0000000  0.0000000  0.5495749  0.1093171  0.0000000  0.0000000  0.0397136  0.1679342 -0.1529385 -0.0104962  0.2082088  0.5926857  0.1662794 -0.4000414 -0.1549222  0.1020299 -0.1265608 
 0.0000000  0.0000000  0.6292336  0.0000000  0.0000000  0.0000000 -0.0693720 -0.0900267  0.0289574  0.3118140 -0.4000765 -0.4293886  0.0809436  0.0123059 -0.2851048 -0.0438885  0.2423454 
 0.0000000  0.0000000  0.0000000  0.6986056  0.0000000  0.0000000  0.0000000 -0.1513488  0.3393328  0.2692878  0.1427127  0.1532727  0.1428556  0.4520388 -0.1086118  0.0814358 -0.1197770 
 0.0000000  0.0000000  0.0000000  0.6986056  0.0000000  0.0000000  0.0000000  0.1149216 -0.2966575 -0.3218676 -0.1361956 -0.2618292 -0.2093959 -0.3290474  0.2081753 -0.1055038  0.1159666 
 0.0000000  0.0000000  0.0000000  0.0000000  0.5495749 -0.1093171  0.0397136 -0.2232965 -0.3996445 -0.1153031  0.3622355 -0.1915962 -0.1728580  0.1408393 -0.4455679  0.2063242 -0.0531837 
 0.0000000  0.0000000  0.0000000  0.0000000  0.5495749  0.1093171  0.0397136  0.4904083  0.4845394 -0.3437767 -0.1931573  0.0516297  0.0479079  0.0381918 -0.1660166 -0.0612805  0.1262260 
 0.0000000  0.0000000  0.0000000  0.0000000  0.6292336  0.0000000 -0.0693720 -0.2332964 -0.0741475  0.4009619 -0.1476735  0.1222472  0.1091318 -0.1563664  0.5341601 -0.1266816 -0.0637954 
 0.0000000  0.0000000  0.0000000  0.0000000  0.0000000  0.6986056  0.0000000 -0.1680354 -0.1026946 -0.1660721  0.0928797 -0.0360795  0.3699418  0.0481074  0.1428309  0.3792755  0.3636454 
 0.0000000  0.0000000  0.0000000  0.0000000  0.0000000  0.6986056  0.0000000  0.0563556 -0.0356616  0.2018235 -0.0059724 -0.0019802 -0.4044871 -0.0320452 -0.1865748 -0.3374009 -0.3917193 
 0.0000000  0.0000000  0.0000000  0.0000000  0.0000000  0.0000000  0.6986056  0.3403361 -0.0206096  0.2490916  0.0200869 -0.3002022  0.0861481 -0.0573570  0.1415698  0.3629713 -0.2839434 
 0.0000000  0.0000000  0.0000000  0.0000000  0.0000000  0.0000000  0.6986056 -0.3869968  0.0397516 -0.0978764 -0.1055740  0.2700920 -0.1407773  0.0181503 -0.0910999 -0.3288404  0.3610336 
::::::::::::::
run.008.017
::::::::::::::
 0.0775145 -0.0011010  0.0114561 -0.5522445 -0.0002288  0.0064954  0.0190327 -0.0335027  0.4198589  0.0567088 -0.1264998 -0.3764461 -0.5823937 -0.0424300 -0.0311013  0.0788508 -0.0444902 
 0.0792671  0.0003893 -0.0095875  0.5571094  0.0016508  0.0059947  0.0186468  0.0304055  0.0396935  0.2472065  0.4708516 -0.2487158 -0.4316163 -0.1694321 -0.1348374 -0.1656432  0.2740015 
 0.7010554  0.0000339  0.0002619  0.0002169 -0.0006188 -0.0007908 -0.0037023  0.0000350  0.1420356 -0.5154631  0.0803773  0.1419179  0.0474887 -0.3166450  0.1417621  0.1101395  0.2475531 
 0.7044295  0.0000380 -0.0003971  0.0004463  0.0004482 -0.0006105 -0.0005308 -0.0000340 -0.1906002  0.4782674 -0.1212609 -0.0722702  0.0648528  0.3392693 -0.1220587 -0.0987062 -0.2735539 
 0.0029344  0.0013301 -0.0188986 -0.6202055  0.0016866 -0.0003902 -0.0001873  0.0575348 -0.3383323  0.1715895  0.5353622  0.1116604  0.1309399 -0.1141205 -0.0936323 -0.2191502  0.2858485 
 0.0000258  0.0000718  0.7069045 -0.0000036  0.0000269 -0.0000048 -0.0000512  0.0000064 -0.1221173 -0.2220518  0.0599475  0.0242822 -0.0565722 -0.0760889 -0.6065433  0.1021668 -0.2110932 
 0.0000076 -0.0000126  0.7068956 -0.0000716  0.0000455 -0.0000237 -0.0000093  0.0000110  0.1063889  0.2291501 -0.0376426 -0.0190208  0.0637316  0.0723949  0.6022406 -0.1121646  0.2238618 
 0.0000000  0.7071051  0.0000000  0.0000000 -0.0000011  0.0000000  0.0000000  0.0000000  0.2588975 -0.1575037  0.1875858 -0.2825710  0.2787839  0.0038844  0.0121307 -0.3842385 -0.2600198 
 0.0000000  0.7071062  0.0000000  0.0000000  0.0000000  0.0000000  0.0000000  0.0000000 -0.2575813  0.1572229 -0.1890029  0.2819558 -0.2796998 -0.0037483 -0.0118083  0.3849188  0.2591612 
 0.0000694  0.0000175  0.0005132  0.0003524  0.0000342  0.0000190  0.0000853  0.7059791 -0.0625958 -0.2153274 -0.2618254 -0.1947980  0.0004415  0.3377945 -0.1591727 -0.2111029  0.4010043 
 0.0000000  0.0000031  0.0000000  0.0000000 -0.7071031  0.0000000  0.0000000  0.0000000 -0.0458410  0.0150447  0.1624780 -0.4134102  0.2503792  0.0891234  0.0180631  0.4711664  0.0861024 
 0.0000233  0.0000194 -0.0000007 -0.0000132 -0.0000294 -0.0000022  0.7070023  0.0000058 -0.0397000 -0.2450607  0.3135998  0.1488004 -0.2147496  0.4666211  0.1610634  0.0736200 -0.1510514 
 0.0000084  0.0000061 -0.0000019  0.0000030 -0.0000077  0.7070747  0.0000009  0.0000018  0.4822669  0.1731975  0.0955201  0.2743608  0.1732166  0.1787042 -0.2234497  0.0995609  0.1768825 
 0.0000014  0.0000016 -0.0000043  0.0000052 -0.0000036  0.7070828 -0.0000028 -0.0000032 -0.4866397 -0.1757768 -0.0982307 -0.2687061 -0.1639067 -0.1771946  0.2248090 -0.0990152 -0.1784926 
 0.0000449  0.0001954 -0.0019704  0.0000088  0.0002541 -0.0000644 -0.0000142 -0.7044404 -0.1086003 -0.1938547 -0.1923240 -0.1789238  0.0202080  0.3238831 -0.1714943 -0.2403530  0.4391985 
 0.0000000  0.0000002  0.0000000  0.0000000 -0.7071060  0.0000000  0.0000000  0.0000000  0.0447038 -0.0133902 -0.1602984  0.4129666 -0.2508724 -0.0891641 -0.0188493 -0.4723602 -0.0849691 
 0.0000002  0.0000005  0.0000015  0.0000234 -0.0000105 -0.0003337  0.7066992  0.0000103  0.0278687  0.2348282 -0.3222482 -0.1314245  0.2422436 -0.4626819 -0.1561299 -0.0709337  0.1461990 
::::::::::::::
run.009.017
::::::::::::::
 0.7071068  0.0000000  0.0000000  0.0000000  0.0000000  0.0000000  0.0000000  0.0000000 -0.1348761  0.0410976  0.1225869 -0.3509641  0.0061532 -0.3345710  0.2189295 -0.3490835  0.2452571 
 0.7071068  0.0000000  0.0000000  0.0000000  0.0000000  0.0000000  0.0000000  0.0000000  0.1348761 -0.0410976 -0.1225869  0.3509641 -0.0061532  0.3345710 -0.2189295  0.3490835 -0.2452571 
 0.0000000  0.7071068  0.0000000  0.0000000  0.0000000  0.0000000  0.0000000  0.0000000 -0.1348761  0.1544073  0.4515333  0.2189474  0.1466153 -0.2231411 -0.1488675 -0.0945048 -0.3221271 
 0.0000000  0.7071068  0.0000000  0.0000000  0.0000000  0.0000000  0.0000000  0.0000000  0.1348761 -0.1544073 -0.4515333 -0.2189474 -0.1466153  0.2231411  0.1488675  0.0945048  0.3221271 
 0.0000000  0.0000000  0.7071068  0.0000000  0.0000000  0.0000000  0.0000000  0.0000000 -0.1348761 -0.0624069  0.2985353 -0.2260533 -0.4417284  0.2597259  0.1703972  0.0901684 -0.1947905 
 0.0000000  0.0000000  0.7071068  0.0000000  0.0000000  0.0000000  0.0000000  0.0000000  0.1348761  0.0624069 -0.2985353  0.2260533  0.4417284 -0.2597259 -0.1703972 -0.0901684  0.1947905 
 0.0000000  0.0000000  0.0000000  0.7071068  0.0000000  0.0000000  0.0000000  0.0000000 -0.1348761  0.1668870 -0.2630995 -0.2904022  0.1075379 -0.2363244  0.0985734  0.3126102 -0.3543260 
 0.0000000  0.0000000  0.0000000  0.7071068  0.0000000  0.0000000  0.0000000  0.0000000  0.1348761 -0.1668870  0.2630995  0.2904022 -0.1075379  0.2363244 -0.0985734 -0.3126102  0.3543260 
 0.0000000  0.0000000  0.0000000  0.0000000  0.7071068  0.0000000  0.0000000  0.0000000 -0.1348761  0.6316199 -0.0281927  0.0242561 -0.0597054  0.2017255 -0.0427402  0.0031539  0.1881144 
 0.0000000  0.0000000  0.0000000  0.0000000  0.7071068  0.0000000  0.0000000  0.0000000  0.1348761 -0.6316199  0.0281927 -0.0242561  0.0597054 -0.2017255  0.0427402 -0.0031539 -0.1881144 
 0.0000000  0.0000000  0.0000000  0.0000000  0.0000000  0.7071068  0.0000000  0.0000000 -0.1348761 -0.0948468  0.0819672 -0.2907393 -0.0242915 -0.0304058 -0.5770318  0.1433236  0.1629190 
 0.0000000  0.0000000  0.0000000  0.0000000  0.0000000  0.7071068  0.0000000  0.0000000  0.1348761  0.0948468 -0.0819672  0.2907393  0.0242915  0.0304058  0.5770318 -0.1433236 -0.1629190 
 0.0000000  0.0000000  0.0000000  0.0000000  0.0000000  0.0000000  0.7071068  0.0000000 -0.1348761  0.0051314 -0.2406958  0.2512685 -0.4882815 -0.3123054 -0.1242049 -0.0920946 -0.0291552 
 0.0000000  0.0000000  0.0000000  0.0000000  0.0000000  0.0000000  0.7071068  0.0000000  0.1348761 -0.0051314  0.2406958 -0.2512685  0.4882815  0.3123054  0.1242049  0.0920946  0.0291552 
 0.0000000  0.0000000  0.0000000  0.0000000  0.0000000  0.0000000  0.0000000  0.7071068 -0.1348761 -0.0533640  0.1943264  0.1825319 -0.0006480 -0.1927251  0.1967555  0.4714327  0.3313234 
 0.0000000  0.0000000  0.0000000  0.0000000  0.0000000  0.0000000  0.0000000  0.7071068  0.1348761  0.0533640 -0.1943264 -0.1825319  0.0006480  0.1927251 -0.1967555 -0.4714327 -0.3313234 
 0.0000000  0.0000000  0.0000000  0.0000000  0.0000000  0.0000000  0.0000000  0.0000000  0.8419829  0.2526256  0.1976603 -0.1541511 -0.2416761 -0.2780943 -0.0666990  0.1553849  0.0087191 
::::::::::::::
run.010.017
::::::::::::::
 0.7071068  0.0000000  0.0000000  0.0000000  0.0000000  0.0000000  0.0000000 -0.1639343  0.0251314 -0.0151930 -0.0801885  0.3408338 -0.0728595 -0.0109159 -0.2662847 -0.5211683 -0.0413955 
 0.7071068  0.0000000  0.0000000  0.0000000  0.0000000  0.0000000  0.0000000  0.1639343 -0.0251314  0.0151930  0.0801885 -0.3408338  0.0728595  0.0109159  0.2662847  0.5211683  0.0413955 
 0.0000000  0.7071068  0.0000000  0.0000000  0.0000000  0.0000000  0.0000000 -0.1639343 -0.0251314 -0.0151930 -0.4943220 -0.1669308  0.2774380  0.2110710  0.2331495 -0.1483362  0.0464532 
 0.0000000  0.7071068  0.0000000  0.0000000  0.0000000  0.0000000  0.0000000  0.1639343  0.0251314  0.0151930  0.4943220  0.1669308 -0.2774380 -0.2110710 -0.2331495  0.1483362 -0.0464532 
 0.0000000  0.0000000  0.7071068  0.0000000  0.0000000  0.0000000  0.0000000 -0.1759475  0.0000000  0.0283113  0.1962814  0.1264010  0.5708195 -0.0451756 -0.1337548  0.1150510 -0.2339542 
 0.0000000  0.0000000  0.7071068  0.0000000  0.0000000  0.0000000  0.0000000  0.1759475  0.0000000 -0.0283113 -0.1962814 -0.1264010 -0.5708195  0.0451756  0.1337548 -0.1150510  0.2339542 
 0.0000000  0.0000000  0.0000000  0.7071068  0.0000000  0.0000000  0.0000000  0.0000000 -0.2042587  0.0000000  0.0791542 -0.3256199  0.0926112  0.1773437 -0.4508337 -0.0464769  0.3170898 
 0.0000000  0.0000000  0.0000000  0.7071068  0.0000000  0.0000000  0.0000000  0.0000000  0.2042587  0.0000000 -0.0791542  0.3256199 -0.0926112 -0.1773437  0.4508337  0.0464769 -0.3170898 
 0.0000000  0.0000000  0.0000000  0.0000000  0.7071068  0.0000000  0.0000000  0.0000000 -0.2042587  0.0000000 -0.1733014  0.2872659 -0.1410634  0.4170837 -0.1614957  0.3116298 -0.1693270 
 0.0000000  0.0000000  0.0000000  0.0000000  0.7071068  0.0000000  0.0000000  0.0000000  0.2042587  0.0000000  0.1733014 -0.2872659  0.1410634 -0.4170837  0.1614957 -0.3116298  0.1693270 
 0.0000000  0.0000000  0.0000000  0.0000000  0.0000000  0.7071068  0.0000000  0.0000000  0.0000000 -0.2042587 -0.3807566 -0.0151936 -0.0140673 -0.4344570 -0.2790926  0.2113883 -0.0392871 
 0.0000000  0.0000000  0.0000000  0.0000000  0.0000000  0.7071068  0.0000000  0.0000000  0.0000000  0.2042587  0.3807566  0.0151936  0.0140673  0.4344570  0.2790926 -0.2113883  0.0392871 
 0.0000000  0.0000000  0.0000000  0.0000000  0.0000000  0.0000000  0.7071068  0.0000000  0.0000000 -0.2042587  0.0280323  0.3634801  0.1400106 -0.0162621  0.1230575  0.1154358  0.5263447 
 0.0000000  0.0000000  0.0000000  0.0000000  0.0000000  0.0000000  0.7071068  0.0000000  0.0000000  0.2042587 -0.0280323 -0.3634801 -0.1400106  0.0162621 -0.1230575 -0.1154358 -0.5263447 
 0.0000000  0.0000000  0.0000000  0.0000000  0.0000000  0.0000000  0.0000000  0.9113655  0.0000000  0.0000000 -0.1308954  0.1113683  0.2940021  0.0545638 -0.0635657 -0.1964346 -0.0885145 
 0.0000000  0.0000000  0.0000000  0.0000000  0.0000000  0.0000000  0.0000000  0.0000000  0.9113655  0.0000000 -0.0650412 -0.0451959 -0.0023993  0.2786935 -0.2469308  0.1394163  0.0710793 
 0.0000000  0.0000000  0.0000000  0.0000000  0.0000000  0.0000000  0.0000000  0.0000000  0.0000000  0.9113655 -0.1894575  0.1540635  0.0278101 -0.1925537 -0.0627370  0.1170281  0.2330265 
::::::::::::::
run.011.017
::::::::::::::
 0.7063396 -0.0003428 -0.1849166  0.0004363 -0.0128474 -0.0013759  0.0006267  0.0000020 -0.0276181  0.0001719  0.0072968 -0.2093958  0.2882104  0.2143978 -0.2773514  0.4589572  0.0739099 
 0.7078708  0.0002324  0.1838614 -0.0003711  0.0127454  0.0013693 -0.0006245  0.0000749  0.0276385 -0.0001427 -0.0072915  0.2092622 -0.2855461 -0.2143049  0.2769701 -0.4589010 -0.0746699 
-0.0012342  0.7060186 -0.1840317  0.0003986 -0.0117252 -0.0009975  0.0002075  0.0001285  0.0266595 -0.0003756 -0.0085416  0.0816586  0.5623931 -0.1096793  0.0505257 -0.2654142 -0.2424145 
 0.0013399  0.7081931  0.1837568 -0.0003895  0.0116451  0.0009929 -0.0002062 -0.0003114 -0.0266486  0.0003783  0.0085316 -0.0816043 -0.5602932  0.1095443 -0.0506327  0.2650269  0.2416271 
-0.0000103 -0.0003352  0.9297132  0.0003843 -0.0096726 -0.0009381  0.0003300  0.0001770 -0.0003624 -0.0001115 -0.0004955 -0.0507469  0.3358528  0.0416420 -0.0899578  0.0771149 -0.0662774 
-0.0000021  0.0000090 -0.0000723  0.7069244  0.2354052 -0.0001179 -0.0000065  0.0000185 -0.0000752  0.0000152 -0.0000232 -0.0109895 -0.0463063 -0.4255443 -0.5011344 -0.0834695  0.0581937 
-0.0000608 -0.0000164 -0.0000175  0.7072886 -0.2352397  0.0001211  0.0000054  0.0000091  0.0000029  0.0000350  0.0000106  0.0110889  0.0451007  0.4251892  0.5011704  0.0831601 -0.0580936 
 0.0000091  0.0000155 -0.0000118 -0.0000085  0.9426307 -0.0000119  0.0000285 -0.0000135 -0.0000233  0.0000241 -0.0000116  0.0013179  0.0479848  0.2159151  0.2430297  0.0482548 -0.0336434 
 0.0000000  0.0000000  0.0000000  0.0000000  0.0000000  0.7071018  0.2357061  0.0000000  0.0000000  0.0000000  0.0000000 -0.2336382  0.0589797 -0.4467137  0.3389242  0.2656471  0.0373242 
 0.0000000  0.0000000  0.0000000  0.0000000  0.0000000  0.7071070 -0.2357009  0.0000000  0.0000000  0.0000000  0.0000000  0.2329517 -0.0557813  0.4471635 -0.3401128 -0.2646255 -0.0375241 
 0.0000000  0.0000000  0.0000000  0.0000000  0.0000000  0.0000000  0.9428079  0.0000000  0.0000000  0.0000000  0.0000000  0.1169113 -0.0294572  0.2232046 -0.1694042 -0.1330698 -0.0187515 
-0.0000158  0.0001353 -0.0000765  0.0000679 -0.0000350 -0.0001414  0.0000545  0.7072968  0.2340672 -0.0000239  0.0007228 -0.0438502  0.1700407  0.0308708  0.0614962 -0.1884477  0.6114402 
-0.0000605  0.0000483 -0.0000609 -0.0000958  0.0000583  0.0001422 -0.0000547  0.7069166 -0.2341903  0.0000476 -0.0007369  0.0438026 -0.1705381 -0.0307956 -0.0615575  0.1887421 -0.6116045 
 0.0000015  0.0000147 -0.0000479  0.0000151 -0.0000270  0.0000459 -0.0000020 -0.0000167  0.9420296  0.0000464  0.0005439  0.0048644 -0.0994583  0.0034361 -0.0497733  0.1356963 -0.2859399 
-0.0000012 -0.0000045  0.0000091 -0.0000705 -0.0000240 -0.0000079  0.0000002 -0.0000213 -0.0000012  0.7070572 -0.2355870 -0.5859719 -0.0694116  0.1012730 -0.0341787 -0.2709132 -0.1075610 
-0.0000290  0.0000007  0.0000235  0.0000207 -0.0000099  0.0000073 -0.0000002 -0.0000021  0.0000036  0.7071561  0.2355485  0.5860550  0.0699464 -0.1014806  0.0343240  0.2703676  0.1073274 
-0.0000085 -0.0000093  0.0000080 -0.0000124 -0.0000021 -0.0000009 -0.0000058  0.0000101  0.0000028 -0.0000051  0.9427417 -0.2881048 -0.0291261  0.0453206 -0.0120410 -0.1469057 -0.0600430 
::::::::::::::
run.012.017
::::::::::::::
 0.7071069 -0.2076065  0.0000003  0.0000000  0.0000000  0.0000002 -0.0546473  0.0000001  0.0000000 -0.0000001  0.0000000 -0.0182155 -0.1074242  0.3517959 -0.4741555 -0.2372411  0.1928060 
 0.7071067  0.2076066 -0.0000005  0.0000000 -0.0000001 -0.0000001  0.0546473 -0.0000001  0.0000000  0.0000001  0.0000000  0.0182154  0.1074243 -0.3517959  0.4741556  0.2372413 -0.1928062 
 0.0000000  0.9559284  0.0000000  0.0000000  0.0000000  0.0000000 -0.0237363  0.0000000  0.0000000  0.0000000  0.0000000 -0.0079120 -0.0466603  0.1528045 -0.2059522 -0.1030472  0.0837466 
 0.0000001  0.0000001  0.7071067 -0.2076067 -0.0000001  0.0000000  0.0546477  0.0000001  0.0000000  0.0000000  0.0000000 -0.0182152 -0.0141516  0.0115650  0.1518668  0.2129929  0.6203369 
 0.0000000  0.0000002  0.7071068  0.2076066 -0.0000001  0.0000000 -0.0546477 -0.0000001  0.0000000  0.0000000  0.0000000  0.0182153  0.0141517 -0.0115655 -0.1518663 -0.2129927 -0.6203370 
 0.0000000  0.0000000  0.0000000  0.9559283  0.0000000  0.0000000  0.0237366  0.0000000  0.0000000  0.0000000  0.0000000 -0.0079119 -0.0061469  0.0050234  0.0659642  0.0925148  0.2694472 
 0.0000001 -0.0000001  0.0000000  0.0000000  0.7071067 -0.2076067  0.0728629  0.0000001  0.0000000  0.0000000  0.0000000 -0.0000001  0.0789113 -0.0253272  0.2973665 -0.5839757  0.1235626 
 0.0000000  0.0000001  0.0000001  0.0000000  0.7071069  0.2076066 -0.0728629  0.0000000  0.0000001  0.0000000  0.0000000  0.0000001 -0.0789112  0.0253271 -0.2973664  0.5839755 -0.1235625 
 0.0000000  0.0000000  0.0000000  0.0000000  0.0000000  0.9559283  0.0316485  0.0000000  0.0000000  0.0000000  0.0000000  0.0000000  0.0342756 -0.0110011  0.1291631 -0.2536533  0.0536701 
 0.0000000  0.0000000  0.0000000  0.0000000  0.0000000  0.0000000  0.9875769  0.0000000  0.0000000  0.0000000  0.0000000  0.0000000 -0.0240386  0.0452948 -0.1238355  0.0397719 -0.0717312 
 0.0000000  0.0000001  0.0000000  0.0000000  0.0000000  0.0000000  0.0000000  0.7071068 -0.2076067  0.0000000  0.0000000 -0.0728631 -0.1369833  0.5427719  0.3332103  0.0998544 -0.1312430 
 0.0000000  0.0000000  0.0000000  0.0000000 -0.0000001  0.0000000  0.0000000  0.7071068  0.2076067  0.0000000  0.0000000  0.0728631  0.1369834 -0.5427720 -0.3332102 -0.0998543  0.1312427 
 0.0000000  0.0000000  0.0000000  0.0000000  0.0000000  0.0000000  0.0000000  0.0000000  0.9559283  0.0000000  0.0000000 -0.0316486 -0.0594995  0.2357564  0.1447319  0.0433723 -0.0570061 
-0.0000001  0.0000000  0.0000000  0.0000000  0.0000000  0.0000000  0.0000000  0.0000000  0.0000000  0.7071068  0.2076067 -0.0728632  0.6458914  0.1706430 -0.0451331  0.0570778  0.0008652 
 0.0000000  0.0000000  0.0000000  0.0000000  0.0000000  0.0000000  0.0000000  0.0000000  0.0000000  0.7071068 -0.2076068  0.0728632 -0.6458915 -0.1706429  0.0451330 -0.0570778 -0.0008652 
 0.0000000  0.0000000  0.0000000  0.0000000  0.0000000  0.0000000  0.0000000  0.0000000  0.0000000  0.0000000  0.9559283  0.0316486 -0.2805470 -0.0741198  0.0196038 -0.0247921 -0.0003758 
 0.0000000  0.0000000  0.0000000  0.0000000  0.0000000  0.0000000  0.0000000  0.0000000  0.0000000  0.0000000  0.0000000  0.9875769  0.0772702  0.1298701  0.0335079  0.0243622  0.0117723 
::::::::::::::
run.013.017
::::::::::::::
 0.7071182 -0.1985642  0.0705103 -0.0000015  0.0000072  0.0000035  0.0000104 -0.0000006 -0.0000025 -0.0000005  0.0000099 -0.0000012  0.0216995  0.1125039  0.2335644  0.5075482 -0.3609694 
 0.7070954  0.1985695 -0.0705128  0.0000026 -0.0000042 -0.0000031 -0.0000035  0.0000034  0.0000019 -0.0000114 -0.0000078  0.0000007 -0.0217006 -0.1125013 -0.2335610 -0.5075682  0.3609855 
 0.0000008  0.9597616  0.0291762  0.0000013  0.0000000  0.0000004  0.0000020 -0.0000016 -0.0000002  0.0000026  0.0000035 -0.0000001  0.0089791  0.0465441  0.0966400  0.2100180 -0.1493737 
 0.0000001  0.0000003  0.9945879  0.0000001  0.0000003 -0.0000001 -0.0000001  0.0000003  0.0000000  0.0000001  0.0000001  0.0000001 -0.0033402 -0.0173168 -0.0359493 -0.0781269  0.0555680 
 0.0000028 -0.0000077  0.0000029  0.7071221 -0.1985513 -0.0705171  0.0000075 -0.0000017 -0.0000002 -0.0000061  0.0000018 -0.0000014 -0.0217044 -0.0854537 -0.2042815 -0.2897685 -0.5675500 
