 0.3779645 -0.0572098  0.0574373  0.2241461 -0.5387925  0.3673450 -0.6124457 
 0.3779645 -0.8644800 -0.0392402 -0.0672649  0.0986491  0.1307542  0.2773526 
 0.3779645  0.1247115 -0.8453413  0.0330315  0.0927312 -0.3209100 -0.1196439 
 0.3779645  0.3276003  0.0241248 -0.7609059 -0.1574138  0.2949548  0.2418342 
 0.3779645  0.0295098  0.4073866 -0.1720252  0.5890367 -0.2840043 -0.4827968 
 0.3779645  0.0996978  0.3315154  0.1989775 -0.4396496 -0.6230418  0.3409338 
 0.3779645  0.3401704  0.0641174  0.5440409  0.3554388  0.4349022  0.3547657 
