 0.7469864  0.1665479  0.0464890 -0.0150612 -0.0026141 -0.0049470 -0.0111471 -0.0012620  0.0012810 -0.0000896 -0.2282768  0.5996799 
 0.6647806 -0.1898578 -0.0521054  0.0167900  0.0029032  0.0095095  0.0094405  0.0026719 -0.0015506  0.0000803  0.2450845 -0.6773182 
 0.0018621  0.9675716 -0.0182416  0.0058670  0.0010203  0.0019964 -0.0008503  0.0001412 -0.0005194  0.0000320  0.0878729 -0.2360231 
-0.0000667  0.0000102  0.9973899  0.0016972  0.0002869 -0.0000906 -0.0000756  0.0002069 -0.0001666  0.0000062  0.0235637 -0.0682280 
 0.0000309  0.0000238 -0.0000197  0.9997092 -0.0001104 -0.0000062 -0.0000241 -0.0000101 -0.0000104 -0.0000131 -0.0136870  0.0198534 
 0.0000003  0.0000009  0.0000012  0.0000003  0.9999884 -0.0000001  0.0000008  0.0000003  0.0000009 -0.0000049 -0.0038339  0.0028990 
-0.0074711  0.0000453 -0.0005874 -0.0039547 -0.0016893  0.7410216 -0.1814965  0.0539912 -0.0064324 -0.0011020 -0.6059267 -0.2185557 
 0.0043284  0.0009932  0.0019182  0.0040062  0.0018005  0.6713924  0.2010027 -0.0599012  0.0071318  0.0012139  0.6630927  0.2558419 
-0.0001803  0.0044470  0.0006004 -0.0018910 -0.0007531 -0.0006255  0.9625189  0.0229678 -0.0026720 -0.0004630 -0.2576732 -0.0812542 
-0.0001675  0.0005376  0.0001274  0.0004435  0.0002056  0.0001917 -0.0003076  0.9964740  0.0008457  0.0001430  0.0776664  0.0317175 
-0.0000044 -0.0000006  0.0000004 -0.0000003 -0.0000184 -0.0000014 -0.0000004 -0.0000010  0.9999478 -0.0000168 -0.0086594 -0.0054268 
 0.0000000  0.0000000  0.0000000  0.0000000  0.0000000  0.0000000  0.0000000  0.0000000  0.0000000  0.9999985 -0.0016465 -0.0004773 
