::::::::::::::
run.001.015
::::::::::::::
 0.2581989 -0.0361183  0.2553226 -0.2800752 -0.1447037 -0.0952534 -0.0038799 -0.1740057  0.5770673  0.2777551 -0.3079496  0.0345736 -0.0937490 -0.0212817  0.4611582 
 0.2581989  0.0491185 -0.0124156 -0.1599445  0.5184917  0.0291669  0.1351015 -0.5398331 -0.0703270 -0.0039939 -0.2373503 -0.2783433  0.3607641  0.0179956 -0.2378679 
 0.2581989 -0.0203006 -0.4878812  0.1695882  0.0474158 -0.2275585 -0.2680580 -0.1704238  0.2451388 -0.1039690 -0.1052460  0.5998461 -0.0444328 -0.0882764 -0.2442149 
 0.2581989 -0.3806803  0.0137923  0.3522016  0.0630436 -0.3927768  0.1839491  0.1059973 -0.2154174 -0.0524034 -0.3352935 -0.1786247 -0.3307287  0.3938538  0.0536403 
 0.2581989  0.4758186  0.2726915  0.0820164  0.1516787 -0.3604089 -0.5707699  0.0973272 -0.0503477 -0.1968036  0.1481768 -0.2430264 -0.0824935 -0.0530077  0.0760988 
 0.2581989  0.0689579  0.1169881 -0.1703633 -0.1915014  0.1655710  0.1114607  0.2403756 -0.1899630 -0.2123947 -0.4843699 -0.0207815 -0.2072222 -0.5670342 -0.2662058 
 0.2581989 -0.0741666 -0.4274159 -0.1230206 -0.1577165  0.0944858 -0.2540556  0.3325572 -0.2395387  0.0846817 -0.1897110 -0.1244860  0.5257914  0.0891608  0.3473193 
 0.2581989 -0.2423413  0.2129357 -0.1380036  0.4111221  0.3437855  0.0357220  0.1813258  0.0259316 -0.5124891  0.1824136  0.3189202 -0.0231693  0.1125993  0.2780911 
 0.2581989  0.0168064  0.4271413  0.2708322 -0.3458957  0.2900980 -0.1204102  0.0456303  0.1400063  0.0495039 -0.0567269  0.1081864  0.3146445  0.3834020 -0.4170093 
 0.2581989 -0.0391443 -0.0639793  0.0196482  0.4032595  0.2639488 -0.1072627  0.3189232  0.0203458  0.6656040  0.1545083 -0.0267023 -0.2804245 -0.0512945 -0.1803322 
 0.2581989 -0.5794553 -0.0080101 -0.0997495 -0.2951744  0.0252750 -0.2660218 -0.3221773 -0.0680988 -0.0396233  0.4159298 -0.2684903 -0.0998228 -0.2393536 -0.0816786 
 0.2581989  0.1243677 -0.2053629  0.4645174 -0.0161473  0.0388277  0.4123652  0.1509236  0.4320750 -0.1551258  0.2400239 -0.3181938  0.1489529 -0.2592172  0.0795753 
 0.2581989  0.0585648  0.2803787  0.1189470 -0.0558188 -0.2981644  0.3146047 -0.0882015 -0.4158067  0.2817072  0.2364740  0.4079585  0.2509963 -0.2584093  0.1843660 
 0.2581989  0.1633678 -0.1485931 -0.5933782 -0.1596028 -0.2900350  0.3155029  0.2050947  0.0723771 -0.0708055  0.2886751 -0.0236744 -0.0555898  0.3162034 -0.2899085 
 0.2581989  0.4152051 -0.2255922  0.0867841 -0.2284510  0.4130384  0.0817519 -0.3835135 -0.2634426 -0.0116436  0.0504456  0.0128379 -0.3835167  0.2246597  0.2369682 
::::::::::::::
run.002.015
::::::::::::::
 0.3746343  0.0000000  0.2816110 -0.2053302 -0.0931239 -0.1892579 -0.0221111  0.2658194 -0.1846494 -0.1936317 -0.2940960 -0.5935455  0.3116091 -0.0034700  0.1226979 
 0.3746343  0.0000000  0.1117286  0.1503190 -0.2684060  0.2886371 -0.0109415  0.3581283  0.4464086  0.0590053  0.4501330  0.0325545  0.0487695  0.3027261  0.2009427 
 0.3746343  0.0000000 -0.5507498 -0.0456968 -0.0697509  0.1051607  0.0133979  0.2603637  0.1101170  0.1283081 -0.1021156  0.0459287  0.1274838 -0.5021448 -0.4010181 
 0.3746343  0.0000000  0.0866229 -0.1420469  0.4882666  0.2756022 -0.0676682 -0.2643715  0.1115123 -0.5797700 -0.0272304  0.2568251  0.1201978  0.0622897 -0.0976716 
 0.3746343  0.0000000  0.0805882  0.1644775 -0.1573848  0.0013865  0.3396649 -0.5363727 -0.3559112  0.1904650  0.3776946 -0.1592943  0.0782679  0.0248595 -0.2460498 
 0.3746343  0.0000000  0.1415220  0.3833220  0.0453914 -0.3748997 -0.1932628 -0.0612264 -0.0752115  0.2231926 -0.2148512  0.4642979  0.1225225 -0.1785095  0.3806479 
 0.2809757 -0.0936586 -0.2957450 -0.1384141  0.1007528  0.2174394  0.0762408  0.2058466 -0.5080676  0.0653986 -0.1105977  0.0592490 -0.5248429  0.2715434  0.2696159 
 0.2809757  0.0936586  0.0939810 -0.2683119 -0.0274095 -0.3596113 -0.1550130 -0.2356343  0.4383798  0.1645091 -0.1421149 -0.1216043 -0.5536246  0.1207887 -0.2156812 
 0.0000000  0.3746343 -0.1327565 -0.6635701  0.0797414 -0.1712601  0.2170447 -0.0376791  0.0126530  0.2356946  0.1993480  0.2226730  0.3096886  0.0493571  0.2722215 
 0.0000000  0.3746343 -0.3050153  0.3620716  0.0476839 -0.4108214  0.4781132  0.1440283  0.0979325 -0.3795628 -0.0433628 -0.0193803 -0.0524000  0.2361114 -0.0269378 
 0.0000000  0.3746343  0.0708175  0.0143029 -0.4320147  0.3372618 -0.0196853 -0.1168009 -0.0472300  0.0828794 -0.5369103  0.2284131  0.1599354  0.3441748 -0.2154919 
 0.0000000  0.3746343  0.4645454 -0.0784190 -0.0924077 -0.0642380 -0.0407383  0.3653466 -0.2957379 -0.1671586  0.2511497  0.2682270 -0.2696491 -0.2792829 -0.2979251 
 0.0000000  0.3746343 -0.3442821  0.0989240 -0.0350356 -0.0907158 -0.7216080 -0.1162267 -0.1939293 -0.1125165  0.2755481 -0.1847976  0.0801584  0.1442393  0.0085792 
 0.0000000  0.3746343  0.1565356  0.2376981  0.6355005  0.2245340  0.0327487  0.1396139  0.0480520  0.4677930 -0.0749890 -0.2535286  0.0294400  0.0469327 -0.0984669 
 0.0000000  0.3746343 -0.0072760  0.0614670 -0.1714273  0.3195022  0.1119385 -0.2679118  0.1416478 -0.1519067 -0.0629045 -0.2163933 -0.2499778 -0.5038437  0.4793453 
::::::::::::::
run.003.015
::::::::::::::
 0.4472136  0.0000000  0.0000000  0.1740723  0.0118024  0.0624870 -0.3941942 -0.5069905  0.0827937 -0.2682060 -0.3269386 -0.3421602  0.1848686  0.0818874  0.0979424 
 0.4472136  0.0000000  0.0000000 -0.1480081 -0.2453011  0.2852243  0.6689749  0.1586300  0.0168103  0.1113712 -0.1158040 -0.2844014  0.1746383  0.0009202  0.1624715 
 0.4472136  0.0000000  0.0000000 -0.1814113  0.2930518  0.1649042 -0.1066268 -0.2658503 -0.0903726  0.2667487  0.5117968  0.2426011 -0.0731030 -0.3787000  0.1519881 
 0.4472136  0.0000000  0.0000000  0.1691581 -0.0856836 -0.0708723 -0.0304908  0.3166350  0.0933775 -0.4397079  0.2217660  0.4207271 -0.1615874  0.4415859  0.0920387 
 0.4472136  0.0000000  0.0000000 -0.0138110  0.0261305 -0.4417433 -0.1376630  0.2975759 -0.1026089  0.3297939 -0.2908201 -0.0367666 -0.1248165 -0.1456935 -0.5044406 
 0.0000000  0.4472136  0.0000000 -0.1682415 -0.0567984  0.1034220 -0.2654029  0.1436143  0.4175202  0.3558082 -0.0124154 -0.2352405 -0.4232219  0.2323108  0.2778650 
 0.0000000  0.4472136  0.0000000 -0.1801226 -0.3902709  0.1743002 -0.2367016 -0.0227188 -0.5664939  0.0818203  0.1603227  0.0366267  0.2799918  0.2478445 -0.1839646 
 0.0000000  0.4472136  0.0000000  0.2591957  0.4139429 -0.3719601  0.4065572 -0.3153659 -0.0709318  0.1713394  0.0112348  0.0612504  0.1055933  0.3279151  0.0377553 
 0.0000000  0.4472136  0.0000000  0.1007630 -0.4821542 -0.1958973  0.1415139 -0.2119941  0.2804473 -0.2285831 -0.0130352  0.2256401 -0.0774466 -0.5112347 -0.0684649 
 0.0000000  0.4472136  0.0000000 -0.0115946  0.5152807  0.2901352 -0.0459666  0.4064645 -0.0605418 -0.3803848 -0.1461069 -0.0882768  0.1150834 -0.2968357 -0.0631907 
 0.0000000  0.0000000  0.4472136  0.2888484 -0.0729863 -0.1490256  0.0559959  0.0460045 -0.3758363 -0.1653560  0.2946875 -0.4818102 -0.4126742 -0.1242885  0.1022453 
 0.0000000  0.0000000  0.4472136 -0.7221194  0.0777784 -0.3270707  0.0299005 -0.0911127 -0.0658919 -0.2311644 -0.2045620  0.1061813 -0.0028233  0.0476060  0.2077262 
 0.0000000  0.0000000  0.4472136 -0.0322519  0.0754492  0.4356224  0.1424197 -0.2551724  0.2071568 -0.0170870 -0.0146118  0.0994736 -0.2335008  0.1838943 -0.6135551 
 0.0000000  0.0000000  0.4472136  0.1032008 -0.0224753 -0.1609177 -0.1421057  0.2090672  0.4061119  0.1168068  0.3525995 -0.1396317  0.6116900 -0.0089904 -0.0490625 
 0.0000000  0.0000000  0.4472136  0.3623222 -0.0577660  0.2013915 -0.0862104  0.0912134 -0.1715405  0.2968006 -0.4281133  0.4157870  0.0373082 -0.0982213  0.3526461 

::::::::::::::
run.004.015
::::::::::::::
 0.4393209  0.0000000  0.0000000 -0.1147523  0.3576517  0.2890979 -0.2720851 -0.2482389  0.2736287  0.1612096  0.0890025 -0.3480092  0.3781203 -0.2716326 -0.0056210 
 0.4393209  0.0000000  0.0000000  0.1147523 -0.1197506 -0.2580196  0.5473250 -0.1724173  0.0036968  0.2642560 -0.1547779  0.0118080 -0.2431271 -0.3991004 -0.2670019 
 0.5540732  0.0000000  0.0000000  0.0000000 -0.2679857  0.3856202 -0.0420174  0.2468417 -0.1329210  0.1217497 -0.0843670  0.2283801 -0.1643325  0.1488256  0.5185237 
 0.5540732  0.0000000  0.0000000  0.0000000  0.0793555 -0.4102619 -0.1762184  0.0866938 -0.0869686 -0.4590985  0.1365199  0.0381916  0.0572974  0.3829940 -0.3023629 
 0.0000000  0.4393209  0.0000000 -0.1147523  0.0019738  0.0137971  0.1656717  0.3974511  0.3880090  0.3814412  0.0986851  0.2996292  0.3031071  0.2296201 -0.2608758 
 0.0000000  0.4393209  0.0000000  0.1147523 -0.4817906 -0.2122596 -0.4777662 -0.1163920  0.1878967 -0.1188345 -0.3762026  0.0329883  0.0664266 -0.2786838  0.0269156 
 0.0000000  0.5540732  0.0000000  0.0000000 -0.0319592  0.0049829  0.2278570 -0.5245428 -0.4183179  0.0118527  0.2640457  0.0055564  0.2202214  0.1818929  0.1960326 
 0.0000000  0.5540732  0.0000000  0.0000000  0.4124027  0.1523767  0.0196007  0.3016930 -0.0383138 -0.2200719 -0.0440039 -0.2692867 -0.5132222 -0.1429906 -0.0105271 
 0.0000000  0.0000000  0.4393209 -0.1147523  0.0201930 -0.0834142 -0.1202160 -0.2079792  0.0369139  0.3887327 -0.3643345 -0.3264088 -0.2464056  0.5217827 -0.0634430 
 0.0000000  0.0000000  0.4393209  0.1147523  0.1976809  0.1413147 -0.0737484  0.2135282 -0.5563865  0.0216765 -0.3372562  0.2105441  0.3380005 -0.2114893 -0.2380545 
 0.0000000  0.0000000  0.5540732  0.0000000 -0.2102068 -0.1902789  0.3051741  0.2763487  0.1685524 -0.2257611  0.1767119 -0.3863009  0.2454449 -0.1140903  0.3316877 
 0.0000000  0.0000000  0.5540732  0.0000000  0.0374561  0.1443700 -0.1513811 -0.2807484  0.2433338 -0.0996496  0.3795746  0.4781693 -0.3180698 -0.1319393 -0.0926324 
 0.0000000  0.0000000  0.0000000  0.5540732 -0.2475953  0.0532124 -0.2655554  0.1789107 -0.2026860  0.3331482  0.4774386 -0.2923380 -0.0969019 -0.0066258 -0.2267747 
 0.0000000  0.0000000  0.0000000  0.5540732  0.4751538 -0.4032364 -0.0561346 -0.0133161  0.1462276  0.1691223 -0.0838455  0.2121031  0.0459961  0.0341119  0.4427435 
 0.0000000  0.0000000  0.0000000  0.5540732 -0.0652534  0.4636107  0.2756212 -0.1621744  0.2766844 -0.3439818 -0.2503602 -0.0502691  0.1075541  0.2560522 -0.1852753 
::::::::::::::
run.005.015
::::::::::::::
 0.5773503  0.0000000  0.0000000  0.0000000  0.0000000  0.1399645 -0.1300359  0.1919188  0.2425915  0.2391337  0.0435583 -0.0289089  0.5969020 -0.0370555 -0.3419074 
 0.5773503  0.0000000  0.0000000  0.0000000  0.0000000 -0.3492281  0.0210590 -0.3131389 -0.3634935 -0.4583841 -0.0755874  0.2295543  0.0628455 -0.1218733  0.1635609 
 0.5773503  0.0000000  0.0000000  0.0000000  0.0000000  0.2092636  0.1089769  0.1212200  0.1209020  0.2192504  0.0320292 -0.2006455 -0.6597476  0.1589288  0.1783465 
 0.0000000  0.5773503  0.0000000  0.0000000  0.0000000  0.0286748  0.0067214 -0.0585362 -0.3341386  0.2669062 -0.5689594  0.0677461 -0.1245296 -0.0155222 -0.3680114 
 0.0000000  0.5773503  0.0000000  0.0000000  0.0000000  0.0821348 -0.2370931 -0.3656237  0.1981624 -0.0622325  0.5663084  0.2164639 -0.0718536  0.2186674 -0.0796578 
 0.0000000  0.5773503  0.0000000  0.0000000  0.0000000 -0.1108096  0.2303718  0.4241598  0.1359762 -0.2046737  0.0026510 -0.2842099  0.1963832 -0.2031452  0.4476692 
 0.0000000  0.0000000  0.5773503  0.0000000  0.0000000  0.3448398  0.3714443 -0.2388354  0.1455017  0.1848608 -0.1071614  0.3998752  0.1199151 -0.1822869  0.2800050 
 0.0000000  0.0000000  0.5773503  0.0000000  0.0000000 -0.3765363 -0.2758718  0.2871268  0.3397015 -0.2407777 -0.2207900  0.1312935 -0.1556600  0.2796316 -0.1567128 
 0.0000000  0.0000000  0.5773503  0.0000000  0.0000000  0.0316965 -0.0955725 -0.0482914 -0.4852032  0.0559169  0.3279514 -0.5311687  0.0357449 -0.0973448 -0.1232922 
 0.0000000  0.0000000  0.0000000  0.5773503  0.0000000  0.0428385  0.0519845 -0.3679433  0.1172217 -0.0469308 -0.2644571 -0.3617205  0.2197922  0.4825491  0.1698880 
 0.0000000  0.0000000  0.0000000  0.5773503  0.0000000 -0.4166687  0.3625258  0.2347598 -0.1350090  0.3062667  0.3162912  0.2682655 -0.0564221 -0.0022167 -0.1389067 
 0.0000000  0.0000000  0.0000000  0.5773503  0.0000000  0.3738302 -0.4145103  0.1331835  0.0177873 -0.2593359 -0.0518342  0.0934550 -0.1633701 -0.4803324 -0.0309812 
 0.0000000  0.0000000  0.0000000  0.0000000  0.5773503  0.1389702 -0.3122343  0.2735783 -0.3538325  0.1564031  0.0110343  0.2490230  0.1340142  0.3340087  0.3656547 
 0.0000000  0.0000000  0.0000000  0.0000000  0.5773503  0.2378798  0.4611171  0.0517341  0.0486056 -0.4472553  0.0506316 -0.0532724 -0.0559245  0.0752479 -0.4221176 
 0.0000000  0.0000000  0.0000000  0.0000000  0.5773503 -0.3768500 -0.1488828 -0.3253125  0.3052269  0.2908522 -0.0616659 -0.1957506 -0.0780897 -0.4092566  0.0564629 
::::::::::::::
run.006.015
::::::::::::::
 0.6859943  0.0000000  0.0000000  0.0000000  0.0000000  0.0000000  0.3819877 -0.0021817 -0.0495654 -0.1465957  0.4782348 -0.2112007  0.2841241 -0.0699624 -0.0246952 
 0.5144958 -0.1714986  0.0000000  0.0000000  0.0000000  0.0000000 -0.1713057 -0.0775118 -0.0094568 -0.0878419 -0.0570577  0.4824707 -0.5251832  0.2073396  0.3284544 
 0.5144958  0.1714986  0.0000000  0.0000000  0.0000000  0.0000000 -0.3380112  0.0804208  0.0755440  0.2833028 -0.5805887 -0.2008698  0.1463510 -0.1140564 -0.2955275 
 0.0000000  0.6859943  0.0000000  0.0000000  0.0000000  0.0000000 -0.1668794  0.0127641  0.1541523 -0.5710174 -0.0198717 -0.1119781 -0.1364060 -0.2577494  0.2315188 
 0.0000000  0.6859943  0.0000000  0.0000000  0.0000000  0.0000000  0.2085558 -0.0522473 -0.1754025  0.4782312  0.1507544  0.2828132 -0.0314776  0.3380984 -0.0755234 
 0.0000000  0.0000000  0.6859943  0.0000000  0.0000000  0.0000000 -0.0845368 -0.0592510 -0.5862785 -0.2927000 -0.1387142 -0.0021943  0.1354756  0.2091541 -0.0895173 
 0.0000000  0.0000000  0.5144958 -0.1714986  0.0000000  0.0000000 -0.3995180 -0.2846297  0.4931576  0.2171761  0.4096897 -0.0629079 -0.0060141  0.0083144 -0.0545473 
 0.0000000  0.0000000  0.5144958  0.1714986  0.0000000  0.0000000  0.5122338  0.3636310  0.2885470  0.1730905 -0.2247373  0.0658336 -0.1746201 -0.2871865  0.1739037 
 0.0000000  0.0000000  0.0000000  0.6859943  0.0000000  0.0000000 -0.2389204  0.2787553  0.2258401 -0.1156478  0.0863440  0.2659741  0.4247366  0.2620012  0.0547978 
 0.0000000  0.0000000  0.0000000  0.6859943  0.0000000  0.0000000  0.0109825 -0.4408204 -0.1746874  0.1266692  0.0722628 -0.2981595 -0.3825851 -0.1881260 -0.1119105 
 0.0000000  0.0000000  0.0000000  0.0000000  0.6859943  0.0000000  0.1667447 -0.4271196  0.1299421  0.0181747 -0.2601111 -0.0660946  0.2628600  0.1515298  0.3713201 
 0.0000000  0.0000000  0.0000000  0.0000000  0.5144958 -0.1714986  0.0624138  0.0305660  0.0782460 -0.2213684  0.0779782  0.3825970 -0.1365998 -0.1952014 -0.6608344 
 0.0000000  0.0000000  0.0000000  0.0000000  0.5144958  0.1714986 -0.2847400  0.5389268 -0.2515021  0.1971355  0.2688366 -0.2944708 -0.2138801 -0.0068384  0.1657409 
 0.0000000  0.0000000  0.0000000  0.0000000  0.0000000  0.6859943 -0.0912413 -0.1471038 -0.1777035  0.1056086  0.0482874  0.3761982  0.2254136 -0.5061499  0.0765490 
 0.0000000  0.0000000  0.0000000  0.0000000  0.0000000  0.6859943  0.1780298  0.0200137  0.2601405 -0.2102346 -0.0960020 -0.2069312 -0.2060936  0.4590592 -0.2831928 

::::::::::::::
run.007.015
::::::::::::::
 0.5339195  0.0968409  0.0288442 -0.0249834  0.0077884 -0.0063994  0.0020843  0.4290661 -0.3960521  0.3235194 -0.4421325 -0.1608172  0.0273224  0.1020987 -0.1607976 
 0.5382730 -0.0950169 -0.0278603 -0.0235365 -0.0095336 -0.0057955 -0.0012290 -0.1970334  0.1941905 -0.0041434  0.5441180 -0.3963774 -0.1292873  0.3439505 -0.1871683 
 0.6520672  0.0000508 -0.0005972  0.0398866  0.0014978  0.0100239 -0.0006922 -0.1886125  0.1643366 -0.2612631 -0.0870079  0.4591376  0.0843901 -0.3674829  0.2858868 
-0.0005481  0.6966802 -0.0077642 -0.0000731 -0.0013380  0.0000047  0.0004051  0.0253988  0.3896595 -0.2745288 -0.1885916  0.0675030  0.1398255  0.1704470 -0.4449738 
-0.0003003  0.7044361 -0.0000402  0.0002432 -0.0010360  0.0001104 -0.0008529 -0.1106402 -0.3046936  0.2265900  0.3207371 -0.0980790 -0.1594879 -0.1362047  0.4368814 
 0.0000042  0.0000026  0.7067958 -0.0000608 -0.0001112 -0.0000047 -0.0001113 -0.1973158 -0.4199829 -0.1311354  0.2090225  0.1100996  0.1839961 -0.1661052 -0.3881575 
-0.0000310 -0.0000068  0.7062372  0.0001767 -0.0005931  0.0000225 -0.0000184  0.1723029  0.4485348  0.1145763 -0.1717992 -0.1181565 -0.1887496  0.1772042  0.3830477 
-0.0002277 -0.0000287  0.0000388  0.7056024 -0.0000959 -0.0009855  0.0000546  0.1021592  0.1821049  0.5075881  0.2072279  0.3412274 -0.0077542 -0.0360857 -0.2003447 
 0.0002266  0.0001145 -0.0000297  0.7066514 -0.0000139  0.0000014  0.0000177 -0.0827786 -0.1986471 -0.4809318 -0.1995894 -0.3854467 -0.0002301  0.0718443  0.1716646 
 0.0000026  0.0000062 -0.0000067 -0.0000072  0.7070551 -0.0000034 -0.0000193 -0.1125601 -0.1873815 -0.0511483 -0.0135373  0.3524689 -0.0066203  0.5555286  0.1288488 
-0.0000089 -0.0000037  0.0000035 -0.0000095  0.7070475 -0.0000052 -0.0000193  0.1055897  0.1946382  0.0480301  0.0259549 -0.3570777  0.0042979 -0.5510009 -0.1301738 
-0.0000101 -0.0000123 -0.0000046  0.0000021 -0.0000103  0.7070435  0.0000185  0.5429991 -0.0232484 -0.2358005  0.3213357  0.0699837  0.1769013  0.0239230  0.0952803 
 0.0000100 -0.0000054  0.0000282 -0.0000046 -0.0000100  0.7070456  0.0000003 -0.5379020  0.0192082  0.2430685 -0.3193956 -0.0807024 -0.1788892 -0.0150081 -0.1026826 
 0.0000000  0.0000000  0.0000000  0.0000000  0.0000000  0.0000000  0.7071042  0.1307280 -0.0689770 -0.1757374  0.0141716  0.1375171 -0.6317160 -0.0714427 -0.1548917 
 0.0000000  0.0000000  0.0000000  0.0000000  0.0000000  0.0000000  0.7071042 -0.1327143  0.0699892  0.1749126 -0.0115034 -0.1374438  0.6312409  0.0710968  0.1560597 
::::::::::::::
run.008.015
::::::::::::::
 0.7071068  0.0000000  0.0000000  0.0000000  0.0000000  0.0000000  0.0000000 -0.1414214 -0.1847571 -0.4831571  0.1680642 -0.0800690 -0.1134438  0.1601487  0.3731627 
 0.7071068  0.0000000  0.0000000  0.0000000  0.0000000  0.0000000  0.0000000  0.1414214  0.1847571  0.4831571 -0.1680642  0.0800690  0.1134438 -0.1601487 -0.3731627 
 0.0000000  0.7071068  0.0000000  0.0000000  0.0000000  0.0000000  0.0000000 -0.1414214 -0.3633348 -0.0503037 -0.4404415 -0.2691374  0.2381094  0.0857457 -0.1224141 
 0.0000000  0.7071068  0.0000000  0.0000000  0.0000000  0.0000000  0.0000000  0.1414214  0.3633348  0.0503037  0.4404415  0.2691374 -0.2381094 -0.0857457  0.1224141 
 0.0000000  0.0000000  0.7071068  0.0000000  0.0000000  0.0000000  0.0000000 -0.1414214 -0.2128441 -0.0946481 -0.0103283  0.2421008  0.0690916 -0.5994984  0.0533632 
 0.0000000  0.0000000  0.7071068  0.0000000  0.0000000  0.0000000  0.0000000  0.1414214  0.2128441  0.0946481  0.0103283 -0.2421008 -0.0690916  0.5994984 -0.0533632 
 0.0000000  0.0000000  0.0000000  0.7071068  0.0000000  0.0000000  0.0000000 -0.1414214 -0.3641858  0.2665702  0.3443910 -0.2261787 -0.2793739 -0.0237725 -0.1671293 
 0.0000000  0.0000000  0.0000000  0.7071068  0.0000000  0.0000000  0.0000000  0.1414214  0.3641858 -0.2665702 -0.3443910  0.2261787  0.2793739  0.0237725  0.1671293 
 0.0000000  0.0000000  0.0000000  0.0000000  0.7071068  0.0000000  0.0000000 -0.1414214  0.3085419 -0.1972485 -0.1774276 -0.3319312 -0.3555388 -0.2309382 -0.1565112 
 0.0000000  0.0000000  0.0000000  0.0000000  0.7071068  0.0000000  0.0000000  0.1414214 -0.3085419  0.1972485  0.1774276  0.3319312  0.3555388  0.2309382  0.1565112 
 0.0000000  0.0000000  0.0000000  0.0000000  0.0000000  0.7071068  0.0000000 -0.1414214  0.1876348  0.2119022  0.1481852 -0.3712966  0.3268591 -0.1519980  0.3318589 
 0.0000000  0.0000000  0.0000000  0.0000000  0.0000000  0.7071068  0.0000000  0.1414214 -0.1876348 -0.2119022 -0.1481852  0.3712966 -0.3268591  0.1519980 -0.3318589 
 0.0000000  0.0000000  0.0000000  0.0000000  0.0000000  0.0000000  0.7071068 -0.1414214 -0.0335850  0.3164647 -0.3179405  0.1348147 -0.3221545  0.0529187  0.3909949 
 0.0000000  0.0000000  0.0000000  0.0000000  0.0000000  0.0000000  0.7071068  0.1414214  0.0335850 -0.3164647  0.3179405 -0.1348147  0.3221545 -0.0529187 -0.3909949 
 0.0000000  0.0000000  0.0000000  0.0000000  0.0000000  0.0000000  0.0000000  0.8485281 -0.2208433 -0.0101401 -0.0951659 -0.3005658 -0.1454836 -0.2357980  0.2344416 
::::::::::::::
run.009.015
::::::::::::::
 0.7071068  0.0000000 -0.2049888  0.0000000  0.0000000  0.0000000  0.0000000  0.0000000  0.0000000  0.3109866  0.2899321  0.0086639 -0.2510469  0.4414569  0.1386454 
 0.7071068  0.0000000  0.2049888  0.0000000  0.0000000  0.0000000  0.0000000  0.0000000  0.0000000 -0.3109866 -0.2899321 -0.0086639  0.2510469 -0.4414569 -0.1386454 
 0.0000000  0.7071068 -0.2049888  0.0000000  0.0000000  0.0000000  0.0000000  0.0000000  0.0000000  0.1453361  0.1701612  0.4321667  0.4380158 -0.1099019  0.1311404 
 0.0000000  0.7071068  0.2049888  0.0000000  0.0000000  0.0000000  0.0000000  0.0000000  0.0000000 -0.1453361 -0.1701612 -0.4321667 -0.4380158  0.1099019 -0.1311404 
 0.0000000  0.0000000  0.9120956  0.0000000  0.0000000  0.0000000  0.0000000  0.0000000  0.0000000  0.2051124  0.2068072  0.1981488  0.0840406  0.1490306  0.1212659 
 0.0000000  0.0000000  0.0000000  0.7071068  0.0000000 -0.2049888  0.0000000  0.0000000  0.0000000 -0.2413978  0.5508609 -0.0231337 -0.1557671 -0.2586580 -0.0675020 
 0.0000000  0.0000000  0.0000000  0.7071068  0.0000000  0.2049888  0.0000000  0.0000000  0.0000000  0.2413978 -0.5508609  0.0231337  0.1557671  0.2586580  0.0675020 
 0.0000000  0.0000000  0.0000000  0.0000000  0.7071068 -0.2049888  0.0000000  0.0000000  0.0000000  0.0530597  0.1258153 -0.4272888  0.4465780  0.1886439 -0.1474473 
 0.0000000  0.0000000  0.0000000  0.0000000  0.7071068  0.2049888  0.0000000  0.0000000  0.0000000 -0.0530597 -0.1258153  0.4272888 -0.4465780 -0.1886439  0.1474473 
 0.0000000  0.0000000  0.0000000  0.0000000  0.0000000  0.9120956  0.0000000  0.0000000  0.0000000 -0.0846560  0.3041590 -0.2024603  0.1307165 -0.0314706 -0.0966175 
 0.0000000  0.0000000  0.0000000  0.0000000  0.0000000  0.0000000  0.7071068  0.0000000 -0.2049888  0.5041995  0.0066447 -0.0676290 -0.0923379 -0.3161731 -0.3010863 
 0.0000000  0.0000000  0.0000000  0.0000000  0.0000000  0.0000000  0.7071068  0.0000000  0.2049888 -0.5041995 -0.0066447  0.0676290  0.0923379  0.3161731  0.3010863 
 0.0000000  0.0000000  0.0000000  0.0000000  0.0000000  0.0000000  0.0000000  0.7071068 -0.2049888 -0.1773343  0.0034596  0.2839351  0.0025266  0.2808113 -0.5167588 
 0.0000000  0.0000000  0.0000000  0.0000000  0.0000000  0.0000000  0.0000000  0.7071068  0.2049888  0.1773343 -0.0034596 -0.2839351 -0.0025266 -0.2808113  0.5167588 
 0.0000000  0.0000000  0.0000000  0.0000000  0.0000000  0.0000000  0.0000000  0.0000000  0.9120956  0.1469225  0.0045418  0.0972274 -0.0403693 -0.0158947 -0.3676130 

::::::::::::::
run.010.015
::::::::::::::
 0.7071068 -0.2357023  0.0000000  0.0000000  0.0000000  0.0000000  0.0000000  0.0000000  0.0000000  0.0000000 -0.4924227  0.4184237 -0.0771837 -0.0420193  0.1384305 
 0.7071068  0.2357023  0.0000000  0.0000000  0.0000000  0.0000000  0.0000000  0.0000000  0.0000000  0.0000000  0.4924227 -0.4184237  0.0771837  0.0420193 -0.1384305 
 0.0000000  0.9428090  0.0000000  0.0000000  0.0000000  0.0000000  0.0000000  0.0000000  0.0000000  0.0000000 -0.2462113  0.2092119 -0.0385919 -0.0210096  0.0692152 
 0.0000000  0.0000000  0.7071068 -0.2357023  0.0000000  0.0000000  0.0000000  0.0000000  0.0000000  0.0000000  0.3584793  0.4242687 -0.2174493  0.2951917 -0.0388683 
 0.0000000  0.0000000  0.7071068  0.2357023  0.0000000  0.0000000  0.0000000  0.0000000  0.0000000  0.0000000 -0.3584793 -0.4242687  0.2174493 -0.2951917  0.0388683 
 0.0000000  0.0000000  0.0000000  0.9428090  0.0000000  0.0000000  0.0000000  0.0000000  0.0000000  0.0000000  0.1792397  0.2121344 -0.1087246  0.1475958 -0.0194341 
 0.0000000  0.0000000  0.0000000  0.0000000  0.7071068 -0.2357023  0.0000000  0.0000000  0.0000000  0.0000000 -0.2521299 -0.2654193 -0.2596901  0.4841956 -0.0924295 
 0.0000000  0.0000000  0.0000000  0.0000000  0.7071068  0.2357023  0.0000000  0.0000000  0.0000000  0.0000000  0.2521299  0.2654193  0.2596901 -0.4841956  0.0924295 
 0.0000000  0.0000000  0.0000000  0.0000000  0.0000000  0.9428090  0.0000000  0.0000000  0.0000000  0.0000000 -0.1260650 -0.1327097 -0.1298450  0.2420978 -0.0462148 
 0.0000000  0.0000000  0.0000000  0.0000000  0.0000000  0.0000000  0.7071068 -0.2357023  0.0000000  0.0000000  0.0574756 -0.1109661 -0.5627716 -0.3073862  0.1327756 
 0.0000000  0.0000000  0.0000000  0.0000000  0.0000000  0.0000000  0.7071068  0.2357023  0.0000000  0.0000000 -0.0574756  0.1109661  0.5627716  0.3073862 -0.1327756 
 0.0000000  0.0000000  0.0000000  0.0000000  0.0000000  0.0000000  0.0000000  0.9428090  0.0000000  0.0000000  0.0287378 -0.0554831 -0.2813858 -0.1536931  0.0663878 
 0.0000000  0.0000000  0.0000000  0.0000000  0.0000000  0.0000000  0.0000000  0.0000000  0.7071068 -0.2357023 -0.0811417  0.0812476 -0.0839770 -0.1631228 -0.6305538 
 0.0000000  0.0000000  0.0000000  0.0000000  0.0000000  0.0000000  0.0000000  0.0000000  0.7071068  0.2357023  0.0811417 -0.0812476  0.0839770  0.1631228  0.6305538 
 0.0000000  0.0000000  0.0000000  0.0000000  0.0000000  0.0000000  0.0000000  0.0000000  0.0000000  0.9428090 -0.0405708  0.0406238 -0.0419885 -0.0815614 -0.3152769 
::::::::::::::
run.011.015
::::::::::::::
 0.7077670 -0.2020867 -0.0007900 -0.0004262 -0.0003544 -0.0000914  0.0000706  0.0806330 -0.0000465 -0.0001371 -0.0000402 -0.2990077 -0.2293321  0.5523925  0.0677339 
 0.7064434  0.2024465 -0.0000095  0.0003229 -0.0010439  0.0002583 -0.0002861 -0.0808319  0.0000447  0.0001427  0.0000412  0.2995119  0.2303270 -0.5529747 -0.0698503 
 0.0000130  0.9582150 -0.0000073 -0.0000655  0.0000239  0.0000232  0.0000457  0.0340766 -0.0000208 -0.0000557 -0.0000164 -0.1260934 -0.0969384  0.2335663  0.0285129 
 0.0014037  0.0002650  0.7001882 -0.2036079 -0.0029452 -0.0010414  0.0629748  0.0124027 -0.0002488 -0.0016667 -0.0003504  0.0727051 -0.1943512 -0.1221570  0.6373108 
-0.0005862 -0.0004708  0.7139549  0.1996423  0.0005084  0.0006868 -0.0617010 -0.0121144  0.0002428  0.0016299  0.0003427 -0.0730490  0.1906616  0.1197624 -0.6248379 
 0.0004966  0.0000612  0.0000304  0.9584802 -0.0009781  0.0002256  0.0261276  0.0052519 -0.0001040 -0.0006894 -0.0001453  0.0316429 -0.0814516 -0.0498852  0.2654797 
 0.0008212  0.0003217  0.0003943  0.0011749  0.7108736 -0.2026573  0.0609141 -0.0127743 -0.0002140 -0.0020988 -0.0003023 -0.5959867  0.1296078 -0.2738448  0.0521439 
 0.0005822 -0.0001576  0.0020172 -0.0008513  0.7033119  0.2046871 -0.0612263  0.0129259  0.0002126  0.0021136  0.0003040  0.6031336 -0.1318414  0.2755871 -0.0492890 
-0.0000718  0.0000053 -0.0000984 -0.0001599  0.0001064  0.9576176  0.0259816 -0.0054206 -0.0000910 -0.0008988 -0.0001295 -0.2550339  0.0551977 -0.1168743  0.0226836 
 0.0000021 -0.0000487  0.0000593 -0.0000221 -0.0000017  0.0000995  0.9916704 -0.0000058  0.0000621  0.0005083  0.0000882  0.0706456  0.0088898  0.0532140 -0.0932093 
 0.0000089  0.0000032  0.0000065 -0.0000022 -0.0000184  0.0000038  0.0000202  0.9925298  0.0000076  0.0000093  0.0000079  0.0341276  0.0495898 -0.1024293 -0.0277293 
 0.0000006  0.0000032 -0.0000003  0.0000004  0.0000026  0.0000002  0.0000002  0.0000003  0.7071058 -0.2033797 -0.0821256 -0.0375916 -0.5877507 -0.2372903 -0.2207325 
 0.0000021 -0.0000006  0.0000009  0.0000010 -0.0000001 -0.0000004  0.0000001  0.0000013  0.7071076  0.2033764  0.0821249  0.0372034  0.5876556  0.2370920  0.2212614 
 0.0000000 -0.0000001 -0.0000006  0.0000000 -0.0000002  0.0000000  0.0000002  0.0000001  0.0000001  0.9577363 -0.0348819 -0.0186184 -0.2497734 -0.1023589 -0.0911793 
 0.0000000  0.0000000  0.0000000  0.0000000  0.0000000  0.0000000  0.0000000  0.0000000  0.0000000  0.0000000  0.9926196 -0.0072196 -0.1061066 -0.0430750 -0.0392448 
::::::::::::::
run.012.015
::::::::::::::
 0.7071315 -0.1973789  0.0669791 -0.0276620 -0.0000010  0.0000014 -0.0000008 -0.0000002 -0.0000009  0.0000033 -0.0000008 -0.0000003 -0.4394853 -0.1799013 -0.4798369 
 0.7070820  0.1973908 -0.0669839  0.0276640  0.0000119  0.0000004 -0.0000001 -0.0000002 -0.0000016  0.0000010 -0.0000007 -0.0000003  0.4395271  0.1799002  0.4798662 
 0.0000014  0.9602492  0.0275369 -0.0113726  0.0000001 -0.0000002  0.0000001  0.0000001  0.0000006 -0.0000001  0.0000000  0.0000001 -0.1806862 -0.0739577 -0.1972731 
 0.0000000  0.0000000  0.9951224  0.0040387  0.0000001  0.0000000  0.0000000  0.0000000 -0.0000001  0.0000000  0.0000000  0.0000000  0.0641660  0.0262644  0.0700565 
 0.0000000  0.0000000  0.0000000  0.9991616  0.0000000  0.0000000  0.0000000  0.0000000  0.0000000  0.0000000  0.0000000  0.0000000 -0.0266527 -0.0109094 -0.0290990 
-0.0000005 -0.0000030  0.0000008 -0.0000003  0.7071115 -0.1973893  0.0669834  0.0276648  0.0000044 -0.0000002  0.0000005 -0.0000001  0.0511741  0.6135777 -0.2769157 
-0.0000105 -0.0000007  0.0000003 -0.0000002  0.7071021  0.1973909 -0.0669843 -0.0276651 -0.0000056  0.0000002 -0.0000004  0.0000001 -0.0511835 -0.6135891  0.2769113 
 0.0000007 -0.0000001  0.0000000  0.0000000  0.0000007  0.9602470  0.0275387  0.0113737  0.0000001  0.0000003  0.0000000 -0.0000001  0.0210423  0.2522583 -0.1138460 
-0.0000001  0.0000000  0.0000000  0.0000000  0.0000000  0.0000000  0.9951221 -0.0040391  0.0000000 -0.0000001  0.0000000  0.0000000 -0.0074729 -0.0895842  0.0404299 
 0.0000000  0.0000000  0.0000000  0.0000000  0.0000000  0.0000000  0.0000000  0.9991615  0.0000000  0.0000000  0.0000000  0.0000000 -0.0031038 -0.0372116  0.0167939 
 0.0000092 -0.0000006  0.0000000 -0.0000002  0.0000002  0.0000023 -0.0000009 -0.0000002  0.7071030 -0.1973916  0.0669853  0.0276660 -0.5099057  0.2166449  0.3858116 
-0.0000067  0.0000000  0.0000000  0.0000002  0.0000011  0.0000003 -0.0000001 -0.0000001  0.7071105  0.1973895 -0.0669846 -0.0276658  0.5099002 -0.2166510 -0.3858029 
 0.0000001  0.0000004 -0.0000001  0.0000000 -0.0000002  0.0000000 -0.0000001  0.0000000  0.0000000  0.9602468  0.0275393  0.0113741 -0.2096326  0.0890699  0.1586159 
 0.0000000  0.0000000  0.0000000  0.0000000  0.0000000  0.0000000 -0.0000001  0.0000000  0.0000000 -0.0000001  0.9951219 -0.0040393  0.0744479 -0.0316321 -0.0563293 
 0.0000000  0.0000000  0.0000000  0.0000000  0.0000000  0.0000000  0.0000000  0.0000000  0.0000000  0.0000000  0.0000000  0.9991614  0.0309249 -0.0131393 -0.0233987 

::::::::::::::
run.013.015
::::::::::::::
 1.0000000  0.0000000  0.0000000  0.0000000  0.0000000  0.0000000  0.0000000  0.0000000  0.0000000  0.0000000  0.0000000  0.0000000  0.0000000  0.0000000  0.0000000 
 0.0000000  1.0000000  0.0000000  0.0000000  0.0000000  0.0000000  0.0000000  0.0000000  0.0000000  0.0000000  0.0000000  0.0000000  0.0000000  0.0000000  0.0000000 
 0.0000000  0.0000000  1.0000000  0.0000000  0.0000000  0.0000000  0.0000000  0.0000000  0.0000000  0.0000000  0.0000000  0.0000000  0.0000000  0.0000000  0.0000000 
 0.0000000  0.0000000  0.0000000  1.0000000  0.0000000  0.0000000  0.0000000  0.0000000  0.0000000  0.0000000  0.0000000  0.0000000  0.0000000  0.0000000  0.0000000 
 0.0000000  0.0000000  0.0000000  0.0000000  1.0000000  0.0000000  0.0000000  0.0000000  0.0000000  0.0000000  0.0000000  0.0000000  0.0000000  0.0000000  0.0000000 
 0.0000000  0.0000000  0.0000000  0.0000000  0.0000000  1.0000000  0.0000000  0.0000000  0.0000000  0.0000000  0.0000000  0.0000000  0.0000000  0.0000000  0.0000000 
 0.0000000  0.0000000  0.0000000  0.0000000  0.0000000  0.0000000  1.0000000  0.0000000  0.0000000  0.0000000  0.0000000  0.0000000  0.0000000  0.0000000  0.0000000 
 0.0000000  0.0000000  0.0000000  0.0000000  0.0000000  0.0000000  0.0000000  1.0000000  0.0000000  0.0000000  0.0000000  0.0000000  0.0000000  0.0000000  0.0000000 
 0.0000000  0.0000000  0.0000000  0.0000000  0.0000000  0.0000000  0.0000000  0.0000000  1.0000000  0.0000000  0.0000000  0.0000000  0.0000000  0.0000000  0.0000000 
 0.0000000  0.0000000  0.0000000  0.0000000  0.0000000  0.0000000  0.0000000  0.0000000  0.0000000  1.0000000  0.0000000  0.0000000  0.0000000  0.0000000  0.0000000 
 0.0000000  0.0000000  0.0000000  0.0000000  0.0000000  0.0000000  0.0000000  0.0000000  0.0000000  0.0000000  1.0000000  0.0000000  0.0000000  0.0000000  0.0000000 
 0.0000000  0.0000000  0.0000000  0.0000000  0.0000000  0.0000000  0.0000000  0.0000000  0.0000000  0.0000000  0.0000000  1.0000000  0.0000000  0.0000000  0.0000000 
 0.0000000  0.0000000  0.0000000  0.0000000  0.0000000  0.0000000  0.0000000  0.0000000  0.0000000  0.0000000  0.0000000  0.0000000  1.0000000  0.0000000  0.0000000 
 0.0000000  0.0000000  0.0000000  0.0000000  0.0000000  0.0000000  0.0000000  0.0000000  0.0000000  0.0000000  0.0000000  0.0000000  0.0000000  1.0000000  0.0000000 
 0.0000000  0.0000000  0.0000000  0.0000000  0.0000000  0.0000000  0.0000000  0.0000000  0.0000000  0.0000000  0.0000000  0.0000000  0.0000000  0.0000000  1.0000000 
::::::::::::::
run.014.015
::::::::::::::
 1.0000000  0.0000000  0.0000000  0.0000000  0.0000000  0.0000000  0.0000000  0.0000000  0.0000000  0.0000000  0.0000000  0.0000000  0.0000000  0.0000000  0.0000000 
 0.0000000  1.0000000  0.0000000  0.0000000  0.0000000  0.0000000  0.0000000  0.0000000  0.0000000  0.0000000  0.0000000  0.0000000  0.0000000  0.0000000  0.0000000 
 0.0000000  0.0000000  1.0000000  0.0000000  0.0000000  0.0000000  0.0000000  0.0000000  0.0000000  0.0000000  0.0000000  0.0000000  0.0000000  0.0000000  0.0000000 
 0.0000000  0.0000000  0.0000000  1.0000000  0.0000000  0.0000000  0.0000000  0.0000000  0.0000000  0.0000000  0.0000000  0.0000000  0.0000000  0.0000000  0.0000000 
 0.0000000  0.0000000  0.0000000  0.0000000  1.0000000  0.0000000  0.0000000  0.0000000  0.0000000  0.0000000  0.0000000  0.0000000  0.0000000  0.0000000  0.0000000 
 0.0000000  0.0000000  0.0000000  0.0000000  0.0000000  1.0000000  0.0000000  0.0000000  0.0000000  0.0000000  0.0000000  0.0000000  0.0000000  0.0000000  0.0000000 
 0.0000000  0.0000000  0.0000000  0.0000000  0.0000000  0.0000000  1.0000000  0.0000000  0.0000000  0.0000000  0.0000000  0.0000000  0.0000000  0.0000000  0.0000000 
 0.0000000  0.0000000  0.0000000  0.0000000  0.0000000  0.0000000  0.0000000  1.0000000  0.0000000  0.0000000  0.0000000  0.0000000  0.0000000  0.0000000  0.0000000 
 0.0000000  0.0000000  0.0000000  0.0000000  0.0000000  0.0000000  0.0000000  0.0000000  1.0000000  0.0000000  0.0000000  0.0000000  0.0000000  0.0000000  0.0000000 
 0.0000000  0.0000000  0.0000000  0.0000000  0.0000000  0.0000000  0.0000000  0.0000000  0.0000000  1.0000000  0.0000000  0.0000000  0.0000000  0.0000000  0.0000000 
 0.0000000  0.0000000  0.0000000  0.0000000  0.0000000  0.0000000  0.0000000  0.0000000  0.0000000  0.0000000  1.0000000  0.0000000  0.0000000  0.0000000  0.0000000 
 0.0000000  0.0000000  0.0000000  0.0000000  0.0000000  0.0000000  0.0000000  0.0000000  0.0000000  0.0000000  0.0000000  1.0000000  0.0000000  0.0000000  0.0000000 
 0.0000000  0.0000000  0.0000000  0.0000000  0.0000000  0.0000000  0.0000000  0.0000000  0.0000000  0.0000000  0.0000000  0.0000000  1.0000000  0.0000000  0.0000000 
 0.0000000  0.0000000  0.0000000  0.0000000  0.0000000  0.0000000  0.0000000  0.0000000  0.0000000  0.0000000  0.0000000  0.0000000  0.0000000  1.0000000  0.0000000 
 0.0000000  0.0000000  0.0000000  0.0000000  0.0000000  0.0000000  0.0000000  0.0000000  0.0000000  0.0000000  0.0000000  0.0000000  0.0000000  0.0000000  1.0000000 
