 0.7036938 -0.0042431 -0.0006997 -0.1539733  0.0004349 -0.0378923 -0.0004211 -0.0003710 -0.0005420  0.0024207  0.0002697  0.0019652  0.0015167  0.1213764  0.2206680  0.0933406 -0.4846526 -0.1101246 -0.2582116  0.1482584 -0.0593436 -0.2613618 
 0.7105005  0.0028532 -0.0007887  0.1522917 -0.0003846  0.0377868 -0.0002389  0.0003685  0.0005343 -0.0023920 -0.0002669 -0.0019474 -0.0015039 -0.1194437 -0.2180565 -0.0916341  0.4806698  0.1093218  0.2550687 -0.1468644  0.0598191  0.2591000 
 0.0009023  0.7065729  0.0000639 -0.1620951  0.0008567  0.0355929 -0.0016795  0.0009277  0.0006204 -0.0005767 -0.0005349  0.0008544  0.0000348 -0.0271232  0.1670061  0.2960226 -0.0776854  0.0360384  0.5079065  0.0959063 -0.2806644  0.0606351 
 0.0004547  0.7076214  0.0002711  0.1598094 -0.0008675 -0.0359564  0.0016741 -0.0009313 -0.0006244  0.0005982  0.0005370 -0.0008338 -0.0000193  0.0278884 -0.1648202 -0.2949428  0.0724582 -0.0367703 -0.5097693 -0.0944905  0.2795142 -0.0630491 
 0.0015341 -0.0005389  0.7065964 -0.1977027 -0.0005553  0.0006228 -0.0002506 -0.0009075  0.0005694 -0.0020892  0.0001384 -0.0000536  0.0004987 -0.3522398 -0.2398463 -0.3473085 -0.1996267 -0.0111935  0.0169160 -0.1237846 -0.3220405 -0.0104240 
-0.0000442  0.0002023  0.7076156  0.1974948  0.0012055 -0.0009251 -0.0000110  0.0009075 -0.0005680  0.0020852 -0.0001386  0.0000536 -0.0004981  0.3518545  0.2394281  0.3466369  0.1994568  0.0108668 -0.0164567  0.1238639  0.3215039  0.0102164 
 0.0005868  0.0002349 -0.0000827  0.9073009 -0.0000837  0.0001015 -0.0007516 -0.0001902  0.0002869 -0.0003054 -0.0000393  0.0009365  0.0007365 -0.1224258  0.0285391 -0.0150990 -0.2764184 -0.0290560  0.1011812  0.0296794 -0.2596940 -0.0704349 
-0.0002666 -0.0001745 -0.0000128  0.0002185  0.7073836  0.2022996 -0.0003531 -0.0006553 -0.0000489  0.0003280  0.0001020 -0.0001240  0.0000544 -0.1491604  0.0332465  0.1747217 -0.2259313  0.5020029 -0.1278542 -0.1734881  0.1250891  0.1991401 
 0.0002211  0.0001900 -0.0006388 -0.0000333  0.7068272 -0.2027255 -0.0001026  0.0006517  0.0000496 -0.0003352 -0.0001008  0.0001195 -0.0000549  0.1483177 -0.0345625 -0.1765900  0.2262644 -0.5022924  0.1271386  0.1729545 -0.1251822 -0.1991947 
 0.0004976 -0.0000652 -0.0000276  0.0000529  0.0001187 -0.2024285  0.7072482 -0.0003451  0.0000075 -0.0003492  0.0000196 -0.0004626  0.0000467  0.0725542 -0.1627932 -0.2236506 -0.1962167  0.2389308  0.3151688  0.2253080  0.3301712 -0.1494645 
 0.0001636  0.0000666  0.0002877  0.0000411  0.0003410  0.2028017  0.7069607  0.0003486 -0.0000039  0.0003461 -0.0000220  0.0004683 -0.0000452 -0.0729773  0.1636593  0.2250834  0.1953712 -0.2387491 -0.3128741 -0.2249696 -0.3319833  0.1497309 
-0.0000368  0.0000807  0.0000378  0.0001007  0.0001253  0.9112885 -0.0000458  0.0000341 -0.0000701 -0.0000525  0.0000283 -0.0000567  0.0001186  0.1112359 -0.0820577 -0.1927703 -0.0203957 -0.1289229  0.1349998  0.1820902  0.1092245 -0.1814855 
 0.0000001  0.0000001 -0.0000002  0.0000000 -0.0000003  0.0000000  0.0000000  0.7071014  0.0000000 -0.2049765  0.0000023  0.0000065  0.0000065  0.5054177 -0.0199647 -0.1794874 -0.1283448  0.0456547  0.0795316 -0.3244211 -0.1427009  0.1394141 
 0.0000002  0.0000000 -0.0000003  0.0000000  0.0000002  0.0000001  0.0000002  0.7071088 -0.0000001  0.2049732  0.0000000 -0.0000073 -0.0000033 -0.5063596  0.0190567  0.1780246  0.1268405 -0.0447321 -0.0810010  0.3239038  0.1430285 -0.1396627 
 0.0000001  0.0000001 -0.0000003 -0.0000001 -0.0000002  0.0000000 -0.0000003 -0.0000003  0.7071094 -0.2049774  0.0000018  0.0000020  0.0000021  0.1005150 -0.5003193  0.3267859  0.0431720  0.0923490 -0.0957171  0.0862410 -0.1487056 -0.2041181 
 0.0000006 -0.0000001  0.0000000  0.0000000  0.0000001  0.0000001  0.0000000 -0.0000003  0.7071027  0.2049876 -0.0000006 -0.0000009 -0.0000009 -0.0996793  0.5007389 -0.3265951 -0.0433721 -0.0924981  0.0943542 -0.0860073  0.1497553  0.2036723 
 0.0000000  0.0000000  0.0000000  0.0000000  0.0000000  0.0000000  0.0000000  0.0000000  0.0000000  0.9120929 -0.0000002  0.0000000 -0.0000008  0.2702147 -0.2359297  0.0644863 -0.0364390  0.0622306 -0.0041791 -0.1078954 -0.1327254 -0.0278203 
 0.0000000  0.0000000  0.0000000  0.0000000  0.0000001  0.0000000  0.0000000  0.0000000  0.0000000  0.0000000  0.7071059  0.0000000 -0.2049879  0.0870862  0.2024088 -0.1894149  0.2491586  0.3765470 -0.1126769  0.1998618 -0.2859349 -0.1878367 
-0.0000001  0.0000000  0.0000000  0.0000000  0.0000000 -0.0000001  0.0000000  0.0000000  0.0000000 -0.0000004  0.7071071  0.0000000  0.2049863 -0.0870561 -0.2022230  0.1898974 -0.2487655 -0.3765585  0.1136547 -0.1997492  0.2856079  0.1880869 
 0.0000000 -0.0000002  0.0000000  0.0000000  0.0000000  0.0000000  0.0000000  0.0000000  0.0000000  0.0000000  0.0000000  0.7071017 -0.2049920  0.0820644 -0.1236637 -0.0423522 -0.1016065 -0.0672603 -0.1115990  0.4013569 -0.0631472  0.4917187 
 0.0000000  0.0000000  0.0000000  0.0000001  0.0000001  0.0000000  0.0000000  0.0000000  0.0000000 -0.0000073  0.0000000  0.7071044  0.2049820 -0.0825128  0.1217718  0.0408540  0.1044571  0.0682929  0.1120515 -0.4022000  0.0649316 -0.4904775 
 0.0000000  0.0000000  0.0000000  0.0000000  0.0000000  0.0000000  0.0000000  0.0000000  0.0000000  0.0000000  0.0000000  0.0000000  0.9120941  0.0762019  0.0353055 -0.1038529  0.0676887  0.1391193 -0.1004451  0.2699984 -0.1565206  0.1371960 
