 0.3508232  0.0000000  0.1539169 -0.0008768  0.2466757 -0.5308886 -0.0460108 -0.1429135 -0.1685428 -0.0144983 -0.3835361  0.2799379 -0.2168045  0.2339648 -0.1991420  0.0118647 -0.3039325 
 0.3508232  0.0000000 -0.3383264 -0.1440165  0.2773760  0.3911746 -0.0879572  0.1393967  0.1379042 -0.1518729  0.1661210 -0.1106684 -0.4324385 -0.0471115 -0.1210533 -0.3126890 -0.3178319 
 0.3508232  0.0000000  0.1675867 -0.2103726 -0.1460416  0.4752255 -0.1634931  0.0486584 -0.1336662  0.4528767 -0.2735412 -0.0462178  0.1568035 -0.0108984 -0.0486237  0.4138197 -0.1734191 
 0.3508232  0.0000000 -0.0043784  0.2773521  0.2985122 -0.0851688 -0.1045643  0.1281066  0.0146344 -0.2299743 -0.0130030 -0.0444539  0.4242973 -0.3007567  0.5628466  0.0596028 -0.1737595 
 0.3508232  0.0000000  0.1885801 -0.0102437  0.2468332  0.1060456 -0.0442006 -0.0820458 -0.0140492 -0.1228098 -0.0685319  0.1304560 -0.1032232 -0.3134609 -0.2144912 -0.0007252  0.7539784 
 0.3508232  0.0000000 -0.0173495 -0.0920110 -0.3510759 -0.2200803 -0.1916807  0.0683338 -0.0622657  0.1998362  0.0414214 -0.2493351  0.3463548  0.0954468 -0.1158764 -0.6260338  0.1137664 
 0.3508232  0.0000000 -0.2636327  0.0754488 -0.2224008  0.0110619 -0.0225204 -0.0580528  0.4170940 -0.1030636  0.2217837  0.3185764  0.0722827  0.5385669  0.1119141  0.2633946  0.1892553 
 0.2631174 -0.0877058 -0.0212355  0.0647406 -0.1259836 -0.2278727  0.1056913 -0.2482320 -0.3603654  0.0967693  0.4173321 -0.4665478 -0.3541762 -0.0128352  0.1828402  0.2895774  0.0624132 
 0.2631174  0.0877058  0.1727066  0.0748858 -0.3405215  0.0313794  0.7748782  0.1129208  0.1055537 -0.1374281 -0.0049506  0.0954875  0.0244801 -0.2481659 -0.1502724 -0.0352224 -0.1798225 
 0.0000000  0.3508232 -0.0905934 -0.0018771  0.0331039 -0.3839374 -0.1168055  0.2780385  0.5499634  0.3158314 -0.0311544 -0.2374046 -0.1391675 -0.2823112 -0.1306688  0.2309302  0.0157677 
 0.0000000  0.3508232  0.0780599  0.4783890 -0.0897012  0.1771931  0.0376198  0.0291853 -0.0609022  0.3503246 -0.2001249  0.1443207 -0.3755536  0.1128321  0.4018719 -0.2889447  0.1191072 
 0.0000000  0.3508232  0.2978194  0.1789685 -0.3621519  0.0635152 -0.4138256  0.2307872 -0.1391503 -0.5474600  0.0244662 -0.0931894 -0.1203295  0.0407932 -0.1671914  0.1316253 -0.0819440 
 0.0000000  0.3508232 -0.0835063 -0.2694234 -0.2229080 -0.0050650 -0.1779871 -0.6687966  0.0886999 -0.0380096  0.0742216  0.2611072  0.0022631 -0.3723850  0.1339176 -0.0777315 -0.1517526 
 0.0000000  0.3508232 -0.6883154  0.0425167 -0.0146560  0.0022299  0.1617318 -0.0106020 -0.3363674 -0.1420270 -0.3779186 -0.1529462  0.1483276  0.0273515 -0.1217804  0.1288135  0.1454157 
 0.0000000  0.3508232 -0.0338838  0.0456198  0.2185385 -0.0374923  0.0054760  0.2359594 -0.3583476  0.2560653  0.5700599  0.4015066  0.1889676 -0.0271834 -0.2175941  0.0336999 -0.0611019 
 0.0000000  0.3508232  0.2056442 -0.6759790  0.1282170 -0.0589643  0.1892555  0.2243028 -0.0541746 -0.1237757 -0.0246412 -0.0713916 -0.0524381  0.2452984  0.4044961 -0.0393496  0.1399799 
 0.0000000  0.3508232  0.2662899  0.1992491  0.3631922  0.1777078  0.1472383 -0.4091628  0.1937991 -0.0123996  0.0706620 -0.3925114  0.2532663  0.3144371 -0.2197728 -0.0378432 -0.0649131 
