 0.5656854  0.0000000 -0.6274761  0.3290665 -0.3521895 -0.2321595  0.0073173 
 0.5656854  0.0000000  0.3905065  0.3633986  0.2160203  0.5004047 -0.3136503 
 0.4242641 -0.1414214  0.1924958 -0.2113425  0.5549479 -0.6232673  0.1478188 
 0.4242641  0.1414214  0.1234637 -0.7119444 -0.3733890  0.2656071  0.2606252 
 0.0000000  0.5656854  0.3839485  0.0377359 -0.3614476 -0.4499466 -0.4450429 
 0.0000000  0.5656854 -0.4889865 -0.2747904  0.4905788  0.1783074 -0.3048300 
 0.0000000  0.5656854  0.1222960  0.3622050  0.1029530  0.0494206  0.7216713 
