 0.4702897  0.0436887 -0.0262303  0.0180361 -0.0108451 -0.0080681  0.2760530  0.0801797 -0.0689606 -0.4064959  0.2519542  0.4285795 -0.2732570 -0.1827467 -0.1711772  0.2021865  0.0370412  0.1003493 -0.2936738 
 0.4703079 -0.0436903 -0.0262190 -0.0180382 -0.0108412 -0.0080636  0.1387911  0.3636599 -0.0910963  0.0223694 -0.2221812 -0.1943277  0.2764891  0.0025201  0.2771228  0.2355063  0.4763015  0.0215572  0.3036896 
 0.4986825  0.0000003  0.0494636  0.0000021  0.0204509 -0.0085499 -0.2961162 -0.1745793 -0.0030372 -0.1318612 -0.3882114  0.1297706  0.3671418  0.1265368  0.0177824 -0.1155672 -0.5254644  0.0394571 -0.0558889 
 0.5558362  0.0000026  0.0000001  0.0000004  0.0000009  0.0213200 -0.0853335 -0.2189136  0.1381514  0.4433089  0.3231102 -0.3146197 -0.3321344  0.0389628 -0.1056030 -0.2666529  0.0370818 -0.1385449  0.0416581 
 0.0000001  0.5746347  0.0000005 -0.0025252  0.0000001  0.0000000  0.0001167 -0.2730519 -0.0489237  0.1459343 -0.1062915 -0.0221581  0.3214168 -0.0792260 -0.0555721 -0.0887617  0.4078531  0.0246380 -0.5217743 
 0.0000000  0.5769600  0.0000001 -0.0002001  0.0000001  0.0000000  0.0204368  0.1017894 -0.5217775 -0.0925646  0.3464231  0.0118709  0.0700863  0.0494650  0.0712872 -0.1434952 -0.2263986 -0.0797584  0.4058560 
-0.0000002  0.5771434  0.0000001 -0.0000164  0.0000001  0.0000002 -0.0309362  0.1915689  0.5686463 -0.0203023 -0.2763765 -0.0369575 -0.3484667  0.0434567  0.0180028  0.2343497 -0.1465009  0.0492384  0.1589992 
 0.0000000  0.0000001  0.5768846  0.0000001 -0.0002757  0.0000001 -0.0492954  0.2951190  0.3759983 -0.1998079  0.2990623  0.0080880  0.2353090 -0.0930908  0.1055948 -0.4428878  0.0711508  0.1734473 -0.0198670 
 0.0000001  0.0000000  0.5761242  0.0000000 -0.0010358 -0.0000001 -0.3508723 -0.1653718 -0.2739926 -0.1536537 -0.1168561 -0.2739523 -0.2403580 -0.3645974  0.0370049  0.3386772  0.0292891 -0.1465201 -0.0336638 
 0.0000001  0.0000000  0.5757282 -0.0000001 -0.0014321  0.0000000  0.4448466 -0.0950128 -0.1096020  0.3477959 -0.1480126  0.2655637 -0.0266596  0.4390433 -0.1395434  0.1347331 -0.0320794 -0.0250110  0.0588461 
 0.0000000  0.0000000  0.0000000  0.5771606  0.0000000  0.0000000  0.1804067 -0.0311744 -0.0378571  0.1760973 -0.2310084  0.2648167 -0.1653835 -0.3744660  0.4410350 -0.2851675 -0.0425208 -0.1786742  0.0170221 
 0.0000000  0.0000000  0.0000000  0.5771606  0.0000000  0.0000000  0.2197342  0.1877695 -0.1284524 -0.1973085 -0.0964207 -0.5452153 -0.0207024  0.1850939 -0.3088203 -0.0598929 -0.1323525  0.1803687 -0.1940677 
 0.0000000 -0.0000001  0.0000000  0.5771605  0.0000000  0.0000000 -0.4044219 -0.1488884  0.1652385  0.0352193  0.3122601  0.2608382  0.2046859  0.1948329 -0.1184224  0.3456721  0.1903055 -0.0040752  0.1935768 
 0.0000000  0.0000000  0.0000000  0.0000000  0.5771607  0.0000000 -0.2764280  0.2093624 -0.2241592  0.2601503 -0.1249745  0.1652771 -0.1954633 -0.0571247 -0.1172229 -0.1071443  0.0872860  0.5578621  0.0161445 
 0.0000000  0.0000000  0.0000000  0.0000000  0.5771607  0.0000000 -0.0120966  0.3581744  0.0548994  0.0821002  0.1114505 -0.0161019  0.1350382  0.0431323 -0.0114759  0.1313714 -0.1389000 -0.6198169 -0.2739769 
 0.0000000  0.0000000  0.0000000  0.0000000  0.5771607  0.0000000  0.3072620 -0.5534044  0.1657763 -0.3443051  0.0274062 -0.1491988  0.0470902  0.0065127  0.1298284 -0.0111784  0.0798826  0.0626054  0.2600750 
 0.0000000 -0.0000001 -0.0000001  0.0000000 -0.0000001  0.5771604  0.0306376 -0.0204921 -0.0142930  0.1152766  0.2429252 -0.1193977  0.0017356  0.1513421  0.5392279  0.2643305 -0.2099810  0.2741775 -0.2756006 
-0.0000001  0.0000001  0.0000000  0.0000000  0.0000000  0.5771604  0.1715253  0.0083210  0.0905730  0.1739121 -0.0364698  0.0119863  0.2647258 -0.4961263 -0.4593928  0.0652305 -0.1124556 -0.0056946  0.2308174 
 0.0000000  0.0000000 -0.0000001  0.0000001  0.0000000  0.5771603 -0.1975993  0.0238729 -0.0836653 -0.3128876 -0.2237239  0.1242318 -0.2487107  0.3426999 -0.0741920 -0.3153061  0.3204552 -0.2610767  0.0425540 
