 0.2886751  0.0000000 -0.1466082  0.0205927  0.1645948 -0.3389560 -0.0025216 -0.1432432  0.2542037  0.3241618 -0.0357390 -0.1300157  0.0724005  0.0244043 -0.4555491 -0.1721938  0.0368519  0.2281736  0.0404967  0.4156803  0.1544537  0.0912284  0.0720094 -0.1900813 
 0.2886751  0.0000000  0.1669026 -0.3792036 -0.3071525  0.0178980  0.2076851 -0.0860807 -0.2004516 -0.2511930  0.0790427  0.1228915 -0.0484052  0.1928182  0.0495420 -0.0532478 -0.4350854 -0.0511001  0.0521652  0.3507366  0.0908306  0.3167313  0.0431316  0.0478671 
 0.2886751  0.0000000  0.3456225 -0.1458271  0.5465148 -0.0676288 -0.1260358 -0.0148411 -0.1677752 -0.0633831 -0.1895737 -0.0412081 -0.0205155 -0.2521081  0.3016716  0.2076716 -0.0442463  0.0322821  0.1214270  0.2105762  0.1581433 -0.3163978 -0.0291156  0.0249528 
 0.2886751  0.0000000 -0.5091917 -0.2402621 -0.0825558 -0.0475067  0.2468107  0.2070624  0.2206266 -0.0697975 -0.0779686  0.1409379  0.1108793 -0.1078626  0.0083771  0.5383133  0.1765735 -0.0613024  0.1276991 -0.0339468  0.0389560 -0.0197599 -0.0951895  0.1736863 
 0.2886751  0.0000000  0.1159167 -0.2047995 -0.0530310  0.1003864 -0.3993938  0.0302138 -0.0390885 -0.0398004 -0.4014855  0.1747666 -0.0577742  0.4377986 -0.2135720 -0.0444817  0.2898023 -0.1075173 -0.2081346 -0.0722301 -0.1698309 -0.0440639 -0.2732766 -0.0312950 
 0.2886751  0.0000000  0.0073181  0.1205229  0.0907645 -0.3709296 -0.0170503  0.1614296  0.2178209  0.1167464  0.1460022  0.0341371 -0.2002431  0.3325001  0.2478564 -0.1214368 -0.2406342 -0.2519172  0.2761533 -0.4265999  0.0916376 -0.0110929 -0.0218086 -0.1758063 
 0.2886751  0.0000000 -0.0010636 -0.1766680  0.0213259  0.1517827 -0.0642611  0.2210434 -0.1257801  0.2977048  0.2348205 -0.0506043 -0.3492717 -0.4867066 -0.1536771 -0.2172113 -0.0229946 -0.0624057  0.0437317 -0.0961688 -0.3625061  0.1522773 -0.1688278  0.1358814 
 0.2886751  0.0000000  0.0480491  0.5414087 -0.1558468  0.2927572  0.1985329 -0.0183263  0.0408735 -0.0569091 -0.2482863 -0.0269862 -0.0849577 -0.2254387 -0.0798743  0.1363834 -0.1933165 -0.2149656 -0.1971181  0.0431835  0.1202991  0.0040598 -0.2018701 -0.3763540 
 0.2886751  0.0000000  0.0333245  0.1006307 -0.3681948 -0.0736627 -0.1854736 -0.2743402  0.1318977 -0.1753239  0.1959154  0.1504087 -0.0461521 -0.1365531 -0.1282048 -0.0419938 -0.1341504  0.2597274 -0.0617798 -0.1433321 -0.0117282 -0.5656734  0.1545061  0.2298775 
 0.2886751  0.0000000 -0.0088385  0.2686358 -0.0223445  0.1074045 -0.0242089 -0.0901640 -0.0830762 -0.2017035 -0.1006983 -0.3429362  0.3401650  0.0080289  0.0844097 -0.2610851  0.1681632  0.1520009  0.3275759 -0.1555847  0.1129427  0.2712874 -0.1918666  0.3888610 
 0.2886751  0.0000000  0.0051504 -0.0663275  0.0167145  0.2737235 -0.0336934  0.2026454  0.0883082  0.1726825  0.0822857 -0.1478763  0.1129805  0.0528061  0.1906717 -0.1006813  0.1543441 -0.1263891 -0.4448769 -0.0604937  0.2557827  0.0645429  0.5884326  0.0965422 
 0.2886751  0.0000000 -0.0565820  0.1612971  0.1492109 -0.0452685  0.1996098 -0.1953992 -0.3375590 -0.0531851  0.3156848  0.1164850  0.1708942  0.1603129  0.1483486  0.1299633  0.2446925  0.2034132 -0.0773397 -0.0318204 -0.4789804  0.0568607  0.1238751 -0.3241317 
 0.0000000  0.2886751  0.0916288  0.2022121  0.2470882  0.1579515  0.0604853 -0.1703980  0.2699996 -0.2170476  0.1171801 -0.1388347 -0.3243959  0.2119123 -0.2038768  0.1739892  0.0644200 -0.3132814  0.1375768  0.2061888 -0.2577473  0.0291721  0.2133685  0.3116817 
 0.0000000  0.2886751  0.0239140  0.0621023 -0.1205519 -0.4450008 -0.2057059  0.1204275 -0.2819474 -0.2076831  0.3465398 -0.2612457  0.0017977 -0.0846165 -0.1137386  0.1705894  0.1692308 -0.2391329 -0.3063385  0.0510382  0.2347731  0.0544523 -0.2054882  0.0107297 
 0.0000000  0.2886751  0.0554061 -0.2512117  0.1797610 -0.0176431  0.1384564  0.1436441  0.3086233 -0.5335145 -0.0932708 -0.1225890 -0.0758954 -0.1561272 -0.0886299 -0.1744820 -0.0179427  0.3283104 -0.1624527 -0.2735832 -0.0501335  0.1153159  0.0324610 -0.2824864 
 0.0000000  0.2886751 -0.3814657  0.0930451  0.1873277  0.0770179  0.2617546  0.0026943 -0.3979111  0.0656721 -0.1098591  0.1116979 -0.4091781  0.2102229 -0.0035850 -0.1860661 -0.0323967  0.2386511 -0.1275137 -0.0383141  0.2789859 -0.1586685 -0.0755335  0.1872323 
 0.0000000  0.2886751 -0.0039687  0.0459182 -0.2515942 -0.2956549  0.1995614  0.2884303 -0.1579730  0.0384755 -0.4240070 -0.1691002  0.1499474 -0.0557058  0.0685592 -0.2137425 -0.0167427 -0.1661774  0.0907534  0.1459701 -0.3724839 -0.2676990  0.2481003  0.0250711 
 0.0000000  0.2886751 -0.1394234  0.1143796  0.1809359 -0.1787007 -0.1739368 -0.2496927  0.0690097 -0.0200374 -0.1290008  0.5820967  0.2136264 -0.2756606  0.1134146 -0.1785871 -0.1012870 -0.2206402 -0.1612302 -0.0292354 -0.0353617  0.2920733  0.0564160  0.1559454 
 0.0000000  0.2886751  0.3683102  0.0673677  0.0929298  0.0901027  0.1047091  0.2804927 -0.1454232  0.2169364  0.0540797  0.1985506  0.3269969  0.0957769 -0.4475300  0.2673548 -0.2155593  0.1491204  0.0973584 -0.2639234  0.0756451  0.0315332  0.0696280  0.1107317 
 0.0000000  0.2886751  0.0973865  0.1530954 -0.2138921 -0.0665323 -0.2301160  0.0642989  0.1971297  0.2549581 -0.1067280 -0.0895575 -0.1961294  0.0672983  0.3896460  0.3080349 -0.0987682  0.4665269 -0.1256797  0.1249839 -0.1414672  0.2625334 -0.0756024  0.1001419 
 0.0000000  0.2886751  0.3593532 -0.1528730 -0.2590861 -0.0017387  0.3171928 -0.2940522  0.0842351  0.2146343  0.0026746  0.1423989 -0.1427952 -0.1149043  0.0976390 -0.0568821  0.5225258 -0.0649578  0.1925473 -0.0843970  0.2354309  0.0023705 -0.0353698 -0.1095924 
 0.0000000  0.2886751 -0.0243840 -0.0652423  0.0678388  0.2512955  0.0980097  0.1311812  0.2785125  0.0918999  0.3337163  0.0266164  0.3372020  0.1455829  0.1955092 -0.2424279 -0.0715295 -0.0566458 -0.1088078  0.2695283 -0.0571961 -0.3048228 -0.4451921 -0.0084185 
 0.0000000  0.2886751 -0.2194000 -0.3073810  0.0054203  0.1390464 -0.1117308 -0.5075932 -0.0987979  0.2204050 -0.0943373 -0.4098978  0.1435321  0.0017426 -0.0124327  0.1555909 -0.2839812 -0.1514103 -0.0009531 -0.2737385 -0.0556373 -0.0496545  0.0001991 -0.1423428 
 0.0000000  0.2886751 -0.2273570  0.0385876 -0.1161776  0.2898563 -0.4586798  0.1905669 -0.1254572 -0.1246987  0.1030126  0.1298644 -0.0247086 -0.0455214  0.0050250 -0.0233716  0.0820307  0.0296371  0.4747397  0.1654822  0.1451921 -0.0066058  0.2170131 -0.3586939 
