 0.5422820 -0.0858002 -0.0309791 -0.0234415  0.0092310  0.0069993 -0.0002922 -0.0002503 -0.0000748 -0.2030186 -0.3555182 -0.5889686 -0.1061654  0.2590062  0.0909432  0.1323088 -0.0577343 -0.2237557  0.1577966 
 0.5484434  0.0854325 -0.0273205  0.0245495  0.0088782 -0.0072803  0.0006442  0.0012829 -0.0010602  0.3322049  0.2081734 -0.0417206 -0.1580112 -0.3704914 -0.3790731 -0.3565350 -0.1210556  0.2238471  0.1928291 
 0.6365060 -0.0001077  0.0496800 -0.0011741 -0.0154978  0.0003101 -0.0003061 -0.0008922  0.0009773 -0.1134047  0.1234264  0.5377518  0.2266366  0.0986083  0.2491150  0.1944217  0.1535972 -0.0021879 -0.3005564 
-0.0002573  0.7037038 -0.0006147 -0.0006065  0.0000578  0.0008314  0.0002109 -0.0000561  0.0001066 -0.1347642 -0.3313836  0.0488557  0.3036208  0.1899874 -0.1096993 -0.0447252  0.1449337  0.3893732  0.2439339 
-0.0001105  0.7001004  0.0001856 -0.0052613 -0.0000073  0.0009063 -0.0003265 -0.0001310  0.0000132  0.0700261  0.2641536 -0.1161266 -0.2988803 -0.1139743  0.1677053  0.1046982 -0.1379463 -0.4461063 -0.2494356 
 0.0001733 -0.0000137  0.7060315 -0.0000540  0.0004705 -0.0000030  0.0000090  0.0002288  0.0000955  0.4496933  0.0667295 -0.1364152  0.1618354  0.1779240 -0.0019816  0.3533727 -0.2638262  0.1545986  0.0020993 
 0.0000554 -0.0000089  0.7052268  0.0000400  0.0013947  0.0000014  0.0000249 -0.0001276 -0.0002087 -0.4384010 -0.0833987  0.0712637 -0.1884324 -0.1878343 -0.0264091 -0.3755431  0.2462614 -0.1553143  0.0337343 
-0.0000196 -0.0000167 -0.0000094  0.7068318 -0.0000279  0.0001538 -0.0000323  0.0000036  0.0000062  0.0113773  0.2716296 -0.1925546 -0.0803948  0.4130786 -0.1819528 -0.1327894  0.2975759  0.1012137 -0.2505328 
 0.0000118  0.0000188  0.0000284  0.7065460 -0.0000136  0.0003433 -0.0000026 -0.0000590  0.0000299 -0.0293803 -0.2888487  0.1745931  0.0808348 -0.3922653  0.1998274  0.1507088 -0.2960920 -0.1194203  0.2470445 
-0.0000001 -0.0000089 -0.0000088 -0.0000238  0.7069497  0.0000014 -0.0000246 -0.0000648  0.0000237  0.0377563  0.2549764 -0.0371979  0.0639176  0.1445298  0.4918837 -0.2839006 -0.0563741  0.0671926  0.2778196 
-0.0000150  0.0000037 -0.0000156  0.0000373  0.7069765 -0.0000004  0.0000135  0.0000325  0.0000124 -0.0411850 -0.2500776  0.0571417 -0.0553410 -0.1408448 -0.4827730  0.2914085  0.0616932 -0.0669621 -0.2889731 
 0.0000016  0.0000034  0.0000042 -0.0000013 -0.0000004  0.7070612  0.0000111  0.0000096 -0.0000029 -0.0289635  0.0648560  0.2393033  0.1061956  0.3142119 -0.2877698 -0.1250829 -0.2503050 -0.3530944  0.2048443 
-0.0000014  0.0000007  0.0000014 -0.0000026  0.0000062  0.7070790 -0.0000013  0.0000067 -0.0000078  0.0345257 -0.0591138 -0.2340846 -0.1068631 -0.3206017  0.2827055  0.1198908  0.2496404  0.3577569 -0.2043172 
 0.0000000  0.0000000  0.0000000  0.0000000  0.0000000  0.0000000  0.7071063 -0.0000004  0.0000004  0.2089947 -0.0624784 -0.1717165  0.4796189 -0.1537877  0.0043477 -0.1858116  0.2033164 -0.2843354 -0.1118828 
 0.0000000  0.0000000  0.0000000  0.0000000  0.0000000  0.0000000  0.7071067 -0.0000001  0.0000004 -0.2093451  0.0624423  0.1716601 -0.4796463  0.1541895 -0.0037221  0.1863271 -0.2032616  0.2837332  0.1114544 
 0.0000000  0.0000000  0.0000000  0.0000000  0.0000000  0.0000000 -0.0000009  0.7071060  0.0000003 -0.2270497  0.3809723 -0.1144513  0.1571865 -0.1512610 -0.1227858  0.3228781  0.1757077 -0.0403323  0.3013247 
 0.0000000  0.0000000  0.0000000  0.0000000  0.0000000  0.0000000 -0.0000003  0.7071057  0.0000011  0.2260133 -0.3813253  0.1150450 -0.1567541  0.1520356  0.1239246 -0.3221310 -0.1752315  0.0397143 -0.3019593 
 0.0000000  0.0000000  0.0000000  0.0000000  0.0000000  0.0000000  0.0000004  0.0000013  0.7071055 -0.3327816  0.1289328 -0.1633308  0.2414924 -0.0701577 -0.0443668 -0.1135277 -0.4098598  0.1589266 -0.2731618 
 0.0000000  0.0000000  0.0000000  0.0000000  0.0000000  0.0000000  0.0000002  0.0000004  0.7071066  0.3332439 -0.1288115  0.1624896 -0.2421754  0.0693954  0.0434564  0.1125848  0.4095610 -0.1587229  0.2738466 
