 0.7078545  0.0008460 -0.0007923 -0.0001483 -0.0013161 -0.1788289  0.0311014 -0.0114443  0.0087969  0.4424388 -0.3341705 -0.1166180 -0.2447652  0.2912932 
 0.7063580 -0.0014742  0.0007220  0.0000461  0.0013190  0.1797483 -0.0311780  0.0114722 -0.0088121 -0.4432546  0.3348125  0.1169327  0.2451183 -0.2919466 
 0.0001923  0.7056040 -0.0009747  0.0002931 -0.0013159  0.1815107  0.0305832  0.0114433  0.0089753  0.3879503  0.3347344 -0.1172793 -0.2519672 -0.3580960 
 0.0004328  0.7086039  0.0003392 -0.0003034  0.0013147 -0.1802676 -0.0307924 -0.0113358 -0.0089634 -0.3879075 -0.3324194  0.1176688  0.2512206  0.3553764 
 0.0001096  0.0007247  0.7066667  0.0000432  0.0000189 -0.0000064  0.2327041 -0.0000427 -0.0023392  0.1441317  0.1918073 -0.4072890  0.4360443  0.1813338 
-0.0000375 -0.0000891  0.7075450 -0.0000120 -0.0000237 -0.0002101 -0.2322320  0.0000600  0.0023718 -0.1422939 -0.1916248  0.4063320 -0.4365042 -0.1811998 
 0.0000641  0.0000307 -0.0000100  0.7070671 -0.0000017 -0.0000269 -0.0000515 -0.2354255 -0.0000065 -0.3317123  0.0799356 -0.4259847 -0.3678797  0.1068163 
 0.0000383 -0.0000190 -0.0000208  0.7071463  0.0000028  0.0000366  0.0000104  0.2353861  0.0000014  0.3314632 -0.0803728  0.4260342  0.3679509 -0.1063802 
-0.0000005  0.0000000 -0.0000004 -0.0000003  0.7071537  0.0000000  0.0000000  0.0000002 -0.2355378 -0.0297717 -0.4172700 -0.2669665  0.1209084 -0.4284449 
-0.0000001  0.0000000 -0.0000001  0.0000000  0.7070549 -0.0000004 -0.0000001  0.0000002  0.2356370  0.0328871  0.4173348  0.2661033 -0.1227613  0.4282725 
-0.0003631  0.0000856  0.0001284 -0.0001603  0.0000039  0.9328817  0.0000135 -0.0088489 -0.0000935  0.0197274 -0.2579719  0.0007327  0.0033033  0.2504061 
-0.0000203 -0.0000230 -0.0000448  0.0000042  0.0001623  0.0000044  0.9423875  0.0000178 -0.0000039 -0.1252079 -0.0941955  0.2160462 -0.1826898 -0.0854660 
 0.0000032 -0.0000029 -0.0000116 -0.0000013 -0.0000016  0.0000114  0.0000077  0.9426388 -0.0000058 -0.1640205  0.0214420 -0.2128169 -0.1835524  0.0713241 
 0.0000000  0.0000000  0.0000000  0.0000000  0.0000000  0.0000000  0.0000000  0.0000000  0.9426930 -0.0305999 -0.2077419 -0.1308390  0.0724340 -0.2118286 
