 0.2871833  0.0000000  0.0642812  0.1179798  0.1049487 -0.3192398 -0.2056765 -0.1889437 -0.0207239  0.0462770  0.2128886  0.1088933 -0.1586399 -0.1769704 -0.4801859 -0.0742689  0.2761539  0.3112631 -0.2735000 -0.0061307 -0.0423464 -0.1757819 -0.1024814  0.2519792  0.0392407 
 0.2871833  0.0000000  0.2876815  0.0056676  0.0179281  0.2195161 -0.1014046  0.1764672  0.2531518  0.1324248 -0.0430906 -0.1672542 -0.2016739 -0.1159336  0.2325949 -0.1727561 -0.1654832  0.4584399  0.3145375  0.0730062 -0.1884681  0.2089141 -0.1114301  0.2129134  0.1286859 
 0.2871833  0.0000000 -0.3332151  0.1589048 -0.0934543  0.2651739 -0.0777257 -0.3442889  0.2326341 -0.3051182  0.3588490 -0.1261360  0.0624077  0.0771122  0.1528014  0.2142749 -0.2022184  0.0418968 -0.0903998  0.1206956 -0.1729631 -0.2405340 -0.0679889 -0.1623219  0.1499436 
 0.2871833  0.0000000  0.0353013 -0.2362771 -0.2447810 -0.2626601 -0.2942585  0.1017929  0.3191850 -0.0149693 -0.0591330 -0.2551181 -0.0028988  0.3391950  0.1047512 -0.1405826  0.1352372 -0.2519186 -0.2937835 -0.2903923 -0.0458086  0.2162218 -0.0891781 -0.0869043 -0.0369848 
 0.2871833  0.0000000  0.0320899  0.0443722  0.0819356  0.2145837  0.0583756  0.3574273  0.1943686  0.0337380  0.2430587  0.3977261  0.1982193 -0.0717506 -0.2822636 -0.1857649 -0.0802287 -0.1646700 -0.0553953 -0.0120036 -0.1334891  0.1582571  0.4447449 -0.1935248  0.0303970 
 0.2871833  0.0000000 -0.1919187  0.3521887 -0.4070579 -0.0358839 -0.0059406  0.2782044 -0.1339190  0.0809133 -0.2184969 -0.3145370 -0.1089309 -0.4839490 -0.0814862  0.0947387  0.0041056 -0.1855512  0.0260091  0.0741443  0.1397034 -0.0667554  0.0370750 -0.1010134 -0.0567808 
 0.2871833  0.0000000  0.0763191  0.1100436  0.3082594 -0.0415285 -0.1789005 -0.0582931 -0.3946840 -0.0464057 -0.0448134 -0.3270175  0.1141534  0.3363723 -0.1439303  0.1243090 -0.2723433  0.1421824  0.0601220 -0.0292933  0.3312855  0.1719164  0.3095342 -0.0588059  0.0279571 
 0.2871833  0.0000000 -0.0334996  0.1007174 -0.0161197 -0.0150758 -0.1779442 -0.0612961 -0.0490202 -0.0006283 -0.2329383  0.3500073  0.0637675  0.1747966  0.0739211 -0.0206704  0.2069647  0.1117949  0.4803253 -0.2420710 -0.0235347 -0.3107036 -0.1040200 -0.2900930 -0.3375835 
 0.2871833  0.0000000 -0.1180502 -0.3661871  0.2372620  0.1007735  0.0051025  0.0590241 -0.2104944 -0.0226448  0.0500501 -0.0785433 -0.0644270 -0.0574323  0.3359185 -0.2061545  0.3209132 -0.0968708 -0.1236760  0.4892871  0.0383581 -0.1439810  0.1362519  0.0766430 -0.2637159 
 0.2871833  0.0000000 -0.3170147 -0.1052356  0.2939365 -0.0784750  0.1188564 -0.1892888 -0.1153239  0.3188195 -0.2764520  0.1160814  0.1209409 -0.1200393  0.0359429  0.2761775 -0.0007520 -0.2002197  0.0325854 -0.0950372 -0.3617223  0.2868618 -0.1405125  0.1202031  0.2334160 
 0.2871833  0.0000000  0.1740909  0.1420762  0.0584028 -0.1038596  0.5228092  0.1884424  0.1006418 -0.3001836  0.0325502  0.0876597 -0.2129688  0.2491501  0.0143773  0.2466798 -0.0268542 -0.2244792  0.0641021 -0.0606206  0.0940712 -0.0996203 -0.0948765  0.4114708 -0.1026816 
 0.2153874 -0.0717958  0.2548032 -0.3570112 -0.1417611  0.4199956  0.2575456 -0.1153498 -0.2296789  0.2104506  0.0262918 -0.0036636  0.0063469 -0.1195772 -0.0631952 -0.0071206 -0.1413993  0.0523175 -0.2749677 -0.3646589  0.1829942 -0.2022679 -0.2079768 -0.1217610  0.0045456 
 0.2153874  0.0717958  0.1771095 -0.0753227 -0.3132525 -0.3444283  0.1913971 -0.3103137 -0.0047424 -0.1067474 -0.0562550  0.2813147  0.2470538 -0.0811575  0.1132737 -0.2008563 -0.1192605  0.0251924  0.0870652  0.3358795  0.3035578  0.1958747 -0.0815146 -0.1189672  0.2462629 
 0.0000000  0.2871833 -0.3384016  0.0099819  0.1163208 -0.2198174  0.1205831  0.4215636 -0.2443358 -0.1342664  0.0913810  0.1666445 -0.2024026  0.0407480  0.2206709 -0.1298947 -0.1427202  0.3125106 -0.2089467 -0.1581565  0.0171873  0.0162085 -0.2086140 -0.2511460  0.1813943 
 0.0000000  0.2871833 -0.2424302  0.0665720  0.1684837  0.3138456  0.2398231 -0.1032116  0.2337745 -0.0434148 -0.1886854 -0.1925709 -0.0588995  0.1485314 -0.3999107 -0.3030133  0.2321870 -0.0088416  0.0864492  0.1079393  0.2236577  0.1819665 -0.2791337 -0.1358497  0.0123262 
 0.0000000  0.2871833  0.0475606  0.0522803  0.4151406 -0.0999586 -0.1068314 -0.1254543  0.4381069  0.0536086 -0.1058074  0.0438993  0.0182203 -0.3753956  0.2426447  0.0595649 -0.1891718 -0.0772432 -0.1375836 -0.1904020  0.3827285 -0.1199403  0.0941204 -0.0008335 -0.1573925 
 0.0000000  0.2871833 -0.0139540  0.0774578 -0.2364887 -0.0065434  0.2489654 -0.1645837  0.0430803  0.0936194 -0.1735883  0.0229077  0.0291165  0.0955051  0.0079240  0.1698027 -0.0614135  0.3707013 -0.3074375  0.0833493 -0.2390022  0.2182074  0.2344226 -0.0210148 -0.5323149 
 0.0000000  0.2871833 -0.1739348  0.0602308 -0.1867589  0.0779594  0.1059139 -0.0103851 -0.0371928  0.0331765 -0.0461354 -0.0978928  0.3730353  0.0628419  0.1664332 -0.2025905  0.2598008  0.1301808  0.0471540 -0.2956432  0.0454441 -0.2251779  0.3391175  0.4212016  0.2933703 
 0.0000000  0.2871833 -0.1858751 -0.4208055 -0.1603659  0.0604133 -0.3178472  0.1846610  0.0011600 -0.1632683 -0.1671062  0.1350361  0.1250194  0.0039900 -0.3102764  0.1007331 -0.3935025 -0.0244585  0.0903795  0.1519884  0.0204706 -0.1377786 -0.1360835  0.3317925 -0.1086537 
 0.0000000  0.2871833  0.3353671  0.1017975 -0.0111970  0.2699134 -0.2447903  0.1606073 -0.0340735 -0.1071117 -0.1902267  0.1793572  0.0450302  0.0590331  0.0786665  0.4596970  0.3768884  0.0176285 -0.2181894  0.1784315  0.0668696  0.0536854 -0.0742291 -0.1052231  0.2936824 
 0.0000000  0.2871833  0.3308991  0.0150952  0.1221025 -0.1289790  0.0854467 -0.1008420 -0.0759932 -0.1291158 -0.3012735 -0.1805846 -0.1262623  0.0102594 -0.0976818 -0.2446720 -0.1844501 -0.1958381 -0.0392789  0.0715907 -0.4615503 -0.3780956  0.1329287 -0.2045085  0.1816364 
 0.0000000  0.2871833 -0.0784237  0.0276942 -0.1842380  0.0332237 -0.0918782 -0.1486650 -0.0102040  0.5296143  0.1840015  0.1729581 -0.5299784  0.2732384  0.0392122  0.0238070 -0.0882594 -0.1968516  0.1022423  0.1025749  0.1475634 -0.0714397  0.1784888  0.0324741  0.1253169 
 0.0000000  0.2871833  0.1861883  0.3264508  0.0626354 -0.0097812 -0.0637136  0.0998222 -0.1683242  0.2913985  0.3458513 -0.0890125  0.4178754  0.0730024  0.0858299 -0.1281903 -0.0954123 -0.2085127 -0.0193280  0.0961375 -0.1029292 -0.0053402 -0.4254861  0.0880362 -0.2282692 
 0.0000000  0.2871833  0.0718151 -0.0046736 -0.0655919  0.1466184 -0.1512809 -0.2563453 -0.3007823 -0.4141937  0.2020215  0.0593321 -0.2359910 -0.2664981  0.0564742 -0.1124597  0.0798158 -0.2051509  0.1497888 -0.2908867 -0.0920560  0.3952982  0.0445818  0.0955597 -0.1329520 
 0.0000000  0.2871833  0.0806126 -0.3825036  0.0028303 -0.2457881  0.1921467  0.0915737  0.0985499  0.0692529  0.3702043 -0.2913188  0.0850600 -0.1348607 -0.1341040  0.3556496  0.2007031  0.0926567  0.3642421 -0.0320579 -0.0385244 -0.0271293  0.0682710 -0.2511869  0.0114264 
