9 23
-0.032293 -0.013296 -0.000000  0.000000 -0.000000 -0.052991 -0.565841  0.021315  0.000000 -0.164605 -0.119059  0.436465  0.006084  0.194186 -0.116635  0.314761  0.124587  0.043067  0.148334 -0.318734  0.063214 -0.189725  0.334940
 0.000000  0.000000  0.000000 -0.000000 -0.000000 -0.164189  0.000000 -0.006879 -0.514668  0.156869 -0.253925  0.269022  0.144512  0.033121  0.133779 -0.140814  0.151161 -0.132605 -0.099993 -0.271192  0.340001  0.115890 -0.483672
 0.685715 -0.000021 -0.000000 -0.000000 -0.000000 -0.000000 -0.000000  0.000000 -0.000000  0.190974  0.250777  0.037240  0.122302 -0.077599 -0.208029  0.021297  0.199212  0.447994  0.086519 -0.114163 -0.110515 -0.204174 -0.222565
 0.000000  0.000000  0.685736  0.000000  0.000000  0.000000 -0.000000 -0.000000  0.000000  0.020979 -0.275982 -0.084927 -0.013033  0.220598 -0.298451  0.014648  0.265456 -0.128691 -0.154383  0.002728 -0.419372  0.113932 -0.090016
 0.000000 -0.685736  0.000000 -0.000000  0.000000 -0.000000  0.000000  0.000000  0.000000 -0.083626 -0.229893 -0.104244 -0.174691 -0.097626 -0.044397  0.373642  0.118965  0.079750 -0.089499  0.333992  0.233265 -0.219521 -0.186422
-0.683650  0.002086 -0.000000  0.000000  0.000000 -0.000000 -0.000000  0.000000 -0.000000  0.137928  0.212409 -0.047199  0.162297 -0.132303 -0.409406  0.029756  0.055828  0.345936  0.201075 -0.112342 -0.017907 -0.086994 -0.264909
 0.000000 -0.000000 -0.000000 -0.000000 -0.000000  0.000000 -0.000000 -0.000000 -0.685736 -0.195733  0.223125 -0.008514 -0.233444  0.067543 -0.056947  0.064094 -0.331905 -0.095477  0.091783  0.103544 -0.361968 -0.322523 -0.041521
 0.000000 -0.000000  0.000000  0.000000  0.000000 -0.685736 -0.000000 -0.000000  0.000000 -0.073181  0.230162 -0.169605  0.056295  0.245604  0.214767  0.380291  0.026741  0.104255  0.154572  0.056462 -0.087121  0.368347 -0.080620
 0.000000  0.000000 -0.000000  0.000000 -0.000000 -0.000000  0.000000 -0.685736 -0.000000  0.188900 -0.035691 -0.038679 -0.014590  0.268441  0.038405 -0.175832  0.197439 -0.139889  0.489813  0.230060  0.086156 -0.163024  0.035384
-0.000000 -0.000000 -0.514668 -0.000000  0.000000  0.000000 -0.000000 -0.171068  0.000000  0.276900 -0.212749 -0.056040 -0.193511  0.449120 -0.332367  0.047487 -0.145571  0.131223 -0.381857 -0.049488 -0.148372  0.142069 -0.005094
-0.000000 -0.000000  0.514668  0.000000 -0.000000 -0.000000  0.000000 -0.171068 -0.000000  0.248948  0.154965  0.057115 -0.176147  0.155199  0.065285  0.027969 -0.499261  0.302689 -0.176160 -0.053124  0.410394 -0.009733  0.114842
-0.000000  0.000000  0.000000  0.000000  0.685736 -0.000000 -0.000000 -0.000000  0.000000 -0.448575  0.099469 -0.241439  0.055329  0.296153 -0.055711 -0.237440  0.118242  0.105881 -0.128435 -0.092585  0.210697 -0.119150 -0.035517
 0.032293  0.013296 -0.000000  0.000000  0.000000 -0.052991  0.565841  0.021315 -0.000000 -0.159023  0.204027  0.398498 -0.404515  0.005922 -0.344817  0.072644  0.219741 -0.115658  0.093718 -0.057886  0.197838  0.172924  0.137636
-0.000000 -0.685736  0.000000 -0.000000 -0.000000  0.000000  0.000000 -0.000000  0.000000  0.125925  0.360515  0.143766  0.307617  0.127514 -0.030605 -0.285693 -0.085903 -0.210861 -0.041904 -0.185233 -0.160670  0.159024  0.175531
 0.168253 -0.002815 -0.000000  0.514668 -0.000000 -0.000000  0.000000 -0.000000  0.000000 -0.248627 -0.255030  0.081868  0.310226 -0.019523 -0.360974 -0.028106 -0.403074  0.011774  0.267164  0.191247  0.099738  0.246848 -0.063925
-0.000000 -0.171068 -0.000000  0.000000  0.514668 -0.000000 -0.000000  0.000000 -0.000000  0.217309 -0.289151  0.079898 -0.349795 -0.277349  0.166009 -0.045418 -0.129194  0.179936  0.340187 -0.207894 -0.273935  0.236953  0.023094
 0.000000 -0.000000 -0.000000 -0.000000  0.000000  0.164189 -0.000000  0.006879 -0.514668  0.103923 -0.043363 -0.257678  0.166525 -0.123114 -0.057905  0.055416  0.291064  0.259817 -0.022298  0.133230  0.142280  0.313836  0.538994
 0.000000 -0.171068 -0.000000  0.000000 -0.514668 -0.000000 -0.000000 -0.000000 -0.000000 -0.380365 -0.156620 -0.241792 -0.276076  0.117241  0.091780 -0.361780  0.028349  0.321011  0.169062 -0.331253  0.006794  0.078200 -0.024228
-0.060938 -0.025091  0.000000 -0.000000 -0.000000  0.000000  0.599707  0.000000 -0.000000 -0.005266 -0.304841  0.035823  0.387412  0.177633  0.215296  0.228444 -0.089781  0.149762  0.051531 -0.246117 -0.127022 -0.342169  0.186162
 0.000000  0.000000 -0.000000 -0.000000  0.000000 -0.685736  0.000000 -0.000000  0.000000  0.085513 -0.186312 -0.021028 -0.020236 -0.298476 -0.225004 -0.363244 -0.019852 -0.004686 -0.154674  0.069475  0.019607 -0.319654  0.288963
-0.000000 -0.000000 -0.000000 -0.685736  0.000000 -0.000000 -0.000000 -0.000000 -0.000000 -0.207446 -0.134095  0.365532  0.180373  0.061402 -0.021039 -0.164763 -0.127832  0.269463  0.030605  0.384946 -0.079799  0.156554 -0.047900
 0.000000  0.000000 -0.000000 -0.000000 -0.000000 -0.000000  0.000000  0.685736  0.000000  0.330672 -0.054859 -0.059081 -0.094643  0.414546 -0.011956 -0.171019  0.024468 -0.033323  0.342303  0.212112  0.145391 -0.131475  0.037813
 0.168253 -0.002815  0.000000 -0.514668 -0.000000 -0.000000  0.000000  0.000000  0.000000  0.027770 -0.076363 -0.405161  0.069899 -0.101334 -0.332943  0.191421 -0.232753 -0.347255  0.226387 -0.321650  0.206061  0.038258 -0.000103
 0.685736
