13 28
 0.000023 -0.000025  0.000007  0.000011  0.000018  0.706901  0.000007 -0.000009 -0.000030 -0.000002  0.000000  0.000011 -0.000057  0.068737 -0.093652 -0.271502  0.023285 -0.001841  0.097265  0.051401 -0.048704  0.189033 -0.217223  0.045275  0.306608  0.202363 -0.414572  0.079142
-0.000395 -0.001306 -0.552266 -0.022586  0.003767  0.000904  0.008956 -0.075656  0.006100  0.002974 -0.000504 -0.030542 -0.000315  0.363689  0.035837 -0.084159 -0.336558  0.083405  0.322570 -0.161783  0.083016  0.388889  0.039309 -0.017375 -0.108715 -0.220719  0.050358 -0.271214
 0.000006 -0.000016 -0.000041  0.000014  0.000025  0.000046 -0.000001  0.000007  0.000003 -0.000008  0.706874  0.000019 -0.000045 -0.141371 -0.167782  0.001404  0.250864  0.079636  0.223659  0.328661  0.168273  0.096072 -0.104713 -0.222399 -0.118172  0.138981  0.100467 -0.289015
-0.000061  0.000102  0.000323 -0.003629  0.000094  0.000047  0.000033  0.702504  0.000114 -0.000014  0.000003 -0.000003 -0.000173 -0.025474  0.175298 -0.158402 -0.143987  0.323148 -0.031759 -0.092942  0.208618 -0.134720 -0.262455 -0.002086 -0.388751  0.059545 -0.166683  0.046762
-0.707106 -0.000000  0.000000  0.000000 -0.000000  0.000000  0.000000  0.000000 -0.000000  0.000000 -0.000000 -0.000000 -0.000000  0.098668  0.024834  0.103176 -0.303552  0.006902 -0.157299  0.356661 -0.282700 -0.161181  0.001343  0.056603 -0.046060  0.069624 -0.159802 -0.305370
-0.000013 -0.000029 -0.000038 -0.000070  0.000083  0.000080  0.002263  0.000085 -0.000009 -0.000159  0.000075  0.704020 -0.000008 -0.116933  0.206712  0.146264 -0.141702  0.366182  0.240780 -0.077118 -0.142779 -0.075373  0.096682 -0.269673  0.282911  0.124029  0.055781  0.042330
 0.000003  0.000007  0.000006  0.000001 -0.000024  0.706891 -0.000005  0.000006  0.000082  0.000020  0.000007  0.000040  0.000009 -0.057564  0.088230  0.267606 -0.012933  0.011078 -0.091284 -0.052585  0.035560 -0.190223  0.227478 -0.033936 -0.316714 -0.186877  0.418518 -0.073962
 0.000002 -0.000007  0.000021  0.000005  0.000002 -0.000044  0.000019 -0.000007 -0.000015  0.000005  0.706943  0.000026  0.000008  0.149724  0.188604 -0.009525 -0.240885 -0.076596 -0.236324 -0.319480 -0.166347 -0.085561  0.110738  0.216146  0.120110 -0.139448 -0.098029  0.287902
 0.000013  0.000030 -0.000003 -0.706585  0.000061  0.000017  0.000016 -0.000013 -0.000332 -0.000028  0.000004 -0.000001  0.000000  0.147629 -0.330351 -0.061199 -0.182173  0.157394 -0.268217  0.119522 -0.033333  0.096784 -0.137812 -0.238846  0.031808  0.015279  0.255410  0.262456
 0.000052 -0.000062 -0.000152 -0.000104  0.000075  0.000155 -0.000003 -0.000040  0.000098 -0.000039  0.000008 -0.706223  0.000063 -0.142830  0.188960  0.176949 -0.107151  0.368099  0.176651 -0.107530 -0.145513 -0.072986  0.106017 -0.291394  0.275312  0.155924  0.020383  0.030177
 0.000224  0.000543 -0.000047 -0.000113 -0.000216 -0.001949 -0.000067  0.000294  0.000275  0.702885  0.000042 -0.000308 -0.000138  0.097787  0.093645 -0.212933  0.069636 -0.205882  0.008241 -0.258413 -0.269230 -0.148680 -0.280070 -0.148606 -0.014988  0.187426  0.243146 -0.196490
 0.000634 -0.033477  0.000186 -0.001162  0.566147 -0.017648 -0.000596 -0.000427  0.001115 -0.070027 -0.008981  0.000755 -0.001442  0.338009  0.122453 -0.168734  0.331121  0.246039 -0.015348  0.074692 -0.255765  0.110523  0.288421  0.166913 -0.191912  0.308571  0.104887  0.087310
-0.000151  0.001107 -0.554015  0.021790 -0.000469 -0.000340  0.009656  0.073544 -0.006675 -0.003280 -0.000351 -0.034991 -0.000322 -0.123411  0.152891 -0.185412  0.058576 -0.101397  0.174885  0.423059 -0.040175 -0.362277 -0.112042  0.178588  0.170651 -0.070678  0.238926  0.347909
-0.000020 -0.000010 -0.000010 -0.000010  0.000020 -0.000004 -0.706980  0.000004  0.000008 -0.000009  0.000010 -0.000011  0.000006  0.139546  0.177794  0.451580 -0.000693 -0.084975  0.044643  0.051801  0.051602  0.189597 -0.324952  0.150202 -0.010022  0.204820  0.088667  0.128822
-0.000367 -0.036389  0.000694  0.001295  0.555049  0.016592 -0.000719  0.003677 -0.001330  0.071080 -0.011325  0.004761  0.000447 -0.119047  0.392052 -0.027627 -0.033513 -0.137172 -0.322359  0.149071  0.269386  0.154679 -0.126560 -0.308226  0.230512 -0.307651 -0.049892 -0.112218
 0.707106 -0.000000  0.000000  0.000000 -0.000000  0.000000 -0.000000 -0.000000 -0.000000  0.000000 -0.000000  0.000000 -0.000000  0.098511  0.024916  0.103207 -0.304379  0.006672 -0.156829  0.356880 -0.282075 -0.161084  0.001055  0.056558 -0.045847  0.068843 -0.159814 -0.305414
-0.000000 -0.000000 -0.000000 -0.000000  0.000000 -0.000000  0.000000  0.000000 -0.000000 -0.000000  0.000000 -0.000000 -0.707106 -0.434303  0.075640 -0.094897 -0.127466 -0.058805  0.006293  0.033722 -0.301586  0.360934 -0.010582  0.049404 -0.200068  0.000657  0.053432  0.095448
 0.000002  0.000014 -0.000003 -0.000009 -0.000001 -0.000000  0.000000 -0.000002 -0.707072 -0.000000 -0.000001 -0.000001 -0.000002  0.160347  0.024827  0.108652  0.095697 -0.185180  0.174868  0.062881 -0.187403 -0.051182  0.013207 -0.376733 -0.239161 -0.160291 -0.254200  0.237874
 0.000030 -0.704310  0.000082  0.000036  0.000286 -0.000006 -0.000027 -0.000043 -0.000015 -0.000006  0.002092 -0.000100  0.000057 -0.010322 -0.103785  0.104115  0.244666  0.284518 -0.006244 -0.050253 -0.257286 -0.007855 -0.277547  0.143665  0.058785 -0.403605 -0.024451 -0.089274
 0.000035 -0.000040 -0.000123 -0.001092 -0.000061 -0.000003 -0.000018  0.703798  0.001246  0.000237  0.000097  0.000053  0.000171  0.078045 -0.190384  0.168629  0.100138 -0.302374  0.052006  0.030555 -0.196410  0.212717  0.278256 -0.015761  0.357225 -0.074827  0.147459 -0.111102
 0.000063  0.705210  0.000137 -0.000011 -0.000050 -0.000084 -0.000200  0.000034 -0.000009 -0.000047 -0.000606  0.000561 -0.000075  0.019532 -0.034623  0.078109  0.282647  0.298855 -0.051015 -0.020816 -0.253985  0.029443 -0.255442  0.123883  0.064022 -0.404463 -0.017615 -0.093730
-0.000001  0.000001 -0.000012  0.000010 -0.000000 -0.000024  0.706913 -0.000005  0.000034 -0.000008 -0.000029 -0.000026  0.000026  0.132550  0.171952  0.459886  0.009785 -0.085186  0.026238  0.043369  0.050611  0.189980 -0.322524  0.145129 -0.013016  0.214094  0.078763  0.125595
-0.000250  0.064643 -0.000583  0.000135  0.609406  0.001281  0.001111 -0.002456  0.000133  0.000592  0.018633 -0.004626  0.000937 -0.208807 -0.471676  0.183264 -0.273870 -0.104513  0.304009 -0.204913 -0.008457 -0.246349 -0.152600  0.125274 -0.031132 -0.003867 -0.053161  0.022661
 0.000122  0.000200 -0.000050 -0.000021  0.000041  0.001509 -0.000094  0.000267  0.000087 -0.704256 -0.000196  0.000036  0.000052  0.053859  0.119705 -0.197741  0.031439 -0.243281 -0.022241 -0.253203 -0.215586 -0.140577 -0.320276 -0.196826  0.026118  0.124800  0.226184 -0.218943
-0.000001 -0.000002 -0.000003  0.000005 -0.000001  0.000003 -0.000000  0.000002 -0.707080  0.000000 -0.000001 -0.000004 -0.000000 -0.155384 -0.026809 -0.107348 -0.098199  0.186880 -0.173227 -0.068795  0.187129  0.057995 -0.010710  0.375584  0.236355  0.160291  0.252768 -0.243590
-0.000001  0.000000 -0.000000  0.000000 -0.000000  0.000000  0.000000  0.000000  0.000000  0.000000 -0.000000  0.000000 -0.707105  0.432991 -0.076543  0.095946  0.126738  0.057981 -0.006628 -0.034334  0.302146 -0.361337  0.009987 -0.049953  0.200676 -0.001206 -0.054004 -0.095753
 0.000484  0.000125 -0.622952  0.000625 -0.002706 -0.000471 -0.016531  0.001898  0.000534  0.000341  0.000703  0.058335  0.000565 -0.212495 -0.166773  0.239131  0.246602  0.016495 -0.442258 -0.232470 -0.037514 -0.022221  0.064640 -0.143644 -0.055482  0.258096 -0.257295 -0.069037
 0.000006  0.000002 -0.000019  0.706919 -0.000004 -0.000016 -0.000001 -0.000013  0.000071  0.000015 -0.000018  0.000010 -0.000004  0.163964 -0.333360 -0.059167 -0.194818  0.164999 -0.262309  0.100847 -0.029620  0.119881 -0.133292 -0.243996  0.020990  0.011508  0.249462  0.243398
 0.707106
