3 40
-0.276995  0.000000  0.000000  0.131850 -0.175014 -0.004522  0.062337 -0.229901  0.163422 -0.060340 -0.247711 -0.055502 -0.009508 -0.214670  0.062967  0.114979  0.051697 -0.202432  0.202973 -0.095187 -0.215527 -0.100017  0.212255 -0.015053 -0.022546 -0.036265 -0.457632  0.021910 -0.066123 -0.358892  0.004289 -0.088504  0.197660  0.200519  0.024307 -0.110587  0.013946 -0.033533 -0.057481  0.123406
 0.000000 -0.276995 -0.000000 -0.285542  0.103323 -0.035834 -0.007737  0.090819  0.130596 -0.021871  0.328847  0.120803  0.022461 -0.133372  0.009772  0.083122  0.120150 -0.223403 -0.047675 -0.232397  0.095098 -0.098939  0.113899  0.045379 -0.121173  0.036154 -0.175636 -0.093164 -0.251653  0.162831  0.014682  0.391198 -0.246006  0.331140 -0.038869 -0.092986 -0.022274 -0.115259 -0.048843 -0.079421
 0.000000  0.000000  0.276995 -0.046193 -0.198264 -0.111482 -0.348829  0.102893  0.018788 -0.151383 -0.237804 -0.116481  0.141093 -0.243828 -0.016529  0.103773  0.149110  0.043898 -0.336180 -0.075014  0.096502 -0.081081  0.059714  0.244709  0.191905 -0.048324 -0.077389  0.008650 -0.037532  0.067955  0.315168 -0.041248 -0.111316 -0.169726  0.222495 -0.080627  0.006488  0.210606  0.015465 -0.192563
-0.000000  0.276995  0.000000 -0.130995  0.076883 -0.151604  0.090162 -0.047966  0.138262  0.260004 -0.191025 -0.058063 -0.067045 -0.369359  0.048230 -0.117311 -0.164980  0.087280 -0.003115  0.339950 -0.151162  0.058207  0.099214  0.082771 -0.125925  0.093433  0.064437 -0.146289 -0.350273  0.096127 -0.232968 -0.045053 -0.178863  0.021058  0.058591  0.046164 -0.222987  0.027727 -0.118687 -0.221141
 0.000000 -0.276995  0.000000  0.099131 -0.279885 -0.083998  0.109092  0.083123  0.105660  0.030538  0.149689 -0.200275 -0.123366 -0.142457  0.119506 -0.112377  0.164294  0.318427  0.131850  0.019973 -0.231787 -0.168486 -0.125406 -0.019512 -0.189244 -0.055905  0.215311 -0.075583 -0.108564 -0.206230  0.089244  0.300334 -0.077120 -0.259262  0.237181  0.038207  0.056957 -0.028154 -0.001765  0.222272
-0.000000 -0.000000  0.276995  0.080734 -0.098823 -0.121190  0.127028 -0.176344  0.188226  0.094959  0.162020  0.309534  0.002353 -0.330809 -0.085263  0.158459 -0.277174  0.128400  0.156614 -0.158943  0.139753  0.030632 -0.164969 -0.183612 -0.102513 -0.329870  0.087957  0.077641  0.276648  0.115744  0.057455 -0.152981 -0.103941  0.025337  0.078943 -0.193100 -0.045363 -0.008043 -0.028127 -0.068130
-0.276995  0.000000  0.000000  0.040467 -0.086527 -0.245038  0.038602 -0.057107  0.054091  0.070090 -0.113903  0.089780 -0.124252  0.381848 -0.265032 -0.020270  0.033422  0.212616 -0.125547 -0.143526  0.168245 -0.080856  0.237767  0.265605 -0.087606 -0.112827  0.036198 -0.275532 -0.060469  0.148595 -0.233086 -0.057332  0.060233 -0.044624  0.140546 -0.259314 -0.071970 -0.195126  0.071822  0.148189
-0.276995 -0.000000 -0.000000 -0.103687  0.078742 -0.306762 -0.348900  0.182006 -0.001768  0.240026  0.046013  0.009515  0.087464  0.173641  0.126195  0.230427 -0.113694 -0.099898 -0.068790  0.030078 -0.307015 -0.097539 -0.230753 -0.089065  0.155105 -0.153474  0.244849  0.024950 -0.005815 -0.148477 -0.045496  0.033760  0.168826  0.149733  0.030180 -0.050361  0.088745 -0.130584 -0.266800 -0.115183
-0.000000 -0.000000  0.276995 -0.132228  0.112771  0.011729 -0.238888 -0.197896  0.086599  0.167767  0.186440  0.005649 -0.199406 -0.091846 -0.283106 -0.067983  0.200765  0.034126  0.039721 -0.185465 -0.109121  0.066120 -0.095869 -0.239428  0.185466  0.386418  0.096797 -0.007411 -0.236480 -0.037332 -0.062065 -0.231503  0.125321  0.025007  0.084564 -0.035391  0.071705  0.083203  0.258674  0.146432
-0.276995  0.000000 -0.000000  0.060020  0.124520  0.111277 -0.272245  0.010217 -0.018931  0.079757 -0.144224  0.278397  0.106283 -0.153643 -0.019212  0.222244  0.115390  0.123452  0.239945  0.182355  0.090690  0.016270  0.111901  0.034712 -0.175343 -0.086500  0.105846 -0.116079 -0.065215  0.132798  0.237568  0.137526  0.141615 -0.020802 -0.141878  0.388437  0.014574 -0.146552  0.328643  0.070229
-0.000000  0.000000 -0.276995 -0.156523  0.000881 -0.179339 -0.053419  0.097536 -0.108108 -0.123166  0.147792 -0.083575 -0.063844 -0.205260  0.055834 -0.116740 -0.251149  0.215706 -0.079024 -0.011093  0.211180  0.042008  0.031079 -0.080389  0.147568  0.040622 -0.178180  0.230447 -0.016519  0.058630  0.084352 -0.022460  0.348780  0.124321  0.372157  0.152656 -0.225281 -0.282712  0.063900  0.112089
 0.276995 -0.000000 -0.000000 -0.305810 -0.180104 -0.118693 -0.024909 -0.137153  0.050495  0.341568 -0.142349 -0.096126  0.091086  0.252148 -0.042741  0.159161 -0.051419  0.173259 -0.032943  0.129943  0.163307 -0.040197 -0.270023 -0.034531 -0.254603  0.056444 -0.323976 -0.112990  0.119236 -0.161855  0.064223  0.097283  0.037365  0.201553  0.053979  0.088985  0.087926  0.157702  0.190763 -0.037912
 0.000000 -0.276995 -0.000000 -0.275510 -0.046465 -0.012316 -0.095352  0.110243 -0.174180 -0.288000 -0.033394  0.176023  0.031524  0.127859 -0.125551  0.038883 -0.046245 -0.018472  0.126360  0.004300 -0.194108 -0.029754  0.014739 -0.234854 -0.126983 -0.187023 -0.203466 -0.142607 -0.107445 -0.007514 -0.195363 -0.373405 -0.222334 -0.194709  0.176300  0.306755 -0.068192  0.059108 -0.081388 -0.045627
 0.000000  0.276995 -0.000000 -0.033180 -0.087031 -0.018021  0.095026  0.096323  0.177961 -0.117222  0.020543  0.030390 -0.524614  0.109713  0.211465  0.441604  0.046639  0.008143  0.000453 -0.171120  0.121267 -0.252669 -0.008792 -0.112713 -0.023723  0.127875 -0.040162  0.082860 -0.063989  0.085853 -0.068821  0.051756  0.115559 -0.235421 -0.078863  0.181159 -0.065470  0.080651 -0.043714 -0.185954
 0.000000  0.000000 -0.276995  0.210246  0.281957  0.136756 -0.181812  0.181116 -0.087495 -0.019787 -0.213221 -0.067102 -0.215352 -0.020827 -0.175573  0.150061 -0.131491  0.001425  0.259734 -0.037078  0.050256 -0.102132 -0.060394 -0.090624 -0.048260  0.162621  0.052998 -0.184022  0.124299  0.019394  0.140531  0.068371 -0.208173  0.192540  0.344216 -0.232033 -0.091197  0.256732 -0.089299  0.072570
 0.000000 -0.276995  0.000000  0.238514 -0.048659 -0.090969  0.034599  0.036220  0.276281 -0.092478  0.024428 -0.046114  0.116788  0.075306 -0.376062  0.244166 -0.279686 -0.136998 -0.201523  0.168435 -0.167034 -0.053941 -0.085888  0.107006 -0.072242  0.214305  0.030085  0.280372 -0.048117  0.011849 -0.017654  0.044026 -0.015649 -0.039802 -0.132397  0.102646 -0.362161  0.061699  0.135868  0.104777
 0.035780  0.000000 -0.241215  0.078870  0.215998  0.031702 -0.039814  0.020191  0.151427  0.061176 -0.024797  0.170818  0.142447 -0.032602  0.143085  0.083077  0.185115  0.387405 -0.222888 -0.079596 -0.197019  0.006651  0.152881 -0.147523  0.143770 -0.232122 -0.122866  0.240224  0.022001  0.044482 -0.333316  0.114439 -0.056047  0.061968  0.012036 -0.052776  0.014427  0.358208  0.189193  0.082867
-0.000000 -0.000000  0.276995 -0.002954 -0.045063  0.196032  0.176930  0.160161 -0.081346  0.013219 -0.094148  0.157110 -0.059978  0.229429  0.015507  0.043564 -0.108461  0.278618  0.123386 -0.004301 -0.246182  0.031061  0.187091  0.098338  0.130339  0.179251  0.004035  0.280393 -0.002687 -0.140356  0.105185  0.039545 -0.224576  0.221712  0.190483 -0.018705  0.068266 -0.283682  0.178852 -0.320657
-0.276995  0.000000 -0.000000 -0.012969 -0.059688  0.143364  0.089632 -0.106998 -0.426459  0.030305  0.108498  0.035616 -0.174533 -0.189931 -0.231108  0.021674 -0.232748 -0.051353 -0.114727  0.044929 -0.188434 -0.023936 -0.222135  0.166476  0.071828 -0.032562 -0.224851 -0.044609  0.048335  0.131020 -0.194920  0.319248  0.116104 -0.154398  0.045841 -0.019860  0.248127  0.142604  0.133577 -0.142808
-0.000000  0.035780  0.241215 -0.050415  0.341343 -0.112430  0.038203 -0.056554  0.055655 -0.349333 -0.024967  0.254996 -0.150807  0.090619 -0.126729 -0.180108  0.184097  0.057805 -0.012804  0.314699  0.111216  0.041498 -0.175813 -0.033129 -0.012082 -0.146593 -0.067088  0.004473 -0.051790 -0.347634  0.060903  0.260760  0.190017 -0.022490  0.028112 -0.142326 -0.209643  0.079308 -0.079297 -0.125849
-0.276995 -0.000000  0.000000 -0.025835  0.203933  0.024992 -0.003970 -0.004155  0.222291  0.123846  0.076057 -0.010093 -0.154887  0.051118  0.146448 -0.166177  0.073367 -0.175655 -0.090407  0.356931  0.125356 -0.311120 -0.161226  0.054332  0.034207 -0.026875 -0.207296  0.225600  0.135084  0.092514  0.048042 -0.207842 -0.342371 -0.090984  0.147004  0.005520  0.200691 -0.132432  0.133121  0.173340
-0.000000 -0.000000  0.276995 -0.082495 -0.073809 -0.131433  0.038475  0.078329  0.023954 -0.097357 -0.390172  0.047700 -0.188521 -0.006221 -0.059514 -0.159083 -0.221357 -0.045956 -0.191988  0.005525  0.014517  0.041612  0.156694 -0.317623  0.037343  0.006131  0.087394  0.058468  0.051918  0.142977 -0.000582  0.268677 -0.065350  0.179478 -0.083142  0.202600  0.270467  0.052500 -0.153875  0.387192
-0.000000 -0.276995 -0.000000  0.103588  0.124642  0.138787 -0.137876 -0.336363 -0.047443  0.099459  0.049864 -0.094446 -0.353541  0.095239  0.231836  0.055715 -0.078256 -0.091549 -0.380256  0.030544 -0.098605  0.322323  0.215944 -0.072574 -0.317952 -0.133054  0.071177 -0.000238  0.016522 -0.017006  0.181366 -0.067065  0.043087  0.011576  0.143676  0.002068 -0.036047  0.000188  0.013621 -0.140164
 0.000000  0.276995 -0.000000  0.048300  0.100579 -0.124615 -0.290669 -0.084834 -0.135882  0.036025  0.100290 -0.209392 -0.148280  0.034309 -0.113235 -0.209624 -0.196456  0.088437  0.021992 -0.305360 -0.057510 -0.120423  0.040122  0.025112 -0.025041 -0.240270 -0.116830  0.058014 -0.000943 -0.266548  0.105194  0.090876 -0.349791 -0.041164 -0.331234  0.136696 -0.210912 -0.071931  0.145725  0.027129
-0.000000  0.276995 -0.000000 -0.247633 -0.103761  0.142837  0.083044  0.188713  0.187611  0.023090  0.222162 -0.050137 -0.142140  0.139462 -0.182224 -0.047277  0.059337 -0.052871  0.110017  0.072653 -0.330425  0.160942  0.068232  0.219850 -0.028056 -0.305296 -0.033933  0.045502  0.008580  0.229565  0.325370 -0.068549  0.146037  0.144299  0.058741  0.022790 -0.067101  0.253461 -0.053634  0.188457
-0.035780 -0.000000 -0.241215 -0.288038  0.168532 -0.110396  0.285606 -0.255400 -0.019308 -0.174478 -0.080512  0.082786  0.137838  0.043421  0.066212  0.029343 -0.267635  0.029589 -0.072263 -0.059106 -0.121304 -0.296848  0.061574 -0.074453  0.053542  0.026552  0.219962 -0.074964 -0.219736 -0.031797  0.396983 -0.087989  0.025612 -0.105439 -0.083716 -0.185839  0.156588  0.115941  0.207419 -0.000117
-0.000000  0.276995  0.000000  0.134410  0.036296 -0.187813 -0.178709  0.063633  0.179251 -0.269793  0.173811  0.056005  0.157116  0.111457  0.162004  0.087441 -0.252178 -0.027783  0.094586 -0.013865 -0.006858  0.437327 -0.038553  0.063922 -0.196605  0.155889 -0.149557 -0.020017 -0.183800 -0.042490 -0.043043  0.083055 -0.108813 -0.185494  0.140750 -0.114158  0.346536 -0.001292  0.099883  0.117341
 0.000000 -0.000000 -0.276995 -0.222286 -0.236796 -0.114199 -0.238018 -0.283866  0.032551 -0.096760 -0.128533  0.323147 -0.107114 -0.013699  0.015255 -0.204896  0.087268 -0.146023  0.156131 -0.101590 -0.026627  0.009540 -0.019444  0.298073 -0.134990  0.155121  0.266893  0.341317  0.194760 -0.045194 -0.122830  0.079394 -0.066303  0.039105  0.087600  0.064967 -0.001133  0.122585 -0.032912 -0.057463
 0.276995 -0.000000  0.000000 -0.170492 -0.121988  0.274523 -0.356185  0.160197  0.048383  0.021790  0.015491  0.025412 -0.041141 -0.071815 -0.094746 -0.033515 -0.168014 -0.012283  0.038162  0.233402 -0.021595 -0.245715  0.276372 -0.138265 -0.173591 -0.055738 -0.016897  0.114227  0.018193 -0.016527 -0.121352  0.041105  0.186745 -0.211275 -0.141887 -0.435169  0.084393 -0.169549  0.039858  0.007787
 0.000000  0.035780 -0.241215  0.047512  0.077611 -0.010756  0.055672  0.206239  0.332733 -0.163485 -0.000014 -0.089715 -0.076031 -0.193447 -0.351453 -0.114425  0.069888  0.063869 -0.221760 -0.090941 -0.038773 -0.003787 -0.009310 -0.006538 -0.166459 -0.026493  0.082791 -0.147180  0.196466 -0.174942 -0.024872 -0.143705  0.076835  0.140954 -0.050460  0.180433  0.387090 -0.140332  0.055643 -0.335024
-0.276995 -0.000000 -0.000000  0.022238 -0.107512  0.252909 -0.049367  0.146355 -0.036044  0.114542  0.196752  0.315434  0.041327 -0.016589  0.057142 -0.124915 -0.163088  0.293612 -0.235288 -0.035250  0.156684 -0.072257  0.005328  0.083836 -0.161681  0.265700 -0.073797 -0.026850 -0.093662 -0.239620  0.125349 -0.168438  0.010320  0.048246 -0.164300  0.037233 -0.008224  0.236613 -0.362172  0.111656
-0.276995 -0.000000  0.000000 -0.379358  0.093028  0.167156  0.126819  0.209429 -0.064106 -0.050984 -0.286066 -0.196591  0.001055 -0.133315  0.028783  0.143466  0.116137  0.052640 -0.085760 -0.188667  0.027561  0.301554 -0.278242 -0.009119 -0.257334  0.007138  0.077028  0.200294  0.038435 -0.069773 -0.066032 -0.053856 -0.071982 -0.089602 -0.138873 -0.240094 -0.148132 -0.135556  0.093687  0.151251
-0.000000 -0.276995  0.000000 -0.146529  0.159218  0.054273 -0.155975 -0.282387  0.208366 -0.180453 -0.030375 -0.231434 -0.115731  0.009845  0.009189  0.107249 -0.104316  0.415056  0.220257  0.075273 -0.034867  0.091006 -0.059973  0.232398  0.231501  0.055954 -0.117060 -0.029534  0.080889  0.188854 -0.007341 -0.018256 -0.019237 -0.007083 -0.267885  0.000113  0.133691 -0.078970 -0.315067 -0.002384
-0.000000 -0.276995 -0.000000 -0.065183  0.158784  0.095952  0.056217  0.210801  0.296273  0.340953 -0.187107  0.050220 -0.036645  0.060541  0.027038 -0.220885 -0.260161 -0.173235  0.187091 -0.257860  0.177088  0.139849  0.036446  0.123796  0.202123 -0.127668 -0.054238  0.022002 -0.108226 -0.138176  0.002235  0.085075  0.149784 -0.314959  0.064894  0.100850  0.021198  0.146966  0.053091 -0.121037
 0.000000 -0.000000 -0.276995 -0.013902 -0.306376  0.126524  0.011911 -0.071810 -0.010231  0.030156  0.030831  0.037298 -0.162987 -0.012380 -0.208065  0.243486  0.032265 -0.035955 -0.037614  0.227584  0.293475  0.233399 -0.015509 -0.068637  0.346598 -0.250160  0.134641  0.062547 -0.339874 -0.259421  0.007208 -0.001560 -0.247194  0.067729 -0.033933 -0.033882  0.116241 -0.045873 -0.014562  0.052166
-0.276995 -0.000000  0.000000 -0.259186 -0.095289 -0.084061  0.032347  0.029764  0.095947 -0.013842  0.216822 -0.088146  0.038858 -0.019504  0.045932  0.062542 -0.036923 -0.040046  0.023376  0.175155  0.020729  0.161592  0.358941 -0.162011  0.214936  0.198180  0.057116 -0.262228  0.491828 -0.186927 -0.029333  0.127752 -0.120752 -0.126319 -0.019934 -0.011967 -0.172043  0.132139  0.137717 -0.038568
 0.000000  0.276995  0.000000 -0.102059  0.093873  0.421023 -0.008012 -0.322748  0.198181  0.022286 -0.020602 -0.015377  0.295752  0.080661 -0.168744  0.079085 -0.009389 -0.029097 -0.157530 -0.142894 -0.038885 -0.086198 -0.026549 -0.092179  0.028441 -0.006511  0.040188 -0.040388  0.045142 -0.040396 -0.023216  0.234701 -0.046075 -0.191681  0.337801  0.180079 -0.079815 -0.235155 -0.271001  0.072117
 0.000000  0.000000  0.276995 -0.096203  0.148048  0.146098  0.013202 -0.020145 -0.053164 -0.173587  0.140556 -0.273082  0.064358 -0.046843  0.102921  0.148276 -0.177306 -0.035522  0.068685  0.021992  0.224994 -0.197678  0.124820  0.285893 -0.094233 -0.159832  0.292630  0.044396 -0.045207 -0.214150 -0.325151 -0.087932  0.081906  0.246364  0.145854  0.150206  0.095643  0.217782  0.119027  0.116994
 0.276995 -0.000000 -0.000000 -0.022708 -0.035712  0.151294 -0.053948  0.071025  0.100094 -0.090983 -0.078023  0.302789 -0.173975 -0.119655  0.259576  0.044944 -0.122546 -0.067226 -0.204925 -0.037853 -0.199945 -0.000963 -0.233895  0.261836  0.220455 -0.010244  0.004033 -0.416372  0.116854 -0.118266 -0.074610 -0.064216 -0.021764  0.088117 -0.030711  0.004611 -0.142841 -0.192511  0.200685  0.260807
 0.276995  0.000000  0.000000 -0.074843  0.307866 -0.266165  0.152331  0.049944 -0.232583  0.230586  0.049923  0.134965 -0.064757 -0.171901 -0.179904  0.306440  0.127055 -0.027033 -0.035064  0.003973 -0.053698  0.041362  0.249588  0.250110 -0.032350  0.065466 -0.061414  0.121877  0.136890 -0.211968  0.072453 -0.058005 -0.032144 -0.228250  0.029143  0.063392  0.154599 -0.089362 -0.216838  0.240112
 0.276995
