5 29
-0.434364 -0.000000 -0.000000  0.000000 -0.000000 -0.154541 -0.085607  0.159070 -0.098233  0.130320 -0.397951 -0.055297  0.352728 -0.054036  0.186206 -0.085251  0.231674 -0.185131 -0.118813 -0.024984 -0.079676  0.163376 -0.008573 -0.220404  0.034542 -0.347641  0.220733 -0.183766 -0.092526
 0.084142  0.000000  0.350222 -0.000000  0.000000  0.271830  0.198458  0.039721 -0.185140 -0.331472 -0.148483 -0.072240 -0.194180  0.032793  0.005604 -0.401479 -0.023780 -0.269835 -0.325884  0.006966 -0.059314  0.033161 -0.176762  0.038273  0.200998 -0.007737 -0.155679 -0.240464  0.211005
-0.000000  0.000000  0.000000  0.000000  0.434364  0.148728  0.057991 -0.203707  0.175796  0.403123  0.088415 -0.217008  0.036119 -0.053554  0.177923 -0.159733  0.056391 -0.183329 -0.014156  0.445427 -0.051512 -0.239086 -0.272238 -0.127931 -0.168842  0.057762 -0.115990  0.007129 -0.060354
-0.084142 -0.000000  0.000000 -0.000000 -0.350222  0.569431  0.032837  0.156442  0.257060  0.235423  0.043050 -0.094810  0.240003  0.026362 -0.474464  0.024280  0.059858  0.085435 -0.068962 -0.083598  0.084762 -0.013026 -0.157608 -0.040664 -0.063844 -0.170751 -0.118825 -0.004480 -0.016323
-0.434364 -0.000000  0.000000 -0.000000  0.000000 -0.053286  0.163876 -0.248121  0.075590 -0.018353 -0.055902  0.038205  0.178733 -0.009663  0.050152 -0.175447  0.032239  0.394683  0.062258 -0.114044 -0.153974  0.203733 -0.288478  0.201110  0.204196  0.426627 -0.210749 -0.010736 -0.115260
-0.000000 -0.000000  0.434364 -0.000000 -0.000000  0.183685 -0.148103  0.251394 -0.082158 -0.019433 -0.168011  0.036298  0.105242  0.024681  0.137612 -0.073528  0.100175 -0.016243  0.285147  0.117237  0.028987  0.162174  0.208485  0.313463 -0.521368  0.218348 -0.088473  0.021494 -0.133205
-0.084142 -0.000000  0.350222  0.000000 -0.000000 -0.308201  0.376573  0.019988 -0.114851  0.212438  0.367143 -0.012442  0.000544 -0.200589 -0.106907  0.120058  0.240175 -0.199173 -0.178113 -0.173947  0.038081  0.121627 -0.111573  0.222976 -0.087319 -0.153958 -0.022542  0.321381  0.029211
 0.000000  0.434364 -0.000000 -0.000000  0.000000 -0.012044  0.088917  0.133752 -0.053572  0.097392 -0.114801  0.308789  0.018320  0.058986  0.020762  0.059698  0.021422 -0.235387  0.278526  0.014994  0.581573  0.031919 -0.294814 -0.123160  0.182540  0.205463  0.021547  0.002290  0.075422
 0.000000  0.434364 -0.000000 -0.000000  0.000000  0.204082 -0.355884 -0.146352 -0.215077  0.149046 -0.152564  0.003007 -0.209611 -0.197073 -0.060524  0.022577  0.305777  0.080510 -0.108228 -0.136842 -0.265453 -0.230197 -0.079106  0.210617  0.053436  0.096436  0.288668  0.172470  0.114787
 0.000000 -0.000000 -0.434364 -0.000000 -0.000000  0.032237 -0.078047  0.095745 -0.133343 -0.257386  0.020996 -0.407855 -0.101577  0.126633  0.172888  0.219032  0.286277 -0.133724  0.072830 -0.175740  0.039765  0.152410 -0.336041  0.094095 -0.241037 -0.039144 -0.300817  0.018551  0.083173
 0.434364  0.000000  0.000000 -0.000000 -0.000000 -0.021007  0.205888  0.314523 -0.031212  0.056622  0.117385 -0.253739  0.317636 -0.060989  0.150236 -0.039797  0.003080  0.261103  0.009008 -0.032180 -0.100357  0.102766 -0.222394 -0.016764  0.015521  0.208220  0.472681 -0.156846  0.164816
 0.000000 -0.000000  0.434364 -0.000000  0.000000 -0.145567 -0.217217 -0.415542  0.026469 -0.043679 -0.031533 -0.135853 -0.046731  0.070923 -0.084466  0.270735 -0.127088  0.211915  0.140242 -0.043217  0.145829  0.027065 -0.317814 -0.029614 -0.165695 -0.253812  0.092839 -0.359355  0.156426
 0.000000  0.000000 -0.000000 -0.000000 -0.434364 -0.074800  0.152936 -0.197854  0.207597  0.037941 -0.286788 -0.277969 -0.221291 -0.016618  0.184765  0.014071  0.138314  0.140807 -0.285616  0.313162  0.328131  0.124451  0.157272 -0.029276 -0.067961  0.133715  0.121442  0.202658  0.099472
 0.000000 -0.000000 -0.000000 -0.000000  0.434364  0.195872 -0.041551  0.030942 -0.156801  0.153939 -0.014064  0.150970  0.094532  0.217906  0.106152  0.070539  0.054341  0.387753 -0.250536 -0.022288  0.184235  0.256812  0.192268 -0.056436  0.028674 -0.149997 -0.173306  0.163387  0.435513
 0.000000  0.000000 -0.000000  0.434364 -0.000000 -0.016705  0.144220  0.226960 -0.046541  0.025228 -0.290331  0.235793 -0.136089 -0.270855  0.026665  0.372387 -0.271421  0.106903 -0.255416  0.045290 -0.196679 -0.044152 -0.236194 -0.164332 -0.234806  0.088289 -0.154939  0.005089 -0.044803
-0.000000  0.000000 -0.000000 -0.000000 -0.434364 -0.139010 -0.103871 -0.015422 -0.152648  0.136188  0.224888  0.255816  0.176339  0.188504  0.096477  0.122555  0.192745 -0.093311  0.011261  0.356619 -0.301985 -0.077006  0.007692 -0.037367  0.032909  0.108900 -0.232582 -0.198513  0.392390
 0.084142 -0.000000  0.000000 -0.000000 -0.350222  0.123139 -0.073300 -0.106197 -0.301652  0.239510  0.125936  0.040381 -0.022211 -0.035706  0.477977 -0.304353 -0.333120  0.109196  0.080947 -0.222299  0.047419 -0.023833 -0.146173 -0.105342 -0.066526 -0.244547 -0.102132  0.210822 -0.128418
-0.084142 -0.350222 -0.000000 -0.000000 -0.000000  0.030951 -0.287121  0.135925  0.163538  0.222296  0.132052  0.197338 -0.448462  0.182588 -0.042319 -0.105585  0.030465 -0.131485 -0.034658 -0.040882 -0.086849  0.432573 -0.241471 -0.113183 -0.020105  0.157633  0.274343  0.027353  0.017951
-0.434364  0.000000  0.000000  0.000000 -0.000000  0.079531 -0.056458  0.106043  0.104900  0.080082  0.243779 -0.170890 -0.025290 -0.119008  0.203443  0.074009 -0.255975 -0.148579 -0.151108 -0.315968  0.169651 -0.253253  0.217170  0.016141 -0.133199  0.298467  0.086481 -0.243928  0.313748
-0.000000 -0.000000 -0.000000 -0.434364  0.000000 -0.156011 -0.181769  0.350538 -0.187873  0.267320 -0.032223 -0.158098 -0.163888 -0.064286 -0.049333  0.134668 -0.174749  0.157167 -0.211834  0.204105  0.125178 -0.025831 -0.065385  0.287791  0.234745 -0.013576 -0.200025 -0.219352 -0.241038
-0.434364 -0.000000  0.000000 -0.000000  0.000000  0.091395  0.122488  0.151460 -0.360710 -0.265295  0.166828 -0.101222 -0.068735  0.237464 -0.144408  0.016558 -0.183744  0.140926  0.101024  0.392150 -0.004145 -0.153148 -0.134724 -0.042787 -0.068592 -0.072410  0.317417  0.268458  0.019630
-0.000000 -0.000000  0.000000 -0.434364 -0.000000  0.094117 -0.057282 -0.077211 -0.100401 -0.294288  0.240368  0.256263  0.042287 -0.329979  0.015396 -0.004311  0.249577  0.150897 -0.234435  0.026625  0.123062  0.013687 -0.052905 -0.414065 -0.262947  0.127147  0.004188 -0.095144 -0.193592
 0.000000  0.434364  0.000000 -0.000000 -0.000000 -0.417277 -0.187358  0.228360  0.301759 -0.089400  0.054974 -0.029014  0.005373  0.187139 -0.155843 -0.419804 -0.109333  0.132391 -0.185784 -0.036946 -0.067023 -0.049299 -0.088821 -0.088705 -0.286580 -0.064123 -0.134143  0.101493  0.094300
-0.000000  0.000000 -0.434364  0.000000  0.000000 -0.023445  0.176368 -0.211749 -0.164224  0.098299 -0.044237  0.240022  0.003962 -0.166320 -0.201421 -0.248731 -0.138713 -0.048760 -0.053807  0.115125  0.117932  0.161633 -0.005768  0.400396 -0.354367 -0.126693  0.161487 -0.291170  0.133731
-0.000000 -0.000000 -0.000000  0.434364  0.000000  0.018055  0.046332  0.057980 -0.004582  0.004340  0.221001  0.140254 -0.110381  0.328069  0.160480 -0.055885  0.350493  0.201134 -0.209457 -0.038010  0.212698 -0.255474  0.016013  0.149720  0.006886 -0.075583  0.084531 -0.308269 -0.372181
 0.000000  0.434364  0.000000 -0.000000  0.000000  0.206671 -0.051598 -0.143690  0.174498 -0.137582  0.242934  0.017505  0.150395  0.124639  0.208180  0.267834 -0.261850 -0.206496 -0.255754  0.142163 -0.149223  0.404498  0.043204  0.150880  0.061544 -0.059069  0.113853 -0.013540 -0.235817
-0.084142 -0.000000  0.000000 -0.350222 -0.000000  0.104648  0.256639  0.171544  0.435932 -0.109875 -0.086941  0.290435 -0.188692 -0.008004  0.345022  0.089123  0.078153  0.118834  0.154486 -0.007740 -0.145741 -0.196506 -0.128861  0.225838 -0.009449 -0.323061  0.076774  0.003189  0.159278
 0.084142  0.000000 -0.000000 -0.350222 -0.000000 -0.026209  0.276178 -0.157141 -0.141804  0.179994 -0.257199  0.054207  0.033823  0.567953 -0.070824  0.141744 -0.072890 -0.118867 -0.177561 -0.269396 -0.142272 -0.160044  0.002490 -0.087349 -0.238252  0.197963  0.078790  0.010846 -0.137394
-0.084142  0.350222 -0.000000  0.000000 -0.000000  0.053979  0.340352  0.046539 -0.093948  0.198166  0.094171 -0.175093 -0.404404 -0.032834 -0.057914 -0.019145  0.085016  0.152512  0.301748 -0.020255 -0.210718  0.237951  0.278862 -0.298763 -0.033674 -0.064009 -0.085238 -0.298477 -0.042438
 0.434364
