19 25
 0.000597 -0.000361 -0.000258 -0.001033 -0.000461  0.001089 -0.015561  0.000304 -0.000673 -0.002744 -0.000194  0.000180  0.001317  0.000407 -0.000916 -0.000366  0.068946 -0.194055  0.708108 -0.191747  0.568207 -0.093802  0.024614 -0.171868  0.239471
 0.000006 -0.994955  0.000005  0.000014 -0.000063  0.000000  0.002578  0.000027 -0.000000  0.000128 -0.000090 -0.000010  0.000012 -0.000007  0.000024 -0.000104 -0.000003  0.000022  0.000032  0.027799  0.025806  0.067237  0.031030 -0.035884 -0.042984
-0.000506  0.000245 -0.000302 -0.005424 -0.067471 -0.702898  0.016168  0.000180  0.000413 -0.000035  0.000589 -0.001072  0.000762 -0.001044 -0.197042 -0.001155 -0.000130 -0.000795 -0.001104 -0.352393  0.059134 -0.081306  0.404488  0.294743 -0.278365
-0.000370  0.000220 -0.000173  0.000320  0.000117 -0.000031  0.006286 -0.000039 -0.000385 -0.000098  0.000004 -0.000082 -0.000118  0.000074 -0.000005 -0.000069 -0.027932 -0.961476  0.000054  0.078804 -0.229108  0.038136 -0.010655  0.069735 -0.098042
 0.000014  0.027248  0.962417  0.000108 -0.000118  0.000209  0.006844  0.000067  0.000215  0.000056 -0.000222  0.000084 -0.000107 -0.000101  0.000055  0.000078 -0.000014  0.000000  0.000103  0.074442  0.071196  0.181702  0.083106 -0.096380 -0.114641
 0.065817  0.000145  0.000459 -0.000098  0.000197 -0.003288  0.017330  0.000227 -0.193857  0.709055  0.000516  0.000834 -0.000924  0.000087  0.000197 -0.000444 -0.000348 -0.001302  0.000688 -0.303931 -0.279248 -0.092214  0.129444 -0.509216  0.009912
-0.000478  0.000301  0.000404  0.000168  0.000084 -0.000431  0.015707 -0.000565 -0.000176 -0.000556  0.000318 -0.001277 -0.001367 -0.000219 -0.000829  0.002332 -0.069279  0.194676  0.706092  0.190242 -0.570896  0.093137 -0.022211  0.172620 -0.239579
 0.000123  0.000047  0.000033 -0.000058  0.000119  0.000037  0.007221 -0.027892 -0.000093 -0.000043  0.000187 -0.000052  0.961163 -0.000254 -0.000026 -0.000183  0.000046  0.000096 -0.000264  0.104124 -0.039734 -0.008773  0.193430  0.011978  0.158993
 0.000163  0.000074  0.000090 -0.000182 -0.000015  0.000314  0.017679 -0.068223 -0.000186 -0.002536 -0.000076 -0.001206 -0.193937  0.000222  0.000061 -0.711883  0.000582 -0.000379  0.000252  0.255019 -0.093186 -0.025322  0.474257  0.029688  0.387911
 0.000505  0.000470 -0.000533 -0.002862 -0.000366  0.000565  0.018374  0.000097 -0.001041 -0.000751 -0.067952 -0.704201  0.001032  0.194327  0.000935  0.001453 -0.000507  0.000598 -0.000319  0.323141  0.107715 -0.476464  0.075712 -0.153374 -0.298449
-0.000124 -0.000095  0.000073  0.000046 -0.000018  0.000028 -0.007288 -0.000043  0.000180 -0.000177  0.027259 -0.000000 -0.000120  0.961812 -0.000016  0.000030  0.000146 -0.000098 -0.000234 -0.130328 -0.043157  0.191374 -0.029126  0.061314  0.118493
 0.000038  0.000059 -0.000252  0.000306  0.066674 -0.711268 -0.016045  0.000018  0.000469 -0.001718 -0.000631  0.000449 -0.000664  0.001205  0.194870  0.000402  0.000284  0.000424  0.001750  0.350966 -0.054392  0.082491 -0.399647 -0.289263  0.274008
 0.000089  0.000179 -0.000270 -0.003239  0.000202  0.000439 -0.017782  0.069139 -0.000783 -0.001185  0.000024 -0.000829  0.196328  0.000050  0.000287 -0.702279 -0.000962  0.001227  0.001708 -0.257563  0.091450  0.025969 -0.480862 -0.032698 -0.394297
-0.066079 -0.000010 -0.000416  0.000706 -0.000088  0.001541 -0.017414 -0.000294  0.194882  0.705135 -0.000830  0.000750  0.000627  0.001003  0.000112 -0.003295  0.000536  0.000579  0.002631  0.307634  0.282549  0.090250 -0.129986  0.510410 -0.008881
 0.026668 -0.000004  0.000043  0.000284  0.000043 -0.000327  0.007037  0.000138  0.961476  0.000033  0.000154 -0.000188 -0.000095 -0.000002  0.000212 -0.000131 -0.000122 -0.000862  0.000232 -0.123372 -0.113200 -0.038079  0.052268 -0.206336  0.003181
-0.000086  0.000066 -0.000077  0.000058 -0.027331  0.000104  0.006551 -0.000052 -0.000205  0.000112  0.000326  0.000303  0.000270 -0.000649  0.960831 -0.000065  0.000006 -0.000272  0.000703 -0.143692  0.023121 -0.032875  0.164028  0.119357 -0.112244
 0.995283 -0.000026 -0.000011  0.000000 -0.000018 -0.000003 -0.002489  0.000012 -0.000003 -0.000071 -0.000026 -0.000006 -0.000002 -0.000017 -0.000036 -0.000006  0.000018 -0.000001  0.000036  0.043425  0.039429  0.013538 -0.018587  0.073714 -0.001424
-0.000131 -0.068869  0.193670  0.700717  0.000103 -0.004067 -0.017346  0.000024 -0.000510 -0.000531  0.000582 -0.004525  0.000840  0.000179 -0.000798 -0.002215  0.000257 -0.000721 -0.000101 -0.190134 -0.177440 -0.460122 -0.210021  0.245215  0.287770
-0.000506  0.000125 -0.000973 -0.000188  0.000559  0.000073 -0.018154 -0.000088  0.000760  0.002331  0.067379 -0.709981 -0.000998 -0.192742 -0.000092  0.000593  0.000671 -0.000875 -0.000767 -0.318774 -0.104210  0.476413 -0.074335  0.149118  0.294433
-0.000040  0.000078 -0.000023  0.000013 -0.000010  0.000004  0.002374 -0.000006 -0.000033  0.000016  0.000012  0.000017  0.000070  0.000046 -0.000081 -0.000074  0.994819  0.000012  0.000098  0.028392 -0.085459  0.013571 -0.003840  0.025191 -0.037246
 0.000006  0.000032 -0.000012 -0.000065  0.000007  0.000003  0.002654 -0.000003 -0.000013  0.000015  0.995036 -0.000009 -0.000059 -0.000024 -0.000004  0.000019 -0.000060  0.000010 -0.000047  0.048309  0.016463 -0.069203  0.010590 -0.022359 -0.043479
-0.000192 -0.067663  0.190378 -0.713404  0.000553  0.001040 -0.017148 -0.000270  0.000107  0.000091  0.000732 -0.001420 -0.000107 -0.000483  0.000872  0.001195  0.000150 -0.000813 -0.000953 -0.183392 -0.176330 -0.449303 -0.207924  0.240015  0.287216
-0.000040 -0.000001 -0.000018 -0.000063  0.995115  0.000002  0.002369  0.000006  0.000004  0.000035  0.000021  0.000046 -0.000052  0.000029 -0.000028  0.000024  0.000023 -0.000082  0.000097 -0.050904  0.008921 -0.012090  0.058982  0.042391 -0.040587
-0.000042  0.000002  0.000008  0.000003 -0.000007  0.000133  0.002644  0.994880  0.000008 -0.000045  0.000015 -0.000021  0.000003  0.000011  0.000066 -0.000016  0.000053  0.000024  0.000076  0.038586 -0.014284 -0.003668  0.071136  0.005147  0.058421
-0.000000 -0.000000 -0.000000  0.000000 -0.000000 -0.000000  0.998086 -0.000000  0.000000 -0.000000 -0.000000 -0.000000  0.000000  0.000000  0.000000 -0.000000 -0.000000 -0.000000 -0.000000 -0.012336  0.020859  0.006032 -0.047729  0.017155  0.025066
 0.998086
