16 29
-0.000115  0.000036  0.000007 -0.000030  0.000025 -0.000093  0.000089 -0.000281  0.707126  0.000021 -0.000220 -0.000132 -0.000033 -0.000083 -0.000090  0.168499 -0.043433 -0.286680 -0.165577  0.018896 -0.309111  0.207698  0.012901 -0.200557  0.109921 -0.006067  0.333563  0.231783 -0.059594
 0.000000  0.000000 -0.000000 -0.000000  0.000000 -0.000000 -0.000000  0.000000  0.000000  0.000000  0.000000  0.707106  0.169882  0.000000  0.000000  0.000000  0.301752  0.386813 -0.093250  0.208348 -0.043887  0.120521  0.120960 -0.190644 -0.004712  0.030184  0.212160 -0.132765  0.217621
-0.000096 -0.000360 -0.002234 -0.001248  0.161686 -0.707008  0.000013  0.000253  0.000209 -0.000208 -0.000392 -0.000291  0.001680  0.000234  0.000276  0.000472 -0.130461  0.053028  0.152982 -0.229457  0.099756 -0.291128  0.377584  0.022492  0.093684  0.030180  0.361353 -0.001587  0.007276
 0.000048 -0.000029 -0.000065 -0.000003 -0.000004 -0.000068  0.000012 -0.000041 -0.000004  0.000002  0.000004 -0.000000 -0.000012 -0.000025  0.000030 -0.876622 -0.002914 -0.098609 -0.052818 -0.053124  0.212688  0.305845 -0.004516 -0.053098 -0.029632  0.063609  0.203419  0.147476 -0.080748
 0.000077  0.000067  0.000195 -0.000013 -0.135648 -0.000137  0.000373  0.001107 -0.000209 -0.000450 -0.705929  0.000270  0.001217  0.000138 -0.000068  0.029985  0.442166 -0.135808  0.111829 -0.443273 -0.053041  0.029826 -0.059204 -0.061871 -0.043768  0.116840  0.017280 -0.160689 -0.081775
-0.000000 -0.000000  0.000000  0.000000 -0.000000 -0.000000  0.000000 -0.000000 -0.000000  0.707098 -0.000000  0.000000  0.169890 -0.000000  0.000000 -0.000000  0.242075 -0.079508  0.102982  0.123237  0.140286 -0.088224  0.077969 -0.010029  0.457994  0.094243 -0.182302  0.307795 -0.013437
 0.000073 -0.000070 -0.000010 -0.000030  0.000153 -0.000271  0.000086 -0.000005 -0.707087  0.000020  0.000292 -0.000132 -0.000032 -0.000083  0.000044  0.168514 -0.043352 -0.286613 -0.165478  0.018738 -0.309199  0.207713  0.012917 -0.200225  0.110066 -0.006147  0.333820  0.231780 -0.059615
-0.000011  0.000384  0.000134  0.000128  0.133408 -0.000697  0.000594  0.706639  0.000335 -0.001743  0.001261  0.000278  0.000372 -0.000360 -0.000043  0.030170  0.046409  0.265378  0.137784 -0.133955 -0.072734  0.175212 -0.259762  0.310938  0.196671 -0.297296  0.162431  0.092868 -0.101086
-0.000034  0.000045  0.000030 -0.000018  0.000078 -0.000038  0.707007  0.000338 -0.000007 -0.000185  0.000082  0.000001  0.000119 -0.000051 -0.000056 -0.168848  0.100186 -0.067442 -0.216298  0.078994 -0.088099 -0.470435 -0.279907 -0.108682  0.114034 -0.201631  0.120086 -0.121219 -0.044900
 0.000118 -0.000198  0.000092  0.000271  0.164658  0.000385 -0.000447  0.000084 -0.000138  0.001116 -0.000075  0.000234 -0.001143 -0.000068 -0.707603  0.000018 -0.195197  0.265102 -0.042809 -0.282815 -0.022501 -0.031018 -0.237477 -0.360437  0.069852  0.206218 -0.127551  0.158029  0.074554
 0.000184 -0.000156  0.705795 -0.001610 -0.164406 -0.000243  0.000266 -0.000830 -0.000073  0.000361 -0.000198  0.000162 -0.000111 -0.000214 -0.000703  0.000319 -0.136291  0.007707  0.069960 -0.075080  0.092356  0.147360  0.159602 -0.326839  0.220591 -0.394319 -0.126308 -0.223193 -0.114876
-0.000000  0.000000  0.000000  0.707108  0.000000  0.000000  0.000000  0.000000  0.000000  0.000000  0.000000 -0.000000 -0.169880  0.000000  0.000000  0.000000  0.143712  0.136571 -0.440184 -0.185755 -0.000114 -0.032266  0.261316  0.085367 -0.078891 -0.185316 -0.162998  0.240767 -0.043013
 0.000000 -0.000000 -0.000000  0.000000 -0.000000 -0.000000 -0.000000  0.000000 -0.000000 -0.000000  0.000000  0.000000  0.169880  0.707108  0.000000 -0.000000 -0.004098 -0.190732  0.049945 -0.143784  0.083659 -0.001117 -0.061008  0.006105 -0.102032 -0.264762 -0.009768  0.129404  0.550877
-0.000039  0.707243 -0.000010 -0.000033 -0.000006 -0.000111 -0.000175 -0.000031 -0.000114  0.000131 -0.000030  0.000054 -0.000105 -0.000030 -0.000015  0.168848  0.113391  0.018251  0.108239  0.094509  0.377895 -0.045953 -0.119690 -0.201616 -0.300450 -0.135115  0.143699  0.243448 -0.221641
-0.706701 -0.000050  0.000304 -0.000023  0.000006 -0.000074 -0.000020 -0.000008 -0.000109 -0.000056 -0.000167  0.000018  0.000057 -0.000036  0.000224 -0.169086  0.063164  0.079259  0.341081  0.069283 -0.416239 -0.126693  0.128888 -0.111677 -0.200207 -0.137205 -0.138794  0.201270 -0.059199
-0.000000  0.000000  0.000000  0.000000 -0.000000  0.000000  0.000000 -0.000000 -0.000000  0.707109 -0.000000  0.000000 -0.169879 -0.000000 -0.000000  0.000000 -0.240630  0.079879 -0.102088 -0.123624 -0.140911  0.088594 -0.078612  0.013010 -0.457317 -0.095838  0.183887 -0.307886  0.012792
-0.000257  0.000187 -0.000960 -0.000271 -0.164719 -0.000444  0.000389 -0.000057  0.000004 -0.001117  0.000266 -0.000234  0.001146  0.000068 -0.706610 -0.000134  0.195524 -0.265432  0.043082  0.283112  0.022382  0.030696  0.238065  0.361136 -0.070182 -0.206164  0.127975 -0.158018 -0.074570
-0.000032  0.706970 -0.000049  0.000032  0.000016 -0.000226  0.000026 -0.000082  0.000007 -0.000128 -0.000176 -0.000055  0.000104  0.000031  0.000004 -0.169004 -0.113934 -0.018276 -0.108380 -0.094520 -0.377890  0.045673  0.120142  0.201058  0.300616  0.135292 -0.143821 -0.243561  0.221834
-0.000005  0.000018  0.000195 -0.000286  0.875887  0.000024 -0.000018 -0.000048  0.000016  0.000186 -0.000056  0.000079  0.000028  0.000011 -0.000029 -0.000060  0.192827 -0.239151 -0.021701  0.067127  0.012020  0.130297  0.070423 -0.109327 -0.051824 -0.109702 -0.177464 -0.220405 -0.068149
 0.000217  0.000214  0.708409  0.001596  0.164412 -0.000183 -0.000293  0.000076  0.000056 -0.000363  0.000142 -0.000163  0.000121  0.000215 -0.000164 -0.000345  0.135009 -0.007470 -0.068835  0.074046 -0.091311 -0.148277 -0.156684  0.326624 -0.219102  0.392544  0.128293  0.222298  0.114406
 0.000032 -0.000104  0.000000 -0.000019 -0.000057 -0.000048 -0.707205 -0.000100 -0.000004 -0.000190 -0.000151  0.000001  0.000123 -0.000052  0.000003 -0.168738  0.100660 -0.067287 -0.215790  0.078590 -0.088375 -0.469675 -0.280012 -0.107807  0.114620 -0.202690  0.120543 -0.121447 -0.045311
-0.000183 -0.000022 -0.001808 -0.001248  0.161527  0.707205  0.000004  0.000885  0.000031 -0.000212 -0.000553 -0.000291  0.001681  0.000233  0.000217  0.000448 -0.130117  0.052813  0.153058 -0.229280  0.099429 -0.290734  0.377484  0.023111  0.093900  0.029587  0.361746 -0.001613  0.007044
-0.000000 -0.000000  0.000000  0.000000  0.000000  0.000000  0.000000  0.000000  0.000000 -0.000000  0.000000 -0.707107  0.169880 -0.000000 -0.000000  0.000000  0.302098  0.387140 -0.093086  0.207891 -0.043885  0.120889  0.120307 -0.190829 -0.004625  0.029932  0.211731 -0.132874  0.217447
-0.000000  0.000000 -0.000000  0.000000  0.000000 -0.000000 -0.000000  0.000000 -0.000000  0.000000  0.000000 -0.000000 -0.876988 -0.000000 -0.000000 -0.000000  0.154406 -0.008489  0.194761  0.143071  0.070167  0.023435 -0.045653 -0.108095  0.166933  0.017165  0.072580  0.023582  0.308790
 0.000000 -0.000000 -0.000000  0.707100  0.000000  0.000000  0.000000 -0.000000 -0.000000  0.000000  0.000000 -0.000000  0.169888  0.000000 -0.000000  0.000000 -0.144545 -0.136774  0.441029  0.184903  0.000906  0.031906 -0.258983 -0.086700  0.080047  0.183517  0.163707 -0.241986  0.042435
-0.000045  0.000271 -0.000620  0.000128  0.133398 -0.000064  0.001031 -0.707572  0.000059 -0.001743  0.000494  0.000278  0.000377 -0.000359 -0.000068  0.030142  0.047220  0.264989  0.137962 -0.134994 -0.072570  0.174116 -0.259307  0.310832  0.196197 -0.296134  0.162896  0.092607 -0.100941
-0.707512 -0.000021  0.000098  0.000023  0.000005 -0.000013 -0.000047  0.000042 -0.000078  0.000057  0.000030 -0.000018 -0.000058  0.000036 -0.000085  0.168819 -0.063132 -0.079060 -0.340778 -0.069266  0.415740  0.126635 -0.129002  0.111350  0.199946  0.137197  0.138412 -0.200960  0.059180
 0.000061 -0.000271 -0.000248  0.000015  0.135243 -0.000026 -0.000138 -0.000340 -0.000303  0.000444 -0.708281 -0.000268 -0.001213 -0.000138 -0.000124 -0.029702 -0.440273  0.135790 -0.111401  0.441936  0.052689 -0.028878  0.057862  0.062724  0.043843 -0.117100 -0.017074  0.160466  0.081237
-0.000000 -0.000000 -0.000000 -0.000000 -0.000000  0.000000 -0.000000  0.000000 -0.000000  0.000000  0.000000 -0.000000  0.169882 -0.707106 -0.000000  0.000000 -0.003957 -0.191009  0.049944 -0.143900  0.083814 -0.001532 -0.060532  0.006138 -0.102330 -0.264144 -0.009691  0.129264  0.551057
 0.876988
