5 40
 0.353553 -0.000000  0.000000 -0.000000 -0.000000  0.010628  0.000959 -0.275990 -0.109204 -0.042804  0.115075  0.302488 -0.094858  0.146989  0.186020 -0.089910  0.009572 -0.082058 -0.099476  0.054888 -0.026248 -0.073883 -0.205044  0.229048 -0.087403  0.138675  0.051265  0.003204  0.314307 -0.291151  0.114368 -0.028681 -0.291985  0.010461 -0.188772 -0.202582 -0.271405  0.150356  0.024080  0.026148
 0.000000 -0.000000  0.000000 -0.000000  0.353553 -0.023661 -0.178907  0.031449 -0.019494 -0.163916  0.231275  0.196722 -0.059539 -0.374155  0.214389  0.079750 -0.179185  0.093687  0.132266 -0.012506  0.059596 -0.052764 -0.025364  0.068849  0.068615  0.137585 -0.150791 -0.220845 -0.177243  0.111907 -0.070272 -0.255204  0.189875  0.029014  0.272935 -0.237549 -0.168244  0.202050 -0.005842 -0.098785
-0.000000  0.000000 -0.000000  0.000000 -0.353553  0.113216 -0.091507 -0.083160 -0.212673  0.048422 -0.160251  0.018697  0.014358 -0.179804 -0.109700 -0.251718 -0.179171 -0.217968 -0.039048 -0.225899  0.046625  0.089808  0.201571  0.153722  0.061836  0.185683 -0.157977  0.082258 -0.187563 -0.021684  0.023186 -0.068333 -0.131094  0.021063  0.103415  0.237992 -0.026170  0.347244  0.350892 -0.135843
-0.000000 -0.000000 -0.000000 -0.000000 -0.353553  0.274853  0.002077  0.360601 -0.086031 -0.094224  0.003295 -0.076758 -0.021378 -0.029408  0.234956  0.214144 -0.112764 -0.151644 -0.097137  0.235694  0.249985 -0.296429  0.118628  0.033546 -0.077825 -0.000269  0.248303 -0.023310  0.029482 -0.284078  0.051931  0.028978  0.135836  0.059736  0.231603 -0.069527  0.044756  0.092445 -0.101292  0.154690
-0.000000 -0.000000  0.353553 -0.000000  0.000000 -0.009276 -0.011535 -0.027060  0.197872 -0.071845 -0.181513  0.105843  0.265042 -0.228632  0.276946 -0.104796  0.018784  0.012502  0.032857 -0.113334 -0.061618  0.010353  0.159880 -0.004088 -0.225645 -0.054049 -0.278379 -0.235081  0.020754 -0.048392  0.304856  0.247610 -0.077577  0.177255 -0.137352 -0.017239  0.262118  0.090626 -0.188205  0.137519
 0.000000  0.000000 -0.000000 -0.000000 -0.353553  0.193526 -0.068674 -0.315318  0.353621 -0.143739  0.106480  0.071586 -0.000679 -0.023378 -0.016539 -0.041608 -0.025497  0.135706 -0.110979  0.300262 -0.346895 -0.024476 -0.118844 -0.253594  0.024462 -0.007707  0.096263 -0.030067  0.027993  0.077026  0.022267 -0.220573  0.078236  0.241967  0.085145  0.077545  0.116324  0.091231 -0.024460 -0.284071
-0.000000 -0.000000 -0.000000  0.353553  0.000000 -0.285709 -0.033317  0.131142  0.003441 -0.068394 -0.073675  0.190333 -0.266030  0.162311  0.047879  0.101783 -0.108993 -0.117125 -0.093893  0.200571  0.062859  0.079442  0.188551 -0.289748 -0.225431  0.228806 -0.104511 -0.195292 -0.155438 -0.033335 -0.050541  0.180223 -0.111819  0.143826 -0.025070  0.191165 -0.219022 -0.179964  0.016879 -0.225820
-0.000000  0.353553 -0.000000 -0.000000  0.000000 -0.102227  0.165295 -0.211250 -0.082735  0.321578 -0.058664  0.209334 -0.057387 -0.011385  0.009236  0.087859 -0.083946 -0.133349 -0.155936 -0.211035  0.252751 -0.014275  0.017989 -0.074777  0.205639 -0.045930  0.096420 -0.113001 -0.002894  0.011072 -0.029551 -0.309642 -0.040150  0.427318  0.068461 -0.012015  0.199162 -0.182711 -0.141930  0.120783
 0.000000  0.000000 -0.000000  0.000000 -0.353553 -0.072347 -0.004756  0.107978  0.035444 -0.095111  0.418525  0.029567 -0.043958  0.112614  0.261263 -0.125483 -0.029632 -0.024201 -0.005268 -0.232027 -0.019744  0.145666 -0.162107  0.128659  0.052255 -0.150005  0.144167 -0.156057 -0.212688  0.375718 -0.021664  0.138693  0.022715  0.094147 -0.124857  0.149199 -0.229358 -0.026635 -0.048615  0.271983
-0.000000  0.353553  0.000000  0.000000  0.000000  0.163044 -0.033220 -0.102710 -0.189949 -0.045591  0.014654 -0.112650  0.138302 -0.236638  0.260317 -0.053600  0.115106 -0.126389  0.058689  0.231933  0.137647  0.407079  0.065668 -0.193071  0.292192 -0.046681  0.137068  0.074315 -0.006951 -0.007733  0.091335  0.232965  0.035212 -0.067069 -0.171177 -0.169908 -0.126730 -0.108636  0.033700 -0.244404
-0.000000 -0.000000  0.353553 -0.000000 -0.000000  0.330003 -0.108642 -0.028549 -0.109198  0.183270 -0.188645  0.026517 -0.226538  0.235538 -0.072026 -0.277112  0.058690  0.186169  0.025753  0.065749  0.124578  0.007087 -0.071063  0.177044  0.124020  0.197108  0.042736 -0.249502 -0.076776  0.116449  0.056273  0.015555  0.094759 -0.183440  0.100992  0.083230 -0.056497 -0.061401 -0.398635 -0.145070
-0.353553 -0.000000 -0.000000  0.000000  0.000000  0.004999  0.334623  0.005952  0.074178 -0.144260  0.027895 -0.098393 -0.146954  0.059410 -0.119488 -0.074278 -0.004981  0.210282  0.065396  0.153965  0.343254 -0.237025  0.057828 -0.070254  0.229505 -0.120636 -0.092264 -0.201077  0.089590  0.125539  0.098107  0.013426 -0.280951  0.087716 -0.223216 -0.108618 -0.093338  0.314739  0.140001 -0.037156
-0.000000  0.353553 -0.000000  0.000000 -0.000000  0.085787  0.183050  0.000763  0.036308  0.030781 -0.186346  0.128494 -0.062565  0.165061  0.006316  0.279417 -0.481811 -0.022161  0.314735  0.094121 -0.272053  0.027652 -0.087926  0.104424 -0.032593  0.010102  0.037612  0.087362 -0.251672  0.049851 -0.079281  0.073546 -0.014110 -0.156105 -0.229254 -0.060642  0.108002  0.217252 -0.081428  0.058056
-0.000000 -0.000000  0.353553  0.000000 -0.000000  0.224956  0.110569  0.142543 -0.124624  0.077666  0.290309 -0.043645 -0.079356  0.067779  0.030084  0.102296  0.203468  0.058784 -0.152435 -0.104646 -0.143394  0.050981 -0.002206 -0.272155 -0.034321  0.084884 -0.186225  0.268232 -0.280324 -0.042844 -0.194744 -0.031927 -0.398900  0.029080  0.103911 -0.257245  0.076806  0.070891 -0.048856  0.030707
-0.000000  0.353553  0.000000 -0.000000  0.000000  0.123409  0.111233 -0.087729 -0.192951 -0.328188  0.006434  0.265676 -0.095928  0.102185 -0.024356 -0.080395  0.042159  0.041101 -0.239272  0.083845 -0.131448 -0.089852  0.213329  0.046793 -0.056743 -0.252435 -0.255584 -0.043935  0.152367  0.193076 -0.002033  0.050198  0.071169 -0.267091  0.276742  0.023470  0.066640 -0.188284  0.192669  0.169916
-0.353553 -0.000000 -0.000000 -0.000000 -0.000000 -0.066359 -0.223308 -0.149897 -0.477482 -0.037213  0.216268  0.118298  0.101347  0.088867  0.048653 -0.071456 -0.089988  0.108553  0.064133  0.055215  0.094980 -0.191879 -0.194423 -0.188612 -0.144684  0.268644 -0.047400  0.222064  0.098093  0.064794  0.051050  0.106189  0.199475  0.083106 -0.184606  0.108866  0.255201  0.038947 -0.025233  0.062831
-0.000000 -0.000000 -0.000000  0.000000  0.353553  0.150836  0.103053 -0.166145 -0.184485 -0.124711  0.053263 -0.423014  0.008117  0.157892  0.151586  0.071501 -0.232139  0.149878 -0.124264 -0.133198 -0.169797 -0.025028  0.133118  0.107031 -0.131178 -0.010132  0.253956 -0.007079 -0.091437  0.018364  0.341196  0.014117 -0.121393  0.244187  0.145954  0.171907 -0.068562 -0.069759  0.085868 -0.109903
-0.000000  0.353553 -0.000000  0.000000 -0.000000 -0.212884 -0.210603  0.008538  0.177170 -0.239802 -0.132842 -0.298213 -0.165843  0.318001  0.111397 -0.174491  0.110847 -0.042635  0.034790 -0.171233  0.123598  0.046595 -0.078014  0.089622 -0.089048 -0.025227 -0.112546  0.186837  0.093955 -0.047058 -0.206486  0.090371  0.139161  0.227898  0.173779 -0.181017  0.056576  0.251980 -0.080332 -0.129195
 0.000000 -0.000000  0.000000  0.353553 -0.000000  0.075415  0.015539  0.061403  0.039164  0.161535  0.085454  0.030265  0.078313  0.055971  0.142189  0.163301 -0.090650 -0.006081 -0.177841 -0.337931 -0.070057 -0.166049  0.180650 -0.140316  0.183725 -0.168524 -0.143491  0.197005  0.288148  0.060850  0.076911 -0.047389  0.191254 -0.186095 -0.127356  0.126420 -0.200679  0.217738 -0.258933 -0.244611
 0.000000 -0.000000  0.000000 -0.000000 -0.353553 -0.271371 -0.084038 -0.149095 -0.123553  0.294709  0.076164 -0.241774 -0.101552  0.063903  0.082570  0.275444  0.104902  0.049195  0.223137  0.077062 -0.188601 -0.136721  0.179049  0.178254  0.083570  0.117250 -0.234936 -0.099234  0.058336  0.146693  0.251721  0.018741  0.007061 -0.025921  0.112134 -0.314784  0.001599 -0.152243  0.080441 -0.070092
-0.000000 -0.000000 -0.353553  0.000000  0.000000 -0.139873  0.056534 -0.020966  0.080832  0.076834  0.142747  0.027299 -0.264622  0.007470  0.149776 -0.072676  0.100095  0.250002 -0.158333  0.122070  0.117356  0.349155  0.215932  0.046766 -0.082995  0.059787 -0.018513  0.127985 -0.161941 -0.124095  0.288897 -0.178716  0.004661 -0.233819 -0.020673  0.080717  0.265722  0.221848 -0.200427  0.132731
-0.353553 -0.000000  0.000000 -0.000000 -0.000000 -0.065213 -0.043860 -0.296233 -0.018297  0.079981 -0.131953 -0.076386  0.240105  0.090077  0.058665  0.303516  0.147887 -0.002963 -0.391696 -0.007649 -0.072491  0.150550 -0.059779  0.035502 -0.031524  0.112198  0.095565 -0.345299 -0.047240 -0.089189 -0.254576  0.100236  0.040808 -0.177422  0.075782 -0.023654 -0.127276  0.273957  0.022554  0.153137
-0.353553 -0.000000 -0.000000  0.000000  0.000000  0.044789  0.177834  0.255372  0.140773  0.290646 -0.018508  0.289138 -0.129989 -0.022420  0.212219 -0.109352 -0.044075  0.255580 -0.007712 -0.137894 -0.155097  0.152886 -0.131712  0.138891  0.019143  0.051276  0.120488  0.072759  0.199177 -0.162381  0.019202  0.229710  0.077053  0.097729  0.194784 -0.076789  0.035545 -0.084461  0.322391 -0.171692
 0.000000 -0.000000 -0.000000 -0.353553  0.000000 -0.036685 -0.385128  0.163466 -0.077319  0.034162  0.073204  0.217703  0.184708  0.267184 -0.162177 -0.010605 -0.123675  0.238874  0.058641  0.003693 -0.088827  0.127362  0.506884 -0.066437  0.089511 -0.136093  0.143211 -0.074161  0.089533 -0.085361 -0.091181 -0.019610 -0.081686  0.161002 -0.080288 -0.101561 -0.108087  0.076954 -0.044834  0.003657
 0.000000 -0.353553 -0.000000  0.000000  0.000000  0.045500  0.159328 -0.223980 -0.122616 -0.184495 -0.220610  0.204827 -0.158154  0.026465 -0.060235  0.181419  0.144682  0.035124  0.068242  0.037275 -0.037156  0.114365  0.068393  0.068830  0.266430 -0.092985 -0.112909  0.295432 -0.158589 -0.054994  0.050681  0.229122  0.261059  0.340971  0.089192 -0.020186 -0.183960  0.065506 -0.131053  0.179877
-0.000000  0.000000  0.353553 -0.000000  0.000000 -0.038493  0.100593 -0.121867  0.135808 -0.139687  0.117902  0.214917 -0.028553  0.124373 -0.132374  0.218750  0.254297 -0.151495  0.182817 -0.201414  0.211641  0.057652  0.178529 -0.015086 -0.215973  0.082221  0.389632  0.057051 -0.028052  0.117423  0.200273 -0.097935  0.199822 -0.152419 -0.020879 -0.062236  0.079306  0.097238  0.224629 -0.143523
-0.000000  0.000000 -0.000000  0.353553 -0.000000 -0.019117  0.101668 -0.201976 -0.038635  0.193185  0.038935 -0.090725 -0.009328 -0.051413 -0.084039 -0.371977 -0.088734  0.004843  0.327920  0.005598 -0.109818  0.015111  0.147108 -0.329779 -0.148118 -0.067034  0.212774 -0.046973  0.089495 -0.078440 -0.053639  0.043776  0.048585 -0.048912  0.268744 -0.158039 -0.160391  0.140362 -0.033477  0.356755
 0.353553 -0.000000  0.000000 -0.000000  0.000000  0.230202 -0.171173 -0.220632  0.207817  0.098457  0.029541 -0.079106 -0.124053 -0.001045  0.139155  0.232226 -0.092380  0.364980  0.088284 -0.109507  0.306314 -0.022264  0.042163 -0.160121  0.082379  0.117941 -0.091703 -0.019397  0.086985  0.003738 -0.209270  0.241525  0.009385 -0.042645 -0.018691  0.189124  0.102298 -0.040182  0.298781  0.183025
 0.000000 -0.000000 -0.000000 -0.353553 -0.000000 -0.129537 -0.023204 -0.016803 -0.052987 -0.075263  0.107731  0.010274 -0.191943  0.083192 -0.045053  0.071680 -0.052719 -0.191638  0.145737 -0.209021 -0.079760 -0.007942 -0.245331 -0.371613  0.225933 -0.137532 -0.075035 -0.235894 -0.004798 -0.338149  0.256675  0.152359 -0.031995 -0.194800  0.229778  0.186214  0.051454  0.078347 -0.051758 -0.067345
-0.353553 -0.000000  0.000000  0.000000  0.000000  0.067890 -0.280510 -0.155352  0.342829 -0.096016 -0.148043  0.049843  0.021085  0.127092  0.190875 -0.100515 -0.104047 -0.088221  0.001967 -0.093439  0.064264 -0.179218  0.049073 -0.065868  0.139074  0.076830 -0.024685  0.244193 -0.232527 -0.133264  0.173258 -0.188404 -0.126211 -0.183806 -0.037026 -0.110690 -0.212206 -0.327557  0.062784  0.201288
 0.000000 -0.000000  0.000000  0.353553 -0.000000 -0.154710 -0.176798 -0.069304 -0.115726 -0.034732 -0.018589  0.167881  0.189630  0.036974  0.156883  0.053478  0.220589  0.163961  0.241101  0.078595  0.044694 -0.161091 -0.065393  0.196280  0.148741 -0.347827  0.168652  0.027347 -0.201530 -0.119887 -0.100907  0.017250 -0.323591 -0.060522  0.188209  0.217701  0.194633  0.040732 -0.006639 -0.167138
-0.000000 -0.000000  0.353553  0.000000 -0.000000 -0.378241 -0.050420  0.024968  0.081374 -0.160630  0.003519 -0.055649 -0.100421 -0.247668 -0.073838  0.039429 -0.243194  0.025067 -0.172579  0.114144 -0.058773  0.049549  0.043890  0.075373  0.307341  0.217192  0.245916  0.229452  0.269609  0.149570 -0.016784  0.113162 -0.210041 -0.109509  0.159306  0.097854  0.071583  0.027033 -0.128585  0.149501
-0.000000 -0.353553  0.000000 -0.000000 -0.000000 -0.000675  0.306583 -0.101667  0.015810 -0.145021  0.125873 -0.028584  0.231705  0.337429  0.275006 -0.123610 -0.231041 -0.204081  0.130867  0.034204  0.087429  0.185744  0.154822  0.044248  0.181733  0.131165 -0.124946 -0.081369  0.121989 -0.023638 -0.260828 -0.102426  0.014065 -0.092552  0.096491 -0.057978  0.274481 -0.122943 -0.029299 -0.117055
-0.000000 -0.000000 -0.353553 -0.000000 -0.000000  0.189022 -0.048138  0.149721  0.024354 -0.068409 -0.217808  0.143037  0.196935  0.103861  0.015937  0.160205  0.132695 -0.053952  0.163566 -0.089693  0.052201  0.135031 -0.126804 -0.150682 -0.032271  0.257720  0.017946  0.030996  0.215742  0.416190  0.197574  0.013245 -0.325267  0.041627  0.293508 -0.011327 -0.032405  0.086386 -0.128869  0.064607
-0.000000 -0.000000  0.000000 -0.353553  0.000000 -0.110862  0.177697 -0.005952 -0.123654  0.004890 -0.273465 -0.013355 -0.180400 -0.117705  0.457332 -0.074312  0.266780  0.039388  0.152314 -0.029791 -0.188394 -0.231069  0.180522 -0.159100 -0.063655  0.090630  0.142803  0.039051  0.048316  0.105738 -0.263178 -0.183833 -0.018252 -0.052163 -0.110496  0.234203 -0.111955  0.041694 -0.027278 -0.016308
 0.000000 -0.353553 -0.000000  0.000000 -0.000000  0.012303 -0.250155 -0.066741 -0.145350  0.068294 -0.262027  0.016398 -0.316972 -0.026671  0.148139  0.000981 -0.211286 -0.114476 -0.186104 -0.043849  0.060222  0.077090 -0.092168 -0.140085 -0.128716 -0.398350  0.140824 -0.022485  0.021406  0.277841 -0.015869  0.010742 -0.083841 -0.083468 -0.067131 -0.321948  0.213129  0.047038  0.083031 -0.087665
 0.000000  0.000000 -0.000000  0.353553  0.000000  0.107037 -0.137727  0.219446 -0.142205 -0.287805 -0.124654 -0.083131 -0.180220  0.028828 -0.012811  0.040177  0.158174  0.041026  0.059405 -0.181952 -0.284659  0.120939 -0.008841 -0.033587  0.292871  0.171583  0.077557 -0.253090  0.112377 -0.146960  0.030491 -0.244945  0.063637  0.065741 -0.265534 -0.058392  0.216872 -0.021874  0.158299  0.200819
-0.000000 -0.000000 -0.000000 -0.000000  0.353553  0.110700 -0.171044  0.055703  0.170787  0.298684  0.159674  0.027612 -0.101787  0.160190  0.086575 -0.080473  0.169162 -0.452477 -0.037297  0.300796 -0.148429 -0.144361  0.110542  0.064708  0.206861  0.017499 -0.007345  0.001514 -0.015761  0.163404  0.056517  0.138593  0.044272  0.117791 -0.011449  0.146067  0.143958  0.219751  0.176941  0.145355
-0.353553 -0.000000  0.000000  0.000000 -0.000000  0.254723 -0.134994 -0.156463  0.036613 -0.037486  0.198958 -0.059118 -0.304506 -0.197082 -0.065748  0.194401  0.012397 -0.200309  0.256720 -0.024817  0.005156  0.208539  0.116133  0.219268 -0.216537 -0.131696 -0.092143 -0.008833  0.294198 -0.092912 -0.181943 -0.048313 -0.192775  0.060492 -0.033180  0.197427 -0.027033 -0.105451 -0.199636  0.000765
 0.000000  0.000000 -0.353553  0.000000  0.000000  0.079799  0.032169 -0.138720  0.076045 -0.119651  0.116634  0.077648 -0.102139 -0.159941 -0.136922 -0.108963  0.059256 -0.065022 -0.088819 -0.271878 -0.097124 -0.308563  0.219902  0.065003  0.070687  0.209850  0.214245 -0.088829 -0.148591  0.000111 -0.136596  0.411938 -0.071331 -0.046840 -0.066857 -0.225025  0.199998 -0.083847 -0.210356 -0.168204
 0.353553
