19 35
-0.707106  0.000000 -0.000000 -0.000000  0.000000 -0.000000  0.000000 -0.000000  0.000000 -0.000000  0.000000  0.000000  0.158398  0.000000  0.000000 -0.000000 -0.000000 -0.000000  0.000000 -0.137212 -0.220896 -0.015478  0.049937 -0.288908 -0.185607 -0.272947  0.007467 -0.215220  0.018517  0.219296  0.260283  0.030047  0.003646  0.050760  0.214683
 0.000009 -0.000180 -0.000019  0.000044  0.000018  0.000045  0.000053 -0.707238 -0.000000 -0.000024  0.000022 -0.000015  0.000064  0.000106  0.000029  0.000006 -0.000015 -0.000022 -0.157553  0.132466 -0.071337  0.001043 -0.086648 -0.090524 -0.161278 -0.087527 -0.144935  0.353094 -0.063669  0.082617  0.184277 -0.005697 -0.228531  0.222961 -0.332402
-0.000000  0.000000  0.000000  0.000000  0.000000 -0.000000  0.000000 -0.000000  0.000000 -0.000000  0.707106 -0.000000  0.158398 -0.000000  0.000000 -0.000000 -0.000000  0.000000 -0.000000 -0.175626 -0.012603  0.077949  0.290859 -0.153610 -0.133027  0.103746 -0.014398  0.175647 -0.104912 -0.254088 -0.220542  0.294371 -0.063758  0.193894  0.132658
-0.000487 -0.000212 -0.000192  0.000763 -0.707579  0.000202  0.000134  0.000037 -0.000127  0.000179  0.000155 -0.000089 -0.000120 -0.000158  0.000004 -0.000022 -0.000290 -0.154278 -0.000380 -0.191761 -0.242806 -0.085260 -0.183452 -0.061892  0.320485  0.131128  0.230007  0.062859 -0.316448  0.055771  0.042626  0.016111  0.129005  0.183602 -0.051079
 0.000035  0.000036  0.000147 -0.000011  0.000261 -0.000104  0.000021 -0.000013 -0.000046 -0.000126 -0.000066  0.000064 -0.000007 -0.706803 -0.000078 -0.000035  0.000032 -0.000070 -0.157494 -0.140666 -0.053319  0.113871  0.042419 -0.059919  0.099043  0.332803 -0.072449 -0.049356  0.143818 -0.140866  0.193331 -0.344381 -0.276675  0.071838  0.167856
-0.707107 -0.000000 -0.000000 -0.000000  0.000000 -0.000000  0.000000 -0.000000  0.000000  0.000000  0.000000  0.000000 -0.158397  0.000000  0.000000  0.000000 -0.000000  0.000000  0.000000  0.137562  0.221435  0.015362 -0.049620  0.288562  0.185353  0.273049 -0.008242  0.214796 -0.018143 -0.219158 -0.260497 -0.029988 -0.003945 -0.050981 -0.214800
-0.000031  0.708008  0.000092 -0.000085  0.000016  0.000318  0.000318  0.000078 -0.000022  0.000318  0.000214 -0.000021 -0.001226  0.000031 -0.000041 -0.000156 -0.000019  0.154216 -0.000204 -0.344015  0.255948 -0.136297 -0.165940  0.155676 -0.244205  0.186754  0.113476 -0.012631 -0.115803  0.161841  0.126756  0.152881 -0.156916 -0.096768 -0.012608
 0.000000  0.000000  0.000000  0.000000 -0.000000 -0.000000 -0.000000 -0.000000 -0.707107 -0.000000 -0.000000 -0.000000 -0.158397  0.000000  0.000000  0.000000 -0.000000 -0.000000 -0.000000 -0.260750  0.077164  0.237834 -0.104908  0.044728 -0.025961 -0.272224 -0.200430 -0.242218 -0.232231 -0.240721 -0.048288 -0.105131 -0.022701  0.089775 -0.154709
-0.000009 -0.000014  0.000152  0.706943  0.000135  0.000004  0.000066 -0.000040  0.000023 -0.000191  0.000049 -0.000041  0.000003  0.000084  0.000107 -0.000032  0.000072 -0.000038 -0.157468 -0.289273 -0.220026 -0.294709 -0.102289  0.126509  0.038521 -0.094405 -0.323341  0.164781  0.208470 -0.031286 -0.141302  0.001872  0.102743 -0.098146  0.057692
-0.000081  0.000172 -0.000184 -0.000136 -0.001065  0.000102 -0.000017  0.000153  0.000195  0.000144 -0.000021 -0.000099 -0.000272 -0.000044 -0.000101 -0.000064  0.706240 -0.125260  0.030474  0.043305 -0.015911  0.176351 -0.060449  0.100866  0.122763  0.012071 -0.152020  0.103683 -0.019057 -0.198321  0.424366  0.326767  0.069442 -0.217589  0.098725
 0.000033  0.000020  0.000006  0.000026 -0.000007 -0.000004 -0.000007  0.000006 -0.000027 -0.000003 -0.000000  0.000011  0.000002 -0.000021  0.000002 -0.000058 -0.000007  0.000007  0.865227 -0.075880 -0.106849 -0.144944 -0.040541 -0.036637  0.108613 -0.073096 -0.122239  0.152105  0.034866 -0.036516  0.000110 -0.099036 -0.376494 -0.028076  0.010107
 0.000010  0.000026  0.000098  0.707270  0.000026 -0.000005 -0.000016  0.000133 -0.000023  0.000112 -0.000049  0.000042 -0.000004 -0.000074 -0.000010  0.000014 -0.000075  0.000111  0.157365  0.289469  0.220454  0.294724  0.102717 -0.126173 -0.039053  0.094298  0.322479 -0.165009 -0.207835  0.031326  0.141334 -0.001624 -0.103050  0.097716 -0.057626
 0.000461  0.000620  0.705956 -0.000314  0.000092 -0.000245 -0.000179 -0.000281  0.000001 -0.000818  0.000212  0.000044 -0.000131  0.000149 -0.000071 -0.000044  0.000374 -0.124384 -0.030479  0.058433  0.169148 -0.193536  0.027498 -0.285607  0.183840  0.181336 -0.330932 -0.270793 -0.037282  0.118508 -0.044546  0.192746 -0.083505 -0.010210 -0.149141
 0.000080 -0.000211 -0.000072  0.000138  0.000230 -0.000101  0.000394 -0.000322 -0.000195 -0.000061  0.000021  0.000098  0.000271  0.000024  0.000078 -0.000120  0.707972  0.124863 -0.030242 -0.043185  0.016009 -0.175769  0.060230 -0.100447 -0.122858 -0.012174  0.151991 -0.103383  0.019260  0.197641 -0.423315 -0.326056 -0.069153  0.217036 -0.098372
 0.000000  0.000000  0.000000 -0.000000  0.000000  0.707106  0.000000  0.000000  0.000000  0.000000 -0.000000 -0.000000  0.158398 -0.000000 -0.000000  0.000000  0.000000  0.000000 -0.000000 -0.107376 -0.285326  0.236049 -0.017886 -0.088148 -0.055588  0.118358  0.107420 -0.085296  0.120833  0.006917 -0.123318  0.061310 -0.076194 -0.337848 -0.358731
 0.000005  0.000244  0.000010  0.000158 -0.000189 -0.000050  0.707350  0.000003  0.000047  0.000110 -0.000159 -0.001275  0.000695 -0.000022  0.000358 -0.000388 -0.000229  0.154117  0.000067 -0.045294  0.214537 -0.042875 -0.208043 -0.460242  0.008882 -0.039755  0.070881  0.202697  0.009486 -0.191819  0.012817 -0.134758  0.171221 -0.195700  0.016916
-0.000011  0.000035 -0.000014  0.000046  0.000080  0.000101 -0.000085 -0.000004  0.000023  0.000264 -0.000109  0.000015  0.000058  0.000096 -0.000109  0.706788  0.000130 -0.000042 -0.157409  0.212282 -0.117061 -0.023287 -0.300738 -0.016158  0.004002 -0.090588  0.041265 -0.047545 -0.178448 -0.068625 -0.210434  0.097847 -0.359903 -0.146385  0.268523
 0.000009  0.000035  0.000114 -0.000049  0.000042  0.000045  0.000035  0.706975 -0.000000  0.000016  0.000022 -0.000015  0.000065  0.000068  0.000077 -0.000007  0.000155  0.000019 -0.157709  0.132647 -0.071434  0.000882 -0.086447 -0.090847 -0.161145 -0.087586 -0.145338  0.353116 -0.063747  0.082887  0.183901 -0.005945 -0.228600  0.223073 -0.332607
-0.000000  0.000000 -0.000000  0.000000  0.000000 -0.000000  0.000000 -0.000000  0.000000  0.000000  0.000000 -0.000000 -0.865504  0.000000  0.000000 -0.000000 -0.000000 -0.000000  0.000000 -0.099365 -0.146901  0.148538  0.083951 -0.212433 -0.040479  0.046244  0.097470  0.083654  0.183197  0.176068 -0.061008  0.214916 -0.055988 -0.009913  0.085030
 0.000070  0.000017 -0.000012 -0.000064 -0.000075  0.000008  0.000018  0.000022 -0.000008 -0.000078 -0.000017 -0.000483  0.000061 -0.000013 -0.000024 -0.000109 -0.000164 -0.864213  0.000038 -0.099896  0.196981  0.032237  0.010138 -0.031997 -0.272003 -0.024719  0.035161  0.152823 -0.038887  0.097101 -0.095974 -0.205654 -0.012462 -0.186506  0.074938
-0.000011 -0.000003 -0.000011  0.000027  0.000023  0.000100 -0.000004 -0.000018  0.000023 -0.000231 -0.000109  0.000017  0.000058  0.000074 -0.000010 -0.707424 -0.000054  0.000012 -0.157285  0.212376 -0.117355 -0.022932 -0.299992 -0.015581  0.004046 -0.090504  0.040890 -0.047607 -0.178561 -0.068162 -0.210336  0.097805 -0.359578 -0.146180  0.268375
-0.000005  0.000187 -0.000031 -0.000209  0.000244  0.000050  0.706862  0.000016 -0.000046  0.000055  0.000159  0.001277 -0.000694 -0.000052 -0.000241  0.000470 -0.000148 -0.154617 -0.000063  0.045988 -0.214831  0.043007  0.208440  0.460255 -0.008365  0.039387 -0.071161 -0.203059 -0.009107  0.191474 -0.012817  0.135073 -0.171250  0.195832 -0.016969
-0.000000  0.000000 -0.000000 -0.000000 -0.000000 -0.000000 -0.000000 -0.000000  0.000000 -0.000000 -0.000000  0.707107 -0.158397  0.000000 -0.000000 -0.000000 -0.000000  0.000000  0.000000  0.114125 -0.195670 -0.344037  0.198253  0.001473 -0.236616  0.093330  0.034365 -0.109011 -0.233842 -0.269725  0.129902 -0.099011  0.041806 -0.156443 -0.088515
 0.000035  0.000138 -0.000304  0.000055  0.000151 -0.000010  0.000171  0.000051  0.000035 -0.000015 -0.000057  0.000020  0.000138  0.000144 -0.706595 -0.000010 -0.000078  0.000123  0.157225  0.126067 -0.133343  0.124167 -0.319541 -0.014161 -0.306509  0.294953 -0.198648 -0.068539  0.008986  0.004699 -0.064765 -0.004057  0.244013  0.168399  0.085368
 0.000488  0.000170  0.000233 -0.000603 -0.706633 -0.000203 -0.000079 -0.000014  0.000126  0.000367 -0.000155  0.000090  0.000120 -0.000136 -0.000175  0.000079 -0.000544  0.154793  0.000227  0.191928  0.242949  0.085132  0.183922  0.062025 -0.321112 -0.131074 -0.230397 -0.063214  0.316722 -0.055216 -0.043474 -0.016760 -0.129498 -0.183418  0.051073
-0.000000 -0.000000  0.000000 -0.000000  0.000000 -0.000000 -0.000000  0.000000  0.000000 -0.000000 -0.000000  0.707104  0.158400 -0.000000  0.000000 -0.000000 -0.000000  0.000000  0.000000 -0.114441  0.196483  0.343981 -0.198963 -0.003072  0.236560 -0.093515 -0.034170  0.110062  0.233571  0.269239 -0.129842  0.098439 -0.041046  0.155451  0.088667
 0.000000  0.000000 -0.000000 -0.000000 -0.000000  0.707108  0.000000  0.000000  0.000000 -0.000000 -0.000000 -0.000000 -0.158397  0.000000  0.000000 -0.000000  0.000000  0.000000 -0.000000  0.107706  0.285390 -0.235945  0.018334  0.087750  0.055780 -0.118310 -0.107954  0.085107 -0.120627 -0.006888  0.123097 -0.061634  0.076291  0.337797  0.358708
 0.000040  0.000636 -0.001066 -0.000073 -0.000066 -0.000158  0.000287 -0.000147 -0.000014 -0.705784  0.000204 -0.000189  0.000258 -0.000139  0.000147  0.000566  0.000194  0.155172 -0.000165  0.000159 -0.039886  0.171272  0.191862  0.005254  0.042670  0.069584 -0.243893  0.167137 -0.363784  0.291074 -0.057563 -0.158146  0.069170 -0.229597  0.114273
-0.000000  0.000000 -0.000000  0.000000  0.000000 -0.000000  0.000000 -0.000000  0.000000  0.000000  0.707107 -0.000000 -0.158397  0.000000  0.000000 -0.000000  0.000000 -0.000000  0.000000  0.175954  0.012544 -0.077746 -0.291019  0.153478  0.132879 -0.103982  0.014611 -0.175580  0.105302  0.253584  0.220502 -0.294575  0.063764 -0.193887 -0.132449
-0.000031 -0.706204  0.000371 -0.000074  0.000059  0.000319  0.000750  0.000293 -0.000022 -0.000366  0.000214 -0.000021 -0.001229 -0.000003 -0.000107 -0.000118 -0.000058  0.154577 -0.000132 -0.344666  0.256919 -0.136573 -0.166201  0.155743 -0.244708  0.187589  0.112897 -0.012953 -0.116287  0.162481  0.127128  0.153538 -0.157319 -0.097451 -0.012552
 0.000035  0.000072  0.000022 -0.000043 -0.000020 -0.000009  0.000053  0.000002  0.000035  0.000032 -0.000057  0.000021  0.000137  0.000129  0.707618  0.000088 -0.000055 -0.000019  0.157003  0.125928 -0.133227  0.124121 -0.318992 -0.013628 -0.306208  0.294578 -0.198254 -0.068686  0.009123  0.004650 -0.064532 -0.003879  0.243367  0.168248  0.085386
-0.000034 -0.000001  0.000035  0.000021  0.000033  0.000104 -0.000094 -0.000025  0.000046  0.000069  0.000065 -0.000064  0.000007 -0.707411  0.000063  0.000057 -0.000052  0.000022  0.157274  0.140613  0.053201 -0.113926 -0.042711  0.059796 -0.099126 -0.332467  0.072291  0.049266 -0.143531  0.140641 -0.193241  0.344186  0.276368 -0.071600 -0.167770
 0.000460  0.000339 -0.708255 -0.000065  0.000051 -0.000244 -0.000200 -0.000147  0.000001  0.000182  0.000211  0.000044 -0.000131 -0.000034  0.000254 -0.000047  0.000118 -0.123991 -0.030492  0.058040  0.169009 -0.193305  0.027227 -0.284597  0.182928  0.180596 -0.329484 -0.270153 -0.036429  0.117737 -0.044240  0.192350 -0.083680 -0.009986 -0.148890
 0.000040 -0.000049 -0.000065  0.000006  0.000479 -0.000157  0.000121 -0.000187 -0.000014  0.708426  0.000204 -0.000188  0.000257 -0.000195  0.000099  0.000070  0.000112  0.154380 -0.000306 -0.000058 -0.039723  0.170286  0.191135  0.005012  0.042728  0.069579 -0.243328  0.166322 -0.362416  0.290156 -0.057497 -0.157574  0.068800 -0.228668  0.113729
-0.000000  0.000000  0.000000  0.000000 -0.000000  0.000000 -0.000000 -0.000000  0.707107  0.000000  0.000000  0.000000 -0.158397  0.000000 -0.000000 -0.000000 -0.000000 -0.000000  0.000000 -0.260888  0.077097  0.237730 -0.104854  0.044707 -0.025887 -0.272141 -0.200251 -0.242272 -0.232340 -0.240558 -0.048448 -0.105342 -0.022780  0.089977 -0.154786
 0.865504
