17 36
-0.000309  0.000750  0.000530 -0.000620  0.615346  0.064805 -0.000544 -0.000514 -0.019590  0.000056  0.000446 -0.000404  0.000463  0.000226  0.000887 -0.000034 -0.001371 -0.247364 -0.104859 -0.450132 -0.275329  0.149687  0.310853 -0.061214 -0.021188  0.037701  0.004722  0.107951  0.059916  0.105394 -0.210281 -0.184593  0.053533 -0.056203  0.013141 -0.175029
-0.707106 -0.000000  0.000000  0.000000 -0.000000  0.000000  0.000000  0.000000 -0.000000 -0.000000  0.000000  0.000000 -0.000000 -0.000000  0.000000  0.000000 -0.000000 -0.036936  0.298475  0.155596 -0.149992 -0.102430  0.032443  0.229487 -0.151673  0.149651  0.119910 -0.185376  0.007481  0.039263 -0.016759 -0.030294  0.265418  0.023684 -0.166366 -0.320948
-0.000007 -0.000001  0.706739 -0.000026 -0.000019 -0.000027 -0.000000  0.000011 -0.000012  0.000017 -0.000012 -0.000031 -0.000038  0.000017 -0.000078  0.000012  0.000045 -0.149222  0.030932  0.112748 -0.101515  0.160873 -0.207764  0.298339 -0.149203  0.025768 -0.290391  0.159212  0.061573 -0.021087 -0.059218 -0.200951  0.115743  0.092438  0.261205  0.159161
-0.000000 -0.000000  0.000000  0.000000 -0.000000  0.000000 -0.000000 -0.000000  0.000000 -0.000000  0.000000  0.000000 -0.707106  0.000000 -0.000000 -0.000000  0.000000 -0.097562 -0.107603 -0.151941  0.192863 -0.230839 -0.107390 -0.139291 -0.240194  0.212135 -0.274576 -0.028710  0.259426 -0.040532  0.096263 -0.027505  0.109206 -0.121366 -0.221059  0.031608
 0.000000 -0.000004 -0.000000 -0.000004  0.000035 -0.000006 -0.000004  0.000026  0.000011 -0.000010 -0.000050 -0.000003 -0.000017  0.706894 -0.000008 -0.000008  0.000012 -0.115737  0.027727 -0.121168  0.052258 -0.234321 -0.122478  0.040682  0.001543  0.126688  0.071518 -0.189781 -0.008252 -0.327602 -0.161993 -0.083018 -0.305695  0.094686  0.264392 -0.164732
-0.000000  0.000000 -0.000000  0.000000  0.000000  0.000000 -0.000000  0.000000  0.000000 -0.000000  0.000000 -0.000000  0.000000  0.000000 -0.000000  0.707107 -0.000000  0.131928 -0.091856  0.101815 -0.006433 -0.312295  0.168093 -0.066666 -0.163086  0.183362 -0.083019  0.129525 -0.247892  0.222485 -0.293311  0.088403  0.036502  0.150704  0.114249  0.087988
 0.000003 -0.000001  0.002802 -0.702744  0.000123 -0.000186 -0.000119 -0.000087 -0.000067  0.000048 -0.000019  0.000136  0.000016  0.000482  0.000009 -0.000029  0.000116  0.133671 -0.023418  0.038680  0.141840  0.142566 -0.167801 -0.291081  0.067372  0.056510  0.159518  0.096289  0.194784 -0.024870 -0.162281 -0.167198  0.220554  0.364329  0.010024 -0.126967
-0.000087  0.000019  0.000018 -0.000057 -0.000262 -0.705947 -0.000037 -0.000069 -0.000092 -0.000038 -0.000008  0.000080 -0.000140  0.000066  0.000041 -0.000029  0.000038  0.132878  0.178936 -0.305961 -0.054884 -0.117047 -0.142967  0.147940  0.331070  0.041351 -0.172634 -0.009084 -0.103605  0.147115 -0.053690 -0.174861 -0.055506  0.155971 -0.239840  0.085704
 0.000000 -0.000000  0.000000  0.000000 -0.000000  0.000000  0.000000 -0.000000 -0.000000 -0.000000 -0.000000 -0.707106  0.000000  0.000000  0.000000  0.000000  0.000000  0.052194 -0.107903 -0.298901  0.128073  0.079830 -0.054603  0.209381 -0.306029 -0.250053  0.090231 -0.149637 -0.089191 -0.035348 -0.041560  0.215533  0.097345  0.253684 -0.067149  0.065221
-0.000024 -0.000747 -0.000002 -0.000139  0.000126 -0.000105 -0.000082  0.000015  0.000136  0.000132  0.705266 -0.000023  0.000019  0.000028  0.000005  0.000014 -0.000169  0.258224 -0.278430  0.016288 -0.013692  0.194190 -0.071601  0.007233  0.011601  0.083759 -0.276038 -0.080002 -0.282445 -0.124411  0.027498 -0.039532  0.042472 -0.093175 -0.021650 -0.341733
-0.000182 -0.013079 -0.000272  0.001104  0.003262  0.000543  0.000504 -0.000249  0.001015  0.000224 -0.038206  0.000121  0.000393  0.017187 -0.563321 -0.000152  0.063894 -0.169145 -0.112555  0.104467 -0.009413 -0.212238  0.332892 -0.050300  0.129542 -0.231523 -0.220126 -0.044675 -0.088695 -0.162934  0.349017 -0.151967  0.152534  0.370753  0.014546 -0.069872
 0.000007 -0.706719  0.000032  0.000017  0.000102  0.000005  0.000010 -0.000017 -0.000033  0.000030 -0.000003 -0.000002  0.000000 -0.000006 -0.000017  0.000031  0.000038 -0.166860 -0.241121  0.147199 -0.348815 -0.051592 -0.231723 -0.062501 -0.090826 -0.015028  0.139902  0.084819 -0.107783 -0.102398 -0.042031 -0.043927 -0.138112  0.096558 -0.339927  0.077289
 0.000041  0.000071 -0.000006 -0.000007  0.000021 -0.703461 -0.000042 -0.000007 -0.002809  0.000047 -0.000033 -0.000141  0.000210  0.000012 -0.000098  0.000024 -0.000047 -0.170118 -0.195135  0.240436  0.014081  0.139396  0.190600 -0.157402 -0.335302 -0.036274  0.173545  0.025057  0.112848 -0.132731  0.022884  0.147791  0.063779 -0.164568  0.242384 -0.111655
-0.000000 -0.000000 -0.000000 -0.000000 -0.000000  0.000000 -0.000000  0.000000 -0.000000 -0.000000  0.000000 -0.000000  0.000000 -0.000000  0.000000  0.707107  0.000000 -0.131999  0.091893 -0.101886  0.006337  0.312234 -0.168074  0.066493  0.163103 -0.183435  0.082921 -0.129662  0.247899 -0.222310  0.293521 -0.088445 -0.036508 -0.150483 -0.114121 -0.088077
 0.000015 -0.000017 -0.000038 -0.000011 -0.000018 -0.000000  0.000006  0.000001 -0.706901 -0.000002 -0.000001  0.000017  0.000002  0.000016  0.000006 -0.000002  0.000053 -0.089964  0.096182  0.042077  0.157401  0.263098  0.158510  0.072585 -0.086034  0.330795 -0.034933  0.129259 -0.028122  0.025797  0.155407  0.101388 -0.312141  0.257753 -0.143113 -0.042362
 0.000028  0.000072  0.001777 -0.704032 -0.000004  0.000088  0.000095  0.000058  0.000088 -0.000120 -0.000085  0.000003  0.000068 -0.000239  0.000194  0.000034 -0.000065 -0.182363 -0.021768 -0.046089 -0.090901 -0.165547  0.131807  0.324512 -0.024247 -0.041620 -0.116370 -0.047173 -0.213894  0.056039  0.180863  0.181712 -0.188752 -0.366357 -0.000134  0.087047
 0.000215  0.024690  0.000226 -0.000636  0.001726  0.000004  0.000241 -0.000310 -0.000667  0.000265  0.072003  0.000029 -0.000113 -0.000397 -0.604271  0.000261  0.000973  0.134342  0.035659  0.011706  0.165684  0.088344  0.058082  0.235761  0.021820  0.123613  0.188722  0.215121  0.079473 -0.284574 -0.411096  0.005445  0.020685 -0.281153 -0.219671  0.183525
-0.000000  0.000000 -0.000000 -0.000000 -0.000000 -0.000000  0.000000 -0.000000 -0.000000 -0.707107  0.000000 -0.000000 -0.000000 -0.000000  0.000000  0.000000  0.000000 -0.118117  0.201782 -0.154802 -0.092384  0.071546 -0.075461 -0.209049  0.048561  0.215818  0.025366  0.034905 -0.297920 -0.251840  0.101187  0.182767  0.271005 -0.016714  0.078135  0.178526
-0.000000  0.000000  0.000000  0.000000 -0.000000  0.000000 -0.000000 -0.000000  0.000000 -0.000000 -0.000000  0.000000 -0.707106  0.000000  0.000000 -0.000000 -0.000000  0.096758  0.107141  0.151663 -0.192755  0.230758  0.107934  0.139293  0.240337 -0.212323  0.274691  0.029178 -0.259581  0.040534 -0.096179  0.027353 -0.108853  0.121432  0.221130 -0.032164
 0.000124  0.000073  0.000039  0.000232 -0.000089 -0.000005 -0.000244  0.000100  0.000011  0.000005 -0.000058 -0.000079  0.000099 -0.002806 -0.000131  0.000005  0.703001 -0.189169  0.291385  0.034587  0.187179  0.024905 -0.118440 -0.182566 -0.125466 -0.298980 -0.150895  0.177705 -0.196361  0.034974 -0.184422 -0.004840 -0.102449 -0.089777 -0.104590 -0.195167
-0.000018  0.001099  0.022666  0.072069 -0.556812  0.035587 -0.000420 -0.000428 -0.010939 -0.000317  0.000490  0.000449  0.000661  0.001432  0.000910  0.000005 -0.000907 -0.373655 -0.279053 -0.288402  0.093209 -0.027569 -0.000805  0.133456  0.197430  0.095953  0.213277  0.299467 -0.060261  0.209296 -0.029274 -0.030492  0.182675 -0.047823  0.054084 -0.289445
 0.000000 -0.000000 -0.000000 -0.000000 -0.000000 -0.000000 -0.000000  0.000000 -0.000000  0.707106 -0.000000  0.000000  0.000000 -0.000000 -0.000000 -0.000000 -0.000000 -0.118402  0.201778 -0.154975 -0.092313  0.071395 -0.076020 -0.208995  0.048656  0.215977  0.025664  0.034907 -0.297934 -0.251105  0.101472  0.183064  0.270907 -0.016803  0.078439  0.178409
 0.000000 -0.000000 -0.000000 -0.000000 -0.000000  0.000000  0.000000 -0.000000 -0.000000 -0.000000  0.000000 -0.707106  0.000000 -0.000000  0.000000  0.000000 -0.000000 -0.052347  0.107569  0.299192 -0.127325 -0.080260  0.054075 -0.208946  0.306639  0.250189 -0.089842  0.150010  0.089001  0.035450  0.041937 -0.215350 -0.097016 -0.253459  0.067118 -0.065348
 0.000010  0.003124 -0.000015 -0.000134 -0.000007  0.000017 -0.000043 -0.000036 -0.000003  0.000175 -0.703172 -0.000019  0.000001 -0.000045 -0.000180  0.000056  0.000056  0.280367 -0.273706  0.017726  0.012658  0.209131 -0.061703  0.045218  0.015247  0.103874 -0.246582 -0.045427 -0.270358 -0.170733 -0.038811 -0.039158  0.046212 -0.138616 -0.057133 -0.313323
 0.000050  0.013355 -0.000101  0.000564  0.005084  0.000314  0.000763 -0.000580  0.000342  0.000508  0.038786  0.000153  0.000270  0.016801  0.563493  0.000128  0.065423 -0.023925 -0.073860  0.118283  0.168527 -0.117428  0.394470  0.202436  0.152537 -0.098984 -0.018057  0.185400 -0.003364 -0.468626 -0.091588 -0.145811  0.174461  0.069365 -0.220975  0.127643
 0.000000 -0.000000  0.000000 -0.000000  0.000000 -0.000000 -0.000000 -0.707106  0.000000 -0.000000 -0.000000 -0.000000 -0.000000 -0.000000  0.000000 -0.000000 -0.000000  0.007787  0.014342  0.008676 -0.194258 -0.048132 -0.031926  0.034602  0.173943 -0.052568 -0.213629  0.140734  0.262064 -0.094865 -0.118338  0.481448  0.004070  0.100298  0.003407 -0.159266
 0.000323  0.000227  0.022083  0.072751  0.557916 -0.036270  0.000171  0.000148  0.010649 -0.000385 -0.000525  0.000892  0.000144  0.000877 -0.000043  0.000041 -0.000276 -0.099304 -0.161354  0.206723  0.394771 -0.190671 -0.349348  0.198550  0.218341  0.055991  0.208380  0.177735 -0.125969  0.098896  0.202766  0.175337  0.120664  0.012303  0.042021 -0.097049
-0.000000 -0.000000  0.000000 -0.000000 -0.000000 -0.000000  0.707106  0.000000 -0.000000 -0.000000 -0.000000 -0.000000  0.000000 -0.000000  0.000000 -0.000000 -0.000000  0.297793  0.106120 -0.151620 -0.126572 -0.156024 -0.026798  0.030391 -0.198515 -0.053067  0.116470  0.406947  0.028353 -0.104152  0.266756 -0.081586 -0.064249 -0.022233  0.077220 -0.116691
-0.000003  0.000001  0.706758 -0.000002 -0.000017 -0.000017  0.000009 -0.000001 -0.000001  0.000005 -0.000033 -0.000012  0.000012 -0.000054  0.000105 -0.000014 -0.000030  0.164317 -0.016795 -0.109588  0.086034 -0.154386  0.218990 -0.308493  0.135910 -0.030865  0.276539 -0.174762 -0.056039  0.011130  0.054439  0.196721 -0.125724 -0.091524 -0.264252 -0.146495
 0.000002  0.000006  0.000008  0.000010  0.000008  0.000005 -0.000019 -0.000022  0.706870  0.000001 -0.000008 -0.000001  0.000022 -0.000020  0.000011 -0.000003 -0.000076 -0.101388  0.090894  0.022755  0.145409  0.270687  0.172486  0.069506 -0.088375  0.332877 -0.033376  0.134508 -0.024743  0.030165  0.145287  0.093989 -0.309656  0.253922 -0.141731 -0.050388
-0.000000 -0.000000  0.000000 -0.000000 -0.000000  0.000000  0.707106  0.000000 -0.000000 -0.000000 -0.000000 -0.000000  0.000000 -0.000000 -0.000000 -0.000000  0.000000 -0.298090 -0.106079  0.150886  0.126225  0.156524  0.026340 -0.030849  0.198250  0.053242 -0.116371 -0.406855 -0.028361  0.105036 -0.267131  0.081582  0.064095  0.021967 -0.076948  0.116068
 0.707107 -0.000000 -0.000000 -0.000000 -0.000000  0.000000 -0.000000 -0.000000  0.000000  0.000000 -0.000000 -0.000000  0.000000  0.000000  0.000000 -0.000000 -0.000000 -0.036986  0.298395  0.155247 -0.150429 -0.102375  0.032768  0.229347 -0.151661  0.149661  0.119729 -0.185561  0.007567  0.039365 -0.016682 -0.030521  0.265445  0.023887 -0.166290 -0.320998
 0.000112  0.000110 -0.000018  0.000212 -0.000017 -0.000075 -0.000125  0.000024  0.000053  0.000073 -0.000048 -0.000053  0.000158  0.000330  0.000271  0.000004 -0.705282 -0.204917  0.274126  0.056085  0.201848 -0.005360 -0.051782 -0.167589 -0.099407 -0.328218 -0.172089  0.189960 -0.203867 -0.024264 -0.160975 -0.031864 -0.072422 -0.049555 -0.123851 -0.187963
 0.000000  0.000000 -0.000000  0.000000 -0.000000  0.000000 -0.000000 -0.707106 -0.000000 -0.000000  0.000000 -0.000000 -0.000000  0.000000  0.000000 -0.000000 -0.000000 -0.007468 -0.013997 -0.008252  0.194294  0.048095  0.031178 -0.034826 -0.174241  0.052529  0.213510 -0.141181 -0.262154  0.095241  0.118683 -0.481047 -0.004455 -0.100391 -0.003138  0.159373
 0.000003  0.000003 -0.000029 -0.000031  0.000005  0.000016 -0.000026 -0.000005  0.000007 -0.000006  0.000025 -0.000006 -0.000000  0.706903 -0.000030  0.000009  0.000002  0.120658 -0.021399  0.116376 -0.055994  0.242511  0.105121 -0.045012 -0.009487 -0.119998 -0.066952  0.186236  0.009898  0.342127  0.154848  0.090288  0.296715 -0.106136 -0.260155  0.163662
 0.000005 -0.706807  0.000022  0.000014 -0.000040  0.000015  0.000002 -0.000002 -0.000015 -0.000016  0.000105  0.000005 -0.000005 -0.000007 -0.000018 -0.000017  0.000010  0.174219  0.241565 -0.147245  0.358007  0.057147  0.235044  0.075857  0.092417  0.022241 -0.129995 -0.072398  0.111091  0.086450  0.019047  0.043873  0.139801 -0.112634  0.327636 -0.068902
 0.707107
