7 20
 0.113276 -0.000000  0.000000 -0.000000 -0.000000 -0.537117 -0.000000 -0.153126 -0.221272  0.475170  0.077425  0.192417  0.258668  0.237476  0.289186  0.055711  0.059859  0.316763 -0.066666 -0.197627
-0.000000 -0.000000  0.000000 -0.000000  0.000000  0.650393  0.000000 -0.089348  0.090998  0.266280 -0.328070  0.212250  0.194180  0.126578  0.439854 -0.098661 -0.231860  0.091373 -0.121671  0.057400
 0.000000  0.650393  0.000000  0.000000  0.000000  0.000000  0.000000 -0.085398 -0.061953 -0.332872 -0.199795  0.174635 -0.200820  0.127533  0.306372  0.001745  0.427530  0.008232  0.170845 -0.148798
-0.650393  0.000000  0.000000  0.000000 -0.000000  0.000000 -0.000000 -0.357988  0.047527 -0.136795  0.089049  0.207005 -0.117872  0.062545 -0.189752 -0.035865 -0.103751  0.523307  0.021448  0.192116
-0.000000  0.000000 -0.000000 -0.000000 -0.650393  0.000000 -0.000000 -0.062282  0.388670 -0.170739 -0.054606 -0.367076  0.343987 -0.015556  0.039786  0.084094  0.137180  0.238193 -0.101281 -0.205259
-0.000000 -0.000000 -0.650393 -0.000000 -0.000000  0.000000 -0.000000  0.089071  0.399887  0.191737 -0.024662  0.385095 -0.067059  0.052482 -0.268932 -0.018518  0.261196 -0.093506 -0.235642 -0.105180
-0.113276 -0.000000 -0.000000  0.000000  0.537117 -0.000000 -0.000000 -0.190352  0.130842 -0.062966 -0.346752 -0.258377  0.136716  0.075316 -0.157151  0.447067 -0.094125  0.002144 -0.075169 -0.436940
 0.650393 -0.000000  0.000000  0.000000  0.000000  0.000000  0.000000 -0.105659  0.142476 -0.161771 -0.048977  0.062195 -0.428426  0.061921 -0.104881  0.080876 -0.286545  0.467027 -0.086490  0.021475
 0.113276  0.000000  0.000000 -0.000000  0.000000 -0.000000  0.537117  0.262755 -0.225956 -0.284333 -0.232560  0.248739  0.446066  0.190822 -0.327632 -0.099486 -0.044790  0.128925  0.089361  0.050364
-0.000000 -0.000000 -0.000000 -0.650393  0.000000  0.000000 -0.000000  0.050579 -0.162505  0.096691 -0.239124  0.066937 -0.003627 -0.635626 -0.034068 -0.046888  0.117935  0.209327 -0.050792 -0.096507
 0.113276 -0.000000  0.000000  0.000000 -0.000000  0.000000 -0.537117 -0.007767 -0.058870 -0.371738  0.183523  0.426163  0.395535 -0.149049  0.033522  0.356498 -0.113090 -0.068917 -0.083390  0.101454
-0.113276  0.537117 -0.000000  0.000000  0.000000 -0.000000 -0.000000  0.493492  0.209915  0.301557  0.160856 -0.048208  0.048938 -0.087624 -0.073703  0.253590 -0.344101  0.162682  0.254065  0.052034
 0.113276  0.000000  0.537117 -0.000000 -0.000000 -0.000000 -0.000000 -0.109566  0.281599  0.288200 -0.195374  0.150538  0.028401  0.042226 -0.260786  0.250742  0.406724 -0.054469  0.027610  0.401068
 0.113276 -0.000000 -0.000000 -0.537117  0.000000 -0.000000 -0.000000 -0.330840  0.273022 -0.004440  0.196132  0.077847  0.118639  0.268780 -0.070335 -0.161859 -0.178948 -0.233161  0.504012 -0.110687
 0.113276  0.000000  0.000000 -0.000000  0.537117  0.000000 -0.000000  0.114934  0.339798 -0.143781  0.280629 -0.186115  0.279817 -0.094153  0.205329 -0.345238  0.260236  0.286282 -0.047472  0.188393
 0.113276  0.000000 -0.000000 -0.000000 -0.000000  0.537117  0.000000 -0.044935 -0.331460  0.152732  0.474684 -0.064596  0.023536  0.084203 -0.243432  0.175179  0.340618  0.206120  0.080665 -0.267133
-0.113276 -0.000000  0.537117 -0.000000  0.000000  0.000000  0.000000  0.217422  0.202623 -0.056026  0.165510  0.315772 -0.109603  0.021325 -0.064863 -0.273165 -0.090442 -0.058757 -0.312948 -0.528430
 0.113276 -0.000000  0.000000  0.537117 -0.000000 -0.000000  0.000000 -0.269594  0.076245  0.112643 -0.093422  0.158901  0.114247 -0.500897 -0.111588 -0.218635 -0.036141  0.020312  0.442508 -0.227548
-0.000000 -0.000000 -0.000000  0.000000  0.000000  0.000000  0.650393 -0.223406  0.137985 -0.072182  0.343616  0.146523 -0.041730 -0.280677  0.298254  0.376567 -0.056404 -0.163385 -0.142664  0.042191
 0.113276  0.537117 -0.000000  0.000000 -0.000000  0.000000  0.000000 -0.390084 -0.134896  0.101516  0.081076 -0.163256  0.194235 -0.066805 -0.297282 -0.255703 -0.173594 -0.172649 -0.460940  0.128144
 0.650393
