1 40
-0.158114  0.034251 -0.086616  0.055642 -0.121957  0.217416  0.158649 -0.150554 -0.198583 -0.047059  0.149140  0.145448  0.083712 -0.205803  0.108039  0.223800  0.167641  0.089982 -0.159273  0.123032  0.022695 -0.225214  0.271100  0.073448  0.035214  0.126303  0.238261 -0.161189  0.049715  0.028484  0.196217 -0.008547  0.088877  0.129316  0.149741 -0.085323  0.126032  0.453481 -0.164603 -0.074182
 0.158114  0.189497  0.271696 -0.054390 -0.212115 -0.172242 -0.045682 -0.160174 -0.242422  0.234135 -0.090305 -0.029065  0.404247 -0.132208  0.099058  0.121937 -0.076536 -0.041863 -0.050596 -0.153714 -0.034988 -0.236875 -0.116942 -0.064882 -0.061337  0.152733 -0.231465  0.092793 -0.022309 -0.001118  0.030843 -0.027879 -0.050525  0.095018  0.006540 -0.031154  0.172235 -0.206503 -0.080614 -0.373932
-0.158114  0.090839 -0.162216 -0.069821 -0.018035 -0.192799 -0.220568  0.025929  0.239198  0.069555 -0.097692  0.143102  0.062407 -0.152779 -0.155256 -0.007164  0.375588 -0.301423  0.110182  0.131241 -0.040979  0.103679  0.011354  0.265728  0.071961  0.019510 -0.088397  0.112903  0.100703 -0.344743  0.051856  0.176313 -0.021874 -0.068140  0.050716  0.069231  0.291496 -0.019544 -0.272064 -0.008650
 0.158114  0.222120  0.041861  0.049099  0.443365  0.071560 -0.130668 -0.079822  0.039752 -0.170646  0.112294 -0.112676  0.081316 -0.210831  0.336434 -0.036971  0.313741  0.294695 -0.037144 -0.305377  0.052527  0.015396  0.172881  0.046718  0.028108 -0.096121 -0.180585 -0.075380 -0.163361 -0.082699  0.009058 -0.001722 -0.099100  0.033001 -0.118452  0.079964  0.023109 -0.082264 -0.107990  0.165907
-0.158114 -0.011406 -0.126359 -0.201405 -0.052427 -0.130712  0.020587  0.405494 -0.196069 -0.256244 -0.022258 -0.045786  0.184610 -0.147657 -0.179525 -0.083032 -0.135733  0.121795 -0.216591 -0.004195 -0.048412  0.008211 -0.087207  0.206448 -0.219301 -0.210730 -0.161069 -0.249048  0.064756  0.025821  0.210025  0.110513 -0.210639  0.055067 -0.114848 -0.016704 -0.235685  0.010547 -0.189308 -0.071499
 0.158114 -0.022121 -0.182951  0.091986 -0.004484  0.224108 -0.117466  0.286859  0.151285  0.246392  0.249457  0.147216 -0.100464  0.095128  0.054631 -0.326409 -0.071606  0.065911 -0.177356 -0.305282  0.024379 -0.190860 -0.111927  0.016089  0.124544 -0.081017 -0.085451  0.198002  0.126384  0.013571  0.040451  0.224952 -0.067079  0.058498  0.146083  0.078146  0.097458  0.216146  0.034419 -0.276403
-0.158114 -0.127223  0.232283 -0.173664 -0.044687 -0.061934 -0.220650 -0.106135  0.065807 -0.046796 -0.154145 -0.145454 -0.407342  0.261908 -0.106939  0.047494  0.221808  0.048501 -0.273464 -0.065892 -0.111896 -0.393157  0.035720  0.124615 -0.007132  0.094242 -0.071009 -0.030672 -0.015688  0.190063  0.012116  0.113580 -0.127623  0.271475 -0.021225 -0.083211  0.100956 -0.090262 -0.012278  0.120440
 0.158114 -0.031630 -0.085347  0.290105 -0.301582 -0.092668  0.031589 -0.034806 -0.275842 -0.125199  0.155940  0.112352 -0.169007  0.170780 -0.026240 -0.108659  0.057317  0.134895 -0.018027 -0.227004 -0.270116  0.096743  0.157388  0.201108 -0.085055 -0.141672  0.161573 -0.006812  0.130516 -0.147834  0.023475 -0.105761  0.277011  0.017756 -0.027395 -0.026665  0.117249 -0.369613 -0.167248  0.008655
 0.158114  0.142093 -0.022343  0.100837 -0.078844 -0.099572  0.000577  0.059054  0.022016 -0.094108  0.166433  0.015154  0.066804  0.130953 -0.214845  0.048988  0.057899  0.141678  0.145781  0.107957  0.136705 -0.003721  0.093255  0.006275  0.409780  0.043678 -0.019725 -0.260884  0.212278  0.241493  0.084659 -0.146836 -0.475818 -0.164031  0.181483 -0.050473  0.201431 -0.162878  0.083429  0.008464
 0.158114 -0.133401 -0.129970 -0.088064 -0.064487  0.094555  0.165860 -0.231926  0.075360  0.108041  0.169061 -0.022090 -0.007497 -0.034863 -0.237740 -0.195361  0.276801  0.030106 -0.095065  0.032042  0.072055  0.346354 -0.075279 -0.127667 -0.043592  0.211895 -0.146205 -0.204924 -0.140174 -0.131173 -0.006095  0.027997 -0.056292  0.420928  0.118763 -0.219037 -0.190099 -0.108924  0.015481 -0.150174
 0.158114  0.061016 -0.037026  0.226070  0.190681  0.057239  0.055462  0.125295 -0.114380  0.274411 -0.165111 -0.040672 -0.134695 -0.284078 -0.274556 -0.046703  0.044273  0.126478  0.159058  0.179917  0.137004 -0.040458 -0.059034  0.161314 -0.020348  0.132175 -0.033195  0.145760  0.079130  0.399991  0.188043 -0.033493  0.220455  0.218785 -0.101661  0.211117 -0.026132 -0.108325 -0.157546  0.097795
-0.158114  0.033488  0.169589 -0.026324  0.026605 -0.099231  0.018312 -0.026009 -0.109607  0.033838 -0.035544 -0.121975  0.135002  0.395058  0.285634 -0.258082  0.132436  0.116863  0.089374  0.199862  0.310777  0.148307 -0.110749 -0.013913  0.090865 -0.175014  0.086366  0.037507  0.189339  0.137527 -0.170690  0.070926  0.088737  0.121070  0.037178 -0.069921 -0.037390  0.084226 -0.431725 -0.102676
 0.158114  0.348747  0.002191 -0.193346 -0.007109  0.026464 -0.052716 -0.090076  0.013192  0.152136  0.084886 -0.130241  0.078092 -0.011294  0.079256 -0.213107  0.048803  0.133604 -0.022855  0.271502 -0.069937 -0.193655 -0.188262  0.050653 -0.227025  0.002907  0.265523 -0.190426  0.283581 -0.173003  0.096915  0.242540  0.113543 -0.061080  0.085600 -0.014741 -0.023495 -0.111936  0.312997  0.227968
 0.158114  0.251899  0.091742 -0.139806 -0.167876  0.116184  0.090315  0.043097 -0.023498 -0.141409 -0.281681 -0.120966 -0.286664 -0.144111 -0.030442 -0.130244 -0.125917  0.193627  0.220583  0.143176 -0.118864  0.129043  0.282299  0.007064  0.111065 -0.059883  0.063996  0.023802 -0.205197 -0.039637 -0.139184  0.348279 -0.072391  0.010200 -0.113269 -0.065058  0.141733  0.088334  0.014737 -0.328721
-0.158114  0.045476  0.038030  0.036671  0.130231  0.178421  0.288597 -0.185263 -0.049179 -0.024895 -0.406832  0.303927  0.080257  0.052283  0.057242 -0.014666  0.068959 -0.098637 -0.082835 -0.314699  0.079713  0.204085 -0.186108  0.269173  0.020073 -0.067135  0.234799 -0.076626  0.118088  0.112452  0.057386  0.133240 -0.185347  0.074955 -0.032447  0.105906  0.084649 -0.113960  0.250692 -0.076706
 0.158114 -0.159309 -0.200286  0.155514  0.135456  0.102458 -0.173407  0.129385  0.055859 -0.305781 -0.019542 -0.027174  0.058395  0.148257  0.117651  0.253620  0.001744 -0.037551  0.118211  0.177281  0.129825  0.000418  0.000714 -0.219632 -0.445763  0.055268  0.144926  0.104213  0.109238 -0.009648  0.080983  0.112643 -0.165488  0.265738 -0.043359  0.017995  0.270471 -0.140181  0.041778 -0.191848
-0.158114 -0.214582 -0.184166 -0.058899  0.086918 -0.000572  0.013899  0.029716  0.229796  0.104376 -0.049371  0.225778 -0.019714 -0.073188  0.275214 -0.135898 -0.077040  0.188937  0.085008  0.089958 -0.077806 -0.110403  0.059307  0.143996 -0.159909  0.302933 -0.133689 -0.365581 -0.007167  0.213421 -0.227775 -0.031307  0.138383 -0.245537 -0.018079 -0.113793  0.099656 -0.226971 -0.063497 -0.202248
 0.158114 -0.020913  0.281805  0.190248  0.173598  0.304142  0.216456  0.008122 -0.018122 -0.222503 -0.038150 -0.039543  0.036697  0.041538 -0.172804 -0.181435 -0.092067 -0.215008  0.126773  0.036084 -0.231283 -0.168009 -0.264176  0.041598 -0.126006  0.001885 -0.179589 -0.217137 -0.033598 -0.104447 -0.157894 -0.043534 -0.019582 -0.022435  0.223013 -0.025494  0.233467  0.144559 -0.254418  0.140792
 0.158114 -0.217156 -0.101223  0.167611 -0.058928 -0.157028  0.000118  0.098398 -0.084542  0.064630 -0.144644 -0.054665  0.053590  0.038838  0.189945 -0.072714 -0.157509  0.023846  0.246723 -0.040899  0.153141 -0.209223 -0.062988  0.333278  0.196965  0.260420  0.104860 -0.050109 -0.082360 -0.358013 -0.015232 -0.014247 -0.188716  0.230326 -0.217258 -0.205671 -0.102447  0.138470  0.049162  0.186431
-0.158114  0.251579  0.132316  0.125624 -0.136692  0.069638 -0.018671  0.239399  0.062156 -0.058882  0.253932  0.049574  0.124523  0.222185 -0.023914  0.077341  0.037026  0.088900 -0.058252  0.010375  0.020377  0.170895 -0.245951  0.136716 -0.028714  0.339453  0.119941  0.071221 -0.522571  0.121080  0.128947  0.194643  0.074520 -0.091708 -0.095070 -0.052497  0.113450 -0.044172 -0.009915  0.107276
 0.158114 -0.232719  0.375401  0.143794 -0.048990 -0.171393 -0.068063  0.136865  0.332341  0.037704 -0.129467 -0.081607  0.104574 -0.182594  0.092779 -0.139136 -0.162942 -0.141119 -0.220657 -0.083775  0.087659  0.167116  0.244178 -0.116071  0.044856 -0.000510  0.235958 -0.219319  0.003382  0.047842  0.305872  0.147541  0.119034  0.022127  0.152442 -0.042810  0.070411 -0.051532 -0.088263  0.084453
 0.158114 -0.090167  0.008922  0.104034 -0.074223  0.069443  0.153632  0.155714 -0.321481  0.309422 -0.084259  0.027907 -0.168080  0.038837  0.104279 -0.009939  0.173565 -0.139124 -0.361577  0.218083  0.298351  0.052629  0.143488 -0.020893 -0.195411 -0.090255 -0.164917 -0.048448 -0.139316 -0.102638 -0.110424  0.041620 -0.199356 -0.298925 -0.094299 -0.005384  0.168765 -0.034892  0.037421  0.143640
-0.158114 -0.128958 -0.006361  0.130766 -0.020058 -0.086531 -0.159336 -0.319621 -0.101049 -0.080116  0.095190 -0.056860 -0.005203  0.026079 -0.061589 -0.190929 -0.247839  0.144826 -0.165456  0.163979  0.049360  0.088566 -0.061223 -0.040795  0.105485  0.122836 -0.089764 -0.185337 -0.036816 -0.158712  0.016809  0.044100 -0.013385  0.053942 -0.181316  0.627038  0.204462  0.091668  0.060586 -0.056082
-0.158114  0.140507 -0.165355 -0.206471  0.000471 -0.044847  0.382832  0.235409  0.023569 -0.105261 -0.198908 -0.043731 -0.092376  0.150181  0.032237 -0.013593 -0.045725  0.091993  0.032928 -0.128105  0.262276 -0.175677  0.054569 -0.252658  0.116921  0.115090 -0.159514 -0.021287 -0.052591 -0.270443  0.214809 -0.092423  0.255361  0.092331  0.232165  0.147787  0.167466 -0.185074  0.002310  0.078586
-0.158114  0.267891  0.039410  0.392700 -0.091020  0.000401 -0.115153  0.132990  0.216826  0.277228 -0.153185  0.020505 -0.101872  0.080443  0.035307  0.231021  0.041974  0.081665  0.042422  0.074704 -0.062445 -0.064489 -0.040634 -0.014786 -0.090348 -0.278985  0.025995 -0.334842 -0.170968 -0.166742 -0.085960 -0.169045 -0.073194  0.191271  0.156349  0.155962 -0.228936 -0.003123  0.008601 -0.168167
-0.158114 -0.177220  0.250861  0.178301  0.154985  0.102702  0.113971  0.244678 -0.061867  0.084790 -0.088736 -0.069932  0.127366  0.041817 -0.136328  0.135155  0.216294  0.307812 -0.070523  0.006501 -0.268775  0.053265  0.058461 -0.204161  0.120383  0.297218  0.020497  0.103822  0.330133 -0.264804 -0.089454  0.164600 -0.037904 -0.147924 -0.101583  0.024028 -0.156776 -0.034293  0.024966 -0.085391
 0.158114 -0.236066 -0.134806 -0.165349  0.153839  0.059239 -0.022146  0.113243 -0.160266  0.122889  0.015662 -0.374598 -0.049323  0.064846  0.156630  0.311584  0.108828 -0.101478  0.001260  0.030777 -0.207624  0.129155 -0.278627  0.124919  0.319453 -0.152343  0.031183 -0.253169 -0.085860  0.032607  0.152706  0.039245  0.227112 -0.051201  0.008359  0.026765  0.160048 -0.005514  0.061057 -0.198898
-0.158114 -0.060871  0.176008 -0.099301  0.228655 -0.183728  0.316636  0.087437  0.046931  0.213424  0.379814  0.163190  0.014392 -0.070599  0.036101  0.144618 -0.231094  0.054275  0.020594  0.164909 -0.140231  0.036737  0.118078  0.101945  0.042237 -0.248687 -0.033929  0.093962 -0.006332 -0.041496 -0.150048  0.116279 -0.074799  0.365476 -0.028165 -0.052321  0.258487 -0.132793  0.089869  0.120468
 0.158114 -0.116658  0.043365 -0.243656  0.272544 -0.105910 -0.118435  0.028017 -0.282645  0.076510  0.041448  0.354473 -0.001589  0.113137 -0.125236 -0.030673  0.039614 -0.070123  0.144921 -0.011812 -0.033834 -0.180221  0.096568 -0.128000  0.033153  0.042059  0.346044 -0.088254 -0.302939 -0.046314 -0.017917  0.151974 -0.098451 -0.059757  0.203438  0.248236 -0.226914 -0.121883 -0.190831 -0.059678
 0.158114  0.033020  0.184169  0.093683  0.132993 -0.009953  0.081497 -0.091498  0.100999 -0.269231  0.020082  0.313114 -0.176623  0.039058  0.192740  0.000143 -0.013833 -0.041599 -0.193847  0.412780 -0.005219 -0.096790 -0.122617  0.132642  0.193417 -0.030520 -0.183765  0.168255  0.002428 -0.130115  0.334087 -0.070242  0.058665 -0.066660 -0.044143 -0.082226 -0.260448 -0.128283  0.032869 -0.244205
 0.158114 -0.051128 -0.133446  0.161840 -0.065833 -0.416525  0.391709 -0.229159  0.182405 -0.044037  0.071020 -0.120820 -0.170012 -0.047372  0.035914  0.246170  0.031626  0.122233  0.005453 -0.126364  0.034020 -0.085529 -0.215038 -0.009127 -0.136016  0.006733 -0.008292  0.043297  0.013682  0.074331 -0.037138  0.378778 -0.100843 -0.199035  0.115452  0.121166 -0.117805  0.112273 -0.186002  0.007399
-0.158114 -0.062438 -0.031950  0.236079 -0.179804  0.072833 -0.046446  0.063084 -0.121500 -0.226146  0.101668  0.053352  0.073699 -0.254489  0.029407 -0.028279  0.160024 -0.248774  0.076198  0.017785  0.161874 -0.250750 -0.072854 -0.200968  0.267282 -0.145801 -0.082030 -0.135681 -0.013175  0.104627 -0.243582  0.391873  0.183761  0.090386 -0.090680 -0.022998 -0.115126 -0.241982  0.153585  0.057405
 0.158114  0.358412 -0.044122  0.011112  0.175848 -0.278161 -0.002234  0.113118 -0.057469  0.003208  0.007308  0.229670 -0.159883  0.158979  0.003498  0.059349 -0.027425 -0.270506 -0.094759 -0.108658 -0.100107  0.101568  0.015937 -0.239496  0.033013  0.204334 -0.065512 -0.300201  0.210024  0.075586 -0.063895  0.032395  0.140020  0.124910 -0.377705 -0.081038  0.027441  0.248687 -0.031327 -0.000449
-0.158114  0.040244 -0.270927  0.089096 -0.045765  0.167064  0.122227 -0.154855  0.040256  0.201023 -0.068023 -0.071688  0.041071  0.059629  0.184427 -0.168451 -0.078798 -0.126957  0.036994  0.081241 -0.378256 -0.069109  0.012631 -0.323998  0.109910 -0.056002  0.033464  0.043521 -0.080981  0.080828  0.334017  0.068322 -0.292198 -0.003609 -0.227633 -0.059503 -0.018794 -0.169489 -0.274458  0.166407
 0.158114 -0.144062  0.109053 -0.163327 -0.126535  0.229581 -0.003775 -0.134469  0.241559  0.112006 -0.001567  0.232056  0.119363  0.134935 -0.269890  0.198892 -0.003612  0.240872  0.129210 -0.072066  0.229036 -0.131379 -0.062381 -0.078495 -0.002596 -0.284623 -0.038592 -0.152079  0.005533 -0.112278  0.124077  0.060853  0.145518 -0.102436 -0.441065 -0.064031  0.080617  0.026938 -0.147369  0.054314
 0.158114  0.116645 -0.148090 -0.008879  0.054741  0.164355  0.185035 -0.034636  0.217000 -0.018405  0.038481 -0.251784  0.305307  0.288294 -0.115107  0.076194 -0.084582 -0.256627 -0.208112  0.056271  0.012188 -0.138846  0.397748  0.296879  0.055255  0.073861  0.012130  0.020185  0.004674  0.041698 -0.195019  0.072297  0.081696  0.026763 -0.104516  0.203487 -0.198353 -0.130275 -0.060412 -0.085018
-0.158114  0.149858  0.067041 -0.057967  0.086312  0.265685 -0.113555 -0.070696 -0.047104  0.059697  0.203763 -0.144852 -0.345297 -0.182609 -0.007445  0.200103 -0.337191 -0.130951 -0.062455 -0.132853  0.282515  0.075528 -0.104568  0.054061  0.038441  0.161648  0.151694 -0.060847  0.197405 -0.191198 -0.051019  0.030304 -0.108595 -0.075247 -0.003112 -0.107166 -0.077219 -0.258712 -0.309913 -0.069063
-0.158114  0.060369 -0.199279  0.282599  0.402109 -0.163489 -0.123252 -0.214952 -0.124327  0.047217 -0.127007 -0.090199  0.100224  0.101335 -0.325765 -0.063800 -0.179599  0.102985 -0.143340 -0.002784  0.089793 -0.085179  0.068928 -0.025438  0.023290 -0.131888  0.002459  0.022001 -0.148741 -0.067147  0.059674  0.144336  0.146569 -0.132184  0.095746 -0.441298  0.112101  0.008860  0.082222 -0.116824
-0.158114 -0.041582  0.177337  0.063416  0.015854  0.057933 -0.023757 -0.086904 -0.150539  0.112044  0.164385 -0.056072 -0.076278  0.211374  0.061436  0.008603 -0.005468 -0.165159  0.443754 -0.114289  0.048065  0.075882  0.284542  0.135216 -0.203170  0.035483 -0.361353 -0.111234  0.086891  0.016294  0.370221  0.249406  0.020840 -0.071568  0.071805  0.030881 -0.147522  0.077935  0.165870 -0.046487
 0.158114  0.022104 -0.140953 -0.032072 -0.100365  0.152374 -0.243336 -0.061454 -0.086381  0.007629 -0.231153  0.232286  0.094633  0.098939  0.112329  0.278715 -0.254919  0.173684 -0.112715  0.069852 -0.096268  0.228320  0.018209  0.020356  0.127031  0.049467 -0.296180  0.023426  0.076262  0.037112 -0.094822  0.269712  0.062077  0.110880  0.321491 -0.016995 -0.077436 -0.006064 -0.100388  0.356114
 0.158114
