2 17
 0.350823  0.000000  0.153917 -0.000877  0.246676 -0.530889 -0.046011 -0.142913 -0.168543 -0.014498 -0.383536  0.279938 -0.216804  0.233965 -0.199142  0.011865 -0.303933
 0.350823  0.000000 -0.338326 -0.144017  0.277376  0.391175 -0.087957  0.139397  0.137904 -0.151873  0.166121 -0.110668 -0.432438 -0.047112 -0.121053 -0.312689 -0.317832
-0.350823 -0.000000 -0.167587  0.210373  0.146042 -0.475225  0.163493 -0.048658  0.133666 -0.452877  0.273541  0.046218 -0.156803  0.010898  0.048624 -0.413820  0.173419
 0.000000  0.350823 -0.090593 -0.001877  0.033104 -0.383937 -0.116806  0.278038  0.549963  0.315831 -0.031154 -0.237405 -0.139167 -0.282311 -0.130669  0.230930  0.015768
 0.350823  0.000000 -0.004378  0.277352  0.298512 -0.085169 -0.104564  0.128107  0.014634 -0.229974 -0.013003 -0.044454  0.424297 -0.300757  0.562847  0.059603 -0.173759
-0.000000 -0.350823 -0.078060 -0.478389  0.089701 -0.177193 -0.037620 -0.029185  0.060902 -0.350325  0.200125 -0.144321  0.375554 -0.112832 -0.401872  0.288945 -0.119107
-0.000000  0.350823  0.297819  0.178968 -0.362152  0.063515 -0.413826  0.230787 -0.139150 -0.547460  0.024466 -0.093189 -0.120330  0.040793 -0.167191  0.131625 -0.081944
 0.000000 -0.350823  0.083506  0.269423  0.222908  0.005065  0.177987  0.668797 -0.088700  0.038010 -0.074222 -0.261107 -0.002263  0.372385 -0.133918  0.077731  0.151753
 0.263117 -0.087706 -0.021236  0.064741 -0.125984 -0.227873  0.105691 -0.248232 -0.360365  0.096769  0.417332 -0.466548 -0.354176 -0.012835  0.182840  0.289577  0.062413
 0.000000 -0.350823  0.688315 -0.042517  0.014656 -0.002230 -0.161732  0.010602  0.336367  0.142027  0.377919  0.152946 -0.148328 -0.027351  0.121780 -0.128814 -0.145416
-0.350823 -0.000000 -0.188580  0.010244 -0.246833 -0.106046  0.044201  0.082046  0.014049  0.122810  0.068532 -0.130456  0.103223  0.313461  0.214491  0.000725 -0.753978
-0.000000 -0.350823  0.033884 -0.045620 -0.218539  0.037492 -0.005476 -0.235959  0.358348 -0.256065 -0.570060 -0.401507 -0.188968  0.027183  0.217594 -0.033700  0.061102
 0.000000  0.350823  0.205644 -0.675979  0.128217 -0.058964  0.189256  0.224303 -0.054175 -0.123776 -0.024641 -0.071392 -0.052438  0.245298  0.404496 -0.039350  0.139980
-0.350823 -0.000000  0.017350  0.092011  0.351076  0.220080  0.191681 -0.068334  0.062266 -0.199836 -0.041421  0.249335 -0.346355 -0.095447  0.115876  0.626034 -0.113766
-0.000000 -0.350823 -0.266290 -0.199249 -0.363192 -0.177708 -0.147238  0.409163 -0.193799  0.012400 -0.070662  0.392511 -0.253266 -0.314437  0.219773  0.037843  0.064913
 0.263117  0.087706  0.172707  0.074886 -0.340522  0.031379  0.774878  0.112921  0.105554 -0.137428 -0.004951  0.095488  0.024480 -0.248166 -0.150272 -0.035222 -0.179823
 0.350823 -0.000000 -0.263633  0.075449 -0.222401  0.011062 -0.022520 -0.058053  0.417094 -0.103064  0.221784  0.318576  0.072283  0.538567  0.111914  0.263395  0.189255
 0.350823
