17 26
-0.707107  0.000000 -0.235702 -0.000000  0.000000 -0.000000  0.000000 -0.000000 -0.000000  0.000000 -0.000000 -0.000000  0.000000 -0.000000 -0.000000  0.000000  0.000000  0.099557  0.168423  0.115272 -0.009699 -0.345529 -0.031479 -0.383348 -0.348369 -0.063925
-0.707107  0.000000  0.235702  0.000000 -0.000000 -0.000000  0.000000  0.000000  0.000000 -0.000000  0.000000  0.000000  0.000000  0.000000  0.000000 -0.000000 -0.000000 -0.099591 -0.168463 -0.115184  0.009782  0.345544  0.031442  0.383439  0.348252  0.063948
-0.000003  0.000001  0.000003  0.000001  0.000001  0.000001 -0.000000  0.000000  0.000003  0.000001 -0.000006 -0.000000  0.942774  0.000006 -0.000000  0.000005 -0.000002 -0.024733 -0.099807 -0.098617 -0.156702 -0.040709  0.170966  0.081225 -0.127443 -0.112234
-0.000002 -0.000002 -0.000002  0.000002  0.000002 -0.000002 -0.000002  0.000002 -0.000001 -0.000011  0.000000 -0.000002  0.000005  0.000006 -0.000001 -0.707104  0.235654  0.040254 -0.347504  0.357669 -0.215855 -0.103704  0.140371 -0.125859  0.144506  0.283532
 0.000026  0.000091  0.000015 -0.000034  0.000021 -0.000029 -0.000048 -0.000018  0.000037 -0.707295  0.000025 -0.000048  0.001211  0.233859  0.000001  0.000013 -0.000031 -0.138445  0.160864 -0.061647 -0.255917  0.075581 -0.185561  0.154650 -0.282786  0.432059
 0.000005 -0.000003  0.000005 -0.235317 -0.000007 -0.000016  0.000004  0.000041 -0.000009 -0.000017  0.000005  0.707088 -0.000001  0.000013 -0.000007  0.000001  0.000221  0.538372 -0.217155 -0.212988  0.099578 -0.033711 -0.116279  0.088379 -0.103167  0.138780
 0.000005 -0.000003  0.000005 -0.235315 -0.000006  0.000034  0.000004 -0.000016  0.000022 -0.000004  0.000005 -0.707125 -0.000006 -0.000004 -0.000029  0.000001  0.000215  0.538449 -0.217001 -0.213232  0.099344 -0.033740 -0.116190  0.088147 -0.102867  0.138770
-0.000093 -0.000256  0.000089 -0.012068  0.000321  0.707233 -0.000084 -0.187156 -0.000081 -0.000419 -0.000263  0.000288 -0.006328  0.023693  0.000306 -0.000006 -0.004039  0.127810  0.241536 -0.320547 -0.289917 -0.041125  0.157652 -0.241030  0.329427  0.096899
 0.000027  0.000116  0.000061  0.010006 -0.000077 -0.000099  0.000016 -0.928149 -0.000020  0.000017  0.000004 -0.000042  0.000150 -0.000112 -0.000053  0.000170  0.003284 -0.076847 -0.188769  0.083617 -0.004226  0.042901 -0.242851  0.020961 -0.104839 -0.132788
-0.000026 -0.000090 -0.000015  0.000041 -0.000021  0.000061  0.000049  0.000004  0.000049 -0.706918 -0.000024  0.000035 -0.001182 -0.234052 -0.000005 -0.000006  0.000026  0.138421 -0.160951  0.062222  0.256791 -0.075640  0.185977 -0.154214  0.282457 -0.432125
 0.000003 -0.000009  0.000003  0.000003  0.000009 -0.000001 -0.000003  0.000000  0.000006  0.000022 -0.000002  0.000014  0.235597  0.000001 -0.707123  0.000011  0.000003  0.052054  0.199626  0.185877  0.299050  0.081631 -0.348326 -0.174808  0.267244  0.218991
 0.000000 -0.000002 -0.000001  0.000001  0.000001 -0.000003  0.000000 -0.000001  0.000000 -0.000000 -0.000000 -0.000001 -0.000001  0.000000  0.000001 -0.000000  0.942794 -0.018442  0.178478 -0.180781  0.107960  0.050799 -0.064131  0.062381 -0.069632 -0.138473
-0.000000 -0.000000 -0.000000  0.000000  0.235702  0.000000  0.707107 -0.000000 -0.000000  0.000000  0.000000  0.000000  0.000000  0.000000 -0.000000 -0.000000  0.000000  0.314754  0.250440  0.331855 -0.258485  0.204877 -0.014084  0.153964 -0.006723 -0.199473
-0.000000 -0.000000  0.000000  0.000000 -0.942809  0.000000 -0.000000 -0.000000  0.000000  0.000000 -0.000000  0.000000 -0.000000  0.000000 -0.000000  0.000000  0.000000  0.157439  0.125337  0.165697 -0.129500  0.102429 -0.007045  0.076782 -0.003131 -0.099711
 0.000026 -0.000033 -0.000242 -0.012943 -0.000131 -0.000905  0.000046 -0.185309  0.707278  0.000466  0.000255 -0.000036  0.006013 -0.023607 -0.000164 -0.000427 -0.004156  0.063617  0.229335  0.114013  0.303296 -0.066022  0.449591  0.190797 -0.069779  0.235044
-0.000026  0.000033  0.000242  0.012951  0.000131  0.000826 -0.000046  0.185309  0.706935 -0.000380 -0.000256  0.000067 -0.006024  0.023635  0.000167  0.000422  0.004155 -0.063619 -0.229363 -0.114176 -0.303550  0.066043 -0.449760 -0.190969  0.069918 -0.235128
-0.000093 -0.000256  0.000089 -0.012041  0.000322 -0.706979 -0.000085 -0.186639 -0.000161 -0.000452 -0.000264  0.000239 -0.006347  0.023777  0.000300  0.000002 -0.004033  0.127747  0.241052 -0.320949 -0.290726 -0.040998  0.156673 -0.241605  0.329767  0.096315
 0.000000 -0.000010 -0.000002  0.942617  0.000002  0.000006  0.000001 -0.000012 -0.000001  0.000001  0.000003 -0.000002  0.000000  0.000001  0.000003 -0.000003 -0.000143  0.274641 -0.093899 -0.112358  0.050596 -0.020153 -0.039097  0.042926 -0.043827  0.079660
-0.000002 -0.000002 -0.000002 -0.000011  0.000002  0.000005 -0.000002  0.000002  0.000004 -0.000004  0.000001 -0.000002 -0.000002  0.000009  0.000001  0.707109  0.235647  0.040354 -0.347191  0.357780 -0.215484 -0.103799  0.140987 -0.125637  0.144454  0.283819
-0.000007 -0.000034 -0.000024 -0.000021 -0.000033  0.000036  0.000031  0.000020 -0.000004 -0.000009  0.000014 -0.000008  0.000021  0.942490 -0.000024 -0.000028  0.000005  0.065464 -0.080555  0.052629  0.157105 -0.038772  0.106821 -0.054944  0.120196 -0.207621
-0.000000 -0.000000  0.000000 -0.000000  0.000000 -0.000000 -0.000000 -0.000000  0.000000 -0.000000  0.942809 -0.000000  0.000000 -0.000000 -0.000000 -0.000000 -0.000000  0.008715 -0.038925 -0.015435  0.032941  0.251286  0.081523 -0.168528 -0.097557  0.022065
-0.000003  0.000009 -0.000003  0.000008 -0.000009  0.000008  0.000003 -0.000005 -0.000002 -0.000019  0.000001  0.000009 -0.235616  0.000001 -0.707090 -0.000009 -0.000002 -0.052001 -0.199507 -0.186212 -0.299466 -0.081638  0.348285  0.174517 -0.266936 -0.219015
 0.000000  0.000000 -0.000000 -0.000000  0.235702 -0.000000 -0.707107  0.000000 -0.000000  0.000000  0.000000  0.000000  0.000000  0.000000  0.000000  0.000000 -0.000000  0.314757  0.250380  0.331953 -0.258334  0.204867 -0.014037  0.154026 -0.006773 -0.199538
 0.000000 -0.707107 -0.000000 -0.000000 -0.000000  0.000000  0.000000 -0.000000 -0.000000  0.000000 -0.235702  0.000000  0.000000  0.000000  0.000000  0.000000 -0.000000  0.017278 -0.077957 -0.030289  0.066565  0.502585  0.163218 -0.336459 -0.195754  0.044318
 0.000000 -0.707107  0.000000 -0.000000  0.000000  0.000000  0.000000  0.000000  0.000000  0.000000  0.235702  0.000000  0.000000  0.000000  0.000000  0.000000  0.000000 -0.017438  0.077774  0.030504 -0.066465 -0.502522 -0.163457  0.336665  0.195421 -0.044321
 0.000000 -0.000000 -0.942809 -0.000000  0.000000 -0.000000 -0.000000 -0.000000  0.000000 -0.000000 -0.000000 -0.000000  0.000000  0.000000  0.000000  0.000000 -0.000000 -0.049801 -0.084298 -0.057734  0.004651  0.172801  0.015501  0.191561  0.174234  0.031878
 0.942809
