1 48
 0.144338  0.142898  0.096435 -0.019457 -0.147952  0.100675  0.017020  0.032326  0.013508 -0.074913 -0.281496 -0.156267  0.035665  0.069687 -0.203820 -0.102157 -0.145169  0.191415  0.069516 -0.062235 -0.001254 -0.033475 -0.043584 -0.073318  0.086865 -0.272088  0.033791 -0.262035  0.039243  0.127495 -0.071173 -0.077172  0.005655  0.013306 -0.136601 -0.018983 -0.325477 -0.057013 -0.202593 -0.035190 -0.012418 -0.189810  0.213162  0.030863  0.017897  0.405031  0.042326  0.271480
 0.144338 -0.112404 -0.062627 -0.139580 -0.083467  0.094655 -0.283480  0.149478 -0.035686 -0.057481  0.035202 -0.098549  0.149970 -0.206018  0.070204  0.265669  0.074792  0.168452  0.008241  0.126073  0.103436  0.241120  0.273543 -0.073747 -0.044355  0.013346  0.073980  0.173034  0.366057  0.030139  0.179406  0.014078 -0.171303  0.054655  0.089109  0.040584 -0.163370  0.258327 -0.065458 -0.056002 -0.255338 -0.024210  0.086523  0.005082  0.096594  0.089007  0.075563 -0.160057
 0.144338  0.046407 -0.048920 -0.048635  0.353400  0.169764  0.064126  0.218912  0.038365  0.002704  0.039283  0.228012  0.035014  0.062312  0.130282  0.023181  0.101564  0.039113  0.288876 -0.277558 -0.141631 -0.028379 -0.129718  0.060405  0.082264  0.174064 -0.048636  0.193378  0.141389 -0.081398 -0.150868  0.031002 -0.018645  0.018447 -0.004329  0.223074 -0.163943  0.098575 -0.036613  0.148585  0.003551 -0.130558  0.154136 -0.111536 -0.104202 -0.157295  0.224628  0.313440
-0.144338 -0.036704  0.112695  0.122324  0.081050  0.078032 -0.288386  0.096144  0.193356 -0.071083 -0.097835  0.241126 -0.011831 -0.035008 -0.134519 -0.125849 -0.001939 -0.102748 -0.061194  0.071719 -0.193779  0.300147 -0.024373  0.004322  0.095684  0.168550  0.064659 -0.102829 -0.247455  0.145007  0.013920 -0.025137 -0.096235  0.105532 -0.192075  0.023585 -0.166201  0.018713  0.227603  0.196736 -0.188062  0.397091  0.148019  0.131542  0.044532  0.072223  0.023053  0.014470
-0.144338  0.045751 -0.082520  0.083002  0.091477 -0.199334 -0.080591  0.000087  0.032721  0.213426  0.165779 -0.085518  0.167412  0.185285 -0.142801 -0.065343 -0.073226  0.043754  0.224895  0.082489 -0.144641  0.018655 -0.005914 -0.247872 -0.075473  0.101315  0.018244 -0.113162 -0.042857 -0.144943 -0.082235  0.045417  0.167388 -0.075355  0.326508  0.024507 -0.146024  0.160667  0.031714 -0.254992  0.033005  0.176411  0.149605 -0.323092  0.331183  0.075618 -0.051193  0.033126
-0.144338  0.149256 -0.142450 -0.127594 -0.062739  0.053686 -0.009733  0.028705  0.167231  0.225985  0.238476 -0.093398  0.330373 -0.055953  0.134526  0.032394 -0.054977  0.022080  0.127379 -0.017279 -0.170924  0.003958  0.222822  0.312827  0.151092 -0.076709 -0.069977 -0.153126  0.039956  0.138693 -0.029861 -0.042285  0.207307  0.015167 -0.120416 -0.104396 -0.196282 -0.167882  0.121270 -0.191705  0.138789  0.011687  0.048253  0.227974 -0.163636 -0.127472  0.177023 -0.156034
 0.144338 -0.184207 -0.151853 -0.023979 -0.213311 -0.038038  0.029771 -0.124670 -0.029739 -0.045537  0.055268 -0.223982 -0.212200 -0.227207 -0.057526 -0.008847 -0.023861  0.182338  0.106539 -0.116582 -0.050419  0.088443 -0.165518  0.072717  0.190461  0.358989  0.057502 -0.025424  0.139714 -0.282896 -0.093558  0.059758  0.099602  0.268572  0.119274  0.015047 -0.024488 -0.266588 -0.070288  0.102204  0.168475  0.234961  0.053635  0.180633  0.077815  0.100214  0.020670 -0.006313
-0.144338  0.024063  0.342817  0.103381  0.088651  0.236940  0.203687  0.024289  0.010323  0.375803 -0.020702 -0.108702  0.112978  0.042176 -0.043537  0.011718 -0.121872 -0.163492 -0.339858 -0.162487  0.120405  0.112515 -0.029137  0.035066  0.067551 -0.000863  0.256580  0.051881  0.268606 -0.192258  0.093817  0.094525  0.079447 -0.132411  0.142589  0.013388 -0.020361  0.118591  0.086257  0.166465  0.126915  0.040463  0.098760  0.166222  0.021709  0.107258  0.012247  0.015642
 0.144338  0.038979 -0.054648 -0.000351 -0.092826 -0.198071  0.054316  0.159661 -0.214340  0.143867 -0.217852  0.027711  0.033766  0.244382  0.094385 -0.001426 -0.056456 -0.171431 -0.051803 -0.079929 -0.118911  0.009158  0.362039  0.014061  0.095119  0.017057 -0.195459  0.102484 -0.220676 -0.115791 -0.165483 -0.168678 -0.109365  0.037503  0.288504  0.210215 -0.166069  0.039547 -0.169330  0.114737 -0.037536  0.092267 -0.148510  0.282569 -0.059657  0.092078 -0.073928 -0.097479
-0.144338  0.106195 -0.293612 -0.181368  0.110782  0.096632  0.097182  0.062076  0.228702  0.017631 -0.250731 -0.155660 -0.265173 -0.149672  0.197175 -0.228486  0.109022 -0.076096  0.180754 -0.239643 -0.045103  0.088755  0.012832 -0.168238 -0.154567 -0.063521  0.018746 -0.087918  0.074914  0.018836 -0.106216  0.134205  0.165292 -0.180453  0.024068 -0.162182  0.055068  0.233372 -0.004519  0.049079 -0.167278  0.080984 -0.141212  0.137200 -0.042213  0.141829 -0.076537 -0.158712
 0.144338  0.142608  0.006866 -0.224733  0.044689  0.046776  0.044395 -0.252246  0.278285  0.048850  0.297704 -0.016465 -0.134665 -0.056921  0.057360 -0.005314 -0.014011 -0.062744 -0.253866  0.022512 -0.169345  0.262929  0.043583 -0.060097 -0.094143 -0.123698  0.001395  0.031889 -0.022677  0.131663 -0.272769  0.030155 -0.238549 -0.040320  0.122493  0.317988  0.155087 -0.136679 -0.144090 -0.094494  0.052575  0.041729  0.209468 -0.115561 -0.145792  0.141627 -0.064709 -0.002382
 0.144338  0.143525 -0.001346 -0.111797  0.167751 -0.198772 -0.145841 -0.077221  0.251372  0.117222 -0.202232 -0.067885  0.044750 -0.027205 -0.301619  0.224205  0.148662  0.107901  0.045469 -0.034005  0.210017 -0.004636  0.135485  0.042607  0.011299 -0.162979 -0.020632 -0.066683  0.099543 -0.210045 -0.108038 -0.040251  0.037442 -0.200565 -0.085527  0.165038  0.115384 -0.222434  0.148355  0.061904 -0.150526  0.116553 -0.084246  0.151023  0.173427 -0.265351 -0.113432  0.200749
 0.144338  0.022408 -0.073431 -0.229238 -0.027589  0.159021 -0.138683  0.064855 -0.054939  0.040954  0.010438 -0.089475  0.120314 -0.043562 -0.110773 -0.195210 -0.107927  0.005872  0.056853  0.140808 -0.224251  0.169741 -0.076900  0.034241 -0.353873 -0.006767  0.028012  0.147658 -0.086984 -0.087018  0.342738 -0.109071  0.116660 -0.028890  0.103263 -0.062058 -0.067842 -0.042569 -0.002935  0.130558  0.166803 -0.047679 -0.047279  0.072251 -0.188217 -0.151736 -0.399060  0.265900
-0.144338 -0.015882  0.243752 -0.164257 -0.149206 -0.022380 -0.202916  0.048132 -0.083765 -0.039959  0.055808  0.231963 -0.054996 -0.138234  0.074314 -0.149324  0.251475 -0.051000  0.127609 -0.056846  0.133470 -0.045185  0.061079 -0.296547 -0.092142  0.007700  0.257637 -0.225494  0.039396  0.106236 -0.086117  0.059494 -0.093538 -0.058937  0.164454  0.186444 -0.216138 -0.146046  0.022684  0.003405  0.349612 -0.141827 -0.155381  0.164008  0.075987 -0.144317  0.034490 -0.023417
 0.144338 -0.103188 -0.074076 -0.278488 -0.045849  0.075048  0.322044 -0.023371  0.045603  0.048054 -0.037855  0.206062  0.305768  0.188422  0.008810 -0.025042  0.098593 -0.129969  0.200038  0.137483  0.057204 -0.034575 -0.135765 -0.235258  0.221778  0.005549  0.200976 -0.151202 -0.011823 -0.073266  0.234651  0.052581 -0.107864 -0.053931  0.000858 -0.051538  0.090880 -0.215407 -0.194534  0.058947 -0.229665  0.149466  0.141404  0.005872 -0.079456 -0.040050 -0.051348 -0.192542
-0.144338 -0.032819  0.055516 -0.088182 -0.132794  0.313978 -0.146762 -0.122859  0.069184  0.021475  0.097498 -0.092533 -0.027278  0.096083 -0.124615  0.407495  0.010005 -0.170592  0.231509 -0.096305  0.005994 -0.016328  0.130914  0.016560 -0.074298  0.135005  0.098868 -0.212179 -0.225031 -0.171022 -0.098272 -0.174208 -0.046641  0.066712  0.151782 -0.124634  0.130726  0.004744  0.097078  0.181867 -0.128689 -0.186359 -0.152268 -0.156962 -0.193428  0.184605  0.095568  0.082084
 0.144338 -0.085664 -0.106681  0.311515  0.088340  0.317997 -0.065197 -0.058534  0.000767  0.140316  0.061911  0.008418  0.212864  0.061756  0.023658 -0.302198  0.115847  0.179866  0.049020  0.184415  0.105664  0.260293  0.064543  0.143161  0.001223 -0.033610  0.121172 -0.030596 -0.117224 -0.099199 -0.260313  0.119128 -0.102751 -0.041088 -0.080555 -0.069930  0.094952 -0.020269 -0.270354  0.006236  0.017121 -0.066256 -0.368036  0.005861  0.149956  0.003311  0.070302  0.019070
-0.144338  0.161866  0.036816  0.138130  0.203451 -0.022543  0.050293  0.030447  0.122799  0.122154 -0.129900 -0.001191  0.047465 -0.045809 -0.081654 -0.119661  0.010738  0.154304  0.135222 -0.022040  0.277488  0.023137  0.230316 -0.261632 -0.199832  0.127782 -0.154565  0.164818 -0.045322  0.023549  0.210509 -0.068641 -0.149306  0.305378  0.075017 -0.105968  0.218307 -0.189316 -0.066104 -0.126845  0.155545  0.087826  0.120995  0.098049 -0.223803  0.113770  0.232827  0.067212
-0.144338 -0.068378 -0.152033 -0.084397 -0.087933  0.233327 -0.222894  0.154692 -0.181105  0.184171  0.050864  0.037528 -0.140402 -0.089348 -0.106869 -0.242963 -0.360301  0.082670  0.108665 -0.090159  0.020703 -0.159894  0.054461 -0.083167  0.183608 -0.149754 -0.001485  0.115211 -0.021772 -0.115555 -0.131504 -0.174659 -0.232467 -0.116576 -0.073161  0.035122  0.266208 -0.041663  0.094128  0.028715 -0.034180 -0.099996  0.287769  0.022279  0.130165 -0.142827 -0.053819 -0.157749
-0.144338 -0.096113 -0.091524  0.046464  0.031686  0.044452 -0.068626  0.058733 -0.091807 -0.033453  0.052789 -0.074750  0.098769  0.286678 -0.018919 -0.099510  0.309020  0.026392 -0.211986 -0.113913 -0.099023 -0.148837  0.082727  0.054353 -0.237636  0.151378 -0.082772 -0.388447  0.325718 -0.051713 -0.103283 -0.110221 -0.111130  0.238012 -0.163784  0.026829  0.140823  0.085469 -0.112232  0.003109 -0.034079  0.010300  0.203506  0.081268 -0.045525 -0.081641 -0.262884  0.011917
-0.144338  0.091662  0.105218 -0.001569 -0.020343  0.126730  0.062414 -0.191493 -0.181335 -0.000218 -0.034106 -0.074615 -0.099056 -0.102229  0.087457 -0.185072  0.061910  0.222504 -0.062149  0.065886 -0.152084 -0.271493  0.143124  0.193980 -0.040809  0.093271 -0.022034 -0.078940 -0.046897 -0.089763  0.149998  0.296777 -0.251961 -0.190711  0.242290  0.032120 -0.148446 -0.141329  0.094193 -0.110300 -0.392327  0.101509  0.006839 -0.008944 -0.099745 -0.063149  0.086974  0.194867
 0.144338  0.281163 -0.032137 -0.021775 -0.056585 -0.077361  0.013813  0.162203 -0.133189  0.098603  0.256410 -0.029505 -0.050185  0.154389 -0.079736  0.000156  0.157346 -0.060766  0.056326 -0.120795  0.197296  0.080112 -0.108564  0.035659 -0.003421 -0.125210  0.008417  0.145998 -0.051446  0.079470 -0.164691  0.340489 -0.204042  0.266488  0.066975 -0.364135 -0.134730 -0.095437  0.280760  0.075288 -0.113101 -0.066321  0.069348  0.044543  0.039382  0.037646 -0.231737 -0.016823
 0.144338 -0.064164  0.126452 -0.030318  0.095773 -0.055842 -0.210157  0.222150  0.015060  0.066883 -0.081635  0.047801  0.052440  0.058126  0.173335 -0.044801 -0.196905  0.049450 -0.185033 -0.105250 -0.034606  0.059811 -0.297128  0.002248 -0.144192  0.068541  0.086424 -0.113521  0.041359  0.132764 -0.090129 -0.135147  0.221492  0.121202  0.304272 -0.058715  0.174344 -0.294373  0.021515 -0.208477 -0.374387 -0.163486 -0.084153  0.097113  0.026628 -0.038140  0.146219 -0.040413
-0.144338 -0.162691 -0.235535  0.195821  0.058338 -0.133036  0.035233 -0.286217 -0.150071 -0.050760  0.043236 -0.114600  0.091591 -0.056391  0.177878 -0.092895 -0.089947 -0.047354 -0.044999 -0.194093  0.158482  0.203650  0.114043 -0.224253  0.199097 -0.196965  0.251038  0.002060  0.029534  0.065410 -0.021836 -0.174225  0.062961  0.175308  0.016684  0.067266 -0.151285 -0.035233  0.117966  0.026198 -0.187012  0.000400 -0.024822 -0.122854 -0.238616 -0.196334 -0.116391  0.259561
 0.144338 -0.171476  0.007323  0.212960 -0.233358  0.245824 -0.066592  0.045987  0.070508  0.030911  0.088577  0.134797 -0.112785  0.193088  0.049915  0.162966  0.131737  0.068488 -0.093525 -0.327575 -0.103452  0.019557  0.087270 -0.291895  0.014821  0.038853 -0.124076  0.182064  0.006432 -0.026784  0.070599 -0.009537  0.070255 -0.312020 -0.152221 -0.157315 -0.079782 -0.196374  0.031792 -0.351290  0.023353  0.154092 -0.046574  0.037029 -0.051858  0.028936 -0.119024  0.093494
 0.144338  0.077651 -0.118159  0.114563 -0.348524  0.003616 -0.154120  0.007014  0.036026  0.288031 -0.176040 -0.155258  0.172689 -0.033715 -0.002112 -0.016643  0.110155  0.012243 -0.122414  0.105503 -0.105615 -0.238764 -0.207543 -0.259505 -0.152196 -0.042385  0.049396  0.103901 -0.043228 -0.048372 -0.125441  0.191024  0.063244  0.117059 -0.159723  0.242424  0.006143  0.086468  0.167897  0.136098 -0.020234  0.058922 -0.021816 -0.118416 -0.272941 -0.067122  0.237402 -0.092799
 0.144338 -0.004575 -0.013343  0.053072 -0.163318 -0.166004  0.041864 -0.091610  0.031383 -0.042150 -0.103289 -0.116931 -0.065519  0.138966 -0.183284 -0.119453 -0.251961 -0.309110  0.123351 -0.009121  0.081459  0.225748 -0.074796  0.075664 -0.165404  0.256677  0.005187 -0.084770  0.219014  0.016045 -0.087839 -0.037464 -0.338824 -0.232530 -0.063784 -0.150155 -0.108501  0.098193  0.025124 -0.181825  0.018772 -0.026838  0.001730  0.022346 -0.154614 -0.282716  0.236893 -0.006322
-0.144338 -0.213087  0.039552  0.202573 -0.062942  0.139215  0.182771  0.130096  0.077523 -0.253432 -0.105920 -0.084763  0.219272 -0.146415 -0.138275  0.026958 -0.010693 -0.105359  0.036456 -0.066181 -0.142626  0.100224  0.024322 -0.047121 -0.156906 -0.260590 -0.358934  0.008686  0.143844  0.050816 -0.119601  0.103697 -0.038923 -0.019161  0.247585 -0.022020 -0.060183 -0.310715  0.030853  0.263367  0.017896  0.010021  0.031750 -0.180158  0.090393 -0.141088  0.029287 -0.150422
 0.144338  0.264866  0.147267  0.088179  0.065990  0.103353 -0.068881 -0.037672  0.246236 -0.291853  0.111174 -0.082441  0.073503 -0.027000 -0.133931 -0.274179  0.156386  0.053608 -0.082822 -0.000537  0.023839 -0.229683 -0.071535 -0.035998  0.235840  0.027218  0.035866  0.127690  0.100825 -0.158152 -0.049088 -0.410736 -0.020174 -0.008663  0.202640 -0.095428 -0.143610  0.095268  0.079469 -0.028033 -0.025095  0.045929 -0.123595 -0.075124 -0.166395 -0.024458 -0.076240 -0.273423
-0.144338  0.003193 -0.083449 -0.189644  0.077482 -0.094679 -0.025817  0.124876 -0.020930 -0.050926  0.164031  0.107869  0.105790 -0.010928 -0.021036 -0.074101 -0.184345  0.070995 -0.197838  0.150790  0.066649  0.141300 -0.087949 -0.258958  0.200676  0.121833 -0.407581 -0.170699  0.152251 -0.278520 -0.010578  0.142487 -0.055733 -0.078800 -0.127448  0.046187 -0.039791 -0.031006  0.179795  0.028858 -0.020693 -0.173120 -0.297845  0.010024 -0.179449  0.224035 -0.006642  0.097426
 0.144338  0.296205 -0.055990 -0.088335 -0.197201  0.195071  0.323120  0.000078 -0.168401  0.002144 -0.136143  0.183527 -0.024394  0.048832  0.103245 -0.005631 -0.056756  0.318507 -0.086469 -0.019048  0.141030  0.226130  0.141087  0.011594 -0.112359  0.200876 -0.032268 -0.179431  0.008166  0.111733 -0.031299 -0.214721  0.115021 -0.005770 -0.002700  0.076497  0.031885  0.010516  0.324736  0.098145  0.058122  0.090663 -0.008566 -0.268801  0.141821 -0.094041 -0.003357 -0.085105
 0.144338 -0.096385  0.393941 -0.034001 -0.067206 -0.233663 -0.137712 -0.325546 -0.003834  0.043885  0.077649  0.047377  0.162433  0.137303  0.200698 -0.122987 -0.116137  0.261262  0.272454 -0.190339 -0.181250  0.013776  0.046364 -0.039260 -0.000014 -0.092758 -0.128672  0.012223  0.166080  0.105466  0.000669  0.034044 -0.040888 -0.053903 -0.028632 -0.148800  0.235002  0.149766  0.090799  0.295456  0.007681  0.095377 -0.055723  0.045706 -0.031750  0.088998 -0.010685 -0.019392
 0.144338 -0.025729 -0.144118 -0.039076  0.149617 -0.080596 -0.014983 -0.121393 -0.103640  0.140944 -0.165001  0.372347  0.090954 -0.342011 -0.013375  0.090905 -0.039916 -0.106054 -0.189156  0.106971 -0.191903 -0.208273  0.144656 -0.049543 -0.075197  0.021283  0.126223 -0.012812  0.164914 -0.053655 -0.262535 -0.085784 -0.061938 -0.008787  0.023627 -0.473645 -0.059723 -0.053995  0.000707  0.035641  0.111458  0.062952  0.024866 -0.106262 -0.015707  0.115243  0.001111  0.107730
 0.144338 -0.098906  0.220084  0.242709  0.076325 -0.112267  0.244044  0.088507  0.120366  0.145687  0.158125 -0.044097 -0.003257 -0.351216  0.012656  0.102175 -0.098345  0.179743  0.066472  0.007209  0.019800 -0.024123  0.055450 -0.159458 -0.131709  0.203357 -0.025646 -0.173757 -0.261617 -0.064891 -0.102071 -0.009282  0.005157 -0.067740 -0.131672 -0.001108 -0.150965  0.099657 -0.073475  0.050911 -0.169857 -0.254744  0.163171  0.125913 -0.115581 -0.140880 -0.265329 -0.168711
-0.144338 -0.354040 -0.052811 -0.051489  0.034822 -0.039193  0.179049 -0.123048 -0.035080  0.251965 -0.150043  0.036079 -0.076631  0.069463 -0.187062  0.009433  0.355965  0.219812  0.076229  0.198193 -0.079162  0.136398 -0.223766  0.081349  0.055735 -0.035673 -0.067491  0.149042  0.025675  0.168356 -0.102384 -0.244007 -0.087331 -0.082785  0.152718  0.015978 -0.046638  0.059330  0.284774 -0.107558  0.014632 -0.200592  0.043636  0.148698 -0.112623  0.128842 -0.011196 -0.044473
 0.144338 -0.231418 -0.080378 -0.029878 -0.047860 -0.217991  0.028556  0.317619  0.217848  0.110296  0.074910 -0.226638  0.022747 -0.026947 -0.000628 -0.247164  0.114873 -0.077724 -0.088866 -0.074587  0.037833 -0.136007  0.262712  0.103471  0.119050  0.233274  0.134746  0.002668 -0.020557  0.256924  0.138039 -0.029589 -0.069129 -0.179716 -0.018040  0.005122  0.098203 -0.154371  0.126914  0.191471  0.037044 -0.110316 -0.045795 -0.288575  0.057457  0.190578  0.003890  0.141877
-0.144338 -0.156914  0.071667 -0.148245 -0.154294  0.099978  0.073339 -0.152516  0.230392  0.019923  0.097305  0.104804 -0.029288  0.153012  0.103981 -0.140278 -0.167675 -0.096178  0.057173  0.233371  0.304089 -0.222866  0.083809  0.029389 -0.242060  0.134069 -0.079371  0.312699  0.134551  0.039753 -0.245150 -0.071384  0.199748  0.089745 -0.113697  0.044800 -0.239960 -0.091429 -0.033044  0.092862 -0.209309  0.041792  0.009703  0.061888  0.128037  0.066910 -0.080837  0.101105
-0.144338 -0.109844 -0.012703 -0.214689  0.065808  0.058354 -0.013791  0.133799  0.054565  0.024568 -0.047185 -0.214049  0.206994 -0.025609  0.153598  0.209747 -0.127906  0.235236 -0.116437 -0.120349  0.219641 -0.137229 -0.295639  0.009701 -0.006067  0.045431 -0.037545 -0.016759 -0.188895  0.198841 -0.157914 -0.080150 -0.322155 -0.081997  0.055776 -0.101310 -0.105312  0.108918 -0.126472  0.007261  0.156886  0.363924 -0.134242 -0.038678 -0.023697 -0.091659 -0.095147  0.100782
-0.144338  0.103566 -0.136276  0.248994 -0.351570 -0.154030  0.178997  0.202920  0.344001  0.036341  0.088803  0.302342 -0.011368 -0.078296  0.107632  0.059029 -0.100352  0.089856  0.097032 -0.015187 -0.099044 -0.032562 -0.124660  0.151147 -0.087579 -0.194731  0.159814 -0.042552  0.146326 -0.150093  0.130788 -0.125649 -0.262539  0.105996  0.096911  0.087597  0.086162  0.093325  0.015180 -0.038745 -0.045037  0.015982 -0.156622  0.074953  0.056413  0.080757 -0.083528  0.189793
 0.144338  0.017022 -0.070552  0.164540  0.028037  0.058510  0.068216  0.174824 -0.288478 -0.041700  0.370308  0.022645 -0.063103 -0.111183 -0.214492  0.024540 -0.001646 -0.067717  0.133778  0.156298  0.142562 -0.109556 -0.027963 -0.036568 -0.075398 -0.097979 -0.028957 -0.138486  0.134242  0.267556 -0.081770 -0.091423  0.184084 -0.212393  0.116674  0.098134  0.149210  0.085287 -0.008510  0.097290 -0.086028  0.340674 -0.028096  0.210153 -0.204020  0.122272  0.106707  0.151145
-0.144338  0.192811  0.019973 -0.010429 -0.189225 -0.101511 -0.039023  0.016573  0.011070  0.179602  0.147442 -0.091695 -0.179306 -0.004584  0.153710 -0.004464  0.249907  0.010190 -0.152676  0.149784 -0.038637  0.150519 -0.098126 -0.153280  0.107278 -0.021412 -0.193088 -0.002144 -0.028961 -0.032716  0.065222 -0.252348  0.043951 -0.118088  0.026701 -0.287936 -0.034936 -0.013647 -0.304916  0.304546 -0.100256 -0.054447  0.134125  0.001922  0.149267 -0.226248  0.253562  0.187516
 0.144338 -0.112418  0.294069 -0.096204 -0.121736  0.136632 -0.003028  0.051252  0.000672  0.292063 -0.098543  0.019144 -0.074366 -0.284847  0.041056 -0.138961  0.117708 -0.281089  0.125160 -0.003007  0.112903  0.038585 -0.014318  0.101413  0.192738 -0.097442 -0.331731 -0.150843  0.043969 -0.006952  0.021630 -0.037574  0.028589  0.270422  0.008449  0.027443  0.054947  0.156228 -0.022764 -0.277886 -0.050990  0.144624 -0.080289 -0.236038 -0.011502 -0.080288 -0.137665  0.154663
-0.144338  0.215654  0.124348  0.023623 -0.177930 -0.030285  0.063218  0.048035 -0.159898 -0.242434 -0.110940 -0.150749  0.385377 -0.202472  0.175139  0.001975  0.150807 -0.172418  0.107039  0.061576 -0.061936  0.096257 -0.050770 -0.034934  0.070001  0.220624  0.047350  0.212306 -0.048805 -0.027653 -0.241660 -0.053707  0.004203 -0.155173 -0.084457  0.026808  0.289740 -0.022881  0.083803 -0.173032 -0.046189 -0.064452  0.142935  0.137291  0.095950  0.130134 -0.130665  0.214689
 0.144338  0.069732 -0.069793  0.028139  0.150505  0.213036  0.172848 -0.165726  0.035941  0.059946  0.079299 -0.207419 -0.000605 -0.010048 -0.015669  0.072689 -0.098434 -0.147951  0.003206  0.052070 -0.276445 -0.175209 -0.009999 -0.307245  0.057523  0.085661 -0.061967 -0.018191  0.062760  0.255489  0.130215 -0.086963 -0.200558  0.210218 -0.049943  0.053336  0.002238  0.029699  0.160869 -0.009175 -0.020204 -0.093332 -0.254645  0.250440  0.409256 -0.077509  0.041983  0.102073
 0.144338 -0.029231  0.005560  0.129357  0.215841 -0.005901 -0.072935  0.003567 -0.115338  0.046744  0.029761 -0.166235 -0.072655  0.004505  0.452813  0.019023  0.065409 -0.160961  0.142321  0.122726  0.097398 -0.005164 -0.144852  0.060721 -0.224758 -0.170206 -0.045193 -0.117168  0.000552 -0.275671  0.107660 -0.248458 -0.172881 -0.110495 -0.157010  0.069634 -0.157060 -0.234152  0.226045  0.026631  0.081275  0.100913  0.103096 -0.044158  0.076084  0.241168  0.045916 -0.110908
-0.144338  0.139681  0.190685  0.119350  0.092721  0.019161 -0.017626  0.220909 -0.024638  0.085962 -0.153856 -0.149324 -0.271221  0.159480  0.111401  0.173587 -0.107812  0.084537  0.185508  0.367372 -0.199589  0.039792  0.074892 -0.076424  0.188008  0.059334  0.171482  0.045076  0.287647  0.126985 -0.133707  0.046069 -0.013834  0.032424 -0.075888 -0.015610  0.023002 -0.206351 -0.083360  0.020405  0.042111  0.068775 -0.145051 -0.166827 -0.207022 -0.090205 -0.242585 -0.048477
-0.144338 -0.020060  0.208375 -0.246738  0.037461 -0.140739  0.228352  0.142998 -0.227779  0.043378  0.168171 -0.079381 -0.000615 -0.084075 -0.252705 -0.074439  0.063454  0.056664 -0.000566 -0.203735 -0.216115  0.087188  0.026206 -0.014333 -0.208907 -0.109423  0.180817  0.169063 -0.016226 -0.140196 -0.047378 -0.177924 -0.032488  0.102155 -0.342077  0.019493 -0.066612 -0.087318 -0.094493 -0.086152 -0.168793  0.143714 -0.267197 -0.132637  0.047643  0.047284  0.183817 -0.086363
-0.144338  0.256532 -0.128556  0.154128  0.004732 -0.027285 -0.175843 -0.226936 -0.131100  0.254352 -0.023052  0.125912  0.100286 -0.153267 -0.123368  0.045548  0.014290 -0.091015  0.085897 -0.241466  0.067098 -0.000544 -0.212662  0.114133 -0.010495  0.222975 -0.130541  0.061477  0.141829  0.242607  0.161983 -0.067719 -0.045729 -0.124920 -0.054678  0.166657 -0.109154 -0.180446 -0.238122  0.104187 -0.112636 -0.074512 -0.128040 -0.130240  0.023103  0.168197 -0.210328 -0.195592
 0.144338
