10 16
-0.057741  0.000000 -0.707107 -0.000000  0.000000  0.000000 -0.173223  0.000000  0.000000 -0.000000 -0.023527  0.008768 -0.029360  0.594887  0.038025 -0.331408
 0.057741 -0.000000 -0.707107  0.000000 -0.000000 -0.000000  0.173223 -0.000000  0.000000  0.000000  0.023527 -0.008768  0.029360 -0.594887 -0.038025  0.331408
 0.000000 -0.000000  0.000000  0.000000 -0.230963 -0.000000 -0.000000  0.000000 -0.000000  0.707107  0.032166 -0.078066  0.285075 -0.203290  0.446163 -0.343323
 0.057741 -0.000000 -0.000000  0.000000 -0.000000 -0.000000 -0.173223  0.000000 -0.707107 -0.000000 -0.103927 -0.397788  0.165872 -0.147967 -0.429628 -0.252261
 0.938070  0.000000 -0.000000 -0.000000 -0.000000  0.000000 -0.000000 -0.000000  0.000000 -0.000000 -0.300095 -0.006302 -0.070170  0.085486  0.129077  0.032174
-0.057741  0.000000 -0.000000  0.000000  0.000000 -0.000000  0.173223 -0.000000 -0.707107  0.000000  0.103927  0.397788 -0.165872  0.147967  0.429628  0.252261
-0.000000 -0.707107 -0.000000 -0.000000 -0.057741  0.173223 -0.000000  0.000000 -0.000000  0.000000 -0.117761  0.189077  0.574259  0.154087 -0.110846  0.226360
 0.000000 -0.000000 -0.000000 -0.000000  0.000000 -0.938070  0.000000  0.000000 -0.000000 -0.000000 -0.102808  0.251479  0.180738 -0.016940 -0.106143 -0.044648
-0.230963 -0.000000 -0.000000 -0.000000 -0.000000 -0.000000 -0.000000 -0.707107  0.000000  0.000000 -0.629526 -0.114436 -0.093691 -0.012111  0.145212  0.085126
-0.000000 -0.000000  0.000000 -0.000000 -0.230963 -0.000000  0.000000 -0.000000 -0.000000 -0.707107  0.032166 -0.078066  0.285075 -0.203290  0.446163 -0.343323
 0.000000  0.000000  0.000000 -0.000000 -0.000000 -0.000000 -0.938070  0.000000 -0.000000  0.000000  0.047071  0.143672 -0.050416 -0.165055  0.144626  0.215559
 0.000000  0.000000  0.000000 -0.000000  0.938070 -0.000000 -0.000000  0.000000 -0.000000 -0.000000  0.021115 -0.075715  0.221521 -0.056520  0.227790 -0.098445
 0.000000 -0.000000 -0.000000  0.707107  0.057741  0.173223 -0.000000 -0.000000  0.000000 -0.000000 -0.160614  0.491853 -0.084875 -0.199957 -0.176558 -0.347252
 0.000000 -0.707107  0.000000  0.000000  0.057741 -0.173223 -0.000000 -0.000000 -0.000000 -0.000000  0.117761 -0.189077 -0.574259 -0.154087  0.110846 -0.226360
-0.230963  0.000000 -0.000000 -0.000000  0.000000 -0.000000  0.000000  0.707107  0.000000  0.000000 -0.629526 -0.114436 -0.093691 -0.012111  0.145212  0.085126
 0.000000 -0.000000 -0.000000 -0.707107  0.057741  0.173223 -0.000000 -0.000000 -0.000000 -0.000000 -0.160614  0.491853 -0.084875 -0.199957 -0.176558 -0.347252
 0.938070
