1 35
-0.169031  0.106127 -0.058026 -0.167132  0.076909  0.029101 -0.262021 -0.191122  0.050541  0.216174 -0.004868  0.223993 -0.152683  0.250909 -0.123068  0.011748  0.029712  0.036785 -0.248246  0.033061  0.079280 -0.165463  0.326773  0.216705  0.202219  0.096954  0.007299  0.201962  0.145449 -0.118130  0.287214  0.115994 -0.250261  0.241833 -0.142211
-0.169031 -0.387131  0.008862 -0.087318 -0.345012 -0.315402  0.009175 -0.178720  0.277006 -0.243028  0.043666  0.378254 -0.270416  0.014368  0.069342 -0.016642 -0.048966 -0.046576  0.016530  0.079797 -0.062063 -0.017983 -0.090000 -0.077656  0.255421 -0.086065 -0.104390  0.132081 -0.027975  0.070765  0.025523 -0.063190  0.200075 -0.150864 -0.019912
 0.169031  0.131660  0.132289  0.091771  0.205801 -0.021230  0.170533 -0.131027  0.008754 -0.140719  0.072779  0.096752  0.066808  0.043339 -0.069475 -0.048119  0.058606  0.068690  0.129998 -0.036446 -0.041787 -0.364919  0.046110  0.451149  0.087609 -0.336077  0.094078  0.105658 -0.101386 -0.190882 -0.178115 -0.135849  0.012236 -0.338257 -0.268408
-0.169031  0.043608  0.122498  0.072122  0.128195  0.031058 -0.019633  0.113874 -0.074002 -0.129126  0.428389 -0.123727 -0.119941  0.138909  0.014752 -0.129348  0.085340 -0.119641  0.153890  0.220826  0.519971  0.136856 -0.153823 -0.006506  0.233462  0.180919  0.253007 -0.011334  0.050050 -0.190778  0.142768 -0.028581  0.108947 -0.124213  0.036613
 0.169031  0.126971 -0.129911 -0.019722  0.028982  0.011680  0.217161 -0.003697 -0.155254 -0.068141  0.054295  0.078425 -0.114285  0.194649 -0.376864  0.056989 -0.068242 -0.174728 -0.091702 -0.062315  0.172071  0.088509  0.088231 -0.249485  0.142378  0.035585  0.000375  0.382536 -0.291861  0.304483 -0.336070  0.058532 -0.177219 -0.049360  0.069978
 0.169031 -0.177610 -0.344518 -0.386007  0.240490 -0.051446  0.231541 -0.300402  0.069760  0.142532  0.179484 -0.171628  0.024330 -0.141832 -0.099253  0.004041 -0.043204 -0.081069  0.137927  0.017628 -0.097157 -0.010328  0.092202 -0.259481  0.060260 -0.142135  0.197147 -0.138289  0.183196 -0.001648  0.249748  0.060754 -0.093264 -0.216283 -0.018565
-0.169031  0.036634  0.011216  0.014375  0.167835 -0.316162  0.231011  0.127919 -0.097823  0.138483 -0.448395  0.089178 -0.030270 -0.241141 -0.099802 -0.096246  0.278778  0.091171  0.070383  0.143263  0.318668 -0.121655  0.028009 -0.182339 -0.073731  0.045847 -0.262932  0.118282  0.154247 -0.148391  0.011250  0.158374  0.006185 -0.174290 -0.043167
 0.169031 -0.182831  0.018496 -0.024815  0.140512 -0.121307 -0.093651 -0.034604  0.220176 -0.210271 -0.083367 -0.181426  0.036443 -0.087641  0.100383 -0.304030  0.095908 -0.103028  0.187344 -0.285075  0.100927 -0.262322  0.201866 -0.003972 -0.183274  0.288778  0.148782  0.291980 -0.255197  0.063186  0.160397 -0.024594  0.128885  0.230010  0.057097
 0.169031  0.069745  0.081378 -0.187945 -0.091015 -0.088279  0.025262  0.045252 -0.047102  0.115959 -0.277288 -0.352344 -0.054861  0.001744  0.285524  0.145059 -0.303005 -0.102081 -0.258262  0.049626  0.019747 -0.148739  0.047526 -0.069520  0.355549  0.270524  0.064639  0.072606  0.056631 -0.160399 -0.154261 -0.258662  0.133885 -0.134326 -0.133881
 0.169031 -0.096830  0.331366 -0.185120  0.063349 -0.225107 -0.187795  0.106503 -0.203486 -0.145115  0.107958  0.242942  0.164193 -0.144407 -0.020919  0.164431  0.039807  0.318983 -0.001791 -0.248320 -0.078940  0.209325  0.066565 -0.088222  0.019063  0.140057  0.194575  0.162338  0.183146 -0.138934 -0.013444 -0.127106 -0.260912 -0.150806  0.191835
-0.169031  0.126622 -0.170034  0.190609  0.055805 -0.496706 -0.110214  0.034530 -0.042760 -0.104640  0.033301 -0.274641 -0.002553  0.152860  0.091901  0.029255  0.049218  0.060286 -0.060662  0.310572 -0.152739 -0.150991 -0.027846 -0.039716 -0.108639 -0.249649  0.246321  0.164105  0.167368  0.197963 -0.049063 -0.196927 -0.170656  0.135007  0.181247
-0.169031  0.085420 -0.128802  0.049312 -0.077453  0.081121 -0.006036  0.210170  0.056497 -0.059952 -0.139434  0.231567  0.088058 -0.129001  0.004344 -0.240703 -0.206322 -0.521778  0.036976 -0.130763 -0.003219  0.171314  0.095322 -0.103374 -0.122083 -0.201458  0.168753  0.094612  0.151643 -0.276242  0.000670 -0.304085 -0.203663  0.022642 -0.130450
 0.169031  0.152955 -0.254803  0.119677  0.159052 -0.415105 -0.021470  0.109694  0.213184  0.034323  0.121103  0.116349 -0.020241  0.258815 -0.045393 -0.207966 -0.285704  0.192098  0.095159 -0.234258  0.074928  0.125380  0.094870 -0.004435  0.048707  0.145718 -0.188604 -0.346246  0.106601 -0.102531 -0.200655  0.002143  0.070293  0.079792 -0.076277
-0.169031 -0.097490 -0.123421 -0.361219  0.283413  0.185572  0.178629  0.268220  0.138442  0.085777  0.090411  0.247161  0.189035  0.201109 -0.007580  0.168547  0.006333  0.096676  0.012785  0.109622  0.000386 -0.163739 -0.140276  0.021750 -0.178067  0.126865 -0.047694  0.141796  0.106719  0.099893 -0.114206 -0.369693  0.262750  0.125449  0.051010
-0.169031 -0.148354 -0.101711  0.311763  0.182631  0.060751  0.204718 -0.281317 -0.475691 -0.054261  0.177468  0.088138 -0.015413 -0.176750  0.099936 -0.087536 -0.128878  0.055773  0.043907 -0.011927 -0.260305 -0.027619  0.044780 -0.091553  0.118718  0.200660 -0.058673  0.167211  0.143944 -0.135975 -0.125240  0.000098  0.163877  0.286952 -0.124967
-0.169031  0.056917  0.127244  0.105106 -0.209648 -0.054306  0.200128  0.183302  0.146241 -0.094210  0.158025 -0.143204  0.434840  0.097837 -0.227094 -0.076162  0.137828 -0.041338 -0.193944  0.010352 -0.242709  0.059587  0.368522 -0.046494  0.069447  0.156877  0.028626  0.046056  0.172253  0.120163  0.105026  0.151381  0.221683 -0.185750 -0.188929
 0.169031  0.104746  0.356703  0.099985  0.072105 -0.121402 -0.034433  0.063047  0.123205  0.459214  0.189333  0.212834 -0.082171 -0.140243  0.235315  0.105800 -0.077105 -0.147642  0.150086  0.058085  0.044719 -0.004174  0.059853 -0.141364 -0.079982 -0.116293  0.197246  0.112721  0.110348  0.304844 -0.079180  0.178779  0.142593  0.110992 -0.266807
-0.169031 -0.080847  0.003802 -0.122701  0.235391  0.031170 -0.073075 -0.182724  0.163522 -0.079461 -0.049455 -0.035662  0.029505 -0.100784  0.078265 -0.173815 -0.108473 -0.062538 -0.426843 -0.090649  0.102656  0.137950 -0.110979  0.196151 -0.137695 -0.060932  0.195616  0.079176  0.200082 -0.000731 -0.396445  0.389812  0.145936 -0.103447  0.189121
-0.169031  0.092809 -0.026095 -0.085957 -0.213279 -0.159021  0.107826 -0.366476 -0.047367 -0.052706 -0.101970 -0.011876  0.478241  0.073229  0.100293  0.372286 -0.156979 -0.090737  0.318222 -0.094257  0.349084  0.090744  0.047142  0.163776 -0.005505 -0.029255 -0.003870  0.021751  0.012390  0.011748 -0.029433  0.077715  0.017789  0.163349  0.044838
 0.169031 -0.021834 -0.372463  0.215391 -0.084698  0.242907  0.024384  0.028148  0.088995 -0.068670 -0.198489  0.169155 -0.081197  0.095662  0.325745  0.061583  0.083986  0.143833  0.223092  0.215253 -0.013370  0.166397  0.203576  0.150976 -0.060097  0.281962  0.212074  0.125714  0.172578  0.122701 -0.059103  0.090659 -0.101976 -0.291838  0.003079
 0.169031  0.084397  0.185802  0.006099  0.042030  0.042526  0.331551 -0.076865  0.288436 -0.334666  0.201543 -0.070810 -0.218985 -0.054470  0.155339  0.267219  0.038656 -0.051548 -0.168391  0.183193  0.067187  0.062167  0.244860 -0.079494 -0.267307 -0.008009 -0.254669 -0.003483  0.105070 -0.249428 -0.036101 -0.010601 -0.174237  0.201170  0.021099
-0.169031 -0.001383  0.040462  0.008031 -0.270686  0.075363  0.244039 -0.162508  0.044500  0.153322  0.191603 -0.089559  0.005542 -0.067526  0.160443 -0.313546 -0.068918  0.301178 -0.156527 -0.210852  0.245770 -0.101699 -0.143220 -0.007130 -0.170704  0.098473 -0.047943  0.037105  0.080168  0.255589 -0.001344 -0.239057 -0.363707 -0.114929 -0.182523
-0.169031 -0.185644 -0.028024  0.403283  0.328588 -0.003939 -0.296538 -0.174388  0.214872  0.025981  0.005023 -0.045900  0.057840 -0.133398 -0.177784  0.391234 -0.046093 -0.141089 -0.115614 -0.073557  0.078671 -0.009695 -0.023234 -0.075974 -0.074478  0.198076 -0.110600 -0.075289 -0.068181  0.111297  0.022406 -0.226575 -0.096737 -0.269651 -0.159355
 0.169031  0.040115 -0.069053  0.163780  0.039399 -0.131296  0.293145  0.156527  0.111530 -0.040805 -0.064862  0.127961  0.094856 -0.191127 -0.147790  0.077713 -0.384105  0.082508 -0.201559  0.134412 -0.019998  0.038439 -0.373383  0.224341  0.012922  0.120759  0.168519  0.140167 -0.122061 -0.016170  0.426012  0.153188 -0.057355  0.099816 -0.009451
 0.169031 -0.337152  0.024287  0.009976  0.006860 -0.177139  0.091536 -0.034867 -0.276439  0.196937  0.015832  0.094422  0.051533 -0.044837 -0.003244 -0.137834  0.012236 -0.115719 -0.248081  0.251423  0.182272  0.225795  0.364093  0.325050 -0.140354 -0.040440 -0.014145 -0.196882 -0.181932  0.119890  0.041597 -0.273536  0.095247  0.002869  0.117797
-0.169031  0.084620 -0.178701 -0.160142 -0.172244 -0.205745 -0.045975 -0.051074  0.035547  0.247959  0.178318 -0.065920 -0.075596 -0.054753 -0.031495  0.093087  0.142084  0.071870  0.011018  0.084143 -0.173007  0.194585 -0.057238  0.030486 -0.318362  0.186004  0.154653  0.140390 -0.433646 -0.386450 -0.169715  0.046256  0.031493 -0.067812 -0.233770
-0.169031 -0.142995  0.149181 -0.256326  0.139939 -0.111428 -0.035083  0.183843 -0.284357 -0.208264 -0.010124 -0.131509 -0.172215  0.201887  0.064934  0.007022 -0.312113 -0.181119  0.193974  0.029511 -0.137193  0.018545 -0.004963  0.191321 -0.260480  0.112791 -0.200904 -0.008519  0.028707  0.192293  0.082030  0.224322 -0.181533 -0.176614 -0.274172
 0.169031  0.103115  0.102712  0.116270 -0.158895 -0.030467 -0.045347 -0.218981 -0.085148  0.192861  0.120562  0.160087  0.093285  0.246966 -0.033708 -0.106331 -0.124037 -0.269736 -0.007052  0.089596 -0.101716 -0.332022 -0.120406 -0.098204 -0.298137  0.218959 -0.131908  0.040232  0.114893 -0.184222  0.071002  0.051614  0.029202 -0.271572  0.409337
-0.169031 -0.251940  0.285727  0.085319  0.221322  0.024001  0.221406 -0.045984  0.176845  0.120139 -0.187968  0.066011  0.208861  0.331711  0.188630 -0.131867 -0.010084  0.025051  0.045948  0.146242 -0.153965  0.029908 -0.008458 -0.193312  0.175702  0.032540  0.153219 -0.167436 -0.308047 -0.121601 -0.096556  0.097681 -0.347403  0.057945  0.063400
 0.169031 -0.019772  0.013434 -0.116110 -0.087343  0.106180 -0.322008 -0.120070 -0.039277 -0.269181 -0.043361  0.113442  0.254337 -0.090910 -0.173851 -0.176349 -0.194531  0.185083 -0.030475  0.478486  0.156078 -0.158585  0.006687 -0.274093 -0.133732  0.018989  0.075555 -0.119245 -0.029806 -0.002552 -0.142523  0.041412 -0.006527  0.088087 -0.319041
-0.169031  0.064141 -0.200396  0.034232  0.071451  0.058149 -0.092211  0.226825 -0.103095 -0.034946  0.203193  0.095224  0.123741 -0.079737  0.389176  0.082480 -0.245028  0.165708 -0.158501 -0.072738  0.128016 -0.185382  0.280399 -0.205454  0.009557 -0.259112 -0.117945  0.065865 -0.332178 -0.059566  0.163379  0.169940  0.068836 -0.214722  0.141853
-0.169031  0.004468 -0.071322 -0.072579 -0.136267 -0.055635  0.071289  0.208696  0.017585 -0.025661  0.153465  0.115929 -0.062603 -0.381631 -0.087642  0.104935  0.014660 -0.160506  0.077369  0.037356 -0.024476 -0.418435  0.124161  0.171697  0.140536  0.262382  0.165137 -0.357127 -0.032613  0.080797 -0.268147  0.112919 -0.236863  0.078660  0.180719
-0.169031 -0.126827  0.169791  0.076221 -0.076936  0.158301 -0.010952  0.039767  0.180835  0.198232 -0.037292 -0.233787 -0.172363 -0.103604 -0.339320 -0.040559 -0.438446  0.277478  0.311315  0.124228 -0.002634  0.044853  0.268114  0.065275 -0.030350 -0.104593 -0.003366  0.190970  0.050351 -0.102984 -0.080202 -0.058261  0.057105 -0.027698  0.260142
 0.169031 -0.563283 -0.130528  0.176164 -0.214449  0.012972  0.019875  0.256835 -0.086838  0.097830  0.053140 -0.118757  0.014230  0.233620 -0.083997  0.202971  0.050293  0.006382 -0.082684 -0.172137  0.196533 -0.214448 -0.066672 -0.033681 -0.101864 -0.161665  0.116462  0.046357  0.177721 -0.236855 -0.104537  0.190920 -0.057263  0.109300 -0.157282
 0.169031 -0.135635 -0.112940 -0.042392  0.027772 -0.017245 -0.183800  0.117337  0.146840  0.137723  0.234692 -0.137736  0.313334 -0.184838  0.120420 -0.151007  0.074091 -0.135374  0.098371  0.205077 -0.051304  0.101207 -0.132790  0.178087  0.263226 -0.009390 -0.465815  0.305489  0.032790 -0.031823 -0.134853  0.060468 -0.249734  0.032252  0.028979
 0.169031
