10 44
-0.054045 -0.000000 -0.443267 -0.000000  0.000000  0.000000  0.000000  0.000000 -0.000000  0.000000  0.060551  0.048859 -0.177743 -0.292709  0.062981  0.169873  0.182929  0.011734  0.170873  0.104510  0.015012  0.022943  0.027906  0.126303  0.173902 -0.004756 -0.195056  0.354524 -0.029660 -0.025506 -0.092272 -0.123714 -0.312621 -0.255122  0.024145  0.037559  0.084997  0.206288 -0.086485 -0.225636  0.013954 -0.143934 -0.162007  0.117275
-0.000000 -0.000000  0.000000 -0.000000  0.073219  0.030759 -0.000000  0.000000 -0.000000  0.393334 -0.076775  0.198469  0.015524 -0.130469 -0.189282  0.135705 -0.190959 -0.175079  0.070498 -0.097021 -0.073665 -0.177915  0.041319 -0.296212 -0.206880  0.199136 -0.001841  0.036122 -0.062043 -0.096190  0.217205  0.063097 -0.161685 -0.015657  0.220902 -0.143820  0.100433  0.035374  0.352903  0.074039  0.246116 -0.089222 -0.240239 -0.051553
 0.000000  0.000000  0.000000 -0.000000 -0.000000 -0.497312 -0.000000 -0.000000 -0.000000  0.000000  0.034692 -0.119534  0.013172 -0.035625 -0.050790  0.010857  0.099903 -0.082474 -0.184763 -0.271824  0.210856  0.232935  0.442124  0.018929 -0.052481  0.136407  0.237949 -0.006845 -0.005398 -0.000107 -0.089338  0.191951  0.056461 -0.223855  0.055970  0.013199 -0.054368  0.125644 -0.090202  0.184841  0.044119 -0.089960 -0.152697  0.199500
-0.000000  0.000000 -0.000000  0.000000  0.000000  0.000000  0.497312  0.000000 -0.000000 -0.000000  0.116619 -0.340718 -0.140200  0.065466 -0.035316 -0.097838  0.183875 -0.040197 -0.271980  0.084182  0.031911  0.282122 -0.184145 -0.216926 -0.216399  0.073665 -0.083848  0.134972 -0.086015 -0.007671 -0.113326 -0.131229 -0.140850  0.192735  0.201087 -0.025480 -0.016499  0.202276  0.095765 -0.024098  0.135070  0.086335  0.115286 -0.084524
 0.000000  0.000000  0.000000 -0.000000  0.000000 -0.000000  0.497312 -0.000000  0.000000 -0.000000 -0.131156  0.174817  0.212447 -0.101761  0.091479  0.106460 -0.220121  0.034846 -0.041952 -0.007195 -0.069407  0.009771  0.007944  0.105887  0.059425  0.050787  0.045906  0.108186 -0.095255  0.260492  0.138875  0.030431  0.254586 -0.354852  0.244979 -0.049470 -0.168267 -0.128552 -0.094479 -0.255561 -0.001415  0.268041  0.024351  0.016770
 0.000000  0.000000  0.000000 -0.000000  0.000000  0.497312 -0.000000  0.000000 -0.000000  0.000000  0.099089 -0.103882 -0.183183  0.006125  0.124132  0.051459 -0.184694 -0.215538  0.107377  0.252752  0.037909  0.132458  0.071329 -0.054769 -0.111173  0.158589  0.364910 -0.037851 -0.085852 -0.317886 -0.130284  0.155602  0.184158 -0.168352  0.042499 -0.048149  0.045266  0.045203 -0.291613 -0.002447  0.072141 -0.103778  0.006981  0.064170
 0.000000  0.000000  0.000000 -0.000000  0.000000  0.000000  0.000000 -0.000000  0.000000  0.497312 -0.035087 -0.092294 -0.054571 -0.020952  0.244882 -0.053239 -0.044217  0.086362 -0.240456 -0.124344  0.006201  0.055270 -0.068549  0.040812  0.094744  0.079693 -0.074626 -0.106516 -0.339305  0.046904  0.100373 -0.113373 -0.200308 -0.029620 -0.216711  0.026492 -0.171907 -0.258825 -0.365325  0.045687  0.081143 -0.221554 -0.025586 -0.187028
-0.000000  0.000000  0.000000 -0.000000 -0.000000 -0.000000 -0.000000 -0.497312 -0.000000 -0.000000 -0.142267 -0.266061 -0.037140 -0.017471  0.158747 -0.209073 -0.349050  0.440028  0.074042  0.030771 -0.000120 -0.128056  0.101982 -0.150995 -0.036001  0.129304  0.132550  0.170890  0.209507  0.176719 -0.139640 -0.024292 -0.085283 -0.081644 -0.081762  0.080175  0.093411  0.034702  0.100585 -0.000151  0.085043 -0.071549  0.006549 -0.008578
 0.000000  0.000000  0.497312  0.000000  0.000000 -0.000000 -0.000000  0.000000  0.000000  0.000000  0.043929 -0.150496  0.135847 -0.034274  0.127843 -0.083086  0.148864 -0.197368  0.380840 -0.033826  0.080977 -0.114817  0.062702  0.121259 -0.098653  0.222491 -0.206465 -0.204541  0.098213  0.002568 -0.065998 -0.224711 -0.279633 -0.232697  0.147665  0.166056 -0.013508  0.013039 -0.101754 -0.059285  0.130469  0.110820  0.058556  0.051716
 0.000000 -0.000000 -0.000000  0.497312  0.000000 -0.000000 -0.000000 -0.000000  0.000000  0.000000  0.117742  0.132262 -0.029767  0.087523  0.115852 -0.097050  0.120657 -0.103985  0.079736  0.043693  0.208607 -0.170027  0.032062  0.008105 -0.114397 -0.284316  0.114294  0.107193  0.194161  0.251149 -0.075404  0.106201 -0.062523 -0.036072  0.115590 -0.315550 -0.226020  0.029242 -0.086533  0.016821  0.171417 -0.201029  0.050670 -0.310400
-0.000000 -0.000000  0.000000  0.000000 -0.497312 -0.000000 -0.000000  0.000000 -0.000000 -0.000000 -0.193734  0.129130  0.031428 -0.019745  0.168796 -0.102020 -0.014645 -0.131307 -0.177445  0.072756 -0.081646  0.025858 -0.012346  0.302315  0.032652  0.311631  0.189647 -0.064332  0.125990 -0.100070 -0.058705  0.083937 -0.234520  0.171864 -0.030323 -0.098071 -0.269896  0.082469  0.275638 -0.236710 -0.096013 -0.105223  0.030385  0.049731
-0.000000 -0.000000  0.000000  0.000000  0.000000 -0.000000 -0.000000 -0.497312  0.000000  0.000000  0.250298 -0.003714 -0.188421 -0.203117 -0.127790 -0.068396 -0.049002 -0.102083 -0.127447  0.051414  0.032894 -0.034903  0.024432  0.388604 -0.015927 -0.210519  0.148406 -0.122011 -0.072318 -0.077997  0.283247 -0.295749 -0.065228  0.041600  0.214952 -0.156597  0.025628 -0.086675  0.025428  0.171526 -0.066725  0.112429  0.006376  0.118564
-0.030759  0.073219  0.000000  0.393334 -0.000000  0.000000  0.000000  0.000000 -0.000000 -0.000000 -0.004202  0.094868 -0.314418  0.342969 -0.078095 -0.121419  0.108475  0.117416 -0.013405 -0.174792 -0.313251 -0.104722 -0.050897 -0.029122  0.157723  0.305370 -0.041390  0.156972  0.031233 -0.168349  0.264912  0.019229  0.000881 -0.195074  0.091471  0.073328 -0.041164  0.095314 -0.086770  0.166885 -0.104072  0.069716  0.218642  0.134240
-0.497312 -0.000000  0.000000  0.000000  0.000000 -0.000000 -0.000000  0.000000 -0.000000 -0.000000 -0.140385  0.038998  0.016346 -0.163562 -0.099111 -0.051795  0.057335 -0.029201  0.027518 -0.204778  0.148902 -0.171313 -0.260617  0.048193  0.119648  0.106613  0.123173  0.074798 -0.146639  0.028001 -0.271715  0.045069  0.004397  0.087711 -0.135859 -0.288660  0.118875 -0.056474 -0.072273  0.101435  0.290633  0.193624  0.225025  0.252613
-0.000000 -0.000000  0.000000 -0.000000  0.000000 -0.497312  0.000000 -0.000000  0.000000  0.000000  0.091752  0.117441 -0.120936  0.148439  0.024716  0.077162 -0.010807  0.113779  0.163109  0.444933  0.027452  0.142372 -0.092554 -0.119702  0.214081  0.045417  0.179408 -0.110554  0.003998 -0.212637  0.007780  0.046383 -0.127091 -0.028075  0.070937 -0.035479  0.120305 -0.355142  0.031937 -0.137321  0.230963  0.101247  0.087864 -0.104535
-0.000000 -0.497312  0.000000  0.000000  0.000000 -0.000000 -0.000000  0.000000 -0.000000  0.000000  0.048790  0.133250 -0.084861 -0.048815 -0.049951 -0.007087 -0.112822 -0.250525 -0.255790 -0.041626  0.235304  0.012373 -0.170342 -0.073843  0.050382  0.183021 -0.077976  0.111921  0.287534 -0.011064 -0.174252 -0.162107  0.032419 -0.268170 -0.046674  0.069365  0.160633 -0.231290  0.078962  0.128794 -0.261294 -0.044900  0.089285 -0.182622
 0.000000  0.000000  0.000000 -0.000000  0.000000 -0.000000  0.000000 -0.000000 -0.000000 -0.497312 -0.263425 -0.239231 -0.174800  0.140273 -0.250553  0.321744 -0.103522  0.036551 -0.128397 -0.069202 -0.024526 -0.112518 -0.017949  0.152557 -0.079468  0.113868 -0.136778 -0.183462 -0.100761 -0.015850  0.053412 -0.088703 -0.045646 -0.172248 -0.063226 -0.218283 -0.028637 -0.081660 -0.017186 -0.072491  0.210119 -0.216239 -0.111938 -0.216089
-0.000000 -0.000000  0.424093 -0.000000  0.000000 -0.000000  0.073219  0.000000  0.000000  0.000000 -0.070914  0.312150 -0.286156  0.010644  0.119642  0.104157  0.222504  0.250447 -0.167200 -0.054900  0.009205 -0.076242 -0.089420  0.114652 -0.356309 -0.138164  0.133171  0.225109 -0.014938 -0.119527 -0.099605 -0.015833  0.041856 -0.002938 -0.108287  0.132583  0.146844 -0.097885 -0.019194 -0.147054  0.022310  0.017303 -0.321453  0.086306
-0.000000  0.000000 -0.000000  0.000000  0.000000 -0.000000  0.000000  0.497312 -0.000000  0.000000  0.066124 -0.080367 -0.050703 -0.210686 -0.102110 -0.137337 -0.181568  0.173437  0.035055  0.022124 -0.196007  0.079940 -0.036298  0.294369 -0.188643 -0.150540  0.258751  0.026376 -0.060643  0.127830  0.012635 -0.014770 -0.164015 -0.219718  0.000890  0.184847  0.121745 -0.018087  0.216145  0.202007  0.091112 -0.121653  0.285715 -0.070778
 0.000000 -0.000000  0.000000 -0.000000  0.000000 -0.000000 -0.497312  0.000000 -0.000000 -0.000000  0.220796 -0.124356 -0.003595  0.003730 -0.082927 -0.127399 -0.133206  0.017192 -0.062006 -0.152051 -0.143028  0.159417 -0.011504  0.019167 -0.138533  0.008011 -0.144362  0.292386 -0.125209 -0.110431 -0.228927 -0.023274  0.102539 -0.082564  0.176352 -0.062667 -0.341532 -0.210418  0.098753 -0.244756  0.111119  0.255298 -0.044717 -0.071337
 0.000000  0.000000 -0.000000  0.000000 -0.000000 -0.054664  0.000000  0.000000 -0.000000  0.442648 -0.212923 -0.246786 -0.167900 -0.058712 -0.152201  0.051044  0.059542 -0.010261  0.045729 -0.069420 -0.053728  0.107561  0.013944  0.301556  0.020065 -0.088661 -0.084300 -0.055212  0.423047 -0.131066  0.044330  0.116717  0.254818 -0.006303 -0.069257 -0.098092  0.185779  0.153523 -0.073332 -0.211615  0.093293  0.174743  0.070442 -0.243502
-0.497312  0.000000 -0.000000 -0.000000 -0.000000  0.000000  0.000000  0.000000  0.000000  0.000000 -0.072543 -0.265992  0.050418  0.143892  0.375559  0.149203  0.151072 -0.177721  0.010974 -0.047432 -0.161867 -0.056427  0.252930 -0.094498  0.007099 -0.201315  0.137823  0.107690 -0.098861 -0.107502  0.124212 -0.115945  0.002908 -0.115977 -0.039207 -0.036378  0.101536 -0.118511  0.287473 -0.027998 -0.219528  0.053627  0.017615 -0.184929
-0.000000 -0.497312 -0.000000 -0.000000  0.000000  0.000000  0.000000 -0.000000  0.000000  0.000000  0.285906 -0.077258  0.099164 -0.108041  0.073162  0.272929  0.122759  0.155647 -0.147664 -0.102040 -0.364842 -0.285466  0.021594 -0.052382  0.166605 -0.012619  0.189347 -0.174317  0.092584 -0.029476 -0.094617 -0.002386  0.046819  0.130643  0.148533  0.132479 -0.092644  0.147443 -0.089571 -0.073757  0.241121 -0.029484  0.008710  0.000778
-0.000000  0.000000  0.424093  0.000000 -0.000000 -0.000000 -0.073219 -0.000000  0.000000 -0.000000 -0.041514  0.173559 -0.215779 -0.193629 -0.077627 -0.088130 -0.120531  0.006669 -0.159569  0.116874 -0.092417  0.096725  0.199174 -0.236962  0.355871 -0.176443 -0.087727 -0.105759 -0.207774  0.042605 -0.128451 -0.075241 -0.007748 -0.168395 -0.100818 -0.206657 -0.007788  0.380417  0.088263 -0.113912 -0.057541  0.004428  0.125212 -0.089648
-0.000000 -0.000000  0.000000 -0.000000  0.000000 -0.000000  0.000000 -0.073219 -0.424093 -0.000000 -0.222517  0.114453  0.267654  0.060661 -0.159105 -0.030632  0.032929 -0.053049 -0.044773  0.078990 -0.456719  0.180950  0.087386 -0.027380 -0.097206 -0.079534  0.052528  0.065751  0.125861 -0.005483 -0.240836 -0.109621 -0.245699  0.008121  0.085912 -0.196248  0.137418 -0.087572 -0.317935  0.168007 -0.097877  0.025159 -0.081848 -0.029790
 0.030759  0.073219 -0.000000 -0.393334  0.000000 -0.000000 -0.000000 -0.000000 -0.000000 -0.000000 -0.132571  0.149201 -0.054781  0.184047 -0.006231 -0.048808 -0.011271  0.107781  0.118645 -0.288098  0.189870 -0.111813  0.027598  0.085533  0.161001 -0.041429  0.136369  0.114779 -0.119263 -0.150424 -0.144057 -0.059127 -0.015118  0.122863  0.507208  0.059135  0.057661  0.091256 -0.101442 -0.020283 -0.104763 -0.181098  0.176767 -0.316918
 0.000000 -0.000000  0.000000 -0.000000  0.000000 -0.497312 -0.000000 -0.000000  0.000000  0.000000  0.024034 -0.052345 -0.065139 -0.021185  0.142731 -0.001887 -0.336121 -0.289784  0.105205  0.089354 -0.191725 -0.276949 -0.237435  0.033947 -0.275421 -0.005906 -0.052436  0.103708 -0.150502 -0.044767 -0.066090 -0.084798  0.186687  0.101236 -0.076178 -0.000930  0.005973  0.270276 -0.199708 -0.037643 -0.174598 -0.113865  0.053374  0.010281
-0.000000  0.000000  0.000000  0.000000  0.073219 -0.030759  0.000000  0.000000 -0.000000 -0.393334 -0.027694  0.106523 -0.021414 -0.400386  0.265839 -0.280961 -0.048971 -0.123649 -0.019721 -0.244863 -0.095279  0.155275 -0.006964 -0.098133  0.035965  0.056150 -0.018129  0.071275  0.112441 -0.164346  0.326468  0.163255 -0.070467  0.157583 -0.051098  0.055271  0.128361 -0.015854 -0.169793 -0.014690  0.188035  0.100709 -0.051787 -0.288841
-0.000000 -0.000000 -0.000000  0.000000 -0.000000 -0.000000 -0.000000  0.000000 -0.497312  0.000000 -0.062947 -0.014901 -0.246531 -0.010859  0.364041  0.243341 -0.173361  0.041756  0.045689 -0.058549  0.093990  0.090510 -0.187603  0.077229  0.082976 -0.130936 -0.212410 -0.139258  0.037308 -0.029783 -0.105440  0.225771 -0.024926 -0.029743  0.145425  0.060484 -0.179837  0.078313  0.174342  0.344010  0.045075  0.153223 -0.071834  0.057080
-0.000000 -0.000000 -0.000000 -0.000000  0.000000 -0.054045 -0.000000  0.000000  0.443267  0.000000 -0.236284 -0.126356 -0.087731 -0.322111 -0.014138  0.010141  0.178061  0.159544  0.165628  0.010927 -0.132682  0.038006 -0.261879 -0.183333 -0.051377 -0.046167  0.085412 -0.178018  0.066809 -0.084310 -0.115869  0.084265 -0.035336 -0.113818  0.180082 -0.144434 -0.268360 -0.082439 -0.049439  0.216681 -0.337045  0.031840 -0.153000 -0.038880
-0.054664 -0.000000 -0.000000 -0.442648 -0.000000 -0.000000  0.000000  0.000000  0.000000 -0.000000  0.246361  0.002063 -0.057936  0.224022  0.128099 -0.354809  0.178283 -0.050712 -0.007567  0.043029 -0.215213 -0.028741 -0.224728  0.083191  0.083874  0.061564 -0.046233 -0.060653  0.071074  0.232834  0.055238  0.153312  0.131937 -0.264566  0.007680 -0.276303  0.107032  0.052933  0.079454  0.064156  0.105908 -0.151696 -0.280133  0.006982
 0.000000 -0.000000 -0.000000 -0.000000 -0.497312  0.000000 -0.000000 -0.000000 -0.000000  0.000000 -0.098007 -0.092801 -0.040034  0.118928 -0.124704 -0.056401 -0.129869 -0.178305  0.062017 -0.235514  0.020892  0.095843 -0.233090 -0.282708  0.110454 -0.429681  0.120094 -0.012537  0.114674 -0.005426  0.127744 -0.147646 -0.027780 -0.146344  0.027255  0.200821 -0.006570 -0.030573 -0.093610 -0.113641  0.180420 -0.086093 -0.102362  0.221532
-0.000000  0.000000 -0.000000  0.000000  0.497312 -0.000000 -0.000000  0.000000  0.000000  0.000000 -0.382470 -0.052207 -0.150579 -0.000651 -0.034886 -0.218865  0.061030 -0.320337 -0.116693  0.164797 -0.102209 -0.075877  0.016045  0.070310  0.201600 -0.084498  0.088492  0.047424  0.071805  0.062059 -0.082372 -0.052064  0.069177  0.096840  0.101170  0.296770 -0.230899 -0.128361  0.106726 -0.056810  0.171545 -0.160060 -0.071465  0.173083
 0.000000 -0.497312 -0.000000 -0.000000  0.000000  0.000000  0.000000  0.000000  0.000000  0.000000 -0.212955 -0.114162  0.164430  0.135480 -0.071237 -0.282563 -0.011753  0.096295 -0.041365  0.181653  0.162557 -0.144153  0.029168  0.090742 -0.087259 -0.222195 -0.146717  0.070071 -0.244288 -0.259505  0.172983  0.360776 -0.201929 -0.107193  0.049251 -0.038276  0.009342  0.106916 -0.058739 -0.034751 -0.032124  0.105572 -0.025652  0.088816
-0.000000 -0.000000 -0.000000  0.000000 -0.000000 -0.000000  0.000000 -0.073219  0.424093  0.000000 -0.100743  0.201161  0.262556  0.121547  0.259416  0.093951 -0.090511  0.055651 -0.102953  0.055423 -0.082907  0.223696  0.036346  0.125760 -0.032706 -0.124440 -0.276393  0.079670  0.114174 -0.265734 -0.067123 -0.184114  0.130265 -0.055049  0.035857 -0.077983  0.018248  0.087327  0.054763  0.276427  0.322872 -0.170981  0.144542  0.121932
-0.054045 -0.000000  0.443267 -0.000000 -0.000000  0.000000 -0.000000  0.000000  0.000000 -0.000000  0.118829 -0.246994  0.150070 -0.079186 -0.120647  0.247756 -0.081647 -0.012829  0.056233  0.083166  0.003775  0.132162 -0.147447  0.107279  0.285003  0.046624 -0.006895  0.469816  0.073231  0.045207  0.199964  0.215529 -0.031526  0.169868  0.058536 -0.077872 -0.032889 -0.078651 -0.038406  0.090554 -0.098716 -0.289056 -0.039950  0.062451
 0.000000 -0.000000  0.000000  0.497312  0.000000 -0.000000 -0.000000 -0.000000 -0.000000  0.000000  0.000010 -0.087452  0.183552 -0.013821  0.055006 -0.161330 -0.056680  0.051227  0.017970 -0.095010 -0.002235  0.138837 -0.170005  0.156624  0.191644  0.064823 -0.014852 -0.194550 -0.249929 -0.029730 -0.198891 -0.031714  0.167304  0.052049  0.220061  0.058391  0.399449  0.014663  0.145649 -0.107753 -0.077697 -0.132366 -0.333131 -0.040215
-0.000000 -0.000000  0.000000  0.000000  0.000000 -0.054045  0.000000  0.000000 -0.443267  0.000000 -0.049156 -0.026681  0.183980 -0.251676 -0.022146 -0.143676  0.254458  0.216695  0.058705  0.054067  0.119512 -0.022643 -0.100234 -0.123463 -0.082759  0.057770  0.009026 -0.008464  0.013771 -0.299889  0.168625 -0.240304  0.352330 -0.140886 -0.030963 -0.099143 -0.180611 -0.002967  0.111539 -0.065541  0.014933 -0.327721  0.144190  0.042240
-0.497312  0.000000 -0.000000  0.000000  0.000000 -0.000000 -0.000000  0.000000 -0.000000  0.000000  0.099025  0.105800 -0.154133 -0.065239 -0.050554 -0.050111 -0.132150  0.110130 -0.084729  0.031759 -0.038983  0.106740  0.129996 -0.068830 -0.208949 -0.027371 -0.312354 -0.252457  0.161323  0.093103  0.032627  0.199569 -0.007642  0.098042  0.271625  0.071993  0.041742 -0.148680 -0.126703 -0.228872 -0.120861 -0.308584  0.139765  0.186263
-0.000000 -0.000000 -0.000000 -0.000000 -0.000000 -0.000000  0.497312  0.000000  0.000000 -0.000000  0.239662  0.021140 -0.065480  0.009950 -0.168134 -0.164331 -0.147465 -0.013348  0.253049 -0.203748 -0.120495 -0.107010  0.207187  0.078438  0.123296 -0.122077 -0.138943  0.000514  0.027670 -0.339382 -0.258722  0.068778 -0.018501  0.055192 -0.268614 -0.037663 -0.179532 -0.213722  0.113288  0.039782 -0.034292 -0.100974 -0.118591 -0.029489
-0.497312  0.000000  0.000000  0.000000  0.000000  0.000000 -0.000000 -0.000000  0.000000 -0.000000  0.059390  0.145860  0.112803  0.090871 -0.229262 -0.049191 -0.114267  0.101889  0.030555  0.188317  0.104681  0.106864 -0.079761  0.087698  0.023314  0.089306  0.089381 -0.015559  0.062320 -0.040227  0.071806 -0.160369  0.022246 -0.011767 -0.080675  0.286919 -0.273468  0.303724 -0.084565  0.151486  0.047284  0.109551 -0.332256 -0.302151
-0.000000  0.497312 -0.000000 -0.000000 -0.000000  0.000000  0.000000 -0.000000 -0.000000  0.000000  0.141878 -0.094104  0.233090 -0.098969 -0.035610  0.008342 -0.016127 -0.031738 -0.460314  0.106139  0.051184 -0.385366 -0.116150 -0.043789  0.082803 -0.090653 -0.049330 -0.032334  0.148790 -0.253112 -0.113679  0.202158 -0.120596 -0.234089  0.062965  0.144066  0.074902 -0.004400 -0.041638 -0.001299 -0.021549  0.047587  0.014127 -0.066131
 0.000000  0.000000  0.000000 -0.000000 -0.000000 -0.000000  0.000000  0.497312 -0.000000  0.000000 -0.005688 -0.142939 -0.096796  0.016924  0.147837 -0.130810 -0.224962  0.164890 -0.110209  0.079850  0.149332 -0.183323  0.180929 -0.042276  0.117588  0.039294 -0.010755  0.043913  0.233172 -0.069039  0.085631 -0.348517 -0.003491  0.172764  0.150229 -0.301644  0.020212 -0.033922 -0.128879  0.034803 -0.039667  0.141063 -0.263559  0.194331
 0.000000 -0.000000  0.000000 -0.000000  0.497312  0.000000 -0.000000 -0.000000  0.000000  0.000000  0.106109  0.043632  0.142841  0.177992  0.067707  0.081830 -0.170220  0.054707 -0.006211 -0.277219  0.066328  0.200911 -0.266539  0.007357 -0.033330 -0.071138  0.224189 -0.140105  0.161438 -0.129196  0.071365 -0.044971 -0.297297 -0.092215 -0.129237 -0.180983 -0.079252  0.177383  0.048342 -0.302280 -0.151058 -0.032948  0.042484  0.148296
 0.497312
