1 42
 0.154303  0.010022  0.106376  0.108609  0.000711  0.032965  0.084004 -0.099056  0.111379  0.434258  0.216493 -0.107974  0.136920 -0.161123  0.252395  0.166107  0.051665  0.120383  0.191951  0.002857 -0.026248  0.154181  0.012819  0.115743  0.117000 -0.285959  0.272132 -0.256361  0.122442  0.320994 -0.070109 -0.022143  0.032528 -0.112260 -0.068234 -0.069838  0.005559  0.102249  0.094540 -0.073910  0.182019  0.087104
 0.154303 -0.017005 -0.184740 -0.135266 -0.107663 -0.146516  0.286748  0.018493 -0.073286 -0.109384  0.213905  0.350109 -0.083741 -0.115312  0.017604  0.067232 -0.149432  0.371749 -0.184007 -0.109258  0.265568  0.183434  0.143402  0.026286  0.035011  0.159812  0.141420  0.085144  0.027296  0.056158 -0.293816  0.057171 -0.015232 -0.006746 -0.152016  0.018927 -0.088954  0.177392 -0.122023  0.022301 -0.160408 -0.116356
-0.154303 -0.079949 -0.436080 -0.119815  0.135441 -0.081091  0.241892  0.047948 -0.152567  0.221280 -0.089559  0.015197 -0.050755  0.036890  0.045745 -0.208214 -0.028965 -0.069069 -0.027604 -0.009825  0.166640 -0.084748  0.151269  0.014371  0.151304 -0.144028 -0.227825 -0.391364 -0.005812 -0.080839  0.206921 -0.073389  0.046938 -0.137442  0.237576 -0.162668 -0.162625  0.185588  0.044116 -0.035788 -0.110307  0.037464
 0.154303  0.068937 -0.010157  0.037888 -0.338111 -0.099691  0.057351  0.033472 -0.091181  0.193627 -0.216655  0.155719  0.017907  0.152728 -0.078686 -0.095305 -0.129287  0.062360  0.096038 -0.170058 -0.179868 -0.233510 -0.198024 -0.013204  0.070441  0.071272 -0.013567 -0.059831  0.387193 -0.014303  0.048765  0.122862  0.035953  0.244755 -0.112580  0.290923 -0.147040  0.106057  0.119497 -0.107691 -0.080728  0.308434
 0.154303  0.011517 -0.148225  0.014471  0.014058 -0.148879  0.102884  0.094099  0.108873 -0.389627  0.151923 -0.167369  0.085049  0.143478  0.111584  0.172404 -0.040913 -0.053387  0.171910 -0.240582 -0.289749  0.064455  0.234632  0.277157 -0.024011  0.099622 -0.100281 -0.100386  0.153274 -0.230669 -0.093009 -0.002467 -0.031382 -0.247992  0.128433  0.029254  0.092169  0.015873 -0.104394 -0.024399  0.151899  0.276135
 0.154303 -0.229363  0.032624 -0.470355 -0.068132  0.054186  0.093559 -0.072864  0.128583 -0.128691 -0.004460  0.047508  0.270015 -0.025911 -0.167620 -0.068552 -0.118565 -0.174217 -0.251110  0.115118  0.005202  0.003411 -0.113002  0.368736  0.011695 -0.193209  0.106147 -0.020628 -0.101693 -0.075428 -0.010990 -0.166903  0.001590  0.212744 -0.052222 -0.045887 -0.095765  0.009768  0.243657  0.089550  0.197673  0.097020
 0.154303 -0.026264 -0.110692 -0.032631  0.089330 -0.272801 -0.071600 -0.097681  0.189273 -0.097918  0.188432  0.025868  0.085048 -0.282667 -0.064006  0.035650 -0.092796 -0.171274  0.027804  0.011727 -0.114163 -0.228702 -0.111950 -0.218947 -0.030306 -0.125364 -0.294270  0.245051  0.279250  0.260186 -0.008257  0.026035 -0.097899 -0.162477 -0.038677 -0.264774 -0.081355  0.042392  0.178901  0.156950 -0.208663 -0.021876
-0.154303  0.136932  0.288172 -0.207818 -0.139868  0.103544 -0.270935  0.025990 -0.045650 -0.193639  0.108276  0.203250 -0.330228 -0.151031  0.045174 -0.011876  0.105189  0.058600 -0.110575  0.044463 -0.079131 -0.008744  0.025304  0.005825  0.195429 -0.223973 -0.226976 -0.350976  0.039002 -0.013796 -0.090270  0.187910 -0.178196  0.037238 -0.100085 -0.161136 -0.012007  0.073611 -0.154931  0.051115  0.041256  0.230735
-0.154303  0.030238  0.070137  0.011792 -0.026138  0.256675  0.260278 -0.181786 -0.038820 -0.031735 -0.041775 -0.107534  0.138560 -0.119736  0.211956  0.225103 -0.172642  0.100710 -0.164701  0.046818 -0.095370 -0.224003 -0.111612  0.163551 -0.171640  0.003442 -0.175093 -0.174643  0.116695 -0.044235 -0.051576 -0.080220  0.244446 -0.013808 -0.170228 -0.078483 -0.067930 -0.352049 -0.204768 -0.079170 -0.315375 -0.059728
 0.154303 -0.115420  0.168711 -0.151651  0.044948 -0.015050 -0.035478  0.230787  0.043049 -0.090991 -0.356124 -0.191713  0.212642 -0.177097  0.162202 -0.040554  0.130466  0.192938  0.004461  0.036720  0.061623  0.157608 -0.010917 -0.243652  0.164115  0.164785 -0.131548 -0.205948 -0.026774 -0.046791 -0.167585 -0.191937 -0.201838 -0.208528 -0.091219  0.212566 -0.053809 -0.076146  0.258059  0.019538 -0.193225  0.016888
-0.154303  0.173585  0.372049  0.169060 -0.075756 -0.209605  0.134567  0.232540 -0.157069  0.006406 -0.047930  0.197898  0.211240 -0.021301 -0.078471  0.263152 -0.189137 -0.173737 -0.123103  0.017253  0.118134  0.186641 -0.101756  0.041021 -0.108424  0.128563  0.037794 -0.036802 -0.033638 -0.089440  0.315286  0.070610 -0.060488 -0.269592 -0.028978 -0.216674 -0.162224  0.104354  0.120034 -0.036257  0.054293  0.060968
-0.154303 -0.001985 -0.218118  0.005339 -0.077731 -0.002853  0.057174  0.221905  0.081251  0.030735 -0.057248 -0.096926  0.185308  0.341569 -0.082414  0.185825  0.220407  0.131186 -0.376123  0.182505 -0.174345  0.065125 -0.018310 -0.076001  0.150210 -0.217607  0.086124  0.041834  0.147414  0.079377  0.082731  0.215944  0.027678 -0.121229 -0.149807  0.053610  0.179626  0.032765 -0.074091  0.360551 -0.074501 -0.020274
 0.154303  0.021470  0.123089 -0.025898  0.063450 -0.183669 -0.045723 -0.183032 -0.098509 -0.068079 -0.043044 -0.308222 -0.080946  0.190969 -0.134555  0.172677 -0.115458  0.034900  0.107788  0.173584  0.270028  0.214993 -0.193272  0.093893  0.088044 -0.165081 -0.144290  0.062309 -0.121295  0.157629 -0.070396  0.121148  0.128179  0.011980  0.242627  0.172851 -0.288081  0.013819 -0.227178  0.122597 -0.197398  0.223185
-0.154303 -0.069742 -0.037257  0.029919  0.132389 -0.049382 -0.001271 -0.045336 -0.079809  0.150636  0.180337 -0.126588 -0.182697  0.102044  0.357122  0.026315  0.047615  0.024037 -0.090112 -0.079684 -0.145944  0.355594 -0.215253  0.014699 -0.095630  0.121363 -0.303035  0.124412  0.032751 -0.225649 -0.084617  0.004870  0.108041  0.249531 -0.173642 -0.051047 -0.164482  0.138627  0.310450  0.186586  0.105015 -0.015399
-0.154303 -0.201781  0.064745  0.001673 -0.095411 -0.182305 -0.122775  0.002042 -0.423093 -0.047378  0.276071 -0.129610  0.071346  0.011660 -0.068155  0.198846 -0.060146 -0.076821  0.038638  0.130803 -0.320999 -0.177623  0.138928 -0.096700  0.308621  0.135125  0.244940 -0.120535 -0.041810 -0.011144 -0.122175 -0.158036 -0.013249  0.151225  0.117170  0.006847 -0.182673  0.016632  0.061587  0.030744 -0.113162 -0.202506
 0.154303 -0.072049  0.030781  0.203654  0.131341  0.108905  0.040126 -0.151674  0.201935  0.058809 -0.066684  0.273540  0.012824  0.189344 -0.253282  0.017900  0.329771 -0.085162  0.172264  0.050608 -0.214192  0.061835  0.117126  0.253023  0.147226  0.193918 -0.118247 -0.097124 -0.223382  0.045495 -0.026896  0.039166  0.007881 -0.044839 -0.275613 -0.131035 -0.270279  0.048957  0.018448  0.011828 -0.251272 -0.063123
-0.154303  0.034323 -0.117821  0.144453 -0.037928  0.118125  0.103409  0.045315 -0.055144  0.055337 -0.068845 -0.094766  0.132293 -0.237675 -0.282602  0.205044 -0.003077 -0.186848  0.223586  0.025913  0.119802  0.030270  0.148525 -0.071073 -0.149532 -0.338563 -0.131610  0.017459  0.063274 -0.303615 -0.267072  0.016920 -0.205116  0.110159 -0.244319  0.217753 -0.124438  0.187028 -0.096813  0.039852  0.099074 -0.116074
 0.154303  0.221408 -0.015285 -0.023835 -0.133717  0.033789 -0.117060 -0.013890  0.117968  0.208962 -0.103188  0.006383 -0.350360 -0.065681 -0.057378 -0.053398 -0.134749 -0.224344 -0.152703  0.393141 -0.120582  0.173715  0.065840  0.142039 -0.022856  0.123521  0.090524 -0.008001  0.324829 -0.170617 -0.143662 -0.252841  0.089254 -0.259281  0.119025  0.073581 -0.021342  0.038812 -0.030274  0.083110 -0.045878 -0.162737
-0.154303 -0.024990 -0.185215  0.031405  0.133394  0.289958 -0.331266  0.106934 -0.119532 -0.098306 -0.039518  0.069720  0.098814 -0.004655 -0.175016  0.227820 -0.094715  0.015168  0.118790 -0.063564  0.266476  0.088260 -0.050582  0.241613  0.033777  0.285070 -0.120044 -0.140637  0.308817  0.332220 -0.003039 -0.141946  0.056696  0.118881  0.021276 -0.021344  0.166795  0.074745  0.118615  0.132713  0.040010  0.004010
 0.154303  0.215286  0.159815  0.096170  0.342314  0.356103  0.207711 -0.016026 -0.091325 -0.202268 -0.092564 -0.013992  0.032798  0.039644 -0.008566 -0.048198 -0.158421  0.145661 -0.213036  0.036730 -0.241738 -0.033119  0.154000 -0.084632  0.114092 -0.083113 -0.110874  0.098597  0.105941  0.181655  0.043008  0.082576 -0.035201  0.062399  0.207957  0.105014 -0.208879  0.251033  0.093131 -0.111318  0.211124 -0.186067
-0.154303  0.230579 -0.145778  0.138686 -0.127689 -0.124801 -0.169987  0.076195 -0.147802 -0.103108  0.005788  0.011046  0.154629 -0.082373  0.129496 -0.161045  0.121357  0.145584 -0.006289  0.157669  0.035019 -0.102479 -0.134519  0.358194  0.303456 -0.150406 -0.158599  0.338797 -0.110907  0.008784 -0.071511 -0.177438  0.112035 -0.181997 -0.141552  0.061038 -0.018576  0.082839  0.043148 -0.322929  0.065070 -0.018251
 0.154303 -0.125756  0.129173 -0.051383  0.091402  0.045495 -0.189474 -0.195206 -0.338185  0.129158 -0.265957 -0.171327 -0.084568  0.067390 -0.099512  0.084209  0.134582 -0.025747 -0.249272 -0.437349  0.060680 -0.129061  0.056601  0.088580 -0.039442 -0.108669  0.123767  0.145933  0.081546 -0.119653 -0.194938  0.019212  0.057829 -0.246578 -0.075004 -0.256360  0.081625  0.181484  0.038448 -0.045559 -0.071360  0.013003
-0.154303  0.334866 -0.054195  0.246030 -0.044301  0.026143  0.108411 -0.099149  0.118930 -0.215449  0.027498 -0.196713 -0.097614 -0.037566 -0.070202 -0.099409 -0.065718 -0.015865 -0.081796  0.004966  0.010559 -0.089779 -0.025887  0.023517 -0.132965 -0.013680  0.243973 -0.174986 -0.239180  0.042318 -0.178099 -0.039344  0.007039  0.081603  0.021520 -0.024102  0.177061  0.261076  0.397660  0.097878 -0.323684  0.223358
 0.154303  0.364642 -0.264749 -0.052679 -0.019106 -0.273601 -0.198227 -0.141939  0.034597 -0.098157 -0.230987 -0.172922  0.100213  0.010653  0.122552  0.134791  0.141949 -0.035333 -0.158469 -0.003408  0.005918  0.117927  0.063175 -0.018321 -0.114438  0.059654  0.106390 -0.172365  0.044856  0.075719  0.126138 -0.017779 -0.216045  0.352525 -0.107723 -0.214599 -0.174239 -0.039165 -0.135722 -0.208971  0.055628 -0.161666
-0.154303 -0.142628 -0.100170 -0.049249  0.102007  0.077307 -0.057564  0.190366  0.154119  0.003366  0.013752 -0.198972 -0.200355 -0.085769 -0.202575  0.010669 -0.017917  0.330739 -0.000786  0.012330 -0.154450 -0.118243 -0.180400 -0.060655 -0.207696  0.099825  0.193631  0.056490 -0.038474  0.051439  0.136486 -0.301332 -0.061577 -0.128539 -0.150511 -0.098906 -0.363311  0.188234 -0.220765 -0.038455  0.125985  0.240277
 0.154303  0.077274 -0.029222  0.293655  0.103939  0.125381  0.097778 -0.088164 -0.065466  0.068833  0.015463 -0.004197  0.089270 -0.060990  0.032820 -0.124775 -0.193829 -0.069651 -0.087893 -0.075540  0.049476  0.082600 -0.080743 -0.080674  0.442843  0.041470  0.041035  0.121541  0.003271 -0.178828  0.075061 -0.300756 -0.261595  0.156260 -0.091873 -0.195185  0.118439 -0.107522 -0.267852  0.268099 -0.012514  0.269054
-0.154303  0.090712 -0.075473 -0.017650  0.007688  0.036601 -0.135039 -0.262028  0.131252 -0.158431 -0.076162  0.276654  0.252398  0.203187  0.106053 -0.078672 -0.064877 -0.064167  0.100107 -0.158390 -0.030202  0.030931 -0.395771 -0.270333  0.039894 -0.047023  0.148286 -0.191877 -0.008856 -0.090575 -0.267279 -0.087014  0.149366 -0.215968  0.105846 -0.002220 -0.150238  0.129607 -0.140593  0.108787  0.154388 -0.163353
 0.154303  0.190121  0.010794 -0.234370 -0.104306  0.184824  0.029184  0.158771 -0.224207  0.070232  0.269296  0.029865  0.092257  0.317354 -0.146225 -0.055812  0.000946 -0.038639  0.105534 -0.056786 -0.155358  0.261989 -0.086372 -0.178963 -0.214318 -0.180277 -0.157586  0.012445 -0.061791  0.102805 -0.004745 -0.338886 -0.084501 -0.007406 -0.038869 -0.088335  0.170186  0.032321 -0.042245 -0.240842 -0.253787 -0.007571
 0.154303  0.192086  0.120521 -0.006936  0.363253 -0.111919 -0.047205 -0.045176 -0.160455 -0.045874  0.318185  0.094008  0.005892  0.177763  0.079124 -0.065138  0.237108  0.011186 -0.043062  0.083644  0.263124 -0.325093  0.001626  0.060499 -0.173899 -0.035916  0.090196 -0.143378  0.160708 -0.131920  0.142853 -0.170520 -0.078598 -0.079370 -0.200185  0.310531 -0.078071 -0.058336  0.041325  0.196621  0.017786  0.005071
-0.154303 -0.131140  0.057570  0.110835 -0.241840  0.115029 -0.009738 -0.201923  0.037702  0.028667  0.284084 -0.207335  0.225701 -0.082827 -0.050760 -0.332277  0.204588 -0.223516 -0.339095 -0.128285  0.086657  0.141448  0.053785  0.013248 -0.072257  0.238629 -0.084625 -0.032541  0.129675  0.175791  0.016426  0.071334 -0.149086 -0.100003  0.069439  0.210720 -0.149791  0.098205 -0.166496 -0.103806 -0.024484  0.064446
 0.154303 -0.075150 -0.012650  0.063907 -0.053011 -0.084781  0.181463  0.261278 -0.120085 -0.054357 -0.096762 -0.129956 -0.239353  0.022451  0.138194 -0.073954 -0.123422 -0.321317 -0.017159 -0.124118 -0.057207 -0.145052 -0.286264  0.166171 -0.006000  0.035752 -0.068478 -0.166107 -0.215614  0.344497 -0.077531  0.008928 -0.126706 -0.060547 -0.230933  0.109254  0.099532  0.108379 -0.183101  0.140305  0.130930 -0.281464
 0.154303 -0.218623 -0.183593  0.135148 -0.184554  0.022482  0.010690 -0.460490 -0.304117 -0.208006 -0.082802  0.059978 -0.088544 -0.043010 -0.031341  0.062916 -0.061209  0.084664  0.004090  0.280022 -0.070523  0.117776  0.035001 -0.197325 -0.115623  0.005984 -0.087237 -0.109120 -0.087957  0.053493  0.246025 -0.042648  0.037367 -0.199966 -0.242034  0.084492  0.172522  0.043365  0.112047 -0.015379  0.221581  0.118330
-0.154303  0.165455  0.105416 -0.197047  0.119186 -0.229201  0.009155 -0.272040  0.224873  0.282381  0.089311 -0.141066  0.016205  0.105137 -0.297882  0.118307 -0.254195  0.187849 -0.092602 -0.082263 -0.031918 -0.109804 -0.008860 -0.002279  0.183596  0.201098 -0.252288 -0.103685 -0.133157 -0.051388 -0.005801 -0.020425 -0.128179 -0.070470 -0.118815  0.138792  0.278377  0.063751  0.003762 -0.116004  0.148662 -0.127036
 0.154303  0.126784 -0.187590  0.132509  0.052521 -0.053213  0.035074  0.065725 -0.134320  0.124697  0.065374  0.172754 -0.036119 -0.343675 -0.269559  0.191164  0.284457  0.067891 -0.250714 -0.177679 -0.186087  0.043328 -0.273174  0.013022 -0.057647 -0.014579 -0.095336 -0.119171 -0.184929 -0.013244 -0.086353 -0.044446  0.057606 -0.000468  0.330557  0.162715  0.003353 -0.270520  0.055205  0.046754  0.123846  0.072014
-0.154303 -0.187800  0.118762  0.085103  0.440988 -0.351697  0.039432  0.013472 -0.125193 -0.008217 -0.150479  0.136706  0.124852 -0.097877 -0.085331 -0.271984 -0.015853  0.001846 -0.042681  0.201321 -0.210086  0.187861 -0.046834  0.078424 -0.174587 -0.043436  0.060174 -0.092093  0.174244  0.072086 -0.201165  0.018670  0.050064  0.142030 -0.037567  0.000918  0.257775  0.071875 -0.209271 -0.152941 -0.070970  0.130504
-0.154303  0.000956 -0.035397  0.121922 -0.101895 -0.040952  0.011441 -0.071545 -0.130722  0.105764 -0.091250  0.051665 -0.003577  0.264368 -0.022808 -0.175793 -0.143368  0.214311  0.035496  0.055893 -0.025704 -0.032942  0.093714  0.165387 -0.211451 -0.062623 -0.041906  0.030869  0.014930  0.156313 -0.290276  0.017132 -0.479928 -0.122524  0.110838 -0.147192 -0.166100 -0.386870  0.169337  0.159021  0.149238  0.008901
-0.154303  0.268624  0.011218 -0.257443  0.039431 -0.012962  0.369592 -0.055035 -0.172308 -0.126117 -0.018023 -0.196172 -0.110300 -0.073224 -0.252553 -0.178884  0.216839 -0.103098  0.218317 -0.040282  0.031294  0.120426 -0.045558 -0.098140  0.193093  0.137705  0.129590  0.047586  0.199765  0.102958 -0.060120  0.086121  0.205437 -0.074234 -0.194440 -0.144196 -0.054200 -0.268639  0.081831  0.041228  0.192311  0.028300
-0.154303 -0.111911 -0.002438  0.166129  0.079521 -0.118950 -0.119980  0.011542  0.162468 -0.157527  0.004343  0.054259 -0.234263  0.056569 -0.098735 -0.021031 -0.214379 -0.079070 -0.145139 -0.354497 -0.005562  0.249954  0.138878 -0.018839  0.139073 -0.344569  0.091587 -0.060034  0.079136  0.098275  0.159192 -0.185958  0.096804 -0.029813 -0.185295  0.233570 -0.135891 -0.308146  0.145193 -0.141089 -0.097215 -0.092797
-0.154303 -0.137448  0.213072  0.057726 -0.176223 -0.128143  0.331748 -0.184744  0.110307 -0.153669 -0.127113  0.059518 -0.175906  0.055930  0.011616  0.165949  0.355041  0.111590  0.079424 -0.047883  0.065794 -0.010349 -0.133800  0.094469  0.035355 -0.095740 -0.055940  0.068285  0.230024  0.024027  0.122836 -0.368895 -0.199287  0.122916  0.256883 -0.024113  0.137695  0.157312 -0.007926  0.011113 -0.027778 -0.179945
-0.154303 -0.051928 -0.202551 -0.188021  0.242645  0.168590  0.086072 -0.106697 -0.015491  0.020210 -0.002206  0.120928 -0.155321  0.046344  0.174229  0.290301  0.019766 -0.276248 -0.028057  0.102280 -0.012279  0.010764 -0.222521 -0.000894  0.124009  0.066606  0.203622  0.156150  0.012819  0.014519 -0.044456  0.161349 -0.401744 -0.119352  0.010381  0.172503  0.010465 -0.046668  0.080152 -0.337710 -0.135046  0.191202
 0.154303 -0.184326  0.012216  0.275196 -0.017830 -0.011601  0.076771  0.180131  0.150035 -0.065291  0.127211 -0.064969 -0.093470  0.264145 -0.110953  0.089199  0.050005 -0.075006 -0.205503  0.204072  0.281589 -0.147427 -0.089917 -0.226848  0.082269  0.033629 -0.107849 -0.138015  0.105399 -0.057974 -0.318026 -0.030030  0.117808  0.081623 -0.028380 -0.228283  0.001940 -0.090226  0.086987 -0.365998  0.212732  0.074421
-0.154303  0.110623  0.056548 -0.106826 -0.017072 -0.097621  0.063961 -0.016407  0.026852  0.118725 -0.172297  0.181931  0.013405  0.070791  0.180903  0.190417  0.077055 -0.235528 -0.116786 -0.024093 -0.006891 -0.113271  0.381849 -0.176823 -0.059440  0.061474 -0.119732  0.162876 -0.164146  0.311777 -0.186883 -0.321123  0.189302  0.057214 -0.032651  0.112142 -0.055799  0.026109 -0.072775  0.108150  0.147204  0.334998
 0.154303
