9 15
 0.707107  0.000000  0.000000  0.000000  0.000000  0.000000 -0.000000  0.204989 -0.000000  0.397566 -0.201334 -0.208650 -0.428111 -0.180287 -0.008322
 0.000000  0.000000 -0.000000 -0.707107  0.000000  0.204989  0.000000 -0.000000 -0.000000  0.074435  0.053237  0.364880 -0.180454  0.086649  0.525734
-0.707107 -0.000000  0.000000 -0.000000 -0.000000  0.000000  0.000000  0.204989 -0.000000  0.397566 -0.201334 -0.208650 -0.428111 -0.180287 -0.008322
 0.000000 -0.000000  0.000000  0.000000 -0.707107  0.000000  0.000000  0.000000  0.204989 -0.042841  0.196393 -0.509563  0.113539 -0.011247  0.380660
-0.000000 -0.000000 -0.000000 -0.000000 -0.000000  0.000000 -0.000000 -0.912096  0.000000  0.127544  0.052503 -0.031557 -0.185500 -0.336986 -0.009604
-0.000000 -0.000000 -0.000000 -0.000000  0.000000  0.000000 -0.000000 -0.000000 -0.912096  0.147340  0.302971 -0.192131  0.047422  0.092496  0.082839
 0.000000 -0.000000  0.000000  0.707107  0.000000  0.204989 -0.000000 -0.000000 -0.000000  0.074435  0.053237  0.364880 -0.180454  0.086649  0.525734
 0.000000  0.000000  0.000000 -0.000000  0.707107  0.000000 -0.000000  0.000000  0.204989 -0.042841  0.196393 -0.509563  0.113539 -0.011247  0.380660
-0.000000  0.000000 -0.000000  0.000000 -0.000000  0.204989 -0.707107  0.000000  0.000000  0.379990 -0.198264  0.043904  0.492730 -0.163896  0.052017
-0.000000  0.000000  0.707107 -0.000000 -0.000000  0.000000  0.000000  0.204989 -0.000000 -0.113813  0.318139  0.138444  0.015420 -0.569420 -0.013044
-0.000000 -0.000000 -0.707107 -0.000000 -0.000000  0.000000  0.000000  0.204989  0.000000 -0.113813  0.318139  0.138444  0.015420 -0.569420 -0.013044
-0.000000 -0.707107  0.000000 -0.000000  0.000000  0.000000  0.000000 -0.000000  0.204989  0.370635  0.477641  0.082121 -0.008037  0.217027 -0.196365
-0.000000  0.707107 -0.000000  0.000000 -0.000000  0.000000  0.000000 -0.000000  0.204989  0.370635  0.477641  0.082121 -0.008037  0.217027 -0.196365
 0.000000  0.000000 -0.000000  0.000000  0.000000  0.912096  0.000000 -0.000000  0.000000 -0.204259  0.065188 -0.183744 -0.140365  0.034722 -0.259693
 0.000000  0.000000  0.000000 -0.000000 -0.000000 -0.204989 -0.707107 -0.000000  0.000000 -0.379990  0.198264 -0.043904 -0.492730  0.163896 -0.052017
 0.912096
