21 27
-0.000125  0.000008  0.000015  0.000011 -0.000070 -0.000049  0.995764 -0.002798 -0.000005 -0.000027  0.000038 -0.000002 -0.000001  0.000007  0.000046  0.000017  0.000003 -0.000017 -0.000070  0.000030 -0.000029 -0.015698  0.025188  0.032583  0.028023  0.069565 -0.029634
-0.000001  0.000113 -0.000021  0.000021 -0.000007  0.995371  0.000002  0.003058 -0.000005  0.000009 -0.000001  0.000055  0.000078 -0.000010  0.000026 -0.000023  0.000010 -0.000066 -0.000072 -0.000055 -0.000108  0.020583  0.001447  0.022191  0.034381  0.015974  0.082892
-0.000734  0.000207 -0.000130  0.021207  0.703045 -0.000545 -0.000322 -0.000208 -0.000166 -0.000374 -0.000743  0.063631 -0.195670 -0.001798 -0.000721 -0.000741  0.000111  0.000399 -0.001392 -0.000585 -0.000160 -0.436904  0.014349 -0.153840  0.453584 -0.205862  0.007706
-0.962110 -0.000158 -0.000032 -0.000060 -0.000099  0.026201 -0.000059 -0.008660 -0.000042  0.000053  0.000169  0.000084  0.000005 -0.000015 -0.000395 -0.000161 -0.000102  0.000029 -0.000179  0.000199  0.000254 -0.060267 -0.004889 -0.060734 -0.096540 -0.045474 -0.234199
-0.001120  0.001360 -0.063405 -0.021095 -0.002432 -0.000607 -0.000354 -0.000227 -0.001929 -0.002077 -0.195087  0.000039 -0.001184 -0.000029 -0.000866  0.700865 -0.000358  0.000407 -0.001032 -0.001443  0.000359  0.181896 -0.448189  0.335227  0.250694 -0.133929 -0.197787
-0.001291  0.000308  0.000341  0.021131 -0.711114 -0.000787  0.000159  0.000081  0.000580 -0.000505  0.001243  0.062852 -0.192843  0.000080 -0.000322 -0.000201  0.000012  0.000556 -0.001769 -0.000933  0.001847 -0.432315  0.016845 -0.154439  0.445248 -0.208000  0.013327
-0.000595  0.000856 -0.062266 -0.020751 -0.002915 -0.000532 -0.000024 -0.000130 -0.000213  0.000278 -0.192245 -0.000056 -0.000508 -0.000434 -0.000426 -0.713278 -0.000215  0.000473  0.000196 -0.000832 -0.001068  0.182106 -0.440879  0.325507  0.246313 -0.133368 -0.194953
-0.000010 -0.000673 -0.000562 -0.000099  0.003479  0.000267  0.062787  0.020786 -0.001687 -0.002685  0.000055 -0.000059 -0.001279  0.192718  0.704217  0.001754  0.000086  0.000363  0.001736 -0.000499 -0.000492  0.120689 -0.185547 -0.242320 -0.202143 -0.516451  0.217340
-0.000000 -0.000000 -0.000000 -0.000000  0.000000 -0.000000 -0.000000 -0.000000  0.000000 -0.000000  0.000000  0.000000 -0.000000  0.000000  0.000000  0.000000 -0.999148  0.000000 -0.000000  0.000000 -0.000000  0.012341 -0.015181 -0.030143  0.010300  0.017348 -0.002223
-0.000009  0.000116  0.000057  0.000063  0.000062 -0.000063 -0.025010 -0.008304 -0.000016  0.000838  0.000082  0.000166  0.000009  0.962309  0.000528 -0.000913 -0.000026  0.000014 -0.000165  0.000012  0.000315 -0.047955  0.074216  0.096079  0.082057  0.204585 -0.087392
 0.000189  0.064390  0.000393  0.000246 -0.000244 -0.000531  0.000264 -0.000027  0.000318 -0.001074  0.000118 -0.000310 -0.000724  0.000151  0.002974 -0.001501 -0.019020 -0.000885 -0.191603  0.003928 -0.708464 -0.429057 -0.120849  0.373846 -0.306496 -0.045246  0.149621
-0.000172 -0.000016  0.000051  0.002913  0.000050 -0.000020 -0.000027 -0.000022  0.000006 -0.000002  0.000007 -0.995663  0.000061  0.000014 -0.000007  0.000016  0.000024  0.000021  0.000000  0.000024 -0.000010 -0.059487  0.002220 -0.021465  0.061972 -0.028305  0.001125
 0.000002  0.000477 -0.025303 -0.008445  0.000380 -0.000172 -0.000149 -0.000102  0.000164 -0.000049  0.961752 -0.000023 -0.000043 -0.000287  0.000082 -0.000410 -0.000023 -0.000160  0.000083 -0.000115  0.000466  0.072322 -0.181463  0.131732  0.099283 -0.051780 -0.079181
-0.000403 -0.000084  0.000086 -0.008513 -0.000445  0.000077 -0.000116  0.000068 -0.000044 -0.000555  0.000206 -0.025618 -0.961514 -0.000096  0.000010 -0.000302 -0.000039 -0.000059  0.000133  0.000278  0.000205  0.176289 -0.004100  0.063065 -0.180162  0.085005 -0.002237
 0.000179  0.000004 -0.000165  0.000121  0.000125  0.000028 -0.000049 -0.000006 -0.000516 -0.000330  0.000610  0.000118  0.000277 -0.000041 -0.000037  0.000303 -0.007943  0.025124 -0.000107  0.963001 -0.000020  0.051475  0.181771  0.125159  0.025745 -0.137114 -0.033394
 0.000925 -0.000135 -0.000502 -0.000089  0.003071  0.000419  0.062327  0.020572 -0.000966 -0.000334  0.000525 -0.000145 -0.000999  0.191872 -0.709967  0.001302 -0.000127  0.000637 -0.000748 -0.001232 -0.001080  0.117115 -0.182387 -0.237039 -0.203966 -0.513392  0.215553
-0.000010 -0.000002 -0.000002 -0.000007  0.000010 -0.000003 -0.000009  0.999023  0.000007  0.000003  0.000000 -0.000002 -0.000000  0.000017  0.000000  0.000017 -0.000015 -0.000000  0.000001 -0.000001  0.000015 -0.012482  0.007601  0.003877 -0.001846  0.017677 -0.037526
-0.000008 -0.000021  0.995721 -0.002849  0.000010 -0.000010  0.000025 -0.000016  0.000035  0.000068 -0.000005  0.000038  0.000012  0.000114 -0.000041  0.000019 -0.000019  0.000013 -0.000006  0.000064  0.000045  0.025187 -0.060951  0.044381  0.033627 -0.018680 -0.027052
 0.000026  0.000007 -0.000025  0.000060  0.000014 -0.000053  0.000002 -0.000001  0.000214  0.000021 -0.000004  0.000040 -0.000025  0.000085 -0.000033 -0.000088 -0.002779 -0.995643  0.000003 -0.000005  0.000017  0.017284  0.062960  0.043662  0.008689 -0.048052 -0.011571
 0.000942  0.064488  0.000283  0.000158  0.001785 -0.000253  0.000454 -0.000041  0.000476  0.000813 -0.000693 -0.000468  0.000011  0.000140  0.002405 -0.002938 -0.019257 -0.000360 -0.192300  0.002462  0.705729 -0.428659 -0.118496  0.377586 -0.309017 -0.049228  0.148782
 0.192008 -0.000668 -0.000204 -0.000096 -0.001243  0.065126 -0.000142 -0.021597  0.001564 -0.709842 -0.000232  0.000044 -0.001502 -0.000311 -0.000454 -0.000644 -0.000152 -0.000001  0.000113  0.000144  0.000219 -0.150619 -0.013160 -0.151269 -0.235379 -0.111048 -0.584008
 0.000222 -0.000636 -0.000022 -0.000308 -0.001364  0.000110  0.000203  0.000063 -0.709382  0.000365 -0.001986  0.000055 -0.000795  0.000563 -0.001680 -0.000487  0.020321 -0.063445  0.003126  0.189564  0.002863 -0.123611 -0.458449 -0.321350 -0.057345  0.343207  0.081089
 0.000133  0.000616  0.000261  0.000382  0.000616 -0.000019 -0.000446 -0.000163 -0.704816 -0.002402  0.002813 -0.000026  0.000752 -0.001312  0.000982 -0.001224 -0.020471  0.063532 -0.003138 -0.191486 -0.002720  0.122373  0.463157  0.323412  0.057259 -0.343369 -0.082522
-0.193573  0.000490  0.000467  0.000142  0.001380 -0.065618 -0.000190  0.021672  0.000472 -0.704346  0.000654 -0.000100  0.002521  0.000638 -0.001892 -0.001704  0.000247 -0.000293 -0.000374  0.000159  0.001684  0.150861  0.013442  0.151366  0.237019  0.116331  0.588276
 0.000055 -0.025692 -0.000090 -0.000134 -0.000019  0.000114 -0.000144  0.000029 -0.000166  0.000250  0.000351 -0.000056  0.000639 -0.000017  0.000744 -0.000004  0.007768 -0.000173 -0.962434 -0.000137  0.000047  0.171629  0.044826 -0.152089  0.120350  0.021274 -0.058867
-0.000008 -0.000015 -0.000011  0.999033  0.000004 -0.000000 -0.000004  0.000001 -0.000002  0.000009  0.000007  0.000004  0.000002  0.000000  0.000001 -0.000001  0.000009  0.000009  0.000002 -0.000001  0.000020  0.028489 -0.021364  0.021709 -0.009428  0.003625 -0.009556
-0.000002 -0.995505 -0.000126 -0.000024  0.000021 -0.000023  0.000004  0.000001  0.000071  0.000104 -0.000014  0.000002 -0.000079 -0.000026 -0.000051  0.000054 -0.002704 -0.000002 -0.000019  0.000179 -0.000111 -0.059510 -0.016962  0.054082 -0.041560 -0.006950  0.020804
 0.999148
