4 45
 0.025848 -0.000000  0.275462 -0.000000 -0.035166 -0.016821  0.129529 -0.154959  0.067973  0.025682 -0.000197  0.010013 -0.165492  0.270259  0.193857  0.014361  0.204289 -0.060159 -0.116313 -0.073899 -0.002411 -0.072142  0.090914 -0.030258 -0.401118  0.221492  0.103115 -0.118737 -0.272335 -0.050561  0.023794  0.117935 -0.119254 -0.146659  0.102084  0.238311 -0.010233  0.170286  0.208843 -0.082312  0.037710 -0.202521 -0.070448 -0.167898  0.273689
 0.000000  0.000000 -0.000000 -0.301310 -0.007201  0.271649  0.002259  0.092130 -0.028667  0.007771  0.196246  0.020115 -0.298279 -0.152432  0.129381 -0.046752  0.161833  0.108258  0.137136 -0.026838  0.025159 -0.112791  0.155277 -0.072338  0.018390 -0.180301  0.035989 -0.031925  0.063860  0.328970 -0.110840 -0.157518 -0.175408 -0.143679  0.198383 -0.100731 -0.259511 -0.168500  0.297787  0.039059  0.047987 -0.101281 -0.122656 -0.043875 -0.234233
 0.000000  0.000000  0.000000 -0.301310  0.183563  0.165181  0.037893  0.073550  0.004194 -0.031904  0.056317  0.161566  0.158571  0.041278 -0.095083  0.161376  0.042068 -0.047209  0.150220 -0.160487 -0.035815  0.005821 -0.050418  0.296651 -0.395336 -0.141843 -0.093253 -0.072031 -0.030131  0.013651  0.146615 -0.037958  0.177197  0.106832  0.067162  0.053394  0.410162 -0.273857 -0.130659  0.042204  0.105417 -0.136387  0.061032 -0.167989 -0.129310
-0.000000  0.301310  0.000000  0.000000  0.161691 -0.126141  0.019416 -0.167423 -0.077707 -0.094473  0.226808  0.155600  0.105982 -0.055894  0.047899 -0.170939  0.187182  0.202289  0.040732  0.259849  0.140339 -0.188941  0.137677 -0.082399  0.035993 -0.128163  0.062084 -0.186970 -0.055100 -0.144672 -0.238182 -0.095793  0.038613  0.093024  0.017832 -0.101332  0.178256 -0.108874 -0.023460  0.332847  0.111802  0.060657 -0.020845  0.080837  0.361572
-0.000000  0.301310  0.000000  0.000000  0.253904 -0.250871  0.128880  0.275518 -0.172036 -0.063477 -0.101360  0.027433  0.138949 -0.186568  0.065149 -0.152852  0.028825 -0.124152  0.150523 -0.049407 -0.075209  0.195747 -0.200419  0.097701  0.024082  0.061054  0.122770  0.113526 -0.030553  0.186640 -0.025833  0.115143 -0.289535  0.122729 -0.147085  0.310533 -0.034057 -0.099601  0.216346  0.073710 -0.111007  0.064367 -0.154697 -0.154859  0.035619
 0.301310  0.000000  0.000000 -0.000000  0.025552 -0.024403  0.057952  0.241095  0.140048 -0.203558  0.154678 -0.141312 -0.103317  0.060468  0.029761  0.051764  0.036902  0.037342  0.103751  0.151757 -0.013963 -0.010656  0.020122 -0.099027  0.074997  0.109350 -0.004088  0.211230 -0.090144 -0.056534  0.025578 -0.258046  0.254772 -0.199582  0.030660  0.252020  0.226544 -0.158441  0.151470 -0.323089  0.132353  0.357136 -0.039192  0.109475  0.065210
 0.000000  0.000000 -0.301310 -0.000000  0.046160 -0.093780 -0.057650 -0.157298  0.014742  0.104479  0.112835  0.216834  0.063828 -0.037847  0.012499 -0.007987 -0.356201  0.275071  0.252710  0.019307  0.120602 -0.037743  0.067979 -0.018898 -0.100886 -0.136147 -0.080551  0.190692 -0.231090  0.245702  0.094799  0.096840  0.044336 -0.275746 -0.086328  0.164064 -0.164674  0.123501 -0.223020 -0.127302  0.086409 -0.064565 -0.164977 -0.118876  0.168861
-0.025848  0.000000  0.275462  0.000000 -0.024770 -0.368155 -0.038513  0.140969  0.260563 -0.060592 -0.182210  0.185856 -0.240903 -0.084389 -0.025889  0.087963 -0.002256  0.174222 -0.081937 -0.023064  0.034245  0.307394  0.017398  0.088391 -0.034891 -0.090847  0.260283  0.041925 -0.018777 -0.002804  0.112859  0.030731 -0.046875 -0.331246  0.137198 -0.195025 -0.037777 -0.222015 -0.196575  0.191778  0.048990  0.081321  0.120487 -0.003957  0.014487
-0.301310  0.000000 -0.000000  0.000000  0.105362 -0.061132  0.184852 -0.056674 -0.099292 -0.099186  0.031186  0.135316 -0.132411 -0.097198  0.096711  0.273389 -0.128569  0.149011  0.131422  0.119296 -0.172302 -0.046773  0.218370  0.071070 -0.149075  0.169830 -0.002986  0.274498 -0.061739 -0.311240  0.017001 -0.159265 -0.144790  0.242302  0.124081 -0.037804 -0.061869  0.254201  0.032689  0.070821  0.063472  0.245520  0.002643 -0.063852 -0.244755
-0.000000  0.000000 -0.301310 -0.000000 -0.316637 -0.003534 -0.155203 -0.030125 -0.000552 -0.051189  0.164718 -0.062297 -0.124435 -0.040156 -0.067932  0.035421  0.012746 -0.008224 -0.017731  0.049582 -0.467414  0.313326 -0.060762  0.107775  0.062439  0.138021  0.010551 -0.096152 -0.065798  0.182297  0.018095 -0.037793 -0.177992  0.087704  0.170037  0.034200  0.212675  0.096677 -0.026434  0.150739  0.328565 -0.101199 -0.093286  0.120794  0.178385
 0.000000 -0.000000 -0.000000  0.301310  0.189370  0.112472 -0.131543  0.119921  0.151945  0.009234  0.071363  0.138136  0.158494 -0.182558 -0.075471  0.216273 -0.087540 -0.213717 -0.026266 -0.180927  0.015337 -0.093376 -0.077659 -0.113574 -0.049225  0.021069 -0.190629  0.120266  0.116133 -0.161018  0.074444 -0.142822  0.005512 -0.202814  0.188887  0.200463 -0.186115 -0.011584  0.206873  0.350776  0.139288 -0.197789  0.043711  0.206560  0.127832
 0.301310  0.000000  0.000000  0.000000  0.242809 -0.118455  0.025212 -0.071312 -0.107029  0.270957  0.144666 -0.197507 -0.007086  0.018401 -0.237787 -0.152341 -0.198079 -0.069254  0.193719 -0.167894 -0.061515 -0.082689 -0.030273 -0.068879  0.065775 -0.053536  0.337694 -0.053540 -0.216663 -0.231473  0.230276  0.107450 -0.076763  0.028945  0.260527 -0.252744  0.038960  0.040264  0.130421 -0.036019  0.100216 -0.026362 -0.047748  0.070575 -0.111371
 0.000000 -0.025848  0.275462 -0.000000  0.050354  0.334341  0.141473 -0.251324  0.105892 -0.125776 -0.008860 -0.011777  0.119367 -0.082006  0.126968 -0.366236 -0.193014  0.011425 -0.082963 -0.065799 -0.259683  0.052141  0.123049  0.153491  0.153934 -0.036170  0.340104  0.117736  0.174647 -0.001603  0.079003 -0.083492  0.221166 -0.047775 -0.101733  0.200669 -0.052665  0.048936 -0.088164  0.133676  0.161118 -0.011991 -0.077906 -0.080804 -0.021239
-0.000000  0.000000  0.301310 -0.000000 -0.023732  0.059683 -0.047302 -0.140406 -0.029540 -0.091316  0.007363 -0.129096 -0.123272 -0.164893  0.157083  0.209341 -0.238131  0.229431  0.247433 -0.060532 -0.000078 -0.042100 -0.418979 -0.143726  0.037307  0.031526 -0.132668 -0.220432  0.209056 -0.075848  0.121579 -0.057640 -0.147851 -0.072876 -0.272069 -0.158642  0.187291  0.030671  0.120003 -0.031533  0.102925 -0.008893 -0.092119 -0.153429  0.132303
-0.000000  0.301310  0.000000  0.000000 -0.037731  0.024294  0.073579 -0.173826 -0.368902 -0.087094 -0.371753 -0.041417 -0.159969 -0.202276  0.196507  0.024112  0.181573 -0.084884 -0.057777  0.042521  0.002109 -0.094600 -0.039746  0.005534  0.065578 -0.096170 -0.159566  0.120147 -0.203241  0.023502  0.300999  0.119310  0.188835 -0.159298  0.030423 -0.020453  0.088015  0.014509 -0.042689 -0.001026  0.154753 -0.110340 -0.052298  0.310809 -0.136505
 0.000000  0.301310 -0.000000  0.000000 -0.026553  0.015401 -0.119096 -0.010681 -0.032802 -0.147732  0.278056 -0.086214 -0.143687  0.001390 -0.139053 -0.008182  0.051466 -0.118990 -0.182951 -0.140556  0.128591  0.157766  0.054152 -0.047407 -0.168004 -0.177045 -0.146437 -0.105235  0.253431 -0.088231  0.180960  0.308808  0.112268  0.081156  0.050093  0.039556 -0.235782  0.100606 -0.050237 -0.043385  0.219205  0.370083 -0.147041 -0.193382 -0.002937
 0.301310  0.000000  0.000000 -0.000000 -0.149208  0.175785 -0.093258  0.090114 -0.141939 -0.151880  0.046335  0.342381  0.072207  0.163826  0.255487  0.113590 -0.229461 -0.170364 -0.062283  0.188138  0.153712 -0.015545  0.088324 -0.096747 -0.029811  0.210408  0.185881 -0.029097  0.018534  0.034996  0.330306  0.012939 -0.182559  0.230278 -0.055297 -0.115178 -0.122292 -0.256256 -0.095510  0.026982 -0.015773  0.005032 -0.090689  0.097750  0.042824
 0.000000  0.000000  0.000000  0.301310  0.045803  0.086156  0.271065  0.140465  0.041147  0.085676  0.093105  0.064645  0.011155 -0.136315 -0.114532  0.125468  0.093015  0.360525 -0.291301  0.154535 -0.230812 -0.094277 -0.202750 -0.198221 -0.061750 -0.031103  0.091039  0.020703 -0.081337  0.021755 -0.028701  0.220583  0.115994  0.211842 -0.045575 -0.007036 -0.139604 -0.261964 -0.018622 -0.189051  0.189668 -0.206223 -0.011519 -0.080766 -0.085000
 0.000000 -0.000000  0.275462 -0.025848  0.293791  0.157036  0.033736  0.164481 -0.013971 -0.104754 -0.033617  0.018901 -0.144430  0.131070 -0.324034  0.199512  0.040902 -0.074977  0.169104  0.089696 -0.201054 -0.055491  0.187816 -0.177716 -0.032152 -0.070114  0.054535  0.058517  0.117068  0.282861 -0.046532  0.191911 -0.039208  0.020398 -0.127384 -0.055719  0.087122  0.246778 -0.207557  0.010164 -0.117125 -0.022803 -0.147565  0.304531  0.166508
 0.000000  0.000000 -0.000000  0.301310  0.227895 -0.003292 -0.147611 -0.099375  0.094714 -0.110570 -0.030597 -0.035108  0.027986 -0.128801  0.128416 -0.008014 -0.218527  0.066779 -0.250594 -0.027520  0.000087  0.126909  0.095166 -0.051169 -0.232956 -0.178577  0.021176 -0.404075 -0.221727  0.276007  0.008629 -0.208036 -0.020647  0.083455  0.018501  0.059048  0.138978  0.094355  0.107092 -0.068543 -0.172350  0.170667 -0.027360  0.183680 -0.239283
 0.000000  0.000000 -0.000000 -0.301310 -0.043690 -0.129789  0.052245 -0.177590  0.293582 -0.128833  0.132725  0.010119  0.016009 -0.217081 -0.035108  0.325376  0.013172 -0.258022 -0.143596  0.132650 -0.077130 -0.267589 -0.242501  0.022980  0.255410 -0.083648  0.123797 -0.079792 -0.216642  0.066085  0.096286  0.022266  0.119953  0.073443  0.119265  0.098087 -0.087134  0.080388 -0.065307  0.072157 -0.274721  0.046237 -0.149724 -0.128417  0.026171
-0.000000  0.000000 -0.275462 -0.025848  0.060585 -0.084203  0.196643  0.231764 -0.021942 -0.329572  0.124772  0.124814 -0.197625 -0.090322  0.177275 -0.194154 -0.164581 -0.240055 -0.038882 -0.096285 -0.220907  0.000183  0.095196 -0.299426 -0.023502 -0.068043 -0.034375 -0.114520  0.015875 -0.194727 -0.050172  0.058602  0.081408 -0.187848 -0.111188 -0.156804  0.119039  0.099631 -0.074956 -0.034034 -0.141349 -0.243996  0.187940 -0.179927 -0.012854
-0.301310  0.000000  0.000000  0.000000  0.195025  0.196714 -0.341761  0.093885 -0.061237 -0.008944 -0.048214 -0.110099 -0.224516  0.022867 -0.034638 -0.024553 -0.198444 -0.008774 -0.102231  0.279444  0.141556  0.247812  0.017593  0.073220  0.096435 -0.004199  0.036538  0.158124 -0.127056 -0.141133  0.011702  0.061848  0.236240  0.089571  0.114140 -0.083430  0.093115 -0.104781  0.226618 -0.038314 -0.165263 -0.227359 -0.203441 -0.174279  0.194941
 0.000000 -0.000000  0.301310 -0.000000 -0.003007 -0.227100 -0.061103 -0.080896 -0.096504 -0.080890 -0.030798 -0.023276 -0.243396  0.071110 -0.139658 -0.130950 -0.187074 -0.133394  0.185659 -0.053677 -0.135557 -0.016496  0.066970 -0.028389  0.091612  0.008626 -0.315048 -0.161882 -0.186923 -0.005033 -0.102651 -0.221544  0.082055  0.281497  0.036208  0.197210 -0.311067 -0.287267 -0.194404 -0.077471  0.093805 -0.142778  0.087118  0.000176  0.020786
 0.000000  0.000000 -0.000000 -0.301310 -0.020085 -0.141900 -0.187480 -0.134649 -0.146872  0.173750 -0.076612  0.152496  0.055389 -0.065665 -0.035993  0.213225 -0.064582 -0.095010 -0.239875 -0.267516 -0.172153  0.053628  0.138729 -0.203434 -0.062202 -0.099485  0.155254  0.173972 -0.055372  0.043719 -0.152632 -0.103843  0.154472  0.080069 -0.363621 -0.109324 -0.026383 -0.069394  0.303736 -0.084791  0.157153  0.098770  0.112851  0.037628  0.172404
 0.301310 -0.000000 -0.000000 -0.000000 -0.184058  0.020207 -0.018389  0.063871  0.083681 -0.001699 -0.076532  0.069104 -0.073099  0.128161 -0.014781 -0.196164  0.070031  0.228590  0.115202 -0.046756 -0.208489  0.054538 -0.182010 -0.057670 -0.239482 -0.052837 -0.187391  0.151161 -0.118522 -0.008557  0.101453 -0.047863  0.304588  0.162467 -0.067372 -0.147343 -0.135932  0.119584  0.170790  0.389095 -0.330068  0.089440 -0.127953 -0.001725  0.000057
-0.000000 -0.000000 -0.000000  0.301310 -0.259661 -0.057984 -0.141477 -0.006618 -0.065794 -0.325351  0.021758  0.035334 -0.021038  0.003984 -0.079446  0.176536 -0.057700  0.078498  0.201884 -0.315985  0.040506 -0.241509  0.217282  0.219573  0.129683  0.106125  0.165520 -0.049832 -0.078100  0.036944 -0.226186  0.332026  0.169465 -0.013928 -0.051735  0.009382  0.104790 -0.128245  0.188118  0.082653 -0.049704 -0.023227 -0.103441 -0.038523 -0.140346
 0.000000  0.301310 -0.000000 -0.000000 -0.070201  0.167191 -0.102300  0.036750  0.107431  0.153295  0.071372  0.199400 -0.390182 -0.080654 -0.050129 -0.173955 -0.124001  0.121434 -0.193653 -0.321390  0.085100 -0.255984 -0.154181  0.064254  0.042090  0.054067  0.038360  0.216823  0.024936 -0.007803 -0.026700 -0.044537 -0.181270  0.170879  0.071938  0.145201  0.238247  0.027078 -0.143475 -0.107396 -0.188572  0.044873  0.165599  0.114016  0.095027
-0.301310  0.000000 -0.000000 -0.000000 -0.123000  0.046796  0.240956 -0.064069  0.253488 -0.198782 -0.192106  0.177656  0.177418  0.077082 -0.116309 -0.146231 -0.002659  0.015251  0.173261 -0.139141  0.112524  0.068771  0.044597 -0.264316  0.164530 -0.081028 -0.074872  0.013233 -0.049943  0.188120  0.263781  0.056047 -0.006596  0.219357  0.250443 -0.114079  0.085425  0.000691  0.279039 -0.143844  0.085383  0.074652  0.147141 -0.000319  0.178931
-0.000000  0.000000 -0.000000  0.301310  0.228886  0.229964  0.011332 -0.015485  0.067125  0.048285  0.093824  0.016287 -0.071675  0.225590  0.240537  0.090193  0.167136 -0.221050  0.034094 -0.151087 -0.078265  0.025553 -0.119142  0.158949  0.221521 -0.118045 -0.108440  0.141345 -0.349064  0.129062 -0.080761 -0.037396 -0.083670 -0.017096 -0.120370 -0.315745 -0.048635 -0.033157 -0.119313  0.058460  0.134439  0.223462  0.095546 -0.223576  0.087944
-0.301310 -0.000000 -0.000000 -0.000000 -0.278833  0.038701  0.052359  0.179686  0.133239 -0.142502  0.098558 -0.279075  0.095031 -0.006603 -0.009526 -0.079784  0.012036 -0.087866  0.046326 -0.109948  0.085960 -0.061081 -0.056384  0.026593 -0.238603 -0.307239  0.158968  0.115395 -0.226191 -0.225976  0.030738 -0.154053 -0.190564  0.036973 -0.257444 -0.063486 -0.086881 -0.103196 -0.114346 -0.045628  0.023578 -0.068855 -0.267312  0.279031  0.062222
 0.000000 -0.301310 -0.000000  0.000000  0.125070 -0.030614  0.046821 -0.031841 -0.202886 -0.202816  0.111172  0.315111 -0.029306 -0.153933 -0.011973 -0.127449  0.108169  0.008481 -0.005018 -0.058450 -0.038373  0.025804 -0.250481  0.423002 -0.068892 -0.003551  0.015350 -0.091689  0.086984 -0.062425 -0.041970  0.001572  0.084205 -0.024209  0.094601 -0.162454 -0.212203  0.092443  0.104380 -0.337380 -0.060175  0.059052 -0.029545  0.275645  0.252207
-0.301310  0.000000 -0.000000 -0.000000 -0.066197  0.070466  0.063710 -0.059564  0.090025  0.244158  0.199764  0.080653 -0.182950 -0.043970  0.003177 -0.127771 -0.107116 -0.256524  0.232223  0.235950  0.052814  0.014334 -0.203865 -0.037953 -0.184106  0.226174  0.115482 -0.116401 -0.071664  0.108094 -0.037187  0.231281  0.214382 -0.080977 -0.192879  0.043782 -0.014574 -0.103733  0.104484  0.143916  0.059029  0.194594  0.249303  0.229924 -0.138856
 0.000000 -0.000000  0.000000 -0.301310  0.012881  0.259158  0.224787  0.159526 -0.216876 -0.126376 -0.073394 -0.182498  0.120731  0.102831  0.038858  0.119110 -0.309306  0.203419 -0.154695 -0.169182  0.078549  0.127306 -0.142632 -0.056302  0.050047  0.078014 -0.035839 -0.120218 -0.240592 -0.040730 -0.279891  0.167808  0.008858 -0.095131  0.211371  0.068813 -0.125313 -0.014971 -0.080900  0.187740  0.002879  0.178132  0.125535  0.142515  0.115882
 0.000000 -0.000000 -0.301310 -0.000000  0.212741 -0.089037  0.162739 -0.056635  0.201165  0.066172 -0.113105 -0.408876 -0.154810 -0.098344  0.255806  0.110276 -0.023042  0.057057  0.060319 -0.162618 -0.020050 -0.098705  0.197854  0.137452 -0.118094  0.186286  0.034095 -0.037499  0.230581  0.121081  0.143218  0.036453  0.131767  0.184633 -0.007336 -0.098395 -0.136342 -0.218202 -0.053493  0.041682 -0.078265 -0.000931  0.036933  0.106759  0.310591
-0.000000  0.301310  0.000000  0.000000  0.017561  0.109049 -0.001927 -0.118453  0.142879  0.051922 -0.017024  0.119182  0.129416 -0.153136  0.024018  0.051267  0.142724 -0.066021  0.168982 -0.218171  0.068848  0.301378 -0.056689 -0.212182 -0.041713  0.389567  0.078859 -0.036650 -0.030391 -0.054000 -0.259291 -0.152344  0.184327 -0.012471  0.110109 -0.196314 -0.056628  0.010494 -0.228193 -0.197715 -0.067653 -0.087059 -0.313788  0.034249 -0.104261
-0.000000 -0.301310  0.000000  0.000000  0.032231  0.016787 -0.086731  0.079450 -0.075978  0.118852  0.138192  0.064522 -0.115882 -0.082110  0.291540  0.120993  0.285773  0.128436  0.205843 -0.192680  0.157774  0.270296  0.024821 -0.193857  0.209363 -0.192127  0.162919 -0.082001 -0.055184 -0.151648  0.109589  0.096049  0.116349  0.250883 -0.040828  0.346603  0.032632  0.129758 -0.122358  0.064485 -0.036542 -0.055605  0.081488  0.097996 -0.003521
-0.000000  0.301310  0.000000  0.000000 -0.053592  0.237983 -0.257373 -0.096142  0.028477 -0.033834  0.013480 -0.057901  0.187952 -0.062214 -0.013575  0.098193  0.116691  0.123981  0.217097  0.108724 -0.347421  0.075611  0.118602  0.038413 -0.020875 -0.087213  0.049213 -0.091338 -0.070014 -0.200056  0.126006  0.095406 -0.131943 -0.151088  0.000109  0.064378 -0.188259 -0.123279  0.026908 -0.207884 -0.310149  0.043556  0.394610  0.004941  0.091133
 0.301310  0.000000 -0.000000  0.000000 -0.100119  0.098625  0.145046 -0.070825  0.302507  0.165105 -0.251155  0.117618 -0.086571 -0.150940  0.150224  0.051315 -0.176392 -0.177436  0.114708  0.165880 -0.009029  0.120229  0.099569  0.113643 -0.038752 -0.326357 -0.150071  0.000147  0.048411 -0.215876 -0.351372  0.275664 -0.120047  0.125372  0.058893  0.031974  0.072118 -0.025052  0.104786 -0.097636  0.089057  0.026327 -0.121998  0.084883  0.031675
 0.000000 -0.025848 -0.275462  0.000000  0.197103 -0.013778  0.089314 -0.491519  0.024932 -0.246754 -0.015790  0.044919 -0.185602  0.399996 -0.132698  0.074065  0.050643  0.034833 -0.022572 -0.033124  0.007204  0.163137 -0.216648 -0.115728  0.011907 -0.095856  0.077832  0.121274  0.147193 -0.109161 -0.068607  0.002280 -0.161243 -0.069476 -0.067894  0.151509 -0.012318 -0.252844  0.066424  0.056197 -0.104557 -0.050782 -0.062101  0.134284 -0.165280
 0.000000 -0.000000 -0.301310 -0.000000  0.055244  0.205783 -0.076329  0.168044  0.040255 -0.007453 -0.493109  0.132374 -0.195343  0.014235 -0.250305 -0.008408  0.091095  0.005928  0.091484  0.031030  0.034489 -0.172775 -0.062831  0.012095  0.008791  0.024103  0.241469 -0.354620 -0.060088 -0.143800  0.026020 -0.195313  0.023551 -0.014656 -0.139221  0.115626 -0.145392  0.104551 -0.022791  0.037192  0.204313  0.141902 -0.059098 -0.172779  0.054367
-0.000000 -0.301310 -0.000000 -0.000000  0.008285  0.156511  0.142117 -0.134743 -0.057986  0.092698  0.036584  0.055684 -0.051495 -0.338525 -0.262239 -0.113211  0.111040 -0.003395 -0.117729 -0.089796 -0.016491  0.079987  0.259172 -0.071564  0.059202  0.199319 -0.259406 -0.049066 -0.181407 -0.122728  0.159343  0.083563 -0.198172 -0.137810 -0.164448  0.026768  0.128424 -0.277604 -0.031938  0.100776 -0.180956  0.212862 -0.211963 -0.062692  0.083012
 0.301310  0.000000 -0.000000  0.000000 -0.001726  0.109646  0.069137 -0.134291  0.055477 -0.291581  0.055581 -0.170746 -0.076031 -0.298163 -0.262340  0.033200  0.054530 -0.017673  0.018852  0.098837  0.362980  0.189745  0.018273  0.087471 -0.112129  0.089716  0.064588  0.178729 -0.156457  0.099407 -0.042564 -0.061768 -0.065110  0.143913 -0.186058 -0.060921 -0.066545  0.189429  0.031747  0.051131  0.091383 -0.208670  0.372294 -0.076388  0.001852
 0.000000  0.301310  0.000000 -0.000000 -0.058264 -0.006723  0.380827  0.103397  0.047033  0.198169  0.184255  0.122075 -0.070827  0.192061 -0.113979  0.187624 -0.091693  0.083832 -0.068911 -0.030981  0.078894  0.203577  0.166087  0.296906  0.276750 -0.023781 -0.090567 -0.232555 -0.011066 -0.061684  0.169895 -0.171775  0.086228 -0.066125 -0.258645 -0.000441 -0.046514  0.106171  0.193017 -0.004982 -0.081200 -0.175213 -0.043570  0.118928 -0.023951
-0.000000  0.000000 -0.000000 -0.301310  0.276424 -0.063231 -0.287701  0.091948  0.386857 -0.149875  0.006351  0.045167  0.081844  0.069475  0.110040 -0.172339  0.063809  0.186624 -0.092545 -0.029045 -0.035559 -0.078332  0.030163  0.068932  0.145738  0.238586 -0.209012 -0.036795 -0.146623 -0.116505  0.056184  0.252111 -0.102040  0.054290 -0.222385 -0.045896 -0.060095  0.076022  0.063726 -0.020027  0.224801 -0.095693 -0.033565  0.196824 -0.212949
 0.301310
