9 16
-0.045652 -0.000000 -0.000000 -0.000000 -0.000000  0.000000 -0.000000 -0.136955 -0.707107 -0.266791 -0.212869  0.202727  0.172887  0.431453  0.012558 -0.324609
-0.182607 -0.000000  0.000000  0.000000 -0.000000 -0.000000 -0.707107  0.000000 -0.000000  0.238277  0.047928  0.196297 -0.559517  0.217315  0.035089 -0.086791
 0.182607 -0.000000 -0.707107  0.000000  0.000000  0.000000 -0.000000 -0.000000 -0.000000 -0.153073  0.025099  0.601166 -0.016645 -0.217812  0.081329  0.163889
-0.889714  0.000000 -0.000000  0.000000  0.000000  0.000000 -0.000000 -0.000000  0.000000  0.029354 -0.180871  0.180417  0.224476 -0.282126 -0.082913  0.073647
 0.000000 -0.000000  0.000000  0.000000 -0.000000 -0.707107 -0.000000  0.182607 -0.000000 -0.370620 -0.247275 -0.141784 -0.300623 -0.297721  0.075224 -0.251748
 0.000000  0.707107 -0.000000  0.000000 -0.000000 -0.000000 -0.000000 -0.182607 -0.000000  0.140920  0.338764  0.057609  0.096548 -0.247510  0.096814 -0.498759
-0.000000 -0.000000 -0.000000 -0.000000  0.000000 -0.707107  0.000000 -0.182607 -0.000000  0.370620  0.247275  0.141784  0.300623  0.297721 -0.075224  0.251748
-0.045652 -0.000000  0.000000 -0.000000 -0.707107  0.000000 -0.000000  0.136955 -0.000000 -0.240037  0.323013  0.038581 -0.058261  0.044394 -0.555969 -0.035339
-0.182607  0.000000 -0.000000 -0.707107  0.000000  0.000000 -0.000000 -0.000000  0.000000 -0.336154  0.390261 -0.094980 -0.032639  0.133210  0.384081  0.161253
-0.000000  0.707107  0.000000 -0.000000  0.000000 -0.000000 -0.000000  0.182607 -0.000000 -0.140920 -0.338764 -0.057609 -0.096548  0.247510 -0.096814  0.498759
 0.182607 -0.000000  0.000000 -0.707107 -0.000000  0.000000  0.000000 -0.000000  0.000000  0.336154 -0.390261  0.094980  0.032639 -0.133210 -0.384081 -0.161253
-0.045652  0.000000 -0.000000  0.000000 -0.000000 -0.000000 -0.000000 -0.136955  0.707107 -0.266791 -0.212869  0.202727  0.172887  0.431453  0.012558 -0.324609
-0.182607  0.000000 -0.000000  0.000000  0.000000  0.000000  0.707107  0.000000  0.000000  0.238277  0.047928  0.196297 -0.559517  0.217315  0.035089 -0.086791
 0.182607  0.000000  0.707107 -0.000000  0.000000  0.000000  0.000000 -0.000000 -0.000000 -0.153073  0.025099  0.601166 -0.016645 -0.217812  0.081329  0.163889
-0.000000  0.000000 -0.000000  0.000000 -0.000000 -0.000000 -0.000000  0.889714 -0.000000  0.201743  0.075582  0.132383  0.234195  0.139773  0.183891 -0.190450
-0.045652 -0.000000  0.000000 -0.000000  0.707107  0.000000 -0.000000  0.136955  0.000000 -0.240037  0.323013  0.038581 -0.058261  0.044394 -0.555969 -0.035339
 0.889714
