1 19
 0.229416  0.025652 -0.106856 -0.207218 -0.259997  0.204825  0.084675 -0.421172 -0.018533  0.282489 -0.141723  0.203241 -0.057587  0.259999 -0.159602 -0.184687 -0.449278 -0.292443 -0.197076
 0.229416  0.017808 -0.320965  0.166273 -0.021760  0.033057  0.177117  0.104185 -0.288156 -0.044018  0.177014  0.199628 -0.362372 -0.421661 -0.437774  0.178550 -0.049222  0.193150 -0.209932
 0.229416 -0.083748  0.044589  0.232736  0.124326  0.288957 -0.066707 -0.004045 -0.358306  0.345316  0.213563 -0.166878  0.052400 -0.246460  0.166063 -0.078393 -0.084510 -0.286441  0.522777
-0.229416 -0.058131 -0.180441 -0.016288  0.092958  0.145464 -0.172637 -0.141118 -0.304505 -0.261915  0.113855 -0.327401 -0.258729 -0.025810  0.225738 -0.575178 -0.051700  0.096707 -0.297909
-0.229416  0.207096 -0.473319  0.045833 -0.396808 -0.108279  0.087576  0.020216 -0.188420  0.178113  0.124424 -0.288863  0.227507  0.253957 -0.249421 -0.011603  0.363443 -0.123260  0.095165
 0.229416 -0.544024 -0.278092 -0.096528  0.216174 -0.468915 -0.007854 -0.093860  0.069982  0.145340 -0.229979 -0.049431  0.095336 -0.208412 -0.009991 -0.167095  0.232249 -0.246640 -0.112244
 0.229416  0.231144  0.226639  0.413291 -0.314521 -0.076771  0.062566 -0.451667  0.227632 -0.093283 -0.219931 -0.331728 -0.153453 -0.269694  0.045684 -0.005731  0.198388 -0.013877 -0.046333
 0.229416  0.276336  0.096633 -0.443621  0.168160 -0.091168  0.278026  0.188211  0.005704 -0.228507 -0.064877 -0.505632  0.133891 -0.144699 -0.274359 -0.093367 -0.248560 -0.093664  0.100137
-0.229416  0.209044  0.229820  0.084993  0.002045 -0.610219  0.361107  0.031055 -0.234080  0.340395  0.051878  0.114765 -0.197872  0.000514  0.178564 -0.187536 -0.202200  0.072382  0.032211
-0.229416 -0.056868 -0.090842 -0.039532  0.004706 -0.351059 -0.479342 -0.321850 -0.040983 -0.220688  0.043957 -0.074341 -0.210294  0.010665 -0.235789  0.261544 -0.328290 -0.065534  0.373428
-0.229416 -0.120739  0.043269  0.300123  0.093632 -0.021323  0.050468 -0.081606  0.382621  0.099825  0.515636 -0.115694  0.379979 -0.170816 -0.204527 -0.075297 -0.303567 -0.067250 -0.262772
-0.229416  0.002262  0.046120 -0.080915 -0.096977  0.112285 -0.288241  0.390309  0.208423  0.479195 -0.213758 -0.312246 -0.373367 -0.156892 -0.041672  0.144728 -0.076039 -0.151546 -0.222587
 0.229416  0.310164 -0.348901  0.009415 -0.243972 -0.152431 -0.356802  0.227644  0.207482  0.032555 -0.067024  0.184883  0.237808 -0.255965  0.231532 -0.286160 -0.232041  0.244674  0.115770
-0.229416  0.140640 -0.240105 -0.278036  0.248948  0.147249  0.124824 -0.433623 -0.042573  0.279728 -0.131230 -0.093274  0.194714 -0.286880  0.226852  0.323172 -0.008097  0.348806 -0.039226
-0.229416  0.263457 -0.219024  0.461505  0.408742  0.083467  0.069745  0.088392 -0.046858 -0.132395 -0.518631  0.112602  0.116187  0.040597 -0.102350 -0.035760 -0.145140 -0.283868 -0.018861
 0.229416  0.457488 -0.048909 -0.068889  0.493700 -0.068493 -0.231049 -0.144351  0.219045  0.197100  0.309813  0.081506 -0.233659  0.196052 -0.096933 -0.103067  0.310788 -0.083252 -0.047497
 0.229416  0.135473 -0.115314  0.047851 -0.027945 -0.178124 -0.069296  0.076665 -0.209060 -0.161208  0.188578 -0.117983  0.082010  0.098855  0.467555  0.472729 -0.144212 -0.340804 -0.394388
 0.229416 -0.211278 -0.316904  0.251469  0.123210  0.004089  0.241130  0.072434  0.263534  0.073292 -0.004360 -0.312845 -0.235073  0.438148  0.133850  0.088396 -0.240374  0.356965  0.172041
-0.229416  0.028253 -0.283560 -0.172904 -0.099872  0.097440  0.358307  0.002268  0.385697 -0.213181  0.174944  0.169213 -0.318825 -0.219170  0.268631 -0.022895  0.044817 -0.388770  0.243805
 0.229416
