17 21
-0.000419  0.000175  0.000132 -0.000366 -0.996293 -0.000054  0.000233  0.000050  0.000040 -0.000316 -0.000226 -0.000493 -0.000871 -0.000085 -0.000034  0.000020 -0.000037 -0.015733 -0.044222  0.012723  0.070942
-0.000000 -0.000000  0.000000 -0.000000  0.000000 -0.000000  0.000003  0.000000 -0.000000  0.000000 -0.000000 -0.000000 -0.000000  0.999995  0.000000 -0.000000  0.000000 -0.002639  0.000562  0.001073  0.000769
-0.000000  0.000000  0.000000  0.000000 -0.000000  0.000000  0.999991 -0.000000 -0.000000  0.000007 -0.000000  0.000000 -0.000000  0.000001 -0.000000  0.000000 -0.000000  0.002292  0.003170  0.000915 -0.000959
-0.000201 -0.963590  0.000647 -0.000315  0.001166  0.001412  0.000536  0.020380  0.001390 -0.001090  0.002141  0.000923 -0.001011  0.000461  0.000013  0.000202  0.001201  0.048647 -0.150530 -0.212966 -0.026127
 0.000000 -0.000000  0.000000  0.000000  0.000000 -0.000000 -0.000012  0.000000 -0.000000 -0.999981 -0.000000  0.000000  0.000000 -0.000005  0.000000  0.000001  0.000000 -0.000510  0.005986  0.000891 -0.000999
 0.002528  0.000086 -0.003439  0.665540 -0.004621  0.018424  0.001215  0.001070 -0.016835  0.001023 -0.001646 -0.011939  0.197639 -0.001494 -0.056602  0.000405  0.000979 -0.656693  0.138176 -0.240723 -0.075435
-0.000683 -0.192323  0.692326  0.014223 -0.002274 -0.008774 -0.001409 -0.053127  0.003433  0.002839 -0.003704 -0.001757  0.003917 -0.001188  0.000253 -0.000485 -0.003023 -0.116111  0.397921  0.548042  0.091389
 0.000000 -0.000000 -0.000000  0.000000 -0.000000 -0.000000  0.000000  0.000000 -0.000000 -0.000001  0.000000  0.000000 -0.000000 -0.000000 -0.000000  0.999998 -0.000000 -0.000022 -0.000784  0.001627 -0.001064
-0.970836 -0.000737 -0.000042  0.000004 -0.020162 -0.001702 -0.000645 -0.000003 -0.000867  0.000812 -0.000482 -0.001230 -0.000075  0.000281  0.001351 -0.000059  0.000120  0.056983  0.113080 -0.038402 -0.198878
 0.003643 -0.185487 -0.721372  0.004977 -0.003856  0.003117 -0.001396 -0.050788  0.003272  0.002785 -0.003793  0.005460  0.000723 -0.001123  0.000578 -0.000468 -0.002887 -0.108885  0.390481  0.522287  0.073374
 0.000844 -0.004110  0.005156 -0.745589 -0.003241 -0.002805  0.001015 -0.001105 -0.002261  0.001050  0.000532  0.002262  0.175048 -0.001358 -0.050330  0.000408  0.000959 -0.583056  0.150310 -0.215266 -0.044213
-0.000267  0.000583 -0.002474 -0.001335  0.000487 -0.000659 -0.000422  0.000363  0.003756 -0.000424 -0.000581 -0.001883  0.964482  0.000559  0.020684 -0.000166 -0.000388  0.239991 -0.060303  0.087996  0.018519
-0.179261  0.000609 -0.015248  0.011682  0.062741 -0.657031  0.002050 -0.000544 -0.004752 -0.002546 -0.001468 -0.008092  0.002839 -0.000913 -0.005889  0.000114 -0.000568 -0.198943 -0.364749  0.133914  0.584098
-0.001012 -0.000375 -0.000027 -0.003369  0.000474  0.000038 -0.000435 -0.001214 -0.967393  0.000647  0.018847  0.001026  0.001296  0.000136  0.000884  0.000460  0.001305  0.079721  0.155602 -0.113770  0.142353
 0.000000  0.000000 -0.000000  0.000000 -0.000000  0.000000 -0.000001 -0.000000 -0.000000 -0.000000  0.000000 -0.000000 -0.000000 -0.000008 -0.000001 -0.000014  0.999975 -0.001026 -0.001406  0.006614 -0.001770
 0.000198  0.000044 -0.000262 -0.000185 -0.000154 -0.000152 -0.000152  0.000001  0.000545 -0.000090  0.000359  0.000305 -0.000056  0.000173 -0.996885 -0.000047 -0.000104  0.073801 -0.012120  0.024961  0.001708
-0.004726  0.004868 -0.004055  0.009756  0.001793 -0.005821 -0.001051 -0.002515  0.171541  0.001690  0.048635 -0.731889  0.000860  0.000295  0.000813  0.001229  0.003494  0.177419  0.406039 -0.315649  0.369252
 0.000005  0.000025 -0.000163 -0.000131 -0.000370  0.000038  0.000109  0.000140  0.000148 -0.000168  0.997239 -0.000210  0.000409 -0.000045  0.000218 -0.000142 -0.000419 -0.021503 -0.042539  0.040045 -0.040483
 0.158801 -0.001022  0.002128  0.008190 -0.054733 -0.753423 -0.001721  0.000320 -0.001054  0.002171 -0.000014 -0.000013  0.000692  0.000766  0.004102 -0.000120  0.000446  0.155591  0.306338 -0.117807 -0.521643
-0.008945  0.007550  0.002944  0.024758  0.001867 -0.013795 -0.001081 -0.002293  0.185398  0.001785  0.052497  0.681238  0.006510  0.000291  0.000480  0.001328  0.003772  0.179778  0.431696 -0.343153  0.401659
-0.000033  0.000025  0.000129 -0.000441 -0.000229 -0.000523 -0.000161  0.997079  0.000014  0.000323 -0.000307 -0.000101 -0.000083 -0.000129  0.000041 -0.000047 -0.000314 -0.011953  0.046127  0.058526  0.011682
 0.999999
