11 13
-0.000016  0.000025 -0.000139 -0.000052  0.002475  0.995957 -0.000140  0.000212 -0.000130 -0.000116 -0.000698  0.032156 -0.083841
 0.000046  0.000276 -0.000028  0.997574  0.000133  0.000195  0.000284 -0.000088 -0.000031  0.001243  0.000032 -0.065540 -0.023434
-0.000178  0.961525  0.000116  0.018856 -0.000643 -0.000179 -0.001874 -0.001001  0.000074 -0.004908 -0.000100  0.256462  0.096499
 0.000000 -0.000000  0.999999  0.000000  0.000000  0.000000 -0.000000  0.000000  0.000000  0.000000 -0.000000  0.000151 -0.001599
-0.000003  0.000003 -0.000044  0.000001 -0.999614 -0.000011  0.000005 -0.000044  0.000036 -0.000011 -0.000213  0.007547 -0.026746
-0.000012 -0.000020  0.000006  0.000010 -0.000023  0.000007 -0.000015 -0.000041 -0.000003  0.999838 -0.000019  0.017217  0.005292
-1.000000  0.000000  0.000000 -0.000000 -0.000000  0.000000 -0.000000 -0.000000 -0.000000 -0.000000  0.000000 -0.000670 -0.000068
-0.000002 -0.000000 -0.000012  0.000003  0.000001 -0.000000  0.000001  0.000001 -0.000006  0.000003  0.999970  0.003082 -0.007148
 0.000105 -0.005842  0.001068  0.000429 -0.018956  0.061863  0.192215 -0.700628 -0.004507  0.000387  0.005310 -0.222799  0.646733
-0.000112  0.000409 -0.001044  0.000400  0.018658 -0.060502 -0.188303 -0.713404 -0.007021 -0.000681 -0.005222  0.231610 -0.630767
 0.000428  0.187314 -0.000257 -0.045708  0.001191  0.001321  0.008368 -0.001075 -0.731562  0.011769  0.000326 -0.615900 -0.219305
 0.000459  0.200869 -0.000280 -0.048999  0.001399  0.001394  0.008295 -0.013132  0.681723  0.012629  0.000340 -0.660041 -0.237581
-0.000051 -0.000241 -0.000412  0.000554  0.007413 -0.024056  0.963044  0.000469  0.000011 -0.000415 -0.002088  0.101316 -0.248281
 1.000000
