16 19
-0.997406  0.000009  0.001649 -0.000011 -0.000023 -0.000014 -0.000047 -0.000122  0.000040 -0.000036 -0.000024  0.000012  0.000059 -0.000043 -0.000011  0.000468 -0.069475 -0.017306 -0.007164
-0.000001  0.000001  0.000002 -0.000001  0.000003  0.000001  0.000001 -0.000000 -0.000001  0.000003  0.000002 -0.000001  0.000002  0.000001 -0.000000  0.999979  0.006229  0.001807  0.000709
-0.000000  0.000000  0.000000  0.000000 -0.000000 -0.000000 -0.000000  0.000000  0.000000  0.000000 -1.000000 -0.000000  0.000000  0.000000  0.000000 -0.000000  0.000325 -0.000141  0.000549
-0.000028 -0.000152  0.000007 -0.000004 -0.000029  0.000020  0.999660  0.000004 -0.000010  0.000007  0.000013  0.000047  0.000003 -0.000002 -0.000003  0.000004  0.002701 -0.019163  0.017494
 0.000004  0.000021 -0.000004  0.000009  0.000007 -0.999684  0.000014 -0.000033  0.000034  0.000069 -0.000006 -0.000028  0.000007 -0.000057 -0.000011  0.000006  0.006058 -0.016152 -0.018302
 0.000016  0.000059 -0.000029 -0.000099  0.000021  0.002027 -0.000038 -0.000007  0.000336  0.000219 -0.000018 -0.000077  0.000045 -0.000170 -0.996781  0.000017  0.018871 -0.052066 -0.057929
-0.000001 -0.000002  0.999737  0.000008 -0.000003  0.000006 -0.000002  0.000004 -0.000003  0.000012  0.000008 -0.000001 -0.000008  0.000004 -0.000008 -0.000151  0.022199  0.005324  0.002095
-0.000019  0.000497  0.000006  0.000169 -0.000013  0.000046  0.002170 -0.000150 -0.000022 -0.000017 -0.000043  0.000157 -0.996536 -0.000063  0.000068 -0.000005 -0.009272  0.058907 -0.057914
 0.045765 -0.000002  0.014525  0.004467  0.007492 -0.000102 -0.000469 -0.156551  0.756190 -0.000325 -0.000205  0.004753 -0.000653 -0.001844  0.000170  0.004131 -0.610552 -0.159980 -0.053630
 0.000298 -0.001607  0.000094  0.000124  0.001902 -0.000059 -0.006965 -0.000389 -0.001989  0.000060  0.000137 -0.962930 -0.022573  0.000213 -0.000021  0.000064  0.024893 -0.194068  0.184160
-0.000000  0.000000 -0.000000  0.000000 -0.000000 -0.000000  0.000000 -0.000000  0.000000 -0.999996 -0.000000  0.000001  0.000000  0.000000  0.000000 -0.000000  0.001166 -0.001830 -0.001757
 0.017102  0.000037  0.005467  0.000426  0.001705 -0.000079 -0.000023  0.970955  0.000062 -0.000124 -0.000081  0.000233  0.000118  0.000007 -0.000033  0.001555 -0.230645 -0.055880 -0.024474
-0.000075 -0.004138 -0.000039 -0.017486 -0.693534 -0.000327 -0.018060  0.002637 -0.003739  0.000152  0.000357  0.192964 -0.057661  0.003790 -0.000591  0.000088  0.075021 -0.493763  0.477846
 0.000001  0.999982 -0.000000 -0.000000  0.000001  0.000001 -0.000003  0.000000  0.000002 -0.000000  0.000003  0.000000 -0.000001  0.000002 -0.000002 -0.000001  0.000582 -0.003786  0.004658
 0.000637 -0.000385  0.000391 -0.713248  0.002305 -0.016885  0.000866 -0.002273 -0.004279 -0.001843  0.000139 -0.005339  0.000757  0.194264 -0.053915 -0.000090 -0.169392  0.449299  0.468744
-0.052823 -0.000040 -0.016781 -0.016472 -0.009951  0.000238  0.000374  0.180829  0.654288  0.000385  0.000240 -0.006693  0.000140  0.004736  0.000541 -0.004771  0.706950  0.178053  0.064758
 0.001373  0.003993  0.000434  0.001167 -0.720162  0.000617  0.017318 -0.004429  0.002278 -0.000121 -0.000352 -0.188240  0.055492 -0.002154  0.001546  0.000037 -0.086163  0.462490 -0.470297
 0.000367  0.000206  0.000050 -0.000255  0.003619  0.006904 -0.000150 -0.001259 -0.002150  0.000754 -0.000065  0.000219  0.000242  0.960658  0.022095  0.000096  0.060035 -0.181858 -0.199759
 0.000915  0.000502  0.000106 -0.700485  0.014046  0.017180 -0.000420 -0.002419 -0.006110  0.001861 -0.000158  0.000323  0.000509 -0.198375  0.055037  0.000228  0.149784 -0.449577 -0.491776
 1.000000
