16 34
-0.000212  0.001535  0.000073  0.038327  0.000152 -0.020943 -0.000280 -0.000857 -0.000332  0.001130 -0.000158 -0.000111  0.008994  0.555871  0.074811 -0.000837 -0.247634  0.055010 -0.355047  0.343975  0.131398  0.140542 -0.004551  0.262803 -0.230187  0.195345  0.115483 -0.273518  0.039690 -0.191010 -0.086320  0.179672  0.023178  0.104704
-0.000000 -0.000000 -0.000000 -0.000000 -0.707107  0.000000 -0.000000 -0.000000  0.000000 -0.000000 -0.000000  0.000000  0.000000 -0.000000 -0.000000  0.000000 -0.286940 -0.107418 -0.042099  0.193628  0.118480 -0.030073  0.193590 -0.226844  0.155507  0.132682 -0.240785  0.026723 -0.138358  0.097416  0.131417 -0.238956  0.021066  0.243023
-0.000006 -0.000004  0.000009 -0.000006 -0.000002 -0.000000 -0.000016 -0.000003  0.000035 -0.000007  0.000006 -0.000001 -0.707003  0.000002  0.000004  0.000001  0.097657  0.249093  0.063834 -0.036578  0.057646  0.173805  0.173142  0.350731  0.157077 -0.036382  0.024652 -0.186610  0.108810  0.245548  0.009936 -0.267018 -0.131624  0.119768
 0.000008  0.000162  0.002725 -0.000246 -0.000009 -0.000030  0.000005  0.000047  0.000044  0.000286 -0.703104 -0.000057  0.000022 -0.000122 -0.000121 -0.000038 -0.125668 -0.216591  0.090100  0.183660 -0.047357  0.195956  0.234185  0.007639  0.058346 -0.332877  0.328100  0.006898 -0.099707  0.127441  0.146953  0.117127  0.090362 -0.118201
 0.000000 -0.000000  0.000000 -0.000000 -0.000000 -0.000000  0.000000 -0.707106  0.000000  0.000000  0.000000  0.000000  0.000000 -0.000000 -0.000000 -0.000000 -0.035364  0.059059 -0.128689  0.021989 -0.260176  0.299592 -0.044968  0.007407 -0.027053  0.283362 -0.130126  0.193619 -0.082862  0.336795  0.038106  0.132704 -0.043268 -0.204978
-0.000000 -0.000000  0.000000 -0.000000  0.000000  0.000000 -0.000001  0.000000 -0.707106  0.000000  0.000000  0.000000 -0.000000 -0.000000  0.000000 -0.000000  0.249629 -0.106334  0.144779  0.273477  0.008102 -0.304631  0.093495  0.252070 -0.013523  0.086503 -0.091769  0.081795 -0.184681  0.185671 -0.145027  0.173859  0.117461  0.095223
 0.000000 -0.000000  0.000000  0.000000 -0.000000  0.000000  0.000000 -0.000000 -0.000000  0.000000  0.000000  0.707107 -0.000000 -0.000000  0.000000 -0.000000  0.018842  0.227021  0.221932  0.258182 -0.161051  0.199986 -0.062848 -0.019841  0.145129 -0.120291 -0.276371 -0.083802 -0.007728 -0.247562 -0.061379 -0.007411  0.259087 -0.103382
 0.000000 -0.000000  0.000000 -0.000000 -0.000000 -0.000000  0.000000 -0.707106  0.000000 -0.000000  0.000000  0.000000  0.000000  0.000000 -0.000000  0.000000  0.035878 -0.059375  0.129417 -0.022645  0.259910 -0.299697  0.044965 -0.007680  0.027749 -0.283535  0.129984 -0.193042  0.082906 -0.336659 -0.037588 -0.132831  0.043243  0.204968
 0.000000 -0.000000  0.000000 -0.000000  0.707107 -0.000000  0.000000  0.000000 -0.000000 -0.000000  0.000000 -0.000000 -0.000000 -0.000000 -0.000000 -0.000000 -0.286803 -0.107426 -0.042279  0.193452  0.118314 -0.030260  0.193603 -0.226637  0.155668  0.132540 -0.240903  0.026926 -0.138447  0.097323  0.131922 -0.239077  0.021232  0.242945
 0.000757 -0.604820 -0.022257  0.000726  0.000118 -0.000577 -0.000084 -0.000184  0.000272 -0.000747 -0.072312 -0.000020 -0.000104 -0.002917 -0.000056  0.000429 -0.309565  0.224247  0.034544 -0.157496 -0.231840 -0.044187  0.023062  0.009564 -0.220947 -0.242751 -0.066854  0.134700 -0.120836  0.075534 -0.374794  0.055921 -0.057869  0.320005
 0.000033 -0.000003  0.706812 -0.000010 -0.000021 -0.000006 -0.000002 -0.000000 -0.000006  0.000011 -0.000051 -0.000012 -0.000010 -0.000004  0.000071  0.000006  0.081160 -0.043910  0.048241 -0.017445  0.089420  0.081746  0.301029  0.006691 -0.384069 -0.116784 -0.307830  0.100254  0.290224 -0.017375  0.153404  0.095757 -0.024952  0.010643
 0.707106 -0.000000 -0.000000 -0.000000  0.000000  0.000000 -0.000000 -0.000000  0.000000  0.000000  0.000000  0.000000  0.000000  0.000000  0.000000  0.000000 -0.162548  0.075237  0.057758 -0.273817 -0.035383 -0.155588  0.174931 -0.053080  0.070422  0.135998 -0.023072 -0.329116  0.086631  0.148575  0.038189  0.228490  0.333573 -0.062511
-0.000002  0.000027  0.000024 -0.000008 -0.000017 -0.706774  0.000008  0.000011  0.000041  0.000009  0.000037 -0.000028 -0.000044  0.000022 -0.000026 -0.000017  0.072006 -0.102613 -0.144699 -0.248221  0.379719  0.248886 -0.022826  0.090736  0.078124 -0.117455 -0.161656  0.082811 -0.249071  0.001691 -0.161587  0.051618  0.208178 -0.016660
 0.000451  0.000689 -0.000103 -0.033060 -0.000250 -0.020460  0.000223 -0.000320 -0.001418 -0.000611  0.000613 -0.000341 -0.009096 -0.560849  0.076898 -0.000053 -0.232222  0.021872 -0.409419  0.062344 -0.151448 -0.135029  0.067253  0.453245 -0.069321  0.035071  0.030474  0.130529  0.015273 -0.248647  0.171406 -0.128413  0.257600 -0.051087
 0.000607 -0.002394 -0.000267 -0.064990 -0.000365  0.000293  0.000457  0.000482 -0.000997 -0.001118 -0.000147 -0.000212 -0.016416  0.613551  0.002366  0.000706  0.010539 -0.028393 -0.053313 -0.255293 -0.259010 -0.251628  0.065756  0.175897  0.143411 -0.147086 -0.077721  0.366958 -0.023159 -0.053272  0.232333 -0.280480  0.213865 -0.140666
-0.000047  0.000176  0.000192  0.000109  0.000011  0.000153 -0.000045 -0.000083 -0.000170 -0.704117 -0.000063 -0.000040 -0.000038  0.000034  0.000204 -0.001489  0.008834 -0.081028  0.217247 -0.057436 -0.035920  0.071267 -0.132210  0.032599 -0.420889  0.097562  0.053738 -0.180337 -0.267466  0.043689  0.109027 -0.300125  0.154590 -0.027998
-0.000129 -0.000066  0.000837 -0.000010 -0.000010  0.000059  0.000009 -0.000018 -0.000087  0.000078 -0.705272  0.000060 -0.000011 -0.000244  0.000145  0.000043  0.174912  0.179527 -0.095240 -0.157646  0.084695 -0.187967 -0.237222 -0.008617 -0.022518  0.371570 -0.315995 -0.028366  0.119088 -0.139641 -0.085898 -0.125786 -0.080425  0.066419
 0.000000 -0.000000 -0.000000 -0.000000 -0.000001  0.000000  0.000000 -0.000000  0.707104 -0.000000 -0.000000 -0.000001 -0.000000  0.000000 -0.000000  0.000000  0.249598 -0.106224  0.142817  0.273698  0.007433 -0.305700  0.093595  0.253011 -0.013855  0.085869 -0.092285  0.081480 -0.185176  0.185355 -0.144062  0.172945  0.118038  0.094164
 0.000000 -0.000000  0.000000  0.000000 -0.000000 -0.000000  0.000000 -0.000000 -0.000000  0.000000  0.000000  0.707107 -0.000000  0.000000 -0.000000 -0.000000 -0.018931 -0.226911 -0.222373 -0.258130  0.160933 -0.200148  0.062909  0.020093 -0.145256  0.120039  0.276330  0.083796  0.007529  0.247518  0.061628  0.007300 -0.258900  0.103254
 0.000021  0.564107 -0.011205  0.000190  0.000055  0.000614 -0.000008 -0.000356 -0.000828  0.066520 -0.039277 -0.000188 -0.000659 -0.001716 -0.000306 -0.019142 -0.080886  0.156284 -0.275534  0.012824 -0.169078 -0.197533  0.048280 -0.126312 -0.233397 -0.375833 -0.181685 -0.188538 -0.189446  0.197484 -0.312809 -0.134845 -0.102778 -0.128876
-0.000083 -0.000077  0.000028 -0.000138  0.000179  0.001009  0.000295 -0.000038  0.000416 -0.000017  0.000124  0.000152  0.000043  0.000074  0.704176 -0.000025 -0.110378 -0.176610  0.157395  0.018358  0.059809  0.015131  0.130347 -0.032529  0.001857  0.142416  0.071701  0.116945  0.242769  0.027231 -0.437050 -0.236748  0.065540 -0.252301
 0.000006  0.000000  0.706842 -0.000040  0.000026 -0.000033 -0.000002 -0.000008  0.000021  0.000023  0.000010  0.000012  0.000009 -0.000015 -0.000009  0.000031 -0.096435  0.055601 -0.046174  0.008751 -0.100932 -0.084290 -0.300547 -0.005850  0.373332  0.105968  0.303837 -0.092752 -0.295663  0.020421 -0.172025 -0.092970  0.022011  0.006231
 0.000000  0.000000 -0.000000 -0.000000 -0.000000  0.000000 -0.707107  0.000000 -0.000000  0.000000 -0.000000 -0.000000  0.000000 -0.000000  0.000000 -0.000000 -0.023155  0.138122  0.108313 -0.098741  0.014856 -0.026632  0.363094  0.032180  0.010154  0.154735  0.015425  0.002207 -0.326401 -0.279904 -0.010142  0.059455 -0.268151 -0.200966
 0.000013 -0.000016 -0.000044 -0.000014 -0.000002  0.000008 -0.000011  0.000005 -0.000005 -0.000011 -0.000010  0.000001 -0.000009 -0.000005  0.000028 -0.706901 -0.351563 -0.024761  0.219859  0.014977  0.201770 -0.125423 -0.257812  0.225169  0.030056 -0.092506 -0.172977  0.003994  0.018461  0.087850  0.113113  0.091985 -0.194859 -0.217317
-0.000120 -0.000037 -0.000040 -0.704647  0.000015 -0.000061 -0.000302  0.000081  0.000034  0.000029  0.000105  0.000058  0.001263 -0.000044  0.000062  0.000002  0.007590 -0.447560 -0.001849 -0.103621 -0.275983  0.113825 -0.006921  0.135477  0.098451  0.002040 -0.191548 -0.266508  0.007776 -0.110989 -0.090394  0.045750 -0.181982  0.107993
 0.707106 -0.000000 -0.000000 -0.000000  0.000000 -0.000000 -0.000000 -0.000000  0.000000  0.000000 -0.000000  0.000000  0.000000 -0.000000  0.000000 -0.000000  0.163236 -0.075648 -0.057936  0.274430  0.036043  0.155800 -0.175068  0.052578 -0.070308 -0.135587  0.023033  0.328071 -0.086489 -0.148434 -0.038137 -0.228459 -0.333929  0.061807
-0.000017  0.000003  0.000004 -0.000006  0.000015 -0.000014 -0.000001 -0.000015  0.000003 -0.000007 -0.000001  0.000009 -0.706902  0.000040  0.000047  0.000013 -0.098125 -0.248197 -0.061377  0.046063 -0.047910 -0.164126 -0.175695 -0.357197 -0.162217  0.042320 -0.021489  0.173198 -0.107728 -0.243842 -0.018366  0.277856  0.123678 -0.114075
 0.000796  0.562110 -0.012702  0.000314  0.000070 -0.001121 -0.000079  0.000164  0.001122 -0.067131 -0.038270  0.000167  0.000464  0.000365  0.000286  0.019582 -0.250790  0.084173  0.314892 -0.184549 -0.081139  0.149349 -0.023525  0.136529 -0.002164  0.114899  0.109548  0.336231  0.059896 -0.116396 -0.088316  0.193965  0.041323  0.472981
-0.000000 -0.000000 -0.000000 -0.000000  0.000000  0.000000  0.707107 -0.000000  0.000000  0.000000 -0.000000  0.000000 -0.000000 -0.000000 -0.000000 -0.000000 -0.023143  0.137989  0.108318 -0.098626  0.014809 -0.026293  0.362896  0.032165  0.010003  0.154755  0.015308  0.001570 -0.326611 -0.279944 -0.010114  0.059949 -0.268551 -0.200449
 0.000032  0.000088 -0.000010 -0.704759  0.000039 -0.000152  0.000234 -0.000157  0.000107  0.000086  0.000024 -0.000028  0.001179  0.000001  0.000041 -0.000080 -0.011520  0.452473  0.006760  0.142616  0.313742 -0.076714 -0.002638 -0.158600 -0.121347  0.020308  0.203348  0.211807 -0.004397  0.117198  0.055782 -0.004030  0.151323 -0.086321
-0.000010  0.000061 -0.000018  0.000013 -0.000002  0.000010 -0.000010 -0.000011 -0.000059  0.000004  0.000034 -0.000008  0.000001 -0.000055  0.000024  0.706776 -0.346999 -0.022808  0.202936  0.021360  0.200082 -0.134639 -0.255764  0.218056  0.023832 -0.105607 -0.180780 -0.011124  0.012046  0.096281  0.106787  0.083592 -0.199102 -0.234098
-0.000054  0.000185  0.000087  0.000002  0.000167 -0.003438  0.000292 -0.000163  0.000224 -0.000049  0.000158  0.000103 -0.000100 -0.000055 -0.701869 -0.000105 -0.162552 -0.169081  0.075399  0.060895  0.056614  0.014628  0.137690  0.045752 -0.029956  0.167469  0.087318  0.103837  0.249450 -0.020648 -0.427946 -0.233423  0.097266 -0.247803
 0.000029 -0.000172 -0.000020  0.000044  0.000012 -0.000023 -0.000051 -0.000032  0.000013  0.703764  0.000286 -0.000007  0.000006 -0.000176  0.000179  0.002175 -0.007541 -0.087668  0.273599 -0.077401 -0.028728  0.103362 -0.138940  0.057848 -0.398967  0.143432  0.080930 -0.129264 -0.244124  0.013983  0.130404 -0.269872  0.168742  0.029211
 0.000006  0.000002  0.000034 -0.000014 -0.000019  0.706822  0.000007 -0.000025 -0.000006  0.000036 -0.000006 -0.000041 -0.000048  0.000003 -0.000002  0.000002  0.056703 -0.100673 -0.166163 -0.236211  0.379360  0.249653 -0.020573  0.112127  0.069179 -0.109710 -0.156636  0.079532 -0.246377 -0.011560 -0.160913  0.053085  0.216712 -0.014707
 0.707107
