1 30
 0.182574 -0.109332 -0.313924  0.148259 -0.191715 -0.079806  0.186511 -0.197946  0.062026  0.022424  0.086244 -0.029286  0.118044  0.061812 -0.204241  0.161884  0.121879  0.222905  0.147462 -0.172802 -0.297883  0.132100 -0.195378 -0.417783 -0.061195 -0.029386 -0.343768 -0.164270  0.095043 -0.157863
-0.182574  0.197878  0.286168 -0.137709  0.160513  0.007894  0.186564 -0.007686  0.065918 -0.093285 -0.058057 -0.091810 -0.226098  0.226985 -0.122140  0.278138 -0.184954 -0.118860  0.004030 -0.099066 -0.093727  0.051121 -0.247222 -0.085045  0.153844 -0.429791 -0.088079  0.356639  0.219947 -0.128708
 0.182574 -0.078444 -0.129892  0.081941  0.062659  0.206924 -0.161928  0.107232 -0.208815 -0.322142 -0.030481 -0.215785  0.081567 -0.028160 -0.000393  0.118903  0.295246 -0.158591  0.222213  0.152393  0.331085 -0.060065 -0.498277  0.069149  0.173058  0.053077  0.029315 -0.037292  0.223108 -0.001982
 0.182574 -0.186441 -0.123704 -0.070077  0.164676  0.068171 -0.033149 -0.131383 -0.172187  0.012526 -0.194700 -0.130910 -0.379494 -0.162031 -0.077520 -0.180117 -0.083089 -0.085311  0.078036 -0.059883  0.072378  0.158756  0.061116  0.054275 -0.365483  0.247370 -0.256420  0.432215 -0.017849 -0.243649
-0.182574 -0.306303 -0.187954 -0.099703  0.390075  0.097190 -0.138197 -0.037375  0.281793  0.139991 -0.320236 -0.115062  0.041152  0.146521  0.147654  0.332089 -0.083335 -0.210755 -0.127044  0.063640  0.063894 -0.037583 -0.018955 -0.249622 -0.216971  0.003609  0.080281 -0.270780 -0.090529 -0.025820
 0.182574 -0.141820 -0.056487  0.028748 -0.093470  0.372989 -0.121050  0.015245  0.229491 -0.299487  0.008413 -0.056890 -0.158355 -0.013522  0.231070 -0.187623 -0.251011  0.129296 -0.012166  0.350905 -0.201888  0.134848  0.090778  0.016702  0.010883 -0.329825 -0.243131 -0.064154  0.051151  0.273964
 0.182574  0.146702 -0.257603 -0.059563  0.081374 -0.094602 -0.193513 -0.099991  0.440352 -0.153459  0.038185  0.267665  0.076982 -0.074535 -0.237745  0.081735 -0.181051  0.029892  0.020046 -0.111219  0.086364  0.177987 -0.263889  0.059643  0.094607  0.105980  0.171902  0.288394 -0.322507  0.226456
 0.182574 -0.136730  0.044754 -0.289793 -0.218573 -0.152177 -0.025690  0.213262 -0.160372 -0.202459 -0.072736 -0.121418 -0.065900  0.034882 -0.009994  0.187145 -0.407294 -0.184943  0.322907 -0.189212 -0.266212 -0.282955 -0.000590  0.106785  0.060077  0.130017 -0.007221 -0.198261 -0.234777 -0.000433
 0.182574  0.128719 -0.147155  0.327505  0.022435  0.308706  0.452685 -0.090715 -0.274904  0.151402 -0.047685 -0.022410 -0.095958  0.024395 -0.249336  0.140489 -0.088773 -0.198564 -0.117411  0.194922 -0.061803 -0.142930 -0.019085  0.026241 -0.080200 -0.092599  0.187038 -0.002854 -0.310847  0.219625
 0.182574 -0.156561 -0.232535 -0.046856 -0.014158 -0.091838  0.366062  0.048809 -0.034103 -0.099261 -0.160720  0.166849  0.101057 -0.361534  0.383259  0.045124 -0.107129  0.111619 -0.161581 -0.332737  0.256998 -0.142535  0.004997  0.026694  0.013509 -0.324152  0.097565  0.077246  0.125769 -0.043812
 0.182574  0.043348 -0.210833 -0.078604  0.015067  0.045364 -0.077687  0.025924 -0.040574 -0.102323  0.262747 -0.188071  0.394387  0.350136 -0.099761  0.103990 -0.015509 -0.234866 -0.127176 -0.106579  0.245969 -0.001457  0.476354  0.064349  0.022764 -0.141596 -0.244177  0.180423 -0.021076 -0.045405
 0.182574 -0.024623  0.094913 -0.232931  0.422217  0.277574  0.061323  0.144225 -0.038594  0.038958 -0.066623  0.089263  0.217511  0.109091  0.017973 -0.225178  0.341188  0.091913  0.268054 -0.274608 -0.355185 -0.074569  0.045450 -0.055485 -0.078297 -0.075655  0.130433  0.123418 -0.022230  0.209024
-0.182574 -0.030939 -0.128186  0.010628  0.051901 -0.221155 -0.123964 -0.271281 -0.052813 -0.208042 -0.045484 -0.567510  0.036167 -0.109998 -0.028566  0.001734  0.138445  0.311915 -0.219987  0.007519 -0.223812 -0.322580  0.001786  0.062227  0.020530 -0.071285  0.117155  0.208368 -0.137871  0.139928
-0.182574 -0.082988  0.107847  0.093488 -0.057958  0.028613  0.083941 -0.226624  0.111108 -0.037548 -0.061686 -0.149487 -0.199170  0.087533 -0.034755 -0.209378  0.189325 -0.146137  0.101830 -0.469257  0.246129  0.150603 -0.072438  0.240750  0.031324 -0.190164 -0.223027 -0.301207 -0.294187  0.214817
 0.182574 -0.130982  0.300164 -0.164909  0.034472 -0.067731 -0.004615 -0.173476 -0.108045 -0.036993 -0.006745 -0.045687  0.252456 -0.025129 -0.071972 -0.352821 -0.097174 -0.000101 -0.048667  0.217696  0.153968  0.054996 -0.163279 -0.300614  0.071199 -0.253206  0.097875 -0.060014 -0.412157 -0.363212
 0.182574 -0.137552  0.202567  0.087469 -0.165202 -0.281343  0.008538 -0.017196 -0.059097  0.173380 -0.300475 -0.045660  0.249277  0.102041  0.198454  0.314692  0.166262  0.042051  0.120526  0.199868 -0.103720  0.394866 -0.028583  0.338345 -0.148411 -0.131727 -0.006914  0.166273 -0.105028  0.106764
-0.182574 -0.115442 -0.166631 -0.046362  0.308161 -0.298824  0.070591  0.025429 -0.073684 -0.023657  0.067443  0.042117 -0.038637 -0.410660 -0.291382  0.041170  0.049128 -0.129374  0.382467  0.253389  0.005118  0.147265  0.299197 -0.011921  0.193488 -0.250731 -0.040700 -0.096046  0.037870  0.104212
-0.182574  0.145933  0.054973 -0.009618 -0.074018  0.188586  0.269579  0.472577  0.348978 -0.050518 -0.212042 -0.211606  0.267323 -0.294784 -0.186711 -0.023211  0.074423  0.043575 -0.053307  0.078720 -0.007761 -0.030088 -0.034596  0.124550 -0.057084  0.109914 -0.277755  0.029156 -0.175095 -0.198060
 0.182574 -0.045240  0.105758 -0.159684  0.229433 -0.198701  0.049207 -0.056910 -0.048804 -0.241284  0.075351  0.298608 -0.071087 -0.070310 -0.053013  0.073582  0.258001 -0.224514 -0.518243  0.095913 -0.244861 -0.077996 -0.118746  0.201044  0.003290  0.069682 -0.323457 -0.176712 -0.021042 -0.004689
-0.182574  0.214570 -0.214072 -0.380855 -0.252609  0.217555 -0.157387 -0.101658 -0.238785 -0.205662 -0.333420  0.249194 -0.038878  0.059029 -0.251683  0.106546  0.144755  0.206375 -0.035085  0.029179  0.042566  0.089762  0.110765  0.101039 -0.186640 -0.203056  0.115928 -0.153520 -0.018500 -0.140852
 0.182574  0.417355  0.263283  0.214850  0.016925 -0.058234 -0.056607 -0.371998  0.159642 -0.253055 -0.317226 -0.011023  0.181542 -0.187192  0.019067 -0.010235 -0.047523 -0.240642  0.163004 -0.037394 -0.002075 -0.148977  0.198914 -0.141810 -0.188637  0.068174 -0.004923 -0.107788  0.223429  0.034500
-0.182574  0.384745 -0.168209  0.046220  0.253313 -0.108874 -0.168558  0.051484 -0.325954  0.167460  0.025483  0.076053  0.208246 -0.004558  0.219140 -0.091430 -0.280967  0.106380  0.089010  0.025249  0.028449 -0.077865 -0.287477  0.050438 -0.198442 -0.104402 -0.407153 -0.062912 -0.117765  0.125995
-0.182574  0.120002 -0.142460  0.037046 -0.237115 -0.004594 -0.104765  0.092570  0.051144 -0.112980  0.313509  0.028321 -0.078258 -0.165979  0.314385  0.016434  0.273086 -0.445132  0.083101 -0.010594 -0.211555  0.032458 -0.060937 -0.159381 -0.308089 -0.201562  0.145047  0.164759 -0.223375 -0.138815
-0.182574  0.060142 -0.005878 -0.354428 -0.056807 -0.068538  0.470604 -0.170096 -0.008088 -0.239705  0.035698  0.030209 -0.002459  0.181617  0.267167  0.023589  0.094647  0.048912  0.145452  0.247236  0.199520  0.032356  0.026641 -0.233534 -0.002785  0.337382 -0.114513  0.113809 -0.109081  0.269999
-0.182574  0.025670 -0.293774 -0.028339 -0.063703  0.012590  0.088486 -0.096374 -0.125441 -0.000123 -0.275379 -0.083247  0.225550  0.050815  0.086919 -0.339146 -0.144580 -0.356357 -0.153146 -0.057232 -0.312235  0.332225 -0.072559  0.052662  0.364224  0.148095  0.105065  0.021017  0.159429 -0.031983
 0.182574  0.240903 -0.100964 -0.224450  0.184206 -0.087613  0.240225 -0.044271  0.146542 -0.007429  0.311756 -0.324371 -0.045293  0.035237  0.025305 -0.066704 -0.107826  0.079832  0.021643  0.046106 -0.016354  0.248815 -0.090683  0.301457 -0.299564 -0.000093  0.288739 -0.320037  0.177212 -0.160179
-0.182574 -0.230319  0.165105  0.187728  0.001290 -0.134370  0.031544  0.281429 -0.198440 -0.380058  0.050417  0.014041  0.151816  0.043552 -0.252263 -0.083834 -0.181243  0.008053 -0.177318 -0.135221  0.044625  0.242935 -0.056254 -0.189675 -0.411591  0.025952  0.142795 -0.005385  0.130515  0.283493
 0.182574  0.292241 -0.127340  0.263010  0.188911 -0.253421 -0.016377  0.368247 -0.047649 -0.229523 -0.236560 -0.058764 -0.315541  0.241500  0.159540 -0.041325  0.138310  0.147530 -0.044626 -0.027712  0.020006  0.171996  0.179185 -0.202982  0.178992  0.010523  0.057901 -0.093755 -0.222244 -0.141581
-0.182574 -0.208443 -0.150284  0.294862  0.077665 -0.132996  0.155542 -0.073555  0.173040 -0.222871 -0.043786  0.278132  0.068068  0.380981 -0.029310 -0.217872 -0.035078  0.023204  0.236925  0.159071 -0.051430 -0.314514 -0.031651  0.320725 -0.125382 -0.053678  0.048519  0.072238  0.025475 -0.296496
 0.182574  0.052963 -0.154357 -0.211956 -0.238550 -0.331188 -0.009953  0.199782  0.163867  0.281725 -0.206285 -0.072765 -0.126372  0.154374 -0.192238 -0.328711  0.119144 -0.185707 -0.057092  0.146975  0.112995 -0.246784 -0.121984 -0.122795 -0.150166 -0.186303 -0.027193  0.033304  0.200877  0.270181
 0.182574
