15 33
 0.000016 -0.000024  0.706804 -0.000034  0.000018 -0.000001  0.000012  0.000087 -0.000006 -0.000007 -0.000003  0.000026  0.000000  0.000010 -0.000007  0.132581  0.089932 -0.188591 -0.248565 -0.125959 -0.044768 -0.013350 -0.162530 -0.194488 -0.325932  0.134921  0.108387  0.148151  0.152352  0.053903 -0.289312  0.116907 -0.116209
-0.000088 -0.000107  0.000675 -0.000095  0.000045 -0.000002  0.000093  0.705375 -0.000041 -0.000080  0.000037  0.000120 -0.000038 -0.000194 -0.000089  0.171290 -0.253129 -0.125969  0.192796  0.158590 -0.388628 -0.261241 -0.173904 -0.138327  0.101537 -0.047334 -0.119426  0.058507 -0.067119 -0.059025 -0.014807  0.152362 -0.022996
-0.023472 -0.001337 -0.001053  0.001452 -0.000009 -0.000428  0.547463  0.000643  0.091078 -0.000889 -0.001828  0.000204 -0.001148  0.032618  0.000818 -0.079935 -0.124661 -0.063230  0.296556 -0.207130 -0.036615  0.454230 -0.074921 -0.246361  0.041904 -0.213742  0.180227 -0.288289 -0.061068 -0.139169 -0.193519  0.075558 -0.174137
-0.000033  0.000042 -0.000042 -0.000053  0.000091  0.704846 -0.000058 -0.000221 -0.000006 -0.000077 -0.000045 -0.000060 -0.001048  0.000124 -0.000280  0.163987  0.013978 -0.094591  0.324636 -0.268002  0.314312 -0.234916  0.067688 -0.079621  0.145917  0.098594 -0.002048 -0.013800  0.262164  0.089326  0.028982  0.126401  0.017608
 0.000029 -0.000044  0.000024 -0.000129  0.705510 -0.000127  0.000017 -0.000239 -0.000061 -0.000134  0.000109 -0.000018 -0.000352 -0.000040  0.000244  0.057874  0.015351 -0.149346 -0.125946  0.177112  0.043779 -0.121070  0.333825 -0.240667  0.035711  0.102841  0.067004 -0.216426  0.036815 -0.383928 -0.085162 -0.099615  0.118692
 0.000000 -0.000000  0.000000  0.000000  0.000000  0.000000  0.000000  0.000000 -0.000000 -0.707104 -0.000000 -0.000000 -0.000000  0.000000  0.000000 -0.088975 -0.199316  0.250165  0.151233  0.111371 -0.045942  0.077865  0.057651 -0.055058 -0.141138  0.196478  0.012961  0.194866  0.329378 -0.163755  0.106018 -0.157866 -0.268036
-0.020740  0.002503 -0.000584  0.000885  0.000570  0.000353 -0.552927 -0.001292  0.085461  0.000752  0.000247 -0.000287  0.000379 -0.035146  0.001624 -0.137018  0.050333 -0.405777  0.243202 -0.137579  0.118760  0.222422 -0.169199  0.073292 -0.082757 -0.269085 -0.084973  0.146006 -0.042869 -0.449267  0.003747 -0.056378 -0.094930
 0.000044 -0.000506  0.000022 -0.000377 -0.000093 -0.000022 -0.000013  0.000120  0.000180  0.000089  0.000165 -0.000078  0.000111  0.705130  0.000139  0.067863  0.045266  0.168744  0.274327 -0.090509 -0.094005  0.015677  0.121727  0.019841 -0.287599 -0.012428 -0.014789  0.186364 -0.090938 -0.057568 -0.186630 -0.080298  0.435019
-0.000001  0.000024  0.000002  0.000001 -0.000019  0.000009 -0.000008  0.000001  0.000003 -0.000014  0.000002  0.706986 -0.000006 -0.000011  0.000013 -0.106616  0.035925 -0.002125 -0.030856  0.042989  0.076698  0.106138  0.298225 -0.323185  0.107619 -0.085884 -0.106234  0.383775 -0.173933  0.097571  0.046383  0.221339 -0.075714
-0.000438 -0.607469  0.000270 -0.069094  0.000563 -0.000323  0.000768 -0.002729  0.001452  0.000480 -0.015636 -0.001140 -0.000848 -0.000266 -0.002459  0.081612  0.146525 -0.032392 -0.081465 -0.339428 -0.378890 -0.045067  0.314278  0.021897 -0.141605 -0.255684 -0.141775 -0.113278  0.178370  0.022193  0.254267 -0.030223 -0.117666
-0.000006 -0.000001  0.000001 -0.000010 -0.000006  0.000017 -0.000012 -0.000009 -0.000015  0.000010  0.706967  0.000001  0.000003  0.000000  0.000020  0.113369  0.413675  0.261245  0.105086  0.243357  0.048328 -0.108081 -0.068539 -0.020882 -0.009269 -0.271295 -0.045027 -0.049923  0.091127 -0.088498 -0.151434  0.100414 -0.176620
-0.001233  0.001188 -0.000285  0.000747  0.039033  0.071890  0.002689  0.000110 -0.001014  0.001769 -0.000210  0.008408  0.020207 -0.000228  0.556757  0.310862 -0.000258 -0.050321 -0.002073  0.096663 -0.018162  0.013838 -0.019375 -0.007520  0.006637 -0.233371  0.583330  0.214566 -0.100430  0.073371  0.241037 -0.240652 -0.032652
-0.000019 -0.000016  0.706798  0.000000 -0.000021  0.000025  0.000009  0.000017 -0.000042 -0.000026 -0.000006  0.000020  0.000016  0.000016 -0.000063 -0.122671 -0.082553  0.184085  0.255164  0.127071  0.049674  0.017760  0.157570  0.179604  0.319864 -0.127790 -0.123668 -0.153653 -0.164076 -0.044040  0.292577 -0.140667  0.108466
-0.000738  0.000343 -0.000185  0.000693  0.069272 -0.000280  0.000387  0.000394 -0.000117  0.000804 -0.001305  0.015225  0.000748  0.001608 -0.614629  0.567443 -0.041658  0.156602 -0.153984 -0.107503  0.035017  0.241217 -0.123438  0.037169  0.204173 -0.061977  0.128849  0.201021 -0.021063 -0.150459  0.164229 -0.053423  0.046889
 0.000031  0.000031 -0.000027  0.000016  0.000008  0.000084 -0.000001  0.000016 -0.000035  0.000038  0.000016  0.000023 -0.706769 -0.000004  0.000002 -0.005762 -0.359978  0.134972 -0.174470 -0.053045  0.252493 -0.181021 -0.048702 -0.120158 -0.151118 -0.391260 -0.106853 -0.029135  0.024679  0.015849 -0.059041 -0.113782  0.024058
-0.000014 -0.000002  0.000019  0.000003 -0.000003  0.000017 -0.000005  0.000001  0.000008  0.000011 -0.000019 -0.706958  0.000013 -0.000017  0.000003 -0.086337  0.033976  0.003310 -0.036330  0.040611  0.078834  0.114256  0.294249 -0.323217  0.115154 -0.086789 -0.101122  0.389937 -0.175685  0.091309  0.051116  0.218986 -0.073896
 0.000012  0.000002  0.000008 -0.000003 -0.000011  0.000006 -0.000009  0.000011 -0.000019  0.000000 -0.706962  0.000014  0.000015 -0.000003 -0.000024  0.108617  0.409239  0.261266  0.107786  0.256112  0.062008 -0.109680 -0.079135 -0.019985 -0.005594 -0.261920 -0.040199 -0.044442  0.084348 -0.089677 -0.159774  0.101356 -0.172458
-0.003522  0.000025  0.000003 -0.000099  0.000049  0.000360  0.000008  0.000140 -0.701105 -0.000159 -0.000342 -0.000040  0.000333 -0.000225  0.000227  0.225773 -0.169432 -0.228776  0.099136  0.225991  0.067672  0.233843  0.256913  0.277825 -0.089371 -0.098875 -0.101283 -0.036258  0.079996  0.143739 -0.202883  0.050458 -0.113854
 0.000008  0.000016 -0.000020  0.000002 -0.000000 -0.000023 -0.000003  0.000025 -0.000006 -0.000042 -0.000039  0.000013  0.706882 -0.000000 -0.000005 -0.007134 -0.361272  0.143430 -0.179691 -0.062265  0.252400 -0.173618 -0.050614 -0.119630 -0.145675 -0.380594 -0.135283 -0.036857  0.029305  0.006970 -0.067859 -0.101601  0.026859
-0.000248  0.000259  0.000034 -0.000312 -0.000003 -0.000185  0.000154 -0.000097  0.000365 -0.000109 -0.000098  0.000041 -0.000114 -0.704970 -0.000046  0.076969  0.023976  0.212543  0.278732 -0.099488 -0.113348  0.043289  0.133287 -0.018313 -0.271217 -0.004811  0.016961  0.134468 -0.092223 -0.019908 -0.209713 -0.063359  0.426713
 0.000042  0.000074 -0.000023  0.000271  0.703246 -0.000242  0.000108  0.000120  0.000039  0.000001  0.000116 -0.002370  0.000186 -0.000062 -0.000094 -0.147627 -0.008994  0.125827  0.150640 -0.160531 -0.048809  0.083757 -0.315945  0.235099 -0.067661 -0.092064 -0.089062  0.184860 -0.033887  0.409040  0.058646  0.108589 -0.126201
 0.000401 -0.001073  0.000107 -0.000438  0.037114 -0.072370 -0.001965  0.000795  0.000936 -0.000879 -0.001388  0.008350 -0.019305  0.001866  0.558783  0.316198 -0.044167  0.223485 -0.168113 -0.216704  0.054496  0.249891 -0.113985  0.047711  0.217176  0.164303 -0.441007  0.006014  0.077985 -0.235761 -0.057272  0.179859  0.083238
 0.000000  0.000000  0.000000 -0.000000  0.000000  0.000000  0.000000 -0.000000  0.000000 -0.707104  0.000000 -0.000000 -0.000000  0.000000 -0.000000  0.089569  0.199929 -0.251130 -0.151658 -0.111401  0.045939 -0.078821 -0.057588  0.056378  0.140751 -0.197865 -0.011210 -0.192776 -0.329262  0.162955 -0.104289  0.157194  0.268164
-0.000095  0.000057 -0.000181  0.000066 -0.000138 -0.701980 -0.000325  0.000204 -0.000090  0.000191  0.000102 -0.000070  0.002903  0.000042 -0.000628  0.164810  0.019177 -0.123949  0.343621 -0.236048  0.309312 -0.259761  0.077478 -0.086577  0.124137  0.059116  0.101440  0.007069  0.243721  0.122671  0.059619  0.081292  0.004882
-0.002156 -0.004432 -0.000307  0.000360 -0.000273  0.000141 -0.628125  0.001851  0.004855 -0.001423 -0.001825  0.000442 -0.001191  0.059175 -0.000458  0.051225 -0.153331  0.301423  0.044272 -0.058407 -0.137473  0.199653  0.084605 -0.278141  0.108921  0.048224  0.236497 -0.378502 -0.015311  0.274786 -0.170921  0.115187 -0.068185
-0.000192  0.562290  0.020779 -0.034752  0.000766 -0.002413  0.000910 -0.070363  0.000766  0.000792 -0.008095 -0.001005 -0.000728  0.001230 -0.000296 -0.113215 -0.066563  0.048621 -0.130301 -0.199433 -0.307413 -0.099617  0.234029  0.243181  0.036567 -0.268377  0.186891  0.028017  0.285193 -0.164148  0.075580  0.394758  0.059683
 0.706662 -0.000013 -0.000029 -0.000010  0.000040  0.000088  0.000054 -0.000018  0.000026 -0.000006 -0.000010  0.000007  0.000027 -0.000055  0.000037 -0.075400  0.013241 -0.001769 -0.030775 -0.166148 -0.122106 -0.087244  0.074891  0.082504  0.348189 -0.048906  0.011104  0.168266  0.025140  0.015318 -0.397822 -0.325659 -0.118445
 0.002041  0.000083  0.000254 -0.000011  0.000022  0.000489  0.000642  0.000195  0.702014 -0.000123 -0.000076 -0.000022  0.000472 -0.000406 -0.000111  0.252116 -0.158559 -0.173374  0.030952  0.271259  0.060052  0.145849  0.285381  0.302229 -0.084996 -0.038313 -0.113991 -0.013465  0.092274  0.214691 -0.176953  0.046157 -0.079302
 0.000119 -0.000272  0.003287 -0.000135  0.000092  0.000081  0.000263  0.702032  0.000070  0.000197 -0.000023 -0.000221 -0.000000 -0.000168 -0.000117 -0.203823  0.227283  0.137268 -0.210885 -0.164016  0.368824  0.246025  0.188867  0.185918 -0.081397  0.019871  0.170644 -0.040095  0.105438  0.022911  0.004968 -0.072943  0.046819
 0.000255 -0.561052  0.020481  0.039690  0.000253 -0.001795  0.001280 -0.068061 -0.000611  0.000296  0.008835  0.000266  0.000264 -0.000145  0.002109 -0.202226 -0.223677  0.079131 -0.042119  0.168719  0.103705 -0.052942 -0.107077  0.222894  0.188596  0.005820  0.340164  0.155589  0.092711 -0.191578 -0.196909  0.426167  0.187512
-0.000048 -0.000304 -0.000051  0.705045 -0.000076  0.000021 -0.000103 -0.000004 -0.000182  0.000118 -0.000567  0.000225 -0.000146 -0.000082 -0.000067  0.093980 -0.055819  0.120120  0.028165 -0.197825  0.042573 -0.196176  0.155755  0.179861 -0.156440  0.120805  0.057046 -0.039461 -0.393151 -0.155033 -0.027074  0.101532 -0.325845
-0.000099 -0.000071  0.000013 -0.703811  0.000073  0.000072 -0.000034 -0.000328 -0.000013  0.000050  0.001853  0.000419  0.000005 -0.000137 -0.000052  0.080534 -0.079960  0.124968  0.040984 -0.146020  0.100911 -0.188779  0.106841  0.178107 -0.133591  0.158489  0.082380 -0.021243 -0.420528 -0.160563 -0.066676  0.109038 -0.308268
-0.706841 -0.000011  0.000025  0.000031 -0.000024 -0.000014  0.000010  0.000020  0.000000  0.000001  0.000049 -0.000005 -0.000012  0.000003 -0.000047 -0.070431  0.016683  0.012016 -0.048376 -0.155160 -0.123625 -0.110151  0.081363  0.088882  0.349078 -0.032917  0.005828  0.174301  0.028528  0.032076 -0.391211 -0.326312 -0.109176
 0.707104
