1 31
 0.179605 -0.237056  0.238985  0.073828 -0.177497  0.153888 -0.098319 -0.206997 -0.035692  0.256725 -0.071130  0.064897 -0.045084 -0.132133  0.099739  0.065493 -0.077461  0.082042  0.170120 -0.105929 -0.388472 -0.028736 -0.082518  0.180175 -0.441794  0.073103 -0.081389  0.234337 -0.137262 -0.060233 -0.320413
 0.179605 -0.077607  0.429101 -0.128776 -0.006284 -0.251895 -0.331672 -0.143722 -0.008206 -0.151117 -0.212332 -0.220446 -0.138882 -0.074894  0.026163 -0.156369  0.233638 -0.128753  0.129376 -0.041928  0.074973  0.271426  0.261776  0.038349  0.018543  0.078897  0.255559 -0.018105  0.119803 -0.214259  0.169765
 0.179605  0.048460  0.343302 -0.148470  0.058880  0.037937  0.506945 -0.161662 -0.076782 -0.095218  0.084977  0.338496 -0.099754  0.011076 -0.058724  0.008368  0.087601 -0.152286 -0.004810  0.200344 -0.128784 -0.131326  0.008925 -0.227336 -0.206241  0.037616  0.247422 -0.225140 -0.106505  0.172016  0.183570
 0.179605 -0.066188 -0.194797  0.003123 -0.121986 -0.056697 -0.036627 -0.253379  0.284570  0.125863 -0.194368  0.200903  0.286988 -0.006961 -0.065816 -0.128851  0.046803 -0.249828 -0.101125 -0.113460 -0.154818  0.000617  0.077197 -0.065896  0.339009 -0.312586  0.173289 -0.085712 -0.399216 -0.131744 -0.121422
 0.179605  0.174594 -0.094935 -0.312620  0.261238  0.190416 -0.384079 -0.181032 -0.000299  0.332119 -0.089560  0.159148 -0.094165  0.023638  0.112971 -0.080254 -0.055778  0.389748  0.201710  0.082254  0.096613 -0.055151  0.047747 -0.040701  0.056112 -0.033976  0.005602 -0.204136 -0.057215  0.297798  0.129222
-0.179605  0.422301 -0.000869  0.055562 -0.121884 -0.120598 -0.098176  0.067108  0.030902 -0.009812  0.121747  0.313774  0.267366  0.126494  0.210311 -0.038899  0.250245 -0.140603  0.449278 -0.064015 -0.000618  0.028166 -0.088845  0.012535 -0.018163  0.357312  0.006715 -0.137282 -0.005684 -0.121707 -0.190511
-0.179605  0.042162  0.022511 -0.170959 -0.446801  0.105302 -0.090319 -0.074092 -0.144963  0.059305  0.140189 -0.056827 -0.143031  0.174173 -0.002949  0.181332 -0.155446  0.003702 -0.218767 -0.257554  0.002906  0.173666  0.023589 -0.004872  0.160622  0.366512  0.231465  0.081240 -0.344500  0.203903  0.176305
 0.179605 -0.142333  0.056087  0.143593 -0.051551 -0.026206 -0.048256  0.135325 -0.156557 -0.035085 -0.316301 -0.003275 -0.262752  0.461625 -0.114566  0.049529 -0.098476 -0.147227  0.177202  0.354876  0.246423 -0.213454 -0.005740  0.032664  0.165823  0.135496 -0.078710  0.004332 -0.237959  0.009382 -0.267094
-0.179605 -0.377385 -0.233553 -0.160355  0.150354 -0.161806 -0.099635 -0.091560  0.002882 -0.074034 -0.249519 -0.146425  0.221092  0.149181  0.075318 -0.031406  0.076754 -0.019999 -0.070817 -0.146351  0.103448 -0.226974 -0.348249 -0.193382 -0.368678  0.199012  0.235831 -0.152097 -0.029598  0.024036  0.040350
 0.179605  0.231666  0.334503  0.115479  0.368830 -0.111924 -0.090128 -0.076023  0.065060 -0.022113  0.088392 -0.089582  0.338525  0.062455 -0.321187  0.197330 -0.050442  0.129554 -0.069452 -0.040001  0.080889  0.002450 -0.321311 -0.010058  0.051456  0.107464 -0.071405  0.289843 -0.283555 -0.066436  0.146481
 0.179605  0.187715 -0.263944  0.123850  0.016917 -0.269775 -0.153743 -0.313340 -0.198712  0.016286  0.164337  0.068919 -0.003698  0.329773  0.135432  0.154217  0.149220 -0.096406 -0.380625  0.156516 -0.014942  0.061717  0.223904  0.146106 -0.340115 -0.075164 -0.156412  0.003094  0.012270 -0.047056  0.074877
-0.179605 -0.110608  0.018884  0.114839  0.107234 -0.013913  0.256262 -0.466737 -0.097569  0.076016 -0.214142  0.168030  0.196767  0.010326  0.124873 -0.123628 -0.372852  0.120483 -0.049753  0.182317  0.122294  0.292313  0.051332  0.016385  0.186275  0.286824 -0.016916  0.079336  0.236923 -0.117910 -0.039095
-0.179605  0.276284  0.133321  0.253417 -0.085801 -0.114928  0.060809  0.041375  0.242497 -0.122486 -0.441662 -0.198969  0.108306 -0.006481 -0.004505 -0.129990 -0.141538  0.100494 -0.062545 -0.036781 -0.197914 -0.104614  0.259187  0.125246 -0.178591  0.069010 -0.189532 -0.220145 -0.150151  0.341546  0.132910
 0.179605  0.060235 -0.005889 -0.221809  0.033930  0.098527 -0.030651  0.007106 -0.298453 -0.345405 -0.104789 -0.027881  0.109577 -0.096844  0.230314  0.241033 -0.357746 -0.177648  0.070472 -0.112679 -0.122680 -0.025453 -0.198810  0.325375  0.098995 -0.099371 -0.141029 -0.346112 -0.038295 -0.185843  0.129262
-0.179605 -0.065494  0.200209 -0.045336 -0.201661 -0.173917 -0.121804 -0.220079  0.263640  0.088550  0.232216  0.013235 -0.069699  0.101861 -0.001454  0.130022 -0.384615 -0.112857  0.202415 -0.089445  0.200797 -0.275711  0.105301 -0.310531 -0.092343 -0.194856 -0.263882 -0.072949  0.066037 -0.191547  0.165970
-0.179605 -0.132234  0.102277 -0.000650 -0.161962  0.244188 -0.132737  0.099346 -0.143222 -0.206551 -0.033421 -0.037845  0.359233  0.076058  0.155701  0.133190  0.087576  0.122213  0.117586  0.366670  0.017686  0.364974  0.060129 -0.313919 -0.134843 -0.322245 -0.059596  0.051936 -0.205548  0.068103  0.046759
-0.179605 -0.062947  0.158282 -0.195338  0.210109  0.046628 -0.277809  0.326845 -0.034886  0.002675  0.051338  0.266836  0.071942  0.279042 -0.021583 -0.346699 -0.234136 -0.146883 -0.242293  0.082943 -0.422501 -0.083355  0.103158 -0.026001  0.014924  0.057097 -0.008298  0.149903  0.083468 -0.117542  0.076928
 0.179605  0.075545  0.088496 -0.044286  0.108164  0.268557  0.116445  0.006461  0.089226  0.028521  0.001315 -0.182862 -0.157934  0.100370  0.232834 -0.273135  0.106554 -0.068726 -0.243977 -0.218223  0.080062  0.223758 -0.098772 -0.358444 -0.026665  0.164572 -0.435198 -0.188725 -0.153654 -0.183473 -0.144053
 0.179605 -0.095240  0.010810 -0.063635  0.160255  0.169881  0.035914  0.146069  0.511436  0.001246 -0.026053  0.004121  0.080100  0.293773  0.034918  0.509753 -0.079698 -0.066828 -0.014495 -0.072932 -0.062447  0.239267  0.176589  0.027716 -0.035814  0.112475  0.148472 -0.101783  0.276478  0.090627 -0.144395
 0.179605  0.138855 -0.018009 -0.079099 -0.049793 -0.101236 -0.074357  0.153515 -0.269508 -0.081523  0.035455  0.015790  0.202956 -0.216515 -0.263137  0.023910 -0.261961  0.193200 -0.147459 -0.111267  0.135053 -0.065656  0.350828 -0.283075 -0.148598  0.094627  0.155260 -0.170300  0.015033 -0.097498 -0.449083
-0.179605  0.067543  0.144721 -0.002732  0.111079  0.491887 -0.011375 -0.083376  0.047536 -0.128871 -0.043090  0.144383  0.087800  0.000985  0.080905 -0.077337  0.080471 -0.132283 -0.130834 -0.170581  0.488878 -0.239554  0.232187  0.316158 -0.174427 -0.101369  0.124984  0.165606 -0.086216 -0.072380 -0.046755
-0.179605 -0.010978 -0.015071 -0.518089 -0.033663  0.100929  0.037961 -0.246328  0.048400 -0.005617  0.035896 -0.265578  0.157332 -0.087859 -0.279568  0.110005  0.259474 -0.108766 -0.018234  0.285669 -0.141376 -0.180195  0.155156  0.103491  0.116103  0.207030 -0.309716 -0.003096  0.025587 -0.010102 -0.165063
-0.179605  0.366557 -0.089273 -0.204647  0.183120 -0.066104  0.152211 -0.030862  0.066192  0.145123  0.051357 -0.388466 -0.161401  0.067666  0.078841 -0.110303 -0.286228 -0.190231  0.131728  0.174013 -0.027174  0.180278 -0.084188  0.047678 -0.199458 -0.210827  0.325615  0.109897 -0.166798 -0.078612 -0.220966
 0.179605  0.175761  0.000681 -0.023329 -0.095941 -0.015115  0.001638  0.050181  0.113543 -0.057213 -0.107649 -0.126265  0.039336 -0.169148  0.567944  0.150715  0.004436  0.083104 -0.163965  0.214306 -0.068586 -0.406181  0.040730 -0.236564  0.170312  0.135049  0.147285  0.340481  0.045179 -0.099948  0.035778
 0.179605  0.053919 -0.263866  0.092804 -0.166350  0.312801  0.123118 -0.034676  0.082412 -0.108293  0.052237 -0.163037  0.039059  0.242953 -0.227341 -0.170220 -0.019790  0.314045  0.209743  0.056921 -0.148350 -0.088467  0.103699  0.025664 -0.108605  0.119472  0.150226 -0.033008  0.001771 -0.467756  0.315691
 0.179605 -0.272885 -0.141639 -0.147218  0.017892 -0.224132  0.049926  0.194922  0.307824 -0.131363  0.290786  0.099611  0.052499 -0.231376  0.141031 -0.190930 -0.156786  0.037528  0.046271  0.224243  0.213728  0.128987  0.121115  0.244221 -0.137620  0.243149 -0.105644  0.029344 -0.356824  0.040439  0.085357
-0.179605  0.160125  0.041017 -0.089209 -0.183945 -0.011131 -0.110830  0.134275  0.212754  0.123382 -0.292532  0.284248 -0.228816 -0.210098 -0.153634  0.192117  0.043479  0.128340 -0.310779  0.272073  0.104984  0.120042 -0.271116  0.061211 -0.149945  0.006936  0.011427 -0.166700 -0.024595 -0.374113  0.040627
-0.179605 -0.017270 -0.040601 -0.279058  0.166791 -0.262758  0.230609 -0.015075 -0.003620 -0.287734 -0.159197  0.208485 -0.227452  0.178904  0.077602  0.139871  0.122486  0.409695  0.107514 -0.290510 -0.091986  0.029819  0.164302 -0.008497  0.050366 -0.147427 -0.114911  0.225429 -0.195452 -0.150985 -0.110429
-0.179605 -0.007442 -0.220558  0.301821  0.318720  0.177411 -0.283121 -0.225837  0.065949 -0.365394  0.072963  0.077192 -0.326138 -0.276588 -0.093723  0.145630 -0.049463 -0.167597  0.083847  0.069473 -0.192125  0.015981  0.083943 -0.222640  0.012952  0.186275  0.043341 -0.008224 -0.166007 -0.003572 -0.034156
-0.179605 -0.145316  0.284929  0.186267  0.054361 -0.040574 -0.066834 -0.115974  0.079948 -0.071348  0.362331 -0.147192 -0.025566  0.127137  0.176331 -0.037782  0.074978  0.357459 -0.181663  0.128848 -0.093709 -0.139424 -0.071692  0.197081  0.197216 -0.074056  0.196691 -0.412438 -0.086598 -0.082215 -0.268002
 0.179605  0.149855 -0.012659 -0.137901 -0.290651  0.025589 -0.140941 -0.223716  0.226578 -0.510228  0.039156  0.096345 -0.059033  0.113008 -0.108109 -0.264465 -0.098929  0.081650 -0.072304  0.033728  0.034927  0.041616 -0.331164  0.001748 -0.032789 -0.095595 -0.000110  0.162004  0.250818  0.260886 -0.218672
 0.179605
