9 19
-0.000013  0.000003 -0.706985 -0.000020 -0.000001  0.000048  0.000017 -0.000001 -0.000003 -0.009313  0.210971  0.043212  0.035890  0.299869 -0.189231  0.514106 -0.215092  0.050713 -0.116405
-0.000107  0.001483  0.019892 -0.001719 -0.064125  0.005951  0.610903 -0.000211 -0.000789  0.258948 -0.471019  0.020373 -0.196374 -0.150627 -0.019642  0.338324 -0.163994 -0.135969  0.333824
-0.000007 -0.000064  0.706779  0.000001  0.000014 -0.000221 -0.000004 -0.000004  0.000007 -0.021270  0.232751  0.042404  0.045142  0.307105 -0.187645  0.498812 -0.208374  0.056554 -0.130565
-0.000005 -0.000001 -0.000001  0.000001  0.000004  0.000006 -0.000003 -0.707083 -0.000002 -0.216861  0.235114 -0.250375 -0.360921 -0.103680  0.105531  0.214224  0.297824 -0.187416  0.114773
-0.000000  0.707105 -0.000000  0.000000  0.000000 -0.000000  0.000000 -0.000000  0.000000 -0.105382 -0.272141  0.037633 -0.024049  0.293759  0.273352  0.011391  0.024984 -0.379596 -0.327075
 0.000009 -0.000012  0.000005 -0.706743 -0.000040 -0.000001  0.000021  0.000241 -0.000014 -0.257196 -0.100306  0.503943  0.042851  0.071674 -0.119794  0.080394  0.334354  0.036301  0.171601
-0.000789  0.000577  0.011423  0.021155 -0.035517  0.003813 -0.558890  0.005570 -0.069309  0.324770 -0.332234 -0.051639 -0.175052 -0.135375 -0.541428  0.133321  0.160452 -0.269539 -0.064393
-0.000000  0.707106 -0.000000 -0.000000  0.000000  0.000000  0.000000 -0.000000 -0.000000  0.104655  0.273680 -0.037741  0.024646 -0.293245 -0.273633 -0.012510 -0.024253  0.379984  0.325754
 0.000054  0.000008  0.000024  0.706768  0.000012 -0.000019 -0.000032 -0.000123 -0.000027 -0.266127 -0.097085  0.507699  0.046128  0.076343 -0.086078  0.084545  0.318985  0.048348  0.189393
-0.000006 -0.000003 -0.000001 -0.000005 -0.000001  0.000002 -0.000000 -0.707084  0.000003  0.219203 -0.236222  0.249508  0.359989  0.102351 -0.114236 -0.215083 -0.293944  0.184242 -0.119164
 0.000020 -0.000070 -0.001937  0.000068 -0.704063 -0.000755 -0.000018 -0.000008  0.000149 -0.070799  0.235329  0.021728  0.207808  0.090839 -0.131958 -0.175820 -0.175016 -0.467097  0.307986
-0.000001  0.000008  0.000001 -0.000003 -0.000000 -0.707089  0.000001 -0.000002 -0.000002  0.291526  0.272029  0.411511 -0.282862 -0.159256  0.135995 -0.039478 -0.098003 -0.125730 -0.144421
-0.000245 -0.000040 -0.000038  0.000688 -0.000077  0.000235 -0.000103  0.000129  0.705506  0.403644  0.056803 -0.069398 -0.072136  0.442903  0.039948 -0.094918  0.278939  0.065686  0.192863
 0.000670  0.001041  0.010259 -0.023024 -0.034623  0.002684 -0.560749 -0.005778  0.068070 -0.041631 -0.182068  0.073661 -0.039508 -0.029257  0.518267  0.235769 -0.338582  0.120648  0.427721
-0.000103  0.000002 -0.000184 -0.003641  0.000014  0.000115  0.000016 -0.000981 -0.702013  0.369260  0.072821 -0.057548 -0.058772  0.455824  0.143849 -0.086117  0.231775  0.104361  0.241342
 0.000002 -0.000011 -0.000000  0.000004  0.000002  0.707084  0.000001 -0.000001  0.000000  0.287479  0.278726  0.411419 -0.279875 -0.157205  0.136908 -0.043940 -0.096533 -0.124037 -0.148365
-0.000003 -0.000144 -0.000938  0.000205 -0.705495 -0.000109  0.000146  0.000027 -0.000020  0.032783 -0.166372 -0.024564 -0.178783 -0.068750  0.135300  0.126446  0.198063  0.486148 -0.355477
-0.707106  0.000000  0.000000 -0.000000 -0.000000 -0.000000  0.000000  0.000000  0.000000  0.221128  0.081130 -0.015969  0.457692 -0.226337  0.195544  0.251217  0.257463 -0.114721 -0.052539
-0.707106 -0.000000 -0.000000 -0.000000  0.000000 -0.000000 -0.000000 -0.000000 -0.000000 -0.221788 -0.080898  0.016170 -0.457463  0.226264 -0.194487 -0.251160 -0.258039  0.115106  0.052894
 0.707106
