11 24
-0.000015 -0.000026  0.000008 -0.000081 -0.000001 -0.000002 -0.000004  0.000045 -0.000088  0.706734 -0.000035  0.202868  0.013848 -0.027160  0.115775  0.392368 -0.180103 -0.219455  0.000577  0.218312 -0.309144 -0.115439 -0.066756  0.222427
-0.000007 -0.706707 -0.000130  0.000010  0.000016  0.000035  0.000108  0.000009  0.000014 -0.000011  0.000010  0.143966  0.216004 -0.302710  0.073799 -0.127322  0.075868 -0.026178 -0.070062  0.047628  0.261324 -0.475543 -0.056805  0.092815
-0.000004  0.000014  0.000007  0.000005  0.000011 -0.000007  0.000001  0.000001 -0.000023  0.706996  0.000009 -0.212704 -0.023772  0.013923 -0.110437 -0.384132  0.188387  0.228963  0.000327 -0.204354  0.316738  0.124780  0.047937 -0.215721
 0.078298  0.000855  0.552323  0.000916 -0.000207  0.006750  0.032889 -0.023178 -0.000516 -0.000434  0.009264 -0.121438  0.112568  0.075774  0.059070  0.021347 -0.297161  0.191093 -0.557002 -0.011839 -0.115170 -0.091667 -0.323193 -0.297688
 0.000000  0.000009 -0.000015  0.000003  0.000016  0.000016  0.000001  0.706985 -0.000002 -0.000014 -0.000015  0.009108 -0.067727  0.159697  0.063231 -0.041652  0.264355  0.264152 -0.326767 -0.074546 -0.153013 -0.063442  0.148381  0.403506
-0.000003  0.000000 -0.000044  0.000011  0.000126  0.000358 -0.000009  0.706478  0.000001 -0.000016  0.000011 -0.021418  0.087724 -0.159139 -0.049224  0.036215 -0.281436 -0.254369  0.302708  0.077145  0.142224  0.065736 -0.159220 -0.415068
 0.000052 -0.002579 -0.000415  0.000403 -0.702493 -0.000113 -0.000082 -0.000089  0.000583  0.000182  0.000053 -0.045061 -0.255730  0.122766  0.274206 -0.198505 -0.218971  0.210332  0.314377 -0.104656 -0.133859 -0.259003 -0.141884  0.047942
-0.704075 -0.000056 -0.000060 -0.000041  0.000080  0.000818  0.000109 -0.001423  0.000133 -0.000217 -0.000057 -0.168266 -0.304396 -0.240306  0.027297 -0.209889 -0.230704 -0.334588 -0.265712 -0.123256  0.006990  0.063222  0.033166  0.156987
-0.000154  0.003208  0.000124  0.000105  0.702968 -0.000085  0.000048 -0.000013 -0.000201  0.000017  0.000077 -0.004464 -0.287275  0.160658  0.316684 -0.246055 -0.151381  0.153553  0.283305 -0.031615 -0.135690 -0.257032 -0.156207  0.001082
-0.000282  0.000471 -0.000161 -0.623073 -0.000202  0.000363 -0.000406 -0.000952  0.060776  0.020320  0.000024  0.206390  0.213422  0.282600 -0.103683 -0.187536 -0.167595 -0.216525 -0.037171 -0.278032 -0.173943 -0.195343  0.385978 -0.150651
 0.001504  0.000528 -0.624662 -0.000694 -0.000481  0.001923  0.056821 -0.000684 -0.001388  0.000047  0.017615  0.136952 -0.304231  0.147247 -0.304487  0.214155 -0.086397  0.109043 -0.315155 -0.122473  0.084320 -0.250004 -0.269656 -0.242234
 0.000006  0.000018  0.000010  0.000024 -0.000007  0.000019  0.000011  0.000015  0.000028 -0.000003 -0.706924 -0.071357 -0.015764  0.174528 -0.290833 -0.163981 -0.274254  0.102915 -0.006892  0.458813  0.132463 -0.056152  0.118776  0.147696
-0.000009 -0.000077 -0.000146  0.000050  0.000007 -0.000021 -0.000008 -0.000147 -0.704734  0.001684 -0.000066  0.184694 -0.095437  0.070007  0.343513  0.182592 -0.203407  0.104565 -0.098259 -0.016621  0.354219  0.089705  0.321255 -0.070164
-0.076724 -0.000459  0.552029 -0.001549 -0.000864 -0.004577  0.031275  0.022489 -0.001219  0.000483  0.010667  0.276159 -0.456563  0.090688 -0.403847  0.221248  0.198665 -0.067395  0.201057 -0.127690  0.210697 -0.191609  0.018565  0.024122
 0.000054  0.000098  0.000018 -0.000091  0.000085 -0.000069  0.000231  0.000013  0.705178 -0.001083  0.000024  0.157774 -0.127746  0.032145  0.358386  0.207942 -0.176837  0.132937 -0.095030  0.025221  0.378872  0.116547  0.265347 -0.051490
-0.000097  0.000075 -0.000119  0.000033 -0.000020  0.000323 -0.704073 -0.000053 -0.000011 -0.000018  0.002194 -0.411540  0.061136  0.345015  0.081904  0.200719  0.071423 -0.246531 -0.005431 -0.058562  0.217874 -0.196152 -0.071837  0.068557
 0.701610 -0.000219  0.000009 -0.000273 -0.000010 -0.000436 -0.000352  0.003624  0.000030 -0.000085  0.000045 -0.124819 -0.367604 -0.239216 -0.022187 -0.190027 -0.175697 -0.365604 -0.182191 -0.135332  0.042533  0.053127  0.071997  0.193212
 0.000835 -0.025387 -0.000734  0.548663  0.079240  0.000057  0.000014 -0.001384  0.037258  0.012118  0.000145 -0.065386  0.258564 -0.011724 -0.254580  0.112586 -0.396601  0.134182  0.118099 -0.485949 -0.086946 -0.120058  0.279974  0.126502
-0.000009 -0.000031 -0.000028 -0.000064 -0.000092  0.000056  0.706394  0.000095 -0.000015 -0.000004 -0.000115 -0.427695  0.100304  0.324795  0.121107  0.171737  0.083120 -0.260819  0.036917 -0.042486  0.206067 -0.162642 -0.035455  0.100468
 0.000000  0.000000  0.000000 -0.000000  0.000000  0.707081  0.000000 -0.000000 -0.000000 -0.000000  0.000000  0.286594  0.152718  0.210811 -0.004670 -0.137843 -0.106225 -0.086074  0.010393 -0.151391  0.198507  0.232874 -0.350884  0.269515
 0.000083  0.706577 -0.000016 -0.000001 -0.000081  0.000013  0.000161 -0.000019  0.000006  0.000031  0.000014  0.130871  0.225868 -0.315750  0.059385 -0.111357  0.054734 -0.008111 -0.059298  0.024058  0.262568 -0.475759 -0.051843  0.108845
-0.000000  0.000000 -0.000000 -0.000000  0.000000  0.707081  0.000000  0.000000  0.000000  0.000000  0.000000 -0.283908 -0.156102 -0.211548  0.002374  0.138689  0.110770  0.084285 -0.002710  0.151164 -0.196293 -0.232399  0.354653 -0.265557
-0.000002  0.000002  0.000008 -0.000018 -0.000023 -0.000049 -0.000008  0.000001 -0.000011  0.000017  0.706926 -0.076101 -0.002968  0.167473 -0.278123 -0.173484 -0.271309  0.099365  0.005141  0.464252  0.128078 -0.045160  0.129653  0.157058
-0.001185  0.025526  0.000393  0.557446 -0.077844  0.000328 -0.000243  0.000383  0.031435  0.010883 -0.000026  0.296156 -0.017746  0.327482  0.132872 -0.319411  0.204016 -0.374868 -0.157098  0.167079 -0.107836 -0.100607  0.156279 -0.292526
 0.707081
