4 19
-0.484652  0.000000  0.000000  0.000000  0.332616  0.052050  0.104748 -0.060130  0.096211  0.046770  0.043947 -0.144103 -0.068512  0.547825 -0.136875 -0.475105 -0.156572 -0.167544  0.034496
-0.000000 -0.484652  0.000000  0.000000 -0.311665 -0.014588 -0.056651 -0.271778  0.081745  0.144649 -0.189030  0.230067 -0.345740  0.062502  0.371867 -0.275537 -0.191891  0.301148  0.096240
 0.384277  0.000000  0.000000  0.100375  0.131359  0.573177  0.336773 -0.357416  0.132539 -0.180538 -0.037330 -0.029121  0.052327  0.073178 -0.134697  0.128519 -0.397717  0.037194 -0.024263
-0.484652 -0.000000  0.000000  0.000000 -0.047176  0.142220 -0.261054 -0.007301  0.554611 -0.297314  0.121626 -0.167705  0.030423 -0.122881  0.056207  0.305331 -0.076767  0.338028 -0.054625
-0.384277  0.000000 -0.000000  0.100375  0.012171  0.119593  0.283308  0.067910 -0.366863  0.023081  0.277175  0.506440 -0.252762  0.103168  0.034053  0.410309 -0.066658  0.037931 -0.156759
 0.000000  0.000000  0.384277 -0.100375  0.311344 -0.105482  0.379348  0.072582  0.216234  0.089714 -0.472255 -0.091940 -0.368897 -0.054813 -0.043870  0.159263  0.294836  0.149998 -0.151432
-0.000000 -0.000000 -0.000000 -0.484652 -0.176803  0.099780 -0.013893 -0.072245  0.278827 -0.175583 -0.173615  0.496809  0.265742  0.173763  0.008945 -0.062036  0.204605 -0.292891 -0.317112
 0.000000 -0.000000 -0.484652  0.000000 -0.050007  0.187318  0.161363  0.093800  0.311996  0.620928  0.111032  0.098453  0.018255 -0.107919 -0.311893 -0.056016  0.198458  0.189611 -0.006397
 0.484652 -0.000000  0.000000  0.000000  0.190937 -0.165373 -0.198698  0.269807  0.254849 -0.089096  0.414942  0.112835 -0.279992  0.448723  0.053133  0.053656  0.029156  0.171068 -0.125184
 0.000000 -0.000000  0.000000  0.484652  0.043243  0.056610  0.350512  0.273853  0.270297 -0.163996  0.015840  0.204706  0.253978 -0.026643  0.429707 -0.150096  0.223779 -0.102970  0.294961
-0.000000 -0.484652 -0.000000  0.000000 -0.200808 -0.130168  0.286836 -0.276991 -0.000328 -0.285942  0.368032 -0.218502 -0.056926  0.010324 -0.284668  0.014311  0.431911 -0.099500  0.053461
 0.000000 -0.000000  0.484652  0.000000 -0.175792 -0.117879 -0.009059 -0.020249  0.346085  0.335533  0.237006  0.097966 -0.097109 -0.130730 -0.129847  0.136191 -0.291102 -0.456305  0.258483
 0.000000  0.000000 -0.484652  0.000000  0.104347 -0.231537  0.138178  0.071685  0.162676 -0.242343 -0.023206 -0.024383 -0.397611 -0.369184  0.069755 -0.094468 -0.274851 -0.388668 -0.235096
 0.000000 -0.000000 -0.384277 -0.100375  0.021101 -0.198381 -0.009859 -0.161667  0.054060  0.035415 -0.284109 -0.061802 -0.012926  0.382034  0.097752  0.520818  0.024044 -0.174444  0.479140
-0.000000 -0.384277  0.000000  0.100375  0.580941  0.239384 -0.406555 -0.204555 -0.029819  0.172062  0.052569  0.089378  0.021622 -0.185662  0.169983  0.105785  0.226431 -0.263523 -0.057835
 0.000000  0.384277 -0.000000  0.100375 -0.333671  0.406558 -0.118198 -0.133200 -0.011274  0.076874  0.052688 -0.261398 -0.411247  0.119330  0.277569 -0.021799  0.344990 -0.258314 -0.100740
 0.000000  0.000000 -0.000000 -0.484652  0.115236  0.348369 -0.024221  0.292058 -0.095753 -0.223431  0.078803  0.101287 -0.264843 -0.197368 -0.075193 -0.153135  0.064205  0.049115  0.569468
 0.000000 -0.000000 -0.000000  0.484652 -0.116896  0.051351 -0.331845  0.057420  0.025798 -0.228050 -0.338774  0.298319 -0.209952  0.048023 -0.556643 -0.053215  0.088904 -0.053352  0.095599
-0.000000 -0.484652 -0.000000  0.000000 -0.212717  0.277307 -0.001548  0.605346 -0.066713  0.065819 -0.178907 -0.289693  0.059447  0.169000 -0.001895  0.160066 -0.146015 -0.197517 -0.183720
 0.484652
