4 27
-0.082794  0.000000 -0.316971 -0.000000  0.145839  0.137846 -0.122769 -0.021621  0.093044 -0.022204 -0.011477 -0.081568 -0.043140  0.279314  0.075721 -0.257263  0.162367  0.002287 -0.152440 -0.124876  0.429038 -0.313466 -0.438567 -0.282005 -0.209497  0.047775  0.059665
 0.082794 -0.000000 -0.316971 -0.000000 -0.304589 -0.262024  0.077731  0.170023 -0.171049  0.102198 -0.138053  0.037328  0.246118  0.226552  0.384156 -0.064523 -0.258888 -0.161863  0.333701  0.030185  0.056340  0.165692  0.151833 -0.242944 -0.146848  0.138609  0.116321
 0.000000  0.000000 -0.399765  0.000000  0.081920  0.226008  0.152893  0.082879 -0.125417  0.296808 -0.124617 -0.147198  0.192223  0.040653 -0.312441  0.112967  0.207009  0.065590 -0.089579  0.228151 -0.195815 -0.064074  0.057044  0.207983  0.024240  0.375696  0.352450
-0.082794  0.000000 -0.000000 -0.316971  0.097166  0.008428 -0.255419  0.250586 -0.405252  0.174132 -0.293922  0.137153 -0.279847 -0.112113  0.163387 -0.190225  0.008038  0.018815  0.026632 -0.220691  0.062924  0.117481 -0.126079  0.455705 -0.076511 -0.039950  0.054827
-0.000000 -0.000000 -0.000000 -0.399765 -0.010102 -0.096271 -0.016510  0.093938  0.190678  0.056087  0.135688  0.195653  0.249489  0.384564 -0.146053 -0.087196  0.201519  0.011552  0.226752 -0.353292 -0.106925 -0.345061  0.234517  0.130790  0.229113 -0.064111 -0.101365
-0.000000  0.399765  0.000000 -0.000000 -0.438572 -0.100483 -0.054574  0.188984 -0.212731 -0.144233  0.000715 -0.080540  0.069692  0.210238  0.060198  0.079158  0.174985  0.303259 -0.429702 -0.004163 -0.131097  0.066396 -0.138424 -0.007059  0.108166  0.115911 -0.307202
-0.000000  0.000000  0.399765 -0.000000  0.030006  0.016151  0.036916 -0.301717 -0.209029 -0.078882 -0.335744 -0.226593  0.304349  0.128071  0.169202 -0.128064  0.237468 -0.191332 -0.057920 -0.114352 -0.087170  0.063850 -0.125679 -0.109839  0.296167 -0.094883  0.364559
-0.000000 -0.399765  0.000000 -0.000000 -0.342165  0.060124 -0.029922  0.090534  0.022391 -0.105083 -0.007530 -0.212085  0.182144 -0.124960 -0.442169 -0.280652 -0.281290 -0.087772 -0.001544 -0.255614  0.114106  0.184710 -0.217603  0.067306  0.158934  0.194553 -0.128275
-0.399765  0.000000  0.000000 -0.000000 -0.067183  0.083023 -0.070595 -0.091976 -0.002602 -0.403453 -0.035966  0.195453 -0.230730  0.310534  0.009708  0.155746 -0.204581  0.024952  0.258642  0.285882  0.060829 -0.045292 -0.156352  0.162687  0.337573  0.235454  0.147939
 0.000000 -0.399765 -0.000000  0.000000 -0.127727  0.319639  0.025316 -0.001727  0.043065  0.007093 -0.246997  0.188676 -0.284360  0.081147  0.118028 -0.096783  0.101855  0.354507 -0.190987 -0.118168  0.003935  0.093966  0.431861 -0.326494  0.119748  0.085804  0.040836
 0.082794 -0.000000  0.000000 -0.316971 -0.418057 -0.242385  0.120048 -0.071076  0.249884 -0.170009 -0.242156  0.105729 -0.033261 -0.397124 -0.070941  0.013975  0.264616  0.201385  0.137800  0.170488  0.111975 -0.169620 -0.141280 -0.004588 -0.158146 -0.051282  0.258693
-0.000000 -0.399765 -0.000000 -0.000000 -0.115872  0.042286  0.104463  0.482268 -0.068307 -0.060351  0.286907 -0.353214 -0.131247  0.060701  0.210426  0.100970  0.289612 -0.108917  0.062707  0.226640  0.022107 -0.062617 -0.057518  0.065281  0.152606 -0.317607  0.059431
-0.000000 -0.000000 -0.399765  0.000000  0.013358  0.232097  0.296626 -0.172892 -0.344897 -0.292058  0.071801  0.203491  0.148839 -0.115034 -0.067250  0.284859  0.062399  0.081126  0.097528 -0.310589  0.071317  0.151022 -0.089485 -0.008263  0.037973 -0.377064 -0.018767
-0.399765  0.000000 -0.000000  0.000000  0.017625 -0.279833  0.070289  0.198448 -0.154818 -0.101189  0.058947  0.109579 -0.207128 -0.211731 -0.147672  0.151703  0.138402 -0.418133 -0.171120 -0.285838 -0.168105 -0.128001  0.076462 -0.334887 -0.037276  0.227358  0.119625
-0.082794 -0.316971  0.000000 -0.000000 -0.082000  0.122162 -0.249824 -0.091722 -0.017660  0.233287 -0.320591  0.187864  0.232720 -0.082579  0.109077  0.392048  0.100238 -0.200551  0.026754  0.154558 -0.087534 -0.199117 -0.207117 -0.067101  0.003491  0.017968 -0.459239
-0.000000 -0.000000  0.000000  0.399765  0.118265 -0.026390 -0.250385  0.201368  0.179395 -0.309069 -0.026220  0.137830  0.298189 -0.140184  0.129226  0.017061  0.396197 -0.014901  0.072371 -0.114171  0.282395  0.187286  0.197549  0.246049 -0.038635  0.240628  0.008035
 0.000000 -0.000000  0.000000  0.399765  0.029218 -0.119051 -0.025683  0.059812 -0.118759  0.227199  0.114279  0.232554 -0.078173 -0.106950 -0.062957 -0.302106  0.208343  0.294468  0.398907 -0.013991 -0.312302  0.001673 -0.331162 -0.199232  0.196449  0.002606 -0.018495
 0.399765 -0.000000  0.000000 -0.000000  0.002747  0.242416 -0.238172  0.150897  0.155315 -0.349111 -0.109932 -0.054415 -0.141347  0.154440 -0.021556  0.138924 -0.041408 -0.100997  0.131030 -0.186567 -0.518682  0.009371 -0.170512 -0.049376 -0.304115  0.045533  0.134893
 0.000000 -0.000000 -0.000000 -0.399765  0.035333  0.191973  0.118182 -0.110570  0.230933  0.120660  0.388491  0.101214  0.033637 -0.140715  0.357864  0.018476  0.135101 -0.075451 -0.026636 -0.056071 -0.082959  0.398175 -0.253317 -0.053407  0.105641  0.354956 -0.009786
-0.000000 -0.000000  0.000000 -0.399765  0.376684 -0.055641 -0.270405  0.135479 -0.237785 -0.261886 -0.011067 -0.119061  0.185151 -0.087212 -0.218843 -0.076578  0.051733  0.168872  0.140785  0.321006  0.021301  0.177187  0.097173 -0.388254  0.009117  0.024727 -0.147897
 0.000000  0.399765  0.000000 -0.000000  0.043246  0.368611  0.118886  0.467159  0.242526  0.041665 -0.253034  0.065109  0.093010 -0.262833  0.053537 -0.046513 -0.218547 -0.116030  0.018459  0.002276  0.075524 -0.112296 -0.033037 -0.169602  0.363225 -0.128752  0.015460
-0.399765  0.000000 -0.000000  0.000000  0.129174 -0.135169  0.233282  0.134189  0.371893  0.106293 -0.322869 -0.096815 -0.015498  0.271948 -0.155263  0.078892  0.110896  0.076366  0.054338 -0.043876 -0.084761  0.470452 -0.125837  0.002793 -0.194144 -0.221865 -0.103836
-0.000000  0.000000 -0.399765 -0.000000 -0.036756 -0.254311 -0.553299 -0.125468  0.232234  0.124200  0.038922 -0.092767 -0.051663 -0.077152  0.005389  0.154194 -0.072239  0.017528 -0.172961 -0.077103 -0.067095  0.166892  0.016666 -0.051220  0.368351 -0.257698  0.248279
 0.000000  0.000000 -0.399765  0.000000  0.097356 -0.089182  0.176408 -0.203903  0.090900 -0.271259 -0.203289 -0.155041 -0.145989 -0.121493  0.178871 -0.424943  0.116830 -0.229048 -0.036628  0.120269 -0.280429 -0.072820  0.117444  0.157889  0.148147  0.016399 -0.356941
-0.082794  0.316971  0.000000  0.000000 -0.322181  0.316289 -0.204996 -0.199010 -0.058833  0.162945  0.038473 -0.267672 -0.266925  0.005054 -0.177784  0.002197  0.294134 -0.237645  0.381680 -0.028638  0.159310  0.131266  0.206813 -0.088852 -0.047089 -0.012816 -0.126618
-0.399765 -0.000000  0.000000 -0.000000  0.032485  0.074376 -0.057152 -0.052448  0.031962 -0.027413  0.025780 -0.479769  0.141789 -0.236120  0.289636  0.110575 -0.167594  0.404511  0.199562 -0.275200 -0.154510 -0.250209  0.069788  0.025262 -0.112772  0.104201 -0.012526
-0.399765  0.000000 -0.000000 -0.000000 -0.225639  0.274453 -0.200513 -0.004032  0.005710 -0.050922  0.207111  0.251781  0.288281 -0.034091  0.011612 -0.357435 -0.034315 -0.094125 -0.171274  0.219516 -0.254029  0.016249  0.084618  0.039827 -0.292399 -0.284217  0.158981
 0.399765
