8 17
-0.000069 -0.000018 -0.000513 -0.000352 -0.000034 -0.000019 -0.000085 -0.705979  0.062596  0.215327  0.261825  0.194798 -0.000441 -0.337794  0.159173  0.211103 -0.401004
 0.000000  0.707105 -0.000000  0.000000 -0.000001 -0.000000  0.000000  0.000000  0.258897 -0.157504  0.187586 -0.282571  0.278784  0.003884  0.012131 -0.384238 -0.260020
-0.000026 -0.000072 -0.706904  0.000004 -0.000027  0.000005  0.000051 -0.000006  0.122117  0.222052 -0.059947 -0.024282  0.056572  0.076089  0.606543 -0.102167  0.211093
-0.000000 -0.000003  0.000000  0.000000  0.707103  0.000000 -0.000000 -0.000000  0.045841 -0.015045 -0.162478  0.413410 -0.250379 -0.089123 -0.018063 -0.471166 -0.086102
-0.079267 -0.000389  0.009588 -0.557109 -0.001651 -0.005995 -0.018647 -0.030406 -0.039693 -0.247207 -0.470852  0.248716  0.431616  0.169432  0.134837  0.165643 -0.274002
-0.002934 -0.001330  0.018899  0.620205 -0.001687  0.000390  0.000187 -0.057535  0.338332 -0.171589 -0.535362 -0.111660 -0.130940  0.114120  0.093632  0.219150 -0.285849
 0.000023  0.000019 -0.000001 -0.000013 -0.000029 -0.000002  0.707002  0.000006 -0.039700 -0.245061  0.313600  0.148800 -0.214750  0.466621  0.161063  0.073620 -0.151051
-0.000000 -0.707106  0.000000 -0.000000  0.000000 -0.000000  0.000000 -0.000000  0.257581 -0.157223  0.189003 -0.281956  0.279700  0.003748  0.011808 -0.384919 -0.259161
 0.000008  0.000006 -0.000002  0.000003 -0.000008  0.707075  0.000001  0.000002  0.482267  0.173197  0.095520  0.274361  0.173217  0.178704 -0.223450  0.099561  0.176883
 0.077514 -0.001101  0.011456 -0.552244 -0.000229  0.006495  0.019033 -0.033503  0.419859  0.056709 -0.126500 -0.376446 -0.582394 -0.042430 -0.031101  0.078851 -0.044490
-0.000001 -0.000002  0.000004 -0.000005  0.000004 -0.707083  0.000003  0.000003  0.486640  0.175777  0.098231  0.268706  0.163907  0.177195 -0.224809  0.099015  0.178493
 0.000045  0.000195 -0.001970  0.000009  0.000254 -0.000064 -0.000014 -0.704440 -0.108600 -0.193855 -0.192324 -0.178924  0.020208  0.323883 -0.171494 -0.240353  0.439198
-0.000000 -0.000000  0.000000 -0.000000  0.707106 -0.000000 -0.000000 -0.000000 -0.044704  0.013390  0.160298 -0.412967  0.250872  0.089164  0.018849  0.472360  0.084969
 0.701055  0.000034  0.000262  0.000217 -0.000619 -0.000791 -0.003702  0.000035  0.142036 -0.515463  0.080377  0.141918  0.047489 -0.316645  0.141762  0.110139  0.247553
 0.000000  0.000001  0.000002  0.000023 -0.000010 -0.000334  0.706699  0.000010  0.027869  0.234828 -0.322248 -0.131424  0.242244 -0.462682 -0.156130 -0.070934  0.146199
-0.000008  0.000013 -0.706896  0.000072 -0.000045  0.000024  0.000009 -0.000011 -0.106389 -0.229150  0.037643  0.019021 -0.063732 -0.072395 -0.602241  0.112165 -0.223862
-0.704430 -0.000038  0.000397 -0.000446 -0.000448  0.000611  0.000531  0.000034  0.190600 -0.478267  0.121261  0.072270 -0.064853 -0.339269  0.122059  0.098706  0.273554
 0.707106
