2 23
-0.074953 -0.224860 -0.348053  0.012404  0.084158 -0.168427  0.275986  0.049027 -0.239606  0.121736  0.354498  0.153425  0.399883  0.138995 -0.109907  0.261643 -0.104459 -0.124065 -0.128607  0.292167 -0.037749  0.240433  0.199660
 0.299813  0.000000  0.026731 -0.109604  0.151876 -0.338452  0.192237  0.072153 -0.157772 -0.109120 -0.144399 -0.296219  0.211458 -0.276422  0.405029  0.140365 -0.112696 -0.304943  0.006927  0.040131 -0.027928 -0.235854 -0.321840
-0.299813  0.000000 -0.155862  0.226414  0.260102 -0.135047 -0.122328 -0.241111  0.216144  0.181906 -0.336681  0.048300  0.154530  0.111375 -0.011444  0.284580  0.239753  0.053091 -0.418690 -0.143005  0.018624 -0.019748 -0.325396
-0.074953  0.224860 -0.314801 -0.165698  0.203204 -0.091164  0.491928 -0.087749  0.080654  0.305083 -0.261550 -0.146282 -0.097598 -0.058202 -0.057751 -0.462044 -0.003773  0.176665  0.125551  0.144061  0.102595  0.142959 -0.012009
-0.000000  0.299813 -0.189574 -0.500372 -0.024136 -0.178672 -0.346208 -0.135389 -0.200890 -0.328575 -0.153400 -0.139054 -0.027006  0.039419 -0.008613  0.013194  0.257178 -0.024031 -0.240375  0.152001 -0.089158  0.169402  0.274115
-0.299813 -0.000000  0.065995 -0.348277  0.079850  0.199812 -0.044162  0.062665 -0.153884  0.305922 -0.008198  0.169582 -0.259935  0.112274  0.177928  0.052583 -0.129883 -0.442031 -0.132844  0.037123  0.444879 -0.202871  0.035109
 0.000000  0.299813 -0.344754 -0.137459 -0.301120 -0.116225 -0.180385 -0.013936 -0.087103  0.006034  0.098044  0.267679  0.162491  0.026298 -0.269998 -0.162025 -0.404625 -0.010207 -0.002114 -0.213634 -0.062771 -0.215107 -0.400791
-0.000000  0.299813 -0.193631  0.361229 -0.142789 -0.167019  0.020857  0.200777 -0.040825 -0.237149 -0.062237  0.035731 -0.107831  0.118746 -0.035802  0.227539  0.174839  0.107175  0.228149  0.323867  0.517686 -0.210340 -0.004828
-0.299813 -0.000000 -0.204358 -0.085946 -0.059481 -0.096469 -0.040204  0.277219  0.291687 -0.080236  0.536309 -0.248796  0.085972 -0.045102  0.328319 -0.203615  0.257677  0.063948 -0.072680 -0.261149  0.141065  0.020100 -0.075220
 0.000000  0.299813  0.100107 -0.154593  0.270751  0.372289  0.139287  0.421769 -0.070429 -0.048619  0.042579  0.064000  0.058597  0.222259  0.135168  0.135682 -0.053258  0.388718 -0.204695  0.182957 -0.281829 -0.184132 -0.146994
 0.000000  0.299813  0.156934  0.161863 -0.230811  0.080220 -0.045638 -0.245501  0.086408  0.158474  0.140806 -0.561689  0.007770  0.235023  0.083227  0.125594 -0.423078  0.006903 -0.187763  0.140237  0.090999  0.221205 -0.012146
 0.000000 -0.299813 -0.252336  0.288491  0.169775  0.018234 -0.015074  0.106955 -0.259188 -0.402321 -0.138544 -0.041264 -0.292615  0.184033  0.147516 -0.297934 -0.328986  0.036197 -0.313867 -0.125718  0.075751  0.113171 -0.005334
-0.000000 -0.299813  0.173556 -0.201721  0.309658 -0.331252 -0.331636 -0.092491 -0.179519  0.141993  0.215620 -0.135005 -0.126400  0.185516 -0.128295 -0.034468 -0.048488  0.374701  0.224212  0.188274  0.134664 -0.038080 -0.286259
-0.299813  0.000000  0.267669 -0.111333  0.048860 -0.174263  0.403859 -0.352591  0.227469 -0.473950  0.188299  0.070411 -0.105649  0.095718 -0.189164 -0.036335 -0.080056 -0.078702 -0.110641  0.123579 -0.071540 -0.293375 -0.019454
 0.299813 -0.000000  0.164718 -0.062104  0.199898 -0.039527 -0.155113  0.175543  0.398891 -0.054016  0.008466  0.140616  0.237969 -0.294374 -0.209698 -0.165595 -0.199215  0.053870 -0.373977  0.173472  0.396440  0.059236  0.113825
-0.299813  0.000000  0.073346  0.122723 -0.130093 -0.436642 -0.201939  0.197548  0.194403  0.183618 -0.179783  0.168790 -0.040397 -0.019087  0.314516 -0.105500 -0.267918  0.067317  0.024985  0.248727 -0.319431 -0.145418  0.309736
 0.299813  0.000000 -0.350271  0.058833  0.067599  0.185513 -0.108366 -0.445707  0.170428  0.064556  0.292296  0.225073 -0.283519 -0.188269  0.356821  0.042604  0.015955  0.081545 -0.059240  0.279954 -0.094833 -0.146663 -0.031864
 0.299813  0.000000 -0.197563 -0.086878  0.262051 -0.059599 -0.018225 -0.053161  0.260632  0.038040 -0.033347 -0.119952  0.104945  0.466009 -0.011364  0.096703 -0.110665 -0.025843  0.174780 -0.358358  0.026805 -0.349476  0.413378
-0.299813 -0.000000 -0.266913  0.000991  0.344510  0.225230 -0.211365  0.133988  0.223464 -0.173018 -0.028074 -0.243881 -0.100662 -0.294851 -0.243423  0.227884 -0.252198 -0.213809  0.324657  0.118032 -0.153287  0.072107 -0.032906
 0.000000  0.299813  0.133093  0.377706  0.347524  0.029876 -0.206149 -0.058587 -0.197855  0.068402  0.199163 -0.018028  0.178655  0.111649 -0.078768 -0.450532  0.205307 -0.383258  0.018450  0.138973 -0.141557 -0.125219  0.018660
 0.000000 -0.299813 -0.166023  0.028428 -0.257246  0.121220 -0.008048  0.091278 -0.093148  0.180376 -0.032083 -0.405173 -0.036457 -0.140578 -0.319599 -0.088700  0.144320  0.044295 -0.296108  0.186386 -0.096450 -0.539146  0.098865
-0.000000  0.299813  0.068082  0.140400  0.213483 -0.270214  0.101521  0.039190 -0.261357  0.163970  0.242074 -0.005300 -0.355038 -0.376525 -0.164709  0.232212 -0.065032  0.144346 -0.188034 -0.364378 -0.024664 -0.046760  0.238008
-0.299813 -0.000000  0.029452  0.033998  0.065835  0.230211 -0.065306 -0.319209 -0.287367 -0.111488 -0.072094 -0.016674  0.461423 -0.273581  0.205969 -0.055420 -0.146938  0.341666  0.134467 -0.097164  0.223962 -0.199401  0.234718
 0.299813
