18 28
 0.000075  0.000307 -0.706657 -0.000266  0.000379 -0.000011 -0.000122  0.000389  0.000108  0.233358  0.000055  0.000061 -0.000096  0.000143  0.000182  0.000010 -0.000331 -0.000171  0.028223 -0.071617  0.165298 -0.258690  0.171116  0.194747 -0.249200  0.340697  0.288431  0.132042
-0.000002  0.000029 -0.000011  0.000003  0.000024 -0.000022  0.707127  0.000041 -0.235273 -0.000026 -0.000006 -0.000011  0.000012  0.000041 -0.000054 -0.000029 -0.000011  0.000002  0.217435  0.074630  0.014606 -0.121432  0.292303 -0.283515 -0.029394 -0.189394 -0.089929  0.407638
 0.000091 -0.000464  0.000583 -0.000766  0.185460  0.000539 -0.000144  0.004140  0.013498 -0.027921  0.000733  0.000743 -0.705278  0.000183  0.000326 -0.000404 -0.001101 -0.000092 -0.042486 -0.384906 -0.109352 -0.008434  0.126475  0.217125  0.009062  0.141544 -0.453015  0.129383
 0.000104  0.000239  0.000398 -0.000009  0.001009 -0.009837 -0.000540 -0.707128 -0.000017  0.000072  0.031135 -0.179294 -0.001348 -0.000180  0.000210  0.009437  0.000037 -0.000539  0.283842 -0.083202 -0.177622 -0.232428 -0.043326 -0.088219 -0.383286 -0.117574 -0.107188 -0.334250
 0.000068 -0.001517  0.000615 -0.000765  0.182615  0.000505 -0.000158  0.002258  0.013369 -0.027901  0.000732  0.000277  0.708921 -0.001024  0.000315 -0.000401 -0.001106 -0.000077 -0.041292 -0.382182 -0.107315 -0.007499  0.126929  0.218615  0.007499  0.139270 -0.451641  0.128207
 0.707200  0.000033  0.000025  0.000001 -0.000011 -0.235385 -0.000014  0.000009 -0.000001 -0.000035 -0.000033  0.000004  0.000004 -0.000005  0.000001  0.000007 -0.000010 -0.000014 -0.279215  0.226505 -0.332259  0.058841 -0.129717  0.088864 -0.337040 -0.029606 -0.026115  0.247915
 0.000100 -0.708019 -0.000533  0.000480  0.182839 -0.000441  0.000382 -0.000890  0.011289  0.028555 -0.001737 -0.000338  0.001692 -0.000743  0.000123 -0.000122  0.001735  0.000437 -0.011400 -0.104535 -0.278078 -0.125155 -0.195695 -0.409708  0.159109  0.339683  0.103828  0.051367
-0.000000 -0.000000 -0.000000  0.707110 -0.000000  0.000000  0.000000  0.000000 -0.000000  0.000000 -0.000000 -0.000000 -0.000000  0.000000  0.000000 -0.000000  0.235696 -0.000000  0.072196  0.057539 -0.418862  0.034558  0.373209  0.171829  0.194377 -0.020564  0.191296 -0.125185
-0.000005  0.000001 -0.000003 -0.000002  0.000026 -0.942703 -0.000000  0.000000  0.000007  0.000004 -0.000000  0.000006 -0.000002  0.000008 -0.000012  0.000002  0.000000  0.000020  0.122410 -0.117165  0.170318 -0.032754  0.067921 -0.043610  0.178261  0.009636  0.017513 -0.117589
 0.000005  0.000022 -0.000006 -0.000013  0.000014  0.000001  0.000005  0.000018 -0.942642  0.000006 -0.000000  0.000002 -0.000000  0.000028  0.000014 -0.000001  0.000018 -0.000004 -0.110055 -0.052718 -0.018614  0.056773 -0.147223  0.137275  0.019196  0.108735  0.032998 -0.197905
-0.000038  0.000103 -0.000024 -0.000005  0.000001  0.000025 -0.000029  0.000366 -0.000014 -0.000134 -0.232647  0.000069 -0.000015 -0.000104  0.706905  0.002247  0.000013 -0.000014 -0.043397  0.394593  0.027784 -0.389156 -0.006006  0.094424  0.179518  0.120273 -0.270523 -0.086759
-0.000021 -0.000030 -0.000002 -0.000003 -0.000003  0.000000 -0.000031  0.000039 -0.000033 -0.000045 -0.942364 -0.000013  0.000010  0.000016 -0.000042  0.000098 -0.000014 -0.000020  0.014440 -0.214701 -0.024745  0.154068  0.005385 -0.055849 -0.112620 -0.088205  0.132048  0.015733
-0.000321 -0.000039 -0.000160 -0.000027  0.000371  0.010244  0.000116  0.000543 -0.000097  0.000687  0.030247  0.179624 -0.000091 -0.709174  0.000066  0.009230 -0.000039  0.000182 -0.401525 -0.226016 -0.003137 -0.357913  0.069027 -0.079497  0.030189 -0.308895  0.101290 -0.074914
-0.000249 -0.002286  0.000071 -0.000029  0.000264  0.010349  0.000130 -0.000577 -0.000023  0.000597  0.030316  0.180872  0.001116  0.705030 -0.000026  0.009250 -0.000042  0.000192 -0.404247 -0.227475 -0.002788 -0.359792  0.069793 -0.079116  0.030758 -0.310705  0.101207 -0.074995
-0.000082  0.000018  0.000052  0.000114  0.930076 -0.000032 -0.000129  0.000218 -0.009776 -0.000360  0.000297  0.000072  0.000566  0.000098 -0.000288  0.000197 -0.000247 -0.000124  0.021559  0.193769  0.152657  0.053211  0.026862  0.075430 -0.065877 -0.189391  0.137949 -0.071176
-0.000012 -0.000015 -0.000089 -0.000004  0.000030 -0.000014  0.707086  0.000012  0.235286  0.000035 -0.000003 -0.000012 -0.000000 -0.000055  0.000085  0.000034  0.000009 -0.000012 -0.216768 -0.074680 -0.014624  0.121290 -0.292142  0.284005  0.028474  0.189077  0.089478 -0.408174
-0.000039  0.000146  0.000027 -0.000005 -0.000136  0.000040  0.000002  0.000062  0.000034 -0.000029 -0.232452 -0.000005 -0.000024 -0.000196 -0.707308  0.002256  0.000013 -0.000032 -0.043453  0.393827  0.027562 -0.389211 -0.005937  0.094526  0.179323  0.120757 -0.270618 -0.086600
 0.000007 -0.000055  0.000046 -0.000057 -0.000039 -0.000038  0.000004  0.000013 -0.000042 -0.942328  0.000007 -0.000015 -0.000014 -0.000009  0.000014  0.000041  0.000007 -0.000041  0.015068 -0.019449  0.071318 -0.135612  0.065310  0.058352 -0.113991  0.180442  0.176145  0.060708
 0.707014 -0.000038  0.000036 -0.000001  0.000024  0.235453  0.000028  0.000041  0.000004  0.000014 -0.000003  0.000015  0.000018 -0.000069 -0.000003  0.000001  0.000010  0.000000  0.278855 -0.226553  0.332501 -0.059059  0.129836 -0.088870  0.337258  0.029197  0.026264 -0.248034
-0.000000  0.000000 -0.000000  0.000000  0.000000 -0.000000 -0.000000  0.000000 -0.000000 -0.000000 -0.000000  0.000000 -0.000000 -0.000000  0.000000 -0.000000  0.942806  0.000000 -0.036211 -0.029497  0.210428 -0.017029 -0.185284 -0.083449 -0.098008  0.009543 -0.097047  0.062908
-0.000013 -0.000032 -0.707555  0.000264 -0.000204  0.000000  0.000020  0.000042 -0.000115 -0.233202  0.000000 -0.000232  0.000130  0.000089 -0.000233  0.000005  0.000327  0.000198 -0.027632  0.070914 -0.165255  0.258122 -0.170513 -0.193848  0.248015 -0.340578 -0.289144 -0.132261
 0.000054  0.000156  0.000823 -0.000001 -0.000507 -0.009852 -0.000591  0.707068 -0.000074  0.000296  0.031322 -0.179517  0.000524  0.000943 -0.000097  0.009433  0.000051 -0.000547  0.284126 -0.080257 -0.177467 -0.232361 -0.045040 -0.091339 -0.382944 -0.118255 -0.102859 -0.335293
-0.000012  0.000003 -0.000010 -0.000004 -0.000003  0.000001  0.000002  0.000001  0.000002 -0.000014  0.000008  0.000026  0.000010  0.000016  0.000014  0.235507  0.000012 -0.707108 -0.253740  0.097910  0.100596  0.185979  0.345739 -0.275510 -0.166409  0.191498 -0.129620 -0.221924
 0.000125  0.000009  0.000122  0.000010 -0.000302 -0.007761 -0.000248  0.000160 -0.000006 -0.000235  0.000312  0.933085 -0.000007  0.000001 -0.000042  0.000061  0.000034 -0.000253  0.264902  0.056575 -0.067079  0.049389 -0.044007 -0.004185 -0.159044  0.074088 -0.079084 -0.099938
 0.000002  0.000047  0.000019 -0.000005 -0.000012  0.000000  0.000011  0.000011 -0.000010  0.000013 -0.000001 -0.000010 -0.000008  0.000006 -0.000004  0.235511  0.000010  0.707105 -0.252991  0.097979  0.100710  0.185827  0.345968 -0.274943 -0.167408  0.191307 -0.129922 -0.222412
 0.000000 -0.000000 -0.000000  0.707102 -0.000000  0.000000  0.000000 -0.000000 -0.000000 -0.000000  0.000000 -0.000000  0.000000 -0.000000 -0.000000 -0.000000 -0.235703  0.000000 -0.072291 -0.058330  0.419115 -0.034652 -0.372540 -0.170669 -0.194761  0.020690 -0.192205  0.125488
 0.000001  0.000004 -0.000002  0.000002  0.000003 -0.000001  0.000002  0.000003  0.000004  0.000007 -0.000011 -0.000006 -0.000002  0.000013  0.000004  0.942715 -0.000006  0.000005  0.128966 -0.045111 -0.047001 -0.079410 -0.173179  0.140462  0.089699 -0.087546  0.065837  0.119754
-0.000104 -0.706188  0.000257 -0.000479 -0.183804  0.000376 -0.000369  0.000804 -0.011400 -0.028368  0.001615 -0.000347 -0.002760 -0.001496 -0.000167  0.000121 -0.001737 -0.000395  0.013001  0.106737  0.279073  0.126313  0.195691  0.410471 -0.159952 -0.339806 -0.103212 -0.051747
 0.942806
