13 40
-0.017871 -0.000766 -0.000021 -0.010604  0.000128  0.000696 -0.000624 -0.483793 -0.005246  0.039197 -0.000441 -0.004846 -0.012859  0.176128 -0.041983  0.325430  0.110079  0.015394  0.035625  0.057761  0.055627 -0.238123 -0.050604  0.051108  0.101333  0.085440  0.066987 -0.024129 -0.011933  0.564341  0.041656 -0.028520  0.024820 -0.170489 -0.021555  0.098864 -0.064849 -0.133868  0.258381 -0.265561
 0.577024 -0.000007 -0.000001  0.000006  0.000025 -0.000019  0.000031 -0.000011 -0.000143 -0.000028 -0.000005 -0.000023 -0.000004  0.018119 -0.090147 -0.081662 -0.126801 -0.178356  0.260706 -0.107164 -0.130114 -0.001809  0.110900  0.082620 -0.119233  0.472563  0.067134 -0.040325 -0.056939 -0.028561 -0.024447 -0.249338  0.050501  0.014453 -0.103814 -0.308374  0.048519  0.076244  0.017640 -0.246823
-0.000000 -0.577346 -0.000000  0.000001 -0.000000  0.000001 -0.000000 -0.000000 -0.000000  0.000000  0.000000 -0.000000  0.000000 -0.046434 -0.365156 -0.117929 -0.004974 -0.126054  0.044469 -0.189125 -0.106722 -0.327260 -0.024472 -0.337819 -0.115293 -0.053740 -0.052312  0.239232  0.041348  0.067110  0.035745 -0.173330 -0.061543  0.014168 -0.035751  0.255113  0.161426 -0.043890 -0.113164  0.074672
-0.000012  0.000000 -0.000007  0.000007 -0.000021 -0.000009 -0.000003  0.000022 -0.000031  0.000007  0.000003  0.000567 -0.576643  0.144228 -0.155013 -0.381012  0.248074  0.295178 -0.013668 -0.004262  0.084993 -0.042391  0.159461 -0.137613  0.208462  0.059774  0.034136 -0.160518 -0.308121 -0.030173  0.132528  0.038491 -0.213449  0.030173 -0.110110 -0.018575 -0.128800  0.018223  0.033465 -0.096866
-0.000000  0.000000 -0.000000  0.000000 -0.000000 -0.000000  0.000000  0.000000 -0.000000 -0.000000 -0.577350 -0.000000  0.000000  0.242054  0.104379  0.036704 -0.074679  0.326187 -0.074836 -0.062201 -0.392780  0.054673 -0.189136  0.028259 -0.020456 -0.001549  0.210641  0.026651 -0.020325  0.001021  0.154133 -0.188253  0.094138  0.360216  0.072000  0.099830  0.118932  0.016425  0.084787  0.008458
 0.000000  0.000000 -0.000000  0.000000  0.000000 -0.577350 -0.000000 -0.000000  0.000000 -0.000000 -0.000000 -0.000000 -0.000000  0.062945  0.140173 -0.177358 -0.019406  0.047427  0.062603 -0.006865 -0.145835  0.036623 -0.119413 -0.046351 -0.001159  0.008150  0.094551 -0.090801 -0.151961  0.187942 -0.178500  0.174890  0.114370 -0.273011 -0.287575 -0.098869  0.393451 -0.165443 -0.058539  0.249368
 0.000001  0.000024  0.000006 -0.000001 -0.000004 -0.000002  0.000001 -0.000002 -0.000001 -0.000012 -0.000001  0.577290  0.000002 -0.041924  0.035452 -0.117680 -0.103339 -0.198024 -0.154378  0.309979  0.088120 -0.357565 -0.018118 -0.003388 -0.153658 -0.180827  0.141334 -0.026142 -0.265488 -0.102954 -0.052093 -0.001536  0.244718  0.222481 -0.109529 -0.102417 -0.043553 -0.056357  0.208227 -0.055078
-0.000001 -0.000022  0.000006  0.000007  0.000001 -0.000008  0.000002  0.000003 -0.000001 -0.000002  0.000004 -0.577287 -0.000003 -0.168022 -0.189728  0.078082 -0.230735 -0.069476  0.022133  0.042674 -0.017560 -0.059952 -0.020218 -0.059559  0.103473 -0.193038  0.179518 -0.013155 -0.378498 -0.131108  0.034853  0.168452  0.389011 -0.022372 -0.056849  0.064987 -0.012493  0.226708  0.151467 -0.154887
-0.000004 -0.000003  0.000004  0.000004 -0.000003 -0.000009 -0.000002 -0.000000 -0.577305 -0.000001  0.000007 -0.000003 -0.000002  0.022230 -0.368112  0.089814 -0.075281 -0.061687 -0.183583  0.192881  0.192990  0.110009  0.045950  0.190728  0.201451  0.154434  0.303721  0.096235  0.113978  0.054442 -0.035748  0.070295 -0.152981  0.209841 -0.133749 -0.011201  0.218307  0.053927 -0.050445  0.166620
-0.000000 -0.000000 -0.000000 -0.000000  0.000000  0.000001  0.577350 -0.000000 -0.000000  0.000000 -0.000000 -0.000000  0.000000  0.330460 -0.008243  0.198532  0.232928 -0.074205  0.060804  0.176950  0.007284 -0.117991 -0.161271 -0.158035 -0.185733  0.013602 -0.031158 -0.115382  0.100758 -0.201738  0.136755  0.189537 -0.062713 -0.067259 -0.086774 -0.064367  0.178979  0.371593 -0.084623 -0.080030
-0.017332  0.002978  0.000006  0.010858 -0.000159 -0.000024  0.000447 -0.480906 -0.004651 -0.040322  0.000118 -0.004278 -0.013881 -0.208961  0.092620 -0.227838 -0.048094 -0.345651 -0.095457 -0.003326 -0.262836  0.202073  0.017267 -0.343091  0.064466 -0.047474  0.157070 -0.188464  0.163660  0.043374  0.130127  0.091661 -0.173150  0.096919  0.129651 -0.167570 -0.057245  0.185657  0.171338  0.177449
-0.000109 -0.002271 -0.000012  0.000036  0.000064 -0.000352  0.000594 -0.521516 -0.000355  0.000283  0.000195  0.012390  0.039107 -0.065911 -0.071433 -0.120746 -0.041783  0.243282 -0.211712  0.155511 -0.187903 -0.011974  0.011180  0.148607 -0.101179  0.205175 -0.325607  0.279855 -0.065654 -0.148997 -0.126612  0.177332  0.153424  0.040129 -0.162330  0.026829 -0.143407  0.106727 -0.346112 -0.008850
-0.000000  0.000000 -0.000000  0.000000 -0.577350  0.000000 -0.000000 -0.000000  0.000000 -0.000000 -0.000000  0.000000 -0.000000 -0.061091  0.210472  0.044663 -0.238772  0.015796  0.149046  0.224656 -0.058609 -0.163772  0.120756  0.041451  0.298307 -0.149740 -0.110303  0.180397 -0.021534  0.025056  0.397917 -0.143278 -0.156133 -0.073965 -0.118241 -0.144742  0.111835  0.043384 -0.157408  0.010733
-0.000004 -0.000020 -0.000001  0.577299 -0.000001  0.000006 -0.000002  0.000005 -0.000001  0.000003  0.000001  0.000000  0.000007  0.280723  0.098099  0.132954 -0.203866 -0.074221 -0.434576 -0.280055  0.111611 -0.109707  0.200717 -0.199826  0.201070  0.107827 -0.125965 -0.118432 -0.023783 -0.042139 -0.020702 -0.028116  0.150372 -0.013474  0.054009 -0.116374  0.070880 -0.020767 -0.105420  0.014850
 0.000006  0.000005  0.000003  0.000000  0.000000  0.000009  0.000003  0.000004  0.577308 -0.000000  0.000002 -0.000009  0.000001 -0.210958 -0.018384  0.074659 -0.011024  0.172207 -0.273998 -0.074914  0.237040 -0.029532 -0.141079 -0.013587  0.074372  0.093973  0.353583  0.259619  0.140023 -0.017513 -0.111512 -0.057634 -0.202876 -0.007634 -0.258012 -0.147807  0.094001  0.200862  0.081511 -0.027807
 0.000000 -0.000000  0.577350 -0.000000  0.000000  0.000000 -0.000000 -0.000000  0.000000 -0.000000 -0.000000 -0.000000  0.000000 -0.015154 -0.064853 -0.008391 -0.174551  0.293486  0.055018  0.188476  0.205622 -0.028466  0.104998 -0.129641 -0.234030  0.150717 -0.010912 -0.077779 -0.002967  0.147713  0.074275 -0.174004  0.141725 -0.147314  0.193839 -0.035224 -0.057753  0.227615  0.096767  0.386912
-0.000000 -0.000000  0.577350 -0.000000 -0.000000  0.000000  0.000000  0.000000 -0.000000  0.000000  0.000000  0.000000 -0.000000 -0.071252  0.331373 -0.057690  0.119548 -0.211419 -0.023221 -0.102662  0.024329  0.086188  0.235951  0.041756 -0.025342  0.019633  0.097157  0.048201 -0.046093  0.065896  0.005169  0.134486 -0.048093  0.212075 -0.174785  0.378606  0.180758  0.038516 -0.146700 -0.314196
 0.000000  0.000000  0.577350 -0.000000  0.000000  0.000000  0.000000  0.000000  0.000000  0.000000 -0.000000 -0.000000  0.000000  0.086431 -0.266508  0.066092  0.055036 -0.082067 -0.031801 -0.085778 -0.229972 -0.057717 -0.340946  0.087857  0.259404 -0.170313 -0.086260  0.029627  0.049034 -0.213582 -0.079473  0.039510 -0.093632 -0.064777 -0.019037 -0.343373 -0.123022 -0.266130  0.049941 -0.072726
 0.000007  0.000179 -0.000000  0.000207 -0.000015  0.000028  0.000001 -0.000010 -0.000005  0.576747  0.000098 -0.000012 -0.000011  0.034353  0.020047 -0.106635  0.337151 -0.174287 -0.042678 -0.078023  0.011549  0.055309 -0.014061  0.129172  0.168462 -0.007005  0.029182  0.025924  0.158680 -0.035912  0.194201 -0.254023  0.385256 -0.067382 -0.271927  0.065040 -0.163648  0.114510  0.018756  0.228766
 0.000000 -0.000000  0.000000 -0.000000 -0.000000 -0.000000  0.000000 -0.000000  0.000000 -0.000000 -0.577350  0.000000 -0.000000 -0.250078 -0.093700  0.124105 -0.019148 -0.216182 -0.132579  0.172519  0.190027  0.172801 -0.089207 -0.092518 -0.026691  0.056021 -0.308607 -0.258346 -0.166817 -0.045859 -0.061026 -0.200052 -0.188774 -0.218257 -0.246690  0.121568 -0.020037 -0.051002 -0.016132 -0.036596
-0.000000 -0.577346  0.000000 -0.000000 -0.000000  0.000000  0.000000  0.000002  0.000000 -0.000000 -0.000000 -0.000000  0.000000  0.198899  0.094521  0.131760 -0.023036  0.060969 -0.079657  0.115037 -0.114844  0.289587  0.312591  0.201553 -0.107144 -0.313331  0.145798 -0.103518 -0.036458  0.053884 -0.209348 -0.078373 -0.069350 -0.116822 -0.122498 -0.208683 -0.213800  0.133767 -0.031211 -0.064682
 0.000001  0.000001  0.000002  0.577309  0.000003  0.000005 -0.000000 -0.000002  0.000002  0.000007 -0.000007  0.000003  0.000008 -0.318548 -0.127387  0.150627  0.348788  0.111515  0.091515  0.126435 -0.151789  0.132016  0.163624  0.063143 -0.279189 -0.022776  0.053767  0.160018 -0.066422 -0.064594  0.257589  0.082967 -0.018538 -0.029674 -0.016385 -0.094324  0.130783 -0.213771  0.185655  0.014390
-0.000021 -0.000016  0.000036  0.000171  0.000066  0.000014  0.000026  0.000019  0.000020  0.576824 -0.000003  0.000010 -0.000036 -0.126277 -0.122274 -0.023471 -0.359631  0.205086 -0.003568 -0.085420  0.046563 -0.065626 -0.015365 -0.020216 -0.263768 -0.101517  0.026082 -0.324495  0.195148  0.074908  0.149934  0.262343 -0.131159  0.093248 -0.076074 -0.080033  0.010660 -0.156392 -0.147676 -0.211367
-0.576475  0.000004  0.000009  0.000037 -0.000016 -0.000028  0.000023 -0.000008  0.000687 -0.000021  0.000014  0.000012  0.000012 -0.108604  0.005145  0.082801 -0.040093 -0.105190  0.088609 -0.165009 -0.251579 -0.326705  0.128693  0.296659 -0.059694  0.343484  0.193685 -0.235511 -0.122916 -0.169436 -0.029813 -0.099006 -0.152495 -0.116422 -0.012954 -0.003943 -0.055572  0.090482 -0.048764  0.083503
 0.000000  0.000000  0.000000 -0.000000  0.000000 -0.577350 -0.000000 -0.000000 -0.000000  0.000000 -0.000000 -0.000000  0.000000  0.136408 -0.064385 -0.003291 -0.197948 -0.001436 -0.020095  0.052159  0.014347 -0.001311  0.200089  0.033540  0.002393  0.066166 -0.113033  0.134929  0.281914 -0.321001  0.090709  0.005255 -0.118019 -0.022712 -0.023159  0.264010 -0.203049  0.010805  0.436212 -0.133335
-0.000004  0.000051  0.000001 -0.577242 -0.000003 -0.000002  0.000018 -0.000001  0.000005 -0.000004  0.000004  0.000010  0.000002 -0.044955 -0.026617  0.273469  0.142059  0.030400 -0.345606 -0.154436 -0.046461  0.030506  0.365698 -0.144311 -0.078600  0.082873 -0.070592  0.038963 -0.087448 -0.116301  0.238078  0.057198  0.127718 -0.038232  0.040988 -0.215687  0.201918 -0.228422  0.078911  0.037492
-0.000000  0.000019  0.000000  0.000003  0.000003  0.000005 -0.000017  0.000005  0.000000  0.000003 -0.000002  0.577290  0.000001 -0.124145 -0.223007  0.199891 -0.126150  0.121214  0.182646 -0.271451 -0.100498  0.297742 -0.002551 -0.060850  0.260252 -0.017855  0.048036  0.004836 -0.110752 -0.022954  0.090654  0.164886  0.140008 -0.246308  0.057391  0.166751  0.034850  0.279691 -0.046479 -0.099870
-0.000034 -0.000030  0.000015 -0.000006  0.000005 -0.000013  0.000012 -0.000035 -0.000004  0.000000  0.000018  0.000573 -0.576599 -0.075503  0.012622  0.062419 -0.127386 -0.177888 -0.099145 -0.206074 -0.020300 -0.003744 -0.111300  0.389513 -0.193048 -0.155853 -0.329695  0.099097  0.061953  0.162626 -0.013782  0.015587  0.021336  0.056723  0.070381 -0.067411  0.253606  0.248031  0.190799  0.082883
-0.000003 -0.000185 -0.000009 -0.000006  0.000022 -0.000010  0.000046  0.000016 -0.000003  0.000012 -0.000003  0.000019 -0.576987 -0.074512  0.135531  0.307711 -0.124322 -0.094357  0.093003  0.224836 -0.082084  0.044533 -0.047177 -0.237627 -0.024734  0.115369  0.264959  0.087590  0.239822 -0.145389 -0.130480 -0.037532  0.206458 -0.083399  0.024440  0.088651 -0.138229 -0.256358 -0.256122  0.012682
-0.000000  0.577346 -0.000000  0.000000  0.000000  0.000001 -0.000001 -0.000000 -0.000000  0.000000 -0.000000  0.000000  0.000000  0.153453 -0.271451  0.015031 -0.027968 -0.062333 -0.035520 -0.073234 -0.221026 -0.039075  0.287949 -0.133985 -0.223097 -0.365781  0.091488  0.137772  0.003911  0.121112 -0.174767 -0.251369 -0.129349 -0.103216 -0.159589  0.047501 -0.052843  0.089123 -0.146365  0.008537
 0.577057  0.000062  0.000008  0.000040 -0.000039  0.000028  0.000012  0.000016 -0.000041 -0.000021  0.000002 -0.000011  0.000002 -0.133034  0.095274  0.165888  0.089613  0.059817 -0.189623 -0.043904 -0.149629 -0.328607  0.015460  0.198015  0.067692 -0.114040  0.126113 -0.196416 -0.056962 -0.097633  0.001729  0.166139 -0.206259 -0.134789  0.090379  0.300332 -0.122805  0.024622 -0.050245  0.321955
-0.033256 -0.000236 -0.000026  0.000210  0.000036  0.000276  0.000435  0.512538 -0.009683 -0.000564 -0.000108  0.004018  0.014632 -0.096884 -0.025405 -0.029461  0.016269 -0.062285 -0.271352  0.209618 -0.385308 -0.047346 -0.020199 -0.122419  0.053163  0.244878 -0.120737  0.085171  0.075501  0.421794  0.032585  0.239493  0.017099 -0.029152 -0.063872 -0.036629 -0.260818  0.156462  0.052506 -0.093166
-0.000000 -0.000000  0.000000  0.000000  0.577350 -0.000000  0.000000 -0.000000 -0.000000  0.000000  0.000000 -0.000000  0.000000  0.154923  0.131167 -0.041712 -0.237968 -0.166405 -0.027578  0.022058  0.064231  0.055341 -0.112406  0.090730 -0.058793 -0.014840  0.097719  0.296362 -0.231628  0.035289  0.479491  0.005162 -0.185489 -0.195850 -0.020998 -0.042700 -0.124443 -0.065637 -0.161313  0.058001
-0.000000 -0.000000 -0.000000  0.000000  0.000000  0.000000  0.577350 -0.000000 -0.000000  0.000000 -0.000000 -0.000000  0.000000 -0.129936  0.060021  0.142045 -0.153276  0.031770  0.194569 -0.249613  0.042152  0.062020  0.100739 -0.046111  0.080268  0.026579 -0.092016  0.111889 -0.171499  0.145896 -0.110026  0.043523 -0.043860  0.331812 -0.241064 -0.023624 -0.291759 -0.191203  0.118247  0.290259
 0.000013  0.000097 -0.000034  0.001090 -0.000071 -0.000091  0.000047  0.000006 -0.000004  0.575738 -0.000057  0.000037 -0.000035  0.065402  0.111785  0.092255  0.011734 -0.056330  0.037056  0.159689 -0.080715  0.040631  0.034114 -0.136821  0.093214  0.099747 -0.048869  0.287512 -0.342109 -0.073984 -0.338392  0.000126 -0.268406 -0.007581  0.359179 -0.003496  0.153472  0.064209  0.123805  0.013019
 0.000000 -0.000003 -0.000001 -0.000003  0.000003  0.000007 -0.000001 -0.000002 -0.577313 -0.000011 -0.000001 -0.000002 -0.000000 -0.231576  0.349853 -0.015580  0.063349  0.237342 -0.085234 -0.272071  0.051982 -0.138565 -0.186254 -0.199729 -0.129415 -0.064793  0.050419  0.163259  0.023504 -0.084598 -0.077687 -0.132591 -0.049283 -0.216370 -0.123933 -0.135511 -0.118852  0.144040  0.127493 -0.191739
-0.000000  0.000000 -0.000000  0.000000 -0.000000 -0.000000  0.000000 -0.000000  0.000000  0.000000 -0.577350  0.000000  0.000000  0.007842 -0.010658 -0.161164  0.093766 -0.110025  0.207324 -0.110390  0.202675 -0.227252  0.278388  0.064277  0.047061 -0.054532  0.097866  0.231726  0.187205  0.044289 -0.093097  0.388319  0.094716 -0.141798  0.174609 -0.221480 -0.098891  0.034752 -0.068948  0.028439
-0.000000 -0.000000 -0.000000  0.000000  0.000000  0.000000  0.577350 -0.000000 -0.000000 -0.000000 -0.000000  0.000000  0.000000 -0.200016 -0.051822 -0.339940 -0.079437  0.042540 -0.254845  0.072397 -0.048659  0.055629  0.060451  0.204411  0.105619 -0.040495  0.123527  0.003257  0.070618  0.056278 -0.026649 -0.233517  0.106579 -0.264829  0.327906  0.088249  0.113089 -0.180883 -0.033151 -0.210568
-0.000000  0.000000 -0.000000 -0.000000 -0.577350  0.000000 -0.000000  0.000000  0.000000 -0.000000 -0.000000  0.000000 -0.000000  0.216074 -0.079376 -0.086257  0.000762 -0.182066 -0.176604 -0.202575  0.122897  0.219024 -0.233195  0.049384 -0.357168  0.134964  0.207953  0.116004 -0.210058  0.010381  0.081580  0.148459 -0.029241 -0.121929  0.097131  0.102072 -0.236311 -0.109115 -0.003966  0.047089
-0.000000 -0.000000 -0.000000  0.000000  0.000000 -0.577350 -0.000000  0.000000 -0.000000  0.000000 -0.000000 -0.000000  0.000000 -0.199155 -0.075814  0.181098  0.217544 -0.046107 -0.042493 -0.045252  0.131521 -0.035628 -0.080772  0.012749 -0.001033 -0.074272  0.018702 -0.044324 -0.129822  0.134045  0.087998 -0.180167  0.003649  0.295464  0.310705 -0.165026 -0.190553  0.154465 -0.377155 -0.116380
 0.577350
