8 33
-0.009660  0.002278 -0.439744 -0.010980 -0.000259 -0.035555  0.000022  0.000064  0.006818 -0.388294 -0.122917  0.015959 -0.009998 -0.019985  0.075679  0.306833 -0.049823  0.276381 -0.104571  0.197335  0.222459  0.103865 -0.125204  0.221639  0.233449  0.076201 -0.184817 -0.149661 -0.050712 -0.223805  0.050423  0.311871  0.124253
-0.014490  0.001150 -0.434496  0.010478 -0.000281  0.033938 -0.001321 -0.000478 -0.102938  0.133357  0.082648 -0.082958  0.095717  0.045815 -0.133625 -0.131930 -0.079663 -0.184877  0.080214  0.036346 -0.237621 -0.454977  0.458588  0.024853  0.130586  0.169027 -0.353300 -0.095594 -0.065879  0.074778 -0.067641  0.048778  0.044568
 0.000011  0.000021 -0.000004  0.499919  0.000005 -0.000005  0.000015 -0.000014 -0.027964  0.145112 -0.244695  0.032066  0.138660  0.427367  0.317842  0.055407  0.155399 -0.163841 -0.166349  0.034032 -0.015688  0.053839  0.068332 -0.033296  0.161369 -0.027936  0.129774  0.160205  0.002991  0.156296 -0.082446  0.149725  0.386845
-0.008914 -0.007643  0.442003 -0.000283 -0.029699  0.000192 -0.001171 -0.009096  0.052066 -0.257270  0.009441  0.078013  0.337038 -0.089326 -0.029374 -0.035086 -0.054482 -0.085904 -0.195179  0.190833 -0.127961  0.017390  0.065612  0.144548  0.143323 -0.006653 -0.368703 -0.122329  0.311886  0.226695  0.383260 -0.032795  0.099665
 0.000015  0.000004  0.000014 -0.000003 -0.499240 -0.000037  0.000001  0.000671 -0.000473 -0.024327  0.155832  0.083466  0.229221 -0.188498  0.137876 -0.231421  0.010669 -0.102136  0.286939  0.300173  0.042692 -0.215319 -0.445326 -0.033064 -0.012361  0.083411  0.066574 -0.026690 -0.145164  0.133233 -0.170151  0.153675  0.155098
-0.009205 -0.006577  0.442493 -0.000233  0.028749 -0.001857 -0.000783  0.009447 -0.117395  0.156188  0.087802 -0.218306 -0.105143  0.417409 -0.041129  0.271175 -0.076465  0.092930  0.284278 -0.011133  0.039476 -0.326291 -0.169731  0.173081 -0.038148  0.051128 -0.233788 -0.026085 -0.116927 -0.299471  0.067761  0.126290  0.059860
-0.000000  0.499951  0.000001  0.000008 -0.000005  0.000004 -0.000004  0.000022  0.053140  0.053434  0.126884  0.209669  0.096270  0.081789 -0.423607  0.044419 -0.262825  0.082839 -0.278548 -0.214230  0.038874 -0.161597 -0.120323 -0.171272  0.014858 -0.157214  0.139842 -0.004557 -0.146093  0.147902  0.105781  0.324255  0.109614
 0.000028 -0.499868  0.000008 -0.000001  0.000002  0.000013  0.000006  0.000045  0.207035  0.187013  0.005150 -0.055943  0.061675  0.031621 -0.256497  0.144518 -0.412387 -0.092800  0.021666  0.229410  0.304575  0.035883  0.121566  0.168075  0.133407 -0.102727  0.235934  0.019233 -0.229609  0.239041  0.098398 -0.069678  0.004540
 0.000005 -0.000018 -0.000014  0.000006 -0.000001  0.000000  0.000008  0.499944 -0.018579 -0.286292  0.187007 -0.241516 -0.029399  0.027863  0.109619  0.186891 -0.037623  0.373251  0.178991 -0.007957  0.041481 -0.106491  0.171285 -0.226251 -0.112832 -0.105200  0.010274  0.161606  0.106801  0.416396 -0.093184 -0.038850  0.120146
 0.000006 -0.000001 -0.000000 -0.000006 -0.000006  0.000001 -0.000008  0.499970  0.158245  0.446478  0.119177 -0.007274  0.020599 -0.237709 -0.009057  0.348995  0.176200 -0.118269 -0.098816  0.102245 -0.288380  0.181184 -0.048937  0.061615 -0.034797  0.092298  0.034585 -0.292130  0.034280 -0.050451 -0.002311  0.212430  0.005294
-0.000000 -0.000000  0.000000 -0.000000  0.000000 -0.000000 -0.499999  0.000000  0.225560 -0.067292  0.102637  0.017140 -0.183689  0.344691 -0.086102 -0.095854  0.129161 -0.086358 -0.175967  0.133836  0.249018  0.043845 -0.067330 -0.173338 -0.160527  0.129709 -0.172235 -0.433439  0.021356  0.159875 -0.205354 -0.109406 -0.052918
 0.000087  0.000023 -0.000050 -0.000774  0.000049  0.498954  0.000005  0.000038 -0.001887 -0.127613 -0.077567  0.329273 -0.022130  0.025679  0.089047  0.194677  0.043468 -0.065871  0.024921  0.262096 -0.169231 -0.098469  0.098154 -0.070620 -0.199133 -0.545884 -0.087859 -0.071660 -0.257700 -0.109775 -0.036928 -0.114401 -0.037829
-0.499911  0.000006 -0.000007  0.000018  0.000022 -0.000024  0.000005  0.000005  0.230238  0.121453  0.007014  0.183488 -0.380134 -0.060679 -0.138139 -0.123174 -0.035084 -0.038101  0.282922  0.042247  0.052813  0.076662  0.012568 -0.059162  0.225816 -0.234044 -0.158161  0.115714  0.374003 -0.057928 -0.082432  0.129052  0.241827
-0.499919 -0.000000  0.000011  0.000000 -0.000000  0.000011  0.000004  0.000045 -0.392987 -0.166995  0.075973  0.098620 -0.173093  0.090105  0.063754  0.267930 -0.094577 -0.209896 -0.090017 -0.027023 -0.204248 -0.018035 -0.206137  0.036044  0.238374  0.168140  0.121308 -0.044440 -0.093028  0.281030 -0.038500 -0.128907 -0.288344
-0.005291  0.016351  0.476100 -0.000098  0.000379 -0.000337  0.000630 -0.000695 -0.026873 -0.143246 -0.128537  0.069556 -0.137113 -0.281640  0.013456 -0.056475  0.002918  0.080048 -0.106401  0.048677  0.070614 -0.032195  0.399712 -0.067696  0.237195  0.183216  0.066444 -0.087703 -0.287870 -0.070603 -0.433941  0.245580  0.007317
 0.000014  0.000006 -0.000001  0.000006 -0.000009  0.000005  0.000000  0.499948  0.020227 -0.294052 -0.263130 -0.077997 -0.046373  0.013348 -0.314739 -0.172662 -0.039916 -0.309701 -0.153905 -0.081012 -0.036518 -0.111233 -0.176163  0.240317 -0.037521  0.016321  0.038264  0.134610 -0.055014 -0.228488 -0.153341 -0.263344  0.238851
 0.000000 -0.000000  0.000000  0.000000  0.000000  0.000000  0.499999 -0.000000  0.388754 -0.160760  0.442881 -0.031183 -0.128128  0.265985  0.007263 -0.182222  0.315009  0.037651 -0.145974  0.059149 -0.083149 -0.038513  0.021454  0.201908  0.182975 -0.041579  0.093178 -0.011626 -0.143448  0.012162 -0.004405 -0.015873 -0.124044
-0.499770  0.000007 -0.000000 -0.000072  0.000003 -0.000028  0.000062 -0.000004 -0.119919  0.149777 -0.018972 -0.274715  0.469821  0.083659 -0.180107 -0.159471  0.094292  0.301510 -0.197506  0.191837  0.010212  0.155208  0.010745  0.036841 -0.127652 -0.149252 -0.081474  0.072204 -0.054782 -0.127789 -0.250656 -0.007504 -0.134438
 0.000000  0.000000  0.000000 -0.000000 -0.000000  0.000000 -0.499999 -0.000000 -0.130233 -0.186110  0.287312 -0.139173 -0.083183  0.072274 -0.022975 -0.235976 -0.017701 -0.039485  0.144701  0.062450 -0.323215  0.286429  0.162921  0.208729 -0.004406 -0.096567  0.234985  0.094950 -0.172591 -0.095867  0.231274  0.260244  0.105016
 0.000044  0.000003 -0.000015 -0.000322  0.000038  0.499527 -0.000020 -0.000022 -0.051674  0.131925 -0.070236 -0.282204 -0.264813 -0.052177  0.156145 -0.235663 -0.214196  0.198936 -0.323509  0.198231 -0.045732 -0.256124 -0.097977  0.032279  0.036233  0.101287  0.254033 -0.093005  0.290791 -0.035120  0.106682  0.057402  0.009768
 0.000002  0.000022 -0.000010 -0.000052 -0.499820 -0.000021  0.000006 -0.000033  0.252724  0.053104 -0.334160 -0.093151 -0.251651  0.082029  0.038187 -0.020324 -0.144610  0.104087 -0.116050 -0.138102 -0.230804  0.156227  0.002959  0.130627 -0.167852  0.029273 -0.316566  0.223322 -0.174754  0.210232  0.031766  0.145109 -0.237207
 0.000033 -0.000038 -0.000018 -0.000092  0.499681  0.000017  0.000047 -0.000066  0.092641  0.037857 -0.189262 -0.322183 -0.044000 -0.186014  0.118425 -0.217892  0.047652 -0.044106  0.088755 -0.074548 -0.065527  0.005726 -0.330797 -0.104159  0.188046 -0.212484 -0.231272 -0.122361 -0.362572  0.257710  0.068941  0.091598  0.020085
 0.000001  0.499871  0.000022  0.000004  0.000002  0.000014 -0.000043  0.000030  0.031306  0.100618  0.089324 -0.104934  0.039504 -0.054256  0.316069  0.000659 -0.278344 -0.121968  0.105996 -0.073062  0.210178  0.116644  0.127547  0.521755 -0.023911 -0.180252 -0.003146 -0.172378  0.049257  0.108004 -0.228932 -0.176006 -0.012774
 0.000001  0.499934 -0.000004 -0.000005 -0.000006 -0.000016  0.000008  0.000013  0.122925  0.037203 -0.205170 -0.164549 -0.066031  0.017361 -0.150308  0.103184  0.127261 -0.057178  0.198786  0.516860  0.051277  0.078415  0.099546 -0.176747  0.134995  0.228591  0.089990  0.197651 -0.119728 -0.014191  0.242405 -0.226381 -0.090886
-0.000015 -0.000007 -0.000000 -0.499946  0.000001  0.000013 -0.000008  0.000006  0.284804 -0.082555 -0.037496 -0.109427  0.250294  0.264932  0.262576  0.063974 -0.342383 -0.161759  0.003342 -0.045399 -0.235773  0.102893 -0.009189 -0.330680  0.205427  0.019946  0.080746  0.002847  0.066247 -0.205114 -0.158458  0.014079  0.030046
 0.000001 -0.000011  0.000001  0.000004  0.499549 -0.000002 -0.000065 -0.000360  0.169527 -0.033328  0.006312  0.329607  0.047581  0.050662  0.058083 -0.051232 -0.180585  0.035746  0.053995  0.248392 -0.132667 -0.044912 -0.097660  0.200671 -0.357633  0.321944 -0.027699  0.313334  0.068127  0.116435 -0.188014  0.197886 -0.099817
-0.000003  0.000009  0.000004 -0.499952 -0.000025 -0.000003  0.000000 -0.000001 -0.238463  0.225336  0.203397  0.069948 -0.168766 -0.029424  0.158417  0.007408  0.122936 -0.056233 -0.337782  0.101961  0.195975  0.080802  0.013540  0.024554 -0.043483  0.043857 -0.224611  0.319372 -0.197889  0.085423  0.059670 -0.082894  0.374171
-0.000000 -0.000000 -0.000000  0.000000  0.000000 -0.000000  0.499999 -0.000000 -0.293700 -0.092437 -0.052374 -0.091184 -0.137766  0.151904 -0.116777 -0.149562 -0.204111 -0.164111  0.115048  0.137631  0.007928  0.367095  0.074755 -0.165685 -0.347652  0.075052 -0.032606 -0.327367 -0.006999  0.052191  0.031692  0.166595  0.176598
-0.000016 -0.000047 -0.000091  0.000351 -0.000015 -0.499299 -0.000093 -0.000070 -0.019193  0.120047 -0.119795  0.228564 -0.136903  0.052213  0.086524 -0.117961 -0.163895  0.419960 -0.054119  0.183429 -0.340119 -0.109072 -0.015838  0.032115  0.012458 -0.084133  0.098914 -0.252997 -0.112530 -0.029575  0.033957 -0.338352  0.218167
-0.499904 -0.000033  0.000018 -0.000002  0.000002 -0.000024 -0.000006 -0.000003  0.287024 -0.097319 -0.064505 -0.003456  0.078332 -0.117124  0.257996  0.008783  0.041007 -0.054423  0.003627 -0.215540  0.144614 -0.196591  0.169659 -0.023748 -0.349239  0.205914  0.142292 -0.134232 -0.223755 -0.090947  0.369027 -0.004442  0.174299
-0.000050 -0.000011  0.000010  0.000033  0.000056 -0.499798 -0.000010  0.000011 -0.041378 -0.079390 -0.013828 -0.187656 -0.142184 -0.075528  0.144193  0.044924 -0.008593 -0.319144 -0.232585  0.265004  0.092915 -0.282360  0.056327 -0.084930 -0.182699 -0.353958  0.057225  0.092487  0.145669 -0.092887  0.027837  0.261631 -0.251968
-0.000004 -0.000004  0.000006  0.499952  0.000001  0.000000  0.000005  0.000025  0.076577 -0.013895  0.406015 -0.069433 -0.059288 -0.193187  0.107776  0.025749 -0.374258 -0.044410 -0.172224  0.026614 -0.014380  0.141346 -0.076262 -0.268440  0.002796  0.089184 -0.270719  0.160645 -0.134553 -0.282601 -0.013680 -0.212510  0.019034
-0.000009 -0.000002  0.000001  0.000001  0.000005  0.000006  0.000007 -0.499966  0.156718 -0.126231  0.044932 -0.332408 -0.062886 -0.186927 -0.214202  0.369073  0.098363 -0.051584 -0.064397  0.009772 -0.279952 -0.042764 -0.059705  0.076246 -0.188652  0.003966  0.085786  0.005771  0.078403  0.127742 -0.253959 -0.087065  0.363780
 0.499999
