8 15
 0.141421 -0.000000 -0.000000 -0.000000 -0.000000  0.000000  0.000000 -0.707107  0.059702 -0.359635  0.403409  0.090787 -0.396109 -0.109387 -0.085142
 0.141421  0.000000 -0.000000 -0.000000 -0.000000  0.000000  0.707107  0.000000  0.028175 -0.172124 -0.407121  0.221295  0.015631 -0.411986 -0.254723
-0.141421 -0.000000 -0.000000 -0.707107 -0.000000 -0.000000 -0.000000 -0.000000  0.051751  0.083064  0.031196  0.611795 -0.001368  0.287365 -0.112139
 0.141421 -0.000000  0.000000  0.000000 -0.707107  0.000000 -0.000000  0.000000 -0.480610  0.229463 -0.146133 -0.020490 -0.389637  0.105269 -0.108107
 0.141421 -0.000000 -0.707107 -0.000000 -0.000000 -0.000000 -0.000000  0.000000 -0.386811 -0.361041 -0.020295  0.145567  0.240234  0.069866  0.340340
 0.141421  0.000000 -0.000000 -0.707107  0.000000 -0.000000 -0.000000  0.000000 -0.051751 -0.083064 -0.031196 -0.611795  0.001368 -0.287365  0.112139
 0.141421 -0.000000  0.707107 -0.000000 -0.000000 -0.000000 -0.000000  0.000000 -0.386811 -0.361041 -0.020295  0.145567  0.240234  0.069866  0.340340
 0.141421 -0.000000  0.000000  0.000000  0.000000 -0.707107 -0.000000 -0.000000  0.247722 -0.269617 -0.338235 -0.137173 -0.162801  0.431525  0.001597
-0.141421 -0.000000  0.000000 -0.000000 -0.707107 -0.000000 -0.000000  0.000000  0.480610 -0.229463  0.146133  0.020490  0.389637 -0.105269  0.108107
 0.141421 -0.707107  0.000000  0.000000 -0.000000 -0.000000  0.000000  0.000000 -0.146273 -0.097651  0.162730 -0.131041  0.314533  0.183102 -0.522454
 0.141421  0.707107  0.000000 -0.000000 -0.000000 -0.000000 -0.000000 -0.000000 -0.146273 -0.097651  0.162730 -0.131041  0.314533  0.183102 -0.522454
 0.848528 -0.000000 -0.000000  0.000000  0.000000  0.000000  0.000000 -0.000000  0.243282  0.371223  0.125614  0.147617  0.125593  0.006325  0.172117
-0.141421  0.000000 -0.000000 -0.000000 -0.000000 -0.707107 -0.000000  0.000000 -0.247722  0.269617  0.338235  0.137173  0.162801 -0.431525 -0.001597
-0.141421 -0.000000  0.000000  0.000000 -0.000000 -0.000000 -0.000000 -0.707107 -0.059702  0.359635 -0.403409 -0.090787  0.396109  0.109387  0.085142
 0.141421 -0.000000 -0.000000  0.000000  0.000000  0.000000 -0.707107  0.000000  0.028175 -0.172124 -0.407121  0.221295  0.015631 -0.411986 -0.254723
 0.848528
