17 22
 0.197884 -0.000011  0.000012  0.000005 -0.000043 -0.068375 -0.000005 -0.000073 -0.025083 -0.000010  0.000016  0.000010  0.000052  0.000066  0.706910  0.000012 -0.000003 -0.182959 -0.357222  0.112614  0.367043  0.383839
 0.000008 -0.000001 -0.000002 -0.000001 -0.000001  0.000001 -0.000000  0.000003 -0.010280  0.028245 -0.000000  0.000001 -0.000000 -0.000003 -0.000001  0.960075  0.000005 -0.155991 -0.074085 -0.092631 -0.187283  0.062259
-0.000035 -0.707083 -0.000052 -0.000007  0.000000  0.000002  0.000016  0.000012  0.024948 -0.068549 -0.000001  0.000017  0.000038 -0.000005 -0.000027  0.197815 -0.000017  0.378480  0.179719  0.225176  0.454379 -0.151230
 0.000017 -0.707130 -0.000015 -0.000006  0.000057  0.000000  0.000006  0.000016 -0.024946  0.068545  0.000013 -0.000015 -0.000000  0.000004  0.000023 -0.197803  0.000027 -0.378481 -0.179657 -0.225122 -0.454363  0.151230
 0.000020 -0.000053  0.000750 -0.000048 -0.707872 -0.004701 -0.000480  0.195414 -0.000462  0.000026 -0.018203 -0.000446 -0.067676 -0.001490  0.000345  0.000049 -0.000019 -0.016339 -0.213224 -0.508307  0.250522 -0.298202
 0.000004  0.000008 -0.000002 -0.994940  0.000007  0.000651 -0.000001 -0.000008  0.000063 -0.000009 -0.002867 -0.000004  0.000001  0.000002 -0.000030 -0.000014  0.000013 -0.000675 -0.063236  0.050747 -0.018331 -0.056348
 0.960067 -0.000010  0.000001 -0.000009  0.000005  0.028171 -0.000002  0.000001  0.010336 -0.000001 -0.000000 -0.000006  0.000000  0.000001 -0.000004  0.000000 -0.000008  0.075401  0.147265 -0.046253 -0.151246 -0.158061
-0.000004  0.000001  0.000005  0.000003 -0.000035  0.000004  0.000009 -0.000003  0.000003  0.000001 -0.003526 -0.995007  0.000006 -0.000010  0.000001  0.000003  0.000000 -0.077937  0.039237  0.020589  0.028084 -0.033503
-0.000000 -0.000000 -0.000001  0.000001 -0.000000 -0.000000  0.000001 -0.000000 -0.003729 -0.994889 -0.000001  0.000000  0.000000  0.000001  0.000000 -0.000001 -0.000000 -0.056605 -0.026808 -0.033717 -0.067897  0.022620
-0.000020  0.000044 -0.707487 -0.068180 -0.000522 -0.004398  0.197330  0.000148 -0.000433  0.000056  0.019239  0.000060 -0.000103  0.000039  0.000030  0.000084 -0.000339  0.004011  0.425084 -0.340822  0.123430  0.378651
 0.000025  0.000022 -0.706725  0.068258  0.000170  0.004395 -0.197466  0.000205  0.000431 -0.000051 -0.019263 -0.000144 -0.000012  0.000666 -0.000016 -0.000098  0.000550 -0.003477 -0.426207  0.340220 -0.123392 -0.379284
 0.000008  0.000017 -0.000038  0.000074  0.000595 -0.000012 -0.000042  0.001253  0.000010  0.000022 -0.024069  0.067813 -0.000418  0.706592 -0.000128 -0.000026 -0.197350 -0.528246  0.263246  0.134929  0.192416 -0.230278
-0.000026 -0.000018  0.000746 -0.000130  0.000876 -0.000015  0.000259  0.000064 -0.000010 -0.000021  0.023938 -0.067731  0.000003  0.707613  0.000060  0.000033  0.197080  0.527399 -0.263796 -0.138225 -0.190486  0.228369
 0.197769 -0.000008 -0.000001  0.000042 -0.000027 -0.068341 -0.000000  0.000013 -0.025072 -0.000005  0.000000 -0.000012 -0.000011 -0.000003 -0.707303 -0.000003  0.000014 -0.182754 -0.357302  0.111938  0.367026  0.383417
-0.000000  0.000008 -0.000000 -0.000001 -0.000005 -0.000000  0.000001 -0.000001  0.000001 -0.000002  0.998599 -0.000002 -0.000001 -0.000001 -0.000003 -0.000000 -0.000001 -0.028601 -0.012606  0.001258  0.014886 -0.040004
-0.000001 -0.000030 -0.000027 -0.000015  0.000129 -0.001915 -0.000055 -0.960932 -0.000187  0.000010 -0.007455 -0.000091 -0.027588  0.000061  0.000081  0.000026  0.000020 -0.007412 -0.086510 -0.207111  0.102434 -0.121912
-0.000012 -0.000014  0.000005  0.000009  0.000095  0.000003 -0.000101 -0.000262 -0.000005 -0.000005  0.009840 -0.027836  0.000047  0.000012  0.000026  0.000008 -0.960319  0.216767 -0.108652 -0.055795 -0.078762  0.093843
 0.000000  0.000000  0.000001 -0.000000 -0.000000  0.994872  0.000000 -0.000001 -0.003748 -0.000001 -0.000001  0.000000 -0.000001 -0.000000  0.000000  0.000001  0.000000 -0.027398 -0.051352  0.008172  0.058513  0.057773
 0.000005 -0.000023  0.000004  0.000015 -0.000005  0.000691  0.000006 -0.000010  0.000068 -0.000006  0.002695  0.000029 -0.995017  0.000007 -0.000006 -0.000001  0.000036  0.002688  0.031273  0.075033 -0.037074  0.044093
 0.000033  0.000005  0.000398 -0.000100  0.706340 -0.004721 -0.000148  0.196013 -0.000464  0.000021 -0.018228 -0.000466 -0.067825 -0.002966  0.000363  0.000067  0.000032 -0.016600 -0.213179 -0.509590  0.251321 -0.298554
-0.000012 -0.000012 -0.000057 -0.028047  0.000103 -0.001804 -0.960243 -0.000085 -0.000177  0.000020  0.007935  0.000014  0.000021  0.000033  0.000006  0.000039 -0.000020  0.001697  0.175078 -0.139693  0.050521  0.156070
 0.000000  0.000000 -0.000000 -0.000000  0.000000  0.000000 -0.000000  0.000000  0.998627 -0.000000 -0.000000 -0.000000 -0.000000  0.000000 -0.000000 -0.000000 -0.000000 -0.030795 -0.029320 -0.007021 -0.004297  0.029463
 0.998627
