13 27
-0.023668 -0.000818  0.000325  0.000322  0.553181  0.038067  0.000295  0.009182 -0.079961  0.000231 -0.000059 -0.000089  0.000302  0.292197 -0.203775 -0.127344  0.216382 -0.097818  0.536408  0.123794 -0.041534  0.044032 -0.106488  0.140461  0.298536 -0.175843  0.167801
 0.003382  0.000261 -0.000182  0.000025  0.000293 -0.000345 -0.000069  0.000217 -0.701661  0.000192 -0.000187 -0.000018  0.000056  0.014916  0.007522  0.323955  0.302968  0.168927 -0.098674  0.150395 -0.231604  0.000249 -0.090011  0.102113 -0.215658  0.254798  0.257203
-0.000000 -0.000000  0.000000 -0.000000 -0.000000  0.000000 -0.000000  0.000000  0.000000 -0.000000  0.707106  0.000000  0.000000  0.112788  0.432562 -0.119205  0.360120 -0.084826 -0.133921  0.057862 -0.080726  0.036202  0.164137  0.026521  0.226758  0.040599 -0.198132
-0.000000  0.000000 -0.000000 -0.000000  0.000000 -0.000000 -0.000000  0.000000  0.000000 -0.000000  0.000000  0.000000  0.707107  0.291009  0.072475  0.396229 -0.237154  0.047110  0.067200 -0.097056  0.150831  0.013043  0.035076  0.198834  0.201431  0.220077 -0.167252
-0.000000  0.000000 -0.000000 -0.000000 -0.000000 -0.000000 -0.000000  0.000000 -0.000000 -0.000000  0.000000  0.000000  0.707107 -0.291175 -0.072329 -0.396261  0.236916 -0.047091 -0.067495  0.096971 -0.150768 -0.013085 -0.034978 -0.198944 -0.201609 -0.219977  0.167081
-0.000000 -0.000000 -0.707106  0.000000 -0.000000  0.000000 -0.000000 -0.000000  0.000000 -0.000000 -0.000000  0.000000  0.000000  0.111395 -0.086704 -0.010123  0.065238 -0.133850 -0.097802  0.224508  0.311628  0.394443 -0.147130 -0.296098 -0.001565  0.189053  0.008290
-0.706770  0.000048 -0.000036  0.000013 -0.000012 -0.000029  0.000014 -0.000010  0.000012  0.000033  0.000081 -0.000012  0.000018  0.137809  0.133553  0.196836  0.070367  0.142985 -0.116500 -0.170872 -0.013183  0.144560 -0.338886 -0.077101 -0.067475 -0.451302 -0.081563
-0.000000 -0.000000 -0.000000  0.000000 -0.000000 -0.000000  0.000000 -0.000000 -0.000000 -0.707107  0.000000 -0.000000  0.000000 -0.067784 -0.124000  0.058774 -0.187481 -0.167376 -0.085491  0.067345 -0.518320  0.164800 -0.131343 -0.106614  0.233215  0.057591 -0.139387
 0.000000 -0.000000 -0.000000  0.000000  0.000000 -0.000000 -0.707107 -0.000000  0.000000  0.000000  0.000000 -0.000000  0.000000 -0.231873  0.115729 -0.176932 -0.068498  0.267080 -0.044207  0.153776  0.116072 -0.068514 -0.409121  0.193187  0.247650  0.125351 -0.000701
 0.000000 -0.000000 -0.000000  0.000000  0.000000 -0.000000  0.000000  0.000000  0.000000 -0.707107  0.000000 -0.000000  0.000000  0.068041  0.123905 -0.058702  0.187831  0.167549  0.085747 -0.067448  0.518119 -0.164837  0.131135  0.106528 -0.233133 -0.057427  0.139661
-0.000000 -0.000000  0.000000 -0.000000  0.000000  0.000000 -0.000000  0.000000  0.000000 -0.000000 -0.000000 -0.707107 -0.000000  0.144620  0.049332  0.127931 -0.109100  0.016771 -0.119964  0.331695  0.029327 -0.399834  0.029506 -0.307989  0.164336 -0.140625  0.143010
-0.000000 -0.707106 -0.000000 -0.000000 -0.000000  0.000000 -0.000000  0.000000 -0.000000 -0.000000  0.000000 -0.000000 -0.000000 -0.194413  0.360810  0.135511 -0.094155 -0.379102  0.175660 -0.123653  0.035842 -0.003230 -0.145133 -0.048825  0.001257  0.034251  0.298345
 0.024046  0.000719 -0.000526 -0.000082  0.554108  0.031814  0.000115  0.011428  0.081334  0.000129  0.000758 -0.000209 -0.000126 -0.018905  0.066345 -0.028628  0.030153  0.263592 -0.165043 -0.486529 -0.057230 -0.137419 -0.054056 -0.444596 -0.001886  0.348058  0.028518
 0.000000  0.000000 -0.000000  0.707106 -0.000000 -0.000000 -0.000000 -0.000000 -0.000000 -0.000000 -0.000000  0.000000 -0.000000 -0.216878 -0.048635  0.187971  0.192883 -0.071995  0.284598  0.086727  0.050015 -0.199942 -0.127021 -0.154773 -0.114346  0.053670 -0.431089
-0.000000 -0.000000 -0.000000  0.000000 -0.000000 -0.000000 -0.707107 -0.000000 -0.000000  0.000000  0.000000 -0.000000  0.000000  0.232139 -0.115867  0.176747  0.068662 -0.267041  0.044569 -0.154014 -0.116107  0.068455  0.408974 -0.193357 -0.247367 -0.125341  0.000815
-0.000089  0.000010  0.000002 -0.000003  0.000013  0.000020  0.000014  0.706912 -0.000008  0.000004 -0.000002  0.000010 -0.000009  0.227797 -0.144353 -0.124703  0.071006 -0.355069 -0.254506 -0.102442  0.030769 -0.272397 -0.273142  0.176611 -0.112310  0.090453 -0.062223
-0.000000  0.000000 -0.000000  0.000000 -0.000000 -0.000000  0.000000  0.000000  0.000000  0.000000  0.000000  0.707107  0.000000  0.144726  0.049266  0.127886 -0.108954  0.016899 -0.119837  0.331435  0.029276 -0.399893  0.029421 -0.308202  0.164491 -0.140500  0.143118
 0.000000 -0.000000  0.000000 -0.707107  0.000000  0.000000  0.000000 -0.000000  0.000000  0.000000  0.000000 -0.000000  0.000000 -0.216595 -0.048713  0.187879  0.193042 -0.071980  0.284994  0.086792  0.049910 -0.199921 -0.127161 -0.154734 -0.114232  0.053622 -0.430951
-0.000490  0.000087  0.000180 -0.000213  0.622057 -0.061934 -0.000365 -0.018367 -0.000497 -0.000320 -0.000623  0.000265 -0.000156 -0.242836  0.122238  0.138668 -0.219344 -0.147759 -0.329841  0.323506  0.087761  0.083257  0.142810  0.271177 -0.264035 -0.153527 -0.174595
 0.000022  0.000009 -0.000007  0.000006 -0.000006  0.000032  0.000029 -0.706908 -0.000030  0.000018  0.000025 -0.000001 -0.000003  0.237365 -0.149411 -0.130167  0.080360 -0.348271 -0.241789 -0.117333  0.027136 -0.276244 -0.279056  0.164202 -0.101206  0.097764 -0.054861
 0.000000 -0.000000 -0.707107  0.000000  0.000000  0.000000 -0.000000 -0.000000 -0.000000 -0.000000 -0.000000  0.000000  0.000000 -0.111452  0.086472  0.010089 -0.065236  0.133465  0.098032 -0.224128 -0.311422 -0.394312  0.147259  0.296543  0.001869 -0.189540 -0.008332
-0.002009  0.000084 -0.000084  0.000070 -0.000455  0.000298 -0.000048 -0.000097  0.703323  0.000203 -0.000282 -0.000003  0.000105  0.050082 -0.023300  0.312179  0.323270  0.126793 -0.018670  0.220554 -0.229063  0.021203 -0.095578  0.169463 -0.181116  0.193784  0.272259
-0.000000  0.707106  0.000000  0.000000  0.000000 -0.000000  0.000000  0.000000  0.000000  0.000000 -0.000000  0.000000  0.000000 -0.193942  0.360590  0.135122 -0.094157 -0.379504  0.176623 -0.123063  0.035890 -0.003050 -0.145185 -0.048324  0.001611  0.033663  0.298377
-0.706627  0.000005  0.000006 -0.000026 -0.000089 -0.000071 -0.000020 -0.000005  0.000077 -0.000036 -0.000053  0.000008 -0.000033 -0.148247 -0.124516 -0.192961 -0.075882 -0.130202  0.092732  0.150053  0.012140 -0.150832  0.340470  0.057096  0.057167  0.469873  0.077530
-0.000095 -0.000149 -0.000167  0.000092 -0.000071 -0.705266  0.000031  0.000931  0.000093  0.000040  0.000007  0.000006 -0.000027  0.296242  0.250100 -0.234256 -0.217197  0.103664  0.229780  0.131780 -0.169207  0.001636 -0.109760 -0.072583 -0.322751  0.114831 -0.077616
 0.000043  0.000130  0.000145 -0.000060  0.000298 -0.704487  0.000022  0.001683 -0.000056  0.000006  0.000078 -0.000044  0.000051 -0.260246 -0.269155  0.214125  0.249773 -0.084219 -0.179487 -0.175646  0.156868 -0.012786  0.089094  0.036367  0.362384 -0.095309  0.103387
-0.000000  0.000000 -0.000000  0.000000  0.000000  0.000000  0.000000  0.000000 -0.000000  0.000000 -0.707106 -0.000000 -0.000000  0.112942  0.432542 -0.119503  0.360160 -0.084493 -0.133864  0.056863 -0.080694  0.035986  0.163959  0.025694  0.227115  0.040884 -0.198145
 0.707107
