13 42
 0.576591  0.000000 -0.000000  0.000000 -0.000000 -0.000000 -0.000000  0.000000  0.000000  0.000000  0.000182  0.000000  0.000000  0.037281 -0.266720  0.119813 -0.078492 -0.012954  0.111982  0.208883  0.098781  0.354580  0.230064 -0.131703  0.007428  0.095498  0.084767 -0.052177 -0.130268 -0.008527  0.085632  0.203948 -0.053135  0.055252  0.126071 -0.163517  0.009947  0.013264 -0.282892 -0.112060  0.287045  0.059848
-0.000000 -0.000000 -0.000000 -0.000000 -0.539117  0.037656  0.000000 -0.000000 -0.000000  0.000000 -0.000000 -0.000000 -0.000000  0.203019  0.135787 -0.203915  0.055980  0.017594 -0.233130  0.031666  0.095789 -0.024029  0.243269  0.005773  0.358745  0.023593  0.065707 -0.161400 -0.015000 -0.114802 -0.039084 -0.131254 -0.087980  0.131404  0.041404  0.160369  0.371242  0.253010  0.047335  0.032065  0.171439 -0.014852
-0.000000 -0.000000  0.000000 -0.000000 -0.000000  0.576773  0.000000  0.000000 -0.000000  0.000000 -0.000000 -0.000000  0.000000 -0.167270 -0.142548  0.031460  0.094086 -0.174805 -0.205546  0.205176  0.019297  0.230903 -0.009282  0.103531  0.007593 -0.042889  0.134210 -0.109202  0.199227 -0.136099 -0.199469 -0.073937  0.046248 -0.090445 -0.223002 -0.071789  0.074661 -0.113274  0.007384  0.142191 -0.192335  0.391942
 0.000000  0.000000 -0.000000 -0.000000 -0.000000 -0.000000 -0.000000 -0.000000  0.000000 -0.000000 -0.576773 -0.000000 -0.000000 -0.072012  0.179551  0.088034  0.026024  0.040509 -0.190732 -0.233270  0.106275 -0.190755  0.039337 -0.132907 -0.087808 -0.164588  0.148575 -0.043608 -0.078864 -0.206531  0.103404  0.126742  0.123090  0.310992 -0.234846 -0.196481  0.087314 -0.165161 -0.272042 -0.109664 -0.016596  0.030200
-0.000000 -0.000000  0.000000  0.000000  0.000000  0.000000  0.000000 -0.000000 -0.576773 -0.000000  0.000000  0.000000  0.000000 -0.259191  0.081196 -0.008319 -0.092690  0.216016 -0.177201 -0.042206  0.092848  0.246538 -0.198496 -0.049437 -0.040988 -0.035514  0.005455 -0.164020 -0.141897  0.186730 -0.042144  0.248906 -0.000907  0.089853  0.130184  0.089375  0.155118 -0.074935  0.071914  0.392051 -0.014738 -0.153040
 0.000000 -0.000000 -0.000000  0.000000 -0.000000 -0.000000 -0.576265 -0.000000 -0.000000 -0.000000  0.000508 -0.000000  0.000000  0.157117  0.017690 -0.222411  0.140522  0.141856 -0.043274  0.055643  0.251556 -0.136541 -0.142166 -0.203162  0.111078  0.028358 -0.119341  0.248412 -0.235492 -0.077650 -0.007812  0.085570 -0.176667 -0.251051 -0.024713 -0.178195 -0.075649 -0.046062 -0.081200  0.218355 -0.002151  0.241907
 0.000000 -0.000000 -0.000000  0.000000  0.000000  0.000000  0.000000 -0.576760  0.000000 -0.000000 -0.000013  0.000000  0.000000 -0.124847  0.035382  0.015631  0.033612  0.082748  0.127819 -0.304558 -0.057060  0.176118 -0.023954  0.271207  0.096743  0.013918 -0.140204  0.125886  0.055586 -0.033195 -0.150333 -0.102316 -0.262603 -0.157234 -0.070870 -0.257489  0.311946 -0.179206 -0.092535 -0.090139  0.133381 -0.116478
-0.576201  0.000000  0.000000 -0.000000  0.000000 -0.000000 -0.000000  0.000000 -0.000000  0.000000 -0.000572 -0.000000 -0.000000  0.024814 -0.128517 -0.137341 -0.103677 -0.000468  0.046935  0.127802  0.016912  0.205403  0.051736 -0.208712 -0.161270  0.122814  0.186440 -0.202500 -0.354963  0.201555 -0.220548 -0.121930 -0.007224 -0.054624 -0.055598 -0.184557  0.051495  0.090652 -0.222735 -0.250945  0.038480 -0.043425
-0.000000  0.000000 -0.000000  0.000000  0.000000  0.000000 -0.000000 -0.576766  0.000000  0.000000 -0.000007  0.000000  0.000000  0.049654  0.058728  0.075633  0.236379 -0.089023 -0.013375  0.134255  0.240907 -0.063670 -0.308732 -0.123472 -0.109593  0.103504  0.221641  0.020023  0.173164  0.070655  0.040221  0.003345  0.347033  0.065716  0.130265  0.056748 -0.077833  0.353228 -0.066393  0.035660  0.099974  0.027448
 0.000000  0.000000 -0.000000 -0.576371 -0.000000  0.000000  0.000000  0.000000 -0.000000 -0.000000  0.000402 -0.000000 -0.000000 -0.105423  0.127026  0.071471 -0.000464  0.168322  0.044483  0.025994 -0.078392  0.213175 -0.166888 -0.342654  0.265604  0.203955 -0.206301 -0.172895  0.109346 -0.311256 -0.029463 -0.069658  0.015176  0.047248 -0.123131 -0.080061 -0.198755  0.059996  0.102644 -0.126904 -0.052631 -0.109080
 0.000000  0.000000 -0.000000  0.000000  0.000000 -0.000000  0.576379 -0.000000  0.000000  0.000000 -0.000394 -0.000000 -0.000000 -0.018669 -0.047595  0.150680  0.102224  0.152926  0.139524 -0.071190  0.381907 -0.175787  0.113294 -0.070357  0.211788  0.082920  0.118776  0.110107 -0.179594 -0.106844 -0.204897  0.051204 -0.166707 -0.189345  0.091016  0.010399 -0.097045  0.046602 -0.125578  0.151062 -0.316441  0.031202
-0.000000  0.000000 -0.000000  0.000000  0.000000  0.000000  0.000000  0.000000 -0.000000 -0.000000  0.000000 -0.000000  0.576773  0.023963 -0.051180 -0.195571  0.162471 -0.161697  0.271469  0.054046 -0.129107  0.018994 -0.105779  0.259425  0.250164  0.071468  0.176148  0.022373 -0.245144 -0.052741 -0.041722  0.257586  0.099752  0.241601 -0.204241 -0.125825 -0.075166  0.024551  0.131942  0.091673 -0.033891 -0.109288
-0.028048 -0.000000  0.000000 -0.000000 -0.000000  0.000000  0.042145  0.000000  0.000000  0.475960  0.016997  0.000000  0.013622  0.189529  0.302078 -0.047450 -0.187701 -0.246681  0.203256  0.095855  0.229846  0.153897 -0.102461  0.051743 -0.039564 -0.163108 -0.132853 -0.006056 -0.062600 -0.161232 -0.180160 -0.234900  0.038273  0.247950  0.266266  0.000509 -0.093685 -0.274724 -0.067694  0.103780  0.056386  0.068529
 0.000000 -0.000000 -0.000000 -0.000000 -0.000000  0.000000 -0.000000 -0.000000 -0.000000 -0.000000  0.004204 -0.572569  0.000000  0.160104  0.186169  0.295186 -0.366834  0.232433  0.000189  0.148557 -0.066154 -0.081353 -0.126475  0.187353  0.064202  0.020614  0.080504  0.053149 -0.002424  0.091459 -0.174658  0.054212 -0.069888  0.010158 -0.303252  0.049713 -0.081883  0.144693 -0.074689  0.059121  0.195493  0.148144
-0.000000 -0.000000  0.475960  0.028050  0.000000  0.000000 -0.000000 -0.042149 -0.013622  0.000000  0.016992 -0.000000  0.000000  0.019480  0.235377 -0.056804 -0.287130 -0.150540  0.139303  0.220663  0.094776 -0.077361  0.049967 -0.076734 -0.033439 -0.172213  0.000601 -0.104054  0.173875 -0.041761  0.107237  0.306163 -0.054819 -0.201432  0.025468 -0.330163  0.222008  0.170007  0.163740 -0.092443 -0.247971 -0.088168
-0.000000  0.000000 -0.489744  0.056498 -0.000000  0.000000  0.000000  0.000001  0.014016 -0.000000  0.016514 -0.000000  0.000000 -0.045942 -0.008013 -0.013933 -0.148713  0.014327 -0.111567 -0.140928 -0.046682 -0.137372  0.067208 -0.034719 -0.009230 -0.144757  0.190666 -0.136674  0.077515 -0.139437 -0.243767  0.130238  0.003862 -0.085809  0.293299 -0.430904 -0.173096  0.106820  0.365757 -0.009959  0.195444  0.047771
 0.000000  0.000000 -0.000000  0.576770 -0.000000 -0.000000 -0.000000 -0.000000 -0.000000 -0.000000 -0.000003  0.000000  0.000000 -0.218172  0.314409  0.018365  0.144164  0.081592  0.168069  0.151300 -0.196543 -0.087586  0.036023 -0.143430  0.137777  0.262554 -0.097474 -0.335984  0.028696 -0.177286 -0.003197 -0.007815  0.118256 -0.206458 -0.019041  0.033843 -0.094022 -0.151468 -0.131357  0.049255  0.145705 -0.018910
 0.575077  0.000000 -0.000000 -0.000000  0.000000 -0.000000  0.000000 -0.000000 -0.000000  0.000000  0.001696  0.000000 -0.000000  0.004347  0.155750 -0.278325 -0.056208 -0.023741 -0.078708 -0.085062 -0.055182 -0.121854 -0.165694 -0.066115 -0.169726  0.011064  0.089356 -0.129492 -0.219040  0.174794 -0.337235 -0.319406  0.079980 -0.129795 -0.183824 -0.003017  0.011032  0.063020  0.032498 -0.123110 -0.232745 -0.145565
 0.000000  0.000000  0.000000  0.000000 -0.000000 -0.000000  0.000000 -0.000000 -0.000000 -0.000000  0.000000 -0.576773  0.000000 -0.116752 -0.281420 -0.068086  0.141996 -0.343109 -0.107456  0.097111  0.084885 -0.230755 -0.111575 -0.253067  0.104750  0.062266 -0.045874 -0.026543  0.116294  0.048611 -0.081386  0.030152 -0.146681  0.075266  0.126006  0.002993  0.115487 -0.305398  0.031480 -0.078644  0.020730 -0.275144
-0.000000  0.000000 -0.000000 -0.000000  0.000000 -0.000000  0.000000  0.000000 -0.576773 -0.000000  0.000000  0.000000  0.000000  0.319708 -0.196098 -0.039338 -0.114396 -0.118916  0.268649 -0.210173 -0.125034 -0.110115  0.032963 -0.155277  0.182598 -0.059813  0.224932 -0.053435  0.231598 -0.019101  0.175632 -0.272675  0.070072 -0.139612 -0.128344 -0.086327 -0.060178 -0.052337 -0.121351  0.067280  0.014123  0.069860
-0.000000 -0.000000  0.000000 -0.000000 -0.000000 -0.576773 -0.000000 -0.000000 -0.000000 -0.000000 -0.000000  0.000000  0.000000 -0.173540  0.026211 -0.123109  0.135816  0.069666  0.010778  0.211296 -0.027754  0.129250  0.285113 -0.135449  0.051769 -0.112480  0.052078  0.181678  0.334352  0.171848 -0.303081 -0.067449  0.098934  0.148207 -0.180572 -0.118808  0.023981 -0.061702 -0.001962  0.167937 -0.080263  0.172956
-0.000000 -0.576773  0.000000  0.000000  0.000000  0.000000  0.000000 -0.000000  0.000000 -0.000000 -0.000000 -0.000000  0.000000  0.176890  0.040224 -0.002877  0.032406 -0.220495 -0.041289 -0.222505 -0.054447 -0.019063  0.109648 -0.000964 -0.228962  0.347683 -0.218743 -0.166967  0.139724  0.064083 -0.108362  0.134508 -0.215691  0.165405 -0.049414 -0.114177 -0.086335  0.178198 -0.128961  0.247759 -0.086183  0.040932
-0.000000 -0.000000 -0.000000 -0.000000 -0.000000  0.000000 -0.000000  0.575548  0.000000 -0.000000  0.001225  0.000000  0.000000 -0.082651  0.120488  0.091291  0.240574 -0.041426  0.139534 -0.160085  0.190040  0.108968 -0.331412  0.127670 -0.002115  0.093091  0.062381  0.140446  0.234956  0.048198 -0.099837 -0.060818  0.087640 -0.114163  0.052626 -0.210421  0.268587  0.197973 -0.155259 -0.068111  0.205978 -0.080650
-0.000000  0.576773 -0.000000 -0.000000 -0.000000 -0.000000 -0.000000  0.000000  0.000000  0.000000 -0.000000  0.000000  0.000000 -0.126985  0.153326  0.059866 -0.190834 -0.306595 -0.139982 -0.129267  0.013751 -0.000007  0.155949 -0.021873 -0.027714  0.495311  0.001564  0.162735 -0.047881  0.102868  0.152544 -0.128209 -0.056720  0.089334 -0.025303 -0.189367 -0.047570  0.078313  0.047446  0.215462 -0.034217  0.036008
 0.000000 -0.000000  0.000000  0.000000  0.000000  0.000000  0.000000  0.000000 -0.000000 -0.000000  0.576773 -0.000000 -0.000000 -0.263475  0.160183 -0.225982 -0.051472  0.009977 -0.158669 -0.147112  0.083559 -0.080183 -0.072997  0.059683  0.114339 -0.148039  0.186586 -0.083258  0.103928  0.015396  0.172886  0.078064 -0.196412  0.209416 -0.035784 -0.044708 -0.224617  0.000274 -0.378820 -0.189317 -0.039897  0.091974
-0.000000  0.019775  0.000000  0.000000  0.464663  0.013298  0.000000  0.000000  0.000000  0.000000 -0.020594 -0.058442 -0.000000  0.212775  0.108877  0.079413  0.131613 -0.017451 -0.313924  0.113021 -0.378878  0.047474  0.034532  0.042147  0.315321 -0.124284 -0.029168  0.036157 -0.090136  0.003657 -0.023949 -0.091622  0.046368  0.027792  0.319473 -0.148612  0.119331  0.180350 -0.276231  0.086434 -0.193511 -0.096604
-0.000000 -0.000000 -0.492917 -0.029049 -0.000000  0.000000 -0.000000 -0.040699  0.014107  0.000000 -0.000000  0.000000 -0.000000 -0.123408  0.126460  0.056476 -0.126735 -0.340992  0.207148 -0.078970 -0.016092  0.027563 -0.023774 -0.208663  0.186854 -0.169238 -0.272566  0.026165 -0.099137  0.193966  0.037516  0.225435  0.099596 -0.108919 -0.123864  0.211001  0.250635  0.157416 -0.112938 -0.095426 -0.137316  0.212466
-0.000000  0.000000 -0.539116 -0.000000  0.000000 -0.000000 -0.000000 -0.000000 -0.037657 -0.000000 -0.000000  0.000000  0.000000  0.171765  0.099460 -0.089128 -0.002525  0.165851  0.034937  0.395037  0.140793  0.031292  0.004797  0.154576 -0.191979  0.134197  0.076535  0.008369  0.173730 -0.087546  0.281816 -0.054131 -0.142967 -0.000299 -0.130704 -0.092963  0.124086 -0.090874 -0.084443  0.014681 -0.270919 -0.315494
 0.056496  0.000000 -0.000000  0.000000  0.000000 -0.000000 -0.000000  0.000000  0.000000  0.489740 -0.016519 -0.000000  0.014016 -0.047522 -0.033791  0.219650  0.275686  0.196011  0.084884  0.035391 -0.068594 -0.143495 -0.067701 -0.040889  0.055163  0.037652  0.030587 -0.236535 -0.066739  0.361595  0.234202 -0.112456 -0.238736  0.143818 -0.001575 -0.181969  0.127708  0.029716  0.237921 -0.117146 -0.094682  0.281226
 0.000000  0.000000 -0.000000  0.000000  0.000000 -0.000000  0.000000  0.000000  0.000000 -0.000000  0.576773  0.000000 -0.000000  0.182684  0.000131  0.332462  0.112950  0.041094 -0.045572 -0.082398 -0.008572 -0.110345  0.110006 -0.193070 -0.192264 -0.018952 -0.045211  0.044434 -0.199304 -0.205833 -0.048295  0.028655  0.310791  0.107761 -0.202702 -0.147592  0.314330 -0.150434  0.085170  0.088268  0.010215 -0.065154
 0.000000  0.034884  0.000000  0.000000 -0.526811 -0.015076 -0.000000 -0.000000  0.000000  0.000000  0.000000  0.000000  0.000000  0.216802  0.047094  0.098377 -0.010664  0.073372 -0.103406 -0.054637 -0.228995  0.087715 -0.150403  0.043904  0.048148  0.174627  0.014213  0.125699  0.082382  0.198359 -0.079537  0.250052  0.222123 -0.074601  0.242606 -0.115970 -0.112053 -0.311118 -0.131523 -0.195292 -0.308057  0.087019
-0.000000 -0.000000  0.000000 -0.000000 -0.000000 -0.000000  0.000000  0.000000  0.576773 -0.000000 -0.000000  0.000000  0.000000  0.076325 -0.105748 -0.055861 -0.207318  0.112366  0.094663 -0.216020 -0.019227  0.139303 -0.165092 -0.190488  0.123940 -0.082975  0.237431 -0.216685  0.105692  0.159570  0.159426 -0.028752  0.056007 -0.049786 -0.010190 -0.005507  0.106360 -0.135636 -0.057209  0.460683 -0.025550 -0.112218
 0.000000  0.000000  0.000000 -0.000000 -0.000000 -0.000000  0.000000 -0.000000  0.000000 -0.000000 -0.000000  0.000000 -0.576773  0.112504  0.231112  0.008123  0.263352 -0.222023  0.138285 -0.011890 -0.201172  0.198972 -0.049073 -0.058574  0.025002 -0.034326  0.395949  0.130809 -0.143019 -0.054674 -0.031846  0.204402 -0.246347  0.042355 -0.131713  0.092677 -0.081171 -0.043849  0.171835  0.023312  0.023426 -0.088928
 0.000000 -0.000000 -0.000000  0.574726  0.000000  0.000000  0.000000  0.000000 -0.000000  0.000000 -0.002047  0.000000  0.000000  0.110551 -0.192446  0.060242 -0.122916  0.075626 -0.109418 -0.126678  0.117776  0.320356 -0.213764 -0.203083  0.140081 -0.044868 -0.141620  0.183626  0.059745 -0.108681 -0.005713 -0.078366 -0.096127  0.267336 -0.140711 -0.045115 -0.086119  0.201332  0.185107 -0.176030 -0.213055 -0.080069
 0.000000 -0.000000  0.000000 -0.000000  0.000000  0.000000 -0.576432  0.000000  0.000000 -0.000000  0.000341 -0.000000  0.000000 -0.166006 -0.041850  0.364924 -0.059275  0.000011  0.218642 -0.112982  0.134664 -0.036756  0.231866  0.130364  0.088527  0.049047  0.232514 -0.136095  0.047770 -0.051733 -0.212194 -0.062222  0.000671  0.104422  0.155943  0.188505 -0.009425  0.070034 -0.047533 -0.058817 -0.316355 -0.180800
 0.000000 -0.000000  0.000000 -0.000000  0.000000 -0.000000 -0.000000  0.000000  0.000000 -0.539115 -0.000000 -0.000000  0.037657  0.177577  0.218658  0.217468  0.179060 -0.129720 -0.015538  0.028453  0.302880  0.118692  0.055919  0.088459  0.135662 -0.192814 -0.143324 -0.253764 -0.070581  0.325198  0.078990 -0.170939 -0.026998  0.030401 -0.035256 -0.163912 -0.210603 -0.182814  0.132969 -0.025669  0.044274 -0.005569
 0.029048  0.000000  0.000000  0.000000  0.000000  0.000000  0.040695  0.000000 -0.000000 -0.492922 -0.000000 -0.000000 -0.014107 -0.058426  0.018961 -0.065433 -0.103176  0.098430  0.297593  0.096599 -0.177479 -0.123783 -0.227358 -0.087411 -0.131770  0.090798  0.058864  0.036688 -0.049558 -0.152096 -0.027663 -0.151589 -0.170710  0.349057  0.294099 -0.001030  0.266762 -0.035800  0.025591  0.011893 -0.088049  0.351671
 0.000000  0.019775  0.000000 -0.000000  0.464663  0.013298 -0.000000 -0.000000  0.000000  0.000000  0.020594  0.058442  0.000000  0.268573  0.102059 -0.204467 -0.078753  0.121050 -0.073798 -0.138226  0.230391  0.024094  0.077197  0.014328  0.155494  0.349640  0.121518 -0.080907  0.166133  0.088036 -0.111572  0.222833  0.103387  0.040089  0.003620  0.203195  0.184356 -0.239529  0.182036 -0.270642  0.043161  0.178029
-0.000000  0.576773 -0.000000 -0.000000 -0.000000  0.000000 -0.000000 -0.000000 -0.000000  0.000000 -0.000000 -0.000000 -0.000000  0.274259 -0.123182 -0.064405  0.222072  0.078111  0.118241 -0.089069 -0.049257 -0.026815 -0.041035  0.016317 -0.220302 -0.165916 -0.224333 -0.335770  0.180017 -0.053926 -0.251449  0.243095 -0.177540  0.078255 -0.049862  0.080333 -0.042400  0.120731 -0.165223  0.050424 -0.028179 -0.003131
-0.000000 -0.000000 -0.000000 -0.000000  0.000000  0.000000  0.000000  0.000000  0.000000  0.000000  0.000000  0.000000  0.576773  0.072197  0.262167  0.183678  0.084401 -0.048387 -0.131754 -0.068554 -0.099942  0.169054  0.051559 -0.326141 -0.237648 -0.088048  0.232992  0.131793  0.108621 -0.031864  0.002606 -0.037451 -0.343614 -0.202044  0.075773  0.233588  0.013378 -0.051574  0.027654 -0.065999  0.053242  0.020872
 0.000000 -0.000000  0.000000  0.000000 -0.000000  0.576773 -0.000000  0.000000 -0.000000 -0.000000 -0.000000  0.000000 -0.000000 -0.024955  0.156261 -0.135800  0.036578  0.242851  0.237780  0.003206 -0.055867 -0.099442  0.272006 -0.239511  0.011158 -0.071762 -0.088180  0.305735  0.136505  0.318512 -0.100015  0.018568  0.060783  0.226559  0.038619 -0.061779 -0.084848  0.028285 -0.013702  0.022795  0.096293 -0.217620
-0.000000  0.000000 -0.000000  0.000000 -0.000000  0.000000  0.000000  0.000000 -0.000000 -0.000000 -0.000000  0.576773  0.000000  0.036531 -0.095917  0.253713 -0.200849 -0.126403 -0.131599  0.270043 -0.042522 -0.309146 -0.241451 -0.064261  0.184679  0.034709  0.018774  0.038080  0.087921  0.130853 -0.245892  0.052107 -0.221837  0.084103 -0.143032  0.016696  0.027612 -0.119214 -0.089100  0.016228  0.190817 -0.155907
 0.576773
