13 21
 0.230548  0.707107 -0.000000 -0.000000  0.000000 -0.000000 -0.000000  0.000000 -0.000000 -0.000000  0.000000 -0.000000 -0.000000 -0.387341  0.274257 -0.068273 -0.029289 -0.266575 -0.308118  0.220402 -0.038760
 0.014191 -0.000000  0.000000  0.000000 -0.000000 -0.000000  0.000000 -0.173784 -0.707107 -0.042573 -0.000000 -0.000000  0.000000  0.074715 -0.333143 -0.122768 -0.002037 -0.470496  0.218126  0.199469 -0.165557
 0.000000  0.000000  0.000000  0.000000 -0.000000  0.000000  0.000000 -0.000000  0.000000 -0.230548  0.000000  0.000000  0.707107  0.233280 -0.030314 -0.284972 -0.323281  0.084782 -0.149678  0.266752  0.324102
-0.056763  0.000000  0.000000  0.000000 -0.000000  0.173784 -0.707107  0.000000  0.000000  0.000000  0.000000  0.000000  0.000000 -0.074352 -0.069918 -0.540272  0.140858  0.185049 -0.105750 -0.108866 -0.295207
-0.000000  0.000000  0.000000  0.937655 -0.000000 -0.000000 -0.000000  0.000000  0.000000  0.000000  0.000000 -0.000000  0.000000  0.162512 -0.030942  0.101755 -0.061187 -0.017862 -0.215387 -0.006959 -0.180498
-0.056763 -0.000000 -0.000000  0.000000  0.000000 -0.173784  0.000000 -0.000000 -0.000000  0.000000  0.707107 -0.000000 -0.000000 -0.291776 -0.386847  0.140356  0.019622  0.310863 -0.083210  0.321796 -0.067789
-0.937655 -0.000000  0.000000 -0.000000  0.000000  0.000000  0.000000 -0.000000 -0.000000 -0.000000  0.000000 -0.000000 -0.000000 -0.135044  0.197291  0.011601 -0.032306 -0.197119 -0.107104  0.110052  0.005154
 0.014191 -0.000000 -0.000000 -0.173784  0.000000 -0.000000 -0.000000 -0.000000 -0.000000  0.042573 -0.000000 -0.707107  0.000000  0.238056  0.162825  0.142220 -0.302008  0.096836 -0.054321  0.160765 -0.484762
 0.000000  0.000000 -0.000000 -0.000000  0.000000 -0.937655  0.000000  0.000000  0.000000  0.000000  0.000000 -0.000000 -0.000000  0.080594  0.117479 -0.252294  0.044939 -0.046637 -0.008355 -0.159637 -0.084299
-0.014191  0.000000  0.707107  0.000000 -0.000000  0.000000  0.000000 -0.173784  0.000000  0.042573 -0.000000 -0.000000 -0.000000 -0.254425 -0.159264 -0.005618 -0.491445 -0.030826 -0.020960 -0.367062  0.003869
-0.056763  0.000000 -0.000000  0.000000  0.000000  0.173784  0.707107 -0.000000  0.000000  0.000000  0.000000 -0.000000 -0.000000 -0.074352 -0.069918 -0.540272  0.140858  0.185049 -0.105750 -0.108866 -0.295207
-0.014191  0.000000  0.000000  0.173784 -0.000000  0.000000  0.000000  0.000000  0.000000 -0.042573 -0.000000 -0.707107 -0.000000 -0.238056 -0.162825 -0.142220  0.302008 -0.096836  0.054321 -0.160765  0.484762
-0.014191  0.000000 -0.000000 -0.173784 -0.707107 -0.000000 -0.000000  0.000000  0.000000 -0.042573  0.000000 -0.000000  0.000000  0.200361 -0.246298  0.132290  0.136941 -0.145024 -0.526739 -0.179537 -0.002178
-0.000000  0.000000 -0.000000  0.000000  0.000000  0.000000 -0.000000 -0.937655  0.000000 -0.000000  0.000000  0.000000  0.000000  0.066615  0.182525  0.047590  0.182923  0.185829 -0.073085  0.062123  0.059934
-0.014191  0.000000  0.000000 -0.173784  0.707107  0.000000 -0.000000  0.000000  0.000000 -0.042573  0.000000 -0.000000  0.000000  0.200361 -0.246298  0.132290  0.136941 -0.145024 -0.526739 -0.179537 -0.002178
 0.000000 -0.000000 -0.000000 -0.000000  0.000000  0.000000 -0.000000 -0.000000 -0.000000 -0.230548 -0.000000 -0.000000 -0.707107  0.233280 -0.030314 -0.284972 -0.323281  0.084782 -0.149678  0.266752  0.324102
 0.000000  0.000000  0.000000  0.000000  0.000000 -0.000000  0.000000  0.000000 -0.000000 -0.937655 -0.000000  0.000000  0.000000 -0.141181  0.067847  0.151676  0.074674  0.020195  0.094793 -0.151719 -0.187815
-0.014191  0.000000 -0.000000 -0.000000  0.000000  0.000000 -0.000000  0.173784 -0.707107  0.042573  0.000000 -0.000000  0.000000 -0.074715  0.333143  0.122768  0.002037  0.470496 -0.218126 -0.199469  0.165557
 0.014191 -0.000000  0.707107 -0.000000 -0.000000 -0.000000  0.000000  0.173784 -0.000000 -0.042573  0.000000  0.000000 -0.000000  0.254425  0.159264  0.005618  0.491445  0.030826  0.020960  0.367062 -0.003869
 0.056763  0.000000  0.000000 -0.000000  0.000000  0.173784 -0.000000  0.000000  0.000000 -0.000000  0.707107 -0.000000 -0.000000  0.291776  0.386847 -0.140356 -0.019622 -0.310863  0.083210 -0.321796  0.067789
-0.230548  0.707107 -0.000000 -0.000000  0.000000  0.000000  0.000000  0.000000 -0.000000  0.000000  0.000000  0.000000 -0.000000  0.387341 -0.274257  0.068273  0.029289  0.266575  0.308118 -0.220402  0.038760
 0.937655
