9 28
 0.000383 -0.000025  0.000007  0.000070  0.000024  0.000080  0.000048 -0.576659 -0.000025 -0.059437  0.019721 -0.076067  0.095999  0.431615 -0.031784  0.031320 -0.222638 -0.170388  0.241553 -0.158954 -0.009476  0.071974 -0.356995  0.145571 -0.306634  0.100698  0.034140 -0.196997
-0.000582 -0.000111  0.000034  0.000088  0.000015  0.000021  0.000013  0.576464  0.000005  0.084119 -0.110436  0.038807 -0.061412  0.295614  0.146503 -0.078102 -0.060743 -0.245656  0.185689  0.214863  0.211390 -0.426469 -0.188544  0.110778 -0.267814 -0.018854  0.139300 -0.132810
-0.000000 -0.000000 -0.000000 -0.000000 -0.577350  0.000000 -0.000000 -0.000000 -0.000000 -0.164903  0.439048 -0.008371  0.045117 -0.027473  0.168132  0.424348  0.138958 -0.152558  0.042201 -0.014975 -0.088046 -0.235144 -0.124654  0.111961  0.044486  0.012585 -0.145263  0.276704
 0.003808  0.512048  0.010968 -0.035912 -0.000555  0.000429 -0.000104  0.013168 -0.000117 -0.031371  0.188436  0.435707 -0.086875  0.196122 -0.322053 -0.041955  0.247735 -0.105246 -0.257971 -0.276891  0.228552  0.045323  0.098345  0.037421 -0.184003 -0.104749  0.157720  0.087470
-0.000000 -0.000000 -0.000000  0.000000 -0.577350 -0.000000  0.000000 -0.000000 -0.000000  0.272297 -0.047624 -0.022565 -0.068799 -0.055413 -0.145760 -0.110227  0.045340 -0.019292  0.206960  0.084943 -0.145224  0.180613  0.339072 -0.123359 -0.165843  0.283575  0.383139 -0.239699
-0.000061  0.000034  0.000025 -0.000068 -0.000028  0.000005 -0.000036 -0.000137  0.576938 -0.198600  0.084911  0.135919 -0.271573  0.101471 -0.166971 -0.096564  0.086906  0.443513  0.295290  0.033253  0.046199 -0.162206  0.043342  0.178898  0.099450  0.247428 -0.210894 -0.101446
 0.000007 -0.000014  0.577295  0.000003  0.000004 -0.000001 -0.000003 -0.000014  0.000002  0.159477  0.081465  0.413726  0.364409 -0.141825  0.138446  0.197138  0.003162  0.191067 -0.017952  0.205426  0.134342  0.115288 -0.118039 -0.031345 -0.087736  0.040928 -0.127823 -0.318666
-0.000000 -0.000000 -0.000000  0.000000  0.577350 -0.000000  0.000000 -0.000000 -0.000000  0.107229  0.391689 -0.030340 -0.023844 -0.082643  0.022061  0.314037  0.184666 -0.171903  0.248798  0.069624 -0.232988 -0.054473  0.214595 -0.011340 -0.121589  0.296003  0.238153  0.037076
-0.000009 -0.000052 -0.000397 -0.576749  0.000050 -0.000027  0.000029 -0.000009  0.000017 -0.070411  0.121946 -0.105340 -0.052658  0.010009 -0.465972  0.179982 -0.165121 -0.017740  0.130901  0.351913  0.153003  0.034650 -0.128746 -0.367652  0.066721 -0.184265  0.012755  0.023628
-0.000020  0.000045 -0.000023  0.000073  0.000023 -0.000022 -0.000819  0.000054  0.576254  0.219358 -0.147075  0.068557 -0.132531 -0.045842  0.104328  0.148353  0.050949 -0.432992  0.012243  0.160560 -0.041292  0.413384 -0.070166  0.218799  0.110422 -0.285874  0.034723  0.066373
 0.000013 -0.000030  0.000232  0.576915 -0.000006  0.000048 -0.000005 -0.000051  0.000011 -0.144726  0.312418 -0.101201 -0.042338 -0.355983 -0.323124 -0.149464 -0.269814 -0.047826 -0.030123  0.272095  0.210166  0.068435 -0.181623  0.128261 -0.097814 -0.040227  0.150949  0.028630
 0.000000 -0.000000  0.000000 -0.000000  0.000000  0.577350 -0.000000 -0.000000 -0.000000  0.071089  0.131661 -0.005603 -0.023680  0.204726  0.259529 -0.031632 -0.279557  0.111179  0.080242  0.096322  0.312740  0.233390  0.305598 -0.058696 -0.165137  0.060992 -0.113844  0.366232
 0.577299 -0.000001  0.000009 -0.000007 -0.000002  0.000002 -0.000011 -0.000003  0.000004  0.022817  0.009468  0.055029  0.079880  0.096064  0.115604 -0.144844  0.169212  0.018153  0.029870  0.037126  0.178393  0.122994 -0.359281 -0.136527  0.371338  0.331077  0.307531  0.212481
 0.003663  0.487191 -0.005561  0.017831  0.000183 -0.000048 -0.011153  0.013182 -0.038372 -0.149266 -0.044451  0.290835 -0.106525 -0.245415  0.211317 -0.190096 -0.341156 -0.195340  0.369202 -0.047193 -0.288403 -0.029652 -0.075066 -0.290107  0.105347  0.016935 -0.142557  0.025701
-0.577251  0.000000  0.000001  0.000008 -0.000004  0.000024 -0.000001  0.000017 -0.000005  0.125039  0.374318 -0.018940  0.116746  0.278623  0.090059 -0.344020  0.044049 -0.125989 -0.072686  0.091551  0.016005  0.042656 -0.055137 -0.068778  0.476332  0.080260  0.038831 -0.129564
 0.000006 -0.000011  0.577303 -0.000002  0.000006 -0.000002  0.000008  0.000005 -0.000001 -0.272103 -0.214376 -0.029065  0.055824  0.227480 -0.214046 -0.031349 -0.215939 -0.151154 -0.115172  0.121988 -0.274016 -0.122733  0.227621  0.214652  0.173411  0.117945  0.164966  0.295574
 0.000208  0.000075 -0.000004 -0.000014 -0.000019  0.000019  0.000007 -0.576912 -0.000030  0.176366 -0.128672  0.147131 -0.153508 -0.146589  0.146049 -0.119831  0.146456 -0.101814 -0.045978  0.341305  0.225532 -0.510379  0.166679 -0.039618  0.042566 -0.103735  0.079870  0.083950
 0.000016 -0.000005 -0.000013 -0.000003 -0.000007  0.000015 -0.577267  0.000004 -0.000010 -0.249978 -0.094806 -0.066650 -0.123376 -0.079790  0.054198  0.229068 -0.103409 -0.289099 -0.113530 -0.125192  0.375535  0.019653  0.182225 -0.042144  0.183101  0.283402 -0.065112 -0.310701
-0.000003 -0.000003  0.000004  0.000006  0.000014 -0.000013 -0.577293 -0.000003 -0.000007 -0.012495 -0.006302 -0.025128  0.103663  0.050864 -0.076390 -0.305576  0.339844 -0.048411 -0.051488  0.299524 -0.253139  0.102990 -0.130067 -0.088421 -0.325387  0.083396 -0.294940  0.209556
-0.000002  0.000025  0.000000 -0.000010  0.000005 -0.000007  0.577278  0.000006  0.000011 -0.274615 -0.099638 -0.079091 -0.025809 -0.032563 -0.013949 -0.082254  0.231287 -0.342250 -0.158330  0.173582  0.114927  0.125086  0.051485 -0.139825 -0.142556  0.362100 -0.357358 -0.102169
 0.000006 -0.000146  0.000008  0.000027  0.000001  0.000015  0.000634  0.000161 -0.576341  0.063745 -0.067462  0.161046 -0.382528  0.067486 -0.090924  0.071664  0.155389  0.025029  0.283737  0.195926  0.030550  0.243499 -0.024663  0.429343  0.210691 -0.022935 -0.185188 -0.030816
 0.000000 -0.000000  0.000000  0.000000 -0.000000 -0.577350 -0.000000 -0.000000 -0.000000  0.210190  0.118166  0.064873 -0.389044  0.176413  0.180834  0.096206 -0.339421  0.139272 -0.334561  0.128972 -0.023907  0.099545 -0.017675 -0.109550 -0.138938  0.211914 -0.074936  0.155217
 0.000015 -0.000026 -0.000402 -0.576699 -0.000007  0.000059 -0.000036  0.000007 -0.000001 -0.061478  0.173336 -0.026508  0.019521 -0.387815  0.163280 -0.328956 -0.132989 -0.028686 -0.133533 -0.063737  0.037106  0.025786 -0.062829  0.490809 -0.146252  0.158618  0.115732  0.002852
-0.005338 -0.480758  0.005570 -0.018354 -0.000270 -0.000446 -0.010918 -0.017127 -0.037847 -0.513666  0.126322  0.358915 -0.224772  0.071291  0.221259 -0.108884  0.082657 -0.008262 -0.008695  0.024175 -0.098934  0.146325  0.043857 -0.184412 -0.117932 -0.251658  0.283247 -0.097081
-0.000015 -0.000003  0.577295  0.000001  0.000006 -0.000002 -0.000014 -0.000010  0.000003  0.116501  0.127741 -0.393921 -0.417454 -0.092518  0.081782 -0.165710  0.203997 -0.039555  0.141573 -0.322525  0.133517  0.005025 -0.112626 -0.184963 -0.080048 -0.154420 -0.044047  0.022482
 0.012141 -0.518963  0.000411 -0.001637 -0.000126  0.000792 -0.000421  0.041055 -0.000827  0.304777  0.027150  0.370431  0.022566 -0.103007 -0.324280 -0.119003 -0.152344 -0.279550  0.099993 -0.339973  0.046363 -0.118704 -0.013950 -0.064717  0.026629  0.145682 -0.240615  0.200417
 0.577324  0.000001 -0.000000 -0.000003  0.000001 -0.000002  0.000005  0.000000 -0.000011  0.092263  0.364363 -0.083116  0.035440  0.185707 -0.015804 -0.196222 -0.120601 -0.136449 -0.105284  0.064114 -0.163818 -0.076900  0.304645  0.069024  0.103772 -0.255670 -0.261088 -0.347902
-0.000000 -0.000000 -0.000000  0.000000  0.000000  0.577350 -0.000000  0.000000  0.000000  0.138318 -0.013628  0.069953 -0.365513 -0.028292 -0.077840  0.127994 -0.059741  0.028560 -0.414747  0.033349 -0.337027 -0.133579 -0.323237 -0.051064  0.026256  0.150556  0.039287 -0.211379
 0.577350
