2 45
 0.212598  0.000000 -0.104870  0.053542  0.058017 -0.193875  0.173540  0.192656 -0.134348  0.109159  0.114955 -0.031061 -0.066517  0.106390  0.148645  0.212120 -0.119448  0.080700  0.402848  0.220790 -0.178516 -0.085798  0.056758 -0.044314 -0.144603  0.007216  0.131407  0.087176  0.132333  0.095146  0.040426 -0.037384 -0.026154 -0.066373  0.042849 -0.063500 -0.094646  0.195092  0.200770  0.160657 -0.070833 -0.243445  0.207871  0.014221 -0.349753
 0.212598  0.000000  0.001719 -0.135297 -0.080013 -0.216208  0.054430  0.082033  0.139118 -0.244057 -0.224761 -0.172569 -0.233263 -0.067483 -0.063397 -0.076219 -0.193996 -0.102302  0.202105  0.023679  0.094335  0.097125 -0.032510  0.120955 -0.060983 -0.240504  0.052854 -0.211229  0.031211 -0.100062  0.136319  0.100284 -0.020877 -0.109510 -0.267074  0.195091  0.039548 -0.161544  0.207935  0.272263 -0.101750  0.266626 -0.119174 -0.063598  0.083595
-0.212598  0.000000  0.399052  0.083579  0.185546 -0.136640 -0.031943  0.094661  0.160349 -0.189580  0.304157  0.061588  0.089831 -0.061348  0.008464  0.032141 -0.021137 -0.017412  0.234136  0.092957 -0.015801 -0.149026  0.007047 -0.018598  0.155595 -0.111443  0.150212 -0.111420  0.004326  0.189184  0.008130 -0.005336  0.088697  0.123369 -0.200905 -0.001618 -0.191395  0.183417  0.144260 -0.179045  0.196083  0.047751  0.091763 -0.082819  0.342670
 0.000000  0.212598  0.132715  0.144829 -0.127460  0.165945 -0.164800 -0.251432  0.035479 -0.181720 -0.188613 -0.136288 -0.171921 -0.012040  0.006814  0.044324  0.081892 -0.404948  0.150873  0.023588  0.035824  0.004880  0.148931 -0.037179 -0.103855  0.035975  0.165901  0.048467 -0.013564 -0.170348  0.126320  0.029443 -0.141531  0.267141  0.155832 -0.035008  0.126493  0.267731  0.123368  0.012745  0.119712 -0.203260 -0.031409  0.278561  0.029304
 0.000000  0.212598 -0.096921  0.077007  0.145169  0.053936 -0.017498 -0.089020  0.160404  0.071152 -0.175685 -0.084417  0.025956  0.269505 -0.090881 -0.179045 -0.169931  0.077251 -0.082823 -0.105886 -0.375880 -0.023699 -0.121652 -0.022478  0.161247  0.245688  0.082497 -0.424127 -0.137636  0.069567  0.029460  0.224524 -0.011432 -0.131323  0.092164  0.136779 -0.182887  0.263104  0.018312  0.047284  0.089905  0.048791  0.020871  0.003351 -0.077091
-0.000000 -0.212598  0.065387  0.212303 -0.204380 -0.302335 -0.090875  0.023670  0.139697 -0.034786 -0.135716  0.021776  0.018608  0.000556  0.153859  0.103831  0.135259 -0.113294 -0.076722  0.049655 -0.311134 -0.266662  0.069561  0.080420 -0.181934  0.140461 -0.027684 -0.110694 -0.015831 -0.115947 -0.165260 -0.098373  0.320644  0.001508 -0.113394  0.171301  0.343058  0.131551 -0.153140 -0.135957 -0.106563  0.104206  0.017305 -0.072235 -0.064239
-0.000000  0.212598 -0.007237  0.093225 -0.065055 -0.122514  0.182208  0.111001  0.062031  0.037735  0.216807  0.075836  0.060248 -0.006458  0.107917  0.026425 -0.196827 -0.062804 -0.223898 -0.003585 -0.154094  0.195998 -0.084188 -0.082420  0.297763  0.012543  0.051003  0.070613  0.217310 -0.268152  0.006506  0.049143 -0.015350  0.266823 -0.270082 -0.280327  0.219052  0.080612 -0.064005  0.186136  0.173661  0.132996 -0.171412  0.033384 -0.160820
 0.000000 -0.212598 -0.161783 -0.108593 -0.080093 -0.083055 -0.129608  0.155962  0.178344  0.153024  0.089449 -0.203651  0.173391  0.246858 -0.160461  0.141100  0.168317 -0.234120  0.000524  0.327702 -0.108599  0.074871  0.139833 -0.199797  0.119513 -0.187272 -0.020678  0.026632 -0.097782  0.039826  0.171424  0.303153 -0.124458 -0.032038 -0.118087  0.013436 -0.068102 -0.067854 -0.255784 -0.083210 -0.052552 -0.048987 -0.069068  0.210033  0.066594
-0.000000  0.212598 -0.031302  0.116685  0.097998  0.075491  0.095333  0.143967 -0.167108  0.148880  0.037740 -0.170900  0.143094 -0.284015 -0.069626 -0.032777  0.108960 -0.106928  0.038861  0.397546  0.027484  0.061541 -0.178426  0.226889  0.056134  0.074338  0.130811 -0.198669 -0.077371 -0.221361 -0.284458  0.063079 -0.130059 -0.047462  0.023083  0.194858  0.182129 -0.205316 -0.027515 -0.027371  0.132087 -0.114271  0.237711 -0.051665  0.085245
 0.000000  0.212598 -0.015243 -0.135030 -0.168151  0.087414 -0.078724 -0.184650 -0.078842 -0.077850  0.169849 -0.141519 -0.150320  0.292010  0.209830  0.016852 -0.044566  0.121323 -0.121776  0.210757  0.058073  0.017271 -0.000566 -0.159666 -0.098568 -0.010546  0.076835 -0.029771 -0.089714 -0.219088 -0.100189 -0.223686  0.033725  0.257689 -0.221074  0.259323 -0.345993 -0.098384 -0.069198 -0.157997 -0.100280  0.122981  0.150337 -0.068527 -0.116869
-0.000000 -0.212598  0.174364 -0.027286  0.203647 -0.116584 -0.125008 -0.071779  0.037514  0.029460 -0.068492 -0.053376 -0.074164 -0.015202 -0.016545 -0.180152  0.126834  0.075181 -0.213801  0.306161 -0.067003  0.129610  0.348076  0.170992 -0.050491  0.148127 -0.048967 -0.020111  0.114546  0.068981 -0.230698  0.027672  0.026528  0.093405  0.019902 -0.081627 -0.186548 -0.169505  0.318491  0.060316  0.221714  0.051462 -0.227005  0.139631 -0.244094
 0.212598  0.000000  0.004165 -0.051994 -0.013999  0.158440  0.063895  0.042562  0.239033 -0.190434 -0.267226  0.037673 -0.005987  0.052968 -0.242895  0.091571  0.077785  0.130379  0.006816 -0.076723  0.164322 -0.213329 -0.123756  0.003973  0.232398 -0.243009  0.069483  0.041469 -0.033286  0.140565 -0.290513 -0.009251  0.074036  0.084528 -0.213181 -0.026198  0.071107 -0.029410 -0.061568 -0.140820  0.214054 -0.131060  0.160219  0.150933 -0.378022
 0.212598  0.000000  0.118158 -0.237380 -0.236285  0.139196 -0.205932  0.119489  0.022991  0.122222  0.185576  0.288746  0.099252 -0.024117 -0.040878  0.098790 -0.106406 -0.232107 -0.093231 -0.090575 -0.098778 -0.163597 -0.001338  0.041726 -0.134762 -0.111294  0.060002 -0.284776  0.223638 -0.008452 -0.104651 -0.053952 -0.400616 -0.080785  0.106549  0.021010 -0.026451 -0.002763  0.136500 -0.208654  0.045188  0.064378 -0.131261 -0.131367 -0.124682
-0.159448 -0.053149 -0.274720  0.077260 -0.115719 -0.010124 -0.206301 -0.052898  0.431980  0.109163 -0.171316  0.122737  0.202700 -0.085329  0.221441 -0.096902  0.024597  0.011391  0.118351  0.019099  0.150210 -0.021496  0.019054  0.142013  0.086221  0.076852  0.313381 -0.037553 -0.007628 -0.118404  0.049029  0.005936 -0.023984  0.107210 -0.032936 -0.288442 -0.174894 -0.160242  0.099707  0.041180 -0.191154 -0.130503  0.085207 -0.258356 -0.041913
 0.000000 -0.212598  0.087013  0.041537  0.202263  0.031728 -0.196884  0.364700 -0.220704  0.032553 -0.077209 -0.182683 -0.178150 -0.032475  0.159280  0.020133 -0.063799 -0.283134  0.051327 -0.226293  0.185556 -0.127921 -0.119722 -0.053020 -0.017717  0.110875  0.119373 -0.078145  0.017295 -0.145747 -0.017443  0.108032  0.145654  0.054961  0.076385 -0.122839 -0.279708 -0.062423 -0.321567  0.052847  0.184080  0.123023 -0.008269 -0.044421 -0.164612
-0.212598 -0.000000  0.278682 -0.052913 -0.101700  0.073444 -0.130479  0.090552 -0.135880  0.063461 -0.063128 -0.066484 -0.045172  0.258441 -0.059054 -0.312819 -0.109926 -0.109500  0.219654 -0.012159 -0.060756  0.087593 -0.152930  0.071716  0.132212  0.112541 -0.201384 -0.142424  0.255479  0.125004 -0.087079 -0.116195  0.026822  0.039371 -0.200975 -0.131860  0.130303 -0.155922 -0.028295 -0.040466 -0.356400 -0.270847  0.039385  0.140691 -0.038439
 0.159448 -0.053149  0.197958  0.247496  0.213934  0.173537 -0.101057 -0.061159  0.138566 -0.118113  0.179763 -0.045801 -0.022089  0.234322  0.107307 -0.177360  0.186081 -0.096326 -0.094212  0.041878  0.118261  0.258926  0.070940 -0.113970  0.057926 -0.137807  0.131108  0.018137  0.071202 -0.050946  0.122038 -0.104339 -0.001205 -0.429628  0.046832 -0.044945  0.233065  0.034971 -0.005839 -0.013785 -0.042375  0.104209  0.204508 -0.229316 -0.192416
 0.212598 -0.000000  0.030987  0.083808  0.090965 -0.203516 -0.140446 -0.080603  0.025265 -0.135518  0.076362 -0.160705  0.060809 -0.125400  0.182010  0.133205 -0.069336  0.078892 -0.117499 -0.269471 -0.108543  0.176889  0.198031  0.228692  0.047322 -0.029413 -0.115824 -0.162678  0.023160  0.260834  0.103905  0.004486 -0.274842  0.279165  0.041547  0.029994  0.034020 -0.178264 -0.228384  0.025006 -0.042777 -0.054628  0.378246  0.076201 -0.005442
-0.212598  0.000000 -0.070557 -0.187890  0.100726 -0.088415  0.107794  0.087649  0.105996 -0.193635 -0.017510 -0.105332 -0.078762 -0.039256  0.091954  0.095628  0.099426  0.046950 -0.031209  0.014143  0.037883  0.272033 -0.116445  0.101341 -0.292770 -0.079492 -0.268358 -0.275665 -0.198472 -0.113556  0.030080 -0.099191 -0.117303 -0.087428 -0.125875 -0.254897 -0.007396  0.245804 -0.080506 -0.199830  0.132859 -0.298766 -0.141505 -0.153499 -0.128738
 0.000000 -0.212598 -0.088081 -0.142960  0.238986  0.078364 -0.358180 -0.004078  0.048370  0.047503 -0.116050 -0.036666  0.023640 -0.275670  0.273405 -0.091204 -0.279806  0.201150  0.144293  0.015922 -0.098074  0.132198 -0.066550 -0.325623  0.110804 -0.078019 -0.085309  0.141771  0.021688 -0.166242 -0.164818  0.043456 -0.123084 -0.005241 -0.043914  0.199040  0.184692  0.176517  0.094589 -0.172672 -0.015010  0.000936  0.007608  0.119541  0.020025
-0.212598  0.000000 -0.267562  0.187005  0.055262 -0.037408 -0.017888 -0.141333 -0.117495 -0.129995  0.121591  0.024384 -0.073950 -0.058007  0.097020 -0.162486 -0.246674 -0.078261 -0.090920  0.041009  0.014909 -0.344707  0.224394 -0.006679  0.135506 -0.202421  0.010979 -0.105202  0.091621  0.031891  0.147786 -0.154368 -0.023909 -0.207099 -0.091802  0.201087  0.025590 -0.176438 -0.134491  0.044489  0.201041 -0.354260 -0.208034  0.008137 -0.085762
 0.212598  0.000000  0.034142 -0.130249  0.125268  0.183914  0.337963 -0.131045 -0.021570  0.062268 -0.031395 -0.134445  0.192821 -0.019484  0.161395 -0.082058  0.092934 -0.216520  0.203866 -0.286637 -0.277445  0.151887  0.209589  0.126967  0.045590 -0.070073  0.102609  0.162254  0.040885 -0.049898 -0.123885  0.066724  0.154587  0.033803 -0.133478  0.139571 -0.131276 -0.070969 -0.053958 -0.210414 -0.030925 -0.158801 -0.235744 -0.201139  0.029698
-0.212598 -0.000000 -0.303770 -0.006411  0.067480  0.028661  0.133519  0.035917  0.080551  0.028438  0.221056  0.025202 -0.062979 -0.002609  0.104242 -0.195866  0.338826 -0.213857  0.159206 -0.185738  0.138473 -0.049483  0.087395 -0.197824 -0.046729  0.002519 -0.130536 -0.147070 -0.021119  0.228403 -0.324429  0.025865 -0.170182  0.180834 -0.062997  0.153201  0.098384  0.117725  0.073945  0.253367 -0.063750  0.199918  0.027126  0.011348 -0.112326
-0.000000  0.212598  0.061729 -0.128744  0.241596  0.032070 -0.013301  0.042924  0.035590  0.144162  0.052327  0.023847  0.146658 -0.124809 -0.094953 -0.305049 -0.038015 -0.049947 -0.146007 -0.006220  0.002826 -0.313300  0.169771  0.145454 -0.225378 -0.295647 -0.225386  0.046550 -0.006084 -0.262703  0.165099  0.189886  0.155924  0.076687 -0.071146 -0.098653 -0.047695  0.159252  0.020873  0.010163 -0.203735  0.047994  0.263050  0.103458 -0.121002
-0.212598  0.000000 -0.153968 -0.071812  0.128893  0.156520 -0.109510  0.066677 -0.108917 -0.456492 -0.077743 -0.107035  0.198971  0.154804 -0.118194  0.090146 -0.025877 -0.085209 -0.012293 -0.029618 -0.406655 -0.146091 -0.043210 -0.065525 -0.179323  0.048545 -0.025858  0.238361  0.019075 -0.046178 -0.072607 -0.008648 -0.140272 -0.019319 -0.055072 -0.184948  0.055401 -0.254495  0.152891  0.125069  0.091232  0.119070  0.160979 -0.168193  0.049728
-0.212598  0.000000  0.222094 -0.207546  0.103327  0.039488  0.073307 -0.187308  0.269265  0.047817  0.099375  0.057098 -0.038854  0.126338  0.051526  0.175997 -0.086022  0.099376  0.320622  0.040661 -0.105663 -0.069015  0.053655  0.166869  0.084962 -0.152789 -0.049958 -0.036171 -0.086001 -0.240282 -0.155099 -0.122020 -0.029416 -0.060555  0.367261 -0.016319  0.062821 -0.142932 -0.298262  0.258420  0.021235  0.138502 -0.066699  0.121792 -0.071741
-0.212598 -0.000000 -0.070847 -0.403700  0.103777  0.033055 -0.008108  0.015236  0.052038  0.111703 -0.061124 -0.131317  0.214734  0.132923  0.017305  0.102916 -0.018577  0.038343 -0.117635 -0.035408  0.166640  0.102611 -0.010169  0.052365 -0.209265  0.040262  0.304815 -0.082666  0.399070  0.147832  0.180721 -0.073858  0.248690  0.082703  0.030893  0.222629  0.244829  0.069930 -0.006111  0.075081  0.201688 -0.030099  0.089070  0.043142  0.016987
-0.212598 -0.000000  0.092324 -0.132072 -0.239530 -0.112537 -0.110812 -0.115773 -0.143042  0.127209  0.012781 -0.218972  0.015139 -0.042569 -0.135296  0.238100 -0.047280 -0.008406 -0.059233 -0.243318  0.131129  0.022194  0.341082  0.058289  0.229466  0.087409 -0.011996  0.064553 -0.023258 -0.157920 -0.232364  0.082152 -0.045590 -0.350776 -0.218568 -0.023265 -0.071953  0.215090  0.110070  0.141889  0.028341 -0.047658  0.219137 -0.097882 -0.015846
 0.000000 -0.212598  0.063169  0.244910 -0.135383  0.008168  0.038586  0.055292 -0.054175  0.042364  0.070549  0.137049  0.173101  0.249666  0.121398 -0.026538 -0.079882  0.081734 -0.107969 -0.233765  0.005840  0.165115 -0.078889 -0.072655 -0.273484 -0.311806  0.091016 -0.148881 -0.151496 -0.181521 -0.224748  0.144380  0.118547  0.009364  0.013975  0.024808 -0.047216 -0.120592  0.198600  0.189952  0.113727 -0.238988  0.077469  0.260384  0.180764
-0.000000  0.212598 -0.004205  0.033298 -0.225232  0.095425 -0.105216  0.270919  0.038037 -0.132316  0.066153 -0.096304 -0.044805 -0.108338 -0.005717 -0.295058  0.001643  0.326414  0.061032  0.000817 -0.084070  0.050007  0.218984  0.080845 -0.263046 -0.015357  0.333906  0.121921  0.045851  0.141892 -0.190940  0.045188 -0.090434 -0.157170 -0.049459 -0.110684 -0.007842  0.134196 -0.356247  0.025625 -0.011051  0.064143 -0.138204  0.141236  0.092602
-0.000000  0.212598  0.130113  0.142539  0.209554 -0.293424 -0.007806 -0.142339 -0.017889  0.111763 -0.325739  0.235482  0.050499  0.010827 -0.218937  0.053325  0.111761  0.057723  0.090097 -0.016576  0.038787  0.067800  0.097901 -0.409113 -0.203403 -0.039169 -0.022781 -0.055946  0.305816 -0.106249 -0.107520  0.013755 -0.159300  0.010233 -0.091720  0.027719 -0.114994 -0.097760 -0.252271  0.050216  0.027779 -0.081449  0.002879 -0.181110  0.072103
-0.000000  0.212598  0.019486 -0.111335 -0.220377  0.002814 -0.148498  0.262582 -0.108892 -0.347642 -0.098244  0.272288  0.170546  0.033117  0.212122 -0.021443  0.173275  0.041766  0.066197  0.108490  0.039113  0.137633  0.129162  0.008012  0.240496 -0.029804 -0.274598 -0.017195  0.094667 -0.039168  0.035077  0.242758  0.217334  0.008886  0.249922  0.217692 -0.084337  0.050671 -0.011191  0.113555  0.066608 -0.106536  0.008763 -0.138971 -0.071021
-0.000000  0.212598  0.123336  0.282523  0.116413  0.280066 -0.151873  0.050488  0.118094  0.061436  0.099612 -0.199863  0.162513  0.014957  0.118951  0.381193  0.065419  0.235958  0.073036 -0.075539  0.160773 -0.159312 -0.020605  0.034169 -0.135852  0.142645 -0.188148 -0.047158  0.060987  0.017442  0.085184  0.206859 -0.011834 -0.040407 -0.210389  0.106280  0.062979 -0.130322  0.110360  0.059197 -0.121605  0.001252 -0.338359  0.033278 -0.099117
-0.000000 -0.212598  0.135333 -0.018273  0.125720  0.383932  0.183267  0.154937  0.105346 -0.038633 -0.161480  0.347675 -0.069873 -0.014129  0.060722  0.120450 -0.183120 -0.120138 -0.186494  0.187914  0.017765  0.045601  0.172016  0.076591 -0.051261  0.209361 -0.005201  0.036316 -0.103128  0.046209  0.023099 -0.052355 -0.149634  0.024582 -0.271279  0.166397 -0.063949  0.151220 -0.167742  0.291607 -0.117839 -0.105955  0.107630 -0.017537  0.106597
 0.000000 -0.212598 -0.079258  0.170468 -0.079029  0.133028 -0.041358 -0.172940 -0.286811  0.032413 -0.181327 -0.003331  0.288340  0.000361  0.058895 -0.029179  0.244437  0.109850  0.149181  0.072854 -0.060106  0.008504 -0.148260  0.251985  0.080652 -0.206679 -0.069585 -0.091551  0.198326 -0.068857  0.145464 -0.232761 -0.149348 -0.011480 -0.178012 -0.017144 -0.196663  0.272790 -0.088381  0.116477  0.111108  0.266450 -0.024984  0.129935 -0.010191
 0.000000  0.212598  0.084939 -0.060311 -0.118743 -0.079897 -0.194396 -0.157703  0.162665  0.147992  0.053930  0.138502  0.072293 -0.201276  0.127374 -0.052333 -0.007420 -0.274018  0.067130 -0.010653 -0.113321  0.143921 -0.280722  0.002378 -0.187861  0.072135 -0.125565  0.243401 -0.153173  0.242426  0.059635 -0.065349  0.123860 -0.256212 -0.208328  0.080536 -0.153325 -0.130298 -0.057682  0.148434  0.273230  0.010080  0.093889  0.155870 -0.152893
-0.212598 -0.000000  0.007167  0.071796  0.207328 -0.231189 -0.130070  0.021329 -0.119181 -0.201915  0.102786  0.176884  0.122525 -0.029545 -0.257860  0.089734  0.000687 -0.086915 -0.076715 -0.107517  0.018488  0.189832 -0.166029  0.202582  0.020187 -0.044083  0.302563  0.163015 -0.118644 -0.043420 -0.030176  0.012022 -0.072957  0.037654  0.027925  0.286256 -0.081905  0.098693 -0.005095 -0.038894 -0.366526 -0.024991 -0.184525  0.103328 -0.306469
 0.000000  0.212598 -0.151490  0.110557  0.106847 -0.018990  0.042213 -0.059338 -0.095317 -0.051447 -0.191599  0.008054  0.232636  0.097442  0.165918  0.177425 -0.370589 -0.267413 -0.030588  0.176984  0.213475  0.098794  0.141163  0.028595 -0.027970 -0.130596 -0.063322 -0.078285 -0.027831  0.257879 -0.294277 -0.061738  0.145399 -0.114234  0.086878 -0.221435 -0.011326  0.068771 -0.015512 -0.172270 -0.138906  0.250191 -0.057165  0.117215  0.064281
-0.212598 -0.000000  0.339206 -0.098227 -0.093547 -0.096826  0.211034 -0.110085 -0.132711  0.042202 -0.242329 -0.128283  0.009481 -0.022427  0.398238 -0.045177  0.076672  0.030574 -0.234782  0.098542 -0.020377 -0.201029 -0.190634 -0.086950  0.027277 -0.211516  0.163923  0.095582 -0.074031  0.225176  0.012705  0.296042 -0.265046 -0.025962  0.054418 -0.021292  0.056906 -0.003847  0.007384  0.048538 -0.099933 -0.002281 -0.041826 -0.114891 -0.112769
 0.000000  0.212598 -0.126255 -0.173386  0.230336  0.043481 -0.169807  0.037203 -0.176288  0.088927 -0.064853  0.263624 -0.357264 -0.004434  0.197418  0.230482  0.348560  0.027359 -0.073484 -0.061395 -0.217566 -0.008913  0.044782  0.053027  0.149241 -0.131700  0.201841 -0.154748 -0.033638  0.005737  0.020977 -0.015359  0.123424 -0.134986 -0.172974 -0.164154  0.060654 -0.111415  0.082731 -0.012314 -0.113623 -0.000088  0.007427  0.214337  0.170559
-0.212598  0.000000  0.093195  0.075965 -0.118368  0.156052 -0.027513  0.073523 -0.231749  0.196649 -0.111243  0.124132  0.038592 -0.082877 -0.146954  0.002911 -0.109038  0.091950  0.212304 -0.018357 -0.091826  0.176749  0.291099 -0.121931 -0.043730 -0.116218  0.091290 -0.158436 -0.381423  0.112523  0.242639 -0.015467  0.080216  0.180930 -0.074518 -0.011574  0.208250 -0.140052  0.038588 -0.095349  0.122516  0.184840  0.019539 -0.162514 -0.283129
-0.212598 -0.000000  0.063660  0.068282 -0.111535  0.057102  0.351625  0.192415  0.165599 -0.128255 -0.089529 -0.072152  0.079224 -0.288289  0.048822  0.058381  0.071043 -0.019190 -0.065906 -0.100918 -0.087062  0.056651  0.091025 -0.257243  0.043046  0.098211  0.017355 -0.133461  0.172429 -0.128042  0.147350 -0.172468 -0.012925 -0.195191  0.102808  0.052077 -0.211230 -0.166267  0.110192 -0.197050 -0.124718  0.110436  0.138813  0.384874 -0.123019
 0.212598  0.000000  0.120058 -0.145521  0.005202  0.058731 -0.124501 -0.048699 -0.051604 -0.081352  0.063054 -0.210268  0.254463 -0.284754 -0.106520  0.024049  0.067212 -0.015561 -0.130909  0.067054 -0.084025 -0.049940 -0.030183 -0.321985  0.074034 -0.064714  0.086667 -0.232989 -0.164587  0.088113 -0.057359 -0.310644  0.210315  0.061890  0.065583 -0.131194 -0.040757  0.067730 -0.020546  0.393378 -0.212529 -0.172918 -0.157746 -0.070844 -0.005495
-0.212598 -0.000000 -0.069808  0.238530 -0.091267  0.223121 -0.073075  0.046736  0.154001  0.154222 -0.019267 -0.148750 -0.335792 -0.167720 -0.147454  0.171508 -0.052266 -0.045751 -0.142655  0.050923 -0.231994  0.175242 -0.100773  0.065617 -0.018658 -0.384311 -0.102556  0.072000  0.273424  0.146224 -0.108658  0.029028  0.166707  0.101556  0.150029  0.077922 -0.161089  0.075575  0.017022  0.053973 -0.071656 -0.025428  0.048664 -0.237326  0.005876
-0.000000 -0.212598 -0.057288 -0.061437 -0.073389  0.147720  0.064734 -0.442646 -0.122253 -0.240589  0.229850  0.142314 -0.059912 -0.220726 -0.066511  0.054447 -0.056749  0.025742  0.102275  0.122937  0.000060  0.051949 -0.074029 -0.067388 -0.113172  0.120694  0.078910 -0.225429  0.186109  0.013510 -0.028914  0.479900  0.181174 -0.048790 -0.076341 -0.157101  0.002802 -0.029545 -0.146512 -0.042804 -0.086500  0.027251  0.095264  0.037003 -0.116980
 0.212598
