7 41
 0.431773  0.000000 -0.000000 -0.000000  0.000000 -0.000000  0.000000  0.251504 -0.008008  0.432924  0.087397  0.038874  0.039360  0.040417  0.049833 -0.083102 -0.062283 -0.040482 -0.098538  0.137775 -0.371768  0.067955 -0.229410  0.208227 -0.126666 -0.169909  0.039965  0.079564  0.127172 -0.003756  0.126649 -0.266074 -0.079010 -0.155795  0.025862  0.132062 -0.180185 -0.120013  0.065631 -0.081641 -0.075858
 0.000000 -0.431773  0.000000 -0.000000 -0.000000 -0.000000 -0.000000  0.275636  0.259364 -0.031914 -0.292354  0.088005 -0.084737 -0.033656  0.116932  0.205142 -0.105490  0.065416 -0.029524 -0.063848  0.069543  0.110156 -0.056587 -0.141085  0.144201 -0.215576 -0.088754 -0.077904  0.112159 -0.058854  0.175408 -0.273306 -0.051528  0.035408 -0.331247 -0.087366  0.262817  0.002703 -0.010290  0.158791  0.182213
 0.000000  0.431773 -0.000000 -0.000000 -0.000000 -0.000000 -0.000000 -0.002462  0.084294  0.198465  0.175895  0.031469 -0.024554  0.193266  0.099001  0.031965 -0.055242 -0.037489 -0.174322  0.216682  0.061833 -0.195261 -0.004608 -0.087968  0.086670 -0.088710 -0.035495  0.069218  0.134099  0.331895  0.209149  0.090025  0.102318 -0.005112  0.005872  0.045053  0.490914  0.083395 -0.143024  0.084778  0.255517
 0.356573  0.000000  0.000000 -0.000000 -0.000000 -0.075200 -0.000000 -0.106715 -0.127128 -0.143617 -0.063429  0.215924  0.000044 -0.066824 -0.092212  0.211629  0.174975 -0.329727 -0.177089 -0.263780  0.108653  0.006806 -0.204669  0.109401  0.100605  0.142643  0.129674  0.288042  0.018924  0.160133 -0.067625 -0.052771  0.068687  0.229849  0.072447  0.010834 -0.006713 -0.013456  0.251908  0.284205  0.183453
-0.431773  0.000000  0.000000  0.000000  0.000000 -0.000000  0.000000  0.176401 -0.353856  0.277469 -0.200061 -0.056773  0.236629 -0.129549  0.125686  0.115159  0.078495 -0.034591 -0.175320 -0.039407  0.085644  0.052241 -0.056341  0.152628  0.007492  0.190599  0.060938 -0.106808  0.145750 -0.108641  0.325535 -0.081106  0.100880  0.202553  0.199558  0.114568  0.079414  0.090859  0.082734  0.049548 -0.184036
 0.000000  0.000000 -0.431773  0.000000  0.000000 -0.000000 -0.000000  0.027891  0.288916 -0.244876 -0.216818  0.103726  0.078811  0.091882 -0.040383  0.112011 -0.055165  0.171604 -0.091196  0.243562  0.046455 -0.102693 -0.126975  0.014877  0.043416  0.160382  0.335647  0.079331 -0.047135  0.061100  0.197745 -0.072211  0.047359 -0.125211  0.296984 -0.183280 -0.037945 -0.059159  0.131567 -0.306913 -0.024297
 0.000000  0.431773 -0.000000  0.000000 -0.000000 -0.000000 -0.000000 -0.060580  0.125038 -0.145423 -0.070228  0.234073  0.069525 -0.076078  0.096271 -0.153305 -0.140107  0.103959  0.004508 -0.075911  0.171476  0.120468 -0.058525  0.164604 -0.103610  0.047455  0.034101  0.028743  0.114590 -0.444342  0.157551  0.046063 -0.482589 -0.049403 -0.089137  0.113450 -0.008129 -0.025435  0.034088  0.162834  0.149395
 0.431773  0.000000  0.000000  0.000000  0.000000 -0.000000  0.000000 -0.062944  0.071257  0.117300 -0.093812 -0.263620  0.106097  0.263472  0.184527  0.227587  0.033071 -0.086582  0.086827 -0.213974  0.215561  0.209634  0.195996 -0.031210 -0.121599  0.223441  0.093319 -0.028494 -0.055879 -0.127757 -0.011587 -0.055610 -0.094838  0.008534  0.083327  0.051013  0.219493  0.218788 -0.268889 -0.217733 -0.151562
-0.000000 -0.356573 -0.000000  0.000000 -0.000000  0.075200 -0.000000 -0.050162  0.102073 -0.053361  0.272338  0.050340  0.095701 -0.088229 -0.076587 -0.020182 -0.068482  0.149535 -0.095718  0.078858  0.240957 -0.218928  0.072225  0.201024 -0.321744  0.247288 -0.096505  0.102147  0.000409  0.369522  0.139327 -0.063395 -0.305091 -0.006484 -0.114455  0.179348  0.029644  0.049430 -0.031949  0.147173 -0.220604
 0.000000  0.000000 -0.000000  0.000000  0.000000  0.000000 -0.431773  0.116683  0.051139 -0.244036  0.079435 -0.266174  0.159956 -0.042817 -0.046819  0.201683 -0.126293 -0.055736 -0.225466  0.206242 -0.274487  0.414533  0.097792 -0.100404 -0.094619  0.024279  0.006186  0.108078 -0.026154  0.024169  0.117983  0.270305  0.008377 -0.062307  0.005348  0.020098 -0.097977  0.115928 -0.009388  0.270653  0.028476
-0.000000  0.000000  0.000000 -0.356573  0.000000 -0.075200  0.000000  0.203311  0.164031  0.129526  0.055805  0.199651  0.443080 -0.046110 -0.315972 -0.083261  0.207206 -0.001950 -0.032403 -0.169431  0.066393  0.113615 -0.241413 -0.111001  0.052131 -0.054027 -0.118381 -0.065793  0.137648  0.085215 -0.118105  0.260912 -0.121287 -0.045905  0.002118 -0.258185  0.053329  0.130342 -0.117748 -0.114564 -0.104215
 0.000000 -0.000000 -0.000000  0.000000  0.431773 -0.000000 -0.000000 -0.102293  0.105434  0.049588 -0.020915 -0.007040  0.314707  0.189178 -0.032408  0.041269  0.048847 -0.291421 -0.020341  0.189426 -0.135439 -0.293738  0.086365  0.020353 -0.121095  0.278637 -0.187181 -0.068454 -0.055092 -0.292652  0.005116 -0.099876  0.133753 -0.041391 -0.261600 -0.236668  0.016894 -0.125579  0.097973  0.117479  0.033832
-0.000000 -0.000000  0.000000 -0.000000  0.000000  0.000000 -0.431773 -0.014789  0.054965  0.089312 -0.052998  0.410589 -0.125399 -0.253938  0.265263 -0.141902 -0.061269 -0.145582 -0.000880  0.007761  0.067867  0.189513  0.034826  0.132568 -0.070727  0.168000  0.020179 -0.066382 -0.099100  0.066958 -0.178721  0.082911  0.242199 -0.197424 -0.107945 -0.005579  0.283496 -0.178251  0.036235 -0.140137 -0.205823
-0.356573 -0.000000  0.000000  0.000000 -0.000000 -0.075200 -0.000000 -0.090255 -0.002690  0.153605 -0.054509  0.022740  0.047049  0.182290 -0.031088 -0.037654  0.221965  0.015734  0.107771 -0.160909 -0.152150  0.251840  0.226826  0.061282 -0.081901  0.132592  0.178143  0.200644  0.072585  0.236955 -0.144574 -0.317242 -0.150318 -0.396943 -0.013951 -0.083189  0.000983  0.060067  0.054633  0.066002  0.296429
 0.000000  0.000000 -0.000000 -0.000000 -0.431773  0.000000  0.000000 -0.096195  0.071540  0.173463 -0.246926  0.063037 -0.134669  0.101268 -0.238541 -0.285652  0.058030 -0.190667 -0.112732  0.200524 -0.037194  0.099668 -0.060189 -0.187042 -0.022738  0.333467  0.073011 -0.118035 -0.168421  0.038239  0.150956 -0.045744 -0.034078  0.223892 -0.202566  0.005505 -0.161024 -0.055638 -0.281686  0.061832  0.066905
 0.000000  0.000000  0.000000  0.000000  0.356573 -0.075200 -0.000000 -0.195726 -0.099639 -0.197810  0.036355  0.233775  0.163473  0.098344  0.124293 -0.086032  0.008611  0.018675 -0.284003  0.077474  0.085811  0.226452 -0.037103  0.013836  0.181688 -0.110054 -0.089325 -0.243451 -0.072162  0.169508  0.014817 -0.230811  0.065057  0.049176 -0.099936  0.273789 -0.270236  0.220332 -0.198733 -0.226238  0.116916
-0.000000 -0.000000 -0.431773 -0.000000 -0.000000  0.000000 -0.000000  0.113039  0.082562 -0.003746 -0.064632  0.238494  0.081593  0.074495  0.051160 -0.068544  0.282999 -0.135382  0.255114  0.175470 -0.133095 -0.070211  0.267792 -0.011086  0.003612 -0.262206  0.133234 -0.002450 -0.046398 -0.042142 -0.137648  0.018228 -0.044182  0.190904  0.015118  0.287783  0.052415  0.229181 -0.022212  0.295110 -0.224915
 0.000000 -0.000000  0.356573  0.000000 -0.000000  0.075200 -0.000000 -0.001783  0.159800 -0.201728  0.042998  0.211023 -0.246920  0.250148 -0.039183  0.007258  0.053577 -0.070233  0.047782  0.078002 -0.172763  0.081587  0.209956  0.174608  0.064511  0.097423  0.021221 -0.127297  0.548709  0.040483  0.091977  0.005488  0.000035  0.207611  0.102528 -0.183598 -0.051340  0.106179  0.067937 -0.074389 -0.222065
-0.000000  0.000000 -0.000000 -0.431773  0.000000  0.000000 -0.000000  0.205144 -0.221319 -0.047457  0.336850  0.182282 -0.087109  0.150630  0.105978  0.049906 -0.209005  0.014238  0.091561 -0.038113  0.072907 -0.064095  0.014165 -0.466061  0.096323  0.244427  0.245348  0.046991  0.056071 -0.123012  0.044512 -0.138972  0.077205 -0.129381 -0.081640  0.108170 -0.123487 -0.004545  0.046265  0.105347 -0.091821
 0.000000  0.000000 -0.000000 -0.000000 -0.000000  0.431773  0.000000  0.110602  0.218061 -0.114759  0.067286 -0.136897  0.072373 -0.096402  0.030849 -0.414531  0.036318 -0.107511  0.091360 -0.001878  0.137848  0.141313 -0.098231 -0.179803 -0.177970  0.063822 -0.236714  0.160804  0.090172 -0.061453 -0.026902 -0.267217  0.255173  0.091347  0.259585  0.098936  0.049186  0.161342  0.153229 -0.021316  0.152205
-0.000000 -0.000000 -0.356573  0.000000  0.000000  0.075200  0.000000 -0.057803  0.005028  0.169935  0.174122 -0.016942 -0.208681 -0.105989 -0.030828  0.011753  0.177656 -0.110980 -0.284376 -0.117701  0.015660  0.083755  0.353183 -0.152944  0.204739  0.013324 -0.285686  0.188511  0.061157 -0.088768  0.201612  0.085675 -0.185640  0.037224 -0.156048 -0.029036 -0.064126 -0.040696  0.263391 -0.313356 -0.035447
 0.000000 -0.000000 -0.431773  0.000000 -0.000000 -0.000000 -0.000000  0.118268 -0.041335  0.010114  0.041094 -0.259099 -0.121085  0.010478  0.170437 -0.059599 -0.129911 -0.133180 -0.073575 -0.059393  0.070638 -0.031889 -0.136516  0.098695 -0.139204  0.143530  0.081583 -0.418643  0.389932  0.140839 -0.324868  0.121419 -0.060106  0.043518 -0.145064 -0.058440 -0.114375  0.038637  0.061438  0.040061  0.199154
-0.000000  0.000000  0.000000  0.000000  0.000000  0.075200  0.356573 -0.176513  0.059506  0.023452 -0.047974  0.049665  0.289578 -0.006478  0.186203 -0.130826 -0.210730  0.129634 -0.261345 -0.140513 -0.115579  0.172824  0.222935 -0.190596 -0.226850 -0.155670  0.247660  0.109814  0.092131  0.105182 -0.097114  0.075594  0.124045  0.259310 -0.090699 -0.093714  0.041678 -0.330569  0.029697  0.046754 -0.124440
 0.000000  0.000000 -0.000000  0.000000 -0.431773 -0.000000  0.000000  0.290123  0.022602 -0.203136  0.240601  0.162878  0.214100  0.185729  0.253868  0.098127  0.155385  0.095835 -0.056803 -0.192862 -0.182794 -0.103932  0.148200  0.193031 -0.064687  0.088909 -0.203587 -0.188996 -0.238189 -0.033978  0.029052 -0.005860  0.078073  0.103108  0.054295  0.003006 -0.024995 -0.146632  0.009527 -0.096982  0.268841
-0.000000  0.356573  0.000000 -0.000000 -0.000000  0.075200 -0.000000  0.295061  0.035007 -0.089658 -0.005660 -0.139382 -0.068808 -0.028541 -0.044650 -0.110833 -0.123411 -0.101680 -0.186588 -0.154530  0.152774 -0.031216  0.156612  0.162880  0.113205 -0.127172  0.038170 -0.063801 -0.289168  0.162413 -0.013934 -0.326401 -0.012792 -0.033745 -0.094649 -0.381713 -0.110969  0.118377 -0.009433  0.182268 -0.324203
 0.000000  0.000000  0.000000  0.000000 -0.356573 -0.075200 -0.000000 -0.322623  0.003092 -0.067612  0.052723 -0.172954  0.240295  0.268274  0.048584 -0.053173 -0.041341 -0.033088  0.063990  0.122090  0.072747  0.143002 -0.198139 -0.000791  0.280576 -0.069286 -0.126263 -0.157617  0.016720  0.037493 -0.036790 -0.107446 -0.044968 -0.140336 -0.115881  0.098379  0.154704 -0.052645  0.458631  0.080111 -0.277407
-0.000000  0.000000  0.000000  0.000000  0.431773 -0.000000  0.000000  0.191424  0.073545  0.028262  0.028108 -0.102935 -0.171835  0.238153 -0.014788 -0.201657  0.123315  0.153841  0.138191 -0.144919 -0.095339  0.220558 -0.131343 -0.026444  0.115335  0.177406  0.026100 -0.167692 -0.278116  0.187890  0.132273  0.150151 -0.180621  0.211886  0.100161  0.100320  0.148017 -0.302125  0.172741  0.100364 -0.023731
 0.000000 -0.000000  0.431773 -0.000000 -0.000000  0.000000 -0.000000  0.212934  0.202327  0.068425 -0.132071 -0.105140  0.070899 -0.117255  0.188114 -0.012420  0.200391 -0.130608 -0.183964  0.198021  0.139603 -0.203002  0.122583 -0.168017  0.023629 -0.027746  0.297009 -0.080958 -0.106239  0.053057 -0.174231  0.133657 -0.210265 -0.031501 -0.046502  0.173705 -0.110464  0.087365  0.332205 -0.169090  0.104058
 0.000000  0.000000 -0.000000 -0.431773 -0.000000  0.000000  0.000000 -0.043727  0.099892  0.082529 -0.265462 -0.072664  0.089962 -0.014415  0.255369  0.028014 -0.200056 -0.216113  0.286816  0.067084  0.144883 -0.006231  0.184922  0.160672  0.170719 -0.045166 -0.243559  0.122696  0.028233  0.247661  0.123114  0.112817 -0.032217  0.010652  0.156594  0.023701 -0.309676 -0.234957 -0.073888  0.057285  0.092906
-0.000000  0.000000  0.000000  0.431773 -0.000000  0.000000  0.000000 -0.013279 -0.076414  0.113993  0.239825  0.186041  0.145212 -0.180919  0.163322  0.166863 -0.075170 -0.168460  0.235663  0.191683  0.072184  0.126294 -0.033695 -0.309579  0.054702  0.023271 -0.054481 -0.125983 -0.023691  0.108683 -0.024598 -0.127304 -0.312635  0.116690  0.254694 -0.320418 -0.084504 -0.088459 -0.047173  0.035054  0.027983
-0.000000  0.000000 -0.000000 -0.000000 -0.000000  0.431773 -0.000000  0.145214 -0.185474  0.061180 -0.024728  0.025561  0.148849  0.035472 -0.135489  0.078218 -0.234517  0.154682  0.060418  0.225456 -0.063047  0.071985  0.043841  0.237080  0.365160  0.184107  0.051771  0.226277 -0.042108 -0.021891 -0.359859 -0.001230 -0.126167  0.220923 -0.188404  0.019292  0.126877  0.029881 -0.028353 -0.151149  0.101937
 0.000000 -0.000000  0.000000  0.000000  0.000000  0.000000 -0.431773 -0.165907  0.236082  0.340493  0.234063 -0.046360  0.052383  0.083640 -0.042243  0.056008  0.105422  0.327923  0.078066 -0.035360  0.298777 -0.001983  0.043168  0.099818  0.046346 -0.128530  0.208960 -0.017932  0.034179 -0.111028  0.018274 -0.076216  0.212753  0.282962 -0.071707 -0.103802 -0.249434 -0.046534  0.064929  0.098951  0.117305
 0.000000  0.000000  0.000000 -0.000000 -0.000000 -0.431773  0.000000  0.183528 -0.236354 -0.031270 -0.029690  0.053740 -0.004122  0.161070 -0.102537 -0.126320 -0.219448 -0.050055  0.218641  0.159277  0.167010  0.134615  0.062717  0.050688 -0.339446 -0.111963 -0.049077  0.174690 -0.092959  0.051297  0.077937  0.042397  0.045274  0.247881 -0.168551 -0.133855  0.049115  0.192415  0.286788 -0.254828  0.119271
 0.431773 -0.000000 -0.000000 -0.000000  0.000000 -0.000000 -0.000000  0.001435 -0.314339 -0.027299 -0.186278  0.008435  0.129990 -0.227711 -0.058196 -0.235194  0.146513  0.377766  0.071639  0.121747  0.026471 -0.022990  0.333416 -0.064128  0.105037  0.128766 -0.032318 -0.230055  0.118773  0.086315  0.146925  0.022169  0.093866 -0.167812  0.019018 -0.146154  0.046462  0.052802  0.123075  0.168723  0.136683
-0.000000  0.000000 -0.000000 -0.000000  0.000000 -0.000000  0.431773  0.075115  0.081823 -0.078521  0.286910 -0.110838 -0.030381 -0.207078  0.153977  0.047323  0.313281 -0.074081  0.173960  0.239691  0.142605  0.300313 -0.105726  0.238310  0.081901  0.067149  0.185772  0.079755 -0.022050 -0.041026  0.180142  0.123699  0.215915 -0.103705 -0.284687 -0.086028 -0.035260 -0.024311 -0.104053  0.019018  0.004260
 0.000000 -0.000000  0.000000 -0.431773 -0.000000  0.000000  0.000000 -0.268352  0.067104 -0.019732  0.183568 -0.095427 -0.023008 -0.377525 -0.131262  0.064780 -0.098546 -0.133302  0.082995  0.013600 -0.275184  0.016001  0.076606  0.102184 -0.052941 -0.061144  0.199489 -0.291867 -0.154189 -0.014579  0.098735 -0.234209 -0.126248  0.200279  0.074124 -0.034523  0.258308  0.091394  0.090511 -0.118516  0.149576
 0.000000 -0.000000  0.000000  0.000000 -0.000000 -0.431773  0.000000 -0.048273  0.198679  0.031299  0.016290 -0.111527 -0.000649 -0.184331  0.373838 -0.198516 -0.035973  0.220576 -0.018304 -0.038598 -0.286998 -0.119075 -0.117944 -0.029875  0.236852  0.287133 -0.107225  0.265280  0.014130 -0.012049 -0.118287 -0.060703 -0.020116  0.191698 -0.010811 -0.097934 -0.012534  0.290933 -0.051804  0.044806 -0.083871
 0.000000  0.000000  0.000000  0.356573 -0.000000 -0.075200  0.000000  0.089903  0.190780  0.010068  0.074127 -0.008441  0.242837 -0.119236 -0.235131 -0.112520 -0.316429 -0.203828  0.240907 -0.349990 -0.090512 -0.105095  0.133223  0.017807  0.245146  0.085039  0.191318 -0.061189  0.081712  0.086895  0.234216  0.099791  0.158885 -0.088455 -0.125772  0.247686 -0.056076  0.058114  0.015525 -0.103592  0.044336
-0.000000  0.431773 -0.000000 -0.000000  0.000000 -0.000000 -0.000000  0.053582  0.105416 -0.054981 -0.168441 -0.020857  0.006149 -0.200136 -0.104715  0.401344  0.135221  0.206408  0.215334 -0.011878 -0.090942  0.029930 -0.063144 -0.186221 -0.198053  0.134920 -0.198579 -0.038820  0.102614  0.224630 -0.064724 -0.192195  0.087354  0.112437 -0.264338  0.217475 -0.103845 -0.112195  0.080052 -0.117804 -0.137144
 0.000000  0.000000  0.000000 -0.000000  0.000000 -0.075200  0.356573  0.008042  0.255768  0.296576  0.015994  0.203284 -0.147515 -0.000832 -0.159293  0.213730 -0.268084  0.113376 -0.128855  0.066590  0.054492  0.192564  0.117947  0.061843 -0.016420  0.151553 -0.187656 -0.177613 -0.175714 -0.079602 -0.172437  0.110037  0.175547 -0.105603  0.224361  0.089773 -0.076377  0.228192  0.207431  0.208079  0.046577
 0.000000 -0.000000  0.000000 -0.000000 -0.000000  0.431773  0.000000 -0.194210 -0.066291  0.111448 -0.111475  0.147471 -0.029465  0.089047  0.261727  0.062951 -0.029652  0.050707  0.147932 -0.176410 -0.190542 -0.068673 -0.213011 -0.043883 -0.128164 -0.037357  0.037811 -0.021367 -0.184981  0.141362  0.239758  0.247617 -0.011357 -0.040261 -0.198867 -0.195393 -0.147366  0.418956  0.171415 -0.001757 -0.004022
 0.431773
