4 24
 0.408248 -0.000000  0.000000  0.000000  0.102508 -0.334093 -0.044378 -0.272482 -0.346755  0.147759  0.279702  0.201993 -0.126595 -0.173790 -0.244106  0.166402  0.173380 -0.225564 -0.096541  0.059517  0.152322  0.166502  0.246367  0.186960
 0.408248 -0.000000 -0.000000 -0.000000  0.046750 -0.058912  0.103769  0.299817 -0.051049 -0.399437  0.128706  0.123815  0.021775  0.274186  0.090293  0.015508  0.358027  0.070382  0.333336  0.277978  0.044250 -0.292248 -0.025147 -0.198497
 0.000000  0.000000  0.408248 -0.000000  0.081601 -0.180824  0.228293 -0.217952  0.056270  0.313260  0.125639 -0.112880  0.128853  0.442132  0.183650 -0.149709 -0.162357  0.042440  0.423743 -0.125272  0.159207  0.123312  0.179170  0.015543
-0.000000  0.000000  0.408248  0.000000  0.172444 -0.012242  0.083902  0.095665  0.240430  0.035125 -0.142247 -0.212779 -0.356698 -0.081910 -0.368647 -0.295545  0.195056 -0.221967 -0.209989 -0.060168  0.222121 -0.237799  0.077869 -0.241938
 0.000000 -0.000000  0.000000 -0.408248 -0.005889 -0.083500  0.253717  0.129375 -0.046302 -0.057028 -0.420773 -0.123388  0.201546 -0.038119 -0.201930 -0.131738 -0.108674 -0.057299  0.055886  0.466633  0.001664  0.054342  0.163433  0.426277
 0.408248  0.000000  0.000000 -0.000000 -0.011920  0.371252 -0.064725 -0.314749  0.037049  0.233275 -0.243995 -0.173963  0.307428  0.147493  0.004527 -0.020281  0.325460 -0.256529 -0.047039 -0.133523 -0.274743 -0.137125 -0.181832  0.103442
-0.000000 -0.408248  0.000000 -0.000000 -0.081357 -0.188772 -0.011759  0.200840 -0.151225 -0.211866  0.061576 -0.419235  0.211740  0.381882 -0.015034  0.176508  0.009598 -0.129996 -0.424670 -0.119025  0.010373  0.221605  0.093056 -0.108957
 0.000000 -0.408248  0.000000  0.000000 -0.168925  0.182253 -0.087188  0.063474 -0.240731  0.072021 -0.061181  0.312298  0.120557  0.016423 -0.191987 -0.148984 -0.222662  0.053300  0.060863 -0.211459 -0.106197 -0.427589  0.471698 -0.065057
 0.000000 -0.000000 -0.408248  0.000000 -0.134845 -0.198139 -0.194067  0.150375  0.309271  0.221060  0.031908  0.199649 -0.221577  0.503383 -0.306998 -0.230754  0.061014 -0.006972 -0.007103 -0.061074 -0.026499  0.047358 -0.117844  0.236334
-0.000000 -0.000000 -0.408248  0.000000 -0.062021 -0.072931 -0.003211 -0.066833 -0.009949 -0.260060  0.050676 -0.462386 -0.151835 -0.214153  0.129515 -0.213811  0.056088 -0.221345  0.370691 -0.348405  0.093205 -0.086396  0.208566  0.183299
-0.000000 -0.000000  0.000000  0.408248 -0.221700  0.026161 -0.084424  0.120192  0.003890  0.128355 -0.136663 -0.160098  0.308743 -0.118564 -0.357247  0.254339  0.081415  0.221413  0.206043 -0.022993  0.523467 -0.045747 -0.124320  0.096089
 0.000000  0.000000 -0.408248 -0.000000  0.107010 -0.109255  0.497576 -0.059421  0.381453  0.131473 -0.073611  0.190498  0.238423 -0.060958  0.027892  0.239124 -0.048042 -0.251990 -0.076118 -0.039292  0.133870 -0.071143  0.164889 -0.335406
 0.408248  0.000000 -0.000000  0.000000 -0.084223 -0.504511 -0.147751  0.224571  0.075281  0.274274 -0.171062 -0.100814  0.126199 -0.282121  0.294625 -0.236977 -0.137259  0.237697 -0.144155 -0.070660 -0.083758 -0.117275 -0.074749 -0.114793
 0.000000 -0.408248  0.000000 -0.000000  0.116813 -0.283799 -0.244324 -0.535447  0.214385 -0.235172 -0.230871 -0.046254 -0.131870  0.026148 -0.097564  0.195163 -0.179039  0.080267  0.161945  0.191608 -0.048993 -0.163924 -0.175435 -0.094204
 0.408248  0.000000  0.000000  0.000000  0.198173  0.152777  0.342521 -0.014993  0.082165 -0.284178 -0.037198  0.030867 -0.082547 -0.016660 -0.301313 -0.022211 -0.250674  0.405701 -0.035108 -0.386963 -0.096582  0.249561 -0.087507  0.085352
-0.000000 -0.000000  0.000000 -0.408248 -0.035812 -0.058309  0.059212  0.091101 -0.380703  0.045144 -0.236501  0.160709 -0.140395  0.095217  0.062647  0.139477 -0.149657 -0.234113  0.082680 -0.323468  0.318061 -0.121553 -0.475858 -0.070032
 0.000000  0.408248 -0.000000 -0.000000 -0.257868 -0.084053  0.105376 -0.195931 -0.059516 -0.043044 -0.238975 -0.104442 -0.276150  0.254592  0.139150  0.327826  0.059626  0.289407 -0.262806 -0.075480  0.021178 -0.319057  0.302438  0.114755
-0.000000 -0.000000  0.408248 -0.000000 -0.343901 -0.187258 -0.011897  0.146408  0.384075 -0.255912  0.025581  0.253420  0.092857 -0.131951  0.035407  0.239812  0.036361 -0.300780  0.073716 -0.263331 -0.180751  0.004306 -0.001427  0.310622
-0.000000 -0.408248 -0.000000  0.000000  0.287602  0.127447  0.015721  0.285378  0.084044  0.291115 -0.242319  0.008498 -0.342480 -0.067037  0.254862  0.335701  0.284044  0.132647  0.140389 -0.062519 -0.026468  0.146861  0.152002  0.188101
 0.000000  0.000000 -0.000000  0.408248  0.412927  0.006616 -0.060998 -0.015812 -0.017683 -0.229352 -0.171146  0.234787  0.116970  0.123174  0.306765 -0.214478 -0.118070 -0.142263 -0.264752 -0.022993  0.306622 -0.131352 -0.007451  0.369313
 0.000000 -0.408248  0.000000  0.000000 -0.412002  0.078818  0.432925 -0.210177  0.034012  0.040858  0.233819  0.040250 -0.134096 -0.102823  0.188872 -0.230562  0.167685  0.153189 -0.201333  0.125915  0.192463 -0.096009 -0.238882  0.194871
-0.000000 -0.000000  0.000000  0.408248 -0.308359 -0.082890  0.146999 -0.064090 -0.228583 -0.091066 -0.486239  0.172443 -0.176376  0.030469  0.028638 -0.202207  0.096434 -0.149962  0.124480  0.046678 -0.132490  0.411265  0.043782 -0.259109
 0.000000  0.000000 -0.000000 -0.408248 -0.075430  0.091695 -0.311352 -0.180185  0.184630 -0.180179 -0.136773  0.209811  0.188186 -0.022019  0.117439 -0.170085  0.318110  0.220599 -0.072795 -0.142473  0.377873  0.301377  0.224436 -0.149952
-0.408248 -0.000000  0.000000  0.000000  0.251288 -0.373487  0.189436 -0.077836 -0.203309 -0.028307 -0.043847  0.081897  0.246260 -0.050891 -0.155974 -0.097559  0.468934  0.231687  0.010493 -0.253652 -0.258511 -0.130584 -0.122868  0.062464
 0.408248
