4 43
-0.312235  0.000000 -0.000000  0.000000 -0.155827  0.008812  0.094524 -0.161170  0.024970  0.223233 -0.341434 -0.255912  0.140736  0.111845 -0.139891  0.125689 -0.204246 -0.097262 -0.133289 -0.002707  0.022464 -0.045444  0.223357 -0.033911 -0.277558 -0.088028  0.011997  0.106609  0.161260 -0.114170  0.064752  0.164062 -0.181329  0.328714  0.017442  0.244044 -0.059260 -0.012533  0.032326  0.130398 -0.176159 -0.016883  0.014075
 0.000000  0.312235 -0.000000  0.000000  0.047605  0.225549 -0.092891  0.070849 -0.006961  0.121044 -0.216626  0.130959  0.061218  0.167198  0.035832  0.013308  0.169188  0.214734 -0.179570 -0.110145  0.011684 -0.211783  0.254318  0.191771 -0.043664 -0.020227  0.130991  0.066861 -0.062369  0.000997 -0.266837  0.101985  0.033108 -0.347572  0.309639  0.075408 -0.225400 -0.105331 -0.010326 -0.119639  0.022469  0.175011 -0.133672
 0.000000  0.312235  0.000000  0.000000 -0.293263 -0.026284 -0.091980  0.059156  0.043833 -0.104471  0.086827 -0.049761 -0.070060  0.062950 -0.060668  0.223524 -0.114530 -0.206649 -0.043380  0.176345 -0.069573  0.006245  0.218169  0.075748  0.318086 -0.046412  0.021285 -0.037813 -0.079376  0.023955  0.210216  0.376725  0.096242 -0.042071 -0.170061 -0.094223 -0.002774 -0.090698 -0.290931  0.151882  0.227023  0.194748  0.137954
-0.312235  0.000000 -0.000000 -0.000000  0.336878  0.216759  0.032451 -0.083477  0.170330  0.066423  0.027211  0.131740  0.241310  0.178563 -0.052149 -0.022552  0.195404  0.242317  0.015712  0.244857  0.073795  0.124360 -0.184892  0.172012  0.184209 -0.029594 -0.125728  0.020057  0.257074  0.163789 -0.051694  0.022109 -0.078466  0.149139 -0.082061  0.070454  0.154313 -0.169456 -0.200530  0.062550  0.177177  0.035999  0.175602
-0.000000 -0.000000 -0.000000  0.312235 -0.030917  0.255305 -0.088317 -0.099372  0.031709  0.086315  0.101247  0.150404 -0.142805 -0.118414  0.304899  0.069203 -0.359344 -0.014831 -0.039365  0.050662  0.220251  0.296852  0.091276  0.098833  0.035239 -0.121414 -0.063066  0.104779  0.037536  0.190883  0.044427 -0.063454 -0.209612 -0.166438 -0.088338  0.057626  0.017186 -0.089776  0.353587  0.163847 -0.026456  0.156978 -0.117865
 0.000000  0.000000 -0.312235 -0.000000 -0.134320  0.018623  0.201849  0.106502  0.198379 -0.554753 -0.005196  0.173240  0.206424 -0.118982  0.094318  0.046447  0.020966  0.027510 -0.104003 -0.065044  0.318391 -0.033193  0.094136 -0.146162 -0.032433 -0.200289  0.299490  0.131041  0.078004 -0.092604 -0.150690 -0.017115 -0.032933  0.018201 -0.075669  0.077341  0.099735 -0.060110 -0.091725  0.026301 -0.036649 -0.122917  0.013829
 0.000000  0.000000 -0.000000 -0.312235  0.103520  0.022159 -0.057749 -0.048086 -0.129961 -0.089629 -0.018620  0.048358 -0.074975 -0.043803  0.127217 -0.226180  0.331707 -0.184276  0.252459 -0.091998 -0.109354  0.284076  0.268127 -0.247263 -0.085421 -0.077301 -0.097200  0.027582  0.101948 -0.084136 -0.082570  0.093721 -0.083185 -0.084608 -0.140398  0.315221 -0.169332  0.009015  0.097735  0.183098  0.176554  0.174679  0.134407
-0.000000 -0.312235  0.000000  0.000000 -0.164666  0.126536  0.081972 -0.161377  0.192053  0.045402  0.020039  0.121628 -0.084657  0.049069  0.012936  0.160864  0.201531 -0.232545 -0.090511  0.171651 -0.060708 -0.044731 -0.079200  0.024901 -0.145402 -0.153677 -0.189168 -0.073379 -0.361352 -0.033935 -0.019997 -0.047113 -0.071913 -0.275212  0.322655  0.123359  0.130919 -0.049547 -0.154537  0.259467 -0.055807 -0.142708  0.192729
-0.312235  0.000000  0.000000  0.000000  0.157844  0.285193  0.040670 -0.158793  0.201114 -0.174278  0.199805 -0.251105  0.193425 -0.338819 -0.154750 -0.053898 -0.075675 -0.233098  0.012368 -0.155621 -0.133807 -0.030724  0.058551 -0.189294  0.020790  0.117152 -0.112375  0.108277 -0.029695  0.136399 -0.046652  0.073739  0.189374 -0.047814  0.268604 -0.213645 -0.038156 -0.030508  0.058582 -0.003830  0.062363  0.115342 -0.171505
 0.312235 -0.000000  0.000000  0.000000  0.276754  0.165964 -0.139196  0.033438  0.119720 -0.005307 -0.150478 -0.187531  0.077998  0.018689  0.120113  0.137329 -0.042241 -0.068359  0.215278 -0.022206  0.114639 -0.144528 -0.041622 -0.108829 -0.109573 -0.141054  0.209073 -0.206415 -0.011820  0.282205  0.178649 -0.049770  0.076597  0.115797  0.038506 -0.106689 -0.349220 -0.246856 -0.007028  0.132851 -0.086243 -0.068303  0.296406
 0.247569  0.000000  0.064666 -0.000000  0.312056  0.333007 -0.207627  0.062960 -0.005568  0.021232  0.006803 -0.224365 -0.036865  0.037106  0.071151  0.085587  0.070825 -0.195033 -0.315519  0.151279 -0.076039  0.087486  0.018511 -0.187590 -0.050595  0.112768  0.131276  0.106927 -0.096747 -0.101889 -0.085449  0.061933 -0.234424  0.001043 -0.259456  0.046875  0.205284  0.098955 -0.255469 -0.140912 -0.092588 -0.091992 -0.212954
-0.000000  0.000000 -0.064666 -0.247569  0.042083 -0.149474 -0.147946  0.003934  0.034749  0.078033  0.231691  0.212594  0.175157  0.039266 -0.146416  0.152184 -0.076318 -0.121887  0.066118  0.056867  0.113848 -0.248134  0.169309 -0.107922  0.019794  0.196995 -0.072780  0.100866  0.233160  0.122104  0.142635 -0.281097 -0.244820 -0.228171 -0.009284 -0.004080 -0.009957  0.120856 -0.141562  0.002685 -0.350503  0.254894  0.066381
-0.000000  0.312235 -0.000000 -0.000000 -0.170619  0.225523  0.076973  0.047491 -0.068770 -0.026776  0.268319 -0.100806  0.322448 -0.004700  0.113582 -0.193381  0.155973  0.131784  0.221427  0.109087 -0.152667  0.001775 -0.127372  0.208576 -0.114895  0.002635  0.051093  0.161918 -0.258814 -0.199966  0.287637 -0.087883 -0.092759  0.058208 -0.079450  0.031530 -0.097319 -0.012250  0.021421  0.193341 -0.261757 -0.035594 -0.103876
-0.000000 -0.000000  0.312235 -0.000000  0.118077 -0.012544  0.200846 -0.012022  0.129875 -0.002423  0.078377  0.170136  0.228321  0.043507  0.329869  0.031703  0.068127 -0.068047 -0.357184 -0.165336 -0.213778 -0.203217  0.267691  0.041880  0.020438  0.050927 -0.020121 -0.286822  0.118902 -0.044007  0.234081 -0.078276  0.179378  0.013949 -0.164970  0.036539  0.126454  0.057034  0.207194  0.087255  0.050359 -0.103940  0.028230
-0.000000  0.000000  0.064666 -0.247569 -0.063266  0.065258  0.145682  0.156788  0.051480  0.064070  0.064098 -0.009722  0.025412 -0.222878 -0.007928  0.134757  0.041979 -0.095868 -0.137430 -0.057714  0.329924  0.142618 -0.209196  0.091098  0.038606  0.416355 -0.017741 -0.192240 -0.097494 -0.173306  0.106872  0.168294 -0.105629  0.023436  0.055704  0.231049 -0.101090 -0.311782  0.152100 -0.269262 -0.017936  0.089684  0.124571
-0.000000 -0.312235  0.000000 -0.000000 -0.288193  0.322179 -0.153254 -0.233948 -0.383381 -0.080807 -0.177496  0.269898  0.077209 -0.155517  0.037921 -0.055708  0.065768 -0.003989 -0.015942  0.098239 -0.148268 -0.019502  0.011836  0.029937  0.048992  0.153949  0.203242 -0.136571  0.081012  0.081394 -0.043035  0.017640  0.209074  0.182609 -0.052476 -0.058681  0.052735 -0.109126 -0.097716 -0.046984 -0.221655  0.216636  0.008263
 0.000000  0.000000 -0.312235 -0.000000 -0.000697  0.177053 -0.007245 -0.165081 -0.104632 -0.025724  0.210681  0.100739 -0.121993  0.202206  0.027711  0.144179  0.073138 -0.186057 -0.116535 -0.049037 -0.068420  0.055527 -0.062288  0.190972 -0.308908  0.018555  0.117109  0.227157  0.203985 -0.062134  0.272926 -0.025942  0.042153  0.050019  0.092907 -0.130779 -0.132453  0.185980  0.092604 -0.298243  0.289324 -0.062830  0.217436
-0.000000  0.000000 -0.312235  0.000000  0.151676 -0.097069 -0.195829 -0.249746 -0.022208 -0.142611 -0.094865  0.138042  0.108339  0.163979 -0.017008 -0.285396 -0.217777  0.095469 -0.196663 -0.159344  0.027384  0.024379 -0.094297 -0.090268 -0.158376 -0.008469 -0.330878 -0.230357 -0.134023 -0.191587  0.213463  0.174350 -0.044642 -0.143625 -0.135321 -0.134772 -0.080308 -0.222566 -0.125690 -0.001127 -0.048561  0.025232 -0.094381
-0.312235  0.000000  0.000000 -0.000000  0.090232 -0.005347 -0.327046 -0.075118  0.095438  0.074365  0.194948  0.107951  0.027009 -0.108357  0.021162  0.002783 -0.132995 -0.024446  0.111345 -0.021927  0.134239 -0.152978  0.020453  0.153668 -0.141624  0.048395  0.269917 -0.326449 -0.290185 -0.175660 -0.294534  0.009090 -0.094416  0.123102 -0.157312 -0.005189 -0.071461  0.318111  0.004599  0.085851  0.160469  0.020280  0.124412
-0.000000  0.000000 -0.000000 -0.312235  0.105942 -0.184248  0.150464 -0.233555  0.256939  0.060965 -0.161886  0.045678 -0.180812 -0.216507  0.228679 -0.158376 -0.072023 -0.063196 -0.020774  0.088430 -0.011329  0.225783  0.169073  0.346011  0.023457  0.023692  0.165456  0.055137 -0.044474  0.042324  0.103244 -0.186341 -0.005753  0.099726  0.082932 -0.109079 -0.151756 -0.012526 -0.351288 -0.042081 -0.021022 -0.024213 -0.222498
 0.000000 -0.000000  0.312235 -0.000000  0.037685  0.092767  0.017769 -0.088960 -0.129706 -0.196179 -0.002194 -0.011489  0.042812 -0.147949 -0.025384  0.034057 -0.051543  0.001530  0.035975  0.035476  0.100864 -0.098550 -0.180855  0.017672  0.080969 -0.514897 -0.083674 -0.209806  0.103667 -0.074748  0.233366  0.041431 -0.132805 -0.037791  0.147086  0.226490 -0.116409  0.283806 -0.149974 -0.307816  0.033909  0.160130 -0.140814
 0.000000 -0.000000 -0.312235  0.000000  0.129816  0.133102  0.036020  0.341227 -0.109793  0.039666 -0.260887 -0.062640  0.093114  0.002760 -0.117792 -0.008766 -0.016102 -0.234342  0.160262  0.155323  0.194024  0.052817  0.073839  0.208012 -0.103306  0.056853 -0.064617 -0.265875  0.068998 -0.061365  0.169858 -0.151084  0.277259 -0.106319  0.051559  0.083262  0.244052  0.172080  0.027267  0.163428  0.117753  0.069000 -0.256575
 0.000000 -0.000000 -0.000000 -0.312235 -0.064153  0.234140  0.265241  0.087766 -0.124382 -0.059584  0.023192  0.003877 -0.054444  0.084597 -0.088613  0.072209 -0.180578  0.185353 -0.122355 -0.223787 -0.055587  0.192877 -0.169345  0.043617 -0.026787  0.100316  0.027274 -0.171324  0.095821  0.286876 -0.081115  0.199117 -0.090431 -0.168536 -0.052394 -0.079354 -0.158907  0.357893 -0.105332  0.301275 -0.098477 -0.175388 -0.000802
 0.000000 -0.247569  0.064666 -0.000000 -0.008573  0.098049  0.204990  0.209147  0.109788  0.239927  0.055352  0.136099  0.097344  0.223456  0.131489 -0.221928 -0.372392  0.074191  0.148190  0.046803 -0.111667  0.022860 -0.051744 -0.346414  0.008161  0.053017  0.316853  0.077644 -0.039165 -0.188996  0.129028  0.068445  0.015586 -0.079536  0.176631  0.037703  0.022898 -0.015468 -0.157202 -0.033830  0.215614  0.193928  0.011118
-0.000000 -0.000000  0.000000 -0.312235  0.221994  0.263971  0.155742 -0.012283 -0.118546 -0.127698  0.010249  0.152884 -0.188217  0.188928 -0.159255  0.051623 -0.301267 -0.042747  0.230471 -0.092783 -0.065863 -0.156725  0.231423  0.146426  0.205279 -0.138771 -0.114689  0.100671 -0.273256 -0.081952 -0.052202 -0.036503  0.007844  0.157218 -0.055952  0.043437  0.184423 -0.142905  0.156515 -0.170503 -0.119859 -0.140234  0.077365
-0.000000 -0.000000 -0.312235 -0.000000 -0.161779  0.140343  0.102730  0.154376  0.125603  0.099834 -0.079582  0.001697 -0.143035 -0.195260  0.358542  0.015244  0.072285  0.119124  0.174412 -0.058885 -0.140050 -0.388579  0.024386 -0.065875 -0.075534  0.081980 -0.314007 -0.078048 -0.004200  0.217004  0.013625  0.123789 -0.283784  0.187591 -0.067116  0.000825  0.076867  0.068042 -0.107307 -0.154073  0.139607  0.052476 -0.077212
-0.000000 -0.312235  0.000000 -0.000000  0.144484  0.003211  0.061795  0.007899 -0.116265 -0.095537 -0.020956 -0.148195  0.009894 -0.061329  0.032151  0.243696  0.166598  0.441805 -0.007191  0.171152  0.171162  0.085822  0.371104 -0.051341  0.066774  0.067186 -0.081885  0.027025 -0.134777 -0.243239  0.182940  0.095206 -0.106779  0.031509  0.110466 -0.344199 -0.074072  0.160966  0.089709  0.076175  0.024718  0.107246  0.049080
-0.000000 -0.247569 -0.064666  0.000000 -0.154352  0.054830  0.131888  0.035874  0.078190 -0.007514 -0.028771 -0.229176  0.036810  0.333850 -0.100346 -0.187062  0.192272 -0.193831 -0.180586 -0.238114  0.110695 -0.048982 -0.050495  0.116594  0.245486 -0.113585  0.055680 -0.039566 -0.184492  0.115423 -0.033130 -0.257232 -0.205965  0.102078 -0.184527 -0.140875 -0.135253  0.015785  0.094065  0.007459  0.088663  0.369140 -0.078828
-0.312235 -0.000000  0.000000 -0.000000  0.110291 -0.184092 -0.000113  0.424176 -0.251410  0.001432 -0.042742  0.119171  0.158497 -0.026113  0.183686  0.114093  0.018975 -0.253831 -0.028651 -0.005854 -0.238309  0.217270 -0.030890  0.054210 -0.075989 -0.237953  0.028702 -0.081463 -0.032978  0.043376 -0.091160  0.056558 -0.251048  0.001285  0.111315 -0.350931  0.006465 -0.168677 -0.002710 -0.118647 -0.152513 -0.003663  0.049382
 0.000000 -0.312235 -0.000000 -0.000000 -0.076718  0.009589 -0.123150  0.274064  0.227009 -0.064815 -0.055751  0.123468  0.204834 -0.042731 -0.143400  0.051431 -0.109380  0.028265 -0.052554  0.266131 -0.201613  0.055969  0.067771  0.098377 -0.031782 -0.017903 -0.203109  0.155517 -0.095450  0.094251 -0.045036  0.002174  0.167055 -0.047572 -0.281822  0.163720 -0.471933  0.067927  0.079932 -0.189012  0.041451 -0.141632 -0.079706
 0.247569 -0.000000 -0.064666  0.000000  0.089491  0.024460 -0.035946 -0.069255  0.093388  0.173531 -0.290195  0.294939  0.169503 -0.299490 -0.223744  0.131973  0.045189 -0.109635  0.042950 -0.187244 -0.168949 -0.081908 -0.208532  0.066564  0.259856 -0.043570  0.078891  0.177368  0.070485 -0.263916  0.062162  0.093081 -0.246486  0.012573 -0.018610 -0.141126 -0.022557  0.059034  0.149833  0.234200  0.166475 -0.045313 -0.057130
 0.000000  0.312235 -0.000000  0.000000  0.006447  0.060782  0.227016 -0.043639 -0.105251  0.298210 -0.114132  0.287121  0.091851 -0.118119 -0.067322 -0.065363  0.076133 -0.065937 -0.168520  0.108003  0.269663  0.100152  0.012455 -0.356848 -0.038335 -0.113256 -0.140316  0.085755 -0.324792  0.153899  0.009366 -0.094358  0.191705  0.162344 -0.103542 -0.150837 -0.063940  0.217667 -0.027313 -0.098389 -0.001469  0.034392  0.138031
 0.000000  0.000000  0.000000  0.312235  0.180276 -0.080807 -0.009839  0.130490  0.056349 -0.167005  0.125101  0.338610 -0.209966  0.136731 -0.198948 -0.081056  0.161292 -0.080683 -0.018744 -0.044104 -0.014420  0.043090  0.100468 -0.042925  0.033558  0.177336  0.085100 -0.058390 -0.106503  0.188586  0.196019  0.202569 -0.118785  0.361897  0.259574  0.194923 -0.130650  0.071367 -0.009498  0.126050 -0.135125 -0.010834 -0.225094
 0.000000  0.000000 -0.312235 -0.000000  0.228509 -0.125093  0.336426 -0.151689 -0.091916  0.124931  0.234158 -0.022865 -0.129625  0.007712  0.078706  0.297581  0.020336 -0.013893 -0.060076  0.221485 -0.157606 -0.132041 -0.179131 -0.078659  0.064146 -0.128820  0.073641 -0.108636  0.044020 -0.146954 -0.202185  0.063265  0.185242  0.018113 -0.123328  0.109229 -0.224410 -0.094591  0.075107  0.110125 -0.143558  0.237649 -0.226530
-0.312235 -0.000000 -0.000000 -0.000000  0.026193  0.171860 -0.216090  0.263324  0.172403  0.010655 -0.117527  0.019987 -0.382922 -0.020869  0.171700  0.012196  0.062665  0.028868 -0.104522 -0.213914  0.040627 -0.034603 -0.184434 -0.071253  0.177391 -0.052931 -0.099360  0.167010  0.105935 -0.297567  0.133133 -0.111337  0.269769  0.036027 -0.038253 -0.014474 -0.107713  0.098292 -0.104017  0.125102 -0.290674  0.061799  0.135688
-0.000000 -0.312235  0.000000 -0.000000  0.104444 -0.097162 -0.015354  0.052944 -0.205611  0.299486  0.237476 -0.025486  0.091808 -0.124047  0.057122 -0.097909  0.105063 -0.064742  0.021842 -0.272194  0.299305 -0.160457  0.067124  0.199595 -0.018504 -0.178791  0.038594  0.273938 -0.037448  0.138749  0.089472  0.378250  0.181808 -0.078299 -0.135977  0.059484  0.062003 -0.061084 -0.174475  0.048459 -0.043700 -0.117437 -0.078242
-0.000000  0.000000 -0.000000 -0.312235  0.136457 -0.191185 -0.159927  0.077541 -0.023293 -0.192323 -0.122809 -0.039753 -0.017830 -0.083181  0.061143 -0.033123 -0.087112  0.139516 -0.265985  0.137947 -0.110245 -0.131021 -0.237654  0.059461 -0.168171 -0.044735  0.106201  0.255182 -0.223782  0.253466  0.130170  0.089100  0.057046  0.070594  0.074290  0.136805  0.237446  0.071526  0.236735  0.148538  0.076337  0.334894  0.085867
-0.312235 -0.000000 -0.000000  0.000000  0.043666  0.007394  0.105283 -0.080861 -0.100638 -0.055018 -0.181079 -0.032103 -0.187830 -0.007868  0.005273 -0.293430  0.087421 -0.135363 -0.000863  0.368823  0.096307 -0.303772 -0.049363 -0.094647  0.174208  0.099130  0.222602  0.006349  0.038352  0.076229  0.177934  0.122740 -0.160654 -0.317693 -0.123318 -0.089087 -0.113523  0.000013  0.223728 -0.031575 -0.013877 -0.285899  0.002851
 0.000000  0.000000 -0.312235  0.000000  0.023382 -0.076469 -0.161312 -0.057360 -0.257596  0.040988  0.023103 -0.157225  0.250500  0.009990  0.272704 -0.036718 -0.130744 -0.037735 -0.158439 -0.014723 -0.037395  0.043910  0.031629 -0.042278  0.504862  0.078101 -0.050629  0.018880 -0.094026  0.037076 -0.027215 -0.119849 -0.016164  0.087109  0.307877  0.286646 -0.111273  0.154549 -0.025860  0.016378  0.044110 -0.233172  0.132096
-0.312235 -0.000000  0.000000 -0.000000 -0.014139 -0.051182 -0.062004 -0.099633 -0.122857  0.002307 -0.114359  0.028698 -0.007058  0.022264 -0.035909  0.424949  0.098197  0.162886  0.127060 -0.264379 -0.074926  0.085785 -0.045069 -0.195575 -0.005079  0.057642  0.179958  0.018611 -0.242406  0.159764  0.268406 -0.263821  0.002057 -0.146167 -0.178387  0.177409  0.024998 -0.156829 -0.102764 -0.043031  0.205556 -0.104145 -0.248248
-0.000000  0.000000 -0.000000 -0.312235 -0.166538  0.120234 -0.210945  0.167050 -0.105259  0.144433  0.277372  0.046449 -0.134600 -0.099062 -0.163282 -0.091783  0.000132  0.111655 -0.265159  0.131633  0.062916 -0.105991  0.070851 -0.146569 -0.037817 -0.219311 -0.004757 -0.105789  0.149124 -0.036972  0.032225 -0.199285 -0.060426  0.197977  0.128711 -0.085455 -0.068403 -0.281123  0.040582  0.192316  0.244677 -0.200685 -0.240354
-0.000000 -0.000000 -0.312235 -0.000000 -0.026359  0.027059 -0.053629  0.015716  0.251846  0.235879  0.092993 -0.090284 -0.053806 -0.184290 -0.254925 -0.127249  0.107346  0.206619 -0.068472 -0.054246 -0.231303  0.206303  0.166935 -0.023501  0.101404 -0.249568  0.242433 -0.241809 -0.013207  0.091138  0.173272  0.069812 -0.003349 -0.122824 -0.030415  0.095896  0.198904  0.049649  0.137662 -0.225911 -0.236243  0.010580  0.177162
-0.000000  0.000000  0.000000  0.312235  0.171066  0.023799  0.239187  0.134750 -0.264190 -0.070473  0.015679 -0.070667 -0.139078 -0.332929 -0.222440 -0.146264 -0.138317  0.069162 -0.189777 -0.057789 -0.143428 -0.114605  0.109103  0.132436 -0.111952  0.074289 -0.011521  0.042621 -0.018083 -0.040461  0.007138 -0.268747 -0.124376 -0.085420 -0.097240  0.148987 -0.101113 -0.131094 -0.260787  0.111378  0.127659  0.096123  0.328348
 0.312235
