2 26
-0.277350  0.000000 -0.033139 -0.157842  0.014590 -0.306002  0.166825 -0.190296  0.204153 -0.147557 -0.027288 -0.144776 -0.308290 -0.366693 -0.076901 -0.188503 -0.132180 -0.447950  0.121630 -0.247649 -0.032672 -0.109959  0.003614  0.274869  0.009126  0.000555
-0.000000 -0.277350 -0.316633  0.260910 -0.362730 -0.174106  0.000702 -0.209245  0.039826 -0.068720 -0.332041  0.008735  0.137613 -0.032633  0.248221 -0.116015  0.291962 -0.161449 -0.263685  0.015444 -0.065066 -0.214939 -0.101041 -0.284378 -0.080174  0.091368
-0.000000  0.277350  0.077751 -0.043041  0.215852 -0.138904 -0.201707 -0.266712  0.003368  0.420889 -0.036850  0.068151 -0.332274  0.288801  0.102524  0.126901 -0.045344 -0.072869 -0.165827 -0.246883  0.192124 -0.346309  0.054845 -0.262902 -0.081500 -0.049585
-0.000000  0.277350 -0.008988  0.153873  0.150051  0.136354  0.048246 -0.058500  0.012652  0.065388  0.001318  0.012132 -0.206260 -0.434809  0.060815 -0.014731  0.138266  0.007434 -0.187060  0.207325 -0.023324  0.118247 -0.298377 -0.232786  0.567922 -0.186899
-0.000000  0.277350 -0.049064 -0.008828  0.017287  0.111533  0.203009 -0.106029 -0.081534 -0.051983 -0.090142 -0.175601  0.092349 -0.032007 -0.114888 -0.045817 -0.523773  0.065296 -0.111427  0.258219 -0.261655 -0.280117 -0.054509 -0.161134 -0.049547  0.496207
 0.000000  0.277350 -0.579673  0.061417 -0.028447 -0.102443  0.196812  0.081258  0.246003 -0.084596 -0.031298  0.391484 -0.155015  0.189943 -0.156950  0.104334 -0.118016 -0.034869 -0.086051  0.179407  0.256202  0.244603 -0.049394  0.091343 -0.133079 -0.020116
 0.277350  0.000000 -0.090931  0.094995  0.210108  0.277256  0.182912 -0.130657 -0.057106  0.154570 -0.274705 -0.264488 -0.000287 -0.091840 -0.325053 -0.155693  0.202030  0.153631 -0.314406 -0.172231  0.119451 -0.052902 -0.093064  0.390795 -0.216385 -0.071632
 0.277350 -0.000000 -0.304675 -0.004946 -0.318893  0.056153  0.100791  0.126506  0.147970  0.293778  0.105989 -0.384087 -0.061642  0.131524 -0.264595  0.112954  0.079735 -0.092947  0.315782 -0.192608 -0.040515 -0.033148  0.134942 -0.146295  0.354682  0.091809
 0.277350  0.000000 -0.047340  0.191236  0.225260  0.354040 -0.283812 -0.277019 -0.054798 -0.251043  0.104752  0.281847  0.016249  0.073221 -0.067208 -0.158378  0.106349 -0.385288  0.275699 -0.066991  0.069083 -0.028676 -0.031494  0.034180  0.093446  0.320135
-0.277350 -0.000000 -0.124323  0.025206  0.012803 -0.085354 -0.256341 -0.252088 -0.047130  0.067694 -0.271491 -0.118051  0.333516  0.008641 -0.181763  0.028284 -0.174969  0.177951  0.426883  0.061437  0.312928 -0.075002 -0.370816  0.023085  0.090601 -0.180570
 0.277350  0.000000  0.038022 -0.023772  0.088937 -0.292107  0.058027 -0.005445 -0.022509 -0.008653 -0.169618 -0.169149 -0.279026  0.009760  0.444189 -0.048007  0.062143  0.293676  0.232562 -0.005514  0.185069  0.251475 -0.198676  0.123828  0.016517  0.438314
-0.000000  0.277350  0.155503  0.506072 -0.136782 -0.165614 -0.077255  0.092728  0.033644 -0.084426  0.238068 -0.113743  0.094756  0.054313 -0.016917  0.367386  0.018227 -0.096330 -0.063462 -0.259930 -0.202699  0.014696 -0.415011  0.200315 -0.143984  0.037744
 0.277350 -0.000000  0.327767  0.006132 -0.067116 -0.052544 -0.034500  0.030655  0.360576 -0.353777 -0.162089 -0.247684  0.078971  0.316543  0.024406 -0.055501 -0.225605 -0.185116 -0.245277  0.139957  0.301344 -0.029587  0.016503  0.025864  0.247402 -0.185906
 0.000000  0.277350  0.035455  0.029977 -0.289672  0.363703  0.125824  0.045814  0.142591 -0.115671 -0.135133  0.140763 -0.120188  0.100828  0.265554 -0.392268 -0.125361  0.221755  0.235253 -0.338137 -0.163913 -0.076501 -0.106595 -0.057957 -0.090058 -0.275473
 0.000000 -0.277350  0.113020  0.511975  0.206996 -0.213294  0.256521 -0.133809  0.187044  0.030019  0.011889  0.209857 -0.145343  0.126965 -0.141983 -0.055130 -0.042787  0.304606  0.187202  0.123102 -0.187415 -0.249503  0.198717  0.101610  0.191696 -0.082902
 0.277350 -0.000000  0.000864  0.024524 -0.046048 -0.141092  0.279023 -0.196008  0.026837  0.017385  0.486300  0.097564  0.350000 -0.328864  0.086648 -0.099161 -0.152098  0.129485 -0.032925 -0.203149  0.398892 -0.076961  0.039063 -0.178153 -0.082308 -0.042693
 0.000000 -0.277350  0.112179 -0.113429 -0.027106 -0.087072  0.072727  0.033447  0.015818  0.241309  0.295501  0.031831 -0.129564  0.277668 -0.224418 -0.449105 -0.027451 -0.110438 -0.074056  0.132268 -0.077015  0.124092 -0.551522 -0.140303 -0.093361  0.017495
 0.277350 -0.000000  0.077608 -0.278216 -0.243901  0.005099 -0.107350 -0.329581  0.115751 -0.273227  0.114092 -0.000237 -0.305574 -0.133257 -0.204838  0.286122  0.188477  0.210023  0.126840  0.276503 -0.116767 -0.180745 -0.120805 -0.067936 -0.254543 -0.146573
-0.277350  0.000000 -0.025063  0.377975  0.016953  0.141742 -0.098691 -0.161194 -0.006782 -0.146076  0.172054 -0.436950 -0.247454  0.009578 -0.057850 -0.135131 -0.024960  0.061843  0.021344  0.080443  0.176128  0.342369  0.253249 -0.304793 -0.285133 -0.026296
 0.000000  0.277350  0.095389  0.056019 -0.318573 -0.009461  0.065770 -0.371003 -0.121643  0.340077  0.126898 -0.035303  0.114563  0.116284  0.218287 -0.149495  0.090155 -0.169691  0.055152  0.410133 -0.035056  0.092445  0.184216  0.404070  0.023554 -0.084483
 0.000000 -0.277350  0.023777 -0.054864  0.059326  0.217995  0.479249 -0.337912 -0.246778 -0.031390 -0.103212 -0.001918 -0.047274  0.187075  0.157083  0.419875 -0.195511 -0.195324  0.049171 -0.127533 -0.062599  0.250758 -0.128844 -0.085659  0.038336 -0.163062
 0.277350 -0.000000  0.326187  0.183658 -0.181277 -0.096525 -0.063389  0.101350 -0.001682  0.284863 -0.401399  0.233383 -0.035707 -0.311837 -0.231447  0.015143 -0.218865 -0.199833  0.136857  0.027964  0.003593  0.278639  0.092415 -0.185946 -0.221411 -0.016994
-0.000000 -0.277350 -0.076993  0.180455 -0.113793  0.307521 -0.040443  0.335244 -0.071820  0.147117  0.107155 -0.040429 -0.277062 -0.171347  0.244320  0.129684 -0.222857 -0.137059  0.065544  0.239079  0.314599 -0.383908 -0.122734  0.184126 -0.112437 -0.051181
 0.000000 -0.277350 -0.128976 -0.029558 -0.152977  0.144124 -0.408058 -0.270168  0.310989  0.171343  0.093569  0.079808 -0.050439 -0.104376  0.075203  0.067001 -0.369203  0.220389 -0.287598 -0.172228 -0.160825  0.240564  0.020598  0.205554  0.149248  0.105678
-0.277350 -0.000000  0.243060 -0.066228  0.071510  0.290964  0.212038 -0.030992  0.637109  0.203716 -0.040067  0.031780  0.175126 -0.043107  0.061672  0.170988  0.276035 -0.030300  0.086721  0.069068  0.111137  0.004870 -0.068449 -0.069275 -0.128892  0.283639
-0.277350 -0.000000  0.266966  0.014498 -0.448786  0.068931  0.107870 -0.045630 -0.272311 -0.113879 -0.029887  0.215146 -0.189915  0.056831 -0.283058  0.021839  0.098240  0.162087 -0.161446 -0.159370  0.352629 -0.034183  0.021285  0.072451  0.251699  0.309131
 0.277350
