1 41
 0.156174 -0.332409  0.019871 -0.066699  0.112710 -0.002226 -0.098833  0.186640  0.171991 -0.094671 -0.108689  0.109915 -0.110545  0.119846  0.037251 -0.015403  0.175058  0.027598 -0.006036  0.003379 -0.061141 -0.334422 -0.119619 -0.266846 -0.233396 -0.044851  0.037433  0.145880  0.091031 -0.111636 -0.115490 -0.017532 -0.019024 -0.175401  0.002456  0.101924 -0.359319 -0.377430  0.022482  0.209918  0.092448
 0.156174  0.117387 -0.029323 -0.054522 -0.051053 -0.077444  0.182272  0.273704  0.317205  0.118203  0.090806 -0.133146 -0.115245  0.006699 -0.204721  0.199846 -0.248998 -0.014186 -0.052998 -0.216602  0.089971 -0.098401  0.070248 -0.152861 -0.079076  0.202918  0.039803 -0.067312  0.146332  0.190856 -0.315981  0.036838  0.012454  0.196045  0.106465 -0.089364  0.117137 -0.202716  0.113904 -0.314476 -0.101651
-0.156174 -0.015713 -0.080899 -0.208610  0.159822  0.299608  0.023534  0.211919 -0.182035  0.038237 -0.263062  0.103612  0.072010  0.144626 -0.053736 -0.006016 -0.254093  0.260120 -0.062219 -0.068925  0.101706  0.059595  0.140600  0.032286 -0.225964  0.160578 -0.175072  0.151269 -0.167604  0.224962 -0.032738 -0.173770  0.171900 -0.106896  0.018785 -0.317256 -0.139147  0.161771  0.042615  0.099126  0.076904
 0.156174 -0.154455 -0.059833 -0.018619 -0.049173  0.243869  0.273927 -0.053899  0.165782  0.162812  0.045313 -0.269776 -0.076904  0.199277 -0.061481 -0.384859  0.226149 -0.184665 -0.154973 -0.049810  0.018116  0.021899 -0.141854  0.289565  0.000494 -0.096329  0.074894 -0.073467 -0.098289  0.057376 -0.199110  0.048602 -0.188382 -0.086141 -0.151317 -0.335215 -0.018224  0.059096 -0.042077  0.048322  0.061477
 0.156174 -0.058720  0.153005 -0.144829 -0.057139 -0.364630  0.010280  0.045791 -0.050349  0.216052  0.008198  0.171162  0.104948  0.190818 -0.147722  0.127095 -0.100963 -0.060307 -0.255436  0.268832 -0.142589  0.035603  0.177874  0.117351  0.140646 -0.204296  0.129515 -0.220085 -0.094125  0.214791  0.021043  0.046493  0.041549  0.163706  0.210010 -0.087630 -0.153299 -0.040492  0.029988  0.261463  0.219035
 0.156174  0.152442  0.012835  0.055320  0.100293  0.286909 -0.008666  0.157715 -0.086104 -0.395423 -0.229407 -0.155023 -0.136969  0.054971  0.151925  0.089817 -0.143351  0.023985 -0.009167  0.337768  0.075554  0.102531 -0.113754 -0.028482  0.136287 -0.247624  0.089768 -0.065848 -0.119265 -0.085975 -0.053233  0.097237 -0.139573  0.067970  0.356037 -0.131048  0.029765 -0.170868 -0.158542 -0.153877  0.008164
 0.156174 -0.033905 -0.021391 -0.170428  0.172936 -0.041504  0.102265 -0.321552  0.027866 -0.030680 -0.158342  0.328744  0.099318 -0.407546 -0.211601 -0.029968  0.066003 -0.079429 -0.002078  0.113654  0.298721 -0.184361 -0.135262  0.001466  0.208218 -0.023821 -0.031024  0.135508 -0.090544  0.111827  0.043241 -0.128699  0.030808  0.018410 -0.106550 -0.214540  0.061472 -0.203868  0.018050 -0.229849  0.135360
-0.156174 -0.161666  0.113257  0.015064  0.176284 -0.091669 -0.111704  0.129969 -0.181276  0.007437 -0.146914 -0.370843  0.151673 -0.101210  0.064484  0.237855  0.068829 -0.146440  0.094941  0.171329 -0.220839 -0.006973  0.066886  0.281845 -0.174116  0.163536  0.093441 -0.027812  0.070361 -0.024525  0.059369  0.007092  0.017246  0.126751 -0.340281 -0.170850  0.015334 -0.260706  0.056807 -0.211294  0.176567
-0.156174 -0.163315  0.020423 -0.267236 -0.269441 -0.277136 -0.141071  0.271045 -0.185494 -0.089471  0.131864  0.099640 -0.046259 -0.105550  0.068395 -0.330191 -0.011770  0.113862  0.048975  0.005915  0.235339 -0.056137 -0.170292  0.183654 -0.082769  0.201240 -0.124536 -0.235643 -0.050493 -0.122577  0.047016 -0.034072 -0.291950  0.096586  0.179145 -0.099319 -0.040094 -0.075988 -0.002404 -0.114461 -0.066948
 0.156174  0.166505 -0.062275 -0.078144 -0.079165 -0.005937  0.228442  0.123580 -0.196056 -0.215814 -0.045125 -0.083872 -0.156554 -0.110435 -0.059848 -0.294913  0.016471  0.189986  0.019254  0.068071  0.016120 -0.045524  0.115072 -0.075840 -0.126655 -0.176463 -0.063558  0.048295  0.256245  0.177582  0.035258  0.104819 -0.035502  0.289491 -0.273964  0.262534  0.003092  0.114844  0.125771  0.032566  0.397490
-0.156174  0.293932  0.087288 -0.216963 -0.115907  0.206298 -0.137783 -0.053397 -0.012796 -0.368011 -0.092638  0.180629  0.126612  0.160946 -0.190637 -0.033327  0.101060 -0.349419  0.206496 -0.173553 -0.224624 -0.115580 -0.004390 -0.013196  0.107461  0.140998  0.135242 -0.245772 -0.039819  0.189166 -0.152519 -0.059989 -0.080198  0.083030 -0.092442  0.052130 -0.172856 -0.000982  0.018184  0.037596 -0.029319
 0.156174 -0.218169 -0.109481  0.102537 -0.030102 -0.149934 -0.063964 -0.109675 -0.160310 -0.148092 -0.209540 -0.095335 -0.186887  0.079223 -0.024501  0.115137 -0.044685 -0.088777  0.046393 -0.026918  0.028165 -0.092444  0.035463  0.288713  0.254413  0.177041 -0.237206  0.371035 -0.071614  0.086734 -0.271222  0.049696 -0.107859  0.255883  0.029280  0.123054 -0.031686  0.083819  0.141852  0.207963 -0.245801
 0.156174  0.053096  0.225128  0.040632  0.341929  0.172576 -0.265824 -0.123878  0.017931  0.213947 -0.151548 -0.182525  0.110900  0.035980 -0.120553 -0.198904 -0.000611  0.147145 -0.144757  0.018341  0.039969 -0.160957 -0.120771  0.029891  0.091921  0.189562 -0.045486 -0.207069  0.147385 -0.000223  0.151144  0.144618 -0.056938  0.051033  0.184474  0.194067 -0.208530  0.175196  0.302259 -0.175422 -0.055641
-0.156174 -0.292966 -0.088352  0.014887  0.273004 -0.004527  0.158525 -0.029452  0.043134 -0.095382 -0.001992  0.069851  0.228627 -0.008634  0.261723 -0.007608  0.029798  0.325654  0.111993 -0.133029 -0.065970 -0.018634  0.070301 -0.090695  0.287502 -0.154940 -0.095480 -0.419107 -0.023153 -0.029061 -0.366503  0.020177  0.030104  0.115403 -0.090596 -0.004045  0.126739 -0.023103  0.143968  0.045737  0.003124
-0.156174 -0.149085 -0.044913 -0.191591  0.277555 -0.113526  0.015831 -0.062442  0.202529 -0.030276 -0.035795  0.063582 -0.140976  0.172339 -0.107031 -0.056161  0.001064 -0.202301  0.232287  0.211402  0.156950 -0.015388  0.220343  0.146414 -0.243281  0.004563  0.006749 -0.023561 -0.176050 -0.030977 -0.157407  0.174264  0.039085 -0.155984  0.151635  0.337095  0.193830  0.211577 -0.086241 -0.207699  0.180019
-0.156174 -0.023447  0.264897  0.121158  0.157333  0.019793  0.156164  0.297993 -0.204325  0.103302  0.184737  0.064891  0.043444  0.133473 -0.027825 -0.128114  0.132238 -0.125948 -0.069868 -0.023966  0.056431  0.153389  0.219845 -0.139315  0.296691 -0.109696 -0.118296  0.250028 -0.160572  0.150931  0.013243 -0.086851 -0.216889 -0.103109 -0.080895  0.194990 -0.162963 -0.172613  0.033136 -0.300165 -0.091295
 0.156174 -0.012606 -0.111611 -0.093147 -0.093960  0.021378 -0.093222  0.103643 -0.155515  0.159805 -0.280503  0.165389 -0.086540 -0.150384  0.247712 -0.064469 -0.142711 -0.200906  0.032879 -0.076217 -0.131593 -0.079579  0.178079  0.119463  0.020380 -0.206135 -0.035483 -0.127060  0.279944  0.223307  0.023443  0.179444 -0.093753 -0.455877 -0.026476  0.000033  0.175179 -0.059573  0.135809 -0.068791 -0.202347
-0.156174 -0.064133 -0.087455 -0.155430 -0.015787 -0.040597  0.036938  0.016216  0.222331 -0.238576 -0.104290 -0.111142  0.357731  0.042436 -0.097322 -0.104007  0.167494 -0.025495 -0.183105  0.113322  0.035245  0.339752 -0.015591 -0.104467 -0.010320  0.121299  0.012956  0.195630  0.191759  0.129458  0.133009  0.086450 -0.112050 -0.080115  0.179917  0.027398  0.313520 -0.170834  0.303942  0.213792 -0.063286
-0.156174 -0.026056 -0.021378 -0.326373 -0.040670  0.017668 -0.164892 -0.262751 -0.129183  0.068178  0.065049 -0.153872 -0.087454  0.105808 -0.151384 -0.028111 -0.302745 -0.058709 -0.181883  0.267318  0.096777  0.034844  0.089993 -0.359495  0.016179 -0.112900 -0.063450 -0.020776  0.068756 -0.242902 -0.173885  0.128879 -0.105002  0.006419 -0.358629 -0.077901 -0.045605 -0.034760  0.010854  0.022078 -0.229620
 0.156174 -0.155853  0.181087 -0.057392 -0.025814  0.001275  0.327449 -0.071544 -0.172038 -0.236624  0.059844  0.196113 -0.034139  0.253492  0.007794  0.253179  0.062364  0.190613 -0.146826 -0.003444  0.024569 -0.072891 -0.169779  0.023956 -0.156257  0.152870  0.154963 -0.095468 -0.141952  0.109427  0.241612  0.343659  0.009788 -0.078310 -0.223309  0.037728  0.094279  0.060682  0.039581 -0.123396 -0.267403
-0.156174 -0.060348 -0.078031  0.364358 -0.252372  0.043445 -0.105315  0.082129  0.190377 -0.075073 -0.157332 -0.074808  0.187001 -0.169446 -0.197748  0.042931 -0.232988  0.150154 -0.099730 -0.033066  0.281356 -0.142446  0.170860  0.092001  0.081965  0.009980  0.215756 -0.082019 -0.232486  0.054360  0.015849  0.203234 -0.218390 -0.190881 -0.196353  0.148223 -0.118448 -0.038015 -0.062466  0.099377  0.123725
-0.156174  0.159802 -0.069531  0.303304  0.182728 -0.058384 -0.136715  0.075930  0.047054 -0.021128  0.109943  0.083574 -0.147645  0.112609 -0.190332 -0.043176  0.103931 -0.057306  0.074183  0.087685  0.077077 -0.043719 -0.103696 -0.006278 -0.005331  0.000060 -0.507186 -0.172935  0.072704  0.207664  0.111559  0.369095  0.130406  0.009675 -0.083042 -0.213975  0.063070 -0.201743 -0.153401  0.171185 -0.014527
-0.156174  0.067435 -0.217163 -0.026725 -0.067599 -0.037740  0.197596 -0.076849 -0.227571 -0.031197  0.169308 -0.302622  0.224313 -0.155079 -0.004727  0.052151  0.231788 -0.021443 -0.041095  0.138868 -0.075806 -0.525685  0.161119 -0.153728 -0.086016 -0.062329 -0.041977  0.048953 -0.078782  0.140855 -0.032383  0.098381  0.021491 -0.090530  0.317100 -0.096861 -0.094862  0.126581 -0.022310 -0.035074 -0.133154
 0.156174 -0.046744 -0.090669 -0.041240 -0.138523  0.257947 -0.117449  0.236414  0.171680  0.057862  0.210860  0.199653  0.204927 -0.008165 -0.242539  0.096022  0.145880  0.260884  0.234950  0.433513 -0.096345 -0.007600  0.058812  0.245910  0.040429 -0.104726 -0.033974  0.089564  0.198019 -0.042813 -0.093084 -0.056793 -0.000717  0.027355 -0.117215  0.008984 -0.034977  0.118739 -0.007803 -0.095511 -0.247599
-0.156174  0.084188  0.323114 -0.430252  0.127693  0.071857 -0.069269  0.134972  0.173821 -0.002457  0.207349 -0.156313 -0.159431 -0.204212  0.128362  0.249162  0.028691  0.114149  0.022372 -0.139014  0.077860 -0.112409 -0.095234  0.140793  0.286436 -0.062086  0.030430  0.189447  0.081546  0.097318  0.017160  0.226310 -0.087089 -0.113314 -0.025647 -0.040270  0.020313  0.133776 -0.101422  0.227755  0.128076
 0.156174 -0.187654  0.221819  0.212339  0.009504 -0.087802 -0.032487  0.040026 -0.127013 -0.161937  0.041377  0.046851  0.067469 -0.004427  0.029893 -0.057735  0.010915 -0.091801 -0.015207  0.150539  0.096321  0.035163  0.104233 -0.244654  0.137871  0.382073  0.095007 -0.019672  0.378389  0.064511 -0.212050 -0.030438 -0.019451 -0.192418  0.011281 -0.211751  0.051636  0.320094 -0.293172  0.011373  0.163416
-0.156174  0.113466 -0.014984  0.016550  0.116326 -0.159926  0.398847 -0.238969  0.161648 -0.193372 -0.023243 -0.022702 -0.148054 -0.032442 -0.077373  0.077321 -0.148663  0.132331 -0.031886  0.063457 -0.122502  0.101594  0.104666  0.262652 -0.001593  0.060605 -0.154334 -0.109227  0.316392 -0.073318  0.072079 -0.197942 -0.193959 -0.238567  0.058952  0.000648 -0.394283 -0.075319 -0.055798 -0.025487 -0.072914
 0.156174  0.119691 -0.055215 -0.046057 -0.244318 -0.018121  0.030860  0.033525 -0.049432  0.021483  0.046303 -0.187094  0.015716  0.204345  0.074524  0.315613  0.092910 -0.070143  0.112367  0.147944  0.258615 -0.000936 -0.179345 -0.056382  0.141548  0.069270 -0.301600 -0.191272 -0.091615 -0.036638 -0.028177 -0.231398  0.051449 -0.340648 -0.092046  0.096342 -0.003447  0.031120  0.352304 -0.006538  0.280113
-0.156174  0.095363  0.018068  0.127001 -0.008442  0.084585  0.083029 -0.028706 -0.011663 -0.020722  0.268715  0.117938 -0.118687 -0.141912  0.279358 -0.196570 -0.148433 -0.112440  0.030313  0.272810  0.120687  0.060722 -0.062950  0.123847  0.013360  0.171856  0.283002  0.066957 -0.007347  0.075705 -0.191065  0.164193  0.381025 -0.028187  0.012425 -0.011065 -0.228639 -0.123589  0.379152  0.083913 -0.042641
 0.156174 -0.153260  0.423013 -0.082413 -0.232222  0.306903  0.185628 -0.148501  0.096756  0.053540 -0.023464 -0.115761  0.091763 -0.130148  0.116277 -0.087404 -0.079026 -0.075227  0.165249  0.069536  0.077697 -0.026455  0.323361 -0.006988 -0.082626  0.133835 -0.293077 -0.127520 -0.076574  0.006485  0.117946 -0.020643  0.132270  0.120604  0.075237  0.130243  0.057063 -0.244153 -0.159195  0.188227 -0.090707
-0.156174  0.205529  0.294815  0.084309 -0.245659 -0.153957 -0.097145 -0.182764  0.217863 -0.041418 -0.144328  0.088834  0.169821  0.359548  0.305250 -0.128309 -0.043858  0.170948 -0.096822  0.041517 -0.015950 -0.275009  0.002063  0.110315 -0.042636 -0.137872 -0.124891  0.266317  0.090105  0.009384 -0.127939  0.008470  0.036002  0.033518 -0.041843 -0.131148  0.102017 -0.020597  0.005057 -0.252537  0.092167
 0.156174  0.033397  0.071057 -0.012626  0.157819 -0.292246  0.048371  0.140083  0.088114 -0.141751  0.018019 -0.252273  0.033181  0.149434 -0.125105 -0.305520 -0.278847  0.051545  0.391834  0.022796 -0.049101 -0.186722 -0.005912 -0.052671  0.181891 -0.069544  0.167020  0.042523 -0.126291  0.004606  0.265749 -0.181580  0.167018 -0.145864 -0.113329 -0.130033  0.113355  0.021716  0.055958  0.118967 -0.203692
 0.156174  0.245153  0.099492 -0.109284  0.028224 -0.192727 -0.065063  0.171824 -0.011860 -0.161827 -0.131418 -0.098815  0.031978 -0.204253 -0.092424 -0.130644  0.216656  0.099132 -0.393262 -0.018988 -0.074690  0.086813  0.051380  0.138408  0.009708  0.053639 -0.103419 -0.078655 -0.180520 -0.163530 -0.287818 -0.017837  0.390604 -0.210382 -0.114041  0.153930  0.026222 -0.034764 -0.167527 -0.008371 -0.166305
-0.156174 -0.099653 -0.201737 -0.079164 -0.020849  0.097575 -0.133161 -0.094043 -0.089262  0.041524  0.007983 -0.130030 -0.186578  0.247330  0.045592 -0.008885  0.131868  0.133975 -0.149153  0.028194  0.268643 -0.111799  0.044593  0.120972  0.179544  0.025859  0.240609 -0.111895  0.240271  0.299720  0.111261 -0.305505  0.229256  0.047745 -0.008922  0.214912  0.101019 -0.222280 -0.269934 -0.025625 -0.082919
 0.156174  0.326394 -0.208740 -0.033877  0.243089  0.070027  0.073625  0.106378 -0.022811  0.050572  0.111556  0.184345  0.080405  0.163826  0.189009  0.001804  0.035559 -0.069350 -0.137993  0.010633  0.122197 -0.244663  0.346776  0.120085  0.074481  0.275702  0.064751  0.012403  0.011922 -0.386838  0.110943  0.002018 -0.212864  0.075812 -0.084811 -0.042902  0.164756 -0.115121  0.014266  0.196872  0.054188
 0.156174  0.076139 -0.276778 -0.190406 -0.055571 -0.046456  0.064506 -0.106109 -0.102635  0.188240  0.019788 -0.062090  0.279156  0.122205  0.077953 -0.103660 -0.153759  0.148552  0.210370 -0.031722 -0.179092  0.153878 -0.185173 -0.013303  0.179769  0.253722 -0.020819  0.148725 -0.035241  0.049275 -0.061868  0.327263  0.024623 -0.101299  0.024952  0.157640 -0.154807 -0.226942 -0.328926 -0.106598  0.173174
 0.156174  0.167771  0.207896  0.090130  0.135967 -0.031926 -0.146214 -0.249285 -0.327239 -0.002408  0.233925 -0.045580  0.104668  0.030256 -0.171077  0.032638  0.019281  0.210702  0.191761 -0.160580  0.176919  0.093814  0.036023  0.145413 -0.308945 -0.149318  0.134765  0.028913  0.037392  0.082169 -0.303848 -0.059654 -0.187241 -0.161339  0.102141 -0.009451  0.130325 -0.241299  0.053974  0.163140 -0.002455
-0.156174  0.110753  0.097074  0.010325 -0.178203 -0.032177  0.082300 -0.057469 -0.054029  0.241006 -0.330235  0.023844 -0.375715  0.010102 -0.164007 -0.024536  0.359181  0.310851  0.245255  0.087096 -0.104771  0.053737  0.190402 -0.153839  0.164350  0.184861  0.185544 -0.004647 -0.077815 -0.132652 -0.034814  0.120929 -0.026100 -0.058344  0.079677 -0.165115  0.078014 -0.092040  0.127758  0.017629  0.019698
 0.156174 -0.063572 -0.101540 -0.002244  0.015368  0.050706 -0.310011 -0.184892  0.164163 -0.172646  0.310955 -0.019038 -0.248856 -0.087823  0.116813 -0.069680 -0.034447  0.190929 -0.149119  0.103271 -0.376100  0.016067  0.195116 -0.073049 -0.001778  0.191391 -0.082096 -0.009054 -0.300121  0.279130  0.061420 -0.124602 -0.178968 -0.100751 -0.039722 -0.056059  0.105133 -0.058923  0.087510 -0.117040  0.130461
 0.156174 -0.156281 -0.103842 -0.081198 -0.104878 -0.003327 -0.181480 -0.088740  0.005306 -0.256024  0.133934 -0.057377  0.011803  0.105206 -0.060595  0.022629  0.125307 -0.011311  0.053547 -0.330859  0.173981  0.153759  0.395030  0.068108  0.107075 -0.146915 -0.004543  0.037174  0.098737 -0.187228  0.168150  0.235596  0.267592 -0.003061  0.086462 -0.241362 -0.251607 -0.015312  0.123959 -0.222129  0.091644
 0.156174  0.189740 -0.070011 -0.063223  0.099894 -0.226120 -0.088701 -0.027916  0.215691  0.067981 -0.147723 -0.070402  0.066841 -0.041666  0.364059  0.053787  0.248234  0.017573  0.160304  0.084227  0.291345  0.215283  0.113518 -0.143489 -0.174935 -0.006389  0.062872 -0.062331 -0.101471  0.280317  0.013225  0.002235 -0.162994  0.138379 -0.167030 -0.069532 -0.296561  0.127292 -0.092929  0.029035 -0.249713
 0.156174
