9 17
 0.841983  0.000000 -0.000000  0.000000  0.000000 -0.000000  0.000000 -0.000000  0.000000  0.163450  0.028457 -0.094395  0.391045  0.187634  0.106787  0.058559  0.227318
-0.134876 -0.000000 -0.000000 -0.000000 -0.000000 -0.000000  0.000000 -0.000000  0.707107 -0.010624  0.370749  0.292636  0.149832  0.075929  0.383327  0.288783  0.007433
 0.134876  0.000000 -0.000000  0.000000 -0.000000  0.000000  0.000000 -0.000000  0.707107  0.010624 -0.370749 -0.292636 -0.149832 -0.075929 -0.383327 -0.288783 -0.007433
-0.134876 -0.000000  0.000000 -0.707107  0.000000  0.000000  0.000000  0.000000  0.000000 -0.268721  0.071200 -0.025478  0.311020  0.340235 -0.409398  0.153872  0.010120
 0.134876 -0.000000  0.000000 -0.000000 -0.000000 -0.707107 -0.000000 -0.000000 -0.000000 -0.504928 -0.288677  0.325316  0.036413 -0.077245  0.141809 -0.101324 -0.004684
 0.134876 -0.000000  0.707107  0.000000  0.000000 -0.000000  0.000000  0.000000  0.000000  0.018804  0.377218  0.271054  0.078914 -0.283397 -0.289855 -0.273267 -0.143035
 0.134876  0.000000  0.000000 -0.707107 -0.000000  0.000000 -0.000000  0.000000 -0.000000  0.268721 -0.071200  0.025478 -0.311020 -0.340235  0.409398 -0.153872 -0.010120
 0.134876  0.000000 -0.000000  0.000000 -0.707107 -0.000000  0.000000 -0.000000  0.000000 -0.317190  0.190077 -0.401129 -0.041671 -0.222440  0.074256  0.202878 -0.293728
-0.134876  0.000000 -0.000000  0.000000  0.000000  0.000000 -0.000000  0.707107  0.000000 -0.079861  0.019301 -0.117471  0.185306 -0.395783 -0.039551  0.075545  0.512839
-0.134876  0.000000  0.000000 -0.000000  0.000000 -0.707107  0.000000  0.000000 -0.000000  0.504928  0.288677 -0.325316 -0.036413  0.077245 -0.141809  0.101324  0.004684
-0.134876  0.000000 -0.000000 -0.000000  0.000000  0.000000 -0.000000 -0.707107 -0.000000 -0.079861  0.019301 -0.117471  0.185306 -0.395783 -0.039551  0.075545  0.512839
 0.134876 -0.000000 -0.000000  0.000000 -0.000000 -0.000000  0.707107  0.000000  0.000000 -0.190900  0.259673  0.014463 -0.483302  0.193707 -0.074012 -0.002181  0.318025
-0.134876  0.000000  0.000000  0.000000 -0.707107  0.000000 -0.000000  0.000000 -0.000000  0.317190 -0.190077  0.401129  0.041671  0.222440 -0.074256 -0.202878  0.293728
-0.134876  0.707107  0.000000  0.000000  0.000000  0.000000 -0.000000 -0.000000  0.000000 -0.124827  0.165867 -0.234619  0.164772  0.175910  0.251137 -0.509313  0.055719
 0.134876  0.707107  0.000000 -0.000000  0.000000 -0.000000 -0.000000  0.000000 -0.000000  0.124827 -0.165867  0.234619 -0.164772 -0.175910 -0.251137  0.509313 -0.055719
 0.134876  0.000000 -0.707107 -0.000000  0.000000 -0.000000  0.000000  0.000000 -0.000000  0.018804  0.377218  0.271054  0.078914 -0.283397 -0.289855 -0.273267 -0.143035
-0.134876  0.000000 -0.000000 -0.000000  0.000000 -0.000000  0.707107 -0.000000 -0.000000  0.190900 -0.259673 -0.014463  0.483302 -0.193707  0.074012  0.002181 -0.318025
 0.841983
