6 32
 0.388153 -0.000000  0.000000  0.000000 -0.057575  0.000000 -0.084675 -0.167582  0.179628  0.002523  0.228243  0.263734 -0.187103  0.014113  0.200477  0.141614  0.043146 -0.039462 -0.203624  0.301478  0.054333  0.076192 -0.189379 -0.005928  0.253261  0.262224 -0.193845  0.347582  0.224371  0.160942 -0.110013  0.036406
-0.000000  0.000000 -0.000000  0.000000 -0.000000 -0.445729 -0.247784 -0.122431  0.161154 -0.083586 -0.039859  0.386934  0.133301 -0.124234  0.036075 -0.018484 -0.038062 -0.326509 -0.089069 -0.001792  0.037025  0.152254  0.202189 -0.014516  0.131606 -0.011263  0.077843 -0.397641 -0.060804  0.015210 -0.020923 -0.371755
 0.000000  0.057575 -0.000000 -0.388153  0.000000 -0.000000  0.185380 -0.037888 -0.177866 -0.161671  0.092687 -0.113635 -0.172993  0.265226  0.130161  0.350851 -0.154823 -0.011528  0.175128  0.074795 -0.154109 -0.301212  0.059454 -0.123303 -0.041039  0.186592  0.073935 -0.075781 -0.059765  0.070771 -0.186333 -0.453915
-0.000000  0.057575 -0.000000  0.388153  0.000000  0.000000 -0.186407  0.072794 -0.039118 -0.208848  0.090210  0.187841  0.022592  0.199099 -0.057987  0.320898 -0.124226  0.329861 -0.125420 -0.288403  0.055033 -0.042528 -0.063086 -0.404927 -0.005727 -0.231220 -0.053178  0.075353  0.186458 -0.194770  0.105031 -0.171032
 0.000000  0.000000  0.445729 -0.000000  0.000000  0.000000  0.201038 -0.190581 -0.160647  0.459027 -0.046307  0.206133  0.168824  0.044132  0.043202  0.052550  0.089734  0.122774  0.240108  0.176550  0.010194  0.120452 -0.214011 -0.209948  0.058681  0.105233 -0.149592 -0.164227 -0.089800 -0.329250  0.093937 -0.052592
-0.000000 -0.000000  0.445729  0.000000 -0.000000 -0.000000 -0.042225  0.220575  0.105389 -0.239111  0.144845 -0.144235  0.235379 -0.152104  0.315884 -0.173105 -0.094563 -0.191687  0.178396  0.020143 -0.032961 -0.210030 -0.153756 -0.114544  0.055444 -0.347797 -0.292747 -0.007726  0.087757  0.171999 -0.159661  0.009332
 0.000000  0.000000  0.000000 -0.445729 -0.000000  0.000000 -0.148057 -0.039405 -0.171064 -0.081101 -0.332370 -0.055777  0.009137 -0.297094 -0.013425  0.027233  0.082926 -0.025887 -0.426057 -0.085374 -0.006962  0.039946 -0.307464 -0.074743 -0.008274 -0.170347 -0.110892  0.250425 -0.170926 -0.275015 -0.064294 -0.167204
-0.000000 -0.445729 -0.000000  0.000000  0.000000  0.000000  0.180137 -0.018717 -0.095494 -0.154873  0.144040 -0.000368 -0.349137  0.112411  0.231472 -0.185304  0.021048 -0.017548 -0.175546 -0.091393 -0.163987 -0.044161  0.144781  0.046986  0.347895 -0.098073 -0.046210 -0.221156  0.027816 -0.436065 -0.031841  0.163273
-0.000000 -0.445729 -0.000000  0.000000 -0.000000 -0.000000  0.081039 -0.060988  0.110655  0.152019  0.161736  0.080014  0.101736 -0.199221 -0.292181  0.338746  0.249050 -0.255186 -0.077916  0.025354 -0.197391 -0.399979 -0.083595  0.020834 -0.196182 -0.127500  0.042282 -0.010853  0.184915  0.045336  0.199499  0.006338
 0.000000  0.000000 -0.000000 -0.000000 -0.000000  0.445729  0.053727  0.089602  0.011905 -0.188667  0.076367  0.464378  0.135201 -0.195863  0.066085 -0.258713 -0.141070  0.161663 -0.028357  0.149319 -0.406312  0.057901 -0.038009  0.071384 -0.237658  0.061964  0.265499 -0.000569  0.039131 -0.075205 -0.055444 -0.141646
-0.000000  0.000000 -0.000000  0.000000 -0.000000  0.445729  0.062075  0.228750  0.018486  0.302071  0.102208 -0.165300  0.093232 -0.197210  0.044681  0.110342 -0.297957 -0.123271 -0.330802 -0.100998  0.327061  0.031342  0.138172  0.035081  0.097912  0.174782 -0.117404 -0.258291  0.190675 -0.027258  0.014874 -0.210233
 0.000000 -0.000000 -0.445729  0.000000 -0.000000  0.000000  0.047436  0.113841  0.094725 -0.168944 -0.220847 -0.069183  0.256366  0.156909 -0.032554  0.065471  0.118931  0.052629  0.083513  0.386384  0.064662  0.011423 -0.256783  0.055228 -0.036994 -0.039868 -0.218738 -0.336645  0.299277 -0.220829 -0.220815  0.040556
-0.000000 -0.000000  0.000000  0.000000  0.445729  0.000000 -0.537610 -0.183161 -0.296094  0.047318  0.308376 -0.184408  0.095594  0.058844 -0.030312 -0.026496 -0.166212 -0.027770 -0.097631  0.082501 -0.147850 -0.060893 -0.215255 -0.013577 -0.039821  0.154402  0.092327 -0.213187 -0.037920 -0.013758 -0.048797  0.212814
-0.000000  0.445729 -0.000000 -0.000000 -0.000000 -0.000000  0.124553 -0.293909 -0.213561 -0.039997 -0.135893  0.119932 -0.219250 -0.383162 -0.010400  0.045965 -0.058255 -0.101899  0.109005 -0.068071  0.072006 -0.251116  0.045255 -0.063851  0.097490 -0.097677  0.175601 -0.122870  0.414508 -0.072384 -0.097051  0.257201
-0.388153  0.000000  0.000000 -0.000000 -0.057575  0.000000  0.065816 -0.006660 -0.266919 -0.113622  0.185560 -0.041705  0.200526 -0.139466  0.060841  0.410873  0.084589 -0.009366  0.089782 -0.050353 -0.207644  0.472145  0.005669  0.284410  0.284007 -0.062512 -0.010858  0.112656  0.130559  0.091936 -0.034860  0.015844
-0.000000 -0.000000  0.000000  0.000000 -0.000000 -0.445729  0.068038  0.024516 -0.030475  0.135687  0.036976 -0.180124  0.005258 -0.122758  0.080730 -0.133027 -0.395838  0.304443 -0.070882  0.253641 -0.090580 -0.091434  0.005609  0.293141 -0.058007 -0.087674  0.003462  0.147743  0.275430 -0.104774  0.346246 -0.206779
-0.000000 -0.445729 -0.000000  0.000000  0.000000 -0.000000 -0.113528  0.157289 -0.438701 -0.002114 -0.292682  0.199207 -0.228339 -0.015718  0.043171 -0.112192 -0.053408  0.046791  0.187996 -0.055609  0.235588  0.079997 -0.230233 -0.008792 -0.029170  0.035632  0.026397 -0.079898  0.215845  0.392542  0.057688 -0.085922
-0.000000  0.000000  0.445729  0.000000 -0.000000  0.000000 -0.165164  0.266980  0.027685 -0.351840 -0.308587 -0.011040 -0.033534  0.073015 -0.038338  0.263856 -0.028602 -0.144015 -0.046929  0.203255  0.052870  0.000853  0.169431  0.122728 -0.098894  0.336971  0.094288  0.019989  0.078788 -0.218780  0.229948  0.232617
 0.388153  0.000000 -0.057575 -0.000000  0.000000 -0.000000  0.041879  0.070144 -0.262096  0.150534 -0.066195 -0.099053  0.129939  0.065286  0.373713  0.158375  0.135872 -0.055046 -0.175400  0.234899 -0.057113  0.197484  0.316989 -0.204992 -0.210366 -0.354057  0.241561 -0.038205  0.005057  0.102126  0.043036  0.118245
 0.445729 -0.000000 -0.000000 -0.000000 -0.000000 -0.000000  0.250948 -0.202756 -0.243492 -0.445717  0.266174 -0.091291  0.215788 -0.136295 -0.140714 -0.088878  0.121718  0.033391  0.062988 -0.138129  0.273836  0.084115 -0.041036  0.131048 -0.103913  0.113959 -0.093353 -0.098347 -0.093472 -0.044063  0.256591 -0.093170
-0.000000  0.000000 -0.000000  0.000000 -0.445729  0.000000 -0.028024 -0.315947  0.048937  0.029177 -0.103772 -0.121140  0.071152  0.251017  0.211998 -0.064845 -0.180272 -0.259687 -0.080401 -0.343466 -0.245066  0.152269 -0.189574  0.007803 -0.330001  0.150651 -0.086322 -0.068931  0.228362  0.000585  0.092711  0.081572
-0.000000 -0.000000 -0.000000  0.000000 -0.445729 -0.000000 -0.253259  0.023577 -0.413681  0.103248  0.109317  0.187821  0.218754  0.152525 -0.177217 -0.119330 -0.002287 -0.026676 -0.013496  0.084471  0.098239 -0.285135  0.319832  0.200891 -0.002006 -0.025518 -0.191968  0.176364 -0.016386 -0.123811 -0.253505  0.027174
 0.000000 -0.000000  0.000000 -0.000000 -0.445729  0.000000 -0.202512  0.154165  0.022284 -0.003902  0.192716 -0.315459 -0.023960 -0.114086 -0.087086 -0.174661  0.229518 -0.021791  0.111000  0.134192  0.022454  0.050106 -0.169628 -0.291212  0.232657  0.113241  0.470090 -0.005205  0.121431 -0.118639  0.072255 -0.160067
-0.445729 -0.000000  0.000000 -0.000000 -0.000000  0.000000  0.155436 -0.145492 -0.100966 -0.159659  0.223201  0.005514 -0.205507  0.024423 -0.160961 -0.166289 -0.062359 -0.209800 -0.178898  0.388811  0.181336  0.196054  0.098400 -0.356501 -0.288575 -0.056892 -0.181461  0.072186  0.033502  0.043203  0.085146  0.002331
-0.388153 -0.000000 -0.057575 -0.000000 -0.000000  0.000000  0.001067 -0.156537  0.020784 -0.061810  0.025836  0.095222  0.226096  0.034307  0.536599 -0.021991  0.305809  0.194123 -0.191042 -0.018371  0.311086 -0.327012 -0.038178  0.064538 -0.029059  0.166873  0.159751  0.000894 -0.046939  0.070921  0.164759  0.029141
-0.000000 -0.000000 -0.000000 -0.388153 -0.000000  0.057575  0.080064  0.023877  0.115993  0.009924  0.155234  0.231523  0.137050  0.351891 -0.095260  0.030524 -0.307381 -0.161948  0.048095 -0.015094  0.319604  0.047637 -0.212253  0.111097  0.131150 -0.325897  0.347054  0.073096  0.010077 -0.068221  0.133867  0.195543
 0.000000 -0.445729 -0.000000 -0.000000  0.000000 -0.000000 -0.023227 -0.366983  0.181952 -0.082889 -0.125362 -0.149336  0.237062 -0.220657  0.016461  0.091484 -0.310991  0.165164  0.180891  0.025985  0.184999  0.068626  0.213832 -0.191110 -0.031094  0.086498  0.155813  0.188981  0.002297 -0.090213 -0.332899  0.092786
-0.000000 -0.000000 -0.000000 -0.388153 -0.000000 -0.057575 -0.269115  0.138255  0.169521  0.090795  0.305930  0.080961 -0.237757 -0.147388  0.133991  0.070519  0.198696  0.209117  0.256794 -0.169793  0.148550  0.179830  0.140974  0.065206 -0.395606 -0.032173 -0.135534 -0.079239  0.182309 -0.194266 -0.052419  0.061249
 0.000000  0.000000 -0.445729 -0.000000  0.000000 -0.000000 -0.059335  0.194293 -0.091129  0.025558  0.016012  0.120536  0.068313 -0.204730  0.235716  0.060212 -0.209415 -0.283522  0.335395 -0.014405 -0.067365 -0.083416  0.022433 -0.238850  0.083152  0.158454 -0.181150  0.189501 -0.217122 -0.177554  0.358198  0.129763
-0.000000 -0.000000  0.000000 -0.000000 -0.445729 -0.000000 -0.051379 -0.022449  0.057641 -0.066854  0.056663  0.035690 -0.172085 -0.214419 -0.011761  0.260975 -0.229670  0.286691 -0.100029  0.174865 -0.003674 -0.048963 -0.152155  0.032969 -0.009871 -0.109769 -0.073031 -0.374864 -0.417172  0.195442  0.058456  0.257386
 0.000000 -0.000000  0.000000  0.000000 -0.000000  0.445729 -0.340652 -0.401492  0.107202 -0.050857 -0.161992 -0.111716 -0.138288  0.081588  0.035651  0.002027  0.070498 -0.012526  0.226167  0.183544  0.003600 -0.011348  0.153262  0.166232  0.145303 -0.297743 -0.129127 -0.010715  0.007068 -0.003383  0.341831 -0.244002
 0.000000  0.000000 -0.000000  0.445729 -0.000000  0.000000  0.011075  0.005399 -0.043256  0.047692  0.071383 -0.046192 -0.248882 -0.061422  0.184148  0.141309 -0.038365 -0.282103  0.101175  0.069904  0.218593  0.012761 -0.262825  0.324032 -0.269320 -0.118321  0.183999  0.113464 -0.217809 -0.272355 -0.247095 -0.189925
 0.445729
