10 17
-0.028311 -0.000000 -0.175947  0.000000  0.000000  0.000000 -0.707107  0.000000  0.000000  0.000000  0.225344 -0.140654 -0.018992  0.147224 -0.561078  0.092688 -0.228567
-0.000000 -0.000000  0.000000  0.000000 -0.000000  0.000000 -0.000000  0.911366  0.000000 -0.000000 -0.143913 -0.173406  0.040906 -0.251841 -0.154876 -0.021971  0.170487
 0.028311  0.000000  0.175947 -0.000000 -0.000000 -0.000000 -0.707107 -0.000000 -0.000000 -0.000000 -0.225344  0.140654  0.018992 -0.147224  0.561078 -0.092688  0.228567
-0.204259  0.000000 -0.000000  0.000000  0.000000  0.707107  0.000000  0.000000  0.000000 -0.000000  0.024002 -0.273234  0.344832  0.222445  0.135964  0.411147  0.164701
-0.204259 -0.000000  0.000000 -0.000000 -0.000000 -0.000000  0.000000 -0.000000 -0.707107  0.000000  0.078134  0.238323  0.431154 -0.343411  0.000115 -0.002304 -0.302566
 0.015193  0.707107 -0.163934 -0.000000 -0.000000 -0.000000 -0.000000  0.025131 -0.000000  0.000000 -0.201035  0.271075 -0.260046 -0.123314 -0.002097  0.518275 -0.083204
-0.911366  0.000000 -0.000000 -0.000000  0.000000  0.000000  0.000000  0.000000  0.000000  0.000000 -0.059164  0.019665 -0.361916  0.031236 -0.017091 -0.170221  0.065575
 0.000000 -0.000000 -0.000000  0.000000 -0.707107  0.000000  0.000000  0.204259  0.000000  0.000000  0.552410  0.289832 -0.083700  0.152891  0.170450  0.060332  0.077750
 0.015193  0.000000 -0.163934 -0.707107  0.000000  0.000000  0.000000 -0.025131 -0.000000 -0.000000  0.219584 -0.412726 -0.197700 -0.291793  0.273420  0.045615 -0.229425
-0.204259 -0.000000  0.000000  0.000000  0.000000 -0.000000  0.000000 -0.000000  0.707107  0.000000  0.078134  0.238323  0.431154 -0.343411  0.000115 -0.002304 -0.302566
 0.000000  0.000000 -0.000000 -0.000000  0.707107 -0.000000  0.000000  0.204259  0.000000  0.000000  0.552410  0.289832 -0.083700  0.152891  0.170450  0.060332  0.077750
 0.000000 -0.000000 -0.000000 -0.000000 -0.000000  0.000000  0.000000  0.204259 -0.000000  0.707107 -0.179601  0.012888  0.000112  0.388214  0.208964 -0.069472 -0.476081
-0.000000 -0.000000  0.911366  0.000000  0.000000  0.000000  0.000000  0.000000 -0.000000  0.000000  0.093683 -0.105269 -0.172010 -0.092491 -0.119032  0.238651 -0.200724
-0.015193  0.000000  0.163934 -0.707107 -0.000000  0.000000 -0.000000  0.025131  0.000000  0.000000 -0.219584  0.412726  0.197700  0.291793 -0.273420 -0.045615  0.229425
-0.015193  0.707107  0.163934  0.000000  0.000000 -0.000000 -0.000000 -0.025131  0.000000 -0.000000  0.201035 -0.271075  0.260046  0.123314  0.002097 -0.518275  0.083204
 0.204259  0.000000  0.000000  0.000000  0.000000  0.707107  0.000000 -0.000000  0.000000 -0.000000 -0.024002  0.273234 -0.344832 -0.222445 -0.135964 -0.411147 -0.164701
-0.000000  0.000000 -0.000000 -0.000000 -0.000000  0.000000 -0.000000  0.204259 -0.000000 -0.707107 -0.179601  0.012888  0.000112  0.388214  0.208964 -0.069472 -0.476081
 0.911366
