4 48
-0.288675 -0.000000 -0.000000 -0.000000  0.020498  0.125988 -0.269790  0.038709 -0.202853 -0.052179  0.061475 -0.060050 -0.041779  0.196245 -0.106773 -0.172888 -0.023124 -0.254497  0.233173  0.008050  0.024965  0.194995 -0.027361  0.276969  0.224188 -0.189010 -0.090705 -0.093212 -0.109265 -0.149968 -0.111961 -0.056680  0.229386  0.066840  0.024086 -0.249757  0.051162  0.054251  0.002003 -0.228136  0.058426 -0.064185 -0.024213 -0.224420 -0.002744 -0.229875 -0.064788 -0.105709
 0.000000 -0.000000  0.000000  0.288675  0.193172 -0.042879  0.200755 -0.170705 -0.228286  0.044423 -0.000108 -0.171429  0.198736  0.029953 -0.200133 -0.192206 -0.031388 -0.023404  0.152966 -0.179488  0.042632 -0.202911 -0.025328 -0.157940 -0.104224  0.023879  0.034414  0.254347 -0.107434 -0.214161 -0.119968  0.011625 -0.009900 -0.009389 -0.052635  0.022189 -0.029101 -0.239734 -0.338021 -0.187917  0.025113  0.078647 -0.142008 -0.029569 -0.276018  0.081315  0.027021  0.097532
-0.000000  0.288675 -0.000000 -0.000000 -0.100683 -0.254775  0.080852 -0.092503  0.049170 -0.129237  0.108525 -0.283251 -0.014737 -0.112775  0.292485 -0.046597 -0.071139 -0.107959 -0.025996  0.044191 -0.098111 -0.117662 -0.195809 -0.041722  0.039635 -0.146176  0.071761  0.027512 -0.082123  0.142166  0.081471  0.159328  0.216247 -0.035072  0.241387  0.078274  0.280400  0.216076 -0.182978 -0.104097  0.225408  0.001943  0.092574 -0.082665  0.082122 -0.044851 -0.051342  0.290513
-0.288675 -0.000000  0.000000 -0.000000 -0.289195  0.169402 -0.056939 -0.048758 -0.060403  0.054520  0.078715  0.093822  0.228388  0.112690  0.288391 -0.046277  0.135740  0.016599 -0.162332 -0.150055 -0.102548 -0.275915  0.084288  0.231472 -0.154130 -0.055238  0.073638 -0.096567 -0.054589  0.044716 -0.208944 -0.121360 -0.142198  0.100611  0.012303 -0.001478  0.248377 -0.115604 -0.230595  0.205590 -0.042536  0.096357  0.235372  0.076967 -0.104670 -0.012591 -0.024096 -0.148333
-0.288675 -0.000000 -0.000000  0.000000  0.072953 -0.104079  0.281815 -0.103933  0.190671 -0.046485 -0.006793  0.308941  0.136956  0.053578 -0.066655 -0.155261 -0.360294  0.044786  0.104036 -0.100490  0.118823  0.279513  0.131022  0.014326  0.138822 -0.091745 -0.136341 -0.027175 -0.141880 -0.014204 -0.074232  0.057185 -0.019003  0.031135  0.021595  0.087248  0.012363  0.039783  0.000485  0.070028 -0.063630 -0.099740  0.363643  0.035690  0.044845  0.274966  0.047507  0.210217
-0.000000 -0.000000  0.288675  0.000000  0.045002  0.191152 -0.123470  0.002076 -0.249608  0.228508  0.142264 -0.036514 -0.106903 -0.169180 -0.204896 -0.190357 -0.215792  0.199706 -0.379939  0.112584 -0.169036  0.095288  0.092784  0.082008 -0.001285 -0.006041  0.102179  0.081556 -0.109937 -0.025149  0.244136  0.147937  0.068538  0.039420 -0.006869 -0.078537  0.113073 -0.013548 -0.048657 -0.011864  0.112558 -0.021657  0.138915  0.135065 -0.005927 -0.021982  0.348383  0.013423
 0.000000  0.288675 -0.000000  0.000000 -0.112854  0.298472 -0.013050  0.077509  0.143570  0.175593  0.210425  0.012818  0.117304 -0.184506  0.004027  0.064478 -0.115135  0.028718  0.060185  0.086804  0.163101 -0.062710 -0.110447  0.097620 -0.087162  0.051001 -0.305730  0.035567  0.138122 -0.218306  0.176256 -0.172865  0.042860  0.235537  0.087424 -0.133149 -0.302123  0.044713 -0.107185  0.096005  0.130191  0.269800 -0.004050 -0.078291  0.012643  0.087271 -0.125077  0.186297
-0.000000 -0.000000 -0.000000 -0.288675  0.208926  0.044403  0.114156 -0.119812 -0.082382 -0.253802  0.052940  0.126912 -0.032267  0.209282  0.137340 -0.062394 -0.018745 -0.357809 -0.185248  0.061477  0.269478 -0.007465 -0.249605  0.116848 -0.317774  0.189439  0.164502  0.007002 -0.135710  0.097949  0.192991 -0.063328  0.028905 -0.015956  0.064411 -0.185542 -0.155711 -0.029609  0.019503 -0.049940 -0.100388  0.044314  0.035760  0.028424 -0.110775  0.064779  0.195690  0.032404
 0.000000 -0.288675  0.000000 -0.000000  0.085857  0.109846  0.188755  0.181455  0.189372 -0.002455  0.003668 -0.192870  0.081553 -0.070983 -0.167927  0.347060 -0.151769  0.102338 -0.028135 -0.057629 -0.017070 -0.006632 -0.291303  0.139983 -0.178781 -0.237711  0.142678 -0.069657 -0.092727 -0.020444 -0.109410  0.104652  0.169224  0.033681  0.001939 -0.249958  0.236702 -0.284564  0.197012  0.017382  0.025761  0.099125  0.030089 -0.045429  0.042535  0.095969 -0.108840  0.050313
 0.288675  0.000000  0.000000 -0.000000  0.128435 -0.229237  0.156777  0.042768 -0.219450  0.037890  0.097170  0.144633  0.001365 -0.072757  0.221895 -0.076922 -0.104676  0.085267  0.179112  0.139157 -0.039140  0.028464 -0.109515  0.235035  0.091471 -0.354299  0.080477 -0.039128  0.267121 -0.070215 -0.047188 -0.032674 -0.095465 -0.118514  0.164934 -0.111744 -0.148978 -0.127128 -0.095349  0.273601  0.121075 -0.092254  0.023093 -0.120563 -0.106096  0.059188  0.154638 -0.240858
 0.000000  0.000000 -0.000000  0.288675  0.052313  0.074236  0.128477  0.028540  0.082262  0.274514 -0.032755 -0.082190 -0.118701  0.260792  0.132982  0.084091 -0.051598  0.005594  0.138463 -0.003567  0.014562  0.030934  0.215953 -0.062360 -0.003903 -0.111388 -0.050123 -0.000835 -0.178864  0.346733  0.204209 -0.302185 -0.070170 -0.289264  0.010633 -0.223243  0.010561  0.002359  0.089284  0.105554  0.052968  0.147283  0.017210 -0.013075 -0.161777 -0.244515  0.108922  0.199950
-0.000000  0.000000 -0.000000  0.288675 -0.041925 -0.221970 -0.155517  0.152419 -0.069614  0.025629  0.076170  0.264233  0.121929 -0.070685 -0.037586  0.118645  0.004216 -0.079151 -0.049764 -0.163981 -0.176371 -0.105726 -0.018295 -0.046183  0.010401  0.229015  0.002850 -0.043461 -0.103983  0.066386  0.052005  0.138721  0.348008 -0.145496  0.062531 -0.076547 -0.151680 -0.030689 -0.049822  0.123394 -0.293591  0.186089  0.088338 -0.392655  0.162752  0.043955  0.150654 -0.045767
 0.288675  0.000000 -0.000000  0.000000 -0.394369 -0.222115  0.111430 -0.047872 -0.106995 -0.089421 -0.156220  0.154725 -0.029125  0.110138 -0.210220 -0.095260  0.032445  0.070792 -0.142306 -0.196313  0.124928 -0.069588 -0.139655  0.125110  0.108208  0.127444 -0.162875  0.009394  0.035154 -0.149830  0.217393 -0.044200 -0.022348 -0.032204 -0.048623 -0.076261  0.135103 -0.139112  0.196237 -0.061056  0.174785  0.006707  0.280123 -0.073142 -0.188277 -0.214277 -0.159238  0.066681
 0.288675  0.000000 -0.000000  0.000000  0.085725 -0.007758 -0.131355  0.182904  0.116223 -0.142891 -0.317018  0.048565  0.060750  0.139072  0.123889 -0.042792  0.250226  0.178399  0.023449 -0.007699 -0.173272  0.037530 -0.028099 -0.022666  0.020776 -0.111435 -0.118204 -0.064517 -0.174391 -0.041225  0.004350 -0.020899  0.023745  0.182905 -0.131255 -0.360968 -0.105899  0.001919 -0.359633 -0.138294  0.001177 -0.090237  0.151291  0.182247  0.160364  0.106327  0.123443  0.180246
-0.000000  0.000000 -0.000000  0.288675  0.065185 -0.024258 -0.232831  0.159125  0.116030 -0.245620  0.000149  0.087794 -0.085000 -0.180939  0.092362 -0.052026 -0.217953  0.079981  0.020941 -0.129228  0.278732 -0.081849  0.005307  0.003935  0.009985 -0.228590  0.065364 -0.011443 -0.043923  0.016909  0.361173  0.063662 -0.037384  0.158207  0.087872  0.025969  0.095967  0.018910 -0.090025 -0.030070 -0.350318 -0.035115 -0.082191  0.211423 -0.225508 -0.115135 -0.177428 -0.162029
-0.000000  0.000000 -0.288675  0.000000  0.002233  0.221549 -0.014612 -0.301200 -0.084764 -0.175422 -0.209501 -0.001848 -0.070314 -0.053330  0.031651  0.183178 -0.201626  0.125103  0.144184  0.074176 -0.047372 -0.054769  0.062623 -0.124154  0.179821  0.212034  0.149608 -0.126887  0.010533 -0.147870  0.015735  0.102207 -0.273477  0.171869  0.319582 -0.152467  0.109159 -0.102478 -0.020464  0.022266 -0.052104  0.105643  0.038028 -0.162238  0.112021 -0.193343  0.217383  0.070412
 0.000000 -0.288675 -0.000000  0.000000 -0.172448 -0.020761  0.139301  0.047762 -0.122592 -0.111700  0.143111 -0.060974 -0.077572  0.059456  0.054408  0.049878 -0.145751 -0.106461 -0.051673 -0.085510  0.011486 -0.195475  0.216391  0.068778  0.266742  0.072217 -0.128298 -0.042163  0.125344  0.078779  0.194242 -0.063679 -0.108632 -0.059151 -0.030851 -0.233558  0.135526  0.119030 -0.094691 -0.221538  0.073706  0.113277 -0.226275  0.020559  0.149690  0.493608 -0.001476 -0.100076
-0.000000 -0.288675 -0.000000  0.000000  0.167844  0.015526 -0.150446 -0.064643  0.140967 -0.051728 -0.011859 -0.092944 -0.155161  0.030964  0.203133  0.168202  0.038539  0.063412 -0.192007  0.255938  0.090649  0.035921  0.225968 -0.006787  0.031310  0.095487 -0.173711  0.366271  0.026275 -0.018885 -0.021581 -0.009421  0.135150  0.006148  0.131224  0.069221 -0.024903 -0.157337 -0.151234 -0.075053  0.089629 -0.088653  0.317329 -0.297167 -0.209831  0.070536 -0.182211 -0.098515
 0.000000  0.000000  0.288675  0.000000 -0.097012 -0.077386  0.038414  0.264811  0.053676  0.004208 -0.151908  0.080176 -0.169919  0.279658 -0.012377 -0.275436 -0.172078  0.120023 -0.044969  0.119801  0.007975 -0.038700  0.068923 -0.129817 -0.255127 -0.107061  0.239947  0.034992  0.205698 -0.016954 -0.157012 -0.060610 -0.146189  0.183515  0.110705  0.048458  0.003720  0.077331  0.030437 -0.205674 -0.078101  0.277508 -0.018363 -0.314083  0.121319 -0.007763 -0.067692  0.063253
 0.000000 -0.000000  0.000000  0.288675 -0.055019  0.204266  0.317398  0.015860 -0.159538 -0.236589 -0.218413 -0.125214 -0.102554 -0.181471  0.088409 -0.161748  0.106720  0.226736  0.117366  0.203774  0.124077  0.048509  0.064049  0.339590 -0.065283  0.189904  0.099463 -0.164766 -0.172155  0.092769  0.027915 -0.063429  0.220608 -0.002166 -0.158272  0.212957 -0.087530  0.048504  0.013227  0.022961  0.054889  0.060604  0.026201 -0.071657  0.117627  0.065926 -0.063467 -0.092176
-0.000000 -0.288675  0.000000  0.000000  0.080799  0.207429  0.083769  0.120527  0.106855 -0.088753  0.090817 -0.006525  0.099005  0.171686 -0.153045  0.074662  0.081367  0.041006  0.055216 -0.226388 -0.036028 -0.085754 -0.190971  0.194018  0.129765 -0.022955  0.031532  0.105248  0.231075  0.192752  0.172752  0.040125 -0.071532  0.178892 -0.069096  0.315255 -0.046406  0.250612 -0.194243  0.067074  0.057716 -0.150224  0.001149 -0.225763 -0.044800 -0.184081  0.256644  0.160636
 0.000000 -0.000000  0.288675 -0.000000 -0.062555  0.111246 -0.157444  0.149158 -0.167739  0.040462 -0.010203  0.047497 -0.191793  0.090979  0.072652  0.125847 -0.177968  0.181304  0.192527 -0.021226  0.099426 -0.171407 -0.400208  0.022735  0.089436  0.200154 -0.240357  0.043620 -0.248813  0.165653 -0.289296  0.112664 -0.174675 -0.177013  0.197262  0.103801 -0.087689  0.020943  0.002190 -0.074020  0.016471 -0.077648  0.030762  0.133933 -0.044124  0.084956  0.001134 -0.007517
 0.000000  0.000000 -0.000000 -0.288675 -0.269812  0.171834  0.068811  0.235838  0.054379 -0.008981 -0.212221 -0.161212 -0.027595 -0.251317 -0.061677  0.015856 -0.157966 -0.210023  0.126863  0.080725 -0.017975  0.016050 -0.046152 -0.184569  0.115937 -0.028876  0.160119  0.011074  0.021509 -0.089695 -0.006770 -0.059941  0.001691 -0.319867 -0.243855 -0.024852 -0.029990  0.119654 -0.252490  0.015677 -0.199236  0.053498  0.243172 -0.080655 -0.262538  0.001032  0.083944 -0.074356
 0.000000  0.288675  0.000000  0.000000  0.100639  0.113738  0.187818 -0.006541 -0.191558 -0.041888  0.168746  0.148278 -0.157737  0.254633 -0.142744  0.426821  0.200466  0.143531 -0.096085  0.030645  0.061254 -0.140680  0.161766  0.031185  0.132958 -0.216809  0.195310 -0.065813  0.047068 -0.192728 -0.031461  0.117901  0.110240 -0.123400  0.026592  0.053650 -0.091857  0.190777 -0.038604 -0.168866 -0.134471  0.067944  0.172458  0.113652 -0.077443  0.036658 -0.110107  0.058480
 0.288675  0.000000 -0.000000 -0.000000  0.083111  0.146604 -0.030312 -0.125147 -0.142325 -0.032634  0.083417 -0.094791  0.244817 -0.144181  0.199429 -0.035224 -0.230514  0.063228 -0.120592 -0.156421  0.206757 -0.081160  0.194894  0.020805 -0.124147 -0.035598 -0.163448 -0.069109  0.196994  0.165906 -0.322955  0.145010  0.029841 -0.056153 -0.234044 -0.170350 -0.039160  0.192296  0.161639 -0.188047 -0.151846 -0.105152  0.095666 -0.103218  0.023001 -0.185626  0.007705  0.110240
-0.000000  0.000000 -0.288675 -0.000000  0.175631 -0.221673 -0.116885  0.081463  0.105846  0.113761  0.271875 -0.291375 -0.233240  0.093892 -0.159908 -0.268410  0.042641  0.086642  0.076769  0.147816  0.044472 -0.247442 -0.050287  0.070943  0.111563  0.193525  0.054384 -0.225901  0.022949  0.068683 -0.092430  0.104068 -0.090757  0.157497 -0.169449 -0.110666 -0.011033  0.047701  0.071788  0.151279 -0.120966  0.083289  0.260239  0.018261 -0.153444  0.115997 -0.010926  0.071183
-0.288675  0.000000 -0.000000  0.000000 -0.241265 -0.083507  0.137587  0.197185 -0.082378 -0.150270  0.212400 -0.093753  0.039756  0.093147  0.053899  0.048769  0.038536  0.318334  0.022869 -0.052409  0.165356  0.134058  0.044906 -0.357660 -0.143903  0.164108  0.092973 -0.057775  0.057807 -0.007363  0.022157  0.093483  0.102390  0.062397  0.015977 -0.301808 -0.130006  0.035355 -0.059440  0.119722  0.182469 -0.359942 -0.082545 -0.045524 -0.109862 -0.080447  0.043469 -0.085812
-0.000000 -0.000000  0.288675 -0.000000 -0.124187  0.083531 -0.149730 -0.136388  0.106443 -0.307403  0.118600 -0.214733  0.196279  0.220029 -0.039465 -0.091820 -0.104077 -0.036084  0.142793  0.133026 -0.073398 -0.250555  0.113424 -0.001205  0.116976 -0.087948  0.130442  0.095390  0.050242 -0.035887  0.155837  0.072701  0.002735 -0.184060 -0.075903  0.026031 -0.279774 -0.310562  0.128457  0.162444 -0.040348 -0.089103  0.104817  0.101081  0.267899 -0.042387 -0.085447  0.092604
 0.000000 -0.288675 -0.000000  0.000000  0.113540  0.155889  0.031760  0.002496  0.026971 -0.003291 -0.057147  0.024593 -0.108861 -0.117263 -0.063884 -0.283225  0.071382 -0.018615 -0.330694 -0.163080  0.077785 -0.099389 -0.035066 -0.132956  0.186446 -0.029500  0.072104 -0.265295  0.044945 -0.095476 -0.167704 -0.178679  0.149926 -0.225635  0.362088 -0.036607 -0.165229  0.054303 -0.112648  0.189964  0.033551 -0.045440 -0.073514  0.079288  0.050271 -0.074865 -0.216156  0.225217
 0.000000 -0.288675 -0.000000 -0.000000 -0.283090 -0.162747  0.127200 -0.319338  0.066327  0.202348  0.001020 -0.055080 -0.288842 -0.015056 -0.061677  0.078824 -0.082307 -0.105913  0.064381 -0.040714 -0.089687  0.024096  0.054892  0.175251 -0.271128 -0.109073 -0.046022 -0.022895 -0.120598 -0.022164  0.004668  0.295867 -0.046124  0.085744  0.014920 -0.074231 -0.351466  0.145664 -0.237544 -0.005258 -0.090267 -0.001985 -0.005512  0.098252  0.087484 -0.185173 -0.118893 -0.052105
 0.000000  0.000000  0.288675 -0.000000 -0.044317  0.041109 -0.066265 -0.301777  0.071837 -0.009890 -0.120375 -0.150998  0.108209  0.081054 -0.100472 -0.002774  0.127856  0.096657  0.132673  0.036068 -0.156261  0.116213 -0.034235 -0.028852 -0.131132  0.013369 -0.187667 -0.413510  0.295772  0.109953  0.118997  0.022176  0.173527 -0.020130  0.242459  0.017392  0.054518  0.007961  0.023521 -0.093308 -0.189392  0.003378  0.013993 -0.014221 -0.359267  0.222881  0.080689 -0.029268
 0.288675 -0.000000 -0.000000  0.000000 -0.042315  0.092047  0.228780 -0.039877 -0.047480  0.020251  0.125650 -0.043718  0.118810  0.294441  0.008864 -0.033779 -0.229152  0.017233 -0.060631  0.192161 -0.260119  0.110083 -0.105769 -0.052763  0.123107  0.179059 -0.046322  0.165962 -0.112234 -0.051821 -0.060048 -0.170596  0.186162  0.185384  0.039505 -0.035382  0.169923  0.187469 -0.053514  0.225197 -0.348888 -0.111699 -0.128144  0.077380 -0.027533 -0.073057 -0.229031 -0.115887
-0.288675  0.000000  0.000000  0.000000  0.018659 -0.044317  0.044259 -0.120517 -0.047641 -0.250752 -0.086223 -0.117788 -0.204180 -0.030091  0.158500 -0.066137  0.099832  0.211539 -0.188886 -0.056756 -0.181068 -0.032029 -0.175166  0.022023 -0.000183 -0.207216 -0.303678  0.230299 -0.006259 -0.253731 -0.002918  0.000023 -0.089095 -0.113522 -0.177989 -0.093429 -0.034591  0.150028  0.222172  0.197095 -0.228129  0.134127 -0.155875 -0.126254 -0.082477  0.034209  0.149827  0.119463
-0.000000  0.000000 -0.288675  0.000000  0.017466  0.136756  0.085595  0.033496 -0.156934 -0.032351  0.105949 -0.047161  0.033741  0.128179 -0.153882 -0.103713  0.004768  0.023638 -0.142115  0.167558  0.044830  0.000069 -0.166940 -0.311626 -0.161936 -0.274552 -0.384176 -0.198491 -0.058053  0.132241  0.163923  0.038830 -0.118598 -0.129329 -0.004860  0.180543  0.038267 -0.136092 -0.146943 -0.064991 -0.049350  0.018891  0.134911 -0.117141  0.276004 -0.055171 -0.030953 -0.245566
-0.000000  0.000000  0.288675  0.000000  0.104268 -0.037066  0.146074 -0.221154  0.344599 -0.022596  0.169744  0.138922 -0.217635 -0.043579  0.015994 -0.017106  0.055401  0.068028  0.105091 -0.006246  0.205688 -0.132599 -0.097988 -0.114865  0.094398  0.086709 -0.093243 -0.033556  0.120886 -0.107341 -0.116679 -0.130844  0.208247 -0.035895 -0.186507 -0.077462  0.235702 -0.050070 -0.170187 -0.036208  0.020543  0.134245  0.020738  0.084742  0.202198 -0.248972  0.242831 -0.265961
 0.000000  0.000000  0.000000  0.288675 -0.200296  0.098958  0.241050  0.185666  0.242654  0.099946  0.093574  0.062869  0.036365 -0.002825  0.167514 -0.075033  0.136024 -0.248609 -0.194262  0.310417  0.000295 -0.023912 -0.032330  0.056199  0.170508  0.015847 -0.080566 -0.106549  0.000746 -0.150939 -0.096342  0.254200 -0.115438  0.018673  0.057344  0.021425 -0.036019 -0.205415  0.106402 -0.236544 -0.143936 -0.204197 -0.131923  0.004899 -0.131800 -0.070120  0.225379  0.115901
-0.288675 -0.000000 -0.000000  0.000000  0.229157 -0.110905  0.054429  0.081169 -0.009594  0.147023 -0.303441  0.119058  0.242807  0.027869 -0.085365 -0.013377 -0.036265  0.063072  0.003801  0.306986  0.017764 -0.187687 -0.049202  0.196375 -0.081024  0.194508 -0.076752  0.063616  0.259429 -0.021524  0.149616  0.206309 -0.062319 -0.272758 -0.004211 -0.201122  0.157694  0.157062 -0.137890  0.018337 -0.011259 -0.080246 -0.051515  0.092660  0.097409 -0.160291 -0.206797  0.025172
 0.000000 -0.000000  0.288675 -0.000000  0.157005  0.119188  0.274277  0.091128 -0.109019 -0.028555 -0.062797 -0.015561  0.007366 -0.210871 -0.073900 -0.081737  0.302334 -0.271283  0.148537 -0.065514 -0.056228 -0.167468  0.102977 -0.195799  0.054049 -0.056345 -0.116366  0.140792 -0.082983  0.121074  0.044338  0.175040 -0.124497  0.270279  0.184914 -0.197423  0.017923  0.145248  0.220835  0.151389  0.010432  0.005254  0.236765 -0.030048  0.015881 -0.022010 -0.102268 -0.180272
 0.000000  0.288675 -0.000000  0.000000  0.083208  0.289702  0.051332 -0.125165  0.097521  0.228728 -0.116902  0.044590 -0.283543  0.118493  0.181057 -0.128276 -0.027031 -0.010339 -0.047489 -0.320288 -0.071644  0.071449 -0.136239 -0.013039  0.099077  0.056260  0.126760  0.004931  0.133469  0.102139  0.133420  0.260921 -0.003389 -0.033203 -0.203374 -0.096036  0.017385 -0.222784 -0.070454  0.049604 -0.015366 -0.195271 -0.062630 -0.227487  0.051248  0.172550 -0.260612 -0.071403
 0.000000  0.000000 -0.000000  0.288675 -0.024908 -0.031672 -0.067070  0.083185 -0.134597  0.091582 -0.260657 -0.319881 -0.002055  0.259665  0.103839  0.111306 -0.063948 -0.246597 -0.127649 -0.114472  0.280117  0.206657 -0.076538 -0.054450  0.044138  0.027588 -0.034069  0.043990  0.267420 -0.160432 -0.062895  0.138833  0.094074  0.081018  0.024343  0.081928  0.005654  0.066151  0.001728  0.243252  0.055795  0.158597  0.159689  0.250611  0.139810  0.068202  0.172331 -0.094360
 0.000000 -0.288675 -0.000000 -0.000000 -0.050403  0.076492 -0.122408 -0.200885 -0.083741  0.180154 -0.084421  0.265582  0.171683  0.094312  0.218975 -0.039205 -0.006302  0.046595  0.064900  0.236065  0.107657 -0.155872 -0.166491 -0.295516  0.151435 -0.161598  0.131673 -0.107551 -0.143294 -0.046627  0.103672  0.195957  0.177461  0.132342 -0.260635  0.048313 -0.031023  0.168853  0.140115  0.052734  0.211675  0.169882 -0.065016 -0.038006 -0.156775  0.077956 -0.057159  0.025335
 0.000000  0.000000  0.000000 -0.288675  0.168003 -0.037668  0.149000  0.193338  0.121447 -0.039595  0.039327 -0.131510  0.190541  0.112970  0.205313 -0.099999 -0.054136  0.155654 -0.046567 -0.203193 -0.138953  0.135439  0.125924  0.061198  0.175494  0.126664 -0.086883 -0.101314 -0.117591 -0.047052  0.067824  0.291169  0.013973 -0.060844  0.079340  0.106970 -0.168041 -0.079975  0.000156 -0.108986  0.098535  0.431862 -0.080805  0.091128 -0.132213 -0.221879 -0.045319 -0.212504
-0.000000 -0.000000 -0.000000 -0.288675 -0.011046 -0.103029  0.062627  0.034781 -0.005653  0.388337 -0.166405 -0.221236  0.082612  0.052499  0.117224 -0.019916  0.046813  0.152497  0.063194 -0.119070  0.269302 -0.272115  0.102691  0.070670  0.024183 -0.066658 -0.010997 -0.011077 -0.207271 -0.220391  0.186129 -0.124650  0.137731  0.059999  0.162922  0.118950  0.013586 -0.005284  0.117324 -0.053620 -0.241983 -0.264401 -0.035818 -0.143381  0.170185  0.052466  0.177028 -0.058447
 0.288675 -0.000000 -0.000000  0.000000 -0.049781  0.173041 -0.143958  0.031079  0.187831 -0.091337  0.123135  0.040816  0.005331  0.126724 -0.101861 -0.121192  0.136096 -0.015087  0.133629 -0.015558  0.184138  0.087607  0.196631  0.077984 -0.235645  0.010237 -0.030493  0.016582 -0.207401 -0.254891 -0.017834  0.302317 -0.102775 -0.286714  0.101245 -0.005641  0.294009  0.205431 -0.052643  0.271236  0.099039  0.019005 -0.137162 -0.153584 -0.018960  0.133416  0.047604  0.014576
-0.000000  0.288675 -0.000000 -0.000000 -0.028211 -0.065463 -0.009019 -0.085928  0.225456 -0.108621 -0.285606 -0.040654  0.060518  0.077271 -0.304842  0.079769 -0.182001 -0.031591 -0.308627  0.077331  0.090192 -0.233500  0.094148  0.068727  0.131280 -0.137408 -0.058144 -0.038240 -0.165516  0.234664 -0.183046  0.019536  0.039517  0.108158 -0.002442 -0.064305 -0.150604  0.067780 -0.054011  0.152658  0.196008 -0.048434 -0.220103 -0.133475 -0.149995  0.042323  0.119046 -0.253082
 0.000000 -0.000000 -0.000000  0.288675  0.107547  0.018858 -0.037668 -0.109945  0.238880  0.032074  0.055681 -0.103229  0.164570  0.008944  0.050815  0.000518 -0.066107  0.025768 -0.099818 -0.103517 -0.182192  0.000207 -0.199960 -0.014646 -0.063784  0.074312  0.189408 -0.065598 -0.100871 -0.256455  0.074078 -0.198177 -0.247499 -0.148253  0.031002 -0.049153 -0.148009  0.344700  0.151719 -0.237498  0.156009 -0.126636  0.226992 -0.064462  0.039571  0.066769 -0.032069 -0.331954
 0.000000 -0.000000  0.288675  0.000000  0.234521 -0.128705  0.017752  0.118050 -0.127748 -0.071595 -0.010414 -0.032824 -0.109020  0.007759  0.104323  0.237023 -0.197810 -0.209759 -0.053402 -0.006134 -0.125350 -0.084113  0.128072 -0.043341 -0.106827  0.093507 -0.149534 -0.444749 -0.113670 -0.270334  0.075741 -0.073993 -0.137153  0.112705 -0.247996  0.163588  0.070378 -0.052390 -0.093986  0.166641  0.117986 -0.154156 -0.039190 -0.146739 -0.053388 -0.087723 -0.097128  0.140661
 0.000000  0.000000  0.288675  0.000000 -0.017393 -0.166436 -0.025511 -0.152146 -0.058294  0.072849  0.093411 -0.156349  0.213603 -0.087106 -0.043998  0.107415  0.227914  0.086791 -0.164475  0.087190  0.309116  0.331199 -0.128354  0.044299  0.268961 -0.005337  0.134415 -0.055815 -0.141767  0.112040  0.011165 -0.019966 -0.353363  0.011214 -0.072793 -0.088437  0.008543 -0.015781 -0.188230  0.049155 -0.192568  0.130001 -0.055261 -0.210848  0.089989 -0.009517 -0.144997  0.069106
 0.288675
