17 23
-0.000014  0.000000  0.707327  0.000016  0.000009 -0.081932 -0.000003  0.000010 -0.000000 -0.000004 -0.000018  0.000006  0.000003  0.000013 -0.000030 -0.203229  0.000002 -0.131209  0.054666  0.489184  0.078391 -0.061477 -0.426901
 0.000216  0.000059 -0.000494  0.203622  0.013164  0.004079 -0.061929  0.000380 -0.000051  0.707111 -0.000057  0.000085  0.000041 -0.000250  0.000244  0.000021  0.000150  0.213816  0.289498  0.107823  0.526482 -0.001436  0.190181
-0.000003 -0.000000  0.706886  0.000012  0.000001  0.081992 -0.000095 -0.000009  0.000000  0.000010  0.000057 -0.000009 -0.000003 -0.000013  0.000066  0.203356 -0.000002  0.131604 -0.054245 -0.489335 -0.077653  0.061500  0.427449
-0.000120 -0.000004  0.000030  0.000431 -0.014407 -0.005191 -0.057937  0.000014  0.000312  0.000261  0.000307 -0.203200  0.000040 -0.000141 -0.706657 -0.000163  0.000011  0.267707 -0.368261  0.154794  0.059543  0.470006 -0.007640
-0.000231 -0.000059  0.000489 -0.203594 -0.013160 -0.004075  0.061950 -0.000380  0.000051  0.707102  0.000105  0.000169 -0.000041  0.000250 -0.000356 -0.000027 -0.000150 -0.214049 -0.289163 -0.107960 -0.526557  0.001044 -0.190202
 0.000000  0.000000 -0.000000 -0.000000  0.000000 -0.000000 -0.000000 -0.957740 -0.000000  0.000000  0.000000 -0.000000 -0.034880 -0.000000  0.000000 -0.000000  0.000000 -0.230622  0.019090 -0.015173  0.069968  0.143264  0.048134
 0.000000 -0.000000  0.000000 -0.000000 -0.000000 -0.000000 -0.000000 -0.203389  0.707107 -0.000000 -0.000000  0.000000  0.082124  0.000000  0.000000 -0.000000  0.000000  0.543365 -0.044085  0.035882 -0.163672 -0.337422 -0.113001
-0.000000  0.000000  0.000000 -0.000000  0.000000  0.000000 -0.000000  0.000000  0.000000  0.000000 -0.000000  0.000000  0.000000  0.992620  0.000000  0.000000 -0.000000 -0.002090 -0.034795 -0.069230  0.060031 -0.011723 -0.070402
 0.203153 -0.000006 -0.000012  0.000066  0.080681 -0.001020  0.000027 -0.000029  0.000047 -0.000005  0.706986  0.000106  0.000006  0.000025  0.000021 -0.000031 -0.000047 -0.147598 -0.441592  0.167335  0.171596 -0.332418  0.260103
-0.000000  0.000000 -0.000000 -0.000000 -0.000000  0.000000 -0.000000 -0.000000  0.000000  0.000000 -0.000000  0.000000 -0.000000 -0.034880 -0.000000  0.000000 -0.957740 -0.005340 -0.081957 -0.163177  0.140784 -0.027952 -0.165965
 0.000001  0.000001  0.000001 -0.000001  0.000000 -0.992601  0.000000  0.000002 -0.000004  0.000001  0.000001  0.000001 -0.000001 -0.000003 -0.000001  0.000000  0.000001  0.022840 -0.002024 -0.089255 -0.010393  0.006424  0.078116
 0.000008 -0.000000  0.000001  0.000002  0.000000  0.034795 -0.000004 -0.000004  0.000000 -0.000001  0.000004 -0.000001 -0.000001 -0.000006  0.000009 -0.957781 -0.000001  0.055699 -0.022935 -0.207758 -0.033126  0.025938  0.181338
 0.957857  0.000003  0.000009 -0.000006 -0.034217  0.000428  0.000003  0.000012 -0.000020  0.000002 -0.000006 -0.000000 -0.000003 -0.000010 -0.000001  0.000015  0.000020  0.062508  0.187077 -0.070971 -0.072998  0.141001 -0.110397
 0.000000 -0.707107 -0.000000 -0.000000 -0.000000 -0.000000 -0.000000  0.000000 -0.000000  0.000000  0.000000  0.000000  0.000000  0.082123 -0.000000 -0.000000 -0.203389  0.012819  0.193316  0.384258 -0.331035  0.065927  0.390856
 0.000000 -0.000001  0.000006 -0.000007  0.992466 -0.000101  0.000003 -0.000005  0.000003  0.000002 -0.000005 -0.000001 -0.000001 -0.000002 -0.000009  0.000000  0.000004  0.028400  0.058237 -0.027877 -0.043745  0.073741 -0.051816
-0.203075  0.000006 -0.000027 -0.000036 -0.080632  0.001017 -0.000025  0.000029 -0.000047 -0.000043  0.707228  0.000304 -0.000006 -0.000024 -0.000033  0.000015  0.000047  0.147373  0.441805 -0.167323 -0.171454  0.331930 -0.260011
 0.000111  0.000025 -0.000189 -0.957647  0.005594  0.001733 -0.026356  0.000162 -0.000021  0.000023 -0.000012  0.000198  0.000017 -0.000106 -0.000341  0.000007  0.000064  0.091048  0.122852  0.045953  0.223931 -0.000397  0.080899
-0.000000  0.000000  0.000000 -0.000000  0.000000  0.000000 -0.000000  0.203389  0.707107 -0.000000  0.000000  0.000000 -0.082124  0.000000  0.000000  0.000000  0.000000 -0.543570  0.044548 -0.036040  0.163669  0.337016  0.112999
-0.000002 -0.000008 -0.000005 -0.000003  0.000047  0.000098 -0.992130 -0.000054 -0.000033 -0.000022 -0.000020 -0.000032 -0.000011  0.000052 -0.000040  0.000003 -0.000022 -0.063183  0.007433 -0.034321 -0.079225 -0.059623 -0.024941
 0.000133  0.000004  0.000006  0.000203  0.014385  0.005198  0.057858 -0.000014 -0.000311 -0.000373 -0.000319  0.203783 -0.000040  0.000141 -0.707556  0.000178 -0.000011 -0.267119  0.367798 -0.154525 -0.059100 -0.469249  0.007832
-0.000000  0.707107 -0.000000 -0.000000 -0.000000  0.000000  0.000000  0.000000  0.000000  0.000000 -0.000000 -0.000000  0.000000  0.082124  0.000000 -0.000000 -0.203389  0.012780  0.193252  0.384243 -0.331127  0.065926  0.390826
 0.000012  0.000002 -0.000007 -0.000264  0.006100  0.002205  0.024637 -0.000006 -0.000132  0.000053  0.000170 -0.957696 -0.000017  0.000060 -0.000622  0.000070 -0.000005 -0.113609  0.156490 -0.065750 -0.025241 -0.199504  0.003228
-0.000000 -0.000000 -0.000000 -0.000000 -0.000000 -0.000000  0.000000  0.000000 -0.000000 -0.000000 -0.000000 -0.000000  0.992620 -0.000000  0.000000  0.000000  0.000000 -0.098071  0.008016 -0.006513  0.029485  0.060797  0.020372
 0.992620
