21 33
-0.001171  0.000488  0.000541  0.001210 -0.707690 -0.000208 -0.000906 -0.001084 -0.000333  0.041310 -0.170726 -0.000344 -0.000088 -0.000063  0.000929  0.000330 -0.000285  0.000315 -0.000045 -0.013220  0.000046 -0.057080 -0.130773 -0.177267 -0.012231 -0.376660  0.086768  0.292419  0.334216  0.195499 -0.162650 -0.038354 -0.058741
 0.001190 -0.000495  0.000216  0.000312 -0.706517  0.000231 -0.000491  0.000957  0.000349 -0.041244  0.171815  0.000918  0.001146 -0.000051 -0.001335 -0.000252  0.000279  0.001167  0.000040  0.013207 -0.000009  0.057769  0.132709  0.178152  0.012446  0.377628 -0.087830 -0.291157 -0.334595 -0.195060  0.162937  0.037938  0.059226
 0.000940  0.000365  0.000096 -0.001486 -0.000640  0.015107  0.000937  0.000304 -0.000092  0.000167  0.000541  0.189922 -0.702037 -0.000468 -0.000076  0.000542  0.000060 -0.001735 -0.024770 -0.000855  0.000034 -0.086988 -0.010668  0.009812 -0.245292 -0.298961 -0.032514  0.074528 -0.086256 -0.120075  0.453482  0.276274  0.049562
 0.000033  0.000022 -0.000011  0.000058  0.000025 -0.000013 -0.000016 -0.000039 -0.000020 -0.000018  0.000001  0.000017  0.000002 -0.000029 -0.000019 -0.000016  0.000001 -0.000022 -0.000010  0.235249  0.707071 -0.179116 -0.210777  0.156174  0.007978 -0.133344 -0.341848 -0.076607  0.018380 -0.014897 -0.020641 -0.259032  0.367632
-0.185176 -0.002701  0.000313  0.000182 -0.000293 -0.000011  0.708362 -0.000049 -0.000128 -0.000505 -0.000160  0.000164  0.000434  0.000190 -0.000133  0.029014 -0.013301 -0.001153 -0.000119 -0.000045  0.000243  0.217419  0.237498 -0.004329 -0.167268  0.020533  0.147301 -0.126067  0.114858  0.344648  0.053283  0.028965  0.396947
-0.186460 -0.002701  0.000397 -0.000564  0.001102 -0.000002 -0.705846  0.000292 -0.000181 -0.000526 -0.000073  0.000222 -0.000643  0.000066 -0.000034  0.028921 -0.013392 -0.000814 -0.000288  0.000004  0.000123  0.217245  0.238835 -0.004605 -0.167651  0.019719  0.148506 -0.127789  0.115234  0.344536  0.053489  0.029749  0.398898
 0.000011  0.000002  0.000015  0.000003 -0.000009  0.942538  0.000001  0.000018  0.000007  0.000005  0.000007 -0.000013  0.000010  0.000014  0.000015  0.000012  0.000001 -0.000003  0.000003  0.000011 -0.000002  0.220748 -0.041295  0.140931 -0.020015 -0.072088  0.054867 -0.015701  0.076819 -0.146135 -0.027700 -0.065678 -0.011525
-0.000000 -0.235854 -0.000001 -0.000000 -0.000001  0.000001 -0.000002 -0.000001 -0.000000  0.000000  0.000002 -0.000000  0.000001  0.000001  0.000000  0.000000  0.706844 -0.000000 -0.000001  0.000000  0.000000 -0.015266 -0.093089  0.298361  0.178035 -0.173815  0.206025  0.107136 -0.364917  0.174280 -0.170492  0.170990  0.095661
 0.000000  0.000002 -0.000004 -0.000023  0.000000  0.000003  0.000000 -0.000004 -0.000013  0.000002 -0.000007 -0.000013  0.000003  0.000006 -0.000007  0.000000  0.000001  0.000000  0.000004 -0.942613  0.000005 -0.089618 -0.110402  0.074436  0.004318 -0.053255 -0.159301 -0.049555 -0.004834 -0.017270 -0.002836 -0.135730  0.190474
-0.000326  0.000055 -0.001344  0.000239  0.001817  0.015530 -0.000091 -0.000762 -0.000545  0.000019 -0.001212  0.185454 -0.000514  0.000109  0.001617  0.000258 -0.000355  0.706543  0.025024  0.000286  0.000027  0.036425  0.276859 -0.082792  0.194415  0.100391 -0.020191  0.477732 -0.093732 -0.133782  0.067991 -0.182543  0.198883
-0.000014  0.000019 -0.000000  0.000018 -0.000012 -0.000020  0.000104  0.000024  0.000006  0.000001 -0.000000  0.000003  0.000001 -0.000040  0.000030  0.000004  0.000003  0.000026  0.000024  0.235218 -0.707143 -0.178843 -0.210817  0.156183  0.007785 -0.133271 -0.341795 -0.076501  0.018391 -0.014518 -0.020417 -0.259090  0.367707
-0.000043 -0.000021  0.707812  0.000137  0.000330  0.000015  0.000024  0.000008  0.000001  0.229218 -0.000020  0.000056  0.000044  0.000033  0.000012  0.000055  0.000008 -0.000001  0.000027  0.004752  0.000037 -0.049271  0.115706 -0.083070 -0.328477 -0.146320  0.128803 -0.050782 -0.310833  0.020571 -0.059043 -0.397514 -0.129240
 0.000087  0.000264  0.000056  0.000075  0.000019 -0.000022 -0.000108 -0.000093 -0.000164  0.000006  0.000028 -0.000145 -0.000015 -0.707122  0.000029  0.234003  0.000191 -0.000087  0.000074 -0.000088 -0.000000  0.064119 -0.146023 -0.109234 -0.365391  0.163046 -0.094761  0.182020 -0.087892 -0.148980 -0.323913  0.221686  0.147187
-0.930076 -0.000145 -0.000538  0.000090 -0.000047  0.000079  0.000029  0.000130  0.000021  0.000180  0.000073  0.000300 -0.000016  0.000533 -0.000128 -0.000001  0.010134  0.000079  0.000030  0.000033  0.000045 -0.019680 -0.205714  0.052835  0.015489  0.090339 -0.083026  0.136265 -0.052580 -0.010505  0.080412 -0.064323 -0.204981
-0.000214 -0.000058  0.001300 -0.001108 -0.000339 -0.015462  0.000438  0.000590  0.000574 -0.000055  0.000612 -0.184847 -0.001089 -0.000215 -0.000249 -0.000196  0.000308  0.707664 -0.025044 -0.000271  0.000022 -0.036277 -0.276494  0.081748 -0.194995 -0.101337  0.021577 -0.477108  0.093917  0.133812 -0.066610  0.182906 -0.196763
-0.000075  0.000169 -0.000414  0.000063 -0.000052  0.012270  0.000014 -0.000268 -0.000234 -0.000021 -0.000149 -0.927508  0.000198  0.000083  0.000235  0.000349 -0.000114 -0.000141  0.000036 -0.000187  0.000025 -0.020448  0.105961 -0.029077 -0.021237 -0.080059 -0.021157  0.220127 -0.072707 -0.102128  0.210321  0.038625  0.099394
-0.000000 -0.235868  0.000001  0.000001  0.000000 -0.000001  0.000002 -0.000001 -0.000001  0.000000 -0.000000 -0.000000 -0.000000  0.000001  0.000001  0.000000 -0.706831  0.000001 -0.000000  0.000001 -0.000000 -0.017673 -0.114902  0.304145  0.179626 -0.164363  0.196702  0.120988 -0.370742  0.172537 -0.162531  0.164659  0.073347
 0.000052  0.000027  0.000038 -0.000215 -0.000019 -0.000051 -0.000358 -0.706860  0.000159 -0.000057 -0.000038  0.000196 -0.000116  0.000083 -0.000096  0.000039  0.000044 -0.000093  0.234011 -0.000097  0.000015  0.359557 -0.091774 -0.341212  0.169852 -0.172872 -0.249839 -0.097551 -0.230081  0.077250  0.017089  0.038979 -0.008495
 0.000277  0.000184  0.000052  0.707832 -0.000199  0.000159 -0.000019  0.000264  0.000177 -0.041821 -0.171807  0.000454 -0.001127 -0.000076 -0.000536  0.000197 -0.000224 -0.000395 -0.000118  0.014364 -0.000025 -0.046203 -0.333215 -0.248753  0.088571  0.117839  0.400218 -0.090846 -0.057048 -0.156519  0.138984 -0.092526  0.216018
 0.000006 -0.000019 -0.000007  0.000002  0.000041  0.000034  0.000044 -0.000016  0.000030  0.942234  0.000022 -0.000007  0.000029  0.000006 -0.000007  0.000021 -0.000009  0.000001 -0.000000  0.000126 -0.000004  0.025137 -0.074013  0.033907  0.169218  0.115101 -0.034746 -0.008515  0.117235 -0.040813  0.055342  0.188624  0.087870
 0.000021  0.000035 -0.000005 -0.000063 -0.000000 -0.235093  0.000023 -0.000029 -0.707151  0.000006  0.000038 -0.000018  0.000005 -0.000001 -0.000041  0.000039 -0.000007  0.000012  0.000098 -0.000003 -0.000002  0.438839 -0.063006  0.277091 -0.043246 -0.158167  0.106315  0.009614  0.140041 -0.312200 -0.016450 -0.125246 -0.004460
-0.000025 -0.000226 -0.000006  0.000101 -0.000032 -0.000017 -0.000007  0.000045  0.000004  0.000039  0.000053 -0.000036 -0.000010  0.000079 -0.000080 -0.941848  0.000029 -0.000018 -0.000003 -0.000047  0.000006  0.055748 -0.075468 -0.046813 -0.200160  0.096956 -0.041549  0.096733 -0.037462 -0.032934 -0.141144  0.103796  0.090538
-0.000022  0.000034  0.000021 -0.000059 -0.000145 -0.000057 -0.000018  0.707351  0.000109  0.000124  0.000026  0.000057 -0.000035 -0.000022 -0.000188  0.000068  0.000025  0.000080  0.233934 -0.000147  0.000077  0.358933 -0.090848 -0.341717  0.170415 -0.174043 -0.249697 -0.095920 -0.229013  0.077023  0.015851  0.038623 -0.008340
 0.180882 -0.003126 -0.000431 -0.000387  0.000128  0.000125 -0.001089  0.000644 -0.000135 -0.000008  0.000305  0.000208  0.001432  0.001713  0.709169  0.029399  0.012262 -0.000435 -0.000167 -0.000020  0.000233  0.171513 -0.283445  0.129425 -0.130652  0.250148 -0.060534  0.219354 -0.014652  0.326453  0.257853 -0.134918 -0.117978
-0.000001 -0.000281 -0.000052 -0.000130  0.000097  0.000040  0.000227 -0.000010  0.000140  0.000026  0.000082 -0.000108  0.000090 -0.707087  0.000076 -0.233971 -0.000130 -0.000017 -0.000040  0.000057  0.000012 -0.063080  0.144823  0.109792  0.365089 -0.161419  0.094465 -0.180758  0.087836  0.150755  0.324698 -0.222768 -0.147779
-0.000024 -0.000033  0.000006 -0.000019 -0.000019  0.235101  0.000030 -0.000019 -0.707061 -0.000031 -0.000007 -0.000002  0.000051  0.000024 -0.000009 -0.000167  0.000011  0.000019 -0.000003  0.000037 -0.000025 -0.438942  0.062482 -0.277080  0.043396  0.158336 -0.106213 -0.010919 -0.140319  0.312057  0.016484  0.125431  0.004078
 0.000042 -0.000002  0.000018  0.000004 -0.000026  0.000008  0.000002 -0.000015  0.000031 -0.000016  0.000044 -0.000014  0.000039 -0.000020 -0.000002 -0.000020  0.000002 -0.000001  0.942364  0.000004  0.000005 -0.184757  0.030026  0.174359 -0.107590  0.065324  0.123629  0.026512  0.114578 -0.037133  0.011895  0.004707 -0.003593
 0.000185  0.000187 -0.000133 -0.706376 -0.001722  0.000175  0.000723  0.000417  0.000259 -0.041703 -0.172244  0.000311  0.000301 -0.000021 -0.001032  0.000104 -0.000222 -0.001261 -0.000101  0.014438  0.000016 -0.046496 -0.333535 -0.249696  0.089379  0.118357  0.401250 -0.089818 -0.056936 -0.156958  0.137943 -0.093897  0.216487
 0.000489 -0.000250 -0.000057 -0.000102 -0.000256 -0.000012 -0.000120  0.000297  0.000022  0.000261 -0.939225 -0.000063 -0.000220 -0.000062 -0.000320 -0.000207  0.000202  0.000009  0.000040 -0.000450 -0.000007  0.037942  0.169272  0.156433 -0.028611  0.094244 -0.178685 -0.074019 -0.100934 -0.013361  0.008871  0.048353 -0.058314
-0.000000  0.942711 -0.000000  0.000000 -0.000000 -0.000000  0.000000  0.000000  0.000000  0.000000 -0.000000  0.000000  0.000000 -0.000000 -0.000000 -0.000000 -0.000000  0.000000  0.000000 -0.000000 -0.000000 -0.005773 -0.052233  0.151966  0.087942 -0.082256  0.100998  0.057322 -0.183728  0.091003 -0.081411  0.083025  0.043543
 0.182150 -0.003142 -0.000547  0.000108  0.000541  0.000196 -0.001197  0.000549 -0.000089  0.000252  0.000563  0.000343  0.001420  0.001618 -0.705034  0.029658  0.012333  0.000934 -0.000193 -0.000080  0.000185  0.172302 -0.284038  0.129984 -0.131123  0.250410 -0.061363  0.223141 -0.013724  0.328909  0.258664 -0.136295 -0.118862
-0.000121 -0.000373 -0.000224  0.000049 -0.000420 -0.014847  0.000140 -0.000216  0.000034 -0.000079  0.000254 -0.187336 -0.712134  0.000394  0.000093 -0.000447 -0.000005  0.000121  0.024441  0.000848 -0.000031  0.086409  0.010209 -0.008618  0.241344  0.296250  0.031286 -0.072503  0.084336  0.119322 -0.445775 -0.273037 -0.049447
-0.000227  0.000019  0.706397 -0.000320  0.000430  0.000020  0.000057  0.000007 -0.000002 -0.229690 -0.000000  0.000008 -0.000172 -0.000025 -0.000122 -0.000085  0.000031  0.000044  0.000034 -0.004754 -0.000026  0.049525 -0.115566  0.083242  0.330018  0.147654 -0.129416  0.053133  0.310788 -0.021114  0.059837  0.397229  0.129589
 0.942711
