4 28
-0.377964  0.000000 -0.000000 -0.000000 -0.096900  0.227280 -0.324363 -0.098718  0.206668 -0.064837  0.045095 -0.140647  0.149309  0.236599 -0.247365  0.130014 -0.106314  0.087427  0.177637 -0.254765  0.154507  0.220262  0.397750  0.163219  0.065777 -0.079837 -0.095915  0.252000
 0.377964  0.000000 -0.000000 -0.000000 -0.112970  0.010350  0.362647  0.231836 -0.152204  0.114880 -0.250370 -0.316219  0.426993 -0.016558 -0.056818  0.023706 -0.245547  0.299625  0.065052 -0.059444  0.096812  0.216935 -0.014200  0.068642 -0.074263 -0.056235  0.018420  0.213037
 0.000000  0.000000  0.377964 -0.000000  0.142401  0.148532 -0.118080  0.119656  0.005977  0.109745 -0.094752  0.082531 -0.139693 -0.339945  0.126769 -0.331423 -0.068684  0.172982  0.206309 -0.465712  0.153282 -0.177797 -0.005604 -0.058399 -0.071844 -0.363135  0.015322 -0.088211
-0.000000  0.377964  0.000000 -0.000000 -0.249929 -0.259986 -0.197271  0.200205 -0.035589 -0.061531 -0.062093 -0.057663  0.132409 -0.160014  0.357630 -0.183265  0.028144 -0.330890 -0.201952  0.021970  0.074558  0.259559  0.306738  0.200565  0.088034 -0.120365  0.195444 -0.109561
 0.000000 -0.000000  0.000000  0.377964  0.363742  0.053223 -0.000389 -0.022861 -0.208677  0.175987 -0.277223  0.307933 -0.089604 -0.058645  0.139405  0.203272 -0.207472 -0.181054  0.306858 -0.047073 -0.143511  0.358756  0.106782  0.102370  0.058195  0.232156 -0.027284 -0.040647
-0.000000 -0.000000 -0.000000  0.377964  0.128345 -0.076237 -0.125879  0.229839  0.420821  0.188580 -0.071788  0.026934  0.173793 -0.171520 -0.204532  0.033621  0.274643 -0.132746  0.027752  0.300193 -0.109580 -0.002791 -0.153609  0.098931 -0.200204 -0.342937 -0.118858  0.209568
-0.000000  0.377964  0.000000  0.000000  0.313419  0.045352 -0.322858 -0.244613 -0.075855 -0.052672 -0.027911 -0.310245  0.188525  0.047591 -0.087574 -0.314467  0.104320  0.040404  0.186023  0.062064  0.086763  0.074967 -0.378455  0.013287 -0.105577  0.284402  0.208070 -0.002907
-0.000000 -0.000000  0.377964  0.000000  0.019100  0.011083 -0.055133 -0.118821 -0.343181 -0.045948 -0.129792  0.462412  0.330543  0.172145 -0.119554  0.149671  0.213886 -0.011043 -0.150104  0.153767  0.345907 -0.132545  0.063002 -0.050796 -0.046713 -0.088385  0.219573  0.139047
-0.000000  0.377964 -0.000000  0.000000  0.275937 -0.087105 -0.003456  0.142647 -0.129901 -0.107354  0.106533 -0.153794 -0.015805  0.341056  0.334230  0.309887  0.011347  0.082414  0.176055  0.068851 -0.014597 -0.150902 -0.041948 -0.212004  0.225961 -0.375199 -0.238663  0.064848
 0.000000 -0.000000  0.377964  0.000000 -0.183485 -0.398648 -0.154571  0.088585 -0.000860  0.114728  0.302477  0.024103  0.088369 -0.281181 -0.057390  0.146498  0.142431  0.211393  0.144791 -0.040218 -0.007558  0.181820 -0.093586 -0.163785  0.295069  0.331194 -0.239651  0.074230
-0.000000  0.377964 -0.000000  0.000000  0.120793 -0.217511  0.036992 -0.150627  0.010706  0.283969 -0.264113  0.059332 -0.191097  0.077510 -0.418179 -0.184218 -0.169702  0.101872 -0.414269 -0.032305 -0.013757  0.043875  0.157687 -0.209785  0.098532 -0.044370 -0.265315 -0.030363
-0.000000 -0.000000 -0.000000  0.377964  0.177282 -0.270504 -0.018242  0.113143 -0.022359 -0.211662  0.113909 -0.097211 -0.248071  0.028402 -0.012223  0.086147  0.067064  0.412234 -0.201121 -0.140877 -0.153324 -0.086202  0.223170  0.046760 -0.142546  0.087850  0.465017  0.199566
 0.377964 -0.000000 -0.000000  0.000000  0.122253 -0.157226 -0.037919 -0.551954 -0.034881  0.169417  0.343002 -0.024353  0.105238 -0.106430  0.058384  0.127334 -0.098408 -0.116334 -0.088806 -0.184804 -0.067421 -0.140842  0.049120  0.417107 -0.023680 -0.173821 -0.096425  0.122867
 0.000000 -0.000000 -0.377964 -0.000000 -0.122614 -0.309196 -0.007357 -0.152066  0.033204 -0.130531 -0.490809  0.060764 -0.003061 -0.100244  0.126545  0.031349  0.339939  0.088022  0.208828 -0.217260  0.205600 -0.284556  0.041991  0.081182  0.001971  0.142000 -0.220538  0.137942
-0.000000  0.000000 -0.000000  0.377964 -0.418262 -0.132904 -0.043883 -0.224019  0.047918  0.288584  0.030483 -0.082145 -0.104610  0.135217  0.075204 -0.093630 -0.336903 -0.066709  0.305930  0.223674  0.187460 -0.245095  0.025047 -0.257697  0.007845 -0.035131  0.220082  0.044339
-0.000000 -0.000000 -0.377964 -0.000000 -0.042728 -0.060661 -0.023493 -0.053235 -0.001829  0.127986  0.047188  0.085534  0.149938 -0.092380 -0.234016  0.253542  0.121249 -0.047784  0.025105 -0.357935 -0.017061  0.177922 -0.225893 -0.268923  0.262834 -0.282335  0.412314 -0.228992
 0.000000  0.377964  0.000000  0.000000 -0.184039  0.039425  0.225806 -0.111958  0.025056 -0.165248  0.174719  0.101391 -0.267290 -0.155172 -0.054855  0.265322  0.033427 -0.009758  0.098796 -0.049323  0.268399  0.291148 -0.086826 -0.084607 -0.570798 -0.045437 -0.087203 -0.011770
-0.377964 -0.000000  0.000000 -0.000000 -0.026987 -0.113599  0.295185 -0.037170 -0.061378  0.316747  0.058251  0.037392 -0.166114  0.168200  0.080402 -0.114541  0.167433  0.296811  0.036596  0.120469  0.187633  0.162590 -0.218425  0.513368  0.158814 -0.138773  0.065206 -0.130478
 0.000000 -0.000000 -0.000000 -0.377964 -0.206585  0.040689 -0.388353 -0.087081 -0.244588  0.167385 -0.266266 -0.026975 -0.241146 -0.151944  0.020575  0.209442 -0.017544  0.221550  0.073299  0.253167 -0.377667  0.070118 -0.045117  0.054315 -0.127378 -0.192631  0.125511  0.170111
-0.000000  0.000000  0.000000 -0.377964  0.274524 -0.254578  0.042401  0.262240  0.034677  0.314563  0.069485 -0.141179 -0.023334  0.007226 -0.222753  0.181247  0.009734 -0.172005  0.276498  0.065209  0.164304 -0.230097  0.325994  0.068188 -0.207225  0.135829  0.177916 -0.210077
 0.377964 -0.000000 -0.000000  0.000000 -0.095871 -0.097423 -0.373300  0.187879  0.286707 -0.112249 -0.070382  0.273691 -0.037300  0.337904 -0.020596  0.104547 -0.230411  0.233284 -0.012110 -0.028084  0.120878  0.015466 -0.194362  0.232468 -0.058444  0.045968 -0.044738 -0.373602
 0.000000  0.000000 -0.377964  0.000000  0.092239  0.126751 -0.228372  0.320742 -0.235788  0.095790  0.215140  0.106519 -0.165598 -0.226031 -0.041044  0.000713 -0.235155 -0.036715 -0.179304  0.056387  0.423717 -0.097043 -0.167198  0.080867  0.124558  0.080726 -0.056839  0.366406
 0.000000 -0.000000  0.377964  0.000000 -0.051119 -0.004074  0.068562  0.026021  0.133651 -0.085280 -0.306413 -0.316229 -0.297940  0.030327 -0.098340  0.320858 -0.061600 -0.369809 -0.146367 -0.166645  0.120624 -0.075155 -0.314913  0.166107  0.212852  0.060717  0.139695  0.150289
 0.000000  0.377964 -0.000000  0.000000 -0.006292  0.292787  0.174390 -0.081206  0.246280 -0.171235 -0.036454  0.124959  0.090752 -0.399536 -0.101842  0.165014 -0.128186  0.223716  0.092890  0.261155 -0.030976 -0.266041  0.138468  0.167367  0.341141  0.082391  0.146348 -0.123173
-0.000000  0.000000  0.000000 -0.377964  0.183168 -0.212533  0.157559 -0.079057  0.447613 -0.040459 -0.007839  0.323664 -0.004011  0.078172  0.200033 -0.161279 -0.194858 -0.017819  0.089623  0.017541 -0.005593  0.184648 -0.079488 -0.132140  0.057893 -0.001259  0.235530  0.452793
 0.377964  0.000000 -0.000000  0.000000  0.031725  0.382278 -0.053086 -0.065295  0.225020  0.361573 -0.004965 -0.100581 -0.199889  0.085395  0.246211  0.062555  0.436101  0.104896 -0.120481  0.037013  0.217476  0.158700  0.212837 -0.155420  0.120210  0.137783  0.072551  0.043811
 0.377964  0.000000 -0.000000  0.000000 -0.069023 -0.024298  0.072480  0.061647 -0.179352 -0.281711  0.086061  0.064207 -0.311847  0.104489 -0.394145 -0.302669  0.199384 -0.137233  0.370578  0.101023 -0.025605  0.132594  0.125930  0.113791  0.260768 -0.172306  0.019484  0.115409
-0.000000  0.377964 -0.000000 -0.000000 -0.269888  0.187037  0.086398  0.245551 -0.040698  0.274071  0.109317  0.236020  0.062508  0.248564 -0.029411 -0.058273  0.120650 -0.107757  0.062457 -0.332412 -0.370390 -0.252606 -0.095664  0.125176 -0.077293  0.218579  0.041319  0.212926
 0.377964
