1 47
 0.145865  0.080423  0.023903 -0.101373 -0.067821  0.057891 -0.159143  0.024465  0.148645  0.255335 -0.096168 -0.188871 -0.041596 -0.028580  0.140620  0.313729 -0.265588  0.176603 -0.052956 -0.103032 -0.075946  0.038895  0.100560  0.196272 -0.126757  0.037225 -0.028862 -0.171568  0.034623  0.005047 -0.077152 -0.068982 -0.215794  0.259275  0.048788  0.005705  0.084087  0.289836 -0.208309  0.271259 -0.227334 -0.049470  0.055145 -0.138180 -0.081724 -0.185617  0.046985
-0.145865  0.144396  0.233452 -0.048815 -0.147446 -0.038963  0.000442 -0.048081 -0.096053  0.257097 -0.039350  0.079015 -0.249432  0.309119  0.008154 -0.032504  0.011899 -0.105323 -0.072650  0.148772 -0.135501  0.058171  0.124976 -0.120704  0.045047 -0.146739  0.050634 -0.018511  0.064111  0.172814  0.254227  0.094482 -0.098513  0.070438 -0.413894 -0.012116 -0.064767 -0.092519 -0.031627 -0.162166 -0.207633 -0.042102 -0.114521  0.128470 -0.087854 -0.269670 -0.166468
 0.145865  0.157864  0.268676  0.124377  0.164023 -0.055937  0.077480 -0.032639  0.202370 -0.268690 -0.020986 -0.000522 -0.267333  0.237205 -0.090631  0.114907 -0.113861  0.055825 -0.219296 -0.017647 -0.152205 -0.295457  0.145388  0.156259 -0.108670  0.183109 -0.045114  0.034518 -0.107781 -0.080125 -0.052305  0.068616  0.007688 -0.165327  0.085778 -0.104258 -0.143955 -0.167467 -0.205817  0.021082 -0.062924 -0.165482  0.042972  0.182971 -0.018642  0.247643 -0.078904
 0.145865 -0.083490  0.170547  0.137279 -0.217241 -0.144276 -0.102990  0.137445  0.093485  0.070029  0.075825  0.108249 -0.085326 -0.211722  0.041943  0.089489  0.216061 -0.125139  0.150841  0.080470  0.035389 -0.114070 -0.060462  0.374041  0.117692 -0.095802 -0.269288 -0.423845  0.051667  0.039152 -0.033636  0.040282 -0.020270 -0.032679  0.024675  0.153897 -0.199862 -0.233012  0.021838 -0.016679  0.045366  0.042977 -0.005912  0.105772  0.184016 -0.139215  0.112465
 0.145865  0.219029  0.090241 -0.108420 -0.055045  0.075996 -0.124808  0.031930 -0.099319 -0.254720  0.044887 -0.024320  0.211721 -0.033572  0.092108  0.015124  0.164551 -0.169528 -0.269712 -0.050598 -0.010597 -0.168879  0.072800  0.007874  0.233712 -0.175677 -0.100967  0.177391  0.118318 -0.075191 -0.033876  0.204255 -0.154241 -0.095463  0.120122  0.021999  0.053808 -0.064120  0.273261  0.014540 -0.289354 -0.194024  0.020986 -0.297120 -0.161138 -0.154201  0.095434
-0.145865  0.027686  0.130609  0.210056  0.128413 -0.267303  0.212714 -0.051414 -0.072767  0.137488  0.049665 -0.008449  0.081201  0.152266 -0.100541  0.072380 -0.269162 -0.086453  0.018007  0.143963  0.245357  0.003962 -0.017835 -0.228096  0.007891 -0.043386 -0.120276 -0.150227 -0.243886  0.053598 -0.136661  0.216886  0.245664 -0.114287  0.189535  0.033774 -0.027752  0.091882 -0.025529  0.101808 -0.192202 -0.062820 -0.135327 -0.222970  0.128323 -0.170638  0.208072
 0.145865  0.065060 -0.010766 -0.062997  0.055969  0.017706 -0.030175  0.000728 -0.054436  0.124231  0.055131 -0.290223  0.007150 -0.026372 -0.335309 -0.156863  0.015949  0.070229  0.046774 -0.052202  0.111519 -0.039104  0.132658  0.128284  0.049805 -0.161199  0.026226  0.118147  0.007224 -0.203071 -0.047929  0.395258 -0.052649  0.286091 -0.114828 -0.168386 -0.273095  0.005694 -0.037097  0.060928  0.220663  0.003590 -0.174623 -0.158738  0.272881  0.035284 -0.188638
 0.145865 -0.031693  0.040860 -0.196546  0.147818 -0.295118  0.082887 -0.006818 -0.163451  0.079905 -0.227358  0.095700  0.091663 -0.121556 -0.081276  0.153083  0.031350  0.021752  0.257746  0.180094  0.025794 -0.074559  0.146540 -0.112955  0.070052  0.171582 -0.320149  0.023207 -0.022873 -0.205158  0.125755  0.007123 -0.096505  0.095661 -0.004747 -0.071420  0.285895  0.022607  0.028807 -0.108253  0.148908 -0.371979  0.135357  0.121841 -0.051339 -0.053854 -0.141848
-0.145865 -0.158389 -0.074825  0.012145  0.038632 -0.043174 -0.000276 -0.195831  0.062498  0.110696 -0.139038  0.159620 -0.096521  0.034575 -0.172798  0.028525  0.188379  0.013162 -0.151542 -0.010643 -0.066380  0.105313 -0.194990  0.126953  0.056765 -0.105987 -0.170754  0.194634 -0.269708  0.079072  0.130423  0.249248 -0.058998  0.149573  0.281347  0.047231 -0.029034 -0.048824 -0.038345  0.130809 -0.097334  0.225726  0.449059 -0.010628 -0.091223 -0.053671 -0.183273
-0.145865  0.179909  0.099245  0.190452 -0.155536  0.024498 -0.082392  0.127245 -0.058502  0.049523  0.175017  0.093937 -0.002694  0.046737  0.102814  0.123706 -0.254305 -0.225627 -0.034834  0.029470  0.011255  0.112031 -0.150124  0.218606 -0.087899  0.306116  0.023914  0.200384 -0.023739 -0.024980 -0.099582  0.253925 -0.082643  0.237980  0.012774 -0.087654  0.044455  0.102292  0.168799 -0.345044  0.267933 -0.023915  0.151286  0.028239 -0.047269  0.008131  0.176121
 0.145865  0.288938 -0.056157 -0.108908  0.033470 -0.393735 -0.006498 -0.013399 -0.050863 -0.163009  0.164556  0.062772  0.022133 -0.025158 -0.032693 -0.031885  0.051644  0.186460 -0.054036  0.036239 -0.099487  0.179782 -0.060130  0.137902  0.209091  0.000387  0.225076  0.038259 -0.122727  0.032314  0.101638  0.164787  0.041440 -0.084729 -0.112249  0.234605  0.023559  0.254664 -0.011111  0.288417  0.165126  0.051218 -0.078786  0.297224 -0.124839 -0.088402  0.177269
-0.145865  0.038237  0.110014 -0.086807 -0.016790 -0.092429  0.206822  0.036441  0.146866  0.128467  0.166284  0.251566  0.142330  0.109077 -0.008765  0.054129  0.159707  0.260789  0.046292 -0.063615 -0.221965 -0.118028 -0.003666  0.292780 -0.184855 -0.019340 -0.022264  0.029474 -0.000421 -0.246398  0.238183 -0.131112  0.318172  0.105452  0.004555 -0.001395 -0.002134  0.119123  0.238877 -0.081634 -0.078871  0.013922 -0.175235 -0.294752 -0.041840  0.057050 -0.045127
 0.145865  0.086079  0.116729 -0.174775  0.016072  0.185301  0.044756 -0.232698  0.259575 -0.036309  0.134924 -0.017297 -0.059544  0.232815  0.023593  0.093057  0.248089 -0.089429  0.204418 -0.273069  0.235522  0.316221  0.084523 -0.151503  0.049643  0.018553 -0.006436 -0.150171  0.038867 -0.223042 -0.113146  0.115191  0.230036  0.123982 -0.054791  0.041937  0.027122  0.039044  0.049028 -0.093976 -0.137928 -0.041395  0.220163  0.175827  0.016175  0.043262  0.138691
-0.145865 -0.027141 -0.125680 -0.068712 -0.136209  0.079715 -0.035073 -0.261988  0.002477 -0.000355  0.180000  0.215605 -0.220479 -0.003614  0.114178  0.084902  0.031346  0.056633 -0.062681 -0.054977 -0.044513 -0.290019  0.081339 -0.069798  0.086711  0.000736 -0.018036  0.187507 -0.114632 -0.248561 -0.149134  0.017491 -0.072279  0.022982 -0.064826  0.086104  0.378052 -0.134944 -0.209649  0.061015  0.119438  0.102634 -0.142373 -0.020042  0.354031 -0.215495  0.149380
 0.145865 -0.075113 -0.147438 -0.154087  0.193607 -0.053734 -0.227060  0.030915  0.120516  0.215675  0.041686  0.099800 -0.149882  0.051566 -0.300145  0.027769 -0.291968 -0.219954 -0.066955 -0.225687 -0.026485 -0.104815  0.040542  0.039745  0.154842 -0.049754  0.104374  0.061085 -0.175552  0.065041 -0.081968 -0.265142  0.052889 -0.027771 -0.019432  0.359457 -0.066267 -0.009155  0.319158 -0.144568  0.014901 -0.139092  0.019827 -0.013962  0.058936 -0.022949 -0.065961
-0.145865 -0.002595 -0.041862 -0.143461  0.074902 -0.143138  0.144115 -0.124822  0.089182 -0.017608 -0.075009 -0.140331  0.400077  0.082146 -0.045519  0.009188  0.060022 -0.033514  0.151814  0.010690  0.018175 -0.152054  0.049472  0.225873  0.087155  0.307742  0.079594  0.140270 -0.082860  0.149051 -0.349627 -0.123611 -0.074637  0.112759 -0.186327 -0.101388 -0.107168 -0.235378  0.059537  0.010859 -0.223478  0.200112 -0.019685  0.155375 -0.036395 -0.204505  0.013139
 0.145865  0.208703 -0.025842 -0.131320  0.187825  0.039235  0.097729 -0.179050  0.082911 -0.077022 -0.008471  0.046137 -0.056670 -0.160651  0.081429  0.036077 -0.074978 -0.174226  0.070315  0.223211 -0.021953  0.137827  0.168976 -0.018489 -0.085820  0.105314 -0.026839  0.100267  0.020586 -0.175661  0.194488 -0.155779 -0.103902 -0.213097  0.081118  0.053849 -0.367482  0.087556 -0.136781 -0.204948  0.086539  0.322718  0.090658 -0.226015  0.062700 -0.282684  0.035492
-0.145865  0.081755  0.056208 -0.045436  0.145405 -0.058064 -0.323363  0.180564  0.219023 -0.163232 -0.304590  0.268202 -0.073975 -0.023343  0.089417 -0.212452  0.055257 -0.210496  0.028859 -0.106558 -0.052579  0.259930  0.005859  0.050560 -0.068356  0.165851 -0.043083 -0.052434 -0.114516 -0.013336 -0.075414  0.049116  0.097237 -0.080300 -0.136869 -0.273833  0.087569  0.035737  0.075066  0.273832  0.023090 -0.054325 -0.113928 -0.153592  0.199375 -0.135871 -0.136260
 0.145865  0.125652 -0.130850  0.065551 -0.080796 -0.067677 -0.389272 -0.038936 -0.083965  0.185147  0.150643  0.080739  0.272362  0.141756  0.114961  0.033811  0.008270 -0.049041 -0.041427  0.150309 -0.202164 -0.060368  0.029396 -0.240407  0.189008  0.156520  0.114526 -0.126435 -0.090603 -0.091674  0.103372 -0.091207  0.261927  0.175943  0.040060 -0.132892 -0.164606 -0.278715 -0.193722  0.123749  0.061944 -0.001875  0.164595 -0.125778 -0.036155  0.136972  0.004146
 0.145865 -0.233192 -0.080596 -0.028428  0.033319  0.182931 -0.001645  0.120756 -0.248182 -0.112443  0.209647  0.172077 -0.035771  0.116961 -0.077951 -0.006910 -0.267925  0.304084  0.020537  0.014277  0.029686  0.070718  0.055064  0.086597  0.131025  0.293158 -0.222425  0.002160  0.235485  0.070942  0.044478  0.160444  0.119671 -0.181911 -0.267283  0.008074 -0.019761 -0.009515  0.091306  0.114498 -0.169399  0.122928  0.237204 -0.085620  0.135990 -0.074625 -0.067858
 0.145865 -0.013966 -0.056296 -0.143499 -0.047500 -0.093181 -0.071595  0.033444  0.078933 -0.232511 -0.080934 -0.065597 -0.143070  0.081367 -0.154749  0.247332 -0.033355 -0.105828  0.011425  0.428941 -0.051082 -0.095098 -0.204266 -0.100380 -0.289628 -0.168784  0.072236 -0.072887  0.147236 -0.075121 -0.268252  0.081524  0.193563  0.112534 -0.167127  0.077884  0.171108 -0.066421  0.156132  0.061513  0.063354  0.256190  0.046531 -0.121220 -0.146600 -0.002625 -0.107369
 0.145865 -0.104238  0.058194 -0.068443 -0.116412  0.027371  0.222231  0.301430 -0.004435  0.129462  0.114566  0.071161 -0.066830 -0.108950  0.170008  0.060726  0.219812 -0.030022 -0.336570 -0.007774  0.134608 -0.012062  0.101857 -0.303367 -0.183318  0.174461 -0.190086  0.178215 -0.231840  0.001302 -0.147236 -0.092935  0.004365  0.142567 -0.132183  0.082223 -0.274656  0.050930  0.132478  0.237981  0.102097  0.012415 -0.039672  0.081722 -0.059918 -0.036412 -0.039642
-0.145865  0.349208 -0.154503 -0.018843  0.067689  0.160032 -0.282359  0.025695 -0.028120  0.022376 -0.121735 -0.208933  0.043041 -0.019541  0.002045  0.034555  0.100160  0.212928  0.001624 -0.124291  0.217202 -0.230712 -0.313443 -0.055346 -0.143464  0.159195 -0.290405 -0.076719 -0.194570 -0.028185  0.123357  0.096367  0.117348 -0.145355 -0.178747  0.227539 -0.047020  0.011894 -0.070355 -0.177668 -0.004758  0.030325 -0.074520  0.034545 -0.096126 -0.073059 -0.084743
-0.145865  0.149028  0.000908 -0.105949 -0.017849  0.104757 -0.078463 -0.016039 -0.001362  0.109379  0.085660  0.120191 -0.101737 -0.027075 -0.337691  0.105337  0.216430  0.217375  0.084635 -0.044638 -0.117127 -0.096463  0.295647 -0.173806 -0.058172  0.091160  0.047799 -0.250314 -0.032443  0.301579 -0.165019  0.085460 -0.170981 -0.186079  0.121190 -0.226417 -0.006684  0.037699  0.179345 -0.019889  0.240306  0.079349  0.067408 -0.126983 -0.170201 -0.024173  0.180150
 0.145865  0.140542  0.220509  0.056165  0.119083  0.044111  0.080445  0.134092  0.107243  0.004844 -0.010691 -0.121930  0.154229  0.157066  0.122086 -0.016325 -0.034671  0.172348 -0.116294 -0.081963  0.190423 -0.018717  0.072839  0.000112 -0.081921 -0.059098  0.152193  0.004978  0.081911  0.238779  0.177086 -0.065792  0.116545  0.053130  0.210701  0.061430  0.266164 -0.270414  0.107450  0.025970  0.328317  0.079289  0.155919  0.022401  0.185359 -0.350890 -0.182971
-0.145865  0.073290 -0.020347 -0.133666 -0.186077 -0.253178  0.004206  0.206666  0.024141 -0.060269  0.034177  0.011204 -0.076170  0.070257  0.033704  0.114057 -0.033054  0.074650 -0.065513 -0.013206  0.461224  0.183647  0.217762  0.160286  0.197188 -0.087644  0.016616 -0.004480 -0.164207 -0.037224 -0.021536 -0.142780 -0.110590 -0.100582 -0.122553  0.004559  0.118186 -0.164436 -0.181021 -0.110617  0.028207  0.136572  0.069657 -0.297833 -0.142619  0.290513 -0.123814
 0.145865  0.062816 -0.139989 -0.196500 -0.008246  0.001983  0.124101  0.018582 -0.133302  0.031963 -0.284329  0.024598 -0.002239  0.222920 -0.073291 -0.261520 -0.050556 -0.082285 -0.150534 -0.112879 -0.145717  0.145508  0.105295  0.115193 -0.108779  0.017795 -0.358821 -0.014014  0.112099  0.135244 -0.017487  0.009085  0.115449  0.167714  0.065128  0.143725  0.084376 -0.205316 -0.157933 -0.054202  0.134070  0.102949 -0.172470 -0.069709 -0.096893  0.095324  0.409939
-0.145865 -0.151909 -0.033117 -0.180906 -0.216616  0.082649  0.003725  0.037810  0.105679 -0.122341  0.290525 -0.318348 -0.135423  0.010054 -0.222388  0.007873 -0.032889 -0.280071  0.053966  0.033099  0.007198  0.048189  0.008608  0.029083  0.082912  0.334016 -0.076129 -0.030518  0.001884 -0.020154  0.306738 -0.011005  0.090960 -0.003807  0.262703 -0.017734  0.108790 -0.073663 -0.028533  0.186683  0.024135 -0.031872 -0.253167  0.020500 -0.209689 -0.154121 -0.125679
 0.145865  0.044853  0.152196  0.073349  0.063507 -0.248928 -0.159313 -0.378748 -0.242663 -0.000006  0.203627 -0.034325 -0.143060  0.038690  0.125730 -0.268509  0.162103 -0.065536  0.072886 -0.018608  0.127325 -0.044558  0.021678  0.025875 -0.265811  0.259535 -0.012384 -0.057233  0.043853  0.187494 -0.016175 -0.068604 -0.189954  0.128040  0.059590  0.187733  0.113004  0.070034  0.130605  0.063771 -0.111876  0.077570 -0.041821 -0.188927  0.069351  0.208339 -0.169192
 0.145865 -0.018313 -0.052468  0.017848 -0.160719 -0.069206  0.151646  0.235717  0.018603  0.037422  0.111073 -0.029613  0.261800  0.322521 -0.014885 -0.001963  0.062332 -0.292229  0.244335 -0.269257 -0.266114 -0.105950 -0.067782 -0.079693 -0.138878 -0.062109 -0.048416 -0.017502 -0.096609  0.000323 -0.027953  0.112547 -0.222373 -0.280674 -0.079761  0.111046  0.099253  0.175691 -0.212091  0.024259  0.087876  0.098940  0.130185 -0.093512  0.073603  0.017971 -0.182189
-0.145865 -0.132551 -0.098373 -0.073926  0.195278 -0.268591 -0.201449  0.270444  0.121689  0.046100  0.017159  0.075206 -0.034806 -0.020220  0.049236  0.232731  0.179422  0.022884  0.076153 -0.089530  0.045739 -0.024661  0.103244 -0.142321 -0.108287  0.100741  0.128370  0.262181  0.423224  0.142375  0.036467  0.251275  0.039352  0.038832  0.174474  0.195925 -0.114312 -0.044336 -0.218690 -0.112109 -0.139617 -0.008453 -0.105105  0.014615  0.085825  0.035020  0.055660
 0.145865  0.083249  0.040564  0.110029 -0.246034  0.071252 -0.066161  0.018031 -0.253078 -0.217851 -0.131564  0.368451 -0.069211  0.139333 -0.168183  0.010290 -0.023202  0.021696  0.291928 -0.166005  0.261916 -0.148597 -0.047704  0.018488 -0.011995 -0.072126  0.068793  0.168307  0.037066  0.040055 -0.076512 -0.198634  0.106030  0.171986  0.188171 -0.067497 -0.187067  0.128949 -0.172756  0.058573  0.003100 -0.016600 -0.100247  0.032181 -0.198398 -0.227584 -0.092576
-0.145865  0.008321  0.142305 -0.543419  0.170061  0.025894  0.005615  0.069174  0.004859 -0.004871  0.196257  0.170100  0.030883  0.221328  0.122232 -0.139477 -0.119671  0.070445 -0.060379  0.112147  0.084906 -0.070052 -0.417538 -0.055986  0.083440 -0.074962 -0.067186 -0.177867  0.102942 -0.014404 -0.107503 -0.056407 -0.258188  0.060958  0.195335 -0.091024 -0.168113  0.028635 -0.071967  0.014412  0.092569 -0.059330 -0.026521  0.062130  0.075581  0.047528 -0.039730
 0.145865 -0.069094  0.495028 -0.109725 -0.011987  0.179636 -0.150488  0.064256  0.069070  0.035617  0.132178  0.050775  0.146712 -0.252540 -0.251142 -0.076649 -0.016858  0.122579  0.158433  0.122024 -0.082259  0.192305 -0.146306 -0.046635 -0.129975 -0.016354  0.042755  0.269133 -0.230284  0.109846 -0.030468 -0.022171 -0.016707 -0.046100 -0.093647  0.134416  0.127167 -0.182092 -0.247121 -0.045019 -0.104090 -0.079295 -0.038463 -0.103537 -0.025392  0.044165  0.152255
-0.145865 -0.157767  0.064339 -0.013427  0.356902  0.066413  0.000747 -0.173201 -0.250491 -0.161964  0.229657 -0.014367  0.066713 -0.104592  0.119439  0.257121  0.075872 -0.162423 -0.108872 -0.165534 -0.110602  0.080102  0.069203  0.163835 -0.007813 -0.166036 -0.095100 -0.103019 -0.029080  0.197412 -0.145492 -0.013987  0.213533  0.068714 -0.177740  0.005067 -0.038965  0.040529 -0.250766 -0.046564  0.242859 -0.148437 -0.026501 -0.103683 -0.189184 -0.110236 -0.171271
 0.145865 -0.092234  0.046168  0.066839  0.084306 -0.036782 -0.026329 -0.104220  0.415873  0.228960  0.103506  0.140038  0.030322 -0.131494  0.120933 -0.326164 -0.138274 -0.071675  0.004159  0.005765  0.181023 -0.299198  0.042420 -0.017275  0.131246 -0.045670 -0.123600  0.074879  0.165920  0.076675 -0.020944  0.160879  0.113888 -0.058235 -0.121581 -0.133812  0.122421  0.150074 -0.111837 -0.004931  0.102393  0.148754 -0.010160  0.006943 -0.409426  0.001925 -0.024125
-0.145865 -0.197450  0.199576 -0.256420 -0.304286 -0.184053 -0.230105 -0.247417 -0.128800  0.090678 -0.123519 -0.155629  0.057093  0.022319  0.176699  0.006217 -0.193124  0.044941  0.045507 -0.148268  0.015010 -0.018464  0.109175  0.042324 -0.250923 -0.130343 -0.026762  0.170612  0.044281 -0.109455 -0.015536  0.065881  0.159897 -0.334988  0.032193 -0.030642 -0.200592 -0.068528  0.143587  0.129955  0.173125 -0.038296  0.127390  0.107417 -0.042046 -0.005471  0.071200
 0.145865 -0.006910 -0.142139  0.163858  0.161367  0.099166 -0.121633 -0.122591  0.109504  0.026517  0.113697  0.111369  0.100256  0.198267  0.142815  0.319350 -0.098436  0.061001  0.209443  0.038289  0.042397  0.209766  0.002073 -0.006986 -0.049049 -0.181029 -0.246451  0.164106 -0.094202  0.058831  0.104105  0.037675 -0.258166 -0.058697  0.033990 -0.101964 -0.023087 -0.211007  0.231624  0.137222  0.053146  0.094973 -0.393224  0.116257 -0.093229  0.124419 -0.028042
 0.145865  0.008352  0.002578  0.022724  0.066516 -0.212339  0.192651 -0.078735 -0.005510  0.078910 -0.027626 -0.094835 -0.246432 -0.068236 -0.038648  0.178535  0.046200 -0.039164  0.036346 -0.320248  0.038818 -0.043396 -0.462432 -0.073932  0.052479  0.079194  0.085858  0.088305  0.125022  0.055326  0.182336 -0.096811 -0.061600 -0.045444 -0.226692 -0.288730 -0.044051 -0.212487  0.021246  0.121420  0.065446 -0.073920  0.072790 -0.264432 -0.032452 -0.048702  0.251972
-0.145865 -0.093440  0.118886  0.257025  0.260452  0.007364 -0.218389  0.162632 -0.069229  0.127575  0.073564 -0.215826 -0.084688  0.339681 -0.125780 -0.109092  0.252293  0.003026  0.013136  0.182973  0.051639  0.015581  0.020309  0.110184  0.050097 -0.058679 -0.124251  0.174208  0.135611 -0.267714 -0.079917 -0.312425 -0.080404 -0.083075 -0.045621  0.017129  0.034770  0.127496 -0.018881  0.148960  0.102974  0.004995  0.137331  0.011144 -0.098025 -0.122155  0.236559
 0.145865 -0.061496 -0.073724 -0.138855  0.240108  0.080714  0.035972  0.279867 -0.289938  0.154164  0.035190 -0.083339 -0.299691 -0.021049  0.315954 -0.130359  0.031530  0.001073  0.257673 -0.014280 -0.054725 -0.081751  0.041257  0.137352 -0.049916 -0.038970  0.238355 -0.029460 -0.303483 -0.125070 -0.057961  0.182368  0.095828 -0.056105  0.155131 -0.119363  0.079201 -0.165033  0.045417 -0.068139 -0.163480  0.110355 -0.009326  0.037667 -0.201480 -0.075884  0.042820
-0.145865  0.043586 -0.029592  0.178162  0.085734 -0.036159  0.090831 -0.009593 -0.042485  0.059967  0.054419  0.197558  0.107131 -0.134700 -0.150395 -0.133085 -0.145100  0.031929 -0.081697 -0.188072  0.017501  0.144813  0.003120 -0.069585 -0.219979  0.052084  0.131858 -0.227023  0.176330 -0.426391 -0.093663  0.088887 -0.232792 -0.003342 -0.017909  0.223637 -0.025565 -0.356957 -0.016246  0.131102 -0.002867 -0.042361  0.008665  0.026982 -0.293003 -0.139704 -0.109431
 0.145865  0.095458 -0.099889 -0.049745  0.004965 -0.195959 -0.132919  0.051415 -0.137712  0.100020  0.255760  0.032284  0.092791 -0.132926 -0.235312  0.019882  0.017225 -0.085186 -0.300698 -0.112864  0.072321  0.093016 -0.027329  0.034262 -0.259451 -0.134079 -0.119604 -0.009337  0.044433 -0.055953 -0.001621 -0.146092  0.074353 -0.108281  0.071113 -0.423239  0.170246  0.040375 -0.071958 -0.180158 -0.237077  0.181555 -0.020766  0.296963  0.116163 -0.080086 -0.030325
-0.145865  0.206734  0.251731  0.079673  0.014754 -0.162804 -0.004323  0.119253 -0.032271 -0.093277  0.048598 -0.173096 -0.149049 -0.171154  0.055037 -0.024681 -0.173871  0.112109  0.169466 -0.244060 -0.322041  0.051923  0.004011 -0.272162  0.282920 -0.081181 -0.296034  0.077146  0.083285 -0.055300 -0.165618 -0.121615  0.071798  0.158118  0.094991  0.022878  0.000220 -0.021954  0.093949 -0.031734 -0.034567  0.327781  0.004812  0.040556 -0.017014  0.050743 -0.144540
 0.145865 -0.099418  0.297085 -0.005893  0.017688  0.120056 -0.004200 -0.080761 -0.184557  0.271804 -0.295902  0.054102  0.072601  0.046206 -0.043858  0.238330  0.125372 -0.056104 -0.218992 -0.045776  0.010093  0.070179 -0.133101  0.039808  0.279551  0.247192  0.152838 -0.051870  0.110979 -0.149679 -0.112787  0.063984  0.042624 -0.213452  0.104471  0.040146  0.090175  0.108235 -0.007526 -0.048543  0.080141  0.276144 -0.291024  0.007907 -0.022098  0.100132 -0.156609
 0.145865  0.069590 -0.228131  0.069312 -0.189850 -0.097582  0.065794 -0.093859  0.132357  0.151794  0.080435 -0.083581 -0.140681  0.070588  0.085738 -0.119851  0.113901  0.236500 -0.015178  0.118453 -0.140498  0.285563 -0.147603  0.048739  0.052040  0.062116 -0.071711  0.136585  0.081721  0.054112 -0.401158 -0.027715  0.090464 -0.211725  0.151391 -0.016012 -0.035454 -0.069117 -0.060321 -0.185746  0.035254 -0.324066 -0.066998 -0.119897 -0.044083 -0.187843 -0.254613
 0.145865 -0.466545  0.049983  0.079911 -0.030577 -0.215427 -0.188435 -0.013083  0.108661 -0.303810 -0.045560 -0.076573  0.047093  0.158866  0.029235 -0.075064  0.004893  0.242159 -0.143319 -0.118461 -0.063106  0.030010 -0.011623 -0.162499  0.020159  0.057856  0.036429 -0.169914 -0.219450 -0.106938  0.070004  0.051923 -0.160665  0.136756 -0.021292 -0.068915 -0.058305  0.073930  0.023581 -0.368007  0.038131  0.084135 -0.120117 -0.079538 -0.090722 -0.233646  0.103340
 0.145865
