21 29
 0.000031  0.000038  0.000307 -0.000021  0.000100 -0.000033  0.025830  0.000009  0.000031 -0.000032  0.000057 -0.000147 -0.000003  0.000037  0.000002  0.000088 -0.000006 -0.000086 -0.000329 -0.006987  0.957731  0.108665  0.089744 -0.158198 -0.011174 -0.068132  0.091977  0.134661  0.076073
-0.000001 -0.707115  0.020185 -0.000001  0.000003  0.000004  0.000001  0.060650  0.000001 -0.000001  0.000000 -0.000001  0.000003  0.000002 -0.000000  0.000002  0.000000  0.000001 -0.203961 -0.000002  0.000002  0.389183 -0.264323 -0.142963  0.183409  0.298629  0.023337  0.012698 -0.298344
-0.203964 -0.000000 -0.020185 -0.000001 -0.000009 -0.000004  0.000002  0.060656 -0.000002  0.000000  0.707106 -0.000000  0.000000  0.000004  0.000001 -0.000001 -0.000001  0.000006  0.000001  0.000000 -0.000000  0.050103  0.024253 -0.297834  0.085276 -0.301860 -0.473758 -0.174164 -0.096638
 0.000008  0.000008 -0.000053  0.957649 -0.000007 -0.000027  0.000010  0.000005  0.000007  0.000002 -0.000002 -0.000003  0.000003  0.000012 -0.000000  0.000005 -0.000007 -0.000006 -0.000006  0.034103 -0.000013 -0.111961 -0.009795 -0.039449  0.081095 -0.115211  0.132801  0.008135 -0.173222
-0.000000 -0.000000 -0.080860 -0.000001 -0.000000 -0.000000 -0.000001  0.000000 -0.000001  0.000001  0.000001 -0.203966 -0.000000  0.000000  0.000002 -0.000000 -0.707110  0.000000 -0.000000 -0.000001  0.000000  0.201617  0.135512  0.094571  0.339429 -0.096342  0.207296 -0.418703  0.202784
 0.000001 -0.000000  0.080861  0.000001  0.000000  0.000001  0.000001 -0.000000 -0.000000 -0.000001 -0.000000  0.203967  0.000002 -0.000001  0.000000 -0.000000 -0.707104 -0.000000  0.000000  0.000000  0.000000 -0.201530 -0.135688 -0.094441 -0.339453  0.096200 -0.207317  0.418752 -0.202734
 0.000022  0.000018 -0.000122 -0.203504 -0.000030 -0.000300  0.000021  0.000011  0.000022 -0.000024 -0.000010 -0.000008 -0.000048 -0.000001 -0.000003 -0.000010 -0.000016  0.707437 -0.000012  0.080219  0.000091 -0.263168 -0.023468 -0.092571  0.190172 -0.270963  0.312242  0.018679 -0.407278
 0.000035 -0.000140  0.001088  0.000044 -0.000004 -0.000446  0.000135  0.000111 -0.000240 -0.061602 -0.000081 -0.000251 -0.000070 -0.707424  0.000133  0.203383  0.000122 -0.000412 -0.000607  0.015159 -0.000353  0.227687 -0.400946  0.169922 -0.238187 -0.380252  0.091941 -0.017388  0.051062
-0.000097 -0.000098 -0.000620 -0.000047 -0.203791 -0.000127  0.062315  0.000001 -0.000089 -0.000046  0.000018  0.000096  0.000235 -0.000190 -0.707097 -0.000021  0.000018 -0.000104  0.000686  0.015829  0.000056 -0.255724 -0.396816 -0.211196  0.260635  0.052011  0.006952  0.065549  0.334524
-0.000000  0.000000 -0.991943  0.000000 -0.000000  0.000000 -0.000000  0.000000 -0.000000  0.000000 -0.000000 -0.000000 -0.000000 -0.000000 -0.000000 -0.000000 -0.000000  0.000000 -0.000000 -0.000000 -0.000000 -0.019631 -0.037128 -0.010576 -0.057893  0.042936 -0.013903  0.082237 -0.044959
-0.000076 -0.000089 -0.000721  0.000083  0.000036  0.000053 -0.060885 -0.000021  0.000012  0.000069 -0.000148  0.000345  0.707423 -0.000425 -0.000774 -0.000100  0.000015 -0.000056  0.000777  0.016435  0.203321 -0.254923 -0.211059  0.372912  0.025549  0.159656 -0.216348 -0.316964 -0.179510
 0.000015 -0.000016  0.000003 -0.000010  0.000000 -0.000016  0.000004  0.000031 -0.000027  0.991666 -0.000011 -0.000000  0.000004  0.000001 -0.000001  0.000012  0.000023 -0.000009  0.000035  0.000016 -0.000038  0.042739 -0.047494  0.068535  0.018161 -0.070021 -0.012521  0.048762  0.007177
-0.000030 -0.000000  0.000452  0.000044 -0.000098 -0.000099  0.000025 -0.000049 -0.957704  0.026251  0.000003 -0.000103 -0.000013 -0.000061 -0.000086 -0.000062 -0.000022 -0.000017 -0.000370  0.006367  0.000047 -0.037198 -0.021192 -0.142569 -0.157744  0.057972  0.078201 -0.159855 -0.000793
-0.000076 -0.000082 -0.000721  0.000104 -0.000017  0.000499 -0.060908 -0.000020  0.000154  0.000107 -0.000146  0.000346 -0.706790 -0.000200 -0.000740  0.000015  0.000013 -0.000094  0.000774  0.016469  0.203499 -0.255351 -0.211615  0.372904  0.025513  0.159916 -0.216443 -0.317425 -0.179387
 0.000001 -0.707098 -0.020186  0.000001  0.000000  0.000005  0.000001 -0.060651 -0.000000  0.000006 -0.000002  0.000000 -0.000010 -0.000002 -0.000003  0.000000  0.000000 -0.000002  0.203966  0.000001 -0.000000 -0.389160  0.264682  0.142852 -0.183387 -0.298544 -0.023305 -0.012627  0.298250
 0.000097  0.000102  0.000620  0.000019  0.203784  0.000016 -0.062200 -0.000001  0.000046  0.000004 -0.000019 -0.000097 -0.000270 -0.000223 -0.707116 -0.000071 -0.000019  0.000003 -0.000688 -0.015869 -0.000489  0.256261  0.397370  0.210623 -0.260301 -0.052431 -0.006617 -0.064550 -0.334194
-0.957495 -0.000000  0.008600 -0.000000 -0.000000 -0.000000  0.000001 -0.025842  0.000000  0.000000  0.000001  0.000000 -0.000000  0.000000 -0.000000  0.000001  0.000000  0.000001  0.000000  0.000000 -0.000000 -0.021234 -0.010270  0.126985 -0.036356  0.128489  0.201850  0.074270  0.041093
-0.000000 -0.000000 -0.034448  0.000000  0.000000 -0.000000 -0.000000  0.000000 -0.000000 -0.000000  0.000000  0.957494 -0.000000  0.000000 -0.000000 -0.000000 -0.000000 -0.000000 -0.000000 -0.000000  0.000000  0.086214  0.057765  0.039923  0.144201 -0.041300  0.088651 -0.178377  0.086475
-0.203964  0.000002 -0.020185  0.000000  0.000001 -0.000002 -0.000001  0.060656  0.000001  0.000003 -0.707108 -0.000000 -0.000002 -0.000002  0.000002 -0.000000 -0.000001 -0.000000 -0.000001 -0.000000 -0.000007  0.050147  0.024425 -0.298072  0.085327 -0.301817 -0.473681 -0.174025 -0.096539
 0.000070 -0.000004 -0.001067 -0.000126  0.000035 -0.705953 -0.000176  0.000115 -0.203737 -0.061899 -0.000013  0.000244 -0.000438  0.000716  0.000331 -0.000143  0.000053 -0.000252  0.000875 -0.015016  0.000103  0.087383  0.050401  0.336306  0.371972 -0.136215 -0.184568  0.376562  0.001454
-0.000004 -0.000007  0.000002 -0.000009 -0.000005  0.000006  0.000001  0.000001 -0.000001 -0.000001 -0.000008 -0.000002 -0.000003  0.000000  0.000000 -0.000002  0.000001  0.000002  0.000001 -0.991882  0.000001 -0.059898 -0.040616 -0.015605  0.023403 -0.048395  0.056648 -0.018876 -0.065076
-0.000000  0.000000  0.000000 -0.000000 -0.000000 -0.000000  0.000000  0.991942  0.000000  0.000000 -0.000000  0.000000  0.000000 -0.000000 -0.000000 -0.000000 -0.000000 -0.000000  0.000000  0.000000 -0.000000 -0.058702  0.032105  0.058721 -0.035843  0.000594  0.060067  0.021438  0.052663
 0.000004  0.000003 -0.000012  0.000012 -0.000009 -0.000004  0.991696 -0.000003 -0.000013  0.000006 -0.000024  0.000033 -0.000011  0.000010 -0.000012 -0.000014 -0.000001 -0.000013  0.000010  0.000023  0.000001  0.000875  0.026187  0.078866 -0.032083  0.014298 -0.029985 -0.051255 -0.069803
-0.000036  0.000141 -0.001089 -0.000069  0.000040 -0.000549 -0.000062 -0.000110  0.000197  0.061618  0.000087  0.000251 -0.000156 -0.706789  0.000281 -0.203571 -0.000121  0.000266  0.000606 -0.015180  0.000224 -0.227673  0.401497 -0.170225  0.238680  0.380306 -0.091883  0.017944 -0.051010
-0.000019 -0.000019  0.000123  0.203703 -0.000127 -0.000071 -0.000007 -0.000011 -0.000084 -0.000032  0.000004  0.000008  0.000009 -0.000145 -0.000098  0.000230  0.000016  0.706776  0.000012 -0.080275  0.000068  0.263579  0.023048  0.092924 -0.190482  0.270862 -0.312510 -0.018690  0.407710
 0.000000  0.000000  0.008606  0.000000 -0.000000  0.000001 -0.000000  0.025839  0.000001 -0.000000 -0.000001 -0.000002 -0.000000  0.000000 -0.000000  0.000000 -0.000000  0.000000  0.957493 -0.000000 -0.000000  0.166786 -0.112346 -0.061650  0.076619  0.126585  0.010809  0.005080 -0.127236
-0.000014  0.000061 -0.000463 -0.000080  0.000038 -0.000048 -0.000038 -0.000047 -0.000022  0.026152  0.000036  0.000107  0.000066 -0.000004 -0.000037  0.957703 -0.000052 -0.000018  0.000258 -0.006430  0.000052 -0.096815  0.170488 -0.072157  0.101442  0.161510 -0.039051  0.007554 -0.021826
 0.000043  0.000040  0.000264 -0.000014 -0.957570 -0.000020 -0.026507 -0.000001  0.000126  0.000012 -0.000015 -0.000041 -0.000068 -0.000034  0.000001  0.000018 -0.000008 -0.000093 -0.000293 -0.006735 -0.000012  0.108930  0.169046  0.089759 -0.110814 -0.022237 -0.002862 -0.027657 -0.142352
 0.000068  0.000004 -0.001064 -0.000155 -0.000032  0.708258 -0.000109  0.000115 -0.203208 -0.061661 -0.000011  0.000243  0.000008 -0.000279  0.000220 -0.000107  0.000054  0.000119  0.000870 -0.014943 -0.000011  0.087122  0.050390  0.334791  0.370877 -0.135910 -0.183696  0.375589  0.001507
 0.991943
