2 25
 0.287183 -0.000000 -0.186915 -0.157681  0.034883  0.346431  0.186898  0.253015  0.028312 -0.252812 -0.068035 -0.153646  0.173962  0.173718 -0.250422 -0.155955  0.328425 -0.188220 -0.050592 -0.239413  0.041208  0.001671  0.437301 -0.027005  0.017041
 0.000000 -0.287183  0.129294 -0.178762  0.042436  0.184803 -0.006492 -0.393258 -0.104039  0.047008  0.291375  0.397103  0.238880 -0.134932 -0.203962 -0.186029 -0.147954  0.035725  0.027799 -0.118820  0.057965 -0.391219  0.136814  0.020318 -0.239801
 0.287183  0.000000  0.020472  0.258697  0.318072  0.260468  0.088132  0.120877 -0.459814  0.101719  0.062349 -0.005563 -0.010669 -0.428100  0.057623  0.163229 -0.264829 -0.290036 -0.115376  0.059102 -0.016655  0.056839  0.018386 -0.067416  0.200741
-0.000000 -0.287183 -0.233384  0.102198 -0.413085  0.001916 -0.065048 -0.051954  0.077686  0.394045  0.084650 -0.197917 -0.054137 -0.189800 -0.094177 -0.182161  0.135746 -0.148591 -0.239647  0.329761  0.119361 -0.039026  0.160739  0.332720  0.165531
-0.287183  0.000000 -0.160350 -0.438525  0.009151 -0.166512 -0.042615  0.163297 -0.214122  0.078272 -0.050873 -0.226650 -0.072773 -0.052848 -0.430382  0.379010 -0.252122 -0.057645  0.210400  0.123016  0.158553 -0.108425  0.164712 -0.091377 -0.040665
 0.000000 -0.287183 -0.089500 -0.068822  0.033840  0.101079  0.129017  0.063201 -0.174892 -0.218721 -0.366464  0.175553 -0.130810  0.107164  0.363290  0.204163  0.115049 -0.107475  0.028222  0.388647 -0.078760 -0.193068  0.063619  0.242779 -0.379319
 0.287183 -0.000000  0.431688 -0.021488 -0.270778 -0.284121  0.166296  0.082586 -0.026960  0.321095 -0.032319 -0.026627 -0.205834  0.027903  0.108424 -0.000408 -0.098539 -0.226089  0.058756 -0.234660  0.064181  0.141297  0.280366 -0.081603 -0.391169
-0.287183  0.000000  0.238222 -0.014552 -0.186182  0.260602 -0.376551  0.426758  0.053713 -0.253439 -0.037198  0.221509 -0.160665 -0.256894 -0.126306 -0.319538 -0.120470 -0.108642 -0.013908  0.094655 -0.007333  0.221423  0.007038 -0.028079 -0.145784
-0.215387 -0.071796  0.359278  0.123280 -0.051981  0.446494  0.092778 -0.075689 -0.172118  0.206635 -0.148966 -0.292904 -0.013374  0.397999  0.053714 -0.185365 -0.056544 -0.012109  0.258144  0.133272  0.199593 -0.141384 -0.084778 -0.169902  0.167394
-0.287183  0.000000 -0.078200  0.008541  0.242193 -0.245193 -0.162709 -0.001392 -0.349524  0.163492 -0.266073  0.058559 -0.131895 -0.006122 -0.005454 -0.289837  0.276712 -0.276599  0.021392 -0.442425 -0.006423 -0.140963 -0.105235  0.237571  0.069239
-0.215387  0.071796 -0.156030  0.433706 -0.169295 -0.153916  0.006545  0.092390 -0.088383  0.043970 -0.115833  0.422802  0.019286  0.102349  0.024992  0.093347  0.030990  0.113226 -0.033137  0.024201  0.059788 -0.172930  0.470056 -0.380832  0.195038
-0.287183  0.000000 -0.083228  0.163174 -0.340733  0.029629  0.283460 -0.073655 -0.287079 -0.386826  0.273298 -0.309162 -0.093393 -0.237781  0.176393  0.050348  0.072944  0.132678 -0.082049 -0.276100  0.196081 -0.047848 -0.053893 -0.008572 -0.174316
-0.287183  0.000000  0.018780  0.161059  0.263689 -0.199218  0.474670 -0.057887 -0.032708  0.002552 -0.101423 -0.068421  0.280492 -0.058125 -0.177334 -0.335241 -0.140301  0.083540  0.025920  0.230218 -0.145138  0.367462  0.173336  0.125818 -0.170626
-0.000000  0.287183  0.122190 -0.373931  0.118904  0.043002  0.236685 -0.054010  0.049367  0.131281 -0.160920 -0.003251 -0.281302 -0.406058  0.113292 -0.220159  0.283921  0.257539 -0.161972  0.188644  0.023120 -0.208554  0.071088 -0.270354  0.077570
-0.000000 -0.287183  0.420262 -0.105415  0.068214 -0.198905 -0.073748  0.289083  0.004905 -0.127091 -0.068184 -0.132250  0.274503 -0.112674  0.211851  0.070649 -0.068492  0.331701 -0.056004 -0.111991  0.039028 -0.148205  0.236135  0.285323  0.359558
 0.000000  0.287183  0.049609  0.221584 -0.184389  0.016385  0.034710  0.109190  0.214062  0.046196 -0.127052 -0.128374  0.343099 -0.339979 -0.040799  0.069022  0.095912 -0.179467  0.438687  0.010122 -0.275312 -0.404654 -0.083778  0.080182 -0.106370
-0.000000 -0.287183 -0.276772 -0.008841  0.070521  0.219728  0.011816 -0.041378  0.164899  0.188980 -0.092051  0.077881 -0.153993 -0.265237  0.182900  0.033181  0.025344  0.255373  0.570901 -0.241295  0.106408  0.317564  0.125778  0.017872  0.036864
 0.287183 -0.000000  0.009685  0.102077  0.125098 -0.345881 -0.076604  0.045383 -0.070545 -0.251860  0.141240  0.040929  0.035253 -0.044063 -0.026895 -0.236748  0.171982 -0.081363  0.349949  0.302229  0.591129 -0.036542 -0.096228 -0.059705  0.014566
 0.000000  0.287183  0.031314  0.176722  0.154907  0.196162 -0.243274  0.115731 -0.105395  0.297365 -0.053953 -0.022462  0.216491  0.002464 -0.079622  0.197836  0.201780  0.371532 -0.185418 -0.008305  0.347969  0.067874  0.025016  0.208191 -0.414852
 0.287183  0.000000 -0.130474  0.161567 -0.102164 -0.033039 -0.148966 -0.243853  0.018683 -0.203410 -0.576164 -0.189390 -0.114072 -0.081068 -0.191214 -0.192919 -0.418752  0.212793 -0.112815 -0.117149  0.088272 -0.137709  0.000755 -0.003391 -0.066623
-0.000000 -0.287183  0.206940  0.368642  0.316673 -0.040051 -0.066069 -0.007540  0.158836 -0.080319  0.165953 -0.204749 -0.450775 -0.015900 -0.364132  0.129810  0.244306  0.119754  0.024514  0.032956 -0.227016 -0.162062  0.094070 -0.041634 -0.119851
-0.000000  0.287183  0.276631  0.018099 -0.155231  0.107513  0.196397 -0.291659 -0.014657 -0.171689 -0.108438  0.291678 -0.211534 -0.016880 -0.280565  0.254947  0.092120 -0.050464  0.106936  0.006321  0.128499  0.154712  0.074730  0.462598  0.289084
-0.287183  0.000000  0.056796  0.045735  0.282951  0.045116 -0.034991 -0.211639  0.514773 -0.077274 -0.092060 -0.107553  0.052442 -0.115101  0.201569  0.161471 -0.099310 -0.422086 -0.200589 -0.077360  0.377860 -0.030358  0.165663 -0.061430 -0.035116
 0.000000 -0.287183 -0.002187  0.059921 -0.055977  0.001876  0.447171  0.358998  0.198389  0.123823 -0.172210  0.246137  0.026839 -0.034831 -0.257691  0.093244 -0.003468  0.021603 -0.167592 -0.149957  0.242335 -0.100235 -0.484892 -0.068588  0.018386
 0.000000 -0.287183  0.196264 -0.048840 -0.157760 -0.057485 -0.173689 -0.295879 -0.161472 -0.065240 -0.285149 -0.045240  0.324413 -0.188156 -0.132954  0.208468  0.395085 -0.077616 -0.062779  0.040214 -0.069997  0.317741 -0.106500 -0.360904  0.010974
 0.287183
