12 38
 0.000134 -0.000007 -0.000086 -0.000016  0.000020 -0.000040 -0.000060 -0.575936 -0.000795  0.000017  0.000118 -0.000015  0.052017 -0.300955  0.011355 -0.076783  0.026431  0.052389  0.110629  0.063844  0.262610  0.057347 -0.187499 -0.142115  0.110792  0.153407 -0.073159  0.202413  0.230340  0.060495  0.170830 -0.141272 -0.037537  0.228485 -0.028775 -0.198035  0.038211 -0.372183
 0.000013  0.000012 -0.000000 -0.000000  0.000010  0.000015  0.000043  0.000004  0.577221 -0.000002  0.000017  0.000005 -0.058673  0.187470 -0.052191  0.205559 -0.267113  0.118805  0.034621 -0.019377 -0.075095 -0.209771 -0.078070 -0.251678  0.053419 -0.088611 -0.151267  0.049306 -0.025694 -0.107475 -0.119435  0.128334 -0.375186 -0.144236 -0.193068  0.040190  0.091297 -0.298956
-0.000005 -0.000017  0.000377 -0.000074 -0.000159 -0.000005  0.000078 -0.000085  0.000092  0.000001 -0.576357  0.000095 -0.204402 -0.139122  0.142159 -0.294384  0.083745 -0.109221  0.079627 -0.098423 -0.237849 -0.279777 -0.188729 -0.094655 -0.192354 -0.049387 -0.173725  0.080849  0.126004  0.080643  0.140137 -0.054056 -0.166848  0.106823  0.016380  0.317547 -0.026849  0.152446
-0.000001 -0.577024 -0.000036 -0.000036  0.000003 -0.000064  0.000026  0.000027  0.000081  0.000020 -0.000013  0.000003 -0.199620  0.215502 -0.036545  0.063268  0.016860 -0.033097 -0.089439 -0.241925  0.011150  0.041702  0.101442  0.055250 -0.132905  0.101375  0.121054 -0.005567 -0.072773  0.228400  0.248270  0.091005 -0.202524  0.334418 -0.233448 -0.268736  0.177414  0.106066
-0.000007 -0.000007 -0.000002  0.000018  0.000003  0.000003 -0.000001 -0.000026 -0.577262 -0.000001 -0.000005  0.000008  0.145133  0.251704  0.003202  0.044600 -0.103552  0.162657 -0.081798 -0.006985  0.280298 -0.297956 -0.164101 -0.304570  0.004194  0.172349  0.164317  0.033398  0.007611 -0.211756 -0.040475  0.236102 -0.215888  0.031940 -0.050507  0.197464 -0.002073  0.010037
 0.000014  0.000010  0.000047 -0.001290  0.000000 -0.000011  0.000035 -0.000023 -0.000002 -0.000017  0.000020 -0.575821 -0.051846 -0.061639  0.013725 -0.055499  0.034340 -0.182135  0.232207 -0.096847  0.085812  0.038469 -0.200059  0.225841 -0.133219 -0.069510  0.286981 -0.124334 -0.197492  0.103616 -0.066115  0.263629 -0.170162 -0.035510  0.288656  0.053672  0.022737 -0.316555
-0.033509  0.000140  0.000130  0.000517  0.002074 -0.535331  0.001224 -0.000055  0.000446  0.000673 -0.001820 -0.000432 -0.172310 -0.014400  0.072934  0.216987  0.121927  0.115000  0.148667 -0.094534  0.061981  0.145712 -0.259778 -0.222182  0.093599 -0.041346  0.050462 -0.094706 -0.355808  0.065497  0.218459 -0.121283  0.295419 -0.073125 -0.212633  0.261198  0.084014 -0.022594
-0.000025 -0.577121 -0.000005  0.000005  0.000022 -0.000053 -0.000038 -0.000002  0.000005 -0.000029  0.000021 -0.000015  0.076229 -0.043429  0.022537 -0.025894 -0.032132  0.112263  0.108749  0.182193 -0.068058 -0.365331  0.081145 -0.047143  0.199517 -0.105468 -0.115531  0.071285 -0.003524 -0.001345 -0.016401  0.104298  0.386853 -0.096761  0.379603  0.073428  0.224563 -0.114177
 0.009706 -0.000514  0.020318  0.000505 -0.002912 -0.467257  0.012994 -0.000437  0.000190 -0.000010  0.062008 -0.000349  0.112354  0.062440  0.082923 -0.028829 -0.277337 -0.137580  0.282100  0.354716 -0.043761 -0.068004  0.255449 -0.143871  0.003572  0.011998  0.107253 -0.255155  0.234350  0.253075  0.142654 -0.016875 -0.220301  0.036456  0.120497 -0.078755 -0.239572  0.121768
-0.000000  0.000000 -0.000000  0.000000  0.577346  0.000000  0.000000  0.000000  0.000000 -0.000000  0.000000  0.000000  0.109710  0.085035  0.105085  0.104510  0.049318 -0.048604  0.083244 -0.250013 -0.041059 -0.092198  0.230495  0.179976  0.101020  0.357355  0.012710 -0.047130  0.000826 -0.140716  0.200546 -0.361326 -0.159515 -0.158178  0.136486  0.165029  0.101573 -0.134128
 0.000000  0.000000 -0.000000  0.000000 -0.577346 -0.000000  0.000000 -0.000000 -0.000000  0.000000  0.000000 -0.000000  0.380876 -0.117767  0.354267  0.332444  0.121036  0.061913 -0.009601 -0.144278 -0.005062 -0.089285  0.109491  0.228902 -0.019971 -0.108031  0.044719  0.052610  0.086087 -0.015036  0.229064 -0.102545 -0.186690 -0.087953 -0.012604  0.116125  0.127446  0.001819
 0.000002 -0.577115  0.000009 -0.000028 -0.000024  0.000007 -0.000025 -0.000001 -0.000073 -0.000028 -0.000027 -0.000004  0.116388 -0.181346  0.013839 -0.027247  0.011325 -0.086687 -0.012120  0.055131  0.047769  0.307711 -0.191268 -0.012146 -0.070145  0.004957  0.023022 -0.064779  0.087678 -0.233330 -0.247441 -0.209894 -0.176369 -0.239881 -0.153245  0.181939 -0.390518  0.014844
-0.000004  0.000003 -0.000010  0.577258  0.000009  0.000005  0.000025  0.000002  0.000014  0.000003  0.000005 -0.000007  0.090986  0.213557 -0.073047  0.033249  0.110346  0.191016  0.157260 -0.031780  0.076820 -0.000354 -0.040634  0.084349 -0.374597  0.169591 -0.114143 -0.029344  0.282328  0.352008 -0.185686 -0.005752  0.171863 -0.175860 -0.121064  0.092031  0.059363 -0.095695
 0.576837 -0.000007  0.000041 -0.000081  0.000051 -0.000070 -0.000057  0.000020 -0.000002 -0.000075  0.000041 -0.000008  0.207166  0.087289  0.066908 -0.170805 -0.328324 -0.085015 -0.102798 -0.192315  0.006852 -0.050285  0.015400 -0.014303 -0.243377 -0.203139 -0.013869 -0.252271 -0.020777 -0.157105  0.091578 -0.138328  0.276179  0.210686 -0.110030  0.032974 -0.042575 -0.254640
 0.000005 -0.000019 -0.577089  0.000025 -0.000059 -0.000024 -0.000038  0.000004  0.000038  0.000018  0.000006 -0.000011  0.081024 -0.026316  0.225884 -0.221140  0.076222 -0.170938  0.183936  0.159246 -0.166240  0.059874  0.093336  0.023842  0.001282  0.229930  0.015125  0.003672 -0.002873 -0.218899  0.095325  0.341306  0.105218 -0.147602 -0.369581 -0.064097  0.142112 -0.068543
-0.000122 -0.009523  0.000738  0.007677  0.000220  0.000834  0.000421  0.047982 -0.013723  0.471902 -0.000203 -0.023134  0.061834  0.205675 -0.013281 -0.084657  0.488574 -0.100550 -0.253689  0.295685 -0.034718  0.011372  0.227616 -0.145392  0.015601 -0.139084 -0.012981 -0.007017 -0.101087  0.102116  0.010646 -0.085125 -0.100830  0.143704 -0.048278  0.169397 -0.081164 -0.359910
 0.000089  0.000044 -0.000016  0.000019  0.000060  0.000044  0.576971 -0.000002 -0.000019 -0.000004  0.000032 -0.000024 -0.051207  0.182812  0.183512 -0.238652  0.052780  0.332034  0.258777 -0.209085 -0.068158  0.254105  0.189318 -0.164712  0.025891 -0.224416  0.200915  0.226167  0.093257 -0.116345 -0.070096 -0.037793 -0.030772  0.022142  0.105243 -0.024682 -0.013416 -0.010110
 0.000007 -0.000039 -0.000007  0.000295 -0.000015 -0.000001  0.000018  0.000040  0.000061  0.000002  0.000023  0.576756  0.132829 -0.207286 -0.044325 -0.260046 -0.154152  0.104810  0.007058  0.116762 -0.013393  0.029052 -0.040157  0.103089 -0.194750  0.045040  0.280734  0.046664 -0.414618  0.228726 -0.078775 -0.026728 -0.206716 -0.091664  0.083535  0.074146  0.203908 -0.134834
 0.576856  0.000006  0.000010 -0.000006  0.000092  0.000019  0.000062  0.000042  0.000051  0.000057  0.000007 -0.000037 -0.026981 -0.178438 -0.371759  0.122534  0.264071  0.135409  0.005677  0.075951 -0.169085  0.207136 -0.022340 -0.178356  0.010410  0.068972  0.061788 -0.102382  0.184619 -0.060343  0.164203  0.163071 -0.190775 -0.157505  0.168068  0.044319  0.248691  0.141663
-0.000022  0.000075  0.000025  0.000043 -0.000004  0.000009 -0.577084  0.000035  0.000005 -0.000005  0.000009  0.000017 -0.139889  0.181970  0.204024  0.032970 -0.225546 -0.017570 -0.045446  0.030831 -0.107101  0.385839  0.084362 -0.092043 -0.043054 -0.030381  0.204586  0.374193  0.203868 -0.019368 -0.010194  0.020210  0.064633  0.071239  0.163534  0.245360  0.119344 -0.062522
 0.014714  0.000734 -0.000949  0.000016  0.000615 -0.529008 -0.026507  0.000121 -0.000075  0.000674 -0.000290  0.000408 -0.006437 -0.014852  0.103829 -0.198592  0.066906  0.211976 -0.313905 -0.087538 -0.138162  0.000069 -0.117183  0.332710  0.205546  0.082124 -0.064694 -0.135919  0.208483 -0.108843 -0.371526  0.073848 -0.117854  0.199846  0.023182 -0.032200  0.198117 -0.067223
-0.000377  0.010075 -0.000056  0.013865  0.000050  0.000646  0.000160  0.000530 -0.000287 -0.502672 -0.002306 -0.044873  0.026440  0.057227  0.249469  0.131800  0.270434 -0.183686 -0.052402  0.174448 -0.110829 -0.044343 -0.022240 -0.344315 -0.255645  0.049294  0.056037 -0.085777 -0.110367 -0.092689 -0.294203 -0.265116 -0.027091  0.114923  0.122144 -0.230393  0.223288 -0.019528
-0.000000  0.000000  0.000000 -0.000000  0.577346 -0.000000  0.000000  0.000000  0.000000  0.000000 -0.000000  0.000000  0.272328 -0.202531  0.249248  0.227158  0.069579  0.109084 -0.091499  0.107836  0.035828  0.001995 -0.118750  0.048763 -0.121676 -0.465222  0.032297  0.099060  0.087472  0.126716  0.028851  0.259070 -0.029245  0.070326 -0.147737 -0.050301  0.024209  0.136975
-0.000001 -0.000154  0.000092  0.000000  0.000031  0.000022 -0.000004 -0.576531 -0.000332 -0.000003 -0.000093  0.000075  0.019535 -0.126374 -0.076930  0.189971  0.005810 -0.043494  0.056932 -0.185900 -0.166465 -0.030589  0.413429 -0.045052 -0.051249  0.035030  0.011699 -0.103059 -0.180039  0.018123 -0.336782  0.211130  0.052265  0.168381 -0.055877  0.314527 -0.091950  0.144871
-0.000034  0.000010 -0.577129 -0.000001 -0.000055  0.000009  0.000010 -0.000012  0.000003 -0.000001  0.000020 -0.000055  0.183261  0.195891 -0.320979  0.077415 -0.037082 -0.095519  0.204435  0.011635  0.129880  0.039467 -0.155298  0.104126  0.123930 -0.238210 -0.098709  0.076001 -0.025555  0.053749 -0.131371 -0.290350 -0.120890  0.286520  0.108874  0.149473  0.152266  0.182526
 0.000037 -0.000008  0.577136 -0.000016 -0.000017  0.000006  0.000053  0.000004  0.000025 -0.000018 -0.000018 -0.000001  0.261806  0.165146 -0.106803 -0.143734  0.050697 -0.269700  0.375033  0.152671 -0.029509  0.097513 -0.065249  0.134207  0.112693 -0.010954 -0.091324  0.106060 -0.037672 -0.181659 -0.040843  0.053730 -0.008138  0.131552 -0.261621  0.082382  0.301688  0.110065
-0.000023  0.000001  0.000062  0.000018 -0.000020 -0.000055  0.000067 -0.575805 -0.001074  0.000128  0.000007 -0.000045 -0.073407  0.442832  0.041724 -0.123585  0.018889 -0.021375 -0.193922  0.149471 -0.104878 -0.044190 -0.198853  0.186175 -0.041501 -0.214284  0.095353 -0.091082 -0.041465 -0.063300  0.170860 -0.082549 -0.017567 -0.387200  0.056667 -0.089355  0.037789  0.180031
-0.000026  0.000046  0.000027  0.000126  0.000022  0.000151  0.000080 -0.000018 -0.000044  0.000010  0.000027  0.576737 -0.176148  0.159821  0.089473  0.213292  0.223640 -0.302563  0.213490 -0.189072  0.092535  0.016920 -0.156844  0.083359  0.033473 -0.108545 -0.009857 -0.182764  0.194905 -0.131786 -0.011034  0.268816  0.027679  0.071988  0.225359 -0.038627 -0.162230 -0.187974
 0.000312  0.009019  0.000363 -0.008174  0.000123  0.000067  0.000036  0.045312 -0.013620 -0.474829  0.000737  0.024636 -0.092388 -0.028008 -0.289191 -0.035916  0.124288 -0.053787 -0.055340  0.033277 -0.081228 -0.241928  0.104808  0.139054  0.217100 -0.179935  0.460291  0.104440  0.226439  0.090115  0.044499 -0.073645  0.074019 -0.026281 -0.310496  0.168348 -0.118022 -0.213100
-0.000008  0.000008  0.000016 -0.577249  0.000004 -0.000006  0.000007  0.000003  0.000001  0.000003  0.000017 -0.000021 -0.137861  0.104807 -0.069978  0.165335  0.064846  0.361748  0.213631  0.279751 -0.008227 -0.058045 -0.004138  0.280219 -0.429464  0.124327 -0.053309  0.001557  0.080086 -0.102448 -0.013150 -0.052101  0.082007  0.116982 -0.058575  0.069697 -0.068652 -0.087570
 0.000070 -0.000047 -0.003032 -0.000152  0.000018 -0.000010  0.000043  0.000033 -0.000058 -0.000205  0.573548  0.000012 -0.371456 -0.184498  0.116599 -0.222706  0.041448 -0.115361  0.007760 -0.013984  0.315616 -0.146120  0.130965 -0.014186 -0.169865 -0.188567 -0.146201 -0.055203  0.135193 -0.062350  0.014752 -0.068350 -0.132125 -0.066838 -0.061206  0.253604  0.250049  0.117575
-0.012070  0.000359  0.019504  0.001077  0.000162  0.463941 -0.015795 -0.000551  0.000636  0.001747  0.060231 -0.000485 -0.093073  0.028804  0.285766 -0.005209 -0.063728  0.236276  0.098234  0.147554 -0.130137  0.099521 -0.176656 -0.021224  0.346155  0.058287  0.092585 -0.521046  0.063500  0.206309 -0.027462 -0.072417 -0.015043  0.179838 -0.097728  0.185185  0.081521  0.020686
-0.000011  0.000005 -0.000011 -0.000002 -0.000001  0.000003 -0.000000  0.000015 -0.577242  0.000001 -0.000038  0.000007 -0.203183 -0.068734 -0.048093  0.164015 -0.178347 -0.039764  0.124269 -0.020314 -0.352835  0.093958  0.078306  0.052862  0.044200 -0.253183 -0.326237  0.012899 -0.036600  0.100314 -0.080020 -0.103692 -0.158499 -0.178501 -0.134389 -0.164445  0.098010 -0.295255
 0.576990 -0.000025 -0.000017  0.000143  0.000015  0.000019  0.000003  0.000024 -0.000038 -0.000045  0.000010 -0.000009 -0.193672  0.090462  0.311224  0.066409  0.073184 -0.041927  0.110921  0.110352  0.167237 -0.145021 -0.013143  0.172938  0.240014  0.130717 -0.043541  0.345720 -0.192737  0.223977 -0.236709 -0.034965 -0.061895 -0.059275 -0.074725 -0.056239 -0.200433  0.111815
 0.000016 -0.000110  0.000788 -0.000008 -0.000127  0.000162 -0.000317  0.000023 -0.000016  0.000028 -0.575649  0.000079 -0.162512 -0.034752  0.011077  0.067618 -0.080443  0.004904 -0.031602  0.137982  0.534916  0.137574  0.329676  0.065183  0.060990 -0.131369  0.048773 -0.217107  0.041885 -0.093503 -0.111789 -0.021571  0.009204 -0.151102 -0.074531 -0.053735  0.257010 -0.020533
 0.000157  0.025264 -0.000399 -0.000964 -0.000041 -0.000248 -0.000131 -0.001423 -0.000248  0.546958 -0.001249  0.000077 -0.108813 -0.149369 -0.011355  0.162880 -0.065178 -0.129964  0.122647 -0.066198 -0.141766 -0.261188 -0.124720 -0.070369 -0.061468  0.008784  0.461927  0.019846  0.182343 -0.095695 -0.240743 -0.233908  0.126190 -0.041819 -0.115135 -0.212478  0.172171  0.107592
-0.000078 -0.000059  0.000006 -0.000018 -0.000030 -0.000020 -0.577023 -0.000003  0.000002 -0.000026  0.000061 -0.000020  0.093755  0.002394 -0.031125 -0.262619  0.271618  0.330358  0.322449 -0.231950  0.047656 -0.135808  0.120287 -0.091230  0.050185 -0.199285 -0.000848 -0.133463 -0.117564 -0.091621 -0.038338 -0.060058 -0.094175 -0.062369 -0.054359 -0.274659 -0.149434  0.057423
 0.000000  0.000000 -0.000007 -0.577264  0.000007 -0.000000  0.000003  0.000007  0.000002  0.000015  0.000017 -0.000013  0.231744  0.113785  0.007560 -0.129487  0.056500 -0.174617 -0.060318 -0.302940  0.082862  0.060875 -0.035236 -0.208662  0.047064  0.047484 -0.067062 -0.035425  0.194935  0.453049 -0.179417  0.039545  0.086961 -0.287433 -0.056383  0.017358  0.133628 -0.009817
 0.577346
