
  0 -0.175411603861394432325466336  0.175411603861415626946502859  0.175411603861410829121496649  0.175411603861414049201948931 -0.175411603861409719792938816  0.175411603861414723616357798  0.175411603861364119008505597  0.175411603861411729957976713  0.175411603861399627402148545 -0.087705801930799187816510318  0.175411603861411346760271375 -0.175411603861404807543945827 -0.175411603861382212309885306  0.175411603861379804852513829 -0.175411603861415100715425916  0.175411603861415526888194866  0.175411603861401634029976854  1.754116038614156269465028590e-01
  1 -0.175411603861414745205533558 -0.175411603861408540059002407  0.175411603861373512292182522  0.087705801930879086279572998  0.175411603861413666641212369 -0.175411603861411519202626909  0.175411603861388929159184288 -0.175411603861413707651159544 -0.175411603861410945876518098 -0.175411603861358243527197517  0.175411603861390067178442111  0.175411603861411640294457048 -0.175411603861369815813295650  0.175411603861408056748778968  0.175411603861414212997792139  0.175411603861403572746091584 -0.175411603861414164046064051  1.754116038614147452055335580e-01

  0  0.000000000000020312890767116 -0.350823207722809177530999894  0.387734701881217243101115585 -0.265786803332404535804176990 -0.278259589715664769333071729 -0.291949198828982733980872202 -0.212589208631277954940894982  0.114046673973624543150162322 -0.343027604590776422478857338 -0.038665496169070061483082328 -0.297966421727919753497477659 -0.081950451038193352821278719 -0.089268240055555350660016975 -0.140261061454711132354252964 -0.350509246344964570964424649 -0.263402974288588016989198781  0.023152492945065381921621365 
  1  0.350823207722824167005505266  0.000000000000007086880390134  0.002993608297907850671985141 -0.044485794411771336827885522  0.161734495267809100197829893  0.152432533532901695312675866  0.312874559550104589650525860 -0.348654754073154472435950441  0.114031033288958716608019455 -0.064782019177610620830386548 -0.248535065501166509726910410 -0.654054006262723857322797377  0.003611865342314264704613397  0.116897260291047277479324455 -0.270253412136332186115712448 -0.043070409087894695895985244  0.103753010264317226320912330 
  2  0.000000000000037316828891220  0.350823207722784341413679171  0.219322551953510084515723035  0.037260513641958399702917501 -0.026101175706797721446885590  0.203840130855923193058522151 -0.283569413446834576379533555  0.355990156470322250439582493 -0.130484258222065063433699889  0.244302459174466559142574126  0.230586820444744123499995932 -0.470336881574624721287763290  0.406358708104203138661335640 -0.134265490018719160395877302  0.103945477024266175999954800 -0.180729741990103547188820966  0.018445995596361423417744560 
  3  0.087705801930534962929152196  0.263117405792293135481521929  0.463413082635062499294248753  0.018340527369018716111764996  0.080324733116518041317025318 -0.229865121410576185324034851  0.363863161697591153657818999 -0.250931795343368476845693354  0.064176703092060235299035932  0.111612876633768233339879389  0.436868317676667160709587379  0.252882593660185500748349002 -0.031256205948977889019790594 -0.003401148869453922886921726 -0.135351724507662645564324416 -0.390724577010848247673362524  0.099908661193919918873829634 
  4 -0.350823207722823386434151186  0.000000000000003946854754839  0.251386950562149460655517533 -0.166392929508859201227018339 -0.014286872723905901078045831  0.212204468192298388506066530  0.211088546178743942664975120  0.170880337992500284851477010 -0.083568571964365346159040425  0.421787141603731802858793382 -0.120681171871043827681293115 -0.087158605988834178444305423 -0.373048937422879544744281494  0.524954129856692249824455521  0.149569714929682288765983716  0.090519470259945316623171208  0.121210010129447558163251052 
  5  0.350823207722826242818984707  0.000000000000003204426939503 -0.147068736329288398371898175  0.048133195084067588347592542 -0.400492074913984062896343818  0.427028586211200603676074392  0.338118399506946226267542835  0.338234397382581808790859290 -0.021298195523669687401969639  0.135729849363415901351771937  0.018725761213263282462047465  0.175887308888406469355278512 -0.220439004068314382538021183 -0.343150370373094016642444293 -0.150169186111786548274349071 -0.034708118506528672479342695  0.203073903367386027332469264 
  6 -0.000000000000024810151254031  0.350823207722753048167689885  0.217943544391750750581363341 -0.098918988717512741907134013  0.218721762139220294218679846  0.049850542404459586719091962  0.298411986172990410033818709  0.112769322462150313838571362 -0.527127374877880239419612740 -0.302549459307863266615190243 -0.101184134866049221457219749  0.081374301818877995365493754  0.043557093278194545255140556 -0.121483196525988760391316732 -0.091376784949809614239395108  0.445455355944102621466125155 -0.240526034894983883113267487 
  7  0.350823207722825437609136257 -0.000000000000001977696857358  0.351588906406629972346746665  0.264383622579116790262798026 -0.113483909121197516322969434  0.179280686581846625826945803 -0.371485832161176387426586298 -0.327591770264041294211370542  0.021771631594154943290525951  0.282843109309342974761998860  0.004264407617941580339593886  0.049688671822219940350426858 -0.278379542748111982850174606 -0.050035717816676121522345656  0.039321345126961149109360823  0.273998373537248795617053687 -0.391777955999744328659077641 
  8  0.350823207722810573278666643 -0.000000000000011318463773130  0.151045162993594478704562425  0.129891173132331310937021343  0.205103413975774692267362714  0.095025263479080548843184063 -0.089147259425176158783091229  0.257810024260727386368656847  0.128265929934419949568044812  0.058073141438485872361765150 -0.354159818072168424980383089  0.399895029732853466168576023  0.421175733437514709250632655  0.426097493309348892030286385 -0.197478169182304271223895274 -0.046274019270372616011432207  0.080432771436174419003558092 
  9  0.087705801930559055703910936 -0.263117405792157431343707835 -0.313865535394244848623390362 -0.419642176188441327341427725  0.091823948995575018953247889  0.173998721420413054335987919 -0.000172388697623056007669953 -0.117993132845658003008792580 -0.261602144854252959547177143  0.300764733997035684979039563  0.407772591037791249870972723  0.079096794587059679392470300  0.203040271826398154936471965  0.174191571073831862840469720 -0.306988857510039497936702238  0.001043852021596583316934452 -0.313998393224575184529698615 
 10  0.000000000000021279592076079  0.350823207722801413938713486 -0.360247977855031379886604354  0.203501038776509276590669442 -0.265040951442804615533930732 -0.210301968615679242275828126  0.121837323387373743105996978 -0.224685329168119414248636599 -0.358820902813814721565247728  0.307472060150644668367935289 -0.370788171407227593311681582  0.051839168203623564475768888  0.085209369999744520040338251  0.085216724808797466108895718  0.115718815602280162324112280 -0.305980662149225981604871299 -0.202311966603255588350598025 
 11 -0.350823207722816447838402876  0.000000000000006832759206005  0.145064820738715009466922659 -0.238472893598002240426341793  0.015780768597625729065690638  0.215441759645193166471045972  0.072789925418395125407931834 -0.335868188506180046442413031  0.212534894856280648139847805  0.318852098579319621034352736 -0.313648412775876404948215484  0.171260519520623484792851664  0.360470257193034651800730636 -0.437758745964647975245026892 -0.040667089296775107820213369  0.148124152534001249825919289  0.120543015510140487065468638 
 12 -0.000000000000012396495150480 -0.350823207722752028123180956 -0.000308742601557724051559807  0.310193499687826134103259615  0.540886970517140566391822709  0.241119915227841020540964188 -0.022063550055874379638790332 -0.094233014079549557012456355 -0.434189595560894170015809115  0.071624653451759641792037127 -0.034888854431973807097654540  0.062547365334521400297271201 -0.090655882819702234640005332 -0.200210804541774211118081682  0.224583181542487159739873021 -0.275296459592839292150395422  0.217554780190651454803061303 
 13 -0.000000000000028251890661089  0.350823207722787861601292797 -0.038200507670411048288409755 -0.343741485488869134265520547 -0.089499394674987831137203884  0.434257377803540606632862198 -0.373295212943702412822580272 -0.285560254021083589155618337 -0.106311177571724698687704279 -0.371476809382331970221195055 -0.032526233322227110452323816  0.172613715381284751334634367 -0.156883601889481490382436540  0.152165685202673854224328376  0.027057918667066058775785278 -0.254645073172330359479375791  0.215240240794970692743003256 
 14 -0.350823207722829313713218055 -0.000000000000000887705333430  0.033891400821261861365705191  0.182627527542429578716375385  0.110279312118887773016791872  0.312481900056131208182150921  0.090266933099757151246606522  0.157596509959137765296980152  0.246068342331718647506932744 -0.173756985284060527026557541 -0.111541143959330910418229453 -0.006153345012314239505865773 -0.118073251874743353662827218 -0.054032407510189407088099008 -0.268353491285461058480591584 -0.394942743142148233531033702 -0.592921430167343469440875692 
 15  0.000000000000011954138548764  0.350823207722819099634286449 -0.234350615062380067171645542 -0.082181409524912688507403483  0.433171552396044662683067400 -0.225577483925997829191387525 -0.271064104653579047380512757  0.161003761024257565354750842  0.101192377373973414186663841  0.297074799670135309131047824 -0.080765351988471641239036077  0.014767261162203228301435147 -0.382443334036279440380249814 -0.188911049505726315013908953 -0.409999340898045234598016592  0.051027009260739688510091425  0.139428747428567357139546530 
 16  0.350823207722815798076040905 -0.000000000000012530022274251  0.034397343943171867399334445 -0.519835079743509580218509269  0.215874112256324502732529429 -0.099672341913844921914883597  0.092862843976415257637709120  0.165041994186397187450001181  0.181620626370239252739269276  0.051923771307726062341044359 -0.177326241042357368528944832  0.023536717277148390121453508 -0.099567000537311625422607318 -0.159343294579751517029797374  0.529713702155161074620632472 -0.208824765773495944461493612 -0.293127700588310841463756881 

  0  0.999999999999999948879867567  0.000000000000000000011646703  0.000000000000000000002620508  0.000000000000000000027952087  0.000000000000000000006564505  0.000000000000000000002964615 -0.000000000000000000011434945 -0.000000000000000000010164395  0.000000000000000000008682088 -0.000000000000000000011011428  0.000000000000000000004658681  0.000000000000000000007199780 -0.000000000000000000002541099  0.000000000000000000003388132  0.000000000000000000012705494  0.000000000000000000017364175 -0.000000000000000000009740879 
  1  0.000000000000000000011646703  0.999999999999999930827901395 -0.000000000000000000010376154 -0.000000000000000000002541099 -0.000000000000000000017787692  0.000000000000000000003388132  0.000000000000000000013552527  0.000000000000000000006776264  0.000000000000000000000000000  0.000000000000000000006776264  0.000000000000000000001694066 -0.000000000000000000027105054 -0.000000000000000000013552527 -0.000000000000000000008470329  0.000000000000000000003388132  0.000000000000000000000847033  0.000000000000000000013552527 
  2  0.000000000000000000002620508 -0.000000000000000000010376154  0.999999999999999986230632409  0.000000000000000000013340769  0.000000000000000000012493736  0.000000000000000000007411538  0.000000000000000000029646153  0.000000000000000000049974944 -0.000000000000000000004341044 -0.000000000000000000009317362 -0.000000000000000000012070219 -0.000000000000000000015246593 -0.000000000000000000001270549 -0.000000000000000000006352747  0.000000000000000000000000000  0.000000000000000000004658681 -0.000000000000000000000423516 
  3  0.000000000000000000027952087 -0.000000000000000000002541099  0.000000000000000000013340769  0.999999999999999946386202571  0.000000000000000000018634725 -0.000000000000000000001694066 -0.000000000000000000020328791  0.000000000000000000003388132 -0.000000000000000000011858461 -0.000000000000000000003388132  0.000000000000000000000000000 -0.000000000000000000005929231  0.000000000000000000016940659  0.000000000000000000000000000 -0.000000000000000000006776264  0.000000000000000000000847033  0.000000000000000000006776264 
  4  0.000000000000000000006564505 -0.000000000000000000017787692  0.000000000000000000012493736  0.000000000000000000018634725  0.999999999999999977340174595 -0.000000000000000000033881318  0.000000000000000000028799120  0.000000000000000000020328791  0.000000000000000000002541099  0.000000000000000000003388132 -0.000000000000000000033881318 -0.000000000000000000011858461  0.000000000000000000006776264  0.000000000000000000000000000 -0.000000000000000000006776264  0.000000000000000000005082198  0.000000000000000000000000000 
  5  0.000000000000000000002964615  0.000000000000000000003388132  0.000000000000000000007411538 -0.000000000000000000001694066 -0.000000000000000000033881318  1.000000000000000006505213035  0.000000000000000000003388132  0.000000000000000000006776264 -0.000000000000000000001694066 -0.000000000000000000006776264 -0.000000000000000000006776264  0.000000000000000000008470329 -0.000000000000000000006776264  0.000000000000000000003388132  0.000000000000000000006776264 -0.000000000000000000008470329 -0.000000000000000000003388132 
  6 -0.000000000000000000011434945  0.000000000000000000013552527  0.000000000000000000029646153 -0.000000000000000000020328791  0.000000000000000000028799120  0.000000000000000000003388132  0.999999999999999974195988295  0.000000000000000000033881318  0.000000000000000000011858461 -0.000000000000000000013552527 -0.000000000000000000010164395 -0.000000000000000000008470329  0.000000000000000000000000000 -0.000000000000000000010164395  0.000000000000000000000000000  0.000000000000000000000000000  0.000000000000000000006776264 
  7 -0.000000000000000000010164395  0.000000000000000000006776264  0.000000000000000000049974944  0.000000000000000000003388132  0.000000000000000000020328791  0.000000000000000000006776264  0.000000000000000000033881318  0.999999999999999909089647837  0.000000000000000000013552527  0.000000000000000000006776264 -0.000000000000000000006776264  0.000000000000000000010164395 -0.000000000000000000006776264 -0.000000000000000000020328791  0.000000000000000000000000000  0.000000000000000000003388132  0.000000000000000000000000000 
  8  0.000000000000000000008682088  0.000000000000000000000000000 -0.000000000000000000004341044 -0.000000000000000000011858461  0.000000000000000000002541099 -0.000000000000000000001694066  0.000000000000000000011858461  0.000000000000000000013552527  0.999999999999999935273130303 -0.000000000000000000013552527 -0.000000000000000000022022857  0.000000000000000000012705494  0.000000000000000000005082198 -0.000000000000000000001694066  0.000000000000000000003388132  0.000000000000000000000000000  0.000000000000000000005082198 
  9 -0.000000000000000000011011428  0.000000000000000000006776264 -0.000000000000000000009317362 -0.000000000000000000003388132  0.000000000000000000003388132 -0.000000000000000000006776264 -0.000000000000000000013552527  0.000000000000000000006776264 -0.000000000000000000013552527  0.999999999999999919443778584  0.000000000000000000000000000  0.000000000000000000000000000  0.000000000000000000027105054  0.000000000000000000013552527  0.000000000000000000013552527  0.000000000000000000000000000  0.000000000000000000000000000 
 10  0.000000000000000000004658681  0.000000000000000000001694066 -0.000000000000000000012070219  0.000000000000000000000000000 -0.000000000000000000033881318 -0.000000000000000000006776264 -0.000000000000000000010164395 -0.000000000000000000006776264 -0.000000000000000000022022857  0.000000000000000000000000000  0.999999999999999958691897228 -0.000000000000000000006776264  0.000000000000000000000000000 -0.000000000000000000006776264 -0.000000000000000000006776264  0.000000000000000000001694066 -0.000000000000000000003388132 
 11  0.000000000000000000007199780 -0.000000000000000000027105054 -0.000000000000000000015246593 -0.000000000000000000005929231 -0.000000000000000000011858461  0.000000000000000000008470329 -0.000000000000000000008470329  0.000000000000000000010164395  0.000000000000000000012705494  0.000000000000000000000000000 -0.000000000000000000006776264  0.999999999999999952782995388  0.000000000000000000000000000 -0.000000000000000000005082198  0.000000000000000000000000000 -0.000000000000000000006776264  0.000000000000000000000000000 
 12 -0.000000000000000000002541099 -0.000000000000000000013552527 -0.000000000000000000001270549  0.000000000000000000016940659  0.000000000000000000006776264 -0.000000000000000000006776264  0.000000000000000000000000000 -0.000000000000000000006776264  0.000000000000000000005082198  0.000000000000000000027105054  0.000000000000000000000000000  0.000000000000000000000000000  0.999999999999999989916919796 -0.000000000000000000010164395  0.000000000000000000000000000  0.000000000000000000000000000  0.000000000000000000000000000 
 13  0.000000000000000000003388132 -0.000000000000000000008470329 -0.000000000000000000006352747  0.000000000000000000000000000  0.000000000000000000000000000  0.000000000000000000003388132 -0.000000000000000000010164395 -0.000000000000000000020328791 -0.000000000000000000001694066  0.000000000000000000013552527 -0.000000000000000000006776264 -0.000000000000000000005082198 -0.000000000000000000010164395  0.999999999999999968666557215  0.000000000000000000000000000  0.000000000000000000011858461 -0.000000000000000000006776264 
 14  0.000000000000000000012705494  0.000000000000000000003388132  0.000000000000000000000000000 -0.000000000000000000006776264 -0.000000000000000000006776264  0.000000000000000000006776264  0.000000000000000000000000000  0.000000000000000000000000000  0.000000000000000000003388132  0.000000000000000000013552527 -0.000000000000000000006776264  0.000000000000000000000000000  0.000000000000000000000000000  0.000000000000000000000000000  0.999999999999999908384916425 -0.000000000000000000006776264  0.000000000000000000000000000 
 15  0.000000000000000000017364175  0.000000000000000000000847033  0.000000000000000000004658681  0.000000000000000000000847033  0.000000000000000000005082198 -0.000000000000000000008470329  0.000000000000000000000000000  0.000000000000000000003388132  0.000000000000000000000000000  0.000000000000000000000000000  0.000000000000000000001694066 -0.000000000000000000006776264  0.000000000000000000000000000  0.000000000000000000011858461 -0.000000000000000000006776264  0.999999999999999950614591043  0.000000000000000000037269450 
 16 -0.000000000000000000009740879  0.000000000000000000013552527 -0.000000000000000000000423516  0.000000000000000000006776264  0.000000000000000000000000000 -0.000000000000000000003388132  0.000000000000000000006776264  0.000000000000000000000000000  0.000000000000000000005082198  0.000000000000000000000000000 -0.000000000000000000003388132  0.000000000000000000000000000  0.000000000000000000000000000 -0.000000000000000000006776264  0.000000000000000000000000000  0.000000000000000000037269450  0.999999999999999952566154954 

