
  0 -0.104257207028538189825801578 -0.104257207028536820620759264  0.104257207028537412507054015  0.104257207028537559030201363  0.104257207028534359976494963  0.104257207028537027079957960 -0.104257207028538237449382005  0.104257207028537894184197932 -0.104257207028538170743843343 -0.104257207028536030311914422 -0.104257207028537209822234132  0.104257207028538145326078661 -0.104257207028538076777396306  0.104257207028538258889479966 -0.104257207028536560222502488 -0.104257207028537234643687619  0.104257207028535848897785911  0.104257207028537889386603319 -0.104257207028538022424986147  0.104257207028537967035807660 -0.104257207028538250181981268  0.104257207028536897029907370  0.104257207028537645949334278  1.042572070285382588894799658e-01

  0 -0.208514414057076379651603157 -0.152273105707816929648996257 -0.036642536497295144211436974  0.141213642876336464542104919 -0.109646409927876351927586961  0.193317773695405146079347516  0.329691340943728247644137555 -0.000464018362119666165331421 -0.034766558194267846514346728 -0.123705990681469424809105304 -0.280408424629410864796367001 -0.158478868393691674237465025  0.224435620881304142071386958 -0.298669156102143102879398207 -0.190092610675246422640371179 -0.291680563592739425720712712  0.131159307425386909535885115 -0.165813241235094472136413039  0.183926954327702509256296792  0.414795761184863885889361618 -0.306362831207262123760400041  0.109155687907614077353907721 -0.128692274500170102656017301 
  1 -0.208514414057073641241518529  0.187907622016012972369046474  0.436302394861009033291080611 -0.051163038795691740365267127 -0.418671179555279865484038529 -0.097566412760585157061359301 -0.126096709801941183657996402 -0.117231598043163178025417338 -0.346716624159195741937573854 -0.173490377125551364397145968  0.055873009587867408821135282 -0.110146143710146093594817208  0.135200867550511107773687433  0.198203336178725512573971408 -0.094490772497932146301968370 -0.087188751156249573742598822 -0.072121056815207658758314340 -0.070838500158419430763659906  0.185845780543325235319358259 -0.376329702211565118115301626 -0.237031261923157216019771715  0.177592048052374316545638788 -0.004704204579507109565577515 
  2  0.208514414057074825014108030 -0.164723099369367923314059002  0.290153177590253125828862954  0.537801810972033520711222537 -0.238422659014841221961533875  0.274847607740627738949924092 -0.044905673565365027819135980  0.221153728131015620494113916  0.137336120174600459978146196 -0.252539253808449490887929473  0.035417645546945522903132739  0.387716767780363850059641151 -0.062678865722889188473660512 -0.142609648073221821471976908  0.096478517959433508862537084  0.106032262771971272057448636  0.070673002507598998300645046 -0.024449193871259139655043383 -0.231729605413743733747827976 -0.118974478846878753376438160 -0.133258758139481215852176904 -0.042633723533921829692227255  0.024530290383932255824663525 
  3  0.208514414057075118060402726 -0.162242029269823935988450309  0.029256360021401623409460129 -0.213248010320895125854876069  0.120179112689012685488514336  0.220217895505556438427090075 -0.034273669384700502293586303 -0.424801587624481523998735619  0.052783169158682419476279332 -0.114135981693656526308035346 -0.130158965034243652620932902  0.058333577440960479030586123  0.659611469990514995775324897 -0.144417015838411968086611031  0.171549137964052346978327361  0.122056503131939177529262808 -0.010554289127075107099804161  0.068671661273011818947043829 -0.007997936236405471345746389 -0.237077451246772095421627181  0.009086727131890156533088434 -0.198433921175656895126730370 -0.048118871925235547808499814 
  4  0.208514414057068719952989927 -0.014241549446247149954351266 -0.118865376388883184965235447  0.122770288515237571154827337  0.052275491061688789009280097  0.084005403047512750240447595  0.106899897853098651126556393  0.099118896072165841223673526 -0.380450318490845262468834712  0.346321646521438854466126700 -0.352433876144109274630190909  0.175071846262192599920533287 -0.045001512773976210819427924  0.153068971946019970585962759  0.008631272237230971820789939  0.088229414323166048661332451 -0.024862159282202917875547604  0.144976663878950102343212691  0.326261990813427871406396732 -0.077282604560167641537628876 -0.301086777424357846135024794 -0.224085969458610555568459435  0.410240063615000718474706484 
  5  0.208514414057074054159915920 -0.192610474644080706949685750 -0.272546820587667709738727631 -0.262170668634291169059400556 -0.153657904179698427167425137 -0.031203591913252268229722912 -0.221189245733716159810454405  0.465649693468831637430680251 -0.291166516623885577208681597 -0.041040976685168011975639486  0.290148487124961209358050412  0.088722508309510404722868920  0.135889795661494530978007610 -0.235768003562374022646919158 -0.097443519565673699105341765  0.065050312136972425541760635 -0.269309814596008589203607678 -0.148149894383030377410727547  0.127071412848814684258221853  0.022684257515853637082690604 -0.120086353796845916279813302 -0.112629192856448682992737218 -0.285526749796935899505844272 
  6 -0.208514414057076474898764010  0.030229901507910626317024590 -0.242192811539670794222138886 -0.051058000461354390632381884  0.098251693011187121214048204  0.441378623212968750478928104 -0.428544812450708828311133833  0.050279702219691333420442756  0.000874742147051759484207747  0.030549378146476894634525146 -0.334175619975222642008124904  0.012574178169484276020818002 -0.230799171560185029236297871 -0.065086192208506480339738794  0.060019423991472744629103704  0.009631873413804221913575620  0.264726980172649449941750521 -0.183946404288926285947145152  0.158576600871954514476312899 -0.329151666059437271780836395  0.073952925016420790633726694  0.199669942545567560501394364 -0.216772310563831547254392239 
  7  0.208514414057075788368395865  0.157879260043248379876486449  0.133115212706585383774455025  0.024973469311145508973265317 -0.104175093331322750446813179  0.203643530127900580531884710  0.137378987806480692829822800 -0.326319936611077243579460624 -0.165897088088493045905397888  0.173395272714396801876676583  0.001571112424395430779475492  0.103838318302209702916115517 -0.233770701666588797090588769 -0.124488755018976528564725054 -0.220503796379538645044265932 -0.200654931409771995209369820 -0.214247629406916835384348807 -0.489884392606626156046242121 -0.007377106155137045226736337 -0.005497310560863162700752219  0.345632550308353056500200451 -0.310313072133712848209990964 -0.080244028488198228168254422 
  8 -0.208514414057076341487686685  0.187435719701645989813672093 -0.111048806390630751771402690 -0.155356123707695817454609542 -0.196285506950092938785804031  0.122524514095167791309236478 -0.160749643487908844974179981  0.142507638032273248522119151 -0.140582358571829031050181430 -0.311476499960870816278643569 -0.067429969700463963770426662 -0.157179052369057727027543310  0.071275265028578136170369153  0.139960173072518611887653239  0.224723792357775849689856089  0.088485379936802322413207361  0.191517195031676383022451599 -0.241434762305957605874094998 -0.257401516533625439320243089  0.265021949731115907198655476  0.051616064850155092740902670 -0.442298511882577626827322756  0.355593342952076111365125252 
  9 -0.208514414057072060623828844 -0.336463167682092316039836263 -0.072974681934225669361108405  0.202442343055266339769981444  0.289244050876233144440957332 -0.074542236058733499915037943  0.226027438885531909118194530  0.108377945880614212450002674 -0.155348617328588842781368282 -0.381476303965418223648579932 -0.162149142677444167034398088 -0.040421336217058360084226605  0.009033943210550312952637005  0.399869860201702490384205804 -0.276101155383522709808354068  0.142832245524716396498847264 -0.147956779098004451335071976 -0.065128136274913230389894351  0.001225714248594402707953764 -0.202404839623972456014926007  0.205315592608912542005989398 -0.205659973462203972486552969 -0.198006545412258566735640673 
 10 -0.208514414057074419644468265 -0.285611095600844462155882067 -0.074438476419498224870502714 -0.265362229643210059194021605 -0.096608176872944391697583481 -0.028295087124294115963371414  0.219606251466732542369894761 -0.070103905456141515295184503  0.171348565816607917912947970  0.326018809544029531370277694  0.153518400125468064130779440  0.218143436702268911207445654 -0.000245799634239118231475649  0.150765186929419640649322962 -0.184176070530684448338766893  0.198557655082368478602740727  0.233173415568418227665579284 -0.387856991117651981107721654 -0.285859668861166744800337766 -0.177762617661162967058535375 -0.328303908457581432490815856  0.027919039194810237002110386  0.078449276052927073256881493 
 11  0.208514414057076290652157323  0.133999181044548699829905419 -0.057840069855460888044299851 -0.222198222323926344108808995  0.319251858878298150015316234  0.364825568819052147403114369  0.082590972104139963300530394  0.053403474718921887145470012 -0.188422095265996624168262571 -0.221769589441125604983742585  0.054511544571183604736692692  0.047545979121911300442382712 -0.033030040253234738028870372  0.157716830601837641241290064 -0.132202213130087853663408373 -0.317747880532758737530917015 -0.204158024647099717039711898  0.044766842769632929993574213 -0.413393869152863221522404072 -0.020044359495285575786306144 -0.198488384562763056377025610  0.343759761023130911903027823  0.185156833446824029459952879 
 12 -0.208514414057076153554792612  0.083702505379163465195594025 -0.000106226278107864534628203 -0.207813936820641148209938207 -0.342433020429185091019434056  0.019671441144326272287465827  0.146548102036140932919665129  0.286648248193873950227621161  0.108943194201030607241701981  0.132300447648963917084705480 -0.390424389854019738735997277  0.120777154892214446723697815  0.128962267982423297798958220 -0.217793623156875580375193939 -0.269276971424706381883461270 -0.010092180752384926742103188 -0.200648662949780693973513869  0.305996787929100479862991671 -0.252057595128574541808869069 -0.173141289505524458548443335  0.332943049212522725088022474  0.025003666095219843581686490  0.114408680068538569430986081 
 13  0.208514414057076517778959932 -0.053031082210494906678554562 -0.208501921961443043357560014 -0.080970916953197598025615371 -0.260599433178807571135932736 -0.245925480232544521982289767  0.176933472891388481000444523  0.045716925785372485852286204  0.181091293483404928209919323 -0.096633505510037432833559973 -0.319445929182313323989057113  0.162503810138519675778452818 -0.002442712519705759940382914  0.295489191580809345362207061  0.507081210708266799213738557 -0.284228862204135622991640897 -0.180645244811321937066232908 -0.256440412903582796354468379  0.037350979928106509132779926 -0.048499611906895127080705703  0.023002386376083370203891139  0.168917423804335002141983543 -0.121929450204502431236142611 
 14 -0.208514414057073120445004975 -0.011800686254093983408210839 -0.056552014342349255339795211  0.288970591386862676045376927  0.074717768531696819288572160  0.097670780784553844597773321  0.180890689882965349872460774  0.050146833098212243719319107 -0.216690727434710381392652702  0.248854086297028345082832552  0.068265123735671585229777599 -0.359123846572381386765956610  0.096699918285879008524161173 -0.214000286676049052500157496  0.396248497462189573024285080  0.272753146070414963626988084 -0.365172895198195704164617625 -0.206644065264609170335871613 -0.200344870869066566689258718 -0.132868805642209988391948781  0.041371586690352167005687743  0.221573048624799164851308618  0.074853281907933129375308946 
 15 -0.208514414057074469287375237  0.297067888134608108243166907  0.044079368735228958411167003 -0.119698396384990606285754662  0.115978455584583838521538224  0.235706284815789518594987030  0.475601591594102974174885015  0.231200969882878019638519466 -0.055179810589397725142560931 -0.044940850963883483398786638  0.340839058798298497244714730  0.334135147993792833696381772  0.118149260075727128222790058  0.019873076492370318209241360  0.238196662653929356684911686 -0.017869114851212137297365150  0.207364484371973302177815691  0.037136332802814471791308685  0.321256463229902669711353022 -0.083538692524927466584385057  0.202101932389452077699801107 -0.000526335580721399122963649 -0.060334624784501957220188024 
 16  0.208514414057071697795571821  0.065326582467611202921866937 -0.188058176308371428154869384  0.009556071834083620530778200 -0.364911695871346071230181471  0.211697418490289403190398286  0.226092055840263305292498104 -0.158660249199259851832916057 -0.264174271161328377122536407  0.085989007775183785725896420  0.015965578312043114010278341 -0.181065654573743471669679435 -0.114113334841032208466493885  0.224868560711778730715269640  0.035072797063077888792952683  0.217875950665170855331462252  0.235748254736311407050042971  0.335305225371904374660108131 -0.235559418167074203636105964  0.086928868659457962371310547 -0.009873795304483189107228242 -0.000325800685547650311512738 -0.457024141853160101929987730 
 17  0.208514414057075778773206638  0.118753596510336787670262734 -0.216361096123995800562635552 -0.147750711644989060776955898 -0.098237952341776463591009865 -0.100718113780168533815751256  0.271329530526792879230628050 -0.155920178861561699857588188  0.091021522977841027617009091 -0.457551407905116421930306544 -0.034486191288146542945850653 -0.103274790633255611711825792 -0.298269710417887510417195990 -0.322048985510066352802712938 -0.111941871384516930721829062  0.405964628558176918811297579  0.009028880754497243140228510 -0.070193075993126863607951896  0.193889428249231720794007114 -0.170397015121858669403284714 -0.062472027475230138416072449  0.149434468003815298540667977  0.242217257400794029183698462 
 18 -0.208514414057076044849972293 -0.096179165918272538855001309 -0.024698022246164331004131894 -0.080758434971537537724168253  0.119223938512905517747206795 -0.226905194066753710993556391  0.110609556202253519700394891 -0.094170125877266397275281492 -0.194811568083805488881010172 -0.082929147093352263262649223 -0.004822856745535470820094562  0.031780350534562621818142174 -0.309950358627781387291320186 -0.372667574451279731283410979  0.253310616735592458422313134 -0.354884454128039890575445695  0.078739401707144078564992555  0.213014671490689528043091863 -0.217784296364568903675443604 -0.293975393088943837529083969 -0.234540529645567734950734225 -0.355034595781783395853324625 -0.126211957473608094485004356 
 19  0.208514414057075934071615320  0.518577059202301391825813692  0.022307366847584647275335541  0.150124941824357550145354646  0.254539384499899606586386172 -0.368947302185026347685469633  0.024054102026808160761173010  0.194792692652410242710992426 -0.088818314626432429394957239  0.047464195956410849500133791 -0.230231934031685576697977974  0.032380881512063528271031096  0.249601820338662212450599361 -0.104368967443500332232869318 -0.133402437567921184702682269  0.102415190088286319020582059  0.280229890318794365943431968 -0.236793129377908367951270814 -0.226946699089883997243815780 -0.099238277422279436600549476 -0.099928250652162843150412737  0.005910249017795458475796181 -0.231257453497019178513386707 
 20 -0.208514414057076500363962536  0.235087253093377283267445543  0.258688685166174566241537383 -0.206423813427053428828797724  0.133702080370399117861747625  0.106274685633624825270744652 -0.022878711444739223976338276 -0.052462763687563938352941603  0.154054137503564816805753240 -0.029633573295574715521791612 -0.218664771021904813107401833  0.211107648766887566509553240 -0.179959750689372868824936202  0.042750701702652496084301748  0.100009254406632388830335288  0.352905387030165470970679772 -0.420493756470757583165514734  0.035155590884085614520292162  0.013947389828664525844809183  0.270944583585738430023823545 -0.333627944357775579165654653 -0.129151846651056246686258173 -0.306407901873963027067045498 
 21  0.208514414057073794059814741  0.078960109415733375977678940  0.150604912550616218516784731 -0.070913597697940543000834877  0.010459202195547178712074321  0.220371561177581264107236056  0.145251043382786740426853948  0.317826625116999565804102798  0.440975560487125924357147341  0.094541977327180600534353369  0.038236391744846700084233069 -0.544271607094755036375301888 -0.040108904097047112965979902  0.105953306980164084716506193 -0.027440965305082374680304856 -0.125941430627474854699087217 -0.038255151648720814197383866 -0.016826395257494640975338583  0.102743605386287783805667004 -0.279538242351865889325467085 -0.187176721966781578723368860 -0.304384941876667025986193116 -0.055872364254714296185369256 
 22  0.208514414057075291898668556 -0.347543885074164454052200388  0.557153304623844063418660472 -0.352981851775329710384394855  0.130773381744963633163160444 -0.043579323426045818846812085  0.080543620078176823095887898  0.202768842231956555280814741 -0.233154686718221173277569569  0.026028593299336920671035686 -0.208673446400587016339974247 -0.124332966769100039916941865 -0.152885241194921364961119108 -0.080189984391526640712666296  0.162492534496260309655906763  0.124399465676107442321210624  0.246639918947454408608725360 -0.081342616439335950662039686 -0.012981827717610663540270702  0.128525513521537277031726691  0.202084080682235510948753510  0.153026888933515780292669503  0.000003376966852611909594652 

  0  0.999999999999999931803683351 -0.000000000000000000013393708 -0.000000000000000000002117582  0.000000000000000000016517142 -0.000000000000000000040657581  0.000000000000000000000000000 -0.000000000000000000010164395  0.000000000000000000023716923 -0.000000000000000000003388132  0.000000000000000000008470329 -0.000000000000000000013552527 -0.000000000000000000018634725  0.000000000000000000026258021  0.000000000000000000005082198 -0.000000000000000000012705494  0.000000000000000000011011428 -0.000000000000000000023716923 -0.000000000000000000010164395  0.000000000000000000003388132  0.000000000000000000003388132  0.000000000000000000003388132 -0.000000000000000000008470329  0.000000000000000000008351758 
  1 -0.000000000000000000013393708  1.000000000000000021900883884  0.000000000000000000027899148 -0.000000000000000000019746456  0.000000000000000000016199505  0.000000000000000000009740879 -0.000000000000000000002011703 -0.000000000000000000006140989  0.000000000000000000002435220 -0.000000000000000000008046813  0.000000000000000000007093901 -0.000000000000000000002646978 -0.000000000000000000000529396 -0.000000000000000000024934532  0.000000000000000000003017555 -0.000000000000000000004764560 -0.000000000000000000000423516 -0.000000000000000000010482033  0.000000000000000000016464203 -0.000000000000000000008258571  0.000000000000000000004552802 -0.000000000000000000001323489 -0.000000000000000000041920597 
  2 -0.000000000000000000002117582  0.000000000000000000027899148  0.999999999999999890332950253 -0.000000000000000000024352197 -0.000000000000000000005929231  0.000000000000000000007199780 -0.000000000000000000008893846 -0.000000000000000000006140989  0.000000000000000000015246593  0.000000000000000000001694066 -0.000000000000000000022869890 -0.000000000000000000027105054  0.000000000000000000007835055 -0.000000000000000000014399560  0.000000000000000000011329066  0.000000000000000000010905549  0.000000000000000000007623297 -0.000000000000000000018211208  0.000000000000000000021599340 -0.000000000000000000003388132 -0.000000000000000000003811648  0.000000000000000000000317637  0.000000000000000000006563788 
  3  0.000000000000000000016517142 -0.000000000000000000019746456 -0.000000000000000000024352197  0.999999999999999986284842518 -0.000000000000000000001694066  0.000000000000000000001694066  0.000000000000000000010164395  0.000000000000000000010799670 -0.000000000000000000013552527  0.000000000000000000004235165  0.000000000000000000019481758  0.000000000000000000012705494 -0.000000000000000000001270549  0.000000000000000000010587912 -0.000000000000000000003599890 -0.000000000000000000016305384 -0.000000000000000000018634725 -0.000000000000000000013552527  0.000000000000000000035575384 -0.000000000000000000011858461 -0.000000000000000000004235165 -0.000000000000000000001482308 -0.000000000000000000007596917 
  4 -0.000000000000000000040657581  0.000000000000000000016199505 -0.000000000000000000005929231 -0.000000000000000000001694066  0.999999999999999952186684193  0.000000000000000000020328791 -0.000000000000000000020328791  0.000000000000000000000000000 -0.000000000000000000027105054  0.000000000000000000013552527  0.000000000000000000010164395  0.000000000000000000006776264 -0.000000000000000000016940659 -0.000000000000000000016940659 -0.000000000000000000003388132  0.000000000000000000000000000  0.000000000000000000000000000  0.000000000000000000000000000  0.000000000000000000000000000  0.000000000000000000006776264  0.000000000000000000000000000  0.000000000000000000006776264  0.000000000000000000003115059 
  5  0.000000000000000000000000000  0.000000000000000000009740879  0.000000000000000000007199780  0.000000000000000000001694066  0.000000000000000000020328791  0.999999999999999943729907248 -0.000000000000000000013552527 -0.000000000000000000020328791  0.000000000000000000006776264  0.000000000000000000010164395 -0.000000000000000000013552527 -0.000000000000000000020328791  0.000000000000000000000000000  0.000000000000000000000000000  0.000000000000000000016940659 -0.000000000000000000010164395  0.000000000000000000000000000 -0.000000000000000000020328791  0.000000000000000000006776264 -0.000000000000000000013552527  0.000000000000000000000000000 -0.000000000000000000011858461  0.000000000000000000002656594 
  6 -0.000000000000000000010164395 -0.000000000000000000002011703 -0.000000000000000000008893846  0.000000000000000000010164395 -0.000000000000000000020328791 -0.000000000000000000013552527  0.999999999999999989320608601 -0.000000000000000000005082198 -0.000000000000000000047433845 -0.000000000000000000027105054 -0.000000000000000000032187252  0.000000000000000000054210109  0.000000000000000000000000000 -0.000000000000000000001694066 -0.000000000000000000001694066 -0.000000000000000000003388132  0.000000000000000000006776264 -0.000000000000000000030493186  0.000000000000000000003388132 -0.000000000000000000027105054 -0.000000000000000000020328791  0.000000000000000000005082198  0.000000000000000000009017096 
  7  0.000000000000000000023716923 -0.000000000000000000006140989 -0.000000000000000000006140989  0.000000000000000000010799670  0.000000000000000000000000000 -0.000000000000000000020328791 -0.000000000000000000005082198  1.000000000000000013552527156 -0.000000000000000000020328791 -0.000000000000000000005082198 -0.000000000000000000027952087  0.000000000000000000000000000  0.000000000000000000004235165  0.000000000000000000001694066  0.000000000000000000001270549 -0.000000000000000000005929231 -0.000000000000000000006776264 -0.000000000000000000003388132 -0.000000000000000000003388132 -0.000000000000000000003388132 -0.000000000000000000006776264  0.000000000000000000005082198 -0.000000000000000000006525395 
  8 -0.000000000000000000003388132  0.000000000000000000002435220  0.000000000000000000015246593 -0.000000000000000000013552527 -0.000000000000000000027105054  0.000000000000000000006776264 -0.000000000000000000047433845 -0.000000000000000000020328791  0.999999999999999989754289470 -0.000000000000000000027105054 -0.000000000000000000032187252  0.000000000000000000033881318  0.000000000000000000040657581  0.000000000000000000000000000  0.000000000000000000003388132  0.000000000000000000008470329  0.000000000000000000000000000  0.000000000000000000006776264 -0.000000000000000000013552527 -0.000000000000000000006776264  0.000000000000000000000000000  0.000000000000000000003388132 -0.000000000000000000001780610 
  9  0.000000000000000000008470329 -0.000000000000000000008046813  0.000000000000000000001694066  0.000000000000000000004235165  0.000000000000000000013552527  0.000000000000000000010164395 -0.000000000000000000027105054 -0.000000000000000000005082198 -0.000000000000000000027105054  0.999999999999999953650357126  0.000000000000000000003388132 -0.000000000000000000030493186 -0.000000000000000000010164395  0.000000000000000000010164395  0.000000000000000000005082198 -0.000000000000000000004235165  0.000000000000000000033881318  0.000000000000000000010164395 -0.000000000000000000006776264 -0.000000000000000000013552527 -0.000000000000000000020328791  0.000000000000000000003388132 -0.000000000000000000001068511 
 10 -0.000000000000000000013552527  0.000000000000000000007093901 -0.000000000000000000022869890  0.000000000000000000019481758  0.000000000000000000010164395 -0.000000000000000000013552527 -0.000000000000000000032187252 -0.000000000000000000027952087 -0.000000000000000000032187252  0.000000000000000000003388132  0.999999999999999926707933140  0.000000000000000000000847033  0.000000000000000000030493186  0.000000000000000000014399560 -0.000000000000000000007623297 -0.000000000000000000013129011  0.000000000000000000023716923 -0.000000000000000000006776264 -0.000000000000000000008470329 -0.000000000000000000022022857  0.000000000000000000013552527 -0.000000000000000000003811648 -0.000000000000000000001094748 
 11 -0.000000000000000000018634725 -0.000000000000000000002646978 -0.000000000000000000027105054  0.000000000000000000012705494  0.000000000000000000006776264 -0.000000000000000000020328791  0.000000000000000000054210109  0.000000000000000000000000000  0.000000000000000000033881318 -0.000000000000000000030493186  0.000000000000000000000847033  0.999999999999999902801275237  0.000000000000000000003388132 -0.000000000000000000018634725  0.000000000000000000001694066 -0.000000000000000000017787692 -0.000000000000000000006776264  0.000000000000000000006776264  0.000000000000000000008470329  0.000000000000000000000000000  0.000000000000000000003388132 -0.000000000000000000004235165  0.000000000000000000006230014 
 12  0.000000000000000000026258021 -0.000000000000000000000529396  0.000000000000000000007835055 -0.000000000000000000001270549 -0.000000000000000000016940659  0.000000000000000000000000000  0.000000000000000000000000000  0.000000000000000000004235165  0.000000000000000000040657581 -0.000000000000000000010164395  0.000000000000000000030493186  0.000000000000000000003388132  0.999999999999999916733273153 -0.000000000000000000011011428  0.000000000000000000004235165  0.000000000000000000002117582  0.000000000000000000000000000 -0.000000000000000000003388132  0.000000000000000000001694066  0.000000000000000000001694066 -0.000000000000000000010164395  0.000000000000000000002964615 -0.000000000000000000000541622 
 13  0.000000000000000000005082198 -0.000000000000000000024934532 -0.000000000000000000014399560  0.000000000000000000010587912 -0.000000000000000000016940659  0.000000000000000000000000000 -0.000000000000000000001694066  0.000000000000000000001694066  0.000000000000000000000000000  0.000000000000000000010164395  0.000000000000000000014399560 -0.000000000000000000018634725 -0.000000000000000000011011428  0.999999999999999919552198802  0.000000000000000000005082198  0.000000000000000000007623297 -0.000000000000000000006776264 -0.000000000000000000005082198  0.000000000000000000016093626  0.000000000000000000008470329 -0.000000000000000000006776264 -0.000000000000000000007199780 -0.000000000000000000014365439 
 14 -0.000000000000000000012705494  0.000000000000000000003017555  0.000000000000000000011329066 -0.000000000000000000003599890 -0.000000000000000000003388132  0.000000000000000000016940659 -0.000000000000000000001694066  0.000000000000000000001270549  0.000000000000000000003388132  0.000000000000000000005082198 -0.000000000000000000007623297  0.000000000000000000001694066  0.000000000000000000004235165  0.000000000000000000005082198  0.999999999999999963462386787 -0.000000000000000000024563955  0.000000000000000000006776264 -0.000000000000000000006776264 -0.000000000000000000017787692 -0.000000000000000000005082198  0.000000000000000000005082198  0.000000000000000000006776264 -0.000000000000000000004969107 
 15  0.000000000000000000011011428 -0.000000000000000000004764560  0.000000000000000000010905549 -0.000000000000000000016305384  0.000000000000000000000000000 -0.000000000000000000010164395 -0.000000000000000000003388132 -0.000000000000000000005929231  0.000000000000000000008470329 -0.000000000000000000004235165 -0.000000000000000000013129011 -0.000000000000000000017787692  0.000000000000000000002117582  0.000000000000000000007623297 -0.000000000000000000024563955  0.999999999999999931478422699  0.000000000000000000003388132  0.000000000000000000005929231 -0.000000000000000000005505714  0.000000000000000000004235165  0.000000000000000000013552527 -0.000000000000000000006988022 -0.000000000000000000005500221 
 16 -0.000000000000000000023716923 -0.000000000000000000000423516  0.000000000000000000007623297 -0.000000000000000000018634725  0.000000000000000000000000000  0.000000000000000000000000000  0.000000000000000000006776264 -0.000000000000000000006776264  0.000000000000000000000000000  0.000000000000000000033881318  0.000000000000000000023716923 -0.000000000000000000006776264  0.000000000000000000000000000 -0.000000000000000000006776264  0.000000000000000000006776264  0.000000000000000000003388132  0.999999999999999927412664552  0.000000000000000000040657581 -0.000000000000000000003388132  0.000000000000000000013552527 -0.000000000000000000013552527  0.000000000000000000003388132 -0.000000000000000000006433190 
 17 -0.000000000000000000010164395 -0.000000000000000000010482033 -0.000000000000000000018211208 -0.000000000000000000013552527  0.000000000000000000000000000 -0.000000000000000000020328791 -0.000000000000000000030493186 -0.000000000000000000003388132  0.000000000000000000006776264  0.000000000000000000010164395 -0.000000000000000000006776264  0.000000000000000000006776264 -0.000000000000000000003388132 -0.000000000000000000005082198 -0.000000000000000000006776264  0.000000000000000000005929231  0.000000000000000000040657581  0.999999999999999927846345421 -0.000000000000000000003388132  0.000000000000000000006776264  0.000000000000000000000000000 -0.000000000000000000002541099 -0.000000000000000000008104405 
 18  0.000000000000000000003388132  0.000000000000000000016464203  0.000000000000000000021599340  0.000000000000000000035575384  0.000000000000000000000000000  0.000000000000000000006776264  0.000000000000000000003388132 -0.000000000000000000003388132 -0.000000000000000000013552527 -0.000000000000000000006776264 -0.000000000000000000008470329  0.000000000000000000008470329  0.000000000000000000001694066  0.000000000000000000016093626 -0.000000000000000000017787692 -0.000000000000000000005505714 -0.000000000000000000003388132 -0.000000000000000000003388132  0.999999999999999937007853779 -0.000000000000000000001694066  0.000000000000000000013552527 -0.000000000000000000019481758 -0.000000000000000000008267231 
 19  0.000000000000000000003388132 -0.000000000000000000008258571 -0.000000000000000000003388132 -0.000000000000000000011858461  0.000000000000000000006776264 -0.000000000000000000013552527 -0.000000000000000000027105054 -0.000000000000000000003388132 -0.000000000000000000006776264 -0.000000000000000000013552527 -0.000000000000000000022022857  0.000000000000000000000000000  0.000000000000000000001694066  0.000000000000000000008470329 -0.000000000000000000005082198  0.000000000000000000004235165  0.000000000000000000013552527  0.000000000000000000006776264 -0.000000000000000000001694066  0.999999999999999944055167900  0.000000000000000000000000000  0.000000000000000000001694066 -0.000000000000000000007872795 
 20  0.000000000000000000003388132  0.000000000000000000004552802 -0.000000000000000000003811648 -0.000000000000000000004235165  0.000000000000000000000000000  0.000000000000000000000000000 -0.000000000000000000020328791 -0.000000000000000000006776264  0.000000000000000000000000000 -0.000000000000000000020328791  0.000000000000000000013552527  0.000000000000000000003388132 -0.000000000000000000010164395 -0.000000000000000000006776264  0.000000000000000000005082198  0.000000000000000000013552527 -0.000000000000000000013552527  0.000000000000000000000000000  0.000000000000000000013552527  0.000000000000000000000000000  0.999999999999999908059655773 -0.000000000000000000001694066 -0.000000000000000000005130381 
 21 -0.000000000000000000008470329 -0.000000000000000000001323489  0.000000000000000000000317637 -0.000000000000000000001482308  0.000000000000000000006776264 -0.000000000000000000011858461  0.000000000000000000005082198  0.000000000000000000005082198  0.000000000000000000003388132  0.000000000000000000003388132 -0.000000000000000000003811648 -0.000000000000000000004235165  0.000000000000000000002964615 -0.000000000000000000007199780  0.000000000000000000006776264 -0.000000000000000000006988022  0.000000000000000000003388132 -0.000000000000000000002541099 -0.000000000000000000019481758  0.000000000000000000001694066 -0.000000000000000000001694066  0.999999999999999936411542584 -0.000000000000000000002227675 
 22  0.000000000000000000008351758 -0.000000000000000000041920597  0.000000000000000000006563788 -0.000000000000000000007596917  0.000000000000000000003115059  0.000000000000000000002656594  0.000000000000000000009017096 -0.000000000000000000006525395 -0.000000000000000000001780610 -0.000000000000000000001068511 -0.000000000000000000001094748  0.000000000000000000006230014 -0.000000000000000000000541622 -0.000000000000000000014365439 -0.000000000000000000004969107 -0.000000000000000000005500221 -0.000000000000000000006433190 -0.000000000000000000008104405 -0.000000000000000000008267231 -0.000000000000000000007872795 -0.000000000000000000005130381 -0.000000000000000000002227675  0.999999999999999988073776103 

