 0.7071067811865476  0.1965797869667222  0.0642576202331339  0.0213740644018996  0.0071266255211659 -0.0023863630796054 -0.0008263461561214 -0.0003422841936674 -0.6758056018135173 
 0.7071067811865476 -0.1965797869667222 -0.0642576202331339 -0.0213740644018996 -0.0071266255211659  0.0023863630796054  0.0008263461561214  0.0003422841936674  0.6758056018135173 
 0.0000000000000000  0.9605793953194272 -0.0263002711862615 -0.0087482805631932 -0.0029168864824058  0.0009767245645699  0.0003382186878516  0.0001400949347885  0.2766033122982852 
 0.0000000000000000  0.0000000000000000  0.9955150487157277 -0.0029903869172220 -0.0009970666936205  0.0003338695345355  0.0001156118316057  0.0000478880457862  0.0945501142061149 
 0.0000000000000000  0.0000000000000000  0.0000000000000000  0.9995002871010893 -0.0003333158244474  0.0001116113895626  0.0000386486212147  0.0000160088021840  0.0316077645255302 
 0.0000000000000000  0.0000000000000000  0.0000000000000000  0.0000000000000000 -0.9999444029290732 -0.0000372345889005 -0.0000128935364763 -0.0000053406840507 -0.0105446417501337 
 0.0000000000000000  0.0000000000000000  0.0000000000000000  0.0000000000000000  0.0000000000000000  0.9999937656001894 -0.0000043176903150 -0.0000017884480215 -0.0035311101529728 
 0.0000000000000000  0.0000000000000000  0.0000000000000000  0.0000000000000000  0.0000000000000000  0.0000000000000000  0.9999992524334618 -0.0000006193053686 -0.0012227559584838 
 0.0000000000000000  0.0000000000000000  0.0000000000000000  0.0000000000000000  0.0000000000000000  0.0000000000000000  0.0000000000000000  0.9999998717374013 -0.0005064831496611 
