 0.7071067811865476  0.1965898663910513 -0.0642930043694213 -0.0214824444546895 -0.0074370833468098 -0.0030804315220010 -0.6757903072216146 
 0.7071067811865476 -0.1965898663910513  0.0642930043694213  0.0214824444546895  0.0074370833468098  0.0030804315220010  0.6757903072216146 
 0.0000000000000000 -0.9605752697548992 -0.0263162159943778 -0.0087931284888860 -0.0030441242191495 -0.0012608728132080 -0.2766124225516730 
 0.0000000000000000  0.0000000000000000  0.9955100581882860 -0.0030072460185993 -0.0010410891242781 -0.0004312179393571 -0.0946013250534224 
 0.0000000000000000  0.0000000000000000  0.0000000000000000  0.9994951958480160 -0.0003496081299602 -0.0001448072925442 -0.0317680701607694 
 0.0000000000000000  0.0000000000000000  0.0000000000000000  0.0000000000000000  0.9999394515659007 -0.0000501597046197 -0.0110041213229254 
 0.0000000000000000  0.0000000000000000  0.0000000000000000  0.0000000000000000  0.0000000000000000  0.9999896112705203 -0.0045582179668952 
