 0.7071067811865476  0.1965807950382784 -0.0642611612311467  0.0213849678526767 -0.0071592572015281 -0.0024790365660444 -0.0010268465697800 -0.6758037602214356 
 0.7071067811865476 -0.1965807950382784  0.0642611612311467 -0.0213849678526767  0.0071592572015281  0.0024790365660444  0.0010268465697800  0.6758037602214356 
 0.0000000000000000 -0.9605789827204407 -0.0263018666702981  0.0087527919264723 -0.0029302587249497 -0.0010146609239811 -0.0004202846797626 -0.2766040957880326 
 0.0000000000000000  0.0000000000000000 -0.9955145494286395 -0.0029920813333768  0.0010016886619193  0.0003468548133960  0.0001436714085729  0.0945551954959473 
 0.0000000000000000  0.0000000000000000  0.0000000000000000 -0.9994997760793477 -0.0003350136308968 -0.0001160051968714 -0.0000480507387893 -0.0316238773258689 
 0.0000000000000000  0.0000000000000000  0.0000000000000000  0.0000000000000000  0.9999438924470418 -0.0000388578238755 -0.0000160953749945 -0.0105929310800713 
 0.0000000000000000  0.0000000000000000  0.0000000000000000  0.0000000000000000  0.0000000000000000  0.9999932719489767 -0.0000055736970163 -0.0036682455907258 
 0.0000000000000000  0.0000000000000000  0.0000000000000000  0.0000000000000000  0.0000000000000000  0.0000000000000000  0.9999988456456127 -0.0015194431355319 
