 0.7071067811865476  0.1965796749556434  0.0642572267466241  0.0213728519772548 -0.0071229756333690  0.0023754789290008  0.0007954515417702  0.0002754454645685  0.0001140993179863  0.6758058449654720 
 0.7071067811865476 -0.1965796749556434 -0.0642572267466241 -0.0213728519772548  0.0071229756333690 -0.0023754789290008 -0.0007954515417702 -0.0002754454645685 -0.0001140993179863 -0.6758058449654720 
 0.0000000000000000  0.9605794411648977 -0.0263000938935024 -0.0087477789228316  0.0029153908041725 -0.0009722691444669 -0.0003255735003750 -0.0001127381610983 -0.0000467001600934 -0.2766032410090500 
 0.0000000000000000  0.0000000000000000  0.9955151041962441 -0.0029901985273066  0.0009965497946464 -0.0003323446773835 -0.0001112887522581 -0.0000385365801149 -0.0000159632234843 -0.0945495549452866 
 0.0000000000000000  0.0000000000000000  0.0000000000000000 -0.9995003439085958 -0.0003331261321572  0.0001110960009370  0.0000372015445605  0.0000128819873821  0.0000053361778053  0.0316059746390152 
 0.0000000000000000  0.0000000000000000  0.0000000000000000  0.0000000000000000 -0.9999444598817470 -0.0000370457661080 -0.0000124051244601 -0.0000042955919884 -0.0000017793871356 -0.0105392411447455 
 0.0000000000000000  0.0000000000000000  0.0000000000000000  0.0000000000000000  0.0000000000000000  0.9999938223432842 -0.0000041373061052 -0.0000014326481783 -0.0000005934538814 -0.0035150043735907 
 0.0000000000000000  0.0000000000000000  0.0000000000000000  0.0000000000000000  0.0000000000000000  0.0000000000000000  0.9999993072874799 -0.0000004797390614 -0.0000001987249992 -0.0011770404796887 
 0.0000000000000000  0.0000000000000000  0.0000000000000000  0.0000000000000000  0.0000000000000000  0.0000000000000000  0.0000000000000000  0.9999999169389719 -0.0000000688136729 -0.0004075807214308 
 0.0000000000000000  0.0000000000000000  0.0000000000000000  0.0000000000000000  0.0000000000000000  0.0000000000000000  0.0000000000000000  0.0000000000000000  0.9999999857474621 -0.0001688344621612 
