7 14
-0.707107 -0.000000  0.000000  0.000000 -0.000000 -0.000000 -0.000000  0.221539 -0.033885  0.374243  0.142186  0.169118 -0.061971  0.507008
-0.000000 -0.707107 -0.000000 -0.000000 -0.000000  0.000000  0.000000 -0.593663  0.003929  0.220412 -0.067091 -0.235378  0.019491  0.196681
-0.000000 -0.000000 -0.000000 -0.707107  0.000000  0.000000 -0.000000  0.067381  0.023228  0.436815 -0.117723  0.071398  0.450953 -0.286003
 0.000000  0.000000 -0.000000  0.000000  0.000000 -0.707107 -0.000000 -0.178816  0.136952  0.182982 -0.118889  0.448535 -0.394238 -0.212238
 0.000000  0.000000  0.000000  0.000000 -0.000000 -0.000000  0.707107  0.085244 -0.115475 -0.092070 -0.655903  0.048216  0.026643  0.194111
 0.000000 -0.000000  0.707107 -0.000000 -0.000000 -0.000000  0.000000  0.064697 -0.581974  0.186753  0.008725 -0.171466 -0.245496 -0.180274
-0.000000 -0.000000 -0.000000 -0.000000  0.707107  0.000000 -0.000000  0.224760  0.357089  0.209087 -0.130400 -0.421889 -0.275716 -0.085085
-0.000000  0.000000  0.000000 -0.000000 -0.000000  0.707107  0.000000 -0.178816  0.136952  0.182982 -0.118889  0.448535 -0.394238 -0.212238
 0.000000 -0.000000  0.000000  0.000000  0.000000  0.000000 -0.707107  0.085244 -0.115475 -0.092070 -0.655903  0.048216  0.026643  0.194111
 0.000000  0.000000 -0.000000 -0.000000  0.707107  0.000000  0.000000 -0.224760 -0.357089 -0.209087  0.130400  0.421889  0.275716  0.085085
-0.000000  0.707107 -0.000000  0.000000 -0.000000 -0.000000  0.000000 -0.593663  0.003929  0.220412 -0.067091 -0.235378  0.019491  0.196681
-0.707107  0.000000 -0.000000 -0.000000 -0.000000 -0.000000  0.000000 -0.221539  0.033885 -0.374243 -0.142186 -0.169118  0.061971 -0.507008
 0.000000  0.000000  0.000000 -0.707107 -0.000000 -0.000000 -0.000000 -0.067381 -0.023228 -0.436815  0.117723 -0.071398 -0.450953  0.286003
 0.000000 -0.000000  0.707107  0.000000  0.000000 -0.000000 -0.000000 -0.064697  0.581974 -0.186753 -0.008725  0.171466  0.245496  0.180274
 0.707107
