19 23
 0.000304 -0.004127 -0.000797 -0.001647  0.001254 -0.007418 -0.000625  0.000506  0.186305  0.716353 -0.001383 -0.000897 -0.002370  0.009887 -0.057418  0.000108 -0.001149  0.000516 -0.000798 -0.462599  0.426436  0.075832  0.216912
-0.000544  0.001417 -0.000161 -0.699597 -0.061755 -0.004702 -0.000520 -0.189800  0.005630 -0.001810 -0.000008 -0.000338 -0.000293  0.011114  0.000321 -0.001290 -0.017397 -0.000870  0.001059 -0.441732 -0.281225  0.105332 -0.430031
 0.000000  0.000000 -0.000000 -0.000000 -0.000000 -0.000000 -0.999992 -0.000000  0.000000 -0.000000  0.000006 -0.000000  0.000000 -0.000000 -0.000000  0.000000 -0.000000 -0.000000  0.000000  0.000565 -0.002455  0.001541  0.002611
 0.000000 -0.000000  0.999999 -0.000000  0.000000 -0.000000  0.000000  0.000000 -0.000000 -0.000000 -0.000000  0.000000 -0.000000 -0.000000 -0.000000 -0.000000  0.000000 -0.000000  0.000000 -0.000992  0.000483  0.000474  0.000445
 0.000124 -0.000655 -0.000320 -0.001160 -0.000525 -0.000675 -0.000227 -0.000111 -0.963737  0.000422 -0.000505  0.000528 -0.000954  0.004290 -0.022785  0.000033 -0.000653 -0.001545 -0.000339 -0.190810  0.160286  0.029151  0.087840
 0.000003 -0.000000 -0.000008  0.000012 -0.000006 -0.000074 -0.000021 -0.000009 -0.000012  0.000004 -0.000001 -0.000005 -0.000018 -0.000010  0.000012 -0.000047  0.999676 -0.000031  0.000013 -0.017867 -0.009628  0.003233 -0.015015
 0.996230 -0.000207 -0.000030 -0.000011 -0.000171  0.000093  0.000200  0.000056 -0.000034 -0.000014  0.000047 -0.000170  0.000022  0.000043 -0.000047 -0.000057  0.000046  0.000450  0.001934  0.011470 -0.010544  0.084082  0.014467
-0.000090  0.000386  0.000016  0.000061 -0.000320 -0.000492 -0.000242  0.000068  0.000033  0.000254 -0.000393  0.996490  0.000101  0.000299  0.000078 -0.000027  0.000048  0.000295  0.000237  0.024176  0.053951  0.016340 -0.056967
 0.000017  0.000005 -0.000019 -0.000154  0.995979 -0.000004 -0.000074  0.000034 -0.000272 -0.000470 -0.000014 -0.000007 -0.000030  0.000020  0.000198 -0.000170 -0.002260  0.000071  0.000156 -0.055774 -0.035390  0.015067 -0.058574
-0.000009 -0.000005  0.000006  0.000018  0.000009 -0.000013 -0.000045 -0.000002 -0.000007  0.000015 -0.000005 -0.000005 -0.000011 -0.000011 -0.000018  0.000018  0.000005 -0.000021  0.999750 -0.003403  0.002639 -0.021890 -0.001162
 0.023677  0.962650  0.000089  0.000225  0.000395  0.000112 -0.000643 -0.000185  0.000842  0.000531 -0.000183 -0.000084 -0.000076 -0.001604 -0.000151  0.000176 -0.000172 -0.000302 -0.005968 -0.036882  0.038850 -0.259794 -0.048395
 0.000000  0.000000 -0.000004 -0.000000 -0.000000 -0.000000 -0.000000  0.000000  0.000000 -0.000000 -0.000001 -0.000000  0.999993  0.000000 -0.000000  0.000000  0.000000  0.000000  0.000000 -0.003125  0.001305  0.000033  0.001684
 0.000819 -0.000455 -0.000041  0.002158  0.001246 -0.961813  0.000801  0.001182  0.000011  0.001129  0.001298  0.022426 -0.000297 -0.000941  0.001721  0.000091 -0.000141  0.002273 -0.000730 -0.071417 -0.180156 -0.053167  0.184409
-0.000100  0.002633  0.000825 -0.001986 -0.000697  0.001757  0.000557 -0.000854 -0.190872  0.697370  0.001294 -0.001678  0.002465 -0.010766  0.059163 -0.000117  0.001190  0.016345  0.000800  0.482401 -0.420288 -0.075838 -0.241301
-0.002698  0.003559  0.000112  0.001600 -0.002369 -0.193708 -0.001981 -0.001441 -0.001806 -0.021780 -0.003237 -0.057766  0.000780  0.001345 -0.000400 -0.000217  0.000439  0.700361  0.001953  0.191840  0.449825  0.137381 -0.458352
-0.001380  0.005109  0.000151 -0.714254  0.060221  0.000769  0.000554  0.185899 -0.003873 -0.001810  0.000012  0.000200  0.000295  0.004551  0.000312  0.001249  0.017070  0.000290 -0.000524  0.436120  0.273798 -0.081775  0.423606
 0.002255 -0.003869 -0.000128 -0.002103  0.002169  0.193127  0.001922  0.000122  0.003932  0.004874  0.003141  0.056251 -0.000822  0.002229 -0.000844  0.000216 -0.000437  0.713588 -0.001963 -0.200004 -0.431215 -0.135474  0.453802
-0.000000 -0.000000  0.000001 -0.000000  0.000000 -0.000000  0.000011  0.000000  0.000000  0.000000 -0.999987  0.000000  0.000000  0.000000 -0.000000  0.000000  0.000000 -0.000000  0.000000  0.000113 -0.004392 -0.000462  0.002660
 0.059791 -0.195180  0.000233 -0.019329  0.001289 -0.001630 -0.001674  0.000098  0.000233 -0.002229 -0.000527 -0.000114 -0.000168 -0.696708 -0.000267  0.000451 -0.000345  0.000251 -0.015197 -0.086468  0.107949 -0.660315 -0.131014
-0.000039 -0.000061 -0.000060  0.000004 -0.023816 -0.000196 -0.000209  0.964058  0.001474  0.000203 -0.000008 -0.000296 -0.000110 -0.000276  0.000444 -0.000496 -0.006704  0.000747  0.000350 -0.169887 -0.107996  0.038186 -0.167313
 0.000000  0.000000  0.000000  0.000000  0.000000  0.000000  0.000000 -0.000000 -0.000000 -0.000000  0.000000 -0.000000 -0.000000 -0.000000 -0.000000 -0.999998 -0.000000  0.000000  0.000000  0.000928  0.000756 -0.000943  0.001322
-0.000014  0.000063  0.000102 -0.000440  0.000088 -0.001205  0.000073  0.000355 -0.000032  0.000122  0.000168  0.000031  0.000305 -0.000142 -0.996332 -0.000014  0.000160  0.000091  0.000068  0.059486 -0.053285 -0.010210 -0.028953
-0.058095  0.187429 -0.000254  0.003397 -0.001766  0.002882  0.001606 -0.002213 -0.000489  0.001506  0.000473  0.000576  0.000085 -0.717085 -0.001358 -0.000446  0.000125  0.003026  0.014750  0.065147 -0.094628  0.645511  0.130916
 0.999999
