2 36
-0.235702 -0.000000 -0.067146  0.110110 -0.034243 -0.072739 -0.097277 -0.110123  0.082151 -0.081821  0.001524  0.019927 -0.270092  0.167698  0.128405  0.196510  0.071889 -0.084456 -0.052971  0.054841  0.238389 -0.214726  0.479410 -0.026665  0.205711  0.026948  0.200882  0.085539  0.182731 -0.036266 -0.009514  0.227995  0.275816  0.102057  0.136658 -0.309007
-0.235702  0.000000 -0.138376 -0.084195  0.000666 -0.440309 -0.050675  0.101339  0.247581  0.054515 -0.038111 -0.007103  0.088329 -0.021254  0.070192 -0.081350 -0.098258  0.164531 -0.055801 -0.355892 -0.051029 -0.007476 -0.105267 -0.311707  0.163968 -0.289644  0.081439 -0.256874  0.038053 -0.221266 -0.025217 -0.109932  0.088501 -0.120751 -0.251609 -0.127609
-0.235702  0.000000 -0.444082 -0.053479 -0.006803  0.059498 -0.207125 -0.122535 -0.237763 -0.194694 -0.172125  0.231485 -0.066953 -0.343952  0.068716 -0.176884  0.159269 -0.123764  0.201182 -0.062583 -0.122288 -0.115587 -0.073543  0.237973 -0.027627  0.222473  0.008494 -0.216107 -0.145266 -0.135904 -0.053589  0.055527  0.110484  0.065292 -0.108831  0.011252
-0.000000 -0.235702 -0.014178 -0.161667  0.254808  0.035879  0.377584  0.051963  0.234858 -0.015931  0.030252 -0.192841 -0.012994 -0.148497  0.251111 -0.114866  0.135093  0.020951 -0.016406  0.115324  0.192825  0.302029 -0.029673  0.089779  0.125096  0.151405 -0.141875 -0.191827  0.135592  0.027950 -0.292953  0.065630  0.077824  0.344028 -0.111277 -0.058704
 0.000000  0.235702 -0.110161  0.079142  0.056567 -0.258546  0.160061 -0.134301 -0.211980 -0.066378  0.102892  0.098292 -0.058179 -0.063307  0.280609  0.044505 -0.076456  0.309892 -0.344384 -0.081274 -0.223607  0.082429 -0.166375 -0.100094  0.114269  0.317376  0.013581  0.171813 -0.054706  0.108153  0.174728  0.065798 -0.189291  0.217371  0.170456 -0.166991
 0.000000  0.235702 -0.205895  0.008252 -0.232545 -0.127913 -0.012060  0.309811  0.001468 -0.230282 -0.045471 -0.151735 -0.129591  0.267226  0.246028 -0.171701 -0.170913 -0.289493  0.050702  0.001226  0.014959 -0.032779 -0.140177 -0.050565  0.003479  0.082291 -0.178684  0.150558  0.145620  0.381130 -0.124639  0.109878  0.084975 -0.098995 -0.197490  0.168843
-0.235702  0.000000  0.053645 -0.297521 -0.054704  0.084930  0.253456  0.208881 -0.137913  0.309108 -0.028556  0.118592 -0.152912  0.005178  0.039435  0.198584  0.100117 -0.032254  0.000197  0.105074 -0.215161 -0.183646 -0.060857 -0.028877  0.113243  0.202572  0.208753  0.026328  0.305562  0.014326  0.045889 -0.423486  0.149446 -0.035081 -0.030975  0.191802
-0.235702  0.000000 -0.126812  0.239553 -0.064198 -0.179223  0.239443 -0.057656  0.025895  0.143030 -0.205401 -0.110250  0.067340 -0.007618 -0.192577 -0.246098  0.068633 -0.316773  0.133109  0.070144 -0.084180  0.419446 -0.019272 -0.045122 -0.004698  0.051001  0.182614  0.057095  0.216055 -0.113903  0.176427  0.118233 -0.117385 -0.142307  0.324258  0.008705
 0.000000 -0.235702  0.266325 -0.058672 -0.282810 -0.225287 -0.016052 -0.150500 -0.128118  0.332944 -0.072383  0.321383 -0.052849 -0.194140  0.185060  0.191242  0.100222 -0.234332  0.021562 -0.179923  0.271974  0.126877 -0.090257 -0.093366 -0.114647  0.057340 -0.209795  0.025529 -0.032695  0.181698  0.080702  0.191842  0.000845 -0.062575 -0.142898 -0.042150
 0.235702 -0.000000  0.076473 -0.002360  0.148611  0.006365 -0.207713 -0.243682  0.095598 -0.049739  0.080790  0.163658 -0.044570  0.100282 -0.043049 -0.064697  0.226368 -0.226452 -0.310441 -0.074061 -0.154918 -0.150729 -0.304991 -0.029976 -0.015275 -0.017713  0.115001 -0.262181  0.444660  0.068818 -0.262439  0.121188 -0.062392 -0.082493  0.161917  0.021678
 0.000000  0.235702  0.118019  0.252257  0.188348 -0.252531  0.190052  0.052695 -0.045262  0.050412  0.093189  0.125718  0.368017  0.194516  0.160665  0.020016  0.244535  0.009350  0.117482  0.091652  0.008122 -0.093660 -0.063293  0.327857 -0.359393  0.005715  0.131319  0.040943  0.005017 -0.041945 -0.042216 -0.037537  0.232292 -0.074190 -0.208794 -0.203960
 0.000000  0.235702  0.042526 -0.159813 -0.025526  0.025598 -0.036506  0.243887  0.054936 -0.253897 -0.126576  0.321564 -0.008342 -0.139852 -0.193944  0.203908 -0.173238  0.173367  0.105562  0.230286  0.077432  0.203745  0.090108 -0.112785 -0.256061  0.057639  0.071929 -0.189187  0.355403  0.004523  0.058696  0.165400 -0.232897  0.040919 -0.161332 -0.166510
 0.000000  0.235702  0.202822  0.038009  0.110337 -0.081277  0.097152  0.062913  0.013063  0.076993 -0.438989 -0.203323 -0.061592 -0.113854 -0.183626  0.069447 -0.191425  0.050131 -0.249642 -0.320730  0.047722 -0.122279  0.095930  0.133085 -0.221055  0.190833 -0.083160 -0.178297 -0.020671 -0.039558 -0.035581  0.156968  0.287817  0.081569  0.135402  0.256978
 0.235702  0.000000 -0.245293 -0.123544  0.053839 -0.097517  0.098346 -0.243421 -0.275233  0.188060  0.055148 -0.172679 -0.163645 -0.075087  0.128548  0.151086 -0.449337  0.024104  0.094739  0.092460 -0.031688  0.083780  0.049304  0.257440 -0.065483 -0.187052 -0.078789 -0.143440  0.177120 -0.026228 -0.125105 -0.063214  0.078096 -0.320441  0.083043 -0.204322
 0.000000 -0.235702 -0.052413  0.123261  0.039484  0.047987  0.168880 -0.174902  0.164061  0.026918 -0.103885  0.182189 -0.180899  0.182817  0.038126 -0.289567 -0.140101  0.157228 -0.026511 -0.107821  0.040626 -0.239229  0.122956  0.065090 -0.184738  0.201071 -0.230423  0.254495  0.249307 -0.322250  0.024418 -0.041852 -0.266748 -0.112584 -0.237741  0.066527
-0.235702 -0.000000 -0.100261  0.023535 -0.417026  0.070407 -0.015734 -0.054488  0.035242  0.092622  0.021151 -0.236749  0.331652  0.087170 -0.037018  0.257289  0.146220  0.121862 -0.299274  0.115182 -0.132285 -0.015375  0.101007  0.271507  0.145084  0.099691 -0.184751 -0.186007  0.062006 -0.049914 -0.085049  0.194826 -0.233203 -0.151316 -0.170953  0.042519
 0.000000 -0.235702 -0.060094  0.259022 -0.036660  0.034413 -0.083372 -0.107155 -0.228222 -0.103485 -0.062598 -0.384365 -0.152132  0.078288  0.010127  0.110638  0.247144  0.310526  0.201193 -0.232829  0.063311  0.047497 -0.039520 -0.083212 -0.227900 -0.006899  0.176720 -0.163114  0.240594  0.281614  0.170343 -0.123431 -0.066477  0.094671 -0.149741  0.051960
-0.235702 -0.000000  0.007135 -0.032200  0.092904  0.026001 -0.095635 -0.226968  0.301689 -0.156295 -0.023459 -0.021817  0.059032 -0.245545  0.157875  0.064166 -0.121271 -0.156036 -0.253615 -0.055382  0.015239  0.156456  0.217269  0.081948 -0.251849  0.036660  0.271445  0.158813 -0.104791  0.305807 -0.140234 -0.352598 -0.150255 -0.190291 -0.067155  0.059691
-0.235702 -0.000000 -0.105671  0.030012  0.223781  0.206689  0.042813  0.075014  0.322713  0.129244 -0.109658  0.012585 -0.056417  0.004759 -0.034986  0.143897 -0.100413  0.077927  0.118963 -0.061360  0.222215 -0.228676 -0.459936  0.248580  0.127547 -0.016286 -0.006529 -0.000750 -0.051334  0.263492  0.238681  0.129633 -0.133929 -0.156947  0.126417 -0.209550
-0.000000  0.235702  0.186131 -0.080271  0.159142  0.212039 -0.018223 -0.040089 -0.372968  0.002328 -0.253389  0.028634  0.073393  0.160883  0.110949 -0.314743  0.042903 -0.069468 -0.204583 -0.060689  0.329559  0.114202  0.115952  0.065895  0.329825 -0.061421  0.068906 -0.167722  0.018958  0.024275  0.171050 -0.143704 -0.157288 -0.139785 -0.200228 -0.109749
-0.235702  0.000000  0.231769  0.182649  0.009047  0.201277 -0.081242 -0.168557  0.053624  0.064458  0.002066  0.047905  0.031718 -0.128875  0.021782 -0.307683 -0.081679  0.226592  0.002350  0.261987 -0.290866  0.020508  0.047205 -0.216881 -0.009327  0.010617 -0.302600 -0.111498  0.094195  0.277341  0.081869  0.023301  0.391163 -0.164685 -0.023213 -0.144302
 0.000000 -0.235702  0.197987  0.210100  0.006620 -0.072711 -0.459197  0.322029 -0.040199  0.167230 -0.236351 -0.038396 -0.185331  0.096976  0.031455 -0.008531 -0.131823  0.063636 -0.071373  0.104568 -0.152450  0.233404 -0.153039  0.209799  0.074048  0.185377  0.125105  0.112220 -0.056927 -0.119840 -0.263776 -0.087365 -0.025602  0.045613 -0.055189 -0.241204
 0.235702 -0.000000 -0.122899 -0.227717 -0.053276 -0.031864 -0.178407 -0.363889  0.281611 -0.008735 -0.183249  0.091958  0.130160  0.325801 -0.022839  0.099705 -0.077745  0.072447  0.066705  0.062106 -0.036524  0.287372 -0.087728  0.117113  0.128564  0.177564  0.096824  0.046363  0.013737 -0.004304  0.320309 -0.038365  0.324427  0.110884 -0.151904  0.158142
-0.000000 -0.235702 -0.166840  0.289257  0.047881 -0.185776  0.122255  0.105815 -0.075296 -0.243298 -0.112727  0.390179  0.086283  0.159209 -0.174804  0.166003  0.002385  0.098425 -0.086849  0.023407  0.155057  0.089601  0.074717  0.065392  0.181618 -0.019172 -0.273122 -0.164454 -0.025485  0.186446 -0.124054 -0.330346  0.077536 -0.093995  0.244990  0.140608
 0.000000 -0.235702 -0.107236  0.050220  0.105450 -0.066890  0.137629  0.114213 -0.080654  0.092777  0.175236  0.144250 -0.222743  0.039346 -0.083956 -0.136944 -0.070408  0.138211 -0.271872  0.219301  0.023542  0.040704  0.025981  0.052170 -0.035971 -0.076490  0.395469 -0.124626 -0.220299  0.120483  0.081277  0.383506  0.081667 -0.184111 -0.225114  0.317063
-0.000000 -0.235702  0.339265  0.147734  0.030293 -0.026642  0.159500  0.010907  0.028392 -0.367395 -0.001910 -0.046879 -0.021448  0.027324  0.247465  0.174294 -0.247886 -0.338860  0.072093  0.023932 -0.310588 -0.115407 -0.004288  0.082496  0.098001  0.003763  0.027618 -0.308733 -0.064876 -0.130897  0.331439  0.010140 -0.087142  0.034462 -0.071206  0.004876
-0.235702  0.000000  0.272093 -0.156810  0.112139 -0.369349 -0.240084 -0.056658 -0.077237 -0.017140  0.347615 -0.017886  0.086149 -0.059926 -0.138236 -0.194468 -0.157723  0.106205  0.242789 -0.056045  0.077725 -0.047508  0.095814  0.339992  0.187104  0.061959 -0.029854  0.031434  0.218439  0.135727  0.027901  0.041924 -0.115449  0.117218  0.077901  0.258395
 0.235702  0.000000  0.231459 -0.142597 -0.440650 -0.051417  0.221415 -0.000831  0.157158 -0.209824 -0.170535  0.059841 -0.083296 -0.096856  0.109096 -0.223691  0.149435  0.306511  0.190550 -0.089487 -0.037525 -0.071178  0.024015  0.183602  0.134781  0.026053  0.259991 -0.021612 -0.084938  0.079825 -0.151973  0.024841  0.003029 -0.256737  0.212870 -0.090820
-0.000000 -0.235702  0.005115 -0.058760  0.107031  0.212991  0.027058  0.162086 -0.184071 -0.278714  0.019932  0.016838  0.267066 -0.206394 -0.000871  0.112751 -0.013834  0.045002 -0.120329 -0.309246 -0.070254  0.143426 -0.064975  0.079014  0.121406 -0.114120  0.030849  0.442143  0.282049 -0.089100  0.044944  0.211069  0.268798 -0.193687 -0.043196 -0.007879
 0.000000 -0.235702 -0.094353 -0.395714  0.041863 -0.148846  0.026267  0.141494 -0.025698  0.018718 -0.185368  0.009085 -0.009578  0.164756 -0.143329 -0.174009  0.148636 -0.075056 -0.179730 -0.047969 -0.300173 -0.069559  0.204200  0.195763 -0.213818 -0.255056 -0.140352  0.043170 -0.033622  0.272578  0.204468  0.015903 -0.066203  0.193275  0.064535 -0.296314
-0.235702  0.000000  0.186476 -0.229711  0.086954 -0.131786  0.167479 -0.260424 -0.152683 -0.302255  0.034754 -0.152405 -0.234681  0.194452 -0.424134  0.117019  0.085561 -0.048082  0.012968  0.043930  0.009364  0.063572 -0.221879 -0.103410 -0.004334  0.159791 -0.081825  0.103861 -0.206356 -0.056322 -0.196821  0.007909  0.049743 -0.195646 -0.173886 -0.190180
 0.000000  0.235702  0.070761  0.207099 -0.046239 -0.108090  0.064271 -0.143852  0.075885 -0.051935 -0.186539  0.029090 -0.334631 -0.249047 -0.054766  0.089231  0.175849  0.020212 -0.076246  0.182682 -0.087167  0.040742 -0.111849  0.235401  0.174121 -0.512874 -0.111470  0.216838  0.097886 -0.036632  0.028977 -0.060872 -0.017597  0.189531 -0.226113  0.159719
-0.235702 -0.000000  0.078228 -0.203278  0.260728 -0.004039 -0.109607 -0.054911 -0.078751 -0.032704 -0.278783  0.036740  0.008019  0.247401  0.426752  0.151367  0.133761  0.186129  0.171237  0.118337 -0.101007  0.082334  0.015435 -0.122514 -0.110547 -0.204353 -0.085918  0.044542 -0.076420 -0.099518 -0.145886  0.209671 -0.137815 -0.136048  0.240009  0.306274
 0.235702 -0.000000 -0.040298 -0.076336  0.204156 -0.273125 -0.203279  0.193371  0.121832 -0.076455  0.020678 -0.224421 -0.119134 -0.253309  0.058855  0.032443  0.345530  0.002667 -0.091211  0.221983  0.095634 -0.052564  0.086505 -0.033572  0.023922  0.228706 -0.203892  0.016577  0.020467 -0.112765  0.333410 -0.078458  0.010550 -0.403760  0.033400  0.026561
 0.000000 -0.235702 -0.009375 -0.060103 -0.103875 -0.195840 -0.015806 -0.124885 -0.149912 -0.102525 -0.305080 -0.153202  0.333700 -0.143119  0.005531 -0.090348 -0.178174  0.018259 -0.122890  0.434408  0.253148 -0.366943 -0.225809 -0.164129 -0.037913 -0.047661  0.152229  0.120141  0.073868 -0.008737 -0.025793 -0.039165  0.013512  0.151322  0.038738  0.003548
-0.235702  0.000000  0.052444 -0.101222 -0.296564  0.101085 -0.075449  0.068634 -0.003580 -0.164761  0.251815 -0.002669 -0.171669  0.101342  0.144404 -0.127501 -0.011853  0.057396 -0.270791  0.034769  0.268864  0.167357 -0.248280  0.169783 -0.327767 -0.133872 -0.073016 -0.100669  0.038172 -0.278256  0.199745 -0.157012  0.176595  0.055956  0.260705  0.013249
 0.235702
