9 11
 0.000227 -0.000028 -0.000162 -0.000047 -0.002375 -0.000014 -0.000238  0.996810  0.000038  0.033506 -0.072392
-0.009080 -0.699136  0.002178 -0.000629 -0.019864 -0.000892 -0.205373 -0.054610  0.003721  0.247381 -0.635889
-0.000086 -0.000198 -0.000145  0.000407 -0.000010  0.001992  0.000041  0.000030  0.997075  0.068974  0.032867
 0.000014  0.000011  0.000007 -0.000137 -0.000026  0.999662  0.000081  0.000037 -0.000007 -0.023691 -0.010659
-0.004124 -0.714790 -0.000701  0.000512  0.019473  0.000382  0.202826  0.053410 -0.002426 -0.259795  0.614156
 0.000026  0.000026  0.000085 -0.000021  0.999574  0.000028 -0.000007  0.000047  0.000052  0.012049 -0.026568
 0.000726 -0.002757  0.963533  0.001405 -0.000320  0.006921 -0.001885 -0.000665 -0.020287  0.246165  0.102632
-0.733402 -0.002498 -0.181376  0.003441 -0.000686  0.016970  0.002223 -0.002246 -0.050083  0.604499  0.246943
 0.679718 -0.016373 -0.196713  0.003707 -0.000895  0.018275 -0.002506 -0.003081 -0.053860  0.653320  0.262542
-0.002409 -0.001414 -0.002418  0.000237  0.008381  0.000335 -0.957428  0.022785 -0.001205 -0.108899  0.266210
-0.000000  0.000000  0.000002  0.999986  0.000002 -0.000000 -0.000002  0.000000 -0.000001 -0.004563 -0.002764
 0.999993
