8 14
-0.707107 -0.000000  0.000000  0.000000  0.184699 -0.000000 -0.000000  0.000000 -0.208202 -0.220139  0.203729 -0.067947  0.565251  0.091900
-0.000000 -0.000000  0.000000  0.000000 -0.184699 -0.000000  0.707107  0.000000 -0.359565 -0.077701 -0.231319  0.157657 -0.080615  0.495680
 0.000000  0.000000 -0.000000 -0.000000  0.184699 -0.000000  0.000000  0.707107  0.088519 -0.302426 -0.105826  0.576934 -0.013729 -0.149494
-0.000000 -0.000000  0.707107  0.184699  0.000000  0.000000  0.000000  0.000000  0.449062 -0.021263  0.276280  0.080800 -0.001894  0.425340
 0.000000  0.000000 -0.000000 -0.000000  0.184699  0.000000 -0.000000 -0.707107  0.088519 -0.302426 -0.105826  0.576934 -0.013729 -0.149494
-0.000000 -0.000000 -0.707107  0.184699 -0.000000 -0.000000  0.000000 -0.000000  0.449062 -0.021263  0.276280  0.080800 -0.001894  0.425340
-0.000000 -0.000000  0.000000  0.000000 -0.184699 -0.000000 -0.707107  0.000000 -0.359565 -0.077701 -0.231319  0.157657 -0.080615  0.495680
 0.707107 -0.000000 -0.000000  0.000000  0.184699 -0.000000  0.000000  0.000000 -0.208202 -0.220139  0.203729 -0.067947  0.565251  0.091900
 0.000000 -0.707107  0.000000 -0.184699  0.000000 -0.000000  0.000000 -0.000000 -0.176066  0.455313  0.343186  0.330166  0.027926  0.003338
 0.000000  0.000000 -0.000000 -0.000000 -0.891806  0.000000 -0.000000 -0.000000  0.099362 -0.184269  0.136368  0.145526  0.261840 -0.229173
-0.000000  0.707107 -0.000000 -0.184699  0.000000  0.000000  0.000000 -0.000000 -0.176066  0.455313  0.343186  0.330166  0.027926  0.003338
 0.000000  0.000000  0.000000  0.184699  0.000000 -0.707107 -0.000000 -0.000000  0.167467  0.357899 -0.413061  0.097869  0.359727  0.012196
-0.000000  0.000000 -0.000000 -0.891806  0.000000  0.000000 -0.000000  0.000000  0.328304 -0.049158 -0.198808 -0.062752  0.136652  0.179851
 0.000000  0.000000  0.000000 -0.184699 -0.000000 -0.707107  0.000000  0.000000 -0.167467 -0.357899  0.413061 -0.097869 -0.359727 -0.012196
 0.891806
