14 35
 0.514496  0.000000 -0.000000 -0.000000 -0.000000 -0.000000  0.000000  0.171499  0.000000  0.000000  0.000000 -0.000000  0.000000 -0.000000 -0.197698  0.065790 -0.021438 -0.011828 -0.149247  0.292204 -0.104732  0.110574 -0.312531  0.200335  0.281276  0.111897  0.144498  0.015870  0.007811 -0.092707  0.276180  0.287297 -0.284949 -0.116212 -0.135154
 0.000000 -0.514496  0.000000 -0.000000 -0.000000  0.000000  0.000000  0.000000 -0.171499  0.000000 -0.000000  0.000000  0.000000  0.000000  0.061886 -0.059276  0.270240  0.051344  0.021823 -0.149736 -0.224436  0.527570 -0.052346  0.004715 -0.162572  0.198519 -0.118303 -0.022030  0.154195  0.276445  0.045599  0.119093  0.002605  0.235915 -0.126759
-0.000000 -0.000000  0.000000  0.000000  0.000000  0.000000  0.685994  0.000000  0.000000 -0.000000  0.000000 -0.000000  0.000000  0.000000  0.144667  0.196834  0.198990 -0.377797  0.054167  0.113415  0.077632  0.081993  0.131667 -0.120731  0.027821  0.140134 -0.030793 -0.233328 -0.057176  0.022408 -0.031397  0.159153 -0.071814 -0.192633  0.280713
-0.000000 -0.000000  0.000000  0.000000 -0.000000  0.000000  0.514496 -0.000000  0.000000 -0.171499  0.000000  0.000000  0.000000  0.000000 -0.142128  0.092208 -0.268510  0.180029 -0.041098 -0.147187 -0.280594 -0.006489  0.032033  0.194788 -0.273515 -0.072937  0.098158  0.267142 -0.287745 -0.136824 -0.181739  0.082679  0.040857  0.093310 -0.344508
-0.000000 -0.514496 -0.000000  0.000000 -0.000000  0.000000 -0.000000 -0.000000  0.171499 -0.000000  0.000000 -0.000000  0.000000 -0.000000 -0.216462 -0.019620 -0.148704 -0.320480 -0.004357  0.097159 -0.044386 -0.307624  0.225281  0.224948  0.036295 -0.368519  0.118485 -0.020366  0.167965  0.273622 -0.102974 -0.032075 -0.232309  0.068864  0.037503
 0.000000  0.000000  0.171499  0.000000  0.000000  0.514496  0.000000  0.000000 -0.000000  0.000000 -0.000000 -0.000000 -0.000000  0.000000 -0.210021 -0.079340 -0.185488  0.118148 -0.176832  0.129902 -0.023613  0.047119  0.123056 -0.017074  0.079498  0.227421 -0.265089 -0.368654  0.199017 -0.192494 -0.430927  0.005584 -0.078050  0.055513 -0.070537
-0.000000 -0.000000 -0.000000 -0.000000 -0.000000 -0.000000  0.000000  0.000000 -0.000000 -0.000000  0.685994  0.000000 -0.000000 -0.000000  0.102310 -0.052559  0.189382  0.026407 -0.099503 -0.091218 -0.203780 -0.314806 -0.017310 -0.154970 -0.126364  0.156346 -0.032064  0.153722  0.245137  0.044102 -0.067446  0.043646 -0.164700 -0.329784 -0.164341
 0.000000 -0.000000 -0.000000 -0.000000 -0.000000 -0.000000 -0.000000  0.000000 -0.000000 -0.685994 -0.000000  0.000000 -0.000000 -0.000000 -0.062875  0.077805 -0.183535 -0.242600  0.102700 -0.088808  0.054691  0.000773 -0.172915 -0.236628  0.248122  0.292530  0.028726  0.107134  0.040331  0.165145 -0.011383 -0.328801 -0.072360  0.102633 -0.084836
 0.000000  0.000000  0.000000  0.685994 -0.000000 -0.000000 -0.000000  0.000000  0.000000  0.000000 -0.000000  0.000000 -0.000000 -0.000000  0.039385  0.113313 -0.090922  0.229116  0.199560  0.093685 -0.197548  0.034264  0.056235  0.003678 -0.137398 -0.011889  0.072156 -0.342258 -0.086183  0.101394  0.184729 -0.315343 -0.193328 -0.175820 -0.036800
-0.000000 -0.000000  0.000000 -0.000000  0.000000 -0.000000 -0.000000 -0.000000  0.000000  0.000000 -0.000000 -0.000000 -0.685994 -0.000000 -0.146181 -0.057326  0.092599  0.033451 -0.194146 -0.204438  0.249641 -0.108896  0.181242  0.089757 -0.135242  0.301416  0.366855 -0.158526 -0.034182  0.015646  0.136428  0.004969 -0.028967  0.098275 -0.032999
-0.000000  0.000000  0.000000 -0.000000 -0.685994  0.000000 -0.000000 -0.000000 -0.000000  0.000000  0.000000  0.000000  0.000000 -0.000000 -0.051529  0.137010  0.203532 -0.038701 -0.011499 -0.313046  0.095811 -0.147416 -0.117355  0.273251  0.135001 -0.040760 -0.371398 -0.149272 -0.187680  0.029777  0.038775 -0.060301 -0.073370 -0.022999 -0.142531
 0.000000 -0.000000 -0.000000  0.000000 -0.000000  0.000000  0.000000  0.000000 -0.685994 -0.000000 -0.000000  0.000000  0.000000 -0.000000  0.015984 -0.357851 -0.097591 -0.121895  0.213816  0.074596  0.181111 -0.137276  0.067623 -0.143097 -0.095677 -0.076428 -0.099180 -0.006804 -0.199577 -0.073162  0.051824  0.129398 -0.366311  0.095152 -0.126531
-0.000000  0.000000  0.000000 -0.000000 -0.000000  0.000000 -0.000000 -0.685994 -0.000000  0.000000  0.000000 -0.000000  0.000000  0.000000 -0.358091  0.133112  0.024395  0.025484  0.421525 -0.007943 -0.026892 -0.122970 -0.099132 -0.062420  0.003643  0.051749  0.029681 -0.093605  0.181659 -0.067325  0.123187  0.281292  0.160021 -0.002261 -0.071597
 0.000000  0.000000  0.000000  0.000000 -0.000000 -0.000000  0.000000 -0.000000 -0.685994 -0.000000  0.000000  0.000000 -0.000000 -0.000000 -0.085571  0.367765 -0.007145  0.028940 -0.220361 -0.012873 -0.136099 -0.071522  0.001783  0.198155  0.145394 -0.065331  0.158377  0.007220  0.203019  0.072456 -0.088967 -0.167190  0.307582 -0.136915  0.167596
 0.000000  0.000000  0.000000  0.000000  0.685994  0.000000  0.000000  0.000000 -0.000000  0.000000  0.000000  0.000000 -0.000000  0.000000 -0.080031  0.008428  0.167026 -0.122170 -0.066035 -0.195037 -0.044899 -0.216074 -0.100167  0.259396  0.088617  0.042631 -0.407022 -0.168517 -0.247053  0.059611  0.135905 -0.074937  0.081025  0.000822 -0.112754
-0.514496  0.000000  0.000000 -0.000000 -0.000000  0.000000  0.000000  0.171499  0.000000 -0.000000  0.000000 -0.000000  0.000000 -0.000000  0.191639  0.232626 -0.034175  0.103989 -0.047154  0.155205 -0.116510 -0.291042 -0.399196 -0.033804  0.039353  0.049813  0.132485 -0.212307  0.008685  0.063534  0.016610  0.308233 -0.110973  0.373632 -0.000270
 0.000000  0.000000 -0.000000  0.000000 -0.171499 -0.000000  0.000000 -0.000000  0.000000  0.000000  0.000000 -0.000000  0.514496  0.000000 -0.154457 -0.295380 -0.011278 -0.144638 -0.238504  0.099726 -0.114992 -0.209913  0.155204  0.032128 -0.182930  0.367727  0.173322 -0.144174 -0.141534  0.070099  0.285213 -0.025959  0.289479  0.113158  0.037555
 0.000000  0.000000  0.000000  0.000000  0.000000  0.000000  0.000000 -0.685994  0.000000  0.000000  0.000000  0.000000 -0.000000 -0.000000  0.356576 -0.058508 -0.038298 -0.002443 -0.470626  0.119795 -0.028419  0.077853 -0.078800  0.104052  0.076515 -0.011322  0.039565  0.044495 -0.177535  0.060031 -0.049990 -0.132409 -0.259001  0.066616  0.037741
 0.000000 -0.000000  0.000000  0.000000  0.171499 -0.000000  0.000000  0.000000 -0.000000  0.000000 -0.000000 -0.000000  0.514496  0.000000 -0.040451  0.218946  0.134744  0.189238 -0.020358 -0.372310  0.447847  0.064718  0.086452  0.087548  0.002607  0.034161  0.315818 -0.067194  0.095958 -0.049238 -0.103310  0.032584 -0.328103  0.017875 -0.081553
-0.000000 -0.000000 -0.000000 -0.000000  0.000000 -0.000000  0.000000 -0.000000 -0.000000  0.685994  0.000000 -0.000000  0.000000  0.000000 -0.085717  0.189521 -0.251460 -0.278518  0.100207 -0.124597 -0.059728  0.024860 -0.113009 -0.179477  0.120638  0.302773  0.067541  0.162929 -0.122600  0.104202 -0.112718 -0.234410 -0.075869  0.085077 -0.163519
-0.000000  0.000000  0.000000 -0.000000  0.000000  0.000000  0.000000 -0.000000 -0.000000  0.000000 -0.171499  0.000000 -0.000000 -0.514496 -0.025031  0.323966 -0.039416 -0.107226 -0.220622  0.101243  0.098698 -0.058924  0.068340 -0.129372 -0.370105 -0.009636 -0.277451  0.143456  0.281998 -0.194441  0.314534 -0.098420 -0.120921  0.091556 -0.100616
 0.000000  0.000000  0.000000 -0.000000  0.000000  0.000000  0.000000 -0.000000  0.000000 -0.000000  0.171499  0.000000 -0.000000 -0.514496 -0.393583 -0.031603  0.201504  0.230737  0.022189  0.168340  0.079557  0.027791 -0.157102 -0.061902 -0.034244  0.016843  0.002108  0.110255 -0.348920  0.270942 -0.242747 -0.047686 -0.065632  0.037823  0.340555
 0.000000  0.000000 -0.000000 -0.000000 -0.000000  0.000000 -0.000000  0.000000 -0.000000  0.000000 -0.000000 -0.685994 -0.000000 -0.000000 -0.045212 -0.078091  0.305455 -0.144182  0.113521 -0.004538 -0.214982 -0.014954 -0.096486  0.096213 -0.026878 -0.014062  0.141254  0.010749  0.047380 -0.415748 -0.081488 -0.253244 -0.111092  0.192966  0.113282
 0.000000 -0.000000 -0.000000  0.514496 -0.000000  0.000000  0.000000 -0.000000 -0.000000 -0.000000  0.000000 -0.171499 -0.000000 -0.000000  0.115243 -0.115637 -0.154627 -0.143800  0.025596  0.017818  0.327909 -0.041456 -0.176967  0.366907 -0.116933  0.243065 -0.135919  0.322363  0.167512  0.061749 -0.182299  0.240326  0.144772 -0.001494  0.139709
 0.000000 -0.000000  0.171499 -0.000000  0.000000 -0.514496 -0.000000  0.000000  0.000000 -0.000000 -0.000000 -0.000000 -0.000000 -0.000000 -0.105001 -0.047306 -0.299302  0.159395 -0.069948 -0.303674 -0.243805 -0.012890  0.163869 -0.018102  0.138247  0.169623 -0.210021 -0.029284  0.094589 -0.134847  0.037348  0.135385 -0.231054  0.075995  0.441436
-0.000000 -0.000000 -0.000000 -0.000000  0.000000  0.000000 -0.000000  0.000000  0.000000  0.000000  0.685994  0.000000  0.000000 -0.000000 -0.010173  0.141451 -0.249612 -0.110897  0.038800  0.074444  0.208565  0.293127  0.073670  0.138102  0.042399 -0.162966 -0.037825 -0.145422 -0.087407 -0.160447  0.206766 -0.056330  0.150878  0.343217  0.054049
-0.000000  0.000000 -0.000000  0.000000 -0.000000 -0.000000 -0.000000  0.000000  0.000000 -0.000000 -0.000000 -0.000000  0.000000 -0.685994  0.313960 -0.219272 -0.121566 -0.092633  0.148825 -0.202188 -0.133691  0.023350  0.066572  0.143456  0.303262 -0.005405  0.206508 -0.190284  0.050191 -0.057376 -0.053840  0.109580  0.139915 -0.097034 -0.179954
-0.000000  0.000000  0.000000  0.000000  0.000000 -0.685994 -0.000000  0.000000 -0.000000  0.000000  0.000000 -0.000000  0.000000 -0.000000 -0.078765 -0.024025  0.085361 -0.030935 -0.080163  0.325182  0.165144  0.045007 -0.030609  0.000772 -0.044062  0.043349 -0.041302 -0.254528  0.078321 -0.043235 -0.351206 -0.097351  0.114753 -0.015362 -0.383980
-0.685994  0.000000  0.000000 -0.000000 -0.000000  0.000000 -0.000000 -0.000000 -0.000000  0.000000  0.000000 -0.000000  0.000000  0.000000 -0.292003 -0.125127  0.009552 -0.086863 -0.076570  0.102749  0.008833  0.301212  0.064999  0.175605  0.181442  0.046563  0.009010  0.171133 -0.000656 -0.117180  0.194678 -0.015702 -0.130482 -0.367383 -0.101162
-0.000000 -0.000000 -0.000000 -0.000000 -0.000000  0.000000  0.000000  0.000000  0.000000 -0.000000  0.000000  0.685994 -0.000000  0.000000  0.025538 -0.098138  0.197834 -0.139710  0.192839  0.035599 -0.116877 -0.024261 -0.166225  0.280892 -0.131144  0.103508  0.097347  0.057845  0.102408 -0.351076 -0.111062 -0.238196 -0.103149  0.133613  0.170870
 0.000000 -0.000000 -0.685994 -0.000000  0.000000  0.000000  0.000000  0.000000 -0.000000 -0.000000  0.000000 -0.000000  0.000000 -0.000000  0.074929  0.110909  0.087643  0.207568  0.122478  0.204331 -0.049012 -0.101895  0.415758  0.110987  0.262600  0.239471 -0.126367  0.154063  0.003786 -0.018983 -0.021627  0.008417 -0.062602  0.184236 -0.035171
-0.000000 -0.000000 -0.000000  0.000000 -0.000000  0.000000 -0.514496 -0.000000 -0.000000 -0.171499 -0.000000 -0.000000  0.000000  0.000000  0.050761  0.354654 -0.003190 -0.323701  0.031124  0.004033 -0.177085  0.102836  0.207589  0.033813 -0.236421  0.113908  0.057101 -0.043962 -0.363979 -0.106947 -0.223601  0.294884 -0.054895 -0.163534  0.029776
 0.000000 -0.000000 -0.000000 -0.514496  0.000000  0.000000  0.000000 -0.000000 -0.000000 -0.000000  0.000000 -0.171499 -0.000000 -0.000000  0.167756  0.035447 -0.275856  0.161689  0.291676  0.142731  0.064512  0.004229 -0.101987  0.371811 -0.300131  0.227213 -0.039711 -0.133981  0.052601  0.196941  0.064006 -0.180132 -0.113000 -0.235921  0.090642
-0.000000  0.000000  0.685994 -0.000000  0.000000  0.000000 -0.000000  0.000000 -0.000000  0.000000  0.000000  0.000000 -0.000000 -0.000000  0.153684  0.142570  0.208840  0.138182  0.184173  0.247774  0.017842 -0.110453  0.344027  0.119781  0.208164  0.140210 -0.007590  0.253547 -0.069616  0.062852  0.076768 -0.026826  0.014674  0.151359 -0.127896
 0.000000 -0.685994  0.000000 -0.000000 -0.000000  0.000000 -0.000000 -0.000000  0.000000  0.000000 -0.000000  0.000000 -0.000000 -0.000000  0.115932  0.059172 -0.091152  0.201853 -0.013099  0.039433  0.201616 -0.164960 -0.129701 -0.172247  0.094708  0.127500 -0.000136  0.031797 -0.241620 -0.412550  0.043031 -0.065264  0.172278 -0.228585  0.066942
 0.685994
