1 45
-0.149071 -0.034025 -0.124688 -0.002462 -0.171588  0.019426  0.401967  0.180510  0.294740 -0.244032  0.070781  0.107302  0.205981  0.109151  0.100613 -0.171682 -0.034246  0.269613  0.109776  0.129806  0.074694 -0.079192 -0.094402  0.049241 -0.035923  0.213431  0.301310  0.005665  0.067369 -0.105389 -0.124108 -0.186850  0.036426 -0.098870  0.074479 -0.179409  0.054954 -0.090946  0.114033 -0.118923  0.144018  0.021063  0.187918 -0.006624  0.082511
 0.149071 -0.027684 -0.038549 -0.122996 -0.027696  0.227269 -0.143685  0.048759  0.142997  0.022953 -0.063408  0.119461  0.090940 -0.042882  0.150434 -0.010756  0.197299  0.177940 -0.308730  0.079280  0.389352  0.063312  0.018660 -0.310037 -0.012519 -0.043223  0.010905 -0.091153 -0.047229  0.145398  0.144340 -0.073478 -0.101109 -0.028296  0.172216 -0.165542  0.207497  0.213592  0.200787  0.060592 -0.199359  0.215980 -0.197783 -0.002777 -0.047405
 0.149071 -0.176969  0.136904  0.109489  0.038437 -0.030084  0.094010  0.048079  0.062908  0.107497  0.139563 -0.076475  0.168270 -0.204705 -0.112304 -0.162507  0.039517  0.054282 -0.066379 -0.135419  0.149301  0.083961 -0.119953 -0.184602  0.105679  0.273574  0.213399  0.028445  0.236068  0.055834 -0.013522 -0.161695 -0.041242  0.268281 -0.183042  0.411874 -0.013394  0.046361 -0.180863 -0.101053 -0.015157 -0.211655 -0.243522 -0.036562 -0.042275
-0.149071  0.005371 -0.048148 -0.209049  0.059327  0.207568 -0.058132  0.109272 -0.012932  0.043290  0.075045  0.000544  0.150420  0.080057 -0.090439  0.046064  0.114888  0.392640  0.026977  0.318794 -0.221745 -0.137783  0.047197  0.091741 -0.140958 -0.143960 -0.053606 -0.041560  0.126838  0.160394  0.366720 -0.016899 -0.046861  0.115038 -0.232562  0.109847 -0.089022 -0.063949 -0.172414 -0.010135 -0.054621 -0.022251  0.109897 -0.122936 -0.313690
-0.149071  0.020603 -0.051396 -0.024176 -0.242744 -0.011568 -0.018878 -0.216645  0.036885  0.097506 -0.145966 -0.132136  0.158415 -0.405338 -0.020490 -0.079595  0.063386  0.007673  0.035762 -0.068563  0.126005 -0.176315  0.208274 -0.046722 -0.140803 -0.007574  0.069934 -0.055611 -0.017451  0.228611 -0.128043  0.278471 -0.081916  0.072331  0.212376 -0.087507 -0.133236 -0.195526 -0.026765 -0.289394 -0.129667 -0.152997  0.152936  0.227278 -0.156907
 0.149071  0.288784 -0.013780 -0.237568 -0.022090 -0.117154 -0.033228 -0.158968 -0.152414 -0.073038 -0.039048  0.284809  0.141307  0.047381  0.038734 -0.096887 -0.084969  0.052116 -0.364714  0.219945 -0.174296 -0.070147 -0.082918  0.061282  0.090407  0.178508 -0.044254  0.038067 -0.118116 -0.108052 -0.316713  0.042518  0.135492  0.031350  0.016690  0.144297 -0.121250  0.270668  0.072763 -0.173895  0.021616 -0.082355 -0.025802  0.063177 -0.261859
 0.149071  0.238819  0.185159  0.214678  0.158530  0.068479  0.026816  0.042763  0.025924  0.118242  0.154161 -0.131565  0.102055  0.169692 -0.316660 -0.239519  0.194755 -0.082998 -0.001958  0.135223 -0.015913  0.037207 -0.297679  0.253524  0.059146  0.096026  0.033730 -0.044971 -0.176987  0.201205 -0.085820  0.133514 -0.266675  0.106796  0.165165 -0.278738 -0.009661 -0.078721 -0.055986 -0.035775 -0.071199  0.096431 -0.029772 -0.104113 -0.024857
 0.149071  0.073559 -0.174227  0.043893  0.071758  0.101044  0.020470  0.071531 -0.034866  0.267183  0.145944  0.180300 -0.098507 -0.074435 -0.065577  0.262713  0.039267  0.044566  0.190176 -0.002800 -0.061450  0.023611 -0.171448 -0.172492 -0.052438  0.111911  0.094020  0.104382 -0.274197  0.018691  0.104056  0.023973 -0.065746 -0.459733  0.081553  0.204600  0.186586 -0.051815 -0.129312 -0.368299  0.089071  0.012130  0.027822  0.111497 -0.061218
 0.149071 -0.122265  0.180535 -0.043597  0.106734 -0.153689  0.117273  0.213125  0.089330 -0.263077 -0.126070 -0.069136 -0.168716 -0.026220  0.156668 -0.151973  0.022000 -0.048054  0.077138  0.253783  0.015827  0.213998  0.057007  0.058298 -0.171375  0.096725 -0.064416  0.150090  0.090179  0.156633  0.163967  0.347963  0.175866 -0.202494  0.266450  0.190884 -0.170888 -0.059469  0.057485 -0.081599 -0.042033 -0.016217 -0.192142 -0.140254 -0.083254
-0.149071 -0.077398  0.098774  0.052042 -0.244159 -0.083199  0.109869 -0.067474 -0.134451  0.115022 -0.012940  0.303305  0.070047  0.344729  0.101200  0.191053 -0.033550 -0.032117  0.046507 -0.020660  0.211232 -0.066830  0.224022  0.180117  0.222385  0.154291  0.164923 -0.117339 -0.119741 -0.006047  0.246915  0.346782 -0.029809  0.170224 -0.028009  0.006708  0.047209  0.040950 -0.135046 -0.138948 -0.001464  0.032456 -0.205311 -0.126102  0.068304
 0.149071  0.069251 -0.260955 -0.006003  0.091869 -0.064182  0.246089  0.173600  0.139188 -0.050421 -0.167686 -0.184043  0.112850 -0.080276 -0.151277  0.372856 -0.171303 -0.043684 -0.050792  0.050002 -0.063479  0.011313  0.126309  0.016253 -0.168445  0.042640  0.045391 -0.053111 -0.339955  0.043232  0.062564 -0.044176 -0.215768  0.211649 -0.128509  0.032754 -0.268101  0.109691  0.268293 -0.031557 -0.043130 -0.060087 -0.154070 -0.053161  0.153799
-0.149071  0.079075 -0.098865 -0.237998  0.071205 -0.001011 -0.179042  0.213480 -0.038046 -0.224429  0.215781  0.032049 -0.063582  0.033563 -0.132831  0.043671 -0.209590 -0.257928  0.145415 -0.119318  0.085631  0.152606  0.031587  0.098312  0.199955  0.015190  0.033839 -0.041025  0.136842 -0.059831  0.150331 -0.172287 -0.146054  0.172409  0.220315 -0.026758  0.096615 -0.111644  0.241668 -0.206901 -0.051900 -0.061005 -0.076742  0.148448 -0.368603
 0.149071  0.160194  0.223289  0.249280 -0.129269  0.187256 -0.080079  0.047338  0.304546 -0.042012  0.133241 -0.156726  0.040658 -0.023370  0.181856  0.188141 -0.212285  0.071431 -0.107217 -0.052223 -0.141158 -0.206350 -0.055636  0.062729  0.211257  0.082645 -0.152344  0.233949  0.092213  0.023746  0.100539  0.212846  0.135712  0.006706 -0.220666 -0.034018  0.197224 -0.093192  0.262170 -0.092375 -0.179242 -0.074495  0.028102  0.112476 -0.010242
 0.149071 -0.223635 -0.065933 -0.108702 -0.209801  0.205901  0.053111 -0.125141 -0.147773 -0.160563 -0.007914 -0.242789 -0.240978  0.113935 -0.005411 -0.024133  0.110508 -0.053709  0.058084  0.243576  0.056270  0.112866 -0.139087  0.077185 -0.070091 -0.154335  0.162376 -0.001876 -0.013822 -0.050853 -0.178832  0.159772 -0.071372  0.202539 -0.277525  0.163655  0.160355  0.001316  0.100147 -0.194002  0.062704  0.284873 -0.000676  0.292240  0.015374
 0.149071 -0.126846  0.046902  0.089841  0.131728 -0.140325  0.212188 -0.074606  0.107588 -0.085834  0.200198  0.000444 -0.183254  0.109259  0.149172 -0.125438  0.183982 -0.192735 -0.219675 -0.046832 -0.151274 -0.224148  0.221254  0.080467  0.013617 -0.097136  0.063379 -0.326422 -0.157989  0.101319  0.153788 -0.205972 -0.006939  0.003294  0.095227  0.217561  0.129847  0.048601  0.018040 -0.103261 -0.243949 -0.075352  0.307102  0.059722 -0.005092
-0.149071 -0.251047 -0.101413  0.222360 -0.037182  0.233598  0.022521  0.050803  0.129055 -0.024837 -0.306845  0.215813 -0.190415  0.041320 -0.197452  0.029548 -0.089460 -0.151842 -0.228875  0.020766  0.062328  0.081627 -0.026224  0.132271 -0.074209  0.159027 -0.180421  0.382173  0.008321  0.023182  0.006943 -0.145413 -0.031852  0.141548  0.065907 -0.019637 -0.014001  0.136924 -0.231965 -0.135775 -0.174736  0.043247  0.248241 -0.017601 -0.071039
-0.149071 -0.045899  0.055548 -0.074101 -0.126599 -0.055103 -0.136522  0.116837 -0.041081 -0.017237  0.191697  0.124711 -0.234627 -0.121174  0.116991  0.075790  0.371898 -0.003594 -0.212344 -0.167118 -0.074458 -0.131903 -0.067111  0.061774 -0.202080  0.396032 -0.188779 -0.032921 -0.014724 -0.067212 -0.022923 -0.058273 -0.140265  0.043466 -0.129904 -0.010846 -0.231893 -0.296908  0.171569 -0.062965  0.095144  0.213173 -0.097646 -0.068042  0.063958
-0.149071 -0.049363  0.174934 -0.035154  0.015053 -0.130254 -0.168740  0.173522  0.225498  0.209392 -0.224521 -0.057347 -0.095839 -0.157543  0.188058  0.078829  0.109769 -0.057701 -0.210003  0.051596 -0.209528  0.172641 -0.011468  0.049610  0.214994 -0.220563  0.446695  0.069481 -0.036290 -0.133942 -0.077864  0.052408 -0.213463 -0.015154 -0.039749 -0.028071  0.038619  0.014973  0.043915 -0.078300  0.162627 -0.007445  0.122310 -0.244394 -0.137395
 0.149071 -0.039264 -0.067375  0.027791  0.092415  0.233541 -0.296599  0.160344  0.259320 -0.124589 -0.183996  0.053663 -0.205862  0.049090 -0.015162 -0.020889  0.212592  0.114565  0.245331 -0.004572 -0.007703 -0.113920  0.132880  0.008949  0.353254  0.122806  0.021895 -0.207365 -0.185433  0.091506 -0.118058 -0.028777  0.223910  0.099865 -0.001299 -0.038912 -0.242061  0.046359 -0.133159  0.017292  0.198399 -0.134170 -0.048814  0.196965  0.009295
 0.149071 -0.180588 -0.125878 -0.107256  0.093725  0.273204 -0.093744 -0.443477  0.096650 -0.314994 -0.049912  0.006707  0.184238 -0.025222 -0.106557  0.155046  0.076657 -0.028405 -0.183328 -0.175524 -0.241941  0.099656 -0.061500  0.206679 -0.030317  0.107909  0.207162 -0.078673  0.133646 -0.129833  0.145143  0.098376 -0.060925 -0.174299  0.138147 -0.058135  0.035241 -0.132045 -0.081453  0.048750  0.032098 -0.126348 -0.136418 -0.080017  0.091709
 0.149071 -0.175471  0.120455 -0.030665 -0.039317 -0.026096 -0.311233  0.200809 -0.101499  0.113019 -0.137841  0.066855  0.159571  0.162969  0.025153  0.036476  0.068717 -0.039746  0.101858  0.223021 -0.044843 -0.287400 -0.023738  0.041700 -0.279186 -0.030024 -0.019968  0.087088  0.038149 -0.205984 -0.086800 -0.090525 -0.108341  0.165605  0.262198  0.077195  0.235049 -0.097178  0.100139 -0.036481 -0.011303 -0.360565 -0.046732  0.038871  0.260903
 0.149071  0.059199  0.037367  0.181843 -0.330268 -0.108640 -0.073509 -0.070514 -0.267574 -0.260291  0.045102 -0.142085 -0.152170 -0.268851  0.174762  0.117497  0.004780  0.012254  0.145590  0.173960 -0.097682 -0.020131  0.016980  0.044071 -0.052664  0.180436  0.120127  0.058739 -0.133775  0.108293  0.118168 -0.288761 -0.025018  0.051672  0.012992 -0.277246  0.159579  0.181816 -0.203314  0.080614  0.018379 -0.102673 -0.081194 -0.160349 -0.182590
 0.149071 -0.023057 -0.162031  0.141471 -0.122937 -0.163852  0.106096 -0.090709 -0.004878  0.278807 -0.223509 -0.016024  0.023651  0.144259 -0.114099 -0.103341  0.190586  0.053781  0.080073 -0.039821 -0.271613  0.003256  0.125236 -0.028634  0.070264  0.001923  0.138777  0.187015  0.040257 -0.175595  0.112889 -0.198626  0.247573  0.045749  0.086262 -0.066362 -0.046223 -0.241826  0.158702  0.064249 -0.229027  0.228882 -0.262974  0.140154 -0.237423
-0.149071  0.316985  0.047952 -0.001616 -0.053222  0.211761  0.125574 -0.098957  0.029677  0.000164  0.078783  0.220286 -0.324186 -0.013462 -0.110879  0.093726  0.251641  0.008510  0.134573 -0.016562  0.041995  0.119251 -0.018312  0.021772 -0.150551 -0.197835  0.177534  0.021633  0.123300  0.011534 -0.158906 -0.032994  0.186873  0.042969 -0.077121 -0.010743 -0.036190  0.077842  0.176304 -0.084106 -0.312922 -0.348867 -0.133359 -0.213066  0.120757
 0.149071 -0.172326  0.134659 -0.036631  0.114055  0.111365  0.049336  0.162830 -0.097043 -0.003001  0.045478  0.208172  0.117115 -0.305231  0.115043  0.151959 -0.180584 -0.017197  0.109816 -0.109323 -0.093416 -0.106759 -0.278253  0.059851 -0.048050 -0.188707  0.080215 -0.202564 -0.033623 -0.081432 -0.074673  0.019401  0.322647  0.252080  0.141690 -0.098467 -0.109791 -0.039336 -0.117148 -0.135790 -0.202945  0.337855  0.026035 -0.139555  0.019873
 0.149071  0.029368 -0.226494 -0.081796 -0.054063  0.014129 -0.121121  0.188544 -0.050970 -0.149108  0.012020 -0.120311  0.009717  0.353809  0.131482 -0.104962 -0.021632 -0.018340  0.052132 -0.439078 -0.124523 -0.230376  0.065758 -0.174497 -0.122143 -0.065697  0.137798  0.195269  0.098195  0.174107 -0.228934  0.121480 -0.149063 -0.049480 -0.050724 -0.033477 -0.057331  0.130775 -0.156524 -0.124111 -0.135261  0.080215 -0.038539 -0.258821 -0.086919
-0.149071  0.170056  0.135414  0.355538  0.376502  0.010746  0.056149 -0.112998 -0.099940 -0.203188 -0.137870 -0.043778 -0.096665  0.148580  0.273440  0.173152 -0.049056  0.348263 -0.059935 -0.066595  0.115495  0.020985 -0.001609 -0.062194 -0.133802 -0.068246  0.031683 -0.029026 -0.038499 -0.168313 -0.134430 -0.052117 -0.192701  0.122073  0.121254  0.088090 -0.014919 -0.190560 -0.133467 -0.042474 -0.012185  0.013099 -0.129395  0.177099 -0.185741
-0.149071  0.032747 -0.133196  0.223194 -0.128243 -0.201869 -0.122431  0.021343  0.191505 -0.212195  0.005472  0.165564  0.153417 -0.079317 -0.054703  0.205857  0.141706 -0.185019  0.169559  0.232443 -0.018923 -0.164558 -0.159810  0.001637  0.123256 -0.057050  0.009258 -0.103394  0.192806  0.012576 -0.157850  0.061501 -0.224254 -0.174954 -0.002524  0.273374 -0.069408  0.101835 -0.070030  0.244114 -0.282165  0.193698 -0.075783  0.085525 -0.036388
 0.149071  0.018568  0.208544 -0.137426 -0.162816  0.242515  0.036039 -0.187053  0.120265  0.122142 -0.067070  0.126607 -0.015087  0.194117  0.231881 -0.003023 -0.296591 -0.292594  0.071951  0.178102  0.023792  0.048314 -0.037077 -0.189800 -0.022194  0.014762  0.030091 -0.074777 -0.048042  0.167619 -0.079331 -0.257746 -0.172579 -0.084099 -0.086958  0.022891 -0.268602 -0.377112 -0.058771  0.104204 -0.045686 -0.041635 -0.014536 -0.069398 -0.090960
 0.149071  0.203771  0.109378 -0.101704 -0.008627  0.060788  0.021857  0.060492  0.092002 -0.163166  0.111636  0.280233  0.195183 -0.185732  0.092324 -0.184129  0.127588  0.002188  0.173979 -0.058077 -0.165478  0.304385  0.383525 -0.005778 -0.007045 -0.067857 -0.088940  0.255554 -0.162775 -0.158450  0.002244  0.037503 -0.224985  0.161434 -0.088644  0.045418  0.099730 -0.064193 -0.190828  0.042198 -0.089803  0.128657  0.056632  0.122327  0.187938
-0.149071  0.327026 -0.085228  0.122089  0.010411  0.084190 -0.114976 -0.054243  0.009691  0.055709 -0.137273 -0.112421  0.164422  0.017310  0.228655 -0.059837  0.030501 -0.188876 -0.027569  0.062382 -0.110330  0.045633  0.026466  0.136045 -0.036652 -0.056879 -0.025079 -0.045457  0.244331  0.229638  0.148404 -0.270779  0.110530  0.026145  0.077126  0.109655 -0.031443  0.116503 -0.051306 -0.382386  0.211264  0.220621 -0.155748  0.040980  0.322689
 0.149071  0.089222  0.138517  0.084182 -0.252514 -0.162447 -0.184276 -0.072455  0.054329  0.001895  0.113866  0.074194 -0.126674  0.176157 -0.117188  0.096559 -0.094498  0.217728 -0.004194 -0.087458 -0.124556  0.223488 -0.140094 -0.219836 -0.127790  0.015455  0.167054 -0.043302  0.158505  0.014929  0.240805  0.065445 -0.063053  0.165233  0.234960  0.023248 -0.316596  0.177793  0.060282  0.031096  0.042269  0.044253  0.324011  0.194978  0.145006
-0.149071 -0.122737 -0.136666 -0.093566 -0.060424 -0.144534  0.010449  0.061619  0.291144  0.134407  0.278819 -0.039620 -0.206367  0.038647  0.014814 -0.013456 -0.213573  0.066940 -0.194693  0.161621 -0.258545  0.103551  0.023674 -0.077565 -0.087693 -0.052141 -0.088872 -0.133547  0.027942  0.004714 -0.148269  0.066771  0.002755  0.052411  0.062209 -0.243323  0.095471  0.001452 -0.351370 -0.067255 -0.100228 -0.081705 -0.382356  0.199885  0.112946
 0.149071  0.084399 -0.118191 -0.269653  0.057979 -0.126008  0.191260  0.098045 -0.111917  0.062049  0.011190 -0.171974  0.070255  0.099071  0.181541  0.439916  0.295239 -0.029095 -0.096564  0.061079  0.115221  0.166707 -0.055799  0.019555  0.249429  0.088844 -0.074122  0.141613  0.218180  0.129655 -0.124756 -0.030229  0.092423  0.100683  0.113237 -0.089104 -0.003785 -0.170023 -0.215729  0.057806 -0.116103 -0.090954  0.230146  0.082441  0.096398
 0.149071 -0.103594  0.064291 -0.013555  0.098307 -0.291913  0.007268 -0.219530  0.275483 -0.085025  0.067193  0.087885  0.108827  0.068034  0.044478  0.052693  0.212580 -0.152211  0.109942 -0.006105  0.222999 -0.098774 -0.168291 -0.048478 -0.094319 -0.271379 -0.166742  0.167099  0.009044 -0.168509  0.166654 -0.059839 -0.001291  0.021035 -0.225735 -0.291150 -0.178000  0.107773 -0.069175 -0.296326  0.157807 -0.102862 -0.056255  0.039296 -0.148415
 0.149071  0.098228 -0.132269  0.311207 -0.002700 -0.030454  0.016464  0.221234 -0.149995 -0.161473 -0.133686  0.222055  0.059642  0.006936 -0.165732  0.004214  0.039231 -0.199918 -0.202569  0.107992 -0.079002  0.116028  0.101435 -0.347342 -0.073197 -0.029695 -0.011105 -0.290453  0.212621  0.017007  0.007402  0.172473  0.097502  0.040534 -0.221990 -0.180355  0.158374 -0.258710 -0.010327 -0.088861  0.173217 -0.081093  0.095345 -0.049763 -0.069316
-0.149071  0.206232  0.125493 -0.284207  0.226962 -0.221181 -0.081521 -0.087994  0.145166 -0.134625 -0.192078  0.065609 -0.105594  0.003053 -0.142219  0.007569 -0.055918 -0.125671 -0.004629 -0.017568  0.024675 -0.221469 -0.140423 -0.140435 -0.167848  0.177942  0.307916  0.147879 -0.123396  0.222578  0.141918  0.033968  0.183191  0.147895 -0.138448 -0.002669  0.270412 -0.118018 -0.106143  0.154034 -0.018587  0.128655  0.013485  0.136999  0.092942
-0.149071 -0.302776  0.065984  0.066105  0.231626  0.018745  0.073789  0.030176 -0.233772  0.051654 -0.029023  0.232156  0.137211  0.015601  0.227103 -0.020431  0.059649 -0.034635  0.113420 -0.063267 -0.274415  0.130608 -0.102753  0.008450 -0.003300  0.078677  0.082691  0.067578  0.039695  0.379303 -0.023170  0.028559 -0.106927 -0.049514 -0.167925 -0.224041 -0.049961  0.191987  0.246708  0.054625 -0.061005 -0.151863 -0.041972  0.347640 -0.000731
-0.149071 -0.048022 -0.119508  0.135821  0.064652  0.214807  0.089788 -0.128318  0.111900  0.054778  0.346524 -0.013201  0.088352  0.034495  0.104481  0.119534  0.126993 -0.248206  0.017841  0.098635 -0.105113 -0.068087  0.084116 -0.240879 -0.097021 -0.005998  0.035519  0.218665 -0.085497  0.040109 -0.073381  0.141501  0.161975  0.300988  0.276855  0.096766  0.012739  0.079562  0.088979  0.226741  0.350584  0.038105 -0.000600 -0.100746 -0.182560
 0.149071  0.117393 -0.355686  0.079045  0.233703  0.021949 -0.189784 -0.022264  0.062944  0.268602  0.093396  0.000809 -0.075763 -0.057363  0.306424 -0.140253 -0.101903 -0.114068  0.088021  0.113206  0.199049  0.055584  0.044373  0.221756 -0.231385  0.268661  0.195997 -0.080177  0.158570 -0.236107  0.076841  0.152388  0.013269  0.047791 -0.163626 -0.083171 -0.064838  0.075517 -0.023642  0.126517 -0.146522 -0.013422  0.157481  0.029172 -0.062276
 0.149071  0.124875  0.212978 -0.144388  0.080225  0.180653  0.366267  0.054229 -0.024576  0.114300 -0.130212  0.036649 -0.234916 -0.129841 -0.090541  0.049476 -0.001964 -0.089120  0.050981  0.011306 -0.090423 -0.356966  0.141474 -0.043342  0.030852  0.073191  0.001221 -0.026827  0.404268 -0.163374  0.056974  0.058784 -0.270860 -0.039804  0.102313 -0.134653 -0.013132  0.239936 -0.059602  0.052695  0.164976  0.096919 -0.080571  0.142770 -0.045024
-0.149071  0.026330  0.079055 -0.115596 -0.042176  0.017304  0.074748 -0.096886  0.171878  0.054267 -0.265322 -0.173354  0.077445  0.110443  0.109016  0.007453  0.119151 -0.053049  0.289314 -0.105153 -0.213445  0.204404 -0.172418 -0.212634 -0.074308  0.297384 -0.302447 -0.321651 -0.047694 -0.175938 -0.005222  0.071210 -0.014860  0.120618 -0.001281  0.027155  0.232601  0.180968  0.017848 -0.093433 -0.126114 -0.016624  0.094812 -0.145375 -0.135517
-0.149071  0.154217  0.027067 -0.013363 -0.231220  0.210368  0.117138  0.319288 -0.099004 -0.059609 -0.049375 -0.138486  0.121196  0.034075  0.115944 -0.118937  0.127036 -0.234483 -0.197092 -0.144799  0.025752 -0.012909 -0.263352 -0.005092 -0.087808 -0.111466  0.093002 -0.015114 -0.211522 -0.241270  0.253648  0.064786  0.099186 -0.094566 -0.001939  0.037022 -0.162184  0.053007 -0.201163  0.171599 -0.052693 -0.194864 -0.079573  0.299994 -0.058218
-0.149071 -0.031636 -0.194457 -0.005748  0.155804  0.042958 -0.004050 -0.127289 -0.201052 -0.110962  0.014635 -0.072836 -0.114595 -0.078201  0.081132 -0.216084 -0.020110 -0.002022  0.017480  0.241171 -0.090453 -0.164031 -0.137316 -0.391538  0.379786  0.040974  0.006829  0.145370 -0.059535 -0.190312  0.212683  0.086575 -0.130792  0.085540  0.040547 -0.075290 -0.172517 -0.078268  0.036068 -0.157083 -0.202433 -0.054840  0.032601 -0.141362  0.285432
 0.149071  0.091808 -0.340954 -0.010666 -0.133384 -0.090497  0.160411 -0.040960  0.086892  0.044976 -0.166311  0.246446 -0.187316 -0.114591  0.192990 -0.167513 -0.038455  0.119520  0.022531 -0.165632 -0.032210 -0.040490 -0.353279  0.166452  0.086672 -0.196728 -0.179718 -0.003841  0.015147  0.193402  0.124462  0.090310 -0.178243  0.236504  0.091222  0.135279  0.158017 -0.136397  0.044450  0.160406  0.193098 -0.140653 -0.059159 -0.053717 -0.018425
 0.149071
