3 7
-0.086349  0.563264 -0.052202 -0.462397 -0.306098  0.192386  0.572742
 0.000000  0.000000  0.701815 -0.011622 -0.616534  0.147835 -0.324579
-0.086349 -0.563264  0.052202 -0.205878 -0.302215 -0.601926  0.420140
 0.701815  0.000000 -0.000000 -0.624857  0.125213 -0.146930 -0.282389
-0.701815 -0.000000 -0.000000 -0.542634  0.200059 -0.096542 -0.404550
 0.000000 -0.604540 -0.097275 -0.239005 -0.003618  0.740079  0.142182
 0.000000 -0.000000  0.701815 -0.040585  0.615744  0.013825  0.355637
 0.701815
