2 47
-0.207950 -0.000000  0.215339  0.144483  0.213436  0.306671 -0.062843 -0.197861 -0.089836 -0.035166  0.176964 -0.182450 -0.172009  0.061913 -0.098981  0.249472 -0.271971  0.152197 -0.074273 -0.151743 -0.247667  0.093792 -0.118127 -0.230670  0.070728 -0.117761 -0.081670  0.040858  0.072902  0.142061  0.112531  0.065303 -0.040068  0.155996  0.123828  0.056192  0.024177  0.001894 -0.091589 -0.082204 -0.000081 -0.187372 -0.018538  0.028921 -0.298402  0.065342 -0.071215
 0.000000 -0.207950  0.098123  0.147049  0.023323  0.009026  0.081845 -0.121846 -0.013918 -0.152509  0.051132  0.214466  0.119060  0.282374 -0.021568  0.213136  0.106134 -0.022417  0.139549  0.062509  0.035501  0.221409  0.087798  0.269891  0.095712 -0.042597  0.343464  0.055732 -0.227731 -0.055984  0.002527  0.022815  0.051822 -0.150957  0.070108 -0.120435 -0.230839  0.133300 -0.159848 -0.239734  0.008724 -0.344445 -0.017533 -0.120311  0.062520  0.034421 -0.018747
-0.207950 -0.000000 -0.242811  0.308901  0.100461  0.072873 -0.015563  0.082019  0.035278 -0.083503  0.053482  0.186896 -0.163069  0.092846  0.178057 -0.030943 -0.129855 -0.351497  0.129182  0.135641 -0.026549  0.284836 -0.074312 -0.297177 -0.029940  0.158048 -0.134429  0.061340  0.020261 -0.047962 -0.183067 -0.155382  0.106068 -0.095710 -0.114607  0.052023  0.009670 -0.069723 -0.081159  0.051200 -0.101498  0.005084  0.151246  0.124761  0.210435  0.214508 -0.131899
-0.000000  0.207950 -0.234056  0.065442 -0.246629 -0.167930  0.192422 -0.056283  0.080359  0.178718  0.031566  0.188868  0.168065 -0.270279  0.036541  0.198092 -0.058112 -0.044154 -0.042903  0.025317 -0.357430 -0.080385  0.185350  0.041857 -0.023519 -0.275292 -0.018475  0.244350 -0.032387  0.081564 -0.187565  0.023916 -0.004069  0.017783  0.128882  0.152431 -0.035116 -0.161499  0.053958 -0.064213 -0.172756 -0.122494  0.082317 -0.148030 -0.131367  0.070347 -0.152604
 0.207950 -0.000000 -0.048153  0.054556  0.138117 -0.099007  0.062738 -0.129430 -0.048163  0.038423  0.051114 -0.111756 -0.270754  0.130807  0.003360 -0.234197  0.041475 -0.013382 -0.198025 -0.272887 -0.069273  0.193297  0.158521  0.099842  0.002334 -0.095008  0.018079  0.221726  0.026999 -0.089510 -0.299650  0.115802 -0.218016  0.182511 -0.108668 -0.179878 -0.226843  0.181747  0.155508  0.086348 -0.036135  0.075705  0.219367 -0.021700 -0.030725  0.209644  0.180993
-0.207950  0.000000 -0.114517  0.143899  0.081486 -0.140757 -0.295100 -0.125107  0.192289  0.013025 -0.075283  0.011870 -0.114125 -0.250286 -0.145768 -0.200721 -0.202434  0.050667  0.013524  0.003046 -0.175499  0.147044 -0.009442  0.235727 -0.137991 -0.106720  0.148156 -0.136059  0.122576  0.160739  0.153575  0.183607  0.137389  0.038202 -0.087835  0.053540 -0.090238 -0.072016 -0.133837  0.004639  0.074788  0.030265 -0.177962 -0.221724  0.291022  0.089352  0.224772
-0.000000 -0.207950  0.033088 -0.040317 -0.235879 -0.154458  0.130557 -0.138862  0.003681  0.011292 -0.302122  0.189339 -0.008177  0.110318 -0.267375  0.127504  0.010660 -0.053474  0.001241 -0.178367 -0.148862  0.246227 -0.137761 -0.193233  0.109560 -0.152926 -0.154520 -0.041702  0.034223 -0.287478  0.192650  0.059636 -0.307771 -0.031984 -0.133912 -0.044542  0.060666 -0.145265  0.034443 -0.025039 -0.089608  0.140294 -0.253477  0.081630  0.103313  0.003545 -0.002616
 0.000000 -0.207950  0.014754  0.141132 -0.038887 -0.116206  0.164319  0.257554 -0.031803  0.235736 -0.012917 -0.059345 -0.179933  0.227684 -0.247079  0.051311 -0.135967  0.314338 -0.062364  0.141414 -0.217055 -0.046526 -0.030984  0.107665 -0.169534  0.199471  0.016262  0.154088 -0.018973  0.002702 -0.143585  0.158792  0.248172 -0.054555 -0.054957 -0.214748  0.299094 -0.032537  0.091459  0.120470 -0.032659 -0.097715 -0.005548  0.043755  0.118104 -0.106161 -0.116092
 0.000000 -0.207950  0.067582  0.051787  0.057509  0.161616  0.014151 -0.029099 -0.022880  0.047958 -0.253574  0.140538 -0.130942  0.041917  0.089985 -0.299142 -0.122960  0.050151  0.037199  0.104588 -0.031130 -0.013662 -0.256807  0.330387  0.061361 -0.223942 -0.082807 -0.188256 -0.059650  0.081373 -0.099270 -0.033199 -0.124907 -0.066545  0.117327  0.196746 -0.217612 -0.133795  0.080472  0.213711 -0.170871 -0.066097  0.183248  0.110304 -0.108554 -0.253621 -0.216283
-0.207950 -0.000000  0.047036  0.118953  0.001193  0.069506  0.002951 -0.084840  0.018710 -0.232948 -0.300827 -0.014062  0.262929 -0.024254  0.285403  0.254409 -0.034364  0.246510  0.210294 -0.074422 -0.042639  0.007201  0.204052  0.124798 -0.092981  0.038248 -0.343421 -0.154644  0.138165 -0.003656 -0.252389  0.095596  0.066830  0.066375 -0.208636 -0.179042 -0.047469  0.168497  0.128609  0.088386 -0.028413  0.028602 -0.043794  0.007952 -0.030198 -0.042345  0.081775
-0.000000  0.207950  0.101822  0.038679  0.084861 -0.049151  0.016666 -0.029434  0.244839 -0.043056  0.254775 -0.095452  0.101363  0.051049  0.075665  0.024878  0.382994  0.214095  0.046389 -0.002173 -0.032660  0.165000 -0.112624  0.194936  0.050147 -0.063499  0.045768  0.077116  0.101461  0.142489 -0.017045  0.101928 -0.097882 -0.025323 -0.153097 -0.055859 -0.018771 -0.297332 -0.149102  0.134367  0.047048  0.152952 -0.114100  0.327819  0.058657  0.140818 -0.338198
-0.207950  0.000000  0.047141 -0.030736 -0.160767 -0.091652 -0.053235  0.015552 -0.241259 -0.213402  0.102979 -0.056151 -0.133822  0.024909  0.070389 -0.006324  0.153289 -0.403042  0.007148  0.071578 -0.149162 -0.279425 -0.175301  0.088603 -0.241095 -0.042038 -0.001272 -0.006642  0.062934 -0.086887  0.008367  0.327713  0.043500  0.000063  0.231169 -0.191061 -0.157728  0.040402  0.145728  0.107716 -0.034526 -0.072548 -0.252450  0.159001 -0.058309  0.124244 -0.028482
-0.000000  0.207950  0.300705  0.046850  0.050123  0.142841 -0.166177  0.248052 -0.025889  0.158542 -0.044070  0.008728 -0.055512 -0.160527 -0.017932  0.249420  0.102239 -0.206757  0.082262 -0.023236 -0.176557  0.148099 -0.026491  0.096467 -0.167732 -0.206801  0.122696  0.100875  0.080087  0.038008  0.113779 -0.106904 -0.213803 -0.244777 -0.071607 -0.062128  0.134478  0.335224  0.092949  0.101399 -0.037650  0.068790  0.197460  0.014735  0.175341 -0.199530  0.031261
 0.207950 -0.000000 -0.101084  0.166728 -0.042331  0.055173 -0.069522  0.197130  0.118957 -0.302348  0.027474 -0.101090  0.078765 -0.040577 -0.051794  0.014812 -0.019558  0.170993 -0.139367 -0.029429 -0.055808  0.239914 -0.009231 -0.098728 -0.165661 -0.010688  0.111096 -0.106010 -0.031941 -0.287883 -0.059013 -0.073080  0.035434 -0.147828  0.308862  0.119693 -0.057747  0.137100  0.015148  0.336382  0.042983  0.164305 -0.193980 -0.272398 -0.173234  0.047625 -0.193262
 0.000000 -0.207950  0.046740 -0.049285  0.015519 -0.112317  0.075925  0.108437  0.089672  0.117422 -0.022889 -0.002057  0.205133 -0.100473  0.179957 -0.109005 -0.105825 -0.013972  0.120194 -0.024748 -0.045416  0.018782 -0.111196 -0.213395 -0.012244 -0.019597 -0.122646  0.179910 -0.422546  0.310570  0.080333  0.108570 -0.170434  0.214647  0.147428 -0.202905 -0.074487  0.254751 -0.268064  0.238712  0.090060  0.044266 -0.082370 -0.029291  0.124301  0.014232 -0.065809
 0.000000 -0.207950 -0.125140  0.117504  0.331440  0.076083  0.022095 -0.063322 -0.086602  0.035978 -0.260867 -0.332362  0.057556 -0.145609  0.101322 -0.142413  0.193999 -0.071457  0.149200  0.000122 -0.068292 -0.038798  0.154457  0.064854  0.114699 -0.196086  0.082674  0.073922 -0.133130 -0.132290 -0.047621  0.026736 -0.021298 -0.073208  0.159705  0.130231  0.460298  0.009598  0.060083 -0.123593 -0.024335 -0.048145 -0.157512  0.115431  0.051190  0.199221 -0.030774
 0.000000 -0.207950 -0.009720  0.116778 -0.132809  0.137051 -0.009988  0.060140 -0.214986 -0.085755  0.068045  0.054003  0.099263 -0.138588 -0.017469 -0.096180  0.240129 -0.021352 -0.194080 -0.327848 -0.031404  0.011488  0.106963  0.151691  0.126667  0.227078 -0.188765  0.134004  0.044246  0.171889  0.369127 -0.040007  0.140902 -0.101231 -0.141600  0.096072  0.028096 -0.003926 -0.008391  0.258218 -0.279141 -0.178185  0.062199 -0.110716  0.022066  0.142159 -0.018201
 0.051988 -0.155963  0.270680  0.046482  0.145626 -0.342733  0.270639 -0.170508  0.010836  0.153499 -0.034220 -0.014826 -0.160548  0.015677  0.349218  0.140075  0.080108 -0.189985 -0.134009 -0.055812 -0.003456  0.086517  0.006108  0.055340 -0.279614  0.088509 -0.024840 -0.188587  0.028354 -0.004044  0.127491  0.063760  0.158837 -0.001054 -0.071820  0.210909  0.098380 -0.002609 -0.154326 -0.052166  0.067461  0.186628  0.086464 -0.199267 -0.183436 -0.025204 -0.120097
 0.207950  0.000000  0.092480 -0.112047 -0.098863 -0.024102  0.098101 -0.037813  0.032984  0.072190 -0.043290 -0.109465  0.110545  0.072859 -0.035828  0.033666 -0.237138  0.018250  0.200382 -0.269938  0.196899  0.159294  0.115927 -0.068487 -0.246469  0.016232 -0.041233 -0.051482  0.150784  0.206965  0.033871  0.164344  0.077596 -0.282070  0.374089  0.129983 -0.082118 -0.113557  0.129537 -0.004558  0.008291 -0.091986  0.136401  0.266551  0.198704  0.203008  0.073823
 0.207950  0.000000  0.191653  0.054529 -0.144674  0.203951 -0.012421 -0.103712  0.109903 -0.234205 -0.221355 -0.142367 -0.108417 -0.001773  0.139248  0.025972  0.033236 -0.007858 -0.136820 -0.110043 -0.123465 -0.288114 -0.050207 -0.294937 -0.090519 -0.142424  0.218250 -0.008001 -0.254769  0.092698 -0.083630 -0.011535  0.121556 -0.113833 -0.273649 -0.088404 -0.060057 -0.292518  0.054868  0.031997  0.087932 -0.080303  0.092704 -0.125797  0.232861  0.037929 -0.033676
 0.207950  0.000000  0.116564  0.005910 -0.013070  0.033672  0.134420  0.352621  0.171024 -0.016627  0.096612 -0.159640  0.165235 -0.003732  0.246355 -0.184857 -0.240175 -0.076338  0.069998  0.095065 -0.104189  0.049679 -0.074913  0.012371  0.188605 -0.068560 -0.015141 -0.068269  0.266879 -0.221498  0.252560  0.199553  0.000703  0.179482 -0.159443 -0.060918 -0.059823  0.031856  0.165392 -0.231528 -0.070411 -0.200277  0.027574 -0.130402  0.071959  0.081781 -0.160322
 0.207950 -0.000000 -0.156178 -0.093855 -0.214149  0.233326  0.089447 -0.295302 -0.141921 -0.021209  0.094725 -0.110271 -0.141562 -0.201357  0.217120 -0.034552 -0.291071 -0.023083  0.110465  0.016417 -0.180474  0.115163  0.031378  0.256787  0.013412  0.174125  0.021954  0.087388 -0.022150 -0.082292  0.137499 -0.173167  0.025300 -0.154130  0.034572 -0.358194  0.052672 -0.051733 -0.142131 -0.078552  0.054839  0.231815 -0.066465  0.094485 -0.035973 -0.102915 -0.066770
-0.000000  0.207950  0.074922 -0.088957  0.090469 -0.028473 -0.241607 -0.061261 -0.037470  0.211220 -0.160123  0.102411  0.217480  0.005330 -0.041834 -0.091455 -0.069305 -0.182058  0.059172 -0.048218  0.111262  0.208482 -0.080433 -0.023705  0.091875 -0.007067  0.054860 -0.025769 -0.115192 -0.112218 -0.009397  0.198386  0.192921 -0.101216 -0.066117 -0.345439  0.181455 -0.240015  0.017918  0.251135  0.067688 -0.142541  0.129607 -0.125663 -0.395359  0.097491  0.003558
 0.051988  0.155963  0.325147 -0.150637 -0.091660  0.013326  0.083519 -0.195966  0.201328  0.018466  0.109192 -0.033178 -0.168903 -0.132360 -0.175517  0.007673 -0.142315 -0.110413  0.201935 -0.024900  0.091054 -0.091181  0.037700  0.173009  0.023293  0.132805 -0.098884 -0.064087 -0.132721 -0.242005 -0.200756 -0.140304 -0.019011  0.155106 -0.085613  0.177362  0.135363  0.132373 -0.110214  0.272238 -0.132201 -0.282913 -0.164675 -0.036960  0.139053  0.177867 -0.086444
-0.207950  0.000000 -0.104614  0.209902 -0.262869  0.103016  0.120839 -0.128444  0.177363  0.151816 -0.091560 -0.265789 -0.121442  0.003977 -0.051633  0.008528  0.144536 -0.023934  0.044079  0.224318  0.130664  0.038079  0.225001 -0.027499  0.020071 -0.030307 -0.098963  0.117687 -0.008652 -0.188233  0.291903  0.088207 -0.034109  0.032707  0.010659  0.071427 -0.158030  0.011877  0.042644  0.214328  0.429424 -0.144122  0.211788  0.043263 -0.037875 -0.095366 -0.008251
-0.000000  0.207950  0.030075  0.099883  0.142254 -0.009443  0.249178  0.018139  0.159978 -0.105911  0.057391  0.355144 -0.206459 -0.060669  0.225756 -0.239188  0.016034  0.184982 -0.049302 -0.105256  0.117766 -0.044889 -0.079417 -0.060463 -0.094580 -0.124960 -0.171810  0.215370  0.029079 -0.044325  0.100177 -0.003237 -0.036555 -0.289560  0.037324 -0.068305  0.144803  0.032052  0.038620 -0.029208  0.145395 -0.269286 -0.266904  0.008295 -0.082262 -0.122136  0.230308
 0.207950 -0.000000  0.252252  0.287809 -0.212233 -0.045918  0.056002  0.043105 -0.204552  0.062746 -0.068316 -0.018519 -0.040564 -0.071241 -0.109042 -0.087743  0.098050  0.034333  0.079813  0.325068  0.119960  0.156014 -0.048199 -0.007931 -0.059699 -0.230979 -0.127191 -0.047116  0.048809  0.260158 -0.000157 -0.365849  0.150377  0.161040 -0.011622 -0.131908 -0.031547 -0.008037  0.105352 -0.078017  0.029216  0.034736 -0.168576 -0.001449 -0.142109  0.297202  0.120601
-0.000000  0.207950 -0.026165  0.080409 -0.144251 -0.156449 -0.321447  0.071101  0.174358 -0.054154 -0.139807  0.122326 -0.249466  0.383677  0.171666 -0.024178 -0.025026  0.027226  0.052895 -0.137669 -0.103229 -0.094628  0.268527  0.110651  0.070044  0.085262 -0.031405 -0.132962 -0.152273  0.142354  0.246615 -0.149678 -0.137233  0.156731  0.211934 -0.073119  0.201622  0.002974  0.139107 -0.071715 -0.011058  0.007336  0.010403 -0.016228 -0.031756  0.106906 -0.179463
 0.000000 -0.207950  0.209735 -0.022847  0.189942 -0.261888 -0.106995 -0.151184  0.076461 -0.291202  0.092661  0.031811  0.222797 -0.117162 -0.165587 -0.165605 -0.064938 -0.093851  0.099287  0.098043 -0.246079  0.016993  0.083943 -0.030351 -0.135595  0.256712 -0.018953  0.215320  0.031855  0.042442  0.019597 -0.237444 -0.164287 -0.012974 -0.027852  0.028115 -0.002820 -0.143057  0.337977 -0.021131  0.229331 -0.080582  0.099973  0.038664 -0.092423 -0.125420 -0.064882
-0.000000  0.207950  0.274926  0.077096  0.041772 -0.044425 -0.181510 -0.068976 -0.231518  0.151624  0.031697  0.061019  0.015543 -0.171354  0.087161 -0.160023  0.149338  0.219738 -0.112056  0.076385 -0.138901  0.167944  0.167103 -0.174554 -0.000461  0.125979 -0.148431 -0.063001 -0.274124 -0.305683  0.027474  0.109637  0.170656  0.063281  0.180618  0.027143 -0.200247 -0.065771  0.024380 -0.171241 -0.152087 -0.006777  0.008634  0.144077  0.237650 -0.170621 -0.033900
-0.000000  0.207950 -0.152556 -0.075102 -0.052695 -0.129479  0.134681 -0.019411 -0.045531  0.045016 -0.113830 -0.237759 -0.062338  0.074714  0.031561 -0.115296  0.032191 -0.067160  0.143382 -0.048347 -0.142297  0.235143  0.053553 -0.179082  0.065265  0.138711  0.272754 -0.090882 -0.078026  0.259047  0.011265 -0.022081  0.097574 -0.054259 -0.251972  0.165394 -0.138862  0.179931  0.151322  0.070588 -0.158190 -0.176899 -0.312937  0.151282 -0.194923 -0.274893 -0.003887
 0.000000  0.207950 -0.080512 -0.019094  0.178965 -0.272891  0.171494 -0.138749 -0.117246 -0.216809 -0.064141 -0.084014 -0.126762  0.001492 -0.199976 -0.044704  0.084846  0.187480  0.421454  0.007936 -0.033396 -0.178823 -0.166715 -0.111420  0.109362 -0.105301 -0.059816  0.044918  0.040769 -0.046119  0.223700 -0.022661  0.165990 -0.111351  0.052446 -0.114532 -0.078422  0.130062 -0.056398  0.043419 -0.181385  0.120622  0.313547 -0.198422  0.047015  0.042713 -0.123782
 0.207950  0.000000 -0.029555  0.228652 -0.047237 -0.095190 -0.024250 -0.063127  0.037556  0.147635  0.107872  0.099707  0.189053  0.090399  0.027295 -0.032012  0.029546  0.017086  0.020060 -0.073399 -0.427283 -0.236770 -0.167009 -0.015544  0.206815  0.053731  0.011494 -0.305855  0.031430 -0.106102 -0.021316 -0.072912  0.076696 -0.130494 -0.012215  0.097633  0.001351  0.202576 -0.138256  0.118535  0.247859 -0.034436  0.118031  0.284825 -0.053961  0.134739  0.283996
 0.207950  0.000000 -0.172817  0.053460 -0.008322 -0.263302 -0.132508  0.060473  0.030407 -0.267746 -0.015947 -0.215590  0.003072 -0.040342  0.060291  0.171190 -0.026659  0.001012 -0.107474  0.090265  0.071066  0.102315 -0.084912  0.058785 -0.214440 -0.116709 -0.065490 -0.005403 -0.060636 -0.093576  0.108580 -0.072649 -0.075015  0.196079 -0.008626 -0.049967  0.129836 -0.147029 -0.287744  0.060061 -0.252109 -0.312650  0.184525  0.248629 -0.045934 -0.198113  0.263480
 0.207950  0.000000 -0.187590 -0.185275  0.135469  0.074810  0.077702  0.156220 -0.085039 -0.171777 -0.032794  0.199314 -0.215190 -0.289636 -0.239930  0.078021  0.083893 -0.018632 -0.049548  0.058709 -0.066792  0.100014  0.159140  0.010053 -0.059901 -0.004522 -0.178215 -0.353128 -0.157060  0.140713  0.010570  0.215233 -0.042800 -0.003669 -0.142858 -0.057665  0.014857  0.107380 -0.016997 -0.124511  0.276501 -0.157035  0.097250  0.130396 -0.058671  0.115327 -0.244687
 0.000000 -0.207950 -0.082754  0.140561 -0.022374  0.022500 -0.090983 -0.023067 -0.081354  0.261815  0.291688  0.005830 -0.051277 -0.070009  0.059018 -0.087754  0.115926  0.146891  0.316098 -0.033339  0.049379 -0.142403  0.189061 -0.220777 -0.262101  0.007911  0.112591 -0.300502  0.095616 -0.055725 -0.020256 -0.017104 -0.382990 -0.106969 -0.098862 -0.171505 -0.032415 -0.144855 -0.053093  0.037434 -0.175477 -0.146769 -0.025179 -0.166269 -0.090208 -0.005344 -0.032527
 0.207950 -0.000000 -0.048619  0.244463  0.173430 -0.028361 -0.079701  0.177767  0.174838  0.158769 -0.135375 -0.125947 -0.190136 -0.203607 -0.039432  0.321324  0.090965 -0.096320  0.166722 -0.131398  0.057633 -0.086158 -0.226600  0.109702  0.173363  0.345839 -0.157617  0.091411 -0.105442  0.012372 -0.051213  0.036150 -0.074894 -0.045170  0.100039 -0.026063 -0.284357 -0.199578  0.112141 -0.123566 -0.001463  0.005442 -0.143532 -0.100322 -0.081373 -0.030482  0.116189
 0.000000 -0.207950  0.066716  0.092787 -0.326386 -0.121768 -0.281451  0.015330  0.027792 -0.107357  0.119837  0.120280 -0.163199 -0.229065  0.106198  0.014772 -0.082093  0.189330  0.210544 -0.067377  0.195767  0.019079 -0.126943 -0.039725  0.071999 -0.042096  0.166950  0.199484 -0.139575 -0.060730 -0.039350  0.264878  0.078391 -0.016617 -0.186338  0.225642  0.124787  0.174806  0.119624 -0.125140 -0.018113  0.145565  0.125114  0.183947 -0.223849  0.060615 -0.029709
-0.207950  0.000000  0.037714  0.021846  0.078512 -0.034568  0.116225 -0.014238  0.285245  0.002078  0.143634 -0.160890  0.076114 -0.010153 -0.089749  0.017962 -0.174082 -0.002989 -0.253044  0.206659  0.052437 -0.070867  0.075938  0.060322 -0.006853 -0.029487 -0.096805 -0.164238 -0.374875  0.009300  0.154393 -0.004224 -0.083366 -0.357201 -0.114135 -0.111152 -0.074167  0.069215  0.185095 -0.069036 -0.317852  0.175156  0.036148  0.109791 -0.131228  0.216774  0.130918
 0.000000 -0.207950  0.015747 -0.327726 -0.163183 -0.086489 -0.313662 -0.030480  0.243348  0.070960  0.019045 -0.215427 -0.120155  0.078203  0.038890 -0.088828  0.208369 -0.011008 -0.040664  0.057101 -0.139885  0.098816 -0.031570 -0.082719  0.086555 -0.107643 -0.358874  0.058594  0.140890  0.053636 -0.206543 -0.084788  0.141212 -0.322516  0.043471 -0.060763 -0.044457  0.136775 -0.167334 -0.186405 -0.011787 -0.156997 -0.004418 -0.140709 -0.053317 -0.032388 -0.061076
 0.207950 -0.000000  0.014982  0.244101 -0.003763 -0.073005 -0.052900 -0.384993  0.119985 -0.027505 -0.058654  0.075642  0.010188 -0.134021 -0.004563  0.057010  0.007993 -0.066195 -0.262499  0.248247  0.183449 -0.045306 -0.003017 -0.156623  0.249114  0.137547  0.089219 -0.073918  0.280560  0.196261 -0.054584  0.217719 -0.107495 -0.044420  0.158058 -0.169331  0.154842  0.210817  0.082032  0.078190 -0.163666 -0.063359 -0.009472  0.004097  0.129769 -0.128888 -0.157764
-0.207950  0.000000 -0.097540  0.009426  0.026920 -0.341823 -0.076699  0.014312 -0.236354  0.133312 -0.030088 -0.131133  0.017247 -0.165572  0.130330  0.126437 -0.187479  0.133083 -0.243902 -0.216840  0.202376 -0.039733 -0.166651  0.046930  0.082550 -0.092887  0.077132 -0.065681  0.018277 -0.096429 -0.017527 -0.319762 -0.038371 -0.110552 -0.066539 -0.118085 -0.120935  0.077214  0.120593  0.010219  0.211816 -0.227147 -0.041710  0.078235  0.155080  0.111192 -0.305406
 0.000000  0.207950 -0.080821  0.337922 -0.166351  0.080555  0.005487 -0.115671 -0.006601  0.004738  0.011308 -0.150745  0.249380  0.102610 -0.233934 -0.252584  0.018156 -0.130839 -0.028370 -0.247073  0.102817 -0.028734 -0.244019  0.110525 -0.288212  0.056648 -0.184051 -0.029461 -0.134618  0.027442 -0.097181  0.068855 -0.085347 -0.000518 -0.084324  0.022384  0.119020  0.144114 -0.081303 -0.353669  0.045886 -0.004478  0.044932 -0.084525 -0.010010 -0.152131 -0.204231
 0.207950 -0.000000  0.049008  0.189581  0.116009 -0.151381 -0.147879  0.058048 -0.214122 -0.049936  0.215297 -0.052726  0.008429  0.172935 -0.078097  0.050506 -0.255740 -0.192986  0.060054 -0.006609  0.110135 -0.146674  0.351844  0.031130  0.195595 -0.293333 -0.236190  0.077012 -0.046343  0.031478 -0.019236  0.117179  0.064993 -0.176726 -0.170728  0.096758 -0.059788 -0.088721 -0.110810  0.128123  0.094017  0.133822 -0.209193 -0.008344  0.047124 -0.243335 -0.081365
 0.207950 -0.000000 -0.264815 -0.146039  0.091067  0.096612 -0.143226 -0.283908 -0.087257  0.125220  0.244006  0.032213  0.062485  0.195617  0.146803  0.195118  0.068759  0.078847  0.051901  0.163686 -0.010330  0.100919 -0.275268  0.048183 -0.136070 -0.087185 -0.181948  0.006177 -0.182952  0.019523  0.131211  0.048740  0.029763  0.069178 -0.096291  0.159736  0.081905  0.043705  0.419939  0.107103  0.044759 -0.057401 -0.062316 -0.182380  0.191322  0.033077  0.048330
-0.207950  0.000000  0.069336  0.039859 -0.195430 -0.108339  0.207966  0.094070 -0.073794 -0.178588  0.300811 -0.140786 -0.073034 -0.086220  0.047162 -0.007623  0.070385 -0.050370  0.049635 -0.114663 -0.020533  0.231495 -0.072752  0.040655  0.327909 -0.043704 -0.032590 -0.291259 -0.133510  0.128860 -0.200612  0.045335 -0.058715 -0.001415  0.178256 -0.055298  0.246339 -0.180912  0.161760  0.035780  0.112772  0.016390  0.138038 -0.203064  0.138138 -0.188935  0.205720
 0.000000 -0.207950 -0.085680  0.047864  0.102338  0.079047  0.033032 -0.055188  0.348735  0.084315  0.182285  0.109684 -0.005099 -0.094573 -0.115170  0.027863  0.103103 -0.150946  0.048676 -0.311250  0.065734 -0.027469  0.061567 -0.050823 -0.047711 -0.249381  0.031181 -0.106668 -0.001255 -0.066317  0.058029 -0.183772  0.430052  0.250821  0.079222 -0.239098 -0.032614  0.055183  0.197207  0.006661 -0.082981  0.063880 -0.019890  0.188636  0.001710 -0.239991 -0.088983
 0.207950
