8 13
 0.051287 -0.000000 -0.176915 -0.000000 -0.000000  0.000000  0.707107 -0.000000 -0.069277 -0.586152  0.112247  0.094245 -0.310186
-0.228203  0.707107 -0.000000 -0.000000  0.000000 -0.000000  0.000000  0.000000 -0.390667 -0.097465 -0.327380 -0.422437 -0.013121
-0.000000 -0.000000 -0.935310 -0.000000  0.000000  0.000000 -0.000000 -0.000000  0.214228  0.198181 -0.157281 -0.122479  0.016984
-0.935310 -0.000000 -0.000000 -0.000000  0.000000 -0.000000 -0.000000 -0.000000  0.266017 -0.062702  0.180423  0.133571  0.010300
-0.051287 -0.000000 -0.000000  0.176915 -0.707107  0.000000  0.000000 -0.000000 -0.090514  0.019579 -0.476142  0.477525 -0.052478
 0.051287  0.000000 -0.176915  0.000000 -0.000000 -0.000000 -0.707107 -0.000000 -0.069277 -0.586152  0.112247  0.094245 -0.310186
-0.051287 -0.000000 -0.176915 -0.000000  0.000000 -0.000000 -0.000000 -0.707107 -0.497009  0.062285  0.303507  0.229514  0.265292
 0.000000  0.000000 -0.000000 -0.935310 -0.000000 -0.000000  0.000000  0.000000  0.029733 -0.120229 -0.216595  0.162153  0.191441
 0.051287  0.000000  0.176915 -0.000000  0.000000  0.000000  0.000000 -0.707107  0.497009 -0.062285 -0.303507 -0.229514 -0.265292
-0.051287 -0.000000 -0.000000  0.176915  0.707107  0.000000  0.000000  0.000000 -0.090514  0.019579 -0.476142  0.477525 -0.052478
 0.228203  0.707107  0.000000  0.000000 -0.000000 -0.000000  0.000000  0.000000  0.390667  0.097465  0.327380  0.422437  0.013121
 0.051287  0.000000  0.000000  0.176915 -0.000000  0.707107  0.000000  0.000000  0.169108 -0.337390 -0.096403 -0.048891  0.558531
-0.051287  0.000000  0.000000 -0.176915  0.000000  0.707107 -0.000000  0.000000 -0.169108  0.337390  0.096403  0.048891 -0.558531
 0.935310
