1 34
-0.171499  0.271337 -0.300329 -0.063082 -0.321692  0.082467 -0.147768 -0.107666 -0.160510 -0.192392 -0.062118 -0.027550  0.054714 -0.341174 -0.144241 -0.098010  0.160756  0.077281 -0.289451  0.016839 -0.055908 -0.070950  0.258912 -0.153050  0.088653  0.014940  0.095983 -0.012827  0.077439  0.124667 -0.332293 -0.117459  0.227213  0.111954
-0.171499  0.245464  0.071774 -0.123911  0.141701  0.079164 -0.027580  0.050259 -0.232883 -0.025947  0.156665  0.090319  0.005395  0.169834 -0.098557  0.192466 -0.117144 -0.054050  0.097410  0.085330  0.081098 -0.012378  0.307208 -0.186183 -0.422053  0.165596 -0.332559 -0.129148  0.229514 -0.290195 -0.164166 -0.021760 -0.174322  0.015704
-0.171499 -0.279193 -0.226819  0.131717 -0.139895  0.163666  0.103439  0.200918  0.297916 -0.073508  0.222651 -0.052578  0.054167 -0.077976 -0.171361 -0.059569  0.025720 -0.371559  0.007512 -0.049122 -0.185797  0.011437 -0.205789 -0.177133  0.075300  0.363903 -0.005980  0.037926  0.205108 -0.018123 -0.128830 -0.019733 -0.286380 -0.086396
 0.171499  0.105311 -0.389677  0.127412  0.073629 -0.344413  0.310035  0.072776  0.179347 -0.088801 -0.150269  0.083048 -0.170627 -0.153958  0.174489  0.138262 -0.007468  0.030406 -0.049028 -0.113553  0.187442 -0.007954 -0.040667  0.027000 -0.350368  0.083086  0.082697 -0.115683  0.224493  0.046696  0.105002 -0.316487  0.085234 -0.138838
 0.171499  0.293142 -0.175678  0.055954 -0.135412  0.044557 -0.062987 -0.231617 -0.108544 -0.203047 -0.068750 -0.053108  0.416002  0.143288 -0.089142  0.107678 -0.239231  0.035609  0.152379 -0.071062  0.012093  0.050669 -0.185966 -0.070735 -0.113372  0.203900  0.165699  0.002581 -0.026321  0.270636  0.272581  0.149147 -0.245892  0.239028
-0.171499  0.417600 -0.069284  0.286036  0.116291  0.072020  0.206876  0.077980 -0.170774  0.231236  0.055543 -0.193081  0.159814 -0.143222  0.050955 -0.109709  0.298369 -0.207214  0.221940 -0.062585  0.225293 -0.009449 -0.053301 -0.033801  0.190601 -0.102922  0.133408 -0.248879 -0.114335 -0.189278  0.073326  0.097259 -0.054486 -0.158047
-0.171499  0.264335  0.236070 -0.024514 -0.145529  0.049503  0.083580 -0.064838  0.360440  0.133493 -0.261703 -0.024741 -0.138123  0.271708 -0.200825 -0.083184  0.118427  0.042910 -0.020848  0.005257 -0.176460 -0.238162  0.252940  0.041879  0.042273 -0.006996  0.071293 -0.105491  0.323011  0.237088  0.247104  0.036839 -0.095372 -0.180410
 0.171499  0.062535 -0.021076 -0.309634  0.093669  0.372288  0.069933  0.190533  0.231958  0.430934  0.100230 -0.013026 -0.013236 -0.130436 -0.142095  0.336899  0.048296  0.171209 -0.031200 -0.150320 -0.029742 -0.007445 -0.115911 -0.082604 -0.081230  0.002418  0.158612 -0.242547 -0.084415  0.079028 -0.079333 -0.049887  0.088478  0.290178
-0.171499 -0.126171  0.089355  0.038187  0.014168  0.079056  0.234533 -0.136477 -0.130810  0.042636  0.103106 -0.124901 -0.199233 -0.196516 -0.391442 -0.051486 -0.137282  0.120224 -0.167595 -0.229650  0.335720  0.332618  0.019417 -0.063795 -0.158533 -0.165248 -0.068220  0.132260 -0.022495  0.302776  0.062684  0.141483 -0.148518 -0.176375
 0.171499  0.082206  0.065836  0.238534 -0.230203  0.134226  0.176090  0.060668 -0.026773  0.136615  0.014607  0.052753  0.319277  0.083360 -0.210661 -0.272770 -0.061941  0.157450 -0.010875  0.078579 -0.289413  0.198090 -0.206971  0.095506 -0.200992 -0.256687 -0.252295 -0.015831  0.062363 -0.114655 -0.055226 -0.347686  0.139785 -0.079229
 0.171499 -0.074192  0.024846 -0.290499  0.048694  0.224009  0.009175 -0.029091  0.272731 -0.254414  0.019941 -0.105649  0.295313 -0.112597  0.146991 -0.212531 -0.116113  0.232684  0.025842  0.235392  0.326010  0.010207  0.058499  0.055831  0.071148  0.023647 -0.022604 -0.304119  0.061112 -0.002262 -0.136890  0.061174 -0.086273 -0.374637
 0.171499 -0.088963 -0.191399 -0.000582 -0.097372 -0.053755  0.091698 -0.052929 -0.113466  0.330504  0.363916 -0.061455  0.129249  0.104006 -0.106810 -0.159072 -0.064215  0.071313 -0.320781  0.064804  0.120056 -0.376624  0.220910  0.263008 -0.098954  0.201956  0.184685  0.190697 -0.040726 -0.184006  0.143690  0.085534 -0.015100 -0.067841
 0.171499 -0.030822 -0.223856 -0.005097  0.012685 -0.099830  0.016408 -0.254760  0.124370 -0.023508 -0.175566 -0.049463 -0.096704 -0.009365 -0.346993  0.067801  0.073888  0.367401  0.310263 -0.260018 -0.018774 -0.148000 -0.025906 -0.130630  0.222148  0.007805 -0.156428  0.153786 -0.014880 -0.429019 -0.115286  0.090630 -0.081868 -0.078403
-0.171499 -0.086605  0.176640  0.278210 -0.006949  0.020738 -0.179404  0.155727  0.122821 -0.096193  0.041093  0.142951  0.101626 -0.289610 -0.167809 -0.006232 -0.292263  0.076492  0.261855 -0.191235  0.073103  0.057095  0.194254  0.341177 -0.014703  0.105986  0.207327 -0.099757  0.216069 -0.166113  0.090290  0.105470  0.294067  0.158568
 0.171499  0.067931  0.040190  0.012058  0.244239  0.067514 -0.316203  0.015826  0.184317 -0.024976 -0.095455  0.096349  0.180834  0.174877 -0.192235 -0.150932 -0.000694 -0.377454 -0.104232 -0.340103  0.199306 -0.122197  0.012833 -0.241295 -0.150817 -0.008448 -0.023817  0.136497 -0.170475  0.055081 -0.037392 -0.052646  0.340232 -0.218333
-0.171499  0.039229 -0.092783 -0.162795 -0.080405  0.134159 -0.284258  0.012535  0.131594  0.051200 -0.163869  0.148199 -0.020089  0.025990 -0.040943 -0.108174  0.382761  0.018827  0.099089  0.160090  0.264745  0.210428 -0.161519  0.253306 -0.302160 -0.061058  0.231184  0.338511  0.035563 -0.173735  0.005769 -0.087267 -0.226633  0.069638
 0.171499 -0.119345  0.146661 -0.143419 -0.010994 -0.051154  0.310808  0.100478 -0.114272 -0.359051 -0.230032  0.032469 -0.112687 -0.006600 -0.377143 -0.170016  0.131257 -0.215383 -0.105091  0.118126 -0.059697 -0.072927 -0.007673  0.033423 -0.172199  0.000075  0.209162 -0.296478 -0.229904 -0.226765  0.050210  0.130927 -0.022223  0.201480
-0.171499  0.191662 -0.101877 -0.024856  0.322893 -0.003355 -0.038077 -0.278696  0.290985 -0.213807  0.394522 -0.285576 -0.199689  0.041191  0.058284 -0.312574 -0.075486  0.031498  0.024399 -0.092614 -0.213833 -0.062585 -0.064762  0.129087 -0.174478 -0.176956  0.027818 -0.056823 -0.102965 -0.026019 -0.033796 -0.084653 -0.016196  0.239240
-0.171499 -0.199421  0.048439  0.142736 -0.161318 -0.187594 -0.023123 -0.209511  0.146888  0.152639  0.106006  0.272574  0.116043 -0.125790  0.065201  0.013084  0.034170  0.113258  0.237176  0.131262 -0.152267 -0.106643  0.134224 -0.343522 -0.345161 -0.095710  0.236057 -0.136655 -0.353946  0.081258 -0.089334  0.084774 -0.058525 -0.164649
 0.171499  0.150539  0.376491  0.081093  0.289724 -0.135492 -0.071917 -0.160362  0.047305  0.006093 -0.068625 -0.141452  0.192217 -0.477641 -0.044405  0.215459  0.155896 -0.036669 -0.224140  0.054694 -0.275724 -0.019846 -0.050335  0.138754 -0.113055  0.172743 -0.003226  0.183750  0.037768 -0.030371 -0.086889  0.012440 -0.196820 -0.153860
 0.171499 -0.061748 -0.100620 -0.185819 -0.055431 -0.291015 -0.118240  0.033433 -0.112227  0.167326 -0.021747  0.014533  0.094170  0.029481 -0.063947 -0.051437 -0.081471 -0.267762  0.157457 -0.279721 -0.069911 -0.000815  0.139449  0.318949  0.024433 -0.310091  0.069671 -0.182210  0.130129  0.179538 -0.397032 -0.001675 -0.334962 -0.016325
-0.171499 -0.088815 -0.260835  0.057527  0.181090  0.146310 -0.020049 -0.289830 -0.126210  0.097067 -0.180409  0.001409 -0.039486  0.193318 -0.042567  0.178795 -0.087852 -0.054943 -0.134414  0.141792 -0.183458  0.079543 -0.278494  0.188569 -0.118947 -0.006334  0.146859 -0.177248  0.173038 -0.051017 -0.200834  0.366125  0.283357 -0.256400
-0.171499  0.100451  0.155631 -0.302747  0.183846 -0.199486  0.076275  0.154303 -0.282320  0.006936  0.103320  0.114728 -0.013754 -0.030960 -0.173648 -0.198254 -0.113057  0.165183  0.240589  0.071932 -0.010171 -0.264152 -0.394112 -0.095710  0.068053  0.149967  0.237330  0.136250  0.149512  0.170910 -0.102834 -0.177688  0.116422 -0.142963
-0.171499 -0.214208 -0.211621 -0.056592  0.391878  0.055238  0.164669  0.143169 -0.084210 -0.238633  0.097072  0.182601  0.389719  0.112790 -0.078351  0.148752  0.359574  0.175559 -0.006995 -0.112732 -0.183912  0.007668  0.243691  0.081358  0.066182 -0.174001 -0.006078  0.075045  0.036092  0.151564  0.182992 -0.035781 -0.003829 -0.025956
 0.171499  0.062449 -0.067958 -0.031751 -0.146443 -0.134037  0.021406  0.038678  0.115266 -0.069601  0.262951 -0.141053 -0.045343 -0.062821 -0.224031  0.184223  0.251336 -0.161474  0.347737  0.338692  0.092471 -0.076099 -0.015798  0.176795 -0.095182 -0.038516 -0.307484  0.102376 -0.000075  0.283809 -0.011260  0.236674  0.315264  0.004530
 0.171499  0.015537  0.051438 -0.006409 -0.092832  0.250409  0.121409  0.078773 -0.059004 -0.190445  0.068128 -0.294063 -0.074578  0.046821  0.069116  0.261112 -0.177886 -0.131214  0.174759  0.066530 -0.108180 -0.012028  0.183282 -0.147119 -0.045555 -0.336379  0.443468  0.343897  0.115411 -0.134190 -0.034204 -0.104360  0.043407 -0.193594
-0.171499 -0.073158  0.034005 -0.291563 -0.141457  0.221487  0.267607 -0.330182 -0.089759  0.030985 -0.134367 -0.036065  0.034289 -0.074437  0.128668  0.038110 -0.017998 -0.210239  0.257156 -0.219043 -0.080141  0.000822  0.117266  0.298025 -0.042873  0.306614 -0.119524  0.060586 -0.270551  0.019714  0.047081 -0.290100  0.143832 -0.119129
 0.171499  0.050490  0.069340  0.164008  0.245175 -0.041043  0.310173 -0.165257  0.119971  0.125676 -0.029178  0.112746  0.020373  0.210625 -0.014017 -0.165239  0.037762 -0.005165  0.099109  0.183251  0.087494  0.345879  0.266024 -0.060330  0.158359  0.268343  0.191668  0.174371  0.046092  0.120146 -0.385542 -0.014320  0.076468  0.230121
 0.171499  0.030298  0.016796  0.317517  0.005568  0.170810 -0.275979  0.126769 -0.174767 -0.165315  0.137392 -0.018760 -0.311383  0.205033 -0.127182  0.102741  0.157083  0.214860  0.056930 -0.037717 -0.043258  0.031804  0.039180  0.201814  0.011246  0.263697  0.117337 -0.210931 -0.260205  0.175080 -0.118056 -0.237829 -0.124496 -0.267148
-0.171499 -0.274703 -0.060714  0.059625  0.101285 -0.153739 -0.127864  0.206623 -0.045710  0.156538 -0.340924 -0.685101  0.156467  0.078817 -0.048790 -0.067052 -0.009982  0.127786  0.087667  0.095795  0.017556 -0.020759  0.106566 -0.080725 -0.189253  0.121863 -0.018198 -0.029592 -0.057291  0.075072 -0.039493 -0.115958  0.057657  0.119024
 0.171499  0.029554 -0.324740 -0.105116  0.262708  0.116285 -0.198297  0.033564 -0.093768  0.195591 -0.112614  0.115492 -0.189483 -0.286154 -0.141662 -0.236639 -0.203543 -0.129996  0.158735  0.299008 -0.244475  0.170817  0.215652 -0.079429  0.074667  0.009190 -0.046697 -0.005785 -0.034083  0.045381  0.346878 -0.045175 -0.067936 -0.102629
 0.171499 -0.307442  0.146343 -0.016505 -0.012593 -0.014258 -0.174106 -0.444649 -0.172365  0.054354  0.196785 -0.089566  0.003598 -0.003646 -0.043702 -0.012128  0.296352 -0.098196  0.060821 -0.011796  0.107092  0.067711 -0.037636 -0.187882  0.039740 -0.004409  0.106695 -0.265800  0.410933 -0.043962  0.221204 -0.264381  0.092585  0.092690
-0.171499 -0.070171 -0.032359  0.211761  0.142484  0.073289  0.017905 -0.189006  0.096871  0.002102 -0.106124  0.102812  0.061482 -0.016879 -0.250017  0.267840 -0.234551 -0.146717 -0.066960  0.338317  0.273837 -0.325204 -0.056063  0.106799  0.201171 -0.209756 -0.052668 -0.031968 -0.114439  0.042886 -0.063801 -0.387015 -0.145810  0.139425
 0.171499 -0.149845  0.012355  0.253996  0.103579  0.417822  0.087355 -0.017523 -0.175749 -0.003582 -0.181251  0.086203 -0.113650 -0.157188  0.227989 -0.238608  0.094854  0.046677  0.149845 -0.085153  0.036614 -0.441915 -0.028530 -0.004775 -0.215944 -0.052440 -0.133113  0.103619  0.182107  0.201290 -0.128589  0.162455 -0.093405  0.176036
 0.171499
