14 22
-0.030099  0.000009 -0.161730 -0.000031 -0.000157 -0.000054  0.707054  0.000028  0.000012  0.000195 -0.042833  0.000062 -0.000221  0.000031 -0.028099  0.267942  0.012707  0.530674  0.180734 -0.168102  0.216018  0.096080
-0.000031 -0.000001  0.000003  0.235216 -0.000017  0.000000 -0.000009  0.000013 -0.000022 -0.000015 -0.000014 -0.707192 -0.000004 -0.000004  0.044923 -0.235195 -0.351036  0.032799  0.166414 -0.415966 -0.245221  0.045403
-0.000353  0.942049  0.000005 -0.000022  0.000005 -0.000011  0.000034 -0.000007  0.000026  0.000003 -0.000007  0.000003  0.000003  0.000004  0.046840  0.157281 -0.039986 -0.093442  0.055261 -0.086770  0.040636 -0.251093
-0.007754 -0.027430 -0.000096 -0.014871  0.183502  0.000122  0.000089 -0.000433 -0.000525  0.000095  0.000020  0.000149 -0.707322  0.000092  0.224196 -0.295968  0.000456  0.029552 -0.241451 -0.194624  0.448188 -0.170891
-0.007759 -0.027435 -0.000290 -0.014885  0.183481  0.000151  0.000257 -0.000431 -0.000316 -0.000184  0.000019  0.000156  0.706891  0.000092  0.224223 -0.295972  0.000184  0.029724 -0.241743 -0.194787  0.448636 -0.170850
 0.000325  0.000052  0.199865 -0.000013 -0.000162  0.000025 -0.000020  0.000014 -0.706799 -0.000146 -0.034683 -0.000002  0.000237 -0.000009 -0.328496 -0.297968  0.272971  0.186120  0.221976 -0.000565 -0.047700 -0.319199
-0.005341  0.000028  0.000023  0.000023 -0.000003  0.707103  0.000001 -0.000043  0.000008 -0.000002  0.229961  0.000004 -0.000013 -0.000002  0.250433 -0.112418 -0.291154  0.253757  0.098132  0.410237 -0.062245 -0.201937
-0.706315  0.000004 -0.000000 -0.000000  0.000004  0.000002 -0.000001 -0.000006  0.000005  0.000001  0.000000  0.000001  0.000004 -0.236211 -0.075174 -0.091407 -0.118000 -0.271343  0.440104  0.119179  0.332556  0.158988
-0.001074  0.234088  0.000006 -0.000020 -0.000067  0.000014 -0.000028  0.707148 -0.000055  0.000016  0.000010  0.000011 -0.000009  0.000011 -0.011593 -0.354408  0.123244  0.186825 -0.112345  0.141373 -0.039929  0.484880
 0.000004 -0.000228 -0.000037 -0.011886 -0.929671  0.000056 -0.000034 -0.000270  0.000016  0.000003  0.000039  0.000090 -0.000155  0.000012 -0.108047 -0.106027 -0.149903  0.027607 -0.191479 -0.041042  0.215876 -0.066863
-0.706326 -0.000000  0.000000 -0.000000  0.000001  0.000002  0.000002  0.000000  0.000001 -0.000002  0.000012  0.000005  0.000004  0.236202  0.055828  0.074788  0.114675  0.220597 -0.455950 -0.104265 -0.359106 -0.164530
 0.007708  0.026625  0.000160 -0.015099  0.184983 -0.000029  0.000170  0.000123  0.000339 -0.706724  0.000042  0.000074 -0.000275 -0.000058 -0.494572  0.027228 -0.377302  0.040381 -0.241507  0.089998  0.097816  0.001309
-0.005344 -0.000008 -0.000002  0.000002 -0.000024 -0.707111 -0.000010  0.000010  0.000023 -0.000014  0.229961 -0.000030  0.000016 -0.000002  0.250519 -0.112601 -0.291083  0.253694  0.098040  0.410188 -0.062093 -0.202074
 0.000324 -0.000011  0.199615 -0.000020 -0.000021  0.000039  0.000083  0.000069  0.707414  0.000154 -0.034652 -0.000021  0.000028 -0.000007 -0.327699 -0.298183  0.272961  0.185874  0.221589 -0.000829 -0.047245 -0.319104
 0.000011  0.000011 -0.000001  0.942485 -0.000004 -0.000004  0.000009 -0.000004  0.000005 -0.000003 -0.000003  0.000002  0.000001  0.000003 -0.032558  0.107604  0.161306 -0.013735 -0.100880  0.203843  0.142527 -0.028866
-0.001058  0.234149 -0.000007 -0.000017  0.000124 -0.000039 -0.000021 -0.707065  0.000001  0.000002 -0.000006 -0.000043 -0.000006  0.000012 -0.012047 -0.354048  0.123256  0.186860 -0.112044  0.141658 -0.040517  0.485146
 0.010593  0.000029 -0.931624  0.000010  0.000021  0.000050 -0.000034  0.000019 -0.000079  0.000009  0.000008 -0.000013 -0.000043 -0.000014 -0.131214 -0.220663  0.112484 -0.104427  0.032412  0.058178 -0.095537 -0.170106
-0.000096  0.000003  0.000003 -0.000002  0.000004 -0.000000  0.000011  0.000001 -0.000003 -0.000002  0.942425 -0.000001 -0.000003  0.000000 -0.148878  0.057336  0.163348 -0.061922 -0.015080 -0.215528  0.046455  0.083837
-0.000017  0.000013  0.000024  0.235280 -0.000003 -0.000033  0.000007 -0.000040 -0.000004  0.000032  0.000003  0.707021 -0.000011 -0.000005  0.044922 -0.235203 -0.351046  0.032702  0.166591 -0.415934 -0.245563  0.045481
-0.007705 -0.026583 -0.000216  0.015086 -0.184810  0.000041  0.000017 -0.000109 -0.000039 -0.707489 -0.000063 -0.000027 -0.000004  0.000057  0.493991 -0.027104  0.376902 -0.040189  0.241331 -0.089940 -0.097709 -0.001247
 0.030098 -0.000030  0.161644  0.000030 -0.000018  0.000043  0.707159 -0.000021 -0.000115 -0.000008  0.042818 -0.000078  0.000052 -0.000031  0.028113 -0.267789 -0.012648 -0.530618 -0.180570  0.168173 -0.216224 -0.095923
 0.000000 -0.000000 -0.000000 -0.000000 -0.000000 -0.000000 -0.000000 -0.000000 -0.000000 -0.000000 -0.000000 -0.000000 -0.000000 -0.942557  0.032936  0.041608  0.058356  0.123318 -0.224570 -0.056051 -0.173235 -0.081083
 0.942557
