1 38
 0.162221 -0.154965  0.016547  0.303337 -0.041375 -0.021375  0.061908 -0.007906 -0.071785 -0.016341  0.003527 -0.315056  0.051859 -0.042201 -0.276635 -0.208954 -0.247395 -0.054524 -0.000173  0.104619 -0.050772 -0.027739 -0.002084  0.013243 -0.121565  0.171488 -0.181619  0.132676  0.061424 -0.292600  0.053325  0.041300  0.055968  0.042992 -0.156573  0.442431  0.280594  0.225018
 0.162221 -0.070362 -0.153187  0.301158  0.000140 -0.193961  0.157431 -0.286049 -0.237764  0.166352 -0.101740 -0.001576  0.091810  0.203380  0.137494  0.169099  0.058484  0.238625 -0.109483  0.050539  0.033370  0.135348  0.166585  0.374130  0.139448 -0.116267 -0.063695  0.091897 -0.024798  0.104325  0.281901  0.079350  0.230274 -0.001586  0.211837 -0.088159  0.086064  0.024910
 0.162221 -0.106177 -0.020667 -0.220111  0.232275  0.124146  0.254873  0.138361  0.103542 -0.163683  0.256244  0.077803  0.056959 -0.140248 -0.157712 -0.000299 -0.085954  0.265471 -0.078486  0.196102 -0.098320  0.249661  0.417995 -0.146331  0.075978  0.128660 -0.205686 -0.042993 -0.058712  0.252435  0.060774  0.036174  0.080437  0.145854 -0.017577  0.084862 -0.012804 -0.195888
 0.162221  0.160564  0.097272 -0.341310 -0.174121 -0.303816 -0.169517  0.037157  0.039393  0.169536 -0.053554 -0.194741 -0.161639  0.223827  0.089607 -0.014692  0.039924 -0.028171  0.095918 -0.124566  0.002433  0.109688  0.100539 -0.372779  0.069508 -0.183372 -0.091343  0.172501  0.210738  0.181443  0.101687  0.155122  0.069626  0.239319  0.100030  0.161553  0.131582  0.146989
 0.162221 -0.061703  0.161366 -0.129244 -0.000480 -0.346656 -0.169718 -0.035313  0.153375 -0.075272 -0.015409  0.462894 -0.202136 -0.019897 -0.262898 -0.173169 -0.048907  0.038821 -0.148792  0.115213  0.237600 -0.064583 -0.008497  0.221967  0.064950  0.169079  0.090869 -0.083600  0.142944 -0.006490  0.022065 -0.295380  0.022604  0.064588  0.099522 -0.066841  0.224516  0.133613
 0.162221  0.133058  0.078625 -0.105089 -0.055215 -0.183097 -0.031532  0.183495 -0.079032  0.001439 -0.277496 -0.055374  0.498474  0.046215 -0.070886 -0.140919  0.050301 -0.166969 -0.032376  0.138579 -0.419402 -0.044772 -0.060608  0.000785  0.159689  0.310916  0.043413  0.065989  0.140293  0.040473  0.024428 -0.058792  0.057129 -0.189860  0.142669 -0.107977 -0.049810 -0.214190
 0.162221  0.283388  0.033826  0.030677  0.296746 -0.021516  0.154720  0.068780  0.310228  0.245678  0.073858  0.139571  0.073484  0.133278  0.138333 -0.099912  0.002248  0.168037  0.276484  0.170588  0.193168 -0.221099 -0.216429 -0.034382 -0.347343  0.060968 -0.067798  0.055279 -0.041601 -0.056746  0.087458  0.093925  0.210003 -0.130794  0.150485  0.140538 -0.092795 -0.081378
-0.162221  0.093761 -0.088244  0.142929 -0.246183  0.001380  0.080167 -0.183032  0.067405 -0.264796 -0.062138  0.108486  0.173813 -0.051581  0.143050 -0.019868 -0.146266  0.282033  0.218163 -0.161606 -0.053948 -0.353968  0.087571 -0.204983  0.004472  0.096903 -0.021624  0.007319  0.234798  0.100043  0.247681 -0.274294  0.137373  0.208645 -0.242099 -0.074151 -0.027155  0.026046
-0.162221  0.006821 -0.175807  0.159571 -0.075263 -0.003718 -0.136078  0.249251  0.053702 -0.295848 -0.138185 -0.005567 -0.012626  0.064666 -0.101826  0.296611 -0.032598  0.148551 -0.126913  0.249298  0.106220  0.174001 -0.411312 -0.166556  0.026400 -0.144723 -0.269935 -0.126832  0.179685 -0.053084  0.121272 -0.052574 -0.031483  0.044467  0.269760  0.094633  0.046122 -0.169904
 0.162221 -0.159856  0.175773 -0.063200 -0.093491 -0.020468  0.102623 -0.064077 -0.013513  0.034540  0.208209 -0.020509  0.251866 -0.014496  0.051168  0.000696  0.138849  0.041982 -0.501537  0.127540  0.178543 -0.024462 -0.233221 -0.182484 -0.062835 -0.171658  0.002593  0.178611  0.099133  0.126795  0.116946 -0.126336 -0.012078 -0.195053 -0.268529  0.021960 -0.297218  0.221428
-0.162221 -0.032090  0.325467  0.290274 -0.024160  0.020966  0.027500 -0.010899  0.228846 -0.121753 -0.015201 -0.200886 -0.006676  0.375944 -0.097105 -0.069515  0.043257 -0.186744 -0.051637 -0.019264  0.106370 -0.097454  0.285648 -0.135669 -0.034300 -0.097237 -0.061189  0.021477 -0.270162  0.243478 -0.018551 -0.333825 -0.015547 -0.184701  0.195501  0.004988  0.093692 -0.127608
 0.162221  0.350102  0.229963  0.049761 -0.050369  0.087095 -0.013817  0.027345  0.038529 -0.155770 -0.121615 -0.004003  0.179559 -0.207974  0.101253  0.241069 -0.157733  0.093323  0.078235 -0.096865 -0.008090  0.412748  0.047188  0.162306 -0.329233  0.012550  0.158356  0.136481 -0.039632  0.108315 -0.022761 -0.191993 -0.252248  0.017316  0.106871  0.057199  0.043983  0.262094
 0.162221 -0.199255  0.032779  0.118163 -0.247853  0.099031  0.131850 -0.176459  0.097084 -0.046302 -0.254027  0.367334  0.072127  0.208642  0.084976 -0.075891  0.158174  0.063088 -0.020407  0.063281 -0.022368  0.225764  0.089256 -0.300942 -0.165126  0.009719 -0.019964  0.143641 -0.022758 -0.315588 -0.371948  0.136487 -0.003183  0.118826 -0.008272 -0.113199  0.045835 -0.091768
 0.162221  0.022044 -0.006890  0.045987  0.266180  0.199190 -0.192281 -0.049150 -0.151344 -0.214882 -0.153603  0.215250 -0.243051  0.013169  0.033606  0.031195 -0.092164 -0.055271 -0.137224 -0.152312 -0.055527 -0.039505  0.065192 -0.260344  0.116249  0.036293  0.315067  0.279950 -0.088954 -0.154985  0.388529  0.039325  0.047864 -0.193750  0.076034  0.217382 -0.085653 -0.115784
 0.162221 -0.130716 -0.290083  0.024605 -0.048838 -0.078389 -0.310334  0.082453  0.169898  0.060050  0.040937  0.002412  0.125216  0.189083  0.032157 -0.073658 -0.082660  0.186565  0.158819 -0.289250  0.195401  0.146905  0.162182  0.049760  0.160974  0.160852 -0.252832 -0.025814  0.014201 -0.088781 -0.011298 -0.063556 -0.321360 -0.330673 -0.070291  0.060280 -0.279223  0.036195
 0.162221  0.027950  0.263296  0.254016  0.015155  0.058493 -0.054098  0.143537 -0.179022  0.101836  0.344639 -0.106566 -0.159979  0.063187  0.300252  0.027532 -0.079733  0.048051 -0.005479  0.059897  0.051415 -0.017051 -0.150525 -0.068536  0.255598  0.360918 -0.059543  0.172519 -0.011867 -0.106861 -0.076339 -0.143986 -0.131061  0.343661  0.116826 -0.212465 -0.087840 -0.086301
-0.162221 -0.011679 -0.080953  0.109073  0.105178  0.105436  0.155439  0.115756  0.098458  0.038950 -0.026324 -0.088170 -0.222869  0.076735  0.009356 -0.155084  0.377534  0.223292 -0.007941 -0.104824 -0.116908  0.160905 -0.050589  0.177851  0.080607  0.063818  0.233354  0.227313  0.440864  0.129600 -0.226591 -0.213703  0.049298 -0.048919 -0.035974  0.287190 -0.024049 -0.068937
-0.162221  0.183916  0.132458 -0.040589 -0.038353  0.223003  0.183540  0.155326  0.107948  0.294715 -0.125390  0.120650  0.284539 -0.137740 -0.043705 -0.123115  0.089570  0.156151 -0.177204 -0.173314  0.148564 -0.094710  0.064699 -0.018302  0.413394 -0.164720 -0.020388 -0.049471 -0.108613 -0.262556  0.120289 -0.008589 -0.182109  0.147549  0.154473  0.167036  0.166447  0.076723
 0.162221  0.134221  0.063380  0.151732  0.122538 -0.207714  0.085670  0.066633  0.099484  0.163566 -0.302062 -0.016204 -0.240268 -0.039845  0.118712  0.050788 -0.002002  0.055512 -0.193358 -0.175440 -0.230805  0.159477 -0.127903 -0.112800  0.060659  0.040941 -0.129347 -0.410953 -0.259793 -0.013421 -0.029480 -0.217318  0.182666  0.033603 -0.345225  0.075581 -0.096856  0.000142
 0.162221  0.215868 -0.112645 -0.134615 -0.106204  0.385244 -0.198237  0.278013 -0.243401  0.092206 -0.180912  0.054062 -0.031813  0.223634  0.018537  0.007458 -0.160067 -0.044311 -0.095879  0.189781  0.154115 -0.143066  0.186594  0.221458 -0.054853 -0.182393 -0.134263  0.094399  0.037482  0.021021 -0.163638 -0.220033  0.214101  0.075012 -0.256114  0.006168 -0.010792 -0.082650
 0.162221 -0.330142  0.066813 -0.163423 -0.121788  0.156203 -0.056798 -0.051421  0.105037  0.217663  0.006619 -0.156516  0.113301 -0.076348 -0.229814  0.194581  0.151160 -0.098584  0.260031 -0.168091  0.132940  0.179383 -0.127717  0.051608 -0.090085  0.005112  0.144993 -0.009334 -0.045925 -0.149401  0.269368 -0.307795  0.222602  0.190724 -0.014820 -0.019069 -0.040499 -0.299549
-0.162221 -0.055447 -0.136808  0.094102  0.076877 -0.149483  0.145210  0.288223 -0.048199  0.057732 -0.159207  0.012424 -0.060959 -0.146936  0.076853 -0.448522 -0.110608 -0.096551  0.099488  0.040735  0.179440  0.299837 -0.068122 -0.057256 -0.071913 -0.135795 -0.014346  0.287371 -0.076839  0.079869  0.266560 -0.039786 -0.089944 -0.005745 -0.195936 -0.350618  0.117903 -0.096338
 0.162221  0.191190 -0.285044  0.061299 -0.034396  0.034270  0.178250 -0.311819  0.078592 -0.002513 -0.076818  0.027086 -0.006578  0.089178 -0.061905 -0.057140  0.030563 -0.336556  0.161854  0.363188  0.123982  0.063023 -0.081923 -0.024128  0.258982  0.008752  0.154449 -0.073723 -0.068691  0.184120  0.044705 -0.090493 -0.324253  0.224458 -0.091801  0.227276 -0.180813 -0.019161
-0.162221 -0.022306  0.266122  0.015257 -0.148839  0.025232 -0.301019 -0.004900  0.018741 -0.008878  0.050535  0.212249 -0.083350 -0.012612 -0.020523 -0.053889  0.323163  0.137087  0.247371  0.282413 -0.348710  0.034054 -0.042046  0.187937  0.051784 -0.089079 -0.245277  0.182526 -0.275316  0.010690  0.224743  0.037724 -0.072197  0.015513 -0.182322  0.142096 -0.094824  0.080014
-0.162221  0.012938 -0.223957  0.106085  0.070199 -0.389457 -0.173742  0.146536  0.020662 -0.009286  0.127057  0.080883  0.239089  0.031464 -0.139380  0.034521 -0.078089  0.037351 -0.168667 -0.129854 -0.040078 -0.067752  0.024163  0.042794 -0.119487 -0.100765  0.212057  0.261595 -0.307439 -0.002914 -0.204722 -0.012647  0.075556  0.396475  0.009955  0.197821 -0.224892 -0.115401
 0.162221  0.024188 -0.011550  0.042758 -0.223518  0.131996  0.227210  0.244282 -0.263815 -0.236048  0.045579  0.187692 -0.010660  0.156084 -0.213249 -0.141497  0.179187 -0.070067  0.100616 -0.380320  0.116131 -0.007971 -0.257074  0.055304 -0.006742  0.155643 -0.082834 -0.078350 -0.198449  0.300816  0.027586  0.186533  0.129867  0.051273  0.089928  0.063725 -0.058833  0.166071
-0.162221 -0.021686  0.169136 -0.183147  0.352354  0.058862 -0.024508 -0.155305  0.143157 -0.222480 -0.324365 -0.209416  0.096007  0.171273 -0.134415  0.099749 -0.059287  0.115724  0.074075  0.016787  0.221796  0.063467 -0.156313  0.074813  0.273868  0.167806 -0.051062  0.221412 -0.101052 -0.009844 -0.131771  0.145868  0.184929  0.109292 -0.169355 -0.170497 -0.091505  0.226186
-0.162221 -0.153110 -0.190845  0.172378  0.098455  0.200897 -0.340965 -0.016549 -0.052250  0.328715 -0.063771  0.136984  0.152255 -0.195783  0.070931  0.011861  0.077384 -0.076015  0.017798  0.120280  0.064240  0.093504  0.015485 -0.293402 -0.000604  0.258360  0.023013 -0.047515 -0.057830  0.334081 -0.089450 -0.079162  0.229176 -0.009521  0.128728  0.042225  0.135889  0.321380
-0.162221  0.181956  0.209550  0.095911  0.026125 -0.117015 -0.171266 -0.058987 -0.200131 -0.052924 -0.094281 -0.042754  0.093727 -0.075464  0.060835 -0.017866  0.315917 -0.059128 -0.127957 -0.001755  0.404998  0.075749  0.217751  0.028495 -0.189847  0.288301 -0.037309 -0.190085  0.143430 -0.004488  0.120475  0.253604 -0.053030  0.094679 -0.213712  0.151393 -0.031376 -0.305100
-0.162221 -0.115033 -0.039389 -0.095513  0.141184 -0.019171  0.125219  0.181438 -0.052245 -0.136499 -0.030273  0.002119  0.010278  0.152978  0.186817 -0.098521  0.121734 -0.250339  0.014502  0.084817 -0.053504  0.088451  0.239826  0.049978 -0.140605  0.019900 -0.044966 -0.188613  0.118859 -0.320402  0.193628 -0.169230  0.105963  0.191398  0.221447  0.007803 -0.372142  0.398443
 0.162221 -0.059008 -0.109537 -0.109684  0.369755 -0.038891  0.001032 -0.141824 -0.343460 -0.007101 -0.189197 -0.090976 -0.000333 -0.074361 -0.136259 -0.031276  0.315016  0.161713  0.037602 -0.081046 -0.038288 -0.266140 -0.032386 -0.130045 -0.220276 -0.077897 -0.264276  0.064797 -0.055060  0.023533 -0.072370 -0.270029 -0.355143  0.121842  0.113569 -0.081017  0.078552  0.008185
 0.162221 -0.093457 -0.031047  0.028493  0.081911  0.186118 -0.272959  0.055188  0.102812 -0.105457  0.036062 -0.200883  0.132439  0.294960  0.079508 -0.320340  0.039869  0.295821 -0.096006  0.077356 -0.116119  0.010342 -0.091157  0.035712 -0.111332 -0.086949  0.386893 -0.347629 -0.058148  0.061319  0.142849  0.140885 -0.126363  0.197065 -0.055941 -0.118314  0.165457  0.052746
-0.162221  0.100350  0.075348  0.071814 -0.174033  0.072555  0.055856 -0.032070 -0.090040  0.348055 -0.155470 -0.054042 -0.230347  0.081111 -0.500294 -0.013027 -0.192490  0.256102 -0.077782  0.089114 -0.067002 -0.001097  0.080886 -0.110775 -0.169134  0.138749  0.112730 -0.022811  0.071435  0.039944  0.103093  0.100827 -0.125987  0.014153  0.105278 -0.182337 -0.393288  0.055169
-0.162221 -0.370714  0.122078 -0.226476 -0.029304  0.090845  0.068105 -0.102903  0.034427  0.115181 -0.249318  0.092203 -0.024637  0.085161  0.315129 -0.080697 -0.342477 -0.045395 -0.160676 -0.092330 -0.066047 -0.068541 -0.164381  0.204249 -0.158275  0.147076 -0.147158  0.024606  0.000274  0.252264  0.054990  0.037963 -0.195064  0.138839  0.114959  0.277875 -0.043293 -0.169600
 0.162221  0.110813 -0.165359  0.176071  0.034560  0.193362 -0.114878 -0.020715  0.487658  0.000054 -0.028717 -0.024307 -0.079227 -0.124963 -0.079864  0.033598  0.163138 -0.273757 -0.298647 -0.178049 -0.142047 -0.116034  0.043179  0.159455 -0.103699  0.060010 -0.256189  0.183050  0.140179  0.071486  0.151018  0.179462 -0.030871  0.212523  0.020054 -0.240411 -0.020664  0.028833
 0.162221 -0.335290  0.167131  0.231351  0.121049 -0.108527  0.099058  0.427197  0.060112  0.070688 -0.209254  0.110750  0.023923 -0.006285 -0.010084  0.378023  0.023684 -0.053617  0.211006  0.074011  0.035412 -0.256251  0.144080 -0.004968  0.060357 -0.108381  0.178467 -0.028029  0.160081  0.142144  0.007673  0.185145 -0.202136  0.046943 -0.177895  0.006577 -0.006606  0.093059
-0.162221  0.099953  0.106719  0.079409  0.333867  0.058599 -0.006721 -0.112231 -0.127113  0.160441  0.254968  0.314896  0.196808  0.390358 -0.190180  0.101174 -0.146287 -0.195263  0.040800 -0.192890 -0.184955  0.210855 -0.105696 -0.041763 -0.028607 -0.092429 -0.109825 -0.063438  0.266978 -0.001806  0.071412 -0.031644 -0.093192  0.052719 -0.216795 -0.044677  0.146132 -0.015667
-0.162221  0.054825 -0.270115 -0.238348 -0.125440 -0.048196  0.183721  0.148054  0.059243  0.068911  0.062633 -0.021918 -0.069718  0.288446  0.050754  0.332482  0.153525  0.028324 -0.150701  0.077151 -0.027706 -0.053636  0.015695 -0.029424 -0.128452  0.408818  0.107636  0.126512 -0.226984 -0.101519  0.179419 -0.072534 -0.159295 -0.080560 -0.179120 -0.032700  0.332519  0.097207
 0.162221
