4 8
 0.707107  0.000000 -0.000000  0.000000 -0.061771  0.368632  0.595127 -0.078218
 0.000000 -0.707107  0.000000  0.000000 -0.319570  0.051580  0.017474  0.628418
 0.000000 -0.000000 -0.000000 -0.707107  0.241361 -0.527938  0.372532  0.155713
-0.000000  0.000000 -0.707107 -0.000000 -0.579486 -0.287631  0.082087 -0.273360
-0.707107  0.000000 -0.000000  0.000000 -0.061771  0.368632  0.595127 -0.078218
-0.000000 -0.000000 -0.707107  0.000000  0.579486  0.287631 -0.082087  0.273360
-0.000000  0.000000 -0.000000  0.707107  0.241361 -0.527938  0.372532  0.155713
-0.000000 -0.707107  0.000000  0.000000  0.319570 -0.051580 -0.017474 -0.628418
 0.707107
