3 8
-0.151453  0.522435 -0.000000  0.037541  0.667028 -0.052491 -0.008710 -0.504933
 0.000000 -0.000000  0.673887 -0.101632 -0.420864 -0.109325  0.194593 -0.555520
-0.673887 -0.000000  0.000000 -0.108698 -0.026232  0.554774  0.465639  0.093690
 0.151453 -0.000000 -0.522435 -0.004546 -0.347478  0.468615 -0.249265 -0.549208
 0.151453  0.522435  0.000000 -0.787415 -0.156799  0.049897 -0.078300  0.225601
-0.151453  0.000000 -0.522435 -0.126549 -0.195393 -0.609634  0.500270 -0.167355
-0.673887 -0.000000 -0.000000 -0.049288 -0.193099 -0.289432 -0.649733 -0.015326
 0.000000  0.673887 -0.000000  0.581343 -0.395558  0.002011  0.067455  0.216553
 0.673887
