3 14
 0.487832  0.000000  0.000000 -0.191414  0.130342 -0.460945  0.245964 -0.438226  0.197367 -0.070885  0.082374  0.133160  0.379017  0.176726
-0.000000 -0.487832  0.000000  0.392866  0.564398  0.279942  0.045591 -0.269000  0.049272  0.127890  0.042624 -0.004198  0.139325 -0.310315
-0.000000  0.109638  0.378194  0.024844 -0.292034  0.553616  0.345251 -0.349108 -0.020594  0.146943  0.283555  0.209253 -0.054737  0.249561
 0.378194 -0.109638 -0.000000 -0.288393 -0.182096  0.180993  0.085402  0.044674  0.521810  0.309446 -0.157308 -0.358174 -0.262270 -0.310982
 0.000000  0.109638 -0.378194  0.081599  0.279990  0.142419  0.058306 -0.050776  0.403912 -0.224918 -0.189862  0.365919 -0.479596  0.346332
-0.000000 -0.000000  0.487832 -0.009926  0.196262 -0.063490 -0.483750 -0.280475  0.110939 -0.264938  0.088561 -0.418841 -0.263956  0.266925
-0.000000  0.000000 -0.487832 -0.216205  0.188572  0.000823  0.009727 -0.138623 -0.318229  0.393103  0.419596 -0.335243 -0.201853  0.274613
 0.000000  0.000000  0.487832 -0.162280  0.435774 -0.254469  0.271022  0.373136 -0.100068  0.369754 -0.035984  0.205054 -0.267271  0.082711
 0.487832 -0.000000 -0.000000 -0.295134  0.247887  0.491877 -0.176102  0.377043 -0.204341 -0.255619  0.008317  0.039032  0.260343  0.147935
-0.487832 -0.000000 -0.000000 -0.454966  0.151044  0.170694 -0.039099 -0.185236  0.119210  0.200410 -0.476012 -0.069858  0.370085  0.210782
-0.378194 -0.109638 -0.000000 -0.329131  0.110950  0.000714  0.225951  0.204689  0.359046 -0.370219  0.573681 -0.045954  0.085066 -0.164090
 0.000000  0.487832  0.000000 -0.193117  0.242655  0.073812  0.270592 -0.301788 -0.316522 -0.285072 -0.167053 -0.122443 -0.200549 -0.481175
 0.000000  0.487832  0.000000  0.452566  0.171914  0.055690  0.272718  0.242027  0.243818  0.069608 -0.002971 -0.449498  0.290175  0.202598
-0.000000 -0.487832  0.000000  0.029290 -0.136546 -0.034847  0.518441  0.063324 -0.233794 -0.347220 -0.285169 -0.347650 -0.129963  0.272432
 0.487832
