22 30
-0.000086 -0.000139 -0.000064  0.000042 -0.000027 -0.000039  0.000083  0.000057 -0.000007 -0.000039 -0.000006  0.707064  0.202491  0.000088  0.000104 -0.000200  0.000411  0.080501 -0.000172 -0.000019 -0.000818  0.000049 -0.131457 -0.056879 -0.162124 -0.118314 -0.115084 -0.581540  0.191488 -0.060640
-0.000004 -0.000005  0.000003 -0.000002 -0.000002 -0.000006 -0.000006  0.000004  0.992489  0.000007 -0.000021 -0.000023 -0.000007  0.000003  0.000000  0.000005  0.000005 -0.000005 -0.000000 -0.000006  0.000013 -0.000002  0.071589  0.046161  0.022816  0.034003 -0.054720 -0.026251 -0.022836 -0.042757
-0.000003  0.000005  0.000004  0.000004 -0.000029 -0.000005  0.000015  0.000005  0.000010  0.000004 -0.000002  0.000010  0.000059  0.000002 -0.000011 -0.000004  0.000012 -0.992373  0.000029 -0.000016  0.000002  0.000012 -0.021114 -0.033492 -0.010959 -0.009479 -0.025957 -0.104280  0.042111 -0.009811
-0.001330  0.001468  0.705549 -0.000001 -0.001624 -0.001064  0.000256  0.000180 -0.014647  0.000006 -0.000209 -0.000793 -0.000324 -0.000434 -0.000256  0.000046  0.000415  0.000146 -0.200303  0.000059 -0.002904  0.060226 -0.262324  0.060020  0.063886 -0.124222 -0.567026  0.162728 -0.065704 -0.118214
-0.000000 -0.000000  0.000000 -0.000000  0.000000  0.000000  0.000000  0.000000  0.000000  0.000000  0.992620 -0.000000  0.000000 -0.000000  0.000000  0.000000  0.000000 -0.000000  0.000000  0.000000 -0.000000  0.000000 -0.021600 -0.025177  0.039622 -0.033662  0.032120 -0.024336 -0.080757 -0.052499
-0.000001 -0.000050 -0.000060  0.000012 -0.000041  0.000003 -0.000016  0.000012  0.000049  0.000024 -0.000008 -0.000002  0.000030 -0.000001  0.000003  0.992136  0.000025 -0.000061  0.000029  0.000022 -0.000029 -0.000001 -0.022014 -0.025884 -0.068291  0.060427  0.008023  0.020610  0.001244 -0.075531
-0.001252 -0.000393  0.000630 -0.000100 -0.000145 -0.706913  0.000070 -0.000125  0.000145  0.000067  0.000009  0.000460 -0.000677  0.000241 -0.203699  0.058833  0.000107  0.016373  0.000678 -0.000272  0.000238 -0.000245  0.114135 -0.252841  0.506063 -0.053611 -0.110879 -0.098413  0.116751  0.288978
 0.000000 -0.000000 -0.000000 -0.203389  0.000000 -0.000000 -0.707107  0.082124 -0.000000  0.000000  0.000000 -0.000000  0.000000  0.000000  0.000000 -0.000000 -0.000000  0.000000  0.000000  0.000000 -0.000000  0.000000 -0.122796 -0.040430 -0.128770  0.320458 -0.104842 -0.142856 -0.387934  0.366071
 0.000238  0.958254 -0.000250  0.000002 -0.000250 -0.000520 -0.000101 -0.000018  0.006318 -0.000026 -0.000008 -0.000167  0.000077  0.000053 -0.000357  0.000013  0.000173  0.000133  0.000124 -0.000041 -0.000006  0.025465 -0.178723  0.120941  0.114672  0.100765  0.079979 -0.017368  0.066524 -0.008029
-0.000074  0.000008 -0.000052 -0.000001 -0.000034  0.000012 -0.000002 -0.000018 -0.000067  0.000008  0.000030 -0.000013  0.000028  0.000035 -0.000000 -0.000084  0.000043  0.000002  0.000030  0.000005 -0.000020  0.992030  0.091087 -0.046944 -0.044642 -0.014738  0.049482 -0.016088 -0.012074  0.017665
 0.000000  0.000000  0.000000 -0.957740 -0.000000 -0.000000  0.000000 -0.034880 -0.000000  0.000000 -0.000000  0.000000 -0.000000  0.000000  0.000000  0.000000  0.000000 -0.000000  0.000000  0.000000 -0.000000 -0.000000  0.052092  0.017165  0.054530 -0.136217  0.044434  0.060655  0.164745 -0.155521
 0.000000 -0.000000 -0.000000 -0.000000 -0.000000  0.000000  0.000000 -0.000000  0.000000  0.000000 -0.034880 -0.000000  0.000000 -0.000000  0.000000  0.000000  0.000000  0.000000 -0.000000  0.957740  0.000000  0.000000 -0.050624 -0.059542  0.093497 -0.079235  0.076313 -0.057513 -0.189954 -0.123193
-0.000584 -0.000025  0.000288 -0.000042 -0.000149  0.000417 -0.000083 -0.000057  0.000003  0.000039  0.000005  0.707147 -0.202449  0.000027  0.000057  0.000002  0.000087 -0.080451  0.000238  0.000019  0.000146  0.000219  0.129973  0.056808  0.162437  0.119702  0.114139  0.581881 -0.191107  0.059296
 0.000564  0.000205 -0.000034  0.000013 -0.000112  0.000132  0.000124  0.000020  0.080177 -0.000030  0.000087 -0.000082 -0.000006 -0.202608  0.000507  0.000034  0.707262 -0.000074  0.000142  0.000066  0.000118 -0.000103 -0.374056 -0.301670 -0.169244 -0.262556  0.173976  0.185733  0.087416  0.226702
-0.000000 -0.000000 -0.000000  0.000000  0.000000 -0.000000  0.000000 -0.000000  0.000000 -0.707107 -0.082124  0.000000 -0.000000 -0.000000  0.000000  0.000000  0.000000  0.000000 -0.000000 -0.203390 -0.000000 -0.000000 -0.119258 -0.140029  0.219274 -0.186777  0.179610 -0.135051 -0.447534 -0.290355
 0.706451  0.202196 -0.000196 -0.000006  0.000023  0.000094  0.000237  0.000042 -0.014953  0.000062  0.000019  0.001018 -0.000314  0.000098  0.000891 -0.000043 -0.001264 -0.000201  0.000697  0.000096 -0.000644 -0.060633  0.425312 -0.289510 -0.271138 -0.236710 -0.187916  0.040467 -0.156782  0.018806
 0.000000  0.000000 -0.000000 -0.000000  0.000000  0.000000 -0.000000  0.000000 -0.000000 -0.707107  0.082124 -0.000000  0.000000 -0.000000  0.000000  0.000000  0.000000 -0.000000  0.000000  0.203389  0.000000 -0.000000  0.119367  0.139630 -0.219202  0.187059 -0.179717  0.135139  0.447586  0.290187
-0.000005 -0.000195 -0.000185 -0.000043  0.000003  0.000739  0.000030 -0.000053  0.000006  0.000028  0.000004 -0.000006 -0.000260  0.000279  0.957415  0.025136 -0.000108  0.006958 -0.000197 -0.000116 -0.000161  0.000174  0.047352 -0.106112  0.216767 -0.022565 -0.047840 -0.042060  0.049912  0.122992
-0.000349 -0.000532  0.708657  0.000001  0.001663  0.001526 -0.000255 -0.000179  0.014504 -0.000006  0.000208  0.000567  0.000410  0.000499  0.000736  0.000057 -0.000067 -0.000136  0.199660 -0.000058  0.001787 -0.060050  0.262369 -0.059648 -0.064860  0.122602  0.564020 -0.162231  0.064762  0.117685
 0.000047 -0.000694  0.000977 -0.000006 -0.201553  0.000473 -0.000050 -0.000029  0.000510  0.000243 -0.000053 -0.000519 -0.000306  0.000329  0.000504 -0.061044  0.000152  0.015329  0.000667 -0.000096  0.707015 -0.000446 -0.056376 -0.436243 -0.020238  0.399178 -0.049393  0.059926  0.121891 -0.285333
-0.000585 -0.000896 -0.000129 -0.000006 -0.200906  0.000120 -0.000052 -0.000031  0.000628  0.000243 -0.000052 -0.001187 -0.000624  0.000200  0.000256 -0.061082  0.000449  0.015218  0.001717 -0.000096 -0.707190 -0.000824 -0.054753 -0.436278 -0.020143  0.400427 -0.045282  0.059537  0.122214 -0.284488
-0.000000 -0.000000  0.000000  0.000000  0.000000 -0.000000 -0.000000 -0.992620  0.000000 -0.000000  0.000000 -0.000000 -0.000000  0.000000  0.000000  0.000000  0.000000  0.000000  0.000000 -0.000000 -0.000000  0.000000 -0.022272 -0.007195 -0.023377  0.057745 -0.019077 -0.025747 -0.070026  0.065926
-0.707758  0.202144 -0.001872 -0.000006  0.000219  0.001514  0.000236  0.000042 -0.014876  0.000062  0.000020  0.000348 -0.000195  0.000027  0.001194 -0.000090 -0.000408 -0.000176  0.000608  0.000096 -0.000007 -0.060709  0.424490 -0.288470 -0.271636 -0.236448 -0.186480  0.039900 -0.156467  0.018763
 0.000000 -0.000000  0.000000  0.203389 -0.000000 -0.000000 -0.707107 -0.082124 -0.000000 -0.000000 -0.000000  0.000000 -0.000000 -0.000000 -0.000000 -0.000000  0.000000 -0.000000 -0.000000 -0.000000 -0.000000 -0.000000  0.122755  0.040150  0.128631 -0.320934  0.104281  0.142902  0.387857 -0.365970
-0.000030  0.000132 -0.000145  0.000003 -0.958649 -0.000095  0.000021  0.000012 -0.000221 -0.000102  0.000023  0.000230  0.000161 -0.000060 -0.000100  0.025577 -0.000066 -0.006375 -0.000091  0.000040 -0.000432 -0.000004  0.024483  0.182994  0.008050 -0.167412  0.021767 -0.025760 -0.051096  0.119879
 0.000268 -0.000020  0.000173  0.000000  0.000277 -0.000012 -0.000106 -0.000075  0.006077 -0.000002  0.000087  0.000331  0.000082  0.000145 -0.000116 -0.000090 -0.000048 -0.000077 -0.959171 -0.000025  0.000204 -0.025127  0.109849 -0.026612 -0.026943  0.052129  0.235485 -0.067312  0.027306  0.048720
 0.000169 -0.000144  0.000165 -0.000100 -0.000111  0.707296  0.000071 -0.000125  0.000124  0.000067  0.000009  0.000079 -0.000655  0.000342 -0.204595  0.058825 -0.000016  0.016392 -0.000073 -0.000272 -0.000124  0.000115  0.111992 -0.251226  0.506435 -0.053793 -0.112418 -0.098315  0.116810  0.288389
 0.000292  0.000038 -0.000314 -0.000013  0.000195 -0.000008 -0.000124 -0.000020 -0.080245  0.000030 -0.000086 -0.000413 -0.000044  0.202731 -0.000333 -0.000018  0.706950  0.000037 -0.000071 -0.000066  0.000180 -0.000149  0.375551  0.301478  0.168670  0.261874 -0.174010 -0.185595 -0.088001 -0.226402
 0.000005 -0.000042  0.000009  0.000005 -0.000015 -0.000047  0.000053  0.000009  0.033919 -0.000013  0.000036 -0.000015 -0.000007  0.958045  0.000022  0.000005 -0.000025 -0.000047 -0.000005  0.000028 -0.000110  0.000043 -0.158938 -0.127058 -0.071736 -0.111227  0.073164  0.078791  0.036890  0.095684
-0.000019  0.000054  0.000010 -0.000018 -0.000062  0.000081 -0.000035 -0.000024 -0.000013  0.000017  0.000002 -0.000015  0.958128  0.000002 -0.000034  0.000037 -0.000032 -0.033910  0.000018  0.000008 -0.000033  0.000020  0.055401  0.023091  0.069236  0.050409  0.047656  0.245918 -0.080693  0.025393
 0.992620
