13 36
 0.137263 -0.000000  0.000000  0.000000 -0.000000  0.000000 -0.000000 -0.000000  0.527959  0.000000 -0.000000 -0.000000 -0.000000  0.521190 -0.004805 -0.014480 -0.185429  0.102070 -0.096885  0.142450 -0.069606  0.119711 -0.205602  0.061672 -0.166747  0.030895 -0.333792  0.176695  0.117885 -0.184279  0.135290 -0.014748 -0.141643  0.018439  0.177085 -0.035770
-0.000000 -0.000000 -0.000000 -0.665221  0.000000 -0.000000  0.000000 -0.000000 -0.000000  0.000000  0.000000 -0.000000 -0.000000 -0.027679  0.133487  0.036481 -0.026038  0.030921  0.030953 -0.039414  0.049505 -0.208307 -0.044020 -0.189424  0.113968  0.345894  0.104418  0.108678 -0.020510 -0.195128  0.168762 -0.322389 -0.210087  0.043413 -0.161440 -0.226753
-0.000000 -0.000000 -0.000000  0.000000  0.000000  0.527959  0.000000 -0.000000 -0.000000  0.137263  0.000000 -0.000000  0.000000  0.025159 -0.343004 -0.162439  0.126083 -0.068543  0.156026 -0.254776  0.042616  0.278906 -0.222411 -0.046315  0.301124 -0.187154 -0.080762 -0.064194 -0.158238 -0.138653  0.002290 -0.030438 -0.050038 -0.045552  0.028054 -0.360242
 0.000000 -0.000000 -0.000000  0.000000  0.000000  0.665221  0.000000  0.000000  0.000000 -0.000000  0.000000 -0.000000 -0.000000  0.045440 -0.002321  0.189630  0.146365  0.077078 -0.137113  0.173608 -0.240294 -0.243616  0.226256  0.146230 -0.186058  0.055281  0.123061  0.156143  0.027037  0.208377  0.206535 -0.082659  0.018721 -0.270404  0.043708  0.085226
-0.000000 -0.000000  0.000000  0.000000  0.000000  0.000000 -0.527959 -0.000000 -0.000000  0.015507  0.000000  0.000000 -0.121756  0.135761  0.016546 -0.152806 -0.012461 -0.224387  0.247456 -0.274420  0.080880  0.162789  0.156744 -0.099155 -0.168076 -0.009905  0.229882  0.375573 -0.182952  0.003176  0.088636 -0.127227 -0.037816  0.050936  0.174700  0.308764
-0.000000 -0.000000 -0.000000  0.000000  0.665221  0.000000  0.000000  0.000000 -0.000000  0.000000 -0.000000 -0.000000  0.000000 -0.063241 -0.061134 -0.053361 -0.284253  0.207210 -0.001795  0.243881 -0.135070  0.123834  0.253236 -0.074862  0.163702 -0.274584  0.018176  0.127809 -0.077899 -0.015662 -0.196038 -0.261053 -0.142475  0.002466 -0.087606  0.025208
-0.000000  0.000000 -0.000000 -0.000000 -0.527959 -0.000000  0.000000 -0.000000  0.000000  0.137263 -0.000000 -0.000000 -0.000000 -0.184256  0.048037  0.055024 -0.228140  0.148924 -0.255456 -0.171188 -0.084613  0.087407  0.269972 -0.149546  0.138287 -0.224144 -0.145708  0.091175  0.181328 -0.197730 -0.190107 -0.329786  0.032403 -0.192438  0.152543  0.084622
-0.019531  0.000000 -0.000000  0.000000 -0.000000  0.000000 -0.000000  0.000000 -0.000000  0.026771 -0.000000  0.548395  0.070524 -0.008580 -0.129252  0.269200 -0.357315 -0.050220  0.267673 -0.029507 -0.015526 -0.026149 -0.011512  0.404234  0.036730  0.207483  0.110106 -0.029673 -0.120653 -0.287454 -0.129648  0.021215  0.163074 -0.192287  0.015987  0.033076
 0.137263  0.527959 -0.000000  0.000000 -0.000000 -0.000000  0.000000  0.000000 -0.000000  0.000000  0.000000 -0.000000 -0.000000 -0.111663 -0.154650  0.128230 -0.227160 -0.251623  0.012248 -0.018837 -0.132461  0.334736  0.284251 -0.183186  0.031909  0.254259 -0.146815 -0.055680  0.159464  0.157268  0.243994  0.212119 -0.114335 -0.044020 -0.168861 -0.041060
-0.000000 -0.000000  0.000000 -0.000000  0.000000  0.000000 -0.000000 -0.000000  0.000000  0.000000 -0.000000  0.000000  0.665221 -0.119957  0.081046 -0.059852  0.034176  0.151081  0.192836 -0.004637 -0.082523  0.132275 -0.282379 -0.094066  0.028065 -0.121247  0.134249 -0.073872  0.156072 -0.075219  0.257449  0.000971 -0.189945 -0.214140 -0.067952  0.370173
-0.000000 -0.000000 -0.000000  0.000000  0.000000 -0.000000 -0.000000  0.527959  0.000000  0.137263 -0.000000 -0.000000 -0.000000  0.203887 -0.041577  0.599946  0.185230 -0.074269 -0.072757 -0.039190  0.048609  0.022165 -0.078820 -0.153626  0.146984 -0.120469 -0.078458  0.035475 -0.168960 -0.014491 -0.090526 -0.021826 -0.058901  0.141191 -0.227484  0.252485
 0.665221  0.000000  0.000000  0.000000  0.000000  0.000000  0.000000  0.000000 -0.000000  0.000000 -0.000000 -0.000000  0.000000  0.038005  0.066528 -0.107873  0.144022  0.098896  0.042477 -0.178449  0.151872  0.088519  0.013421  0.179289 -0.198148  0.104483 -0.097487 -0.121822 -0.064812  0.173720 -0.295517 -0.229739 -0.105513 -0.235246 -0.308686  0.042461
-0.000000  0.000000 -0.000000 -0.000000 -0.000000  0.000000 -0.000000  0.000000 -0.000000  0.000000  0.000000 -0.000000 -0.665221 -0.118913  0.026271 -0.099305  0.088238  0.050192  0.148165  0.148458 -0.282868  0.066508 -0.279685 -0.093079  0.060888  0.009998  0.002298 -0.168015  0.101624 -0.237056  0.107631 -0.010652 -0.000016 -0.242803 -0.157442  0.336395
-0.033932  0.000000  0.000000  0.000000 -0.000000  0.000000 -0.000000  0.000000 -0.000000  0.000000 -0.000000 -0.631289 -0.000000 -0.080270 -0.057022  0.256093 -0.042102  0.262780  0.332172  0.103614  0.163675  0.149788 -0.032347  0.068581  0.084101  0.292729  0.004919  0.209844  0.032069 -0.037668 -0.187612  0.094410  0.172474 -0.198239  0.157594 -0.030102
-0.137263  0.527959 -0.000000  0.000000  0.000000  0.000000  0.000000  0.000000 -0.000000 -0.000000  0.000000 -0.000000 -0.000000  0.018575  0.058650 -0.055505  0.175531  0.051145  0.188465  0.180254  0.332695 -0.146573  0.092542  0.167998  0.049064 -0.096503 -0.286513 -0.262155 -0.168149 -0.041979  0.156890 -0.363549  0.061314  0.032164  0.219032  0.151776
 0.665221  0.000000 -0.000000  0.000000 -0.000000 -0.000000  0.000000 -0.000000 -0.000000  0.000000 -0.000000  0.000000 -0.000000 -0.218513 -0.038765  0.071449  0.048045 -0.019698  0.079697  0.136706 -0.046277 -0.278789  0.073353 -0.078897  0.221603 -0.141131  0.052058  0.082946 -0.076555 -0.234097  0.151541  0.237509 -0.006258  0.203650  0.350460  0.030508
-0.019531  0.000000  0.000000  0.000000 -0.000000  0.000000 -0.000000  0.000000  0.000000 -0.026771  0.000000  0.548395 -0.070524 -0.083823  0.063611  0.025603  0.308849  0.352722  0.114709  0.148784  0.203941  0.198578 -0.025724 -0.325286  0.060083  0.129495 -0.104444  0.271237  0.157570  0.244092 -0.086323  0.087466  0.035471 -0.035916  0.165428 -0.067728
 0.000000 -0.000000  0.000000 -0.000000  0.000000  0.000000 -0.527959  0.000000  0.000000 -0.015507 -0.000000 -0.000000  0.121756 -0.224966 -0.062809  0.192810  0.067462 -0.230837 -0.016599  0.324296 -0.184761 -0.010398 -0.223852 -0.152463 -0.278082  0.016422 -0.096934 -0.236116  0.048827 -0.022740 -0.287471 -0.149525 -0.085750 -0.038119  0.163703 -0.239450
-0.000000  0.000000 -0.000000 -0.000000 -0.000000 -0.000000  0.000000 -0.527959 -0.000000  0.137263 -0.000000  0.000000 -0.000000  0.196607  0.007195  0.184238 -0.124444 -0.022128 -0.072947  0.063638  0.258192 -0.154735 -0.006852 -0.431198 -0.069390 -0.138366 -0.015907 -0.082332 -0.353760 -0.043303 -0.004853  0.196133  0.038780 -0.334019 -0.127389  0.045075
 0.000000 -0.000000 -0.000000 -0.000000  0.000000 -0.000000  0.000000 -0.000000  0.665221 -0.000000 -0.000000  0.000000 -0.000000 -0.009121  0.189979  0.049221 -0.006769 -0.063258  0.221289 -0.138599 -0.150094 -0.091535  0.082034 -0.149786  0.265642 -0.018623  0.259697 -0.283065  0.009244  0.316167 -0.098965 -0.088553  0.215480 -0.013812  0.047173 -0.039664
 0.000000 -0.000000 -0.000000  0.000000  0.000000 -0.000000  0.665221  0.000000  0.000000  0.000000  0.000000  0.000000 -0.000000 -0.070798 -0.036717  0.031749  0.043652 -0.361292  0.183222  0.039584 -0.082447  0.120947 -0.053261 -0.199698 -0.354097  0.005172  0.105515  0.110681 -0.106450 -0.015527 -0.157807 -0.219646 -0.098069  0.010172  0.268576  0.055012
 0.000000 -0.000000 -0.000000 -0.527959  0.000000  0.000000  0.000000  0.000000  0.000000 -0.000000 -0.000000  0.000000  0.137263 -0.067713  0.131921 -0.132079  0.089166 -0.078077  0.002886  0.046167 -0.303937  0.172600  0.015168  0.089815 -0.047843 -0.146077 -0.358117  0.115157 -0.274539  0.069164 -0.096008  0.209013  0.447422 -0.013701 -0.033580  0.128981
 0.137263 -0.000000  0.527959  0.000000  0.000000  0.000000  0.000000  0.000000 -0.000000  0.000000  0.000000  0.000000  0.000000 -0.013862  0.031750 -0.002273 -0.073112 -0.308132 -0.173603  0.278233  0.279657  0.145566 -0.200756  0.062094  0.139678 -0.117501  0.180187  0.187213  0.189329  0.063413  0.140891 -0.202780  0.353439 -0.080067 -0.122893 -0.041392
-0.000000  0.000000  0.000000  0.000000  0.000000 -0.000000 -0.000000  0.000000  0.000000  0.665221  0.000000 -0.000000 -0.000000  0.040193  0.373654 -0.055252  0.137993  0.013808 -0.132163  0.214867 -0.003668  0.327477  0.145287  0.157025  0.008818  0.126612  0.248640 -0.151343 -0.111991 -0.135159 -0.000863  0.114164 -0.123759  0.043363  0.102032 -0.070865
-0.000000  0.000000 -0.000000 -0.000000  0.000000 -0.000000  0.000000 -0.000000 -0.000000 -0.665221  0.000000 -0.000000 -0.000000  0.096868  0.254210  0.127152  0.191702 -0.022809 -0.226131  0.004722  0.012309  0.350753  0.149666  0.043605  0.116858 -0.008247  0.179230 -0.140362 -0.199639 -0.248444  0.013635  0.045706 -0.087027 -0.169801  0.131719 -0.090770
 0.000000 -0.000000 -0.000000  0.000000  0.527959  0.000000 -0.000000 -0.000000 -0.000000  0.137263 -0.000000  0.000000  0.000000 -0.104573  0.125065  0.122259  0.130015 -0.112158 -0.253193 -0.478475  0.085573 -0.068622 -0.049102 -0.055221 -0.067976  0.121828 -0.168610 -0.069863  0.279479 -0.177996  0.056899 -0.000862  0.211919 -0.195545  0.262926  0.052860
-0.000000  0.665221  0.000000  0.000000  0.000000  0.000000  0.000000 -0.000000  0.000000  0.000000 -0.000000  0.000000  0.000000  0.073880  0.076191 -0.057719  0.040976  0.159111 -0.159297 -0.128110 -0.158917 -0.149336 -0.299045  0.012054 -0.064265 -0.125204  0.343914  0.252253  0.006893 -0.091500 -0.318165  0.120184  0.042080  0.009409 -0.039818 -0.087870
 0.000000 -0.000000  0.665221  0.000000  0.000000  0.000000 -0.000000  0.000000  0.000000 -0.000000  0.000000 -0.000000 -0.000000 -0.024694 -0.188848  0.055183 -0.015735  0.411733 -0.013650 -0.176790 -0.166916  0.069162  0.066522 -0.131721 -0.271843  0.114155  0.049591 -0.240465 -0.202694 -0.062509  0.084026 -0.022136  0.073909  0.228965  0.065393  0.024709
-0.000000  0.000000  0.000000 -0.000000  0.000000  0.000000 -0.000000  0.000000 -0.000000  0.000000  0.527959 -0.000000 -0.137263 -0.280482  0.193386  0.144413 -0.274968  0.068742 -0.137058 -0.124567  0.031444  0.066464 -0.326724  0.152182  0.035916 -0.044447 -0.072089  0.062033 -0.286550  0.344800  0.160498 -0.018900 -0.212175 -0.021845  0.174573 -0.012264
-0.000000  0.000000  0.000000 -0.000000  0.000000 -0.000000  0.000000 -0.000000 -0.000000  0.000000 -0.665221 -0.000000 -0.000000 -0.082769 -0.112096 -0.091995 -0.128641 -0.017078 -0.301391  0.008467 -0.011241  0.000434 -0.226164  0.032267  0.232199  0.269902 -0.015337 -0.001778 -0.257701  0.245164 -0.055411 -0.041372 -0.124660 -0.040130  0.216318  0.217468
-0.000000 -0.000000 -0.000000  0.527959 -0.000000  0.000000 -0.000000 -0.000000  0.000000 -0.000000  0.000000  0.000000  0.137263 -0.102588  0.300114 -0.086113  0.056358 -0.039116  0.041887 -0.003494 -0.241562 -0.089864 -0.040296 -0.148857  0.095755  0.289746 -0.226551  0.252090 -0.300381 -0.176695  0.116630 -0.197192  0.182715  0.040999 -0.236993 -0.156725
-0.000000 -0.000000 -0.000000  0.000000  0.000000 -0.527959 -0.000000  0.000000  0.000000  0.137263  0.000000  0.000000  0.000000  0.082413 -0.345928  0.076493  0.310501  0.028575 -0.016735 -0.036032 -0.260152 -0.028048  0.062669  0.137933  0.066694 -0.117500  0.074294  0.132544 -0.124172  0.123900  0.262522 -0.134587 -0.026449 -0.386258  0.083125 -0.252859
-0.000000  0.000000 -0.000000 -0.000000  0.000000  0.000000 -0.000000 -0.665221 -0.000000 -0.000000 -0.000000  0.000000 -0.000000  0.005778 -0.038708  0.329930  0.245775 -0.041383  0.000151 -0.081610 -0.166337  0.140398 -0.057118  0.220298  0.171727  0.014204 -0.049645  0.093498  0.146668  0.022867 -0.067995 -0.172984 -0.077525  0.377154 -0.079441  0.164612
 0.000000  0.000000  0.000000 -0.000000 -0.000000 -0.000000  0.000000 -0.000000 -0.000000 -0.000000  0.527959 -0.000000  0.137263  0.176193 -0.334625 -0.260325  0.112881 -0.090259 -0.242690  0.135235 -0.045607 -0.065917  0.041760 -0.111526  0.256652  0.384520  0.052764 -0.064273 -0.038150 -0.035896 -0.230315 -0.033228  0.055105 -0.028718  0.097985  0.286272
 0.137263  0.000000 -0.527959  0.000000  0.000000 -0.000000  0.000000  0.000000  0.000000  0.000000 -0.000000 -0.000000 -0.000000 -0.044976 -0.206197  0.067257 -0.092938  0.210646 -0.190802  0.055479  0.069344  0.232709 -0.116939 -0.103873 -0.202841  0.026333  0.242671 -0.115769 -0.066064 -0.015347  0.246763 -0.230671  0.446563  0.208427 -0.040498 -0.010259
 0.137263 -0.000000  0.000000  0.000000 -0.000000  0.000000  0.000000 -0.000000 -0.527959  0.000000  0.000000  0.000000  0.000000  0.509698  0.234566  0.047538 -0.193958  0.022366  0.181936 -0.032183 -0.258722  0.004378 -0.102240 -0.127057  0.167958  0.007430 -0.006577 -0.179964  0.129532  0.214088  0.010595 -0.126324  0.129858  0.001035  0.236521 -0.085746
 0.665221
