13 16
-0.020076 -0.000109 -0.000355  0.007335 -0.000157  0.000849 -0.963677  0.001303  0.002904  0.000341 -0.000364 -0.000863 -0.000916  0.004840 -0.087878 -0.251220
 0.000040 -0.002084  0.000015  0.000062 -0.000033  0.996085  0.000110  0.000611  0.000156  0.000124  0.000160 -0.000159  0.000229 -0.088316 -0.002372  0.002077
-0.001257  0.000498  0.000305 -0.000898 -0.006656  0.000922 -0.001894  0.001608  0.001480 -0.017649  0.705882  0.056674 -0.196937 -0.011319  0.641704 -0.217840
-0.052857 -0.001685 -0.000919  0.019424  0.008116 -0.003596  0.195193  0.683114 -0.007812  0.000700 -0.006697 -0.001760 -0.008555 -0.045248 -0.222259 -0.663606
 0.000064 -0.000072 -0.000037 -0.999615  0.000001 -0.000007  0.000035 -0.000014  0.000085  0.000011 -0.000018  0.000019  0.000007 -0.001115 -0.010154 -0.025792
 0.000004  0.000049  0.000041 -0.000201 -0.000207 -0.000110 -0.000083 -0.000240  0.000040 -0.002205  0.000119 -0.996534 -0.000141 -0.002164  0.079544 -0.024134
-0.000000  0.000000  0.999999 -0.000000  0.000000  0.000000  0.000000  0.000000  0.000000  0.000000  0.000000  0.000000 -0.000000  0.000168 -0.000850 -0.001112
 0.000029 -0.999726 -0.000002  0.000019  0.000057 -0.000020 -0.000022  0.000004 -0.000062  0.000008  0.000007 -0.000004  0.000001  0.023346  0.001349  0.000492
-0.049696 -0.000941 -0.000870  0.018222 -0.001486 -0.000074  0.181487 -0.729897  0.001147  0.000782  0.004287 -0.001822 -0.000853 -0.014497 -0.213590 -0.621009
 0.000008  0.000057  0.000013 -0.000054 -0.000010  0.000023 -0.000001  0.000007  0.000010  0.999660 -0.000002 -0.000040 -0.000084  0.000820  0.024988 -0.007365
 0.001682 -0.015840  0.000142  0.000072 -0.711069 -0.060155 -0.010701 -0.010347 -0.174479  0.000822 -0.007236  0.000740 -0.003508 -0.677524 -0.002805  0.027046
 0.002057 -0.015922  0.000156 -0.000120  0.703041 -0.060761 -0.012930 -0.019892 -0.175452  0.000632 -0.001919  0.001137 -0.004877 -0.685124  0.006815  0.031098
-0.997157  0.000046  0.000099 -0.002148 -0.000091 -0.000022 -0.000030  0.000085  0.000040 -0.000023  0.000012  0.000041 -0.000168  0.000389  0.022393  0.071914
 0.001171 -0.000093 -0.000117  0.000174  0.000598  0.000204 -0.000081 -0.003771  0.000716  0.007104 -0.000367 -0.022935 -0.960637  0.009058 -0.259813  0.094862
-0.000414  0.005815 -0.000047 -0.000198  0.000656  0.022038  0.000010 -0.000940 -0.968857 -0.000349 -0.000114 -0.000070 -0.000232  0.246411  0.003963 -0.007782
 0.001084 -0.000700 -0.000306  0.000948  0.001360 -0.001952  0.001995  0.009115 -0.003969  0.017609  0.708245 -0.056325  0.195657  0.002229 -0.640575  0.214878
 0.999999
