1 10
 0.316228 -0.278972  0.116593  0.153038  0.694910 -0.427567 -0.292746 -0.063133 -0.045146  0.166501
 0.316228 -0.065760 -0.555269 -0.151274 -0.145301  0.292773 -0.542466 -0.344660  0.162406  0.134922
-0.316228 -0.445921  0.040327  0.536430 -0.102124  0.199744  0.141455 -0.477256 -0.163857  0.294639
 0.316228  0.565553  0.452395  0.117647 -0.131775  0.142773 -0.158689 -0.162476 -0.321821  0.410792
-0.316228  0.340292 -0.160689 -0.239436  0.571001  0.265283  0.118451 -0.408411 -0.274862 -0.219666
 0.316228  0.315764 -0.332242  0.709340  0.053912  0.006150  0.158605  0.048076  0.033159 -0.393998
-0.316228  0.168254  0.361136  0.134823 -0.131145 -0.237079 -0.463342 -0.353813  0.387600 -0.399481
-0.316228 -0.024806  0.064364  0.244030  0.208923  0.487562 -0.482331  0.562674 -0.069403  0.016229
-0.316228  0.372551 -0.254604  0.109522  0.156958 -0.176216  0.121632  0.067248  0.526001  0.576807
 0.316228 -0.126215  0.369059 -0.043382  0.231867  0.525166  0.271162 -0.087365  0.576881 -0.049689
 0.316228
