16 25
 0.000155 -0.000426 -0.000526  0.000218 -0.001240  0.000041  0.000132  0.000473  0.936756 -0.000831  0.000070  0.000135 -0.000990  0.000341  0.000253 -0.000131 -0.174288  0.003625 -0.121773 -0.095032 -0.134202  0.091780 -0.020706 -0.198377 -0.044920
 0.000001  0.000047  0.000034  0.000010  0.000004 -0.000024 -0.000045 -0.000101 -0.000027 -0.000019  0.000005  0.000001  0.000025 -0.000005 -0.942441  0.000011  0.057363 -0.208340  0.001582 -0.026424 -0.109099 -0.178586  0.060655 -0.081894  0.101124
-0.000000 -0.000000  0.000000  0.000000 -0.000000 -0.000000  0.000000 -0.000000  0.000000  0.942806 -0.000000  0.000000  0.000000 -0.000000 -0.000000  0.000000 -0.152319  0.014863  0.247253 -0.100690 -0.053827 -0.062592  0.047077  0.045642 -0.072859
-0.235206 -0.000058 -0.000032  0.000066  0.000039  0.000010  0.000021 -0.000123 -0.000082  0.000013  0.000125 -0.000041 -0.000022 -0.706903 -0.000033 -0.000026 -0.084258 -0.349432  0.135325  0.221771  0.155137  0.044816 -0.398025 -0.115243 -0.224697
-0.012342  0.000084  0.000145 -0.000001 -0.000065 -0.000240  0.000151  0.927216  0.000830  0.000335  0.000099  0.000048 -0.000044 -0.000896 -0.000106 -0.000113 -0.180893 -0.021669 -0.125904  0.070279  0.193493 -0.147454  0.152807  0.006704 -0.059639
-0.000002  0.000034 -0.000003  0.000013 -0.000006 -0.000089 -0.000100  0.000005 -0.000004  0.000012  0.942356  0.000128 -0.000003 -0.000007  0.000009  0.000005  0.070568 -0.063176 -0.050964  0.069875 -0.137878  0.039539  0.118567  0.086490 -0.231090
 0.000025 -0.000010 -0.000033 -0.000036  0.000003 -0.000101 -0.000061 -0.000258  0.000123  0.000097 -0.234084 -0.707645  0.000045 -0.000062 -0.000200 -0.000009  0.171069 -0.146747 -0.088107  0.089145 -0.224229  0.106847  0.265251  0.139597 -0.475809
-0.235038  0.000045 -0.000037  0.000043 -0.000059  0.000018  0.000009 -0.000012 -0.000065  0.000018  0.000046 -0.000035 -0.000018  0.707306 -0.000010  0.000025 -0.085169 -0.349145  0.134592  0.223241  0.156588  0.042738 -0.396701 -0.114200 -0.224964
-0.000000 -0.000000  0.000000 -0.000000 -0.000000  0.000000 -0.000000 -0.000000  0.000000  0.235709  0.000000  0.000000 -0.707097 -0.000000 -0.000000  0.000000  0.304056 -0.028768 -0.494911  0.200945  0.104855  0.125758 -0.095535 -0.093340  0.145647
-0.014836  0.706179  0.000232 -0.000180 -0.000848 -0.000285  0.000721 -0.191921  0.000199  0.000769  0.022978 -0.000447  0.000190 -0.000729 -0.000076  0.000318 -0.079998 -0.123287 -0.087128 -0.167738  0.502361 -0.052067  0.325308 -0.167022 -0.132668
-0.000028 -0.000067  0.000198  0.000011  0.000039  0.000164  0.000131 -0.000231 -0.000392 -0.000101  0.234486 -0.706563 -0.000052  0.000066  0.000045 -0.000009 -0.174147  0.146779  0.086674 -0.088182  0.223482 -0.106814 -0.265726 -0.138405  0.476975
-0.000177 -0.000712 -0.001283  0.705825  0.001066  0.012080  0.000612 -0.000382 -0.178115 -0.000936 -0.000251  0.001156 -0.001597  0.000616 -0.036345 -0.000861 -0.406905 -0.167831 -0.222449 -0.187616 -0.142485  0.405955  0.000183  0.008681  0.070782
-0.015692 -0.000782  0.004603  0.000888 -0.707265 -0.000485 -0.000120 -0.182782  0.001371  0.000035 -0.023783  0.001470 -0.000317 -0.001395  0.000539 -0.000798 -0.375228  0.075517 -0.228930  0.353028 -0.037009 -0.321022  0.046563  0.187638 -0.013695
-0.000006  0.000054  0.000107  0.000034 -0.000012  0.235223 -0.706950 -0.000118  0.000030 -0.000017  0.000011 -0.000025  0.000026 -0.000033 -0.000020  0.000057 -0.044027  0.012907  0.229574  0.404791 -0.026278  0.234135  0.290707 -0.239045  0.170479
-0.000222 -0.000404 -0.000119 -0.708385 -0.000217  0.012067  0.000578 -0.000329 -0.177010 -0.000932 -0.000255  0.001178 -0.001591  0.000589 -0.036229 -0.000669 -0.405627 -0.167361 -0.221619 -0.186470 -0.142292  0.404485 -0.000081  0.009375  0.070867
 0.000120 -0.000094 -0.000058 -0.000151 -0.000051 -0.003914 -0.000056 -0.000069 -0.000007 -0.000028  0.000116  0.000017  0.000026  0.000027 -0.230244 -0.707717 -0.063422  0.482715  0.014092  0.073793  0.209220  0.271571 -0.132994  0.075299 -0.250096
-0.000001  0.000011 -0.000005  0.000004  0.000004  0.942750 -0.000000  0.000006  0.000000 -0.000001  0.000004  0.000007 -0.000000 -0.000001 -0.000002 -0.000003  0.029645  0.006426 -0.111909 -0.197942  0.013276 -0.129592 -0.146998  0.105535 -0.094241
 0.942524  0.000018 -0.000002 -0.000009  0.000000 -0.000011 -0.000009 -0.000003  0.000004  0.000039 -0.000012  0.000017 -0.000015 -0.000104  0.000003  0.000001 -0.059708 -0.176260  0.055359  0.118405  0.094982  0.007822 -0.184427 -0.055551 -0.117259
-0.000600 -0.000562 -0.705228 -0.000221 -0.000087  0.012352  0.000278 -0.002670  0.172656  0.001301  0.000131  0.000189  0.001056 -0.000334 -0.037967 -0.001214  0.058443 -0.183863  0.104715  0.063031  0.219144  0.170110  0.055626  0.548051  0.196627
 0.015725  0.000091 -0.000600  0.000398 -0.706935  0.000573  0.000149  0.183047 -0.002299 -0.000029  0.023767 -0.001508  0.000323  0.001297 -0.000725  0.000681  0.375688 -0.076703  0.229686 -0.352730  0.037478  0.322430 -0.046692 -0.184219  0.015225
-0.000000 -0.000000 -0.000000 -0.000000  0.000000 -0.000000 -0.000000  0.000000 -0.000000 -0.235695 -0.000000 -0.000000 -0.707111  0.000000 -0.000000  0.000000 -0.301466  0.028869  0.496552 -0.200164 -0.103112 -0.126886  0.095927  0.094953 -0.145422
 0.000091 -0.000327 -0.000085  0.000041 -0.000161 -0.003869  0.000004 -0.000201  0.000369 -0.000026  0.000046  0.000006  0.000025 -0.000026 -0.230833  0.706492 -0.065011  0.482796  0.013500  0.074520  0.209657  0.272834 -0.133133  0.077767 -0.249698
-0.000043 -0.000079 -0.000111 -0.000003 -0.000016 -0.235090 -0.707262 -0.000013 -0.000021  0.000018 -0.000024 -0.000044 -0.000028  0.000020  0.000007  0.000002  0.043219 -0.013600 -0.229872 -0.405394  0.027343 -0.233257 -0.289949  0.238875 -0.170256
-0.014750 -0.708032  0.001325 -0.000485 -0.000153 -0.000243  0.000743 -0.191081 -0.000094  0.000769  0.022974 -0.000372  0.000193 -0.000624  0.000057  0.000087 -0.078552 -0.123102 -0.086190 -0.167341  0.501248 -0.052372  0.324592 -0.166811 -0.132266
-0.000467  0.000536  0.708963  0.000934  0.003909  0.012248  0.000273 -0.001084  0.172080  0.001290  0.000182  0.000346  0.001049 -0.000315 -0.037845 -0.001177  0.060212 -0.183483  0.105445  0.059962  0.216737  0.172616  0.054159  0.544153  0.195815
 0.942806
