15 23
-0.000054 -0.000097  0.000126 -0.000029  0.000035 -0.000034 -0.001379  0.707496 -0.233094  0.000078 -0.000004 -0.000003  0.000164  0.000038  0.000029 -0.314802  0.261378  0.228588  0.241080  0.061594  0.201329 -0.320368 -0.142689
-0.007850 -0.178266  0.000718 -0.000658 -0.000074  0.000155 -0.010994 -0.000056  0.033154 -0.000093 -0.000118  0.000185  0.000436 -0.704594  0.000149  0.153041  0.141728 -0.103094  0.578010 -0.166905 -0.053680  0.169232  0.151248
-0.000000 -0.000000  0.000000 -0.000000 -0.000000  0.000000 -0.000000  0.000000  0.000000  0.000000 -0.000000  0.000000 -0.942809  0.000000  0.000000  0.085653  0.050126 -0.103860 -0.011542 -0.143300 -0.065139 -0.087919 -0.240488
-0.006261  0.934148 -0.000607 -0.000123  0.000013  0.000333 -0.000386 -0.000029 -0.000203  0.000031 -0.000165 -0.000005  0.000079 -0.000282  0.000065  0.048410  0.041744 -0.237703  0.228567  0.068603  0.082704  0.035571  0.041035
 0.000000 -0.000000  0.000000  0.000000  0.000000 -0.707107 -0.000000 -0.000000  0.000000 -0.000000 -0.000000 -0.000000  0.000000  0.000000 -0.235702  0.236284 -0.369627  0.210127  0.232190  0.300518 -0.083788 -0.109957 -0.210957
-0.000000  0.000000 -0.000000 -0.000000 -0.000000  0.000000  0.000000 -0.000000  0.000000 -0.000000 -0.000000 -0.000000  0.000000  0.000000 -0.942809 -0.118101  0.184874 -0.105426 -0.115782 -0.150124  0.042049  0.055015  0.105512
 0.000000  0.000000  0.000000  0.000000  0.000000 -0.707106 -0.000000  0.000000 -0.000000 -0.000000 -0.000000 -0.000000 -0.000000  0.000000  0.235702 -0.236231  0.369628 -0.211342 -0.231799 -0.299862  0.084345  0.109964  0.210939
-0.000006 -0.000026 -0.000011 -0.000032 -0.000043 -0.000004  0.235425 -0.000016  0.000007  0.707120 -0.000002  0.000021  0.000030 -0.000061  0.000003 -0.327581 -0.456013 -0.102112  0.115191 -0.310178  0.085530 -0.045308  0.004956
 0.000000  0.000000  0.000000 -0.707106  0.000000  0.000000 -0.000000  0.000000 -0.000000  0.000000 -0.000000  0.000000 -0.235702 -0.000000  0.000000 -0.171410 -0.099957  0.208013  0.023796  0.286314  0.130268  0.175821  0.481018
 0.000000  0.000000 -0.000000  0.000000 -0.000000  0.000000 -0.000000  0.000000 -0.000000  0.000000  0.707107 -0.235702 -0.000000  0.000000 -0.000000 -0.328862  0.044904 -0.128104  0.060452  0.194865 -0.521683  0.044099 -0.046278
-0.235535 -0.000013  0.000037  0.000011 -0.707014 -0.000030  0.000012 -0.000016  0.000008 -0.000033  0.000000 -0.000002 -0.000014  0.000013 -0.000003  0.141804 -0.026961 -0.083794 -0.023099 -0.057480 -0.169561 -0.511881  0.349553
-0.000003 -0.000009  0.000003 -0.000006  0.000008 -0.000009  0.942713 -0.000006  0.000031  0.000000  0.000005 -0.000002  0.000000  0.000005  0.000002  0.166925  0.232386  0.059881 -0.043932  0.144070 -0.049027  0.027334  0.001575
 0.000028 -0.000009 -0.000046 -0.000032 -0.000004 -0.000004  0.235438  0.000016 -0.000027 -0.707094 -0.000003  0.000021  0.000030  0.000041  0.000003 -0.327677 -0.456004 -0.102200  0.115188 -0.310067  0.085652 -0.045393  0.004895
 0.000055  0.000284  0.000264  0.000028 -0.000059  0.000033  0.001384  0.706717  0.233381 -0.000046  0.000004  0.000003 -0.000164 -0.000296 -0.000029  0.315135 -0.261670 -0.228505 -0.241469 -0.061838 -0.201704  0.320727  0.142845
-0.942745 -0.000001 -0.000009  0.000000  0.000001 -0.000003  0.000004 -0.000002  0.000005 -0.000020  0.000009  0.000001  0.000003 -0.000001 -0.000002 -0.073221  0.011373  0.054460 -0.000040  0.024823  0.080184  0.254035 -0.176621
 0.000066  0.000017  0.000033 -0.000055 -0.000027 -0.000023 -0.000747  0.000012 -0.941715 -0.000014  0.000016  0.000028 -0.000035 -0.000014 -0.000005  0.168466 -0.117430 -0.084079 -0.080863 -0.066335 -0.122414  0.175802  0.084269
 0.000000 -0.000000  0.000000 -0.000000  0.000000 -0.000000  0.000000 -0.000000  0.000000  0.000000 -0.707107 -0.235702  0.000000  0.000000 -0.000000 -0.328893  0.044874 -0.127561  0.060179  0.194603 -0.521927  0.044111 -0.046299
-0.235471 -0.000005 -0.000016  0.000011  0.707200 -0.000030  0.000013  0.000008  0.000021  0.000006  0.000000 -0.000002 -0.000014  0.000000 -0.000003  0.141828 -0.026989 -0.083658 -0.023024 -0.057643 -0.169641 -0.511645  0.349526
 0.008518  0.178301 -0.708914 -0.000329 -0.000143 -0.000714 -0.009784 -0.000024  0.033009 -0.000071  0.000311  0.000194  0.000224  0.000338 -0.000022  0.024713  0.031293  0.515909 -0.024311 -0.342429 -0.267458  0.073966  0.042255
-0.000000 -0.000000  0.000000 -0.000000  0.000000 -0.000000 -0.000000 -0.000000 -0.000000 -0.000000 -0.000000  0.942809  0.000000 -0.000000 -0.000000 -0.164499  0.022403 -0.064083  0.029943  0.097590 -0.260770  0.021949 -0.023223
 0.008543  0.179819  0.705293 -0.000332 -0.000090 -0.000717 -0.009832 -0.000415  0.033213 -0.000106  0.000313  0.000196  0.000225  0.002589 -0.000022  0.024952  0.031669  0.518275 -0.023527 -0.344321 -0.268760  0.074510  0.042633
 0.000000  0.000000  0.000000  0.707106  0.000000 -0.000000 -0.000000 -0.000000  0.000000  0.000000  0.000000  0.000001 -0.235701 -0.000000  0.000000 -0.171141 -0.099685  0.208268  0.024905  0.285672  0.129953  0.176209  0.481329
-0.007829 -0.177376 -0.001523 -0.000652 -0.000060  0.000157 -0.010875  0.000202  0.032874  0.000010 -0.000119  0.000183  0.000432  0.709606  0.000149  0.152016  0.140474 -0.104708  0.574004 -0.164318 -0.052251  0.167907  0.150082
 0.942809
