1 21
-0.218218 -0.334717 -0.320273 -0.200466 -0.119405 -0.161367 -0.041775  0.109938 -0.199433  0.437830 -0.054175 -0.009445 -0.031850  0.272633  0.144297 -0.424604 -0.070499  0.000658  0.222906  0.278442 -0.017934
-0.218218 -0.427247  0.011063 -0.222312 -0.210529  0.086028  0.096259 -0.148408  0.273807 -0.043859 -0.414584  0.051263 -0.114968 -0.276754 -0.217672  0.144714 -0.143662 -0.193441 -0.215304  0.092760 -0.338716
 0.218218  0.273682  0.187897 -0.216235  0.206401 -0.295896  0.214442 -0.002565  0.029856  0.331325 -0.382411 -0.260175  0.040524  0.250673  0.072979 -0.047021  0.106657  0.074625 -0.335554 -0.144347 -0.268847
-0.218218 -0.086222  0.022677  0.105082 -0.229211 -0.047940 -0.087659  0.173407 -0.088164 -0.255251 -0.045380 -0.193161 -0.351628  0.033804 -0.190005 -0.224839  0.508060  0.409016 -0.297656 -0.006014  0.054866
-0.218218 -0.041837  0.007770 -0.101967  0.068269 -0.609870 -0.372616  0.022615 -0.255046 -0.089348 -0.065642  0.215020  0.178564 -0.026078 -0.093559  0.446244  0.035679  0.173256  0.114264 -0.038087 -0.119970
-0.218218  0.096429 -0.242645  0.001446 -0.004427 -0.292029  0.206723 -0.154158  0.138547 -0.135268  0.308652 -0.280815 -0.415243  0.066643  0.054047  0.043336 -0.497475  0.144021 -0.007975 -0.250360 -0.090294
-0.218218  0.276870  0.148810  0.176737 -0.208286  0.017227 -0.199628  0.227605 -0.011442 -0.061040 -0.067642  0.106930  0.018436 -0.157597  0.206216 -0.357164 -0.011200 -0.208981  0.204452 -0.354673 -0.510375
 0.218218 -0.325719  0.447994  0.359454 -0.400115 -0.262273  0.260549  0.008856 -0.222450  0.074320  0.136377  0.115537 -0.138117  0.156388  0.175193  0.122887 -0.063616 -0.175394 -0.091384  0.005499  0.008097
-0.218218 -0.234839  0.172567 -0.035444  0.190360  0.086170  0.095010 -0.179935  0.059799  0.365698  0.527446 -0.220663  0.109000 -0.136176 -0.104834  0.109134  0.387018 -0.005507  0.110479 -0.142784 -0.284951
-0.218218 -0.223767  0.116746  0.214420  0.237053  0.030094 -0.113302 -0.390328  0.032371 -0.395205 -0.229013 -0.304755  0.172837  0.429557  0.201215 -0.070457  0.074678 -0.180862  0.139872 -0.010119  0.007457
-0.218218  0.063398  0.117074  0.174700  0.138435 -0.080946  0.338103  0.039524  0.472636  0.035716 -0.127123  0.372496 -0.076012  0.000613  0.308831  0.057580  0.146969  0.370851  0.252682  0.235509 -0.007460
-0.218218  0.140329 -0.450114  0.072191 -0.089187  0.059134  0.308951  0.117034 -0.033183 -0.110225  0.153654  0.289553  0.199543  0.383886 -0.034176  0.185236  0.218227 -0.287447 -0.321906 -0.032270 -0.161230
 0.218218 -0.320828 -0.147043  0.325261  0.058976 -0.172547  0.050240  0.110470  0.248915 -0.041146  0.034447  0.049465  0.492508 -0.016815 -0.294515 -0.307986 -0.186029  0.286377 -0.103275 -0.223048 -0.072758
 0.218218  0.097607  0.036135  0.003752  0.135005 -0.224837  0.181760  0.261732  0.033826 -0.297902  0.109327 -0.207402 -0.078672  0.008141 -0.352575 -0.071069  0.059238 -0.229436  0.303139  0.501855 -0.301397
 0.218218  0.111791 -0.059925 -0.229487 -0.296296 -0.315577 -0.251637 -0.408722  0.372547 -0.109680  0.272261  0.094828  0.095626 -0.067086  0.211909 -0.232758  0.203901 -0.114429 -0.174837  0.184296  0.002318
 0.218218  0.021405 -0.265080  0.119070 -0.376401  0.219547 -0.036624 -0.003106 -0.067002 -0.006976 -0.056536 -0.370156  0.210987 -0.033075  0.306947  0.338639  0.004877  0.347957  0.110618  0.182876 -0.331992
-0.218218  0.286936  0.108827  0.441292 -0.111248  0.045118 -0.359864 -0.093193  0.218717  0.382834  0.001739 -0.074237 -0.030922  0.203700 -0.326550  0.090337 -0.185329 -0.039183 -0.150778  0.308370 -0.000610
 0.218218 -0.067069 -0.090735 -0.117205 -0.269019 -0.006155 -0.109960  0.124168  0.385593  0.097712 -0.117299 -0.030424 -0.173644  0.345395 -0.222239  0.207625  0.203690 -0.104715  0.429934 -0.393967  0.136470
-0.218218  0.293206  0.036069 -0.016817 -0.373486 -0.116115  0.414863 -0.348084 -0.192897  0.025800 -0.166857 -0.100813  0.293464 -0.163087 -0.291194 -0.114112  0.054662  0.029853  0.264856 -0.044419  0.236991
-0.218218  0.022691  0.444666 -0.456931 -0.206442  0.170342  0.002697  0.282766  0.124951 -0.171698  0.222322 -0.050251  0.302682  0.311887 -0.016220  0.003409 -0.254036  0.182663 -0.061690  0.068410  0.034037
 0.218218  0.040361  0.063995 -0.092677  0.023344  0.243586 -0.021011 -0.432052 -0.240623 -0.061669  0.047233  0.409450 -0.195312  0.299409 -0.257301 -0.121502 -0.065625  0.309913  0.115561 -0.008402 -0.370079
 0.218218
