3 13
 0.497927  0.000000  0.000000 -0.010877 -0.029376 -0.069786 -0.048821 -0.154114 -0.478518 -0.586107  0.076958 -0.010074  0.376242
-0.000000 -0.000000  0.497927 -0.473106 -0.436321  0.078865 -0.459598  0.305688 -0.022507  0.037083  0.046485 -0.143516  0.048252
 0.000000  0.000000  0.497927  0.305552 -0.080035  0.500918  0.374237  0.026830  0.153506  0.045758  0.033812  0.237812  0.421014
-0.000000 -0.433609  0.064318  0.041984 -0.036596  0.091523 -0.120894 -0.517721 -0.383157  0.536067 -0.050113 -0.240127  0.139168
 0.064318 -0.433609 -0.000000 -0.416781  0.227324  0.337919  0.216891 -0.129582  0.335983 -0.341388 -0.203713 -0.347219 -0.113804
-0.000000  0.497927  0.000000 -0.603563  0.250928  0.145685  0.269596 -0.243449 -0.165034  0.217709  0.287759  0.113012  0.037842
 0.497927 -0.000000  0.000000  0.207507  0.043030  0.156044  0.167915  0.337739 -0.050119  0.214688  0.465098 -0.433211 -0.296570
 0.000000  0.000000 -0.497927 -0.013610 -0.516432  0.243409 -0.139152 -0.267667  0.360757 -0.046310  0.412134  0.022005  0.179709
 0.497927  0.000000  0.000000  0.016646  0.215918  0.318233 -0.448796 -0.123994  0.142946  0.119604 -0.166830  0.498334 -0.276039
-0.000000 -0.000000  0.497927  0.122938 -0.041090 -0.351499  0.012427 -0.515139  0.240132 -0.200683  0.351211  0.022676 -0.352691
 0.497927 -0.000000  0.000000 -0.174972 -0.200611 -0.478701  0.278673 -0.013561  0.363024  0.305347 -0.286342  0.018484  0.258563
 0.000000 -0.433609 -0.064318 -0.198052 -0.354106 -0.025564  0.391744  0.140671 -0.302847 -0.017713  0.099872  0.495076 -0.349600
 0.064318  0.433609 -0.000000  0.120242 -0.451527  0.236583  0.178156 -0.227072 -0.160508 -0.073037 -0.484396 -0.222045 -0.367692
 0.497927
