2 15
 0.374634  0.000000 -0.132757 -0.663570  0.079741 -0.171260  0.217045 -0.037679  0.012653  0.235695  0.199348  0.222673  0.309689  0.049357  0.272221
 0.093659 -0.280976  0.295745  0.138414 -0.100753 -0.217439 -0.076241 -0.205847  0.508068 -0.065399  0.110598 -0.059249  0.524843 -0.271543 -0.269616
-0.093659 -0.280976 -0.093981  0.268312  0.027410  0.359611  0.155013  0.235634 -0.438380 -0.164509  0.142115  0.121604  0.553625 -0.120789  0.215681
-0.000000  0.374634  0.281611 -0.205330 -0.093124 -0.189258 -0.022111  0.265819 -0.184649 -0.193632 -0.294096 -0.593545  0.311609 -0.003470  0.122698
 0.374634  0.000000 -0.305015  0.362072  0.047684 -0.410821  0.478113  0.144028  0.097932 -0.379563 -0.043363 -0.019380 -0.052400  0.236111 -0.026938
-0.374634 -0.000000 -0.070817 -0.014303  0.432015 -0.337262  0.019685  0.116801  0.047230 -0.082879  0.536910 -0.228413 -0.159935 -0.344175  0.215492
 0.374634  0.000000  0.464545 -0.078419 -0.092408 -0.064238 -0.040738  0.365347 -0.295738 -0.167159  0.251150  0.268227 -0.269649 -0.279283 -0.297925
-0.374634  0.000000  0.344282 -0.098924  0.035036  0.090716  0.721608  0.116227  0.193929  0.112516 -0.275548  0.184798 -0.080158 -0.144239 -0.008579
-0.000000  0.374634  0.111729  0.150319 -0.268406  0.288637 -0.010942  0.358128  0.446409  0.059005  0.450133  0.032554  0.048770  0.302726  0.200943
 0.374634  0.000000  0.156536  0.237698  0.635500  0.224534  0.032749  0.139614  0.048052  0.467793 -0.074989 -0.253529  0.029440  0.046933 -0.098467
-0.374634 -0.000000  0.007276 -0.061467  0.171427 -0.319502 -0.111939  0.267912 -0.141648  0.151907  0.062904  0.216393  0.249978  0.503844 -0.479345
 0.000000 -0.374634  0.550750  0.045697  0.069751 -0.105161 -0.013398 -0.260364 -0.110117 -0.128308  0.102116 -0.045929 -0.127484  0.502145  0.401018
 0.000000  0.374634  0.086623 -0.142047  0.488267  0.275602 -0.067668 -0.264371  0.111512 -0.579770 -0.027230  0.256825  0.120198  0.062290 -0.097672
-0.000000 -0.374634 -0.080588 -0.164478  0.157385 -0.001387 -0.339665  0.536373  0.355911 -0.190465 -0.377695  0.159294 -0.078268 -0.024860  0.246050
-0.000000 -0.374634 -0.141522 -0.383322 -0.045391  0.374900  0.193263  0.061226  0.075211 -0.223193  0.214851 -0.464298 -0.122522  0.178510 -0.380648
 0.374634
