2 27
 0.276026  0.000000  0.164988 -0.036105  0.091717  0.270357 -0.294866 -0.084303 -0.194043 -0.160196 -0.284990 -0.053313  0.211897 -0.058530 -0.122194 -0.128721 -0.124786 -0.205123  0.007385 -0.356380 -0.007191 -0.166932  0.132189  0.022275 -0.439570  0.154192  0.211967
-0.000000 -0.276026  0.011422  0.255378 -0.292420  0.066947  0.295464  0.210302 -0.016564 -0.410319 -0.237137 -0.214502  0.118949  0.046427 -0.267432 -0.103968 -0.053809  0.019901  0.205270 -0.080343 -0.013853  0.428193  0.026984  0.076920  0.156099 -0.002190  0.031456
 0.276026  0.000000 -0.217215  0.292800  0.281678  0.117030 -0.137072 -0.106538 -0.021087  0.165810  0.011420 -0.116409 -0.167113 -0.332784 -0.108201  0.049486  0.044965  0.031493  0.500433  0.077426 -0.367543 -0.007450  0.124506 -0.075674  0.168404 -0.165458  0.041478
-0.069007  0.207020 -0.047446 -0.087360  0.176599  0.029838 -0.084583 -0.136398 -0.343801 -0.014389  0.286258 -0.219046  0.393903  0.117140 -0.059510  0.318567 -0.031485  0.287990  0.134587 -0.061661  0.140747  0.265727  0.056436  0.315959 -0.099228 -0.166924 -0.159476
-0.000000 -0.276026  0.055196  0.058062 -0.311190 -0.386055  0.050632 -0.572019  0.128929  0.074096  0.210956  0.057750  0.075500 -0.168316 -0.010067  0.162826 -0.060425 -0.059341  0.227118 -0.051776  0.088417  0.109548 -0.003322 -0.112757 -0.242815  0.179208  0.161544
 0.000000  0.276026 -0.092404  0.475854 -0.239790  0.232707 -0.094060 -0.143764 -0.217241  0.062424  0.082213  0.218161  0.003970  0.089579 -0.212544  0.026346 -0.196872 -0.151349 -0.283325  0.453108  0.026118  0.123258  0.088654 -0.046913 -0.060086  0.054770  0.092323
-0.000000  0.276026 -0.043952 -0.088818 -0.000776  0.209166 -0.169752 -0.209068  0.615788  0.123735 -0.197785 -0.128236  0.140271  0.049452 -0.128343  0.196948  0.111844 -0.081636 -0.139244 -0.167557  0.141636  0.267574  0.113442 -0.075866  0.263562 -0.039416  0.149417
-0.000000  0.276026 -0.059059  0.337689 -0.082250 -0.292916  0.294524  0.201370 -0.134365  0.224922 -0.016724 -0.187846  0.095818 -0.237832  0.049152  0.066432  0.068057  0.090583 -0.179089 -0.322240  0.124565 -0.245626  0.191623  0.106181  0.114968  0.073635  0.344114
-0.000000 -0.276026 -0.040851  0.109543  0.115906  0.043862 -0.140600  0.060739  0.135820 -0.095794 -0.096966  0.230140 -0.024723 -0.021769  0.257406  0.295893 -0.504231 -0.010562  0.032164  0.034618  0.166789 -0.117442 -0.092067  0.433072  0.198097 -0.126789  0.277290
 0.276026 -0.000000  0.457449 -0.062617  0.146313 -0.207896 -0.120020  0.080735 -0.091728 -0.038337  0.280548  0.364411 -0.048937  0.189092 -0.208159 -0.089290 -0.030424  0.095420  0.014491 -0.122826  0.005244  0.152695  0.307669 -0.086836  0.370633  0.075320  0.142569
-0.276026  0.000000  0.047947 -0.013110  0.079737 -0.076740 -0.240719  0.230199 -0.058742 -0.171868  0.270939 -0.364661 -0.036244 -0.163461  0.250532  0.159901 -0.285812 -0.367413 -0.094523 -0.032554 -0.141957  0.190246  0.164147 -0.327165  0.067030  0.144598 -0.002925
-0.276026 -0.000000  0.366046 -0.153279 -0.018421  0.077282 -0.097933 -0.000055 -0.181006  0.181278 -0.218613 -0.100934 -0.339134 -0.213103 -0.215221  0.217170  0.024558  0.298238 -0.099381  0.062894 -0.210881  0.192299 -0.271692  0.091979 -0.038646  0.165444  0.277378
 0.000000 -0.276026 -0.047242  0.013234  0.359886  0.073864  0.144479 -0.086625 -0.036289  0.185780 -0.037514 -0.047972 -0.109329 -0.212942 -0.101520 -0.062169  0.116511 -0.222475 -0.156056  0.101455  0.281899  0.153803  0.240311  0.323723  0.061511  0.453802 -0.271914
-0.276026 -0.000000 -0.127015 -0.205375  0.034835  0.197948  0.079250 -0.189351 -0.052064 -0.251564  0.398970 -0.043824 -0.157031 -0.196346 -0.286141 -0.306034  0.086706 -0.183210 -0.027443 -0.064381  0.145644 -0.142961 -0.045553  0.138624  0.120672 -0.268591  0.348573
 0.276026  0.000000  0.263432 -0.016930 -0.061336 -0.146582  0.059741  0.025661  0.172611  0.062480  0.113460 -0.420922 -0.055840  0.066821 -0.454471  0.147759 -0.280952 -0.157833 -0.093389  0.129189  0.005304 -0.349571 -0.166168  0.101979  0.026746 -0.112772 -0.249026
-0.069007 -0.207020  0.245103  0.356251  0.100496  0.176193 -0.058419 -0.269580 -0.032272  0.169461  0.014461 -0.267679 -0.182290  0.124323  0.224059 -0.316327 -0.152546  0.282180 -0.147122 -0.194903  0.256997  0.040424 -0.020353 -0.203921  0.030691 -0.248348 -0.112979
 0.276026 -0.000000 -0.206482 -0.086153  0.180874  0.020458  0.321620 -0.153290 -0.244574 -0.001828 -0.028907 -0.133503 -0.346078  0.482484  0.095769  0.268070  0.036858 -0.243222 -0.034636 -0.118549  0.009273  0.128525 -0.161508 -0.127277  0.004539  0.034368  0.256415
-0.276026  0.000000 -0.054087 -0.033752  0.002142  0.080072  0.121760  0.087879 -0.189279  0.371034 -0.110884  0.329734  0.086608 -0.059135 -0.274277  0.090581 -0.263935 -0.259787  0.188645 -0.374088  0.118686  0.023359 -0.182156 -0.239997  0.106267 -0.121835 -0.240022
-0.276026 -0.000000 -0.109574 -0.058632  0.004810 -0.349672 -0.285677  0.123060 -0.032994  0.185838 -0.267003 -0.154083 -0.181716  0.332736 -0.158669 -0.156647 -0.002050 -0.085984  0.291019  0.203733  0.246336 -0.018265  0.319321  0.060187 -0.145906 -0.133671  0.160794
 0.000000 -0.276026 -0.148814 -0.287723  0.055536  0.210094  0.191642  0.002927 -0.080163  0.086789 -0.054003 -0.109518  0.304544  0.001839 -0.106672  0.078109 -0.189531  0.323621 -0.030421  0.293870  0.091407 -0.236569  0.224729 -0.416662  0.131848  0.131205  0.211789
 0.000000 -0.276026 -0.475050  0.039290 -0.107936 -0.019778 -0.275397  0.125290  0.109572  0.170897  0.254509 -0.011636 -0.063678  0.222039 -0.236580 -0.091225 -0.093695  0.228989 -0.248462 -0.319735 -0.293084  0.028940 -0.028308  0.115075 -0.063961  0.197935 -0.003671
 0.276026  0.000000  0.081325 -0.209715 -0.164473  0.138552  0.083657  0.247000  0.045001  0.492827  0.200226 -0.111973  0.162092 -0.056750  0.205983 -0.330662 -0.126166 -0.153213  0.109128  0.139895  0.013959  0.313797 -0.151623  0.146219 -0.093392 -0.061118  0.231960
-0.000000  0.276026 -0.133405  0.116069  0.379807 -0.237276 -0.054741 -0.011118  0.101892 -0.156720 -0.017707 -0.030583  0.132570 -0.005817 -0.100611 -0.300640 -0.206909  0.133286  0.128805  0.081003  0.179215  0.069701 -0.502975 -0.131699  0.042799  0.362162  0.102632
-0.000000 -0.276026  0.109313  0.273637  0.006694  0.163041 -0.261827  0.293476 -0.000641  0.049494  0.209960 -0.021360  0.138788  0.086751 -0.059153  0.250760  0.504861 -0.100685  0.118047  0.049707  0.306750 -0.132120 -0.286597 -0.136341 -0.009142  0.066813  0.131392
-0.276026  0.000000  0.169104  0.069428 -0.073584  0.093531 -0.006875 -0.268040 -0.094725  0.126159 -0.032312 -0.126179  0.272823  0.339322  0.138987 -0.146434  0.062896 -0.186904  0.176874  0.005599 -0.360695 -0.251881 -0.057048  0.214447  0.378184  0.274499  0.028068
 0.000000 -0.276026 -0.012206  0.046665  0.287592 -0.350060 -0.048046 -0.096785 -0.108237  0.055531 -0.195961  0.025070  0.364722 -0.064035 -0.081005 -0.064969  0.147237 -0.184206 -0.409229  0.116449 -0.243978  0.149531 -0.133393 -0.041416  0.032168 -0.387766  0.115726
-0.276026 -0.000000  0.201661  0.208776  0.375981  0.117989  0.379004  0.127067  0.369008  0.041112  0.175479  0.109919  0.057812  0.189955 -0.087622  0.057544 -0.056861  0.010039  0.071356  0.011693 -0.237523  0.001731  0.149023  0.014601 -0.433106 -0.032093  0.131610
 0.276026
