2 31
 0.257130 -0.000000 -0.198213 -0.125278 -0.273236 -0.309012 -0.091739  0.019000  0.148917 -0.198420 -0.167362  0.051729  0.377964 -0.204498 -0.094835 -0.081077  0.305989  0.098992 -0.028810  0.220957 -0.076399 -0.258022  0.253487 -0.068569  0.070960 -0.042243 -0.286852  0.051533 -0.100686  0.033816  0.100059
 0.257130 -0.000000 -0.004562 -0.428904  0.010443 -0.088643  0.457480  0.043139 -0.207613 -0.139646 -0.138710 -0.102992 -0.149924  0.152349  0.251747  0.023309  0.088210 -0.018837  0.086632  0.182102 -0.168234  0.253555 -0.165614 -0.092542  0.223755  0.132383 -0.113492  0.054797  0.013582  0.043510 -0.256498
-0.000000  0.257130 -0.362675 -0.102626  0.256420  0.042655  0.069383 -0.139834  0.254735 -0.086992  0.112963 -0.249814 -0.141982 -0.056381  0.244468  0.113946  0.096837 -0.005023 -0.285976  0.061368  0.313840  0.099280  0.337703  0.057149 -0.080115  0.300429  0.034224 -0.140700 -0.015720 -0.063348  0.116850
 0.257130 -0.000000  0.186410  0.030489 -0.032825  0.127633 -0.034437 -0.040288  0.164224  0.050088 -0.008365 -0.452738  0.055625 -0.096986  0.198930 -0.037092 -0.419581 -0.002487 -0.165763  0.219111 -0.153532 -0.152316  0.039950 -0.375720 -0.028961 -0.276238  0.051726  0.021916  0.181994 -0.186920  0.024941
-0.257130 -0.000000  0.181491 -0.095272  0.119449  0.225238  0.001666  0.179769  0.186170 -0.095658  0.070384  0.246762  0.092007 -0.075958  0.175596 -0.173937  0.002436  0.183173 -0.005952  0.345087 -0.045842  0.139295 -0.283971 -0.063389  0.047884  0.187591 -0.197105  0.060803  0.042154 -0.099553  0.508931
-0.257130 -0.000000 -0.036143  0.312777 -0.181358  0.359779  0.098398 -0.219294  0.041298 -0.286796  0.010912 -0.320446  0.220031 -0.107658 -0.059939  0.043549  0.108525  0.025917  0.130957 -0.058357 -0.249782  0.396678  0.147323 -0.034635  0.086774  0.010525 -0.099777  0.133164 -0.048993  0.207439 -0.077311
 0.257130  0.000000  0.108880  0.147477  0.315456  0.009638  0.106609 -0.111876 -0.009316  0.127015 -0.141063 -0.124233 -0.109321  0.142311 -0.349119  0.008734 -0.003293  0.058260  0.146667  0.040382 -0.283710 -0.163939  0.194451  0.206364  0.099778  0.310631 -0.070321  0.069458  0.372047  0.128151  0.292757
-0.257130 -0.000000  0.017233  0.000008 -0.009591 -0.307865 -0.177584 -0.124829  0.187182 -0.340193 -0.090133 -0.056134 -0.255353 -0.011200  0.214873  0.163250 -0.005445 -0.381805  0.152786  0.149359 -0.363533 -0.111072 -0.107328  0.290604 -0.154082 -0.101290  0.004930 -0.115039  0.084560 -0.057784  0.041638
 0.000000  0.257130 -0.104791 -0.065633  0.247430  0.057742 -0.180693  0.072373 -0.072153 -0.214036  0.025414  0.254648 -0.169778  0.091716 -0.113919  0.440352 -0.183002  0.291750  0.025023  0.118766 -0.068110  0.067247  0.173980 -0.126740  0.227188 -0.414711 -0.067614 -0.002932 -0.044777  0.188910  0.028543
 0.000000  0.257130 -0.079886 -0.231770 -0.198427  0.356788 -0.019625 -0.131188 -0.147336  0.066159 -0.038790  0.013837  0.072761  0.352510 -0.231999 -0.075412 -0.021974  0.053224  0.071742  0.235091 -0.183164 -0.018170  0.096379  0.173923 -0.339914 -0.031255 -0.030949 -0.233908 -0.177921 -0.361517 -0.031333
-0.000000  0.257130 -0.135023  0.061433  0.134972  0.036219 -0.124158  0.314736 -0.056789 -0.213977  0.084495 -0.052042  0.103766  0.216926  0.050217 -0.306098 -0.313309 -0.325348  0.214514 -0.217387  0.096612 -0.118134  0.056734 -0.098336  0.024469  0.122804 -0.449994  0.017385  0.011112  0.058276 -0.097539
-0.000000  0.257130  0.103613  0.091887 -0.026208  0.227376 -0.104144  0.261164  0.079769 -0.046964 -0.147534 -0.013064 -0.276372 -0.002391  0.021204 -0.181806  0.341259 -0.016686 -0.005095  0.250369  0.152383 -0.117464  0.068595  0.101767 -0.111490 -0.112709  0.147733  0.516003  0.163507  0.036415 -0.264696
-0.000000  0.257130 -0.041643  0.085247 -0.139687 -0.246680 -0.273114  0.091250  0.029417  0.201553 -0.214355 -0.323911 -0.059753 -0.100971 -0.181915  0.298906 -0.044718  0.154271  0.294897  0.066988  0.195746  0.234788 -0.314482 -0.082428  0.010700  0.218600 -0.121962  0.068757 -0.045449 -0.216742  0.010586
-0.000000 -0.257130  0.008206 -0.026022 -0.076666  0.106615 -0.058868 -0.320215 -0.110206  0.115139  0.125103  0.194288  0.022297 -0.045665 -0.014982  0.279961 -0.249558 -0.283095  0.070058  0.433173  0.252364 -0.077480  0.081779 -0.047349 -0.130630  0.223212 -0.209434  0.269101 -0.025882  0.185700 -0.134152
-0.257130 -0.000000  0.254132  0.045395 -0.462553 -0.183390  0.217941  0.170376  0.132184 -0.149533 -0.072540  0.112924 -0.143440  0.149781 -0.031587 -0.000160 -0.282278  0.196626  0.043343  0.049455  0.160991 -0.010475  0.401678 -0.027862  0.117491  0.212422  0.114613 -0.144706  0.177949 -0.045477 -0.060989
 0.000000  0.257130 -0.040085  0.421289  0.029710 -0.001878  0.158347  0.153719 -0.235645  0.183271  0.021234  0.083532  0.250940 -0.074059  0.163091  0.082938  0.168816 -0.205226  0.081557  0.383099  0.048196 -0.037944 -0.032408 -0.012620  0.150126 -0.050290  0.118181 -0.445465  0.175858  0.073705 -0.062362
-0.000000  0.257130 -0.002215 -0.232737 -0.064742  0.045164 -0.125503 -0.331842  0.025599  0.023468 -0.200601  0.306645  0.100986 -0.244284 -0.061307 -0.113877 -0.041124 -0.130615 -0.096368 -0.191524  0.050485  0.259413 -0.029966 -0.049482  0.025582 -0.057918 -0.077391 -0.055415  0.596632 -0.079119 -0.111016
-0.000000 -0.257130 -0.268711  0.231975  0.130554 -0.262911  0.153693 -0.072796  0.145679  0.154656 -0.100084  0.063640 -0.101572  0.238802 -0.033758 -0.300297 -0.029312  0.005751  0.150000  0.189971  0.140492  0.406806  0.133186 -0.040908 -0.153204 -0.378216 -0.131037  0.061431  0.059323 -0.114411  0.081945
-0.000000  0.257130  0.117336 -0.037897  0.101049 -0.156399  0.121600 -0.311422 -0.109585 -0.003165  0.278896  0.005978  0.128582 -0.204104  0.136416 -0.189682 -0.145252  0.091149  0.366878  0.015838  0.092366 -0.078042  0.116599  0.287797  0.294997 -0.110812  0.159358  0.262249 -0.159984 -0.272194  0.034098
 0.257130  0.000000 -0.098406 -0.052601 -0.012003  0.097845  0.025492  0.368882  0.242341  0.117459 -0.030664  0.241663  0.050559 -0.250401 -0.084676  0.111321 -0.168122 -0.361270  0.120778 -0.033996 -0.259161  0.305664  0.220335  0.016864 -0.000977  0.117958  0.308091  0.108211 -0.191779 -0.118549  0.054566
 0.257130  0.000000  0.418105  0.091963 -0.122140  0.133004 -0.001561 -0.083002 -0.006160 -0.131052 -0.069121 -0.031726 -0.238553  0.023521 -0.136258  0.041494  0.168105 -0.356122 -0.149611 -0.047237  0.292522  0.133352  0.043157  0.093602  0.275677 -0.178208 -0.241721 -0.149780 -0.216867 -0.146451  0.244128
-0.000000 -0.257130 -0.097470 -0.127132  0.020617  0.114808  0.015344  0.233981 -0.519588 -0.266830 -0.238005 -0.169010  0.060030 -0.271820  0.061799  0.074210 -0.090909  0.030235  0.140976 -0.038481  0.239250  0.024456  0.132531  0.179416 -0.230658 -0.113648  0.087604 -0.002737  0.180341 -0.069428  0.277785
 0.000000 -0.257130 -0.038811 -0.085458  0.157003  0.115968 -0.468247 -0.058055  0.029400 -0.043740 -0.267980 -0.079715 -0.026798 -0.028219 -0.013824 -0.348059 -0.121987  0.078386  0.033395  0.232116  0.051896  0.081625  0.032955  0.135915  0.372021  0.137426  0.195572 -0.268857 -0.138101  0.113804 -0.236180
 0.192847 -0.064282 -0.172598  0.016990 -0.023326  0.198281  0.282278 -0.024152  0.313265 -0.263697  0.182553  0.034725 -0.218879 -0.302782 -0.309357 -0.069389 -0.055232  0.101363  0.307597  0.044463  0.171654 -0.181778 -0.296911 -0.009028 -0.093160 -0.058721  0.009747 -0.262265  0.059120  0.053971 -0.134516
-0.257130  0.000000  0.191814 -0.236307  0.297451 -0.149575  0.025429 -0.046770 -0.020826 -0.188233  0.046499 -0.112603  0.164336  0.098025 -0.380050 -0.022825  0.212985 -0.254504  0.136188  0.091635  0.114167 -0.013777  0.072210 -0.488175 -0.042097  0.016754  0.307533 -0.008075 -0.008253 -0.062094  0.028897
 0.192847  0.064282 -0.263976  0.140855 -0.190990 -0.066112 -0.014254 -0.066167 -0.021160 -0.347634  0.044523  0.021336  0.201241  0.356061 -0.136187  0.004104 -0.178378 -0.091612 -0.267058  0.080977  0.117822  0.051402 -0.341405  0.123993  0.144490  0.050596  0.365288  0.215920  0.101893  0.019589  0.182606
 0.257130  0.000000  0.162041  0.101290 -0.041604 -0.226872 -0.281701  0.059708 -0.268897 -0.188654  0.551758  0.007140 -0.163483 -0.122844 -0.078641 -0.168499  0.072018  0.128772 -0.111760  0.123818 -0.150704  0.305039  0.080228 -0.037880 -0.230573  0.149576 -0.016185 -0.081800  0.099040 -0.005377 -0.083169
-0.257130  0.000000 -0.405515 -0.104561 -0.285154  0.042853 -0.012148  0.017864 -0.238157  0.220638  0.180625 -0.103150 -0.402332 -0.148608 -0.160646 -0.173271  0.026406 -0.175505 -0.070937  0.058615 -0.155792 -0.120920  0.020507 -0.183738  0.334016 -0.036529 -0.005858  0.059333  0.053585 -0.019473  0.231725
 0.000000 -0.257130 -0.020021 -0.268855 -0.083644  0.110227 -0.163692  0.212634  0.223868  0.135270  0.411559 -0.181359  0.208087  0.232414  0.022979  0.222405  0.193139 -0.036324  0.173716 -0.016327  0.092706  0.052112  0.049358  0.233415  0.222292 -0.151410 -0.058587 -0.026836  0.355214 -0.090169 -0.062910
-0.257130 -0.000000  0.043814 -0.039218  0.205108 -0.144320  0.227459  0.210706 -0.005277  0.018065  0.021034 -0.136466  0.134390 -0.220971 -0.385258  0.012621 -0.194509 -0.039280 -0.457849  0.163421 -0.042322  0.045823 -0.063162  0.335537  0.058171 -0.081708 -0.211813  0.054096 -0.022910 -0.119706 -0.260042
-0.000000 -0.257130 -0.151406  0.295651  0.150737  0.110183 -0.030270 -0.027097 -0.084747 -0.206161 -0.043377  0.194618 -0.047865  0.018161  0.047335  0.159422  0.125373  0.064299 -0.044637 -0.068716 -0.091812 -0.138249  0.032199 -0.176202  0.181135  0.174103 -0.083648  0.073418  0.083057 -0.669708 -0.224076
 0.257130
