1 13
 0.277350 -0.031874  0.203947  0.247384 -0.065668  0.319020  0.263139 -0.002542 -0.403081 -0.511443 -0.253248 -0.105870  0.380187
 0.277350  0.000143 -0.015049  0.265567 -0.206074  0.297343 -0.242613 -0.141673  0.160222 -0.053989  0.524368 -0.549733 -0.191725
-0.277350 -0.113077  0.042249  0.709998  0.157691 -0.273382 -0.400161  0.109775 -0.006912 -0.234036  0.110980  0.247945  0.063338
-0.277350  0.111337 -0.261734 -0.340105  0.352542 -0.186927 -0.275981 -0.295984 -0.326159 -0.256806  0.136106 -0.368786  0.276855
-0.277350 -0.481463 -0.214924 -0.076852 -0.143794  0.274279  0.247725  0.011545  0.000889  0.068610  0.503295  0.252821  0.399789
-0.277350  0.073381 -0.043397 -0.219903 -0.585747 -0.193362  0.037566  0.281711 -0.149853 -0.502533  0.113038  0.014268 -0.343822
-0.277350 -0.536781  0.339699 -0.083694 -0.054895 -0.104722  0.007294 -0.152116  0.450577 -0.152787 -0.326743 -0.373496  0.052405
 0.277350 -0.006281 -0.415360  0.154303 -0.419905 -0.420185  0.086723 -0.530819  0.137751 -0.024277 -0.130702  0.105488  0.191739
-0.277350  0.530183  0.546052  0.023252 -0.095050 -0.039353  0.213143 -0.357673  0.177431 -0.008358  0.274950  0.114891  0.197429
 0.277350 -0.362158  0.268872 -0.101328  0.295202 -0.233470  0.197029 -0.344261 -0.235326 -0.177236  0.287462  0.223742 -0.436903
 0.277350  0.069524 -0.026621 -0.322478  0.110064  0.241196 -0.381354 -0.011670  0.464298 -0.455160  0.017017  0.402753  0.111548
 0.277350 -0.160514  0.423924 -0.220272 -0.314596 -0.260666 -0.453616  0.152945 -0.270280  0.275079  0.098604  0.030282  0.337112
-0.277350 -0.074739  0.031768  0.010480 -0.231723  0.466705 -0.360278 -0.475278 -0.292389  0.138882 -0.268124  0.219019 -0.254035
 0.277350
