2 49
 0.203595 -0.000000  0.121509 -0.084727  0.124125  0.129601  0.065519  0.024512 -0.105400 -0.078652 -0.040736  0.045349 -0.011582  0.112237  0.056322  0.040336 -0.320227 -0.152780 -0.094710  0.026837  0.058503  0.214389  0.284319 -0.175864 -0.224742 -0.136241 -0.168172  0.314361  0.072380 -0.274465  0.086382  0.140785  0.165928  0.117942  0.059619  0.128499  0.076886 -0.197375  0.094971  0.068676 -0.225138 -0.258810 -0.076065  0.034000 -0.029528 -0.012448  0.114925 -0.035375  0.001406
-0.203595  0.000000  0.198027 -0.002028 -0.089445  0.131884  0.209185 -0.342041  0.138029  0.059929  0.057852  0.042727 -0.092560 -0.056217 -0.185668  0.133005  0.000890  0.067395  0.192700 -0.062501 -0.181859  0.086086  0.074040 -0.077783  0.276617 -0.092246 -0.087497 -0.033691 -0.026459  0.219481  0.157020 -0.065762 -0.105403  0.018009  0.068812  0.197143 -0.074937 -0.264313  0.050422 -0.043951 -0.026768 -0.221567  0.236846  0.199563 -0.189273  0.136239  0.032231 -0.142595  0.125458
-0.203595  0.000000 -0.451747  0.048494  0.163799  0.130745 -0.059007 -0.142178 -0.140271 -0.029141  0.098405 -0.000201  0.128026 -0.089676  0.035283  0.148787  0.018174 -0.239736 -0.030636  0.091508 -0.248132 -0.016043  0.043688  0.141460 -0.148043 -0.096203 -0.049160 -0.131253  0.138693 -0.087649  0.064287 -0.015226  0.206064 -0.148314  0.195760  0.082589 -0.084717 -0.131724 -0.111778  0.152118  0.192682  0.061161  0.038895 -0.291506 -0.151945  0.129452  0.081151 -0.166687  0.046701
-0.050899 -0.152696 -0.106340 -0.108016 -0.244612 -0.164342 -0.098845  0.273908  0.015351  0.331421  0.045751  0.062602 -0.191877  0.106572 -0.232093 -0.126184 -0.018494 -0.159626  0.145933  0.140033  0.051033  0.016814  0.030560 -0.171975 -0.036591 -0.194208  0.208388  0.201766  0.000886 -0.015475  0.036137  0.021581  0.177332  0.055775  0.077185 -0.005351 -0.228446  0.096587 -0.020453 -0.008882  0.186786 -0.115868  0.114704 -0.022218  0.120300  0.092942 -0.213219 -0.187725  0.227516
-0.203595 -0.000000  0.050091 -0.171111 -0.072852 -0.011690  0.205631  0.241998 -0.016028  0.020029  0.067067 -0.290000  0.249407  0.007699  0.151874 -0.139602 -0.015641  0.182611 -0.161239  0.150175  0.139000  0.176546 -0.056608 -0.023263 -0.045333  0.149811 -0.050108 -0.056876  0.129418  0.280558  0.098665  0.128311  0.322777 -0.111420 -0.047559  0.067762  0.007592 -0.247144 -0.049833  0.114391  0.088706  0.030962  0.236124  0.132931  0.123348 -0.142114 -0.008213 -0.080773 -0.117046
-0.203595  0.000000  0.103726  0.017599  0.104210  0.301378 -0.046609  0.021102  0.157942  0.011200  0.017250  0.050061  0.030368  0.222646  0.224788 -0.245092  0.060367 -0.076650 -0.016267  0.245350 -0.123281 -0.043923  0.125825  0.008113 -0.004853 -0.118927  0.434475  0.110534 -0.030944  0.077328  0.148351 -0.028562 -0.061380 -0.201602  0.038072 -0.389911  0.138909 -0.034081  0.165674 -0.039178 -0.051954 -0.006543 -0.039559  0.060985 -0.145097 -0.001579  0.151859  0.058370  0.058346
 0.203595 -0.000000  0.053432 -0.319116 -0.082062  0.016663 -0.030471  0.057178 -0.204174 -0.260342  0.025376 -0.008190  0.183697 -0.061348 -0.306492 -0.255601  0.045394  0.133339 -0.145129 -0.013743 -0.013908 -0.199287  0.104717 -0.017095 -0.123981 -0.115497 -0.102661 -0.020145 -0.106609 -0.032305  0.084156 -0.067726 -0.308967 -0.256333 -0.019988 -0.050935 -0.163214 -0.046598  0.082220  0.232833 -0.031822  0.152106  0.087218  0.039766 -0.066085  0.038125  0.058498 -0.177033  0.227686
-0.203595  0.000000  0.133304  0.127572  0.075107  0.035627  0.348474  0.071061 -0.175985 -0.031553 -0.131267  0.174705 -0.011054  0.003499 -0.106979  0.028194  0.015102 -0.028132  0.100876  0.128687  0.118528 -0.474955 -0.260921 -0.091611  0.065877  0.041174  0.155319 -0.018238  0.284204 -0.317174  0.084282  0.050376  0.025575 -0.081338 -0.043977  0.150171 -0.113063 -0.140300  0.065053  0.118967 -0.043572 -0.008138 -0.077218  0.059435  0.138101  0.036980  0.019640  0.131702 -0.037639
 0.000000 -0.203595 -0.029596 -0.088222 -0.024314 -0.185550  0.085741 -0.074843  0.263840 -0.081374 -0.006672 -0.213841  0.047296  0.250912 -0.068261 -0.062530  0.095744  0.157311  0.195815  0.060980 -0.212075 -0.046196 -0.051642  0.012935  0.058933 -0.074579 -0.181605 -0.064358 -0.098508 -0.283595 -0.042929 -0.133673  0.325311 -0.171566 -0.185596  0.072806  0.100949  0.018801  0.130097 -0.156020 -0.119988 -0.026929 -0.018005 -0.219819  0.045956 -0.183942  0.175732  0.074164  0.247615
 0.203595 -0.000000 -0.046525 -0.026318  0.091556 -0.144703  0.189762 -0.144756  0.065620  0.095593 -0.002943 -0.057965 -0.053142  0.080372 -0.076489  0.140852  0.071514 -0.310930 -0.024105 -0.096212  0.387861 -0.008195  0.109107 -0.261162  0.014585 -0.143393  0.027943 -0.099091 -0.056491  0.027094 -0.092373 -0.083881  0.128778 -0.094028 -0.129625 -0.176321 -0.037442 -0.184097  0.008182 -0.035606  0.246416  0.319159  0.098831  0.132998 -0.227889  0.007260  0.207427  0.166714 -0.041480
-0.000000  0.203595  0.003430  0.123611 -0.255039 -0.003256 -0.036446 -0.116609  0.055810 -0.050109 -0.023816 -0.304231 -0.065453  0.036126  0.153484 -0.045531  0.157730  0.073894 -0.201708  0.021143  0.186056 -0.018912 -0.153441 -0.013293  0.210714  0.072478 -0.047175  0.202146  0.128269 -0.341761  0.122725  0.138122 -0.070758  0.257203  0.044573 -0.158244  0.022730 -0.068866  0.087651  0.017161  0.015745  0.095023  0.183438 -0.229355 -0.253138  0.123588 -0.075984 -0.182936  0.132129
 0.203595  0.000000 -0.150366  0.037764 -0.085991  0.051709  0.052602 -0.237649  0.016496  0.051653 -0.285618  0.029980  0.125549 -0.008045 -0.036301 -0.042465 -0.003060  0.089256  0.093104 -0.164740  0.193312 -0.076720 -0.103933  0.175102  0.099470 -0.281292  0.025802  0.025616 -0.096774  0.170666  0.340018  0.143456  0.118266  0.046649  0.190494 -0.221842 -0.051256 -0.066283 -0.065893 -0.008492 -0.043560 -0.078830 -0.086370 -0.119912  0.386505 -0.080725  0.213751 -0.120365 -0.090439
-0.203595 -0.000000  0.012514 -0.169848 -0.173777 -0.063370 -0.162683  0.134427  0.193893 -0.071459 -0.152916  0.023921 -0.043880 -0.120706 -0.002570  0.127298  0.169819 -0.004746  0.082720  0.064717  0.129703  0.000320  0.198612  0.232122  0.073189 -0.063294 -0.230966  0.225271  0.207131 -0.133562  0.017489 -0.175374 -0.031142 -0.179037  0.004127 -0.166691 -0.287427 -0.036434 -0.270456  0.010802 -0.060680 -0.146510 -0.090587  0.099659 -0.166359 -0.123669  0.071465  0.125999 -0.266196
 0.000000  0.203595 -0.121402  0.117851  0.029940 -0.166817  0.222754  0.186662 -0.186634  0.018115 -0.177542  0.148027 -0.279486 -0.210748  0.109611  0.019855  0.025998  0.032696 -0.202692  0.089572 -0.094107  0.074772  0.110585  0.098640  0.070993 -0.117198 -0.134124  0.034889 -0.051074  0.029878  0.279515 -0.071752  0.067173 -0.171597  0.106973  0.003238  0.149211  0.032111 -0.074549 -0.265505 -0.139405  0.201288  0.103091  0.111710  0.009315 -0.078538 -0.106929  0.155811  0.333778
-0.203595  0.000000  0.292086  0.089207 -0.055060 -0.156684 -0.003132 -0.046270 -0.086755 -0.213038  0.036794  0.059545  0.179859  0.074785 -0.077053  0.198025  0.045823 -0.116331 -0.003750  0.030477  0.124763  0.138833  0.085302  0.062808  0.080131 -0.203218 -0.043013  0.022306 -0.022620 -0.113155  0.061412 -0.127561  0.029731 -0.128222  0.258952  0.050937  0.244681  0.294671  0.316632  0.009217  0.245349  0.111213  0.006306  0.037679  0.119358 -0.126631 -0.140550 -0.230319 -0.193534
 0.203595  0.000000  0.039458  0.116994 -0.128716  0.102389  0.005360 -0.403509  0.088514  0.000933 -0.168407  0.008349  0.050325  0.006320 -0.059614 -0.228882  0.119694 -0.002663 -0.099393  0.095723 -0.154214 -0.237955  0.130768  0.027725 -0.225301  0.137290 -0.002143  0.164701  0.138211  0.036029 -0.247434 -0.005505  0.289937 -0.031682  0.236074  0.072360 -0.074359  0.059709 -0.030755 -0.144564 -0.023836  0.129567  0.112380  0.253493 -0.009784 -0.083295 -0.249653 -0.010598 -0.088840
 0.203595  0.000000 -0.070370 -0.017013  0.002843 -0.139321  0.070335  0.125459 -0.184857 -0.075767 -0.011663  0.143021  0.308960  0.200995  0.251760  0.076657  0.044973 -0.176285  0.006034  0.081513 -0.137131 -0.060851 -0.441192 -0.034871  0.111205 -0.077008 -0.022249  0.220320 -0.130820  0.114409 -0.085052 -0.326725 -0.015257  0.106197  0.062072  0.009558 -0.084979 -0.010150 -0.093412 -0.079962 -0.102353 -0.156356  0.163787  0.124382 -0.195812 -0.065455  0.059576 -0.120802 -0.044970
-0.000000  0.203595  0.020774  0.028505  0.094345 -0.015953 -0.012784  0.053097 -0.197814 -0.307292 -0.216418 -0.184872 -0.139889  0.169311 -0.022108 -0.080543  0.086964 -0.089189  0.407176  0.070924 -0.125428  0.193156 -0.087091  0.041788  0.014608  0.106830 -0.055861  0.040097 -0.058987  0.081408 -0.006701  0.333625  0.031984  0.015041 -0.015088 -0.002581 -0.210245 -0.011155  0.008382 -0.076955  0.211432  0.116527 -0.306110  0.219294 -0.109046 -0.025857  0.043413 -0.117119  0.093915
 0.000000  0.203595 -0.216164 -0.087287  0.261192  0.130156  0.026906 -0.038649 -0.149806  0.017191 -0.110488 -0.157259 -0.209968  0.076053  0.066144 -0.088554  0.174829  0.022096  0.168545 -0.044351  0.138055 -0.099910  0.150627 -0.003992  0.131062  0.155082 -0.122129  0.216722 -0.017645  0.036504 -0.170405 -0.245485 -0.017420 -0.090535 -0.019264  0.000290  0.218617  0.145956  0.076152  0.246896  0.140713 -0.270102  0.259110  0.042814  0.254937  0.110932  0.055840  0.010489  0.029220
-0.203595  0.000000  0.057429 -0.349867  0.189015  0.200022  0.072825 -0.116401 -0.097656  0.154608  0.141560  0.095620  0.066703  0.037796 -0.035049 -0.043411 -0.030953  0.065127  0.146003 -0.233972  0.091877  0.091485 -0.162871 -0.012667 -0.129668  0.195049 -0.104390  0.154204 -0.038347 -0.074833  0.153016 -0.105681  0.009819  0.184618  0.286335 -0.112004 -0.166526  0.094144  0.056303 -0.087246  0.063651  0.180747  0.033589 -0.112517 -0.066374 -0.276918 -0.095077  0.272157  0.141074
 0.000000  0.203595 -0.011297  0.014972 -0.031994  0.133820  0.108006 -0.059456  0.042473  0.242586 -0.236394  0.118586  0.168543 -0.065543 -0.114559  0.166435 -0.077276  0.058814 -0.050535  0.038924 -0.018050  0.175758 -0.156268  0.056230 -0.209681  0.190796 -0.097632 -0.016222 -0.180969 -0.126691  0.101628 -0.132621  0.157629 -0.184270 -0.373214 -0.266681 -0.090883  0.089584  0.208846 -0.007503  0.028188 -0.105757 -0.084403  0.063052 -0.053321  0.252150 -0.197254 -0.148629 -0.033084
-0.000000 -0.203595 -0.220057 -0.233883 -0.054603  0.117405  0.025522  0.033473  0.020389  0.189871 -0.131569  0.121367 -0.142299  0.135813  0.179540 -0.116806 -0.060349  0.139372  0.172525  0.188868  0.081382  0.010522 -0.049120  0.026101 -0.001734 -0.069542 -0.212016  0.005539 -0.029604 -0.064489 -0.040212 -0.026682 -0.240227 -0.035811  0.056673  0.194845  0.158476 -0.190142  0.151334 -0.196239 -0.021998  0.353212 -0.052249 -0.001036 -0.005447  0.205823 -0.056631 -0.171067 -0.320321
 0.000000  0.203595  0.121096  0.136702  0.048987 -0.034609 -0.068078  0.273501  0.049642 -0.035726 -0.243751 -0.098099  0.075855 -0.179931  0.001694 -0.298942 -0.181352  0.003862  0.334664 -0.365863 -0.060644  0.012955  0.013425 -0.089720 -0.077854 -0.131083  0.103663 -0.206541  0.002744 -0.123153 -0.068404 -0.175155  0.092023 -0.043011  0.165394 -0.046088  0.065043 -0.167190 -0.002938 -0.041662 -0.060597 -0.007582  0.220548 -0.144331 -0.167002  0.052135 -0.134307 -0.007362 -0.168055
 0.203595  0.000000  0.126865  0.013924 -0.062363  0.177678  0.206836  0.088170  0.000043  0.044489 -0.076762  0.161168 -0.291988  0.329811  0.091669 -0.021244  0.013097  0.061322 -0.058633 -0.061066 -0.007463 -0.070847 -0.001171  0.069310 -0.055806 -0.121427 -0.182125 -0.266674  0.276291  0.224135  0.049867 -0.012411  0.029237 -0.025282 -0.070677 -0.020956 -0.029157  0.198161  0.003928  0.192855  0.130630 -0.127449 -0.021808 -0.255127 -0.275472 -0.240538 -0.138175 -0.100694 -0.032778
 0.000000 -0.203595  0.223323  0.295949  0.159382 -0.052910 -0.059506  0.008582 -0.162303  0.182587  0.096322 -0.117915 -0.079924 -0.149845  0.000430 -0.070127  0.160534  0.087373  0.120315  0.042002 -0.026041  0.149892 -0.111948  0.092376 -0.210543 -0.188895 -0.171469  0.123781  0.261615  0.144110 -0.012780 -0.101431  0.055852  0.089884 -0.068828 -0.088396 -0.165807  0.165283  0.175597  0.108358 -0.221916  0.211248  0.108465  0.017396  0.020448  0.204711  0.291060 -0.015233 -0.007232
-0.203595  0.000000  0.061022 -0.053223 -0.025252 -0.071155 -0.195527 -0.287088 -0.505827  0.066304 -0.061058 -0.015334 -0.252249  0.039844  0.025858 -0.113278  0.115464  0.080855 -0.162103  0.000839  0.061626  0.117827  0.021787 -0.183665 -0.004341  0.001754  0.185529 -0.177719 -0.103305 -0.090250 -0.049744 -0.165835  0.064949 -0.058788 -0.148840  0.001354 -0.120612 -0.114272 -0.071182 -0.168715 -0.160505 -0.115573 -0.034402 -0.095754  0.007042 -0.243279  0.050811 -0.195850 -0.170990
-0.000000 -0.203595  0.174471 -0.207729  0.042163 -0.015402  0.072880  0.080249 -0.238380 -0.108987 -0.057052 -0.041049  0.056183  0.226072 -0.059916 -0.029834  0.114887 -0.120867 -0.185641 -0.264992 -0.181658 -0.051426  0.185484  0.257193  0.183739  0.033432  0.033422  0.023877  0.075518  0.047284  0.078626  0.005873  0.151800  0.136773 -0.117967 -0.074238 -0.029855 -0.051837 -0.020203 -0.258715  0.076963 -0.001296  0.031541 -0.115364  0.068431  0.454467 -0.114741  0.166017 -0.122959
 0.000000  0.203595  0.024700  0.091380  0.139942 -0.046452 -0.024211  0.015675  0.195979 -0.094514  0.088577  0.286085  0.121610  0.229077  0.035975  0.050268  0.279589 -0.100452  0.093262 -0.124281  0.057085  0.121798  0.109844 -0.252159 -0.038713  0.164931 -0.026887  0.107567  0.119141  0.087495  0.068078  0.140713 -0.107076 -0.233501 -0.098196  0.077019 -0.156961 -0.014781 -0.128994 -0.123709 -0.268331  0.154795  0.166321 -0.271402  0.225208  0.042607 -0.084421 -0.173485 -0.008180
 0.203595 -0.000000 -0.110544  0.117899  0.045515 -0.274264 -0.013221 -0.042808 -0.183314  0.239668  0.224410 -0.070618  0.086857  0.018372 -0.162198 -0.035688 -0.215924  0.009900  0.107358  0.015253 -0.174208 -0.037919  0.065944  0.030685  0.140218  0.222108 -0.076074  0.100722  0.345134  0.007901  0.078565  0.091406 -0.211274 -0.223626  0.017551 -0.271922  0.086989 -0.156714  0.176428 -0.197259  0.108255 -0.137558  0.001687 -0.022302 -0.023935 -0.195766 -0.018072 -0.010793 -0.124679
 0.000000  0.203595  0.053250  0.103818 -0.032274  0.020513 -0.297890  0.069189  0.130266  0.035128  0.008851 -0.061120 -0.127201  0.259419  0.125146  0.134124 -0.157101  0.102187 -0.151419 -0.132777 -0.295438 -0.160571  0.017132 -0.125431 -0.099644 -0.010727 -0.085871 -0.028219  0.037599 -0.090470  0.267583 -0.266992 -0.031195  0.123715 -0.058251  0.053685 -0.180897 -0.135831  0.023668  0.034919  0.272099  0.180496  0.039073  0.214071  0.284718 -0.049733  0.140790  0.004775 -0.049707
-0.203595 -0.000000 -0.203669  0.107771 -0.143074 -0.095722  0.169437  0.029652  0.048696 -0.073572 -0.092974  0.246784  0.141781 -0.104785 -0.124401 -0.400048  0.083125  0.004378 -0.109307 -0.063360 -0.087033  0.045827  0.122116 -0.332990  0.011071  0.133703 -0.150777  0.068400  0.074077  0.067291  0.118536 -0.100328  0.009850  0.263550 -0.075635  0.028161  0.116928  0.186293  0.012397 -0.046200  0.181609 -0.045747 -0.191623 -0.035079 -0.108938  0.030901  0.315027 -0.021720 -0.110032
 0.203595  0.000000 -0.015369 -0.150323 -0.009952 -0.096443 -0.127276 -0.110586 -0.043037 -0.163223 -0.037661  0.139287 -0.053317 -0.145149  0.136907  0.062064 -0.174245  0.193794  0.099717  0.251989 -0.131693  0.069293  0.060896 -0.267384  0.347588  0.080098  0.105609 -0.002326 -0.027188  0.052213  0.139905  0.037107  0.237625 -0.059363  0.050400 -0.016291 -0.219323  0.178833  0.169178  0.242275 -0.026751  0.113435  0.106996 -0.156116 -0.063253  0.121139 -0.037350  0.245163 -0.201934
 0.000000  0.203595  0.016833 -0.070222  0.031308 -0.001220 -0.150490  0.093067 -0.048461  0.064351 -0.229332  0.180576  0.211640 -0.077982 -0.054410  0.146108  0.140038  0.039421  0.070284  0.277088  0.033091 -0.092138  0.232208  0.168867 -0.066650 -0.062371  0.037782 -0.105517  0.033663  0.093919 -0.152801  0.089821 -0.049599  0.370786 -0.157889  0.079262 -0.061083 -0.150806  0.330498 -0.169454  0.093382 -0.037456  0.236488 -0.161781  0.002099 -0.204701  0.105948  0.081857  0.096853
-0.203595  0.000000 -0.153973 -0.178651  0.201501 -0.161134  0.028250 -0.010171  0.088393  0.193204 -0.319604 -0.071735  0.045046  0.183095 -0.085213  0.056652 -0.165243 -0.032031 -0.194271 -0.168945 -0.150401  0.013593 -0.004390  0.019056  0.116106 -0.046060  0.074965 -0.103336  0.091513 -0.113391 -0.097418  0.305299 -0.105387  0.012955  0.046235 -0.004462 -0.072546  0.344370  0.020483  0.091367 -0.223139  0.069179  0.239624  0.224219 -0.096795 -0.068121  0.153472 -0.114686 -0.065782
-0.000000  0.203595 -0.014598  0.009631 -0.116747 -0.044969  0.004968 -0.004396 -0.152074  0.054703  0.142280  0.203933  0.005252  0.195047 -0.248420  0.137617  0.004266  0.388373  0.156859 -0.065908 -0.073483  0.025275  0.030113  0.160100 -0.076437 -0.074560  0.228087  0.261497 -0.031391 -0.045391 -0.036130  0.066387  0.160698  0.050007 -0.128435  0.020568  0.334021 -0.041035 -0.300950  0.177681  0.010756  0.205175  0.066276  0.020422 -0.179742  0.006835  0.108813  0.009341 -0.104836
-0.203595  0.000000 -0.174465  0.140470 -0.119582  0.094189  0.070198  0.186238 -0.061612 -0.213026  0.023702 -0.129880 -0.100230  0.181471 -0.230688  0.293172 -0.202069  0.134841 -0.035072  0.035954  0.087855 -0.211961  0.098871 -0.163119 -0.046467  0.115751 -0.102871 -0.005850 -0.091168  0.258852 -0.201501 -0.097535  0.093738  0.080733  0.234630 -0.284227 -0.065714 -0.028796  0.137846 -0.112283 -0.286390  0.054212 -0.062549 -0.090439 -0.012336  0.069308  0.022863 -0.063270 -0.015608
-0.000000 -0.203595  0.095764 -0.165264  0.147147 -0.173974  0.064174  0.008037  0.067503 -0.034660 -0.004303 -0.005166 -0.123904 -0.250260  0.159845  0.119268  0.018661 -0.156355  0.190730 -0.040419 -0.087306 -0.322436  0.175134  0.027936 -0.072427  0.242028  0.046474  0.050317 -0.084925  0.041522  0.234760 -0.036245  0.109424  0.229629 -0.165699 -0.160304  0.152487 -0.015953 -0.044098  0.121765 -0.105872  0.136851 -0.002791  0.026637 -0.051961 -0.149867 -0.075309 -0.427414 -0.019401
 0.203595  0.000000  0.128543  0.091285  0.132718  0.238982 -0.102440  0.219231  0.023795  0.276489 -0.127363 -0.146806  0.048746  0.051787 -0.395572 -0.000077  0.199326 -0.171646 -0.101430  0.197922 -0.055548  0.102238  0.016196  0.005521  0.294976  0.237378 -0.006086 -0.067842 -0.111320 -0.035116  0.145154 -0.158222  0.051837  0.046622  0.182122  0.148652  0.081583 -0.054540 -0.104432  0.125873 -0.135240  0.132960 -0.129105 -0.073784 -0.045878 -0.111340  0.065606 -0.041632 -0.093542
 0.000000 -0.203595 -0.133401 -0.018615  0.074175 -0.167251  0.060726 -0.102811  0.149379 -0.254089 -0.343761 -0.030362 -0.126966  0.028291 -0.179702  0.064554 -0.036304  0.005038 -0.110010 -0.006626 -0.046984  0.324917 -0.156420  0.052480 -0.138807  0.067471  0.293010  0.174874  0.242911  0.133982  0.000022 -0.265287 -0.178720  0.061828 -0.034095  0.016588  0.059073 -0.235285  0.092994  0.179904  0.022967  0.058927 -0.016408 -0.113227  0.063703 -0.082230 -0.153529  0.064821  0.067083
 0.203595  0.000000 -0.129799 -0.041143  0.061867  0.005572  0.036847  0.124730  0.101941 -0.093885  0.194589  0.229495 -0.065438 -0.009222  0.065050 -0.021022  0.060064  0.210061 -0.021871 -0.148873  0.196661  0.152483  0.072617  0.239526  0.113780  0.219620  0.256944 -0.202085  0.193953 -0.174674 -0.057744 -0.168162  0.182717  0.025869  0.185014  0.050181 -0.157358 -0.009437  0.183335 -0.110840 -0.021817 -0.049938 -0.075316  0.231514 -0.029563  0.072655  0.203908 -0.263394  0.129726
-0.000000 -0.203595 -0.123267  0.194693  0.381190 -0.048050 -0.010793  0.147379  0.060820  0.044932  0.005784  0.004755  0.011953 -0.044776  0.006706  0.062431  0.331021  0.366197 -0.172424 -0.174886 -0.043221 -0.092085  0.039353 -0.138664  0.016700 -0.173738 -0.013728  0.189896 -0.241302 -0.022715  0.018184  0.178129  0.031683 -0.033817  0.050769  0.035619 -0.129290 -0.152974  0.172263  0.032668  0.143834 -0.134105 -0.098698  0.047561 -0.167504 -0.086980 -0.226194 -0.010019 -0.130721
 0.000000  0.203595  0.041992 -0.154057 -0.092823  0.042066  0.087340  0.094540  0.144761 -0.072652  0.182776  0.107186 -0.368199 -0.199581 -0.141865 -0.081026  0.047679 -0.245624 -0.182199 -0.113389 -0.202732 -0.015647 -0.278849  0.154861 -0.013849 -0.003207 -0.006431  0.183444 -0.165498  0.037434 -0.157553  0.155047  0.105760 -0.099903 -0.002796  0.007052 -0.024674 -0.101694  0.276208 -0.010292  0.005152  0.008715  0.096697 -0.131364  0.078852 -0.108028  0.207145 -0.027811 -0.269696
-0.000000 -0.203595 -0.037515 -0.016031  0.143751  0.241089 -0.466235  0.039670  0.019107 -0.239960 -0.063059  0.140220 -0.073939 -0.072233 -0.211179  0.021520 -0.073925 -0.005773 -0.026511 -0.010688  0.176694 -0.074225 -0.299003 -0.109116  0.038531  0.012451 -0.122433 -0.010268  0.177777  0.058489  0.163293  0.114237  0.168497 -0.080446 -0.147175 -0.019028  0.252105  0.056472 -0.050196 -0.248926  0.070023 -0.060631  0.234016  0.134491 -0.105999 -0.012397  0.018037 -0.028752  0.062467
-0.000000  0.203595 -0.171405  0.004073  0.218851 -0.213630  0.043494 -0.097451  0.123614 -0.152410  0.262844 -0.092454 -0.092925  0.170858 -0.214424 -0.201898  0.025168 -0.049473  0.027849  0.262770  0.136969 -0.028526 -0.029731  0.163117 -0.193108 -0.091185 -0.013661 -0.193271 -0.089950 -0.020064  0.334182 -0.059974 -0.028294  0.221362 -0.019088  0.033153 -0.047571  0.067984  0.003060 -0.031174 -0.166499 -0.143037  0.101610  0.106037 -0.062733  0.079424 -0.180589  0.114066 -0.268116
 0.000000  0.203595 -0.177918 -0.251501 -0.111353  0.057168 -0.114405 -0.003855 -0.039566  0.053079  0.117496 -0.017080  0.083315 -0.049064 -0.002757  0.053153  0.293248 -0.092823  0.047413 -0.142963 -0.141773  0.026911 -0.074152 -0.200902  0.117250 -0.264385 -0.052089 -0.130767  0.305121  0.049277 -0.044795 -0.014860  0.122992  0.125305 -0.054080 -0.119275  0.194124 -0.093921  0.192588  0.145230 -0.260904  0.047545 -0.274839  0.218702  0.080690 -0.024615 -0.245757  0.059514  0.039919
-0.000000  0.203595  0.292119 -0.284410  0.193521 -0.357052 -0.116311 -0.060342  0.111846  0.130431 -0.114401  0.031733 -0.059992  0.000094  0.008475  0.073217  0.088491  0.142678 -0.115449  0.138649  0.004691 -0.120113 -0.158169 -0.127769 -0.182099  0.049043 -0.053246 -0.064050  0.087765  0.129061 -0.051286  0.020787  0.041322 -0.063193  0.342121 -0.037757  0.169817 -0.065328 -0.094680 -0.057381  0.093261 -0.151886 -0.203726 -0.119514 -0.055079  0.281876  0.146192 -0.050520  0.087263
 0.050899 -0.152696 -0.094505  0.028311 -0.379574 -0.081908 -0.103428  0.056995 -0.122873  0.050233 -0.096939 -0.046972 -0.031041  0.097647  0.091408  0.170847  0.285314 -0.098049  0.114256 -0.174005  0.005407 -0.018534  0.006099 -0.022356 -0.323566  0.266464  0.086338 -0.097130 -0.099222  0.015197  0.282898  0.123838 -0.054562 -0.140409  0.163149  0.158389  0.111892  0.021288  0.221438  0.087518 -0.098571 -0.146467  0.120161  0.078187 -0.133776  0.045325  0.136597  0.229167 -0.046485
-0.000000  0.203595 -0.062323 -0.081947  0.022896  0.030906 -0.052048 -0.017061  0.019679  0.081681  0.006613 -0.291279  0.078112 -0.075998  0.019964  0.037692 -0.157887 -0.007420 -0.022109 -0.140777  0.158828 -0.197133  0.033100  0.045158  0.017680 -0.081624  0.218274  0.270360  0.110941  0.256933  0.152605 -0.133679  0.040459 -0.144412 -0.164428  0.449033 -0.070525  0.197743  0.153585 -0.196479 -0.064819  0.046783 -0.241553 -0.119738 -0.198237 -0.004793  0.018059 -0.044392  0.000901
 0.203595 -0.000000 -0.025447 -0.166923 -0.001208  0.245619  0.284336  0.094586  0.001748 -0.093174  0.027260 -0.259463 -0.027657 -0.194449 -0.055733  0.254512  0.178298  0.138818  0.056632  0.112836 -0.188122  0.085844 -0.006700 -0.250438 -0.175962 -0.119512  0.205231 -0.039076  0.140451 -0.150062  0.051261 -0.013567 -0.151661  0.047224  0.032365 -0.071097  0.009114  0.229730 -0.162660 -0.310600  0.115544 -0.067239  0.111846 -0.024839  0.094943 -0.017139  0.086783 -0.063089 -0.176906
 0.203595
