2 32
 0.250000  0.000000 -0.270329 -0.002808 -0.202547  0.142206 -0.113600  0.274878 -0.203424 -0.108169 -0.020386 -0.166937 -0.057793  0.011091  0.051381 -0.088626 -0.069672 -0.176618 -0.070177 -0.082182 -0.216432 -0.112293 -0.331345 -0.384568 -0.004854 -0.283765 -0.197946 -0.051513 -0.056812  0.250615 -0.165815  0.196486
-0.250000  0.000000 -0.298392  0.146624 -0.022524 -0.119363 -0.202815  0.005458  0.087569  0.041622 -0.147658 -0.348511  0.342750  0.409433  0.193151  0.114853  0.024196 -0.108152  0.103494  0.081711  0.103162 -0.135403  0.101399  0.089387 -0.140840  0.185391 -0.090692 -0.101484 -0.348698  0.022971 -0.006203  0.104714
-0.250000  0.000000 -0.159956 -0.115665 -0.157259  0.080684  0.026341 -0.055791 -0.081060 -0.122123 -0.050877  0.028625 -0.099628 -0.041141  0.407106 -0.126158 -0.029194 -0.187104  0.329050  0.149085 -0.196889 -0.003682  0.203514  0.213149  0.163351 -0.130465  0.178562  0.122292  0.204085  0.148173 -0.380160 -0.233808
 0.250000  0.000000  0.095412  0.188486  0.013081  0.001809  0.099883 -0.100969 -0.011725 -0.219539 -0.202276  0.003791  0.074008  0.129629 -0.190919  0.153737 -0.025120  0.122080  0.227948 -0.218398 -0.113820  0.095405  0.413191 -0.236008  0.331834 -0.191528 -0.062696 -0.121355 -0.303360 -0.097758 -0.168934 -0.204056
 0.250000  0.000000 -0.095202  0.242361 -0.325229  0.148677  0.112419 -0.132793  0.055325  0.432365 -0.234718 -0.047190  0.296164 -0.225969 -0.236959  0.050925 -0.083869 -0.108318 -0.207561  0.106065  0.056728 -0.061345  0.085472  0.236824 -0.009759 -0.009722 -0.000649 -0.061736  0.135202  0.238775 -0.138534 -0.157327
 0.250000 -0.000000  0.035183  0.017378  0.147101 -0.121625 -0.339950 -0.184076  0.000075  0.287281  0.247939  0.057638  0.030372  0.022668  0.039041  0.270399  0.159237  0.180788  0.337937  0.218117 -0.220790 -0.219258 -0.020705 -0.095963  0.151644  0.002023 -0.047988  0.220526  0.062224  0.313249  0.156069 -0.010519
-0.000000  0.250000  0.071514  0.224778  0.043294 -0.065357 -0.019237 -0.305558  0.021680 -0.057650  0.180540 -0.534659 -0.139911  0.091980  0.127480  0.161287 -0.107324  0.182771 -0.205749  0.043507 -0.156758  0.206439 -0.239126  0.089920 -0.030203 -0.234226  0.065555 -0.147477  0.165343 -0.109365 -0.041371 -0.212114
-0.250000 -0.000000  0.099089 -0.152512  0.252495 -0.059970  0.282137 -0.339810 -0.051048  0.183076 -0.128599  0.177752 -0.110389  0.189386 -0.159216  0.211289 -0.188329 -0.154583  0.063169  0.026596  0.104319 -0.303476 -0.167256 -0.161549 -0.235868 -0.285442 -0.030282 -0.080612 -0.040850  0.097351 -0.249131  0.029075
-0.000000  0.250000 -0.035161 -0.050967  0.003046  0.328474 -0.016544  0.256598  0.197724  0.228402  0.019248  0.130457 -0.068294  0.157383  0.067818 -0.186612 -0.358074  0.275648  0.127383  0.155929  0.168998 -0.118002 -0.250586  0.045538  0.225033 -0.052123  0.008996 -0.050455 -0.263915 -0.087918  0.068493 -0.303299
-0.250000  0.000000 -0.155650 -0.138135 -0.008751  0.179927 -0.155800 -0.117202 -0.166493  0.171210  0.081351 -0.176307 -0.281467  0.186153 -0.179189 -0.067651  0.192999  0.032189 -0.308138 -0.113883  0.305687  0.042723  0.238435 -0.180352  0.258886  0.060849 -0.238682  0.241466  0.078946  0.136965 -0.048019 -0.185168
 0.000000  0.250000  0.117002 -0.071363 -0.174337  0.032725 -0.158841 -0.123539 -0.196488 -0.030651 -0.033716 -0.064064 -0.230519 -0.348828  0.151055  0.085104  0.115197 -0.016795 -0.041810  0.132229  0.175662 -0.353406  0.144255 -0.191892  0.053970  0.197564  0.217916 -0.485817 -0.148347 -0.038430  0.021901  0.038851
-0.250000 -0.000000 -0.270493  0.153383  0.097242 -0.068449  0.165145  0.104665  0.092896 -0.040626  0.191974 -0.124397  0.183447 -0.172324 -0.266769  0.011671  0.130134  0.218475  0.225001 -0.118031  0.203198 -0.125758 -0.182638 -0.005036  0.390418 -0.037643  0.171532 -0.153732  0.236090  0.006107 -0.187549  0.271329
-0.000000  0.250000 -0.303676 -0.090038  0.264661 -0.095925  0.238042  0.049650 -0.150366  0.065021 -0.168975 -0.076506  0.155977 -0.057731  0.083176 -0.091640 -0.209549  0.205787 -0.154342 -0.197522 -0.332408 -0.280105  0.191002 -0.210092 -0.078705  0.226422  0.115807  0.133892  0.198113 -0.046110  0.166989 -0.133592
 0.000000 -0.250000 -0.103779  0.086340  0.078959 -0.025085  0.081186  0.208692 -0.309164  0.257633  0.257623  0.100870  0.124298  0.213748  0.081791  0.055441  0.036358 -0.295572  0.010562  0.065621  0.042952  0.113140  0.101347 -0.134238  0.067031 -0.198108  0.170062 -0.370952  0.185246 -0.144572  0.305749 -0.240541
 0.000000 -0.250000  0.276685 -0.045545  0.126301  0.344394  0.131331  0.081441 -0.162735  0.186882 -0.122148 -0.420849  0.128793 -0.251249  0.249945  0.097509 -0.104941  0.092871  0.191319  0.079600  0.181950  0.001756  0.107391 -0.121785 -0.030384 -0.126683 -0.096114  0.237564  0.038606 -0.215893  0.030500  0.203883
 0.000000  0.250000  0.018232 -0.133014  0.233669 -0.192862 -0.004036 -0.178885  0.217437 -0.022014  0.158711 -0.057195  0.288551 -0.322421  0.078665 -0.313816 -0.012339 -0.390529 -0.009122  0.070425  0.068137  0.009588  0.033843 -0.076250  0.189133 -0.160623 -0.412401 -0.042461 -0.069465 -0.057113  0.085598 -0.096366
-0.000000  0.250000  0.113116  0.202851  0.221076 -0.042969  0.060311  0.349134 -0.375609 -0.130872 -0.021526  0.068624 -0.007048  0.031574 -0.068886 -0.006360  0.259981  0.149224 -0.101379  0.241723  0.013107 -0.234348  0.130275  0.381893 -0.091916 -0.220186 -0.306898 -0.006112  0.008412  0.007923 -0.100619 -0.014364
-0.250000 -0.000000  0.029220  0.063387 -0.014680 -0.032432  0.232608  0.055217 -0.038319  0.182354 -0.112674  0.252351  0.100544 -0.150740  0.381886  0.326162  0.228484  0.135371 -0.212968 -0.028519 -0.167532  0.270448 -0.238909 -0.126612  0.221152  0.166254 -0.236528 -0.069015 -0.171771  0.081452 -0.106924 -0.047025
 0.000000 -0.250000  0.330113 -0.028743 -0.136004 -0.143173 -0.188196  0.101517  0.065562 -0.168147  0.137962  0.050710  0.266841  0.135599  0.104317  0.121076 -0.195315 -0.031135 -0.347137 -0.039653  0.012798 -0.431954 -0.063306 -0.036582  0.241409  0.071690 -0.002880  0.112030  0.168256 -0.189349 -0.248762 -0.135505
-0.000000  0.250000 -0.018137 -0.163877 -0.413129 -0.463932 -0.044385 -0.063190 -0.352215  0.091758 -0.029267  0.121043  0.182522  0.043557  0.046753 -0.026782 -0.207722  0.229405  0.063408  0.041028  0.271250  0.217176  0.017041 -0.068755  0.012307 -0.204891  0.023299  0.175873  0.013699 -0.083224  0.026585  0.153886
-0.000000 -0.250000 -0.185613  0.224047 -0.133829 -0.144106  0.131610 -0.083855 -0.126385  0.037159  0.312360  0.027225 -0.322234 -0.161263  0.058414  0.052400 -0.408808  0.042995  0.150533 -0.174500 -0.006930 -0.127383  0.087264  0.201592 -0.031943  0.196736 -0.441288 -0.086107 -0.066483 -0.064822  0.028703  0.015029
-0.250000 -0.000000  0.057397  0.517893 -0.122883 -0.015991  0.091892  0.006721 -0.016961 -0.077556  0.257399  0.047916  0.049504 -0.195234 -0.035207 -0.144126  0.067835 -0.037287 -0.014571  0.062272  0.049790 -0.092303 -0.009573 -0.304874 -0.239930 -0.075080  0.231967  0.367654 -0.286412  0.076107  0.037652 -0.221747
-0.250000  0.000000  0.349198 -0.206034 -0.162829  0.113203 -0.066117  0.062499 -0.071629  0.033796  0.196145 -0.094128  0.285974  0.015616 -0.135402 -0.195336  0.018316  0.242522  0.205008 -0.238502 -0.162205  0.058803  0.036728 -0.054704 -0.287145  0.089088 -0.175428 -0.306336  0.081851  0.286885 -0.058462 -0.183808
 0.000000 -0.250000  0.159402 -0.033650 -0.046233 -0.391427  0.060531  0.026613 -0.127995  0.232295 -0.322501 -0.259197 -0.187146 -0.022294 -0.067633 -0.329869  0.239622 -0.029223  0.117981 -0.158002 -0.107125 -0.164246 -0.293118  0.141734  0.169510 -0.004970  0.067659  0.032571 -0.172875 -0.061813  0.088000 -0.208155
 0.250000 -0.000000 -0.188059 -0.256178  0.057970  0.239819  0.069539 -0.261620 -0.315909 -0.025515  0.324345  0.032887  0.244797 -0.024556  0.038839  0.031484  0.203471 -0.007882 -0.025236 -0.263381  0.045236 -0.056325 -0.179044  0.263155 -0.061363  0.036222  0.150648  0.107801 -0.330075 -0.176116 -0.163783 -0.091721
 0.250000  0.000000  0.113304  0.274962  0.387249 -0.080691 -0.129234 -0.033187 -0.192889 -0.056624 -0.118449  0.064299  0.025965  0.049746  0.241943 -0.193819 -0.146309 -0.024725  0.063260 -0.167799  0.403286  0.167762 -0.127552 -0.052500 -0.022064  0.264573  0.074582 -0.052940  0.129378  0.319144 -0.222545 -0.077461
-0.000000  0.250000 -0.031123 -0.005619 -0.149557  0.024918 -0.045542  0.172139  0.088778 -0.138402 -0.154120 -0.011720 -0.025369 -0.085328  0.016176  0.431894  0.124401 -0.215069  0.269918 -0.372125  0.249651 -0.100750 -0.172289  0.029806 -0.129695 -0.018892 -0.126073  0.139548  0.230313 -0.062119  0.206705 -0.328441
-0.000000 -0.250000 -0.119355 -0.287153  0.076072 -0.105718  0.145180  0.066424 -0.128493 -0.395567 -0.042766 -0.177465  0.077417 -0.161634 -0.209017  0.216533 -0.177796  0.059893 -0.036979  0.399276  0.118599  0.099300 -0.111953  0.011037  0.051242  0.111561  0.023667  0.003828 -0.134150  0.306095  0.149747 -0.294982
-0.000000 -0.250000 -0.215539 -0.129859  0.163306 -0.178330 -0.277735  0.147129  0.261114  0.097471 -0.023790  0.048840 -0.051641 -0.281602  0.178529  0.066659  0.020609  0.283190 -0.184670 -0.220847  0.132031 -0.013909  0.187894  0.063312 -0.219797 -0.428909  0.095955 -0.102436 -0.118823  0.091626 -0.091074 -0.121621
-0.250000  0.000000  0.126919  0.112481  0.030264  0.193334 -0.129887 -0.174767 -0.168584 -0.149207 -0.121074  0.087050  0.092750 -0.025286  0.059203  0.012424 -0.209500 -0.054165 -0.132418 -0.281743 -0.069594 -0.080742 -0.013872  0.268282  0.275523 -0.239263  0.108847  0.006933 -0.097952  0.315459  0.463448  0.202472
-0.250000 -0.000000 -0.087022  0.082779  0.186552  0.059251 -0.544446  0.015242 -0.254918  0.087253 -0.169531  0.094138  0.050027 -0.253255 -0.322236  0.080972 -0.197203 -0.101941  0.068546  0.053433 -0.215729  0.183336 -0.127811 -0.006751 -0.020107  0.084113 -0.003345  0.013616 -0.018731 -0.323560 -0.168194 -0.080634
-0.000000 -0.250000 -0.210147  0.127313 -0.099851  0.168517 -0.074139 -0.391611 -0.020964 -0.242132 -0.245844  0.205846  0.119581  0.038882  0.105894 -0.226673  0.194842  0.297424  0.046698  0.163699  0.083362 -0.130113 -0.161105 -0.124903 -0.097143 -0.088273 -0.230859 -0.109508  0.234377 -0.197628  0.171419 -0.113547
 0.250000
