3 42
 0.267261 -0.000000 -0.000000  0.022705 -0.272429  0.042657 -0.231653 -0.249985 -0.022999 -0.074689  0.054887 -0.074289 -0.129852 -0.041598  0.097436  0.291102  0.005483  0.073432 -0.122796  0.148253  0.045722  0.339917  0.212132 -0.030272 -0.255144  0.030827  0.252447 -0.040193  0.268857 -0.180523  0.069695 -0.191294 -0.111611  0.025225 -0.123709  0.009948  0.088669  0.122730 -0.251097  0.025007  0.019330 -0.095818
 0.000000 -0.267261 -0.000000  0.048241 -0.321992 -0.144556  0.264508  0.091385  0.095179  0.081312 -0.081721 -0.036151  0.312989 -0.005070 -0.179052  0.014618 -0.016110 -0.167604  0.138098  0.029997 -0.142154  0.172386 -0.144481  0.091406  0.079621  0.080592  0.209433  0.001394 -0.026399 -0.086929  0.074974 -0.004784 -0.299151  0.140420 -0.210968 -0.044176 -0.249984  0.139610  0.079693 -0.345277  0.035669  0.082903
 0.267261  0.000000  0.000000 -0.192097  0.052992  0.341066 -0.147627  0.166074  0.113000 -0.255443 -0.107585  0.135466 -0.104138 -0.137643 -0.168676 -0.003236 -0.267088  0.034361  0.125647 -0.155993  0.312457  0.167940 -0.209405  0.006414  0.256618  0.135145  0.048535  0.148781  0.097375  0.104884 -0.026775  0.092734 -0.046290 -0.157410  0.015257  0.019500  0.001833  0.287086  0.019222 -0.029512  0.049280  0.150231
-0.000000  0.267261  0.000000 -0.055652 -0.089346 -0.186802  0.075598 -0.039364 -0.107665 -0.102786 -0.332141 -0.027389  0.046547  0.208986 -0.101857  0.201168 -0.169998 -0.069072 -0.063728  0.238188  0.329338 -0.204085 -0.256647 -0.171847  0.046701 -0.209882  0.084430 -0.287029 -0.013720 -0.001559  0.263754  0.197397 -0.007056  0.117605 -0.111564  0.039654  0.016028 -0.032841 -0.106152  0.129333 -0.027178  0.054831
-0.000000 -0.000000 -0.267261  0.150658 -0.209348 -0.161943  0.099533  0.143663 -0.081230 -0.173808 -0.001645  0.032362 -0.087160 -0.029357  0.131932  0.050049 -0.099868  0.112368  0.014881  0.163906 -0.171382  0.284100  0.068763 -0.050279  0.413941  0.068523  0.060167 -0.171610 -0.360390  0.065839 -0.233769  0.111891  0.033368 -0.150102  0.089581 -0.125544  0.256676 -0.085704 -0.194404  0.033768  0.025592 -0.035754
-0.000000  0.000000 -0.267261  0.146359 -0.177399  0.132066 -0.012509  0.137450  0.204121 -0.000308  0.020367 -0.117581 -0.166030 -0.358072 -0.115230  0.025742  0.085972  0.011571  0.008513 -0.051389 -0.097569 -0.017504 -0.351597 -0.153915 -0.104403 -0.096320 -0.306105  0.058847  0.154153  0.007221 -0.068436  0.152547 -0.095199  0.268995 -0.251149 -0.020101  0.140872 -0.159902 -0.028359  0.104448 -0.093662 -0.257443
-0.000000  0.000000  0.267261 -0.022030 -0.007120 -0.060475  0.170591  0.150651 -0.019447  0.158586 -0.095380  0.067185 -0.176123 -0.088815 -0.198960  0.266819 -0.190696  0.170359 -0.161224 -0.172880  0.074049 -0.111971  0.181691 -0.004691 -0.104099  0.024034  0.035515 -0.008643  0.134622 -0.077409 -0.227570  0.159031 -0.334456 -0.065934  0.193933 -0.106567  0.166116 -0.350406 -0.004141 -0.243148 -0.106072  0.107463
 0.267261 -0.000000 -0.000000 -0.013529  0.157270 -0.063663  0.136821 -0.156362 -0.131955 -0.058231  0.195788  0.483242  0.197354 -0.156542  0.034812  0.091746  0.231889 -0.054809 -0.056448 -0.027421 -0.120940 -0.003979 -0.332938 -0.122921 -0.003596 -0.017197  0.014947 -0.264259  0.136867  0.175273 -0.134092 -0.231446 -0.063665  0.001942  0.020693  0.106089  0.106437 -0.093960 -0.052742 -0.016918 -0.056067  0.236433
 0.000000 -0.267261 -0.000000 -0.079295 -0.224248  0.082637 -0.229312  0.002258 -0.237344 -0.230287  0.094115 -0.214991  0.046237  0.348291 -0.128384 -0.175480 -0.152550  0.164663 -0.146083 -0.187821 -0.217401 -0.126486 -0.267106 -0.041382 -0.095957 -0.112815 -0.036017 -0.130154  0.043468 -0.078754 -0.140123 -0.001814  0.111717 -0.110421  0.071711  0.191973  0.017008 -0.008559 -0.119574 -0.205917 -0.205864  0.008930
 0.000000 -0.267261  0.000000  0.297101  0.152653  0.136440 -0.214773  0.240519  0.141211 -0.183527 -0.068487 -0.115857  0.089643 -0.089133  0.038255  0.085353 -0.065933  0.001251 -0.164932 -0.039484 -0.222896 -0.025479  0.174871 -0.045134 -0.135412 -0.121566  0.173088 -0.203891 -0.011465  0.225786  0.206308  0.133306 -0.021505  0.142264  0.006117 -0.008504  0.031584 -0.049222  0.116812  0.171387  0.190959  0.402588
 0.000000  0.000000  0.267261 -0.354943  0.092809  0.097407 -0.209922  0.221161 -0.300057 -0.020315  0.211908 -0.016241  0.034894 -0.099648 -0.176280 -0.034077  0.203135 -0.156433  0.120366  0.266509 -0.098501  0.035435  0.077168 -0.227663 -0.036965  0.005133  0.053031 -0.025441 -0.182884 -0.178304  0.029406  0.182322  0.001970  0.073246 -0.213134 -0.195655  0.277154  0.041633  0.114767 -0.075417 -0.039694  0.016083
-0.000000  0.000000  0.267261 -0.097799  0.007253 -0.224058 -0.025022  0.086910 -0.003731 -0.264923  0.156449 -0.187697  0.138711 -0.172138  0.290163  0.131351  0.099632  0.124235 -0.270298 -0.099720  0.125407 -0.073892 -0.275441  0.077892 -0.046046  0.408473  0.051393  0.144866 -0.136317  0.097156  0.094136  0.116874  0.054294  0.164608  0.088545 -0.105597 -0.112450 -0.061166 -0.158390 -0.053764  0.119609 -0.134218
 0.000000 -0.000000  0.267261  0.280208 -0.088353 -0.037842 -0.062328  0.079605  0.188570 -0.080189 -0.064110  0.222253 -0.053103 -0.076123 -0.347170 -0.071845  0.130035  0.182747 -0.045821  0.239029 -0.007135 -0.270598  0.030404  0.190088 -0.167999  0.166342 -0.030342 -0.061384 -0.254175  0.038599 -0.071335 -0.062726 -0.015267 -0.273104 -0.236776  0.190968 -0.001290  0.180328 -0.169661  0.089722 -0.005333 -0.092143
-0.267261 -0.000000 -0.000000 -0.011414  0.021090  0.252600 -0.092924  0.059937 -0.043171  0.106133 -0.077543  0.131004  0.268489 -0.325456  0.129433  0.155692 -0.013064  0.069077 -0.158733  0.129008 -0.095860 -0.033657 -0.049763 -0.242612  0.081542 -0.296059 -0.036246  0.052404 -0.000584 -0.205872  0.068084  0.051363 -0.042707 -0.309169  0.186986  0.029779 -0.293616  0.082044 -0.233879 -0.123046  0.127431 -0.133873
 0.000000  0.000000  0.267261 -0.109617 -0.289979  0.176027 -0.063844 -0.265083  0.378047  0.184117  0.211269  0.050469 -0.078793 -0.007895  0.055831  0.043078 -0.173047 -0.157049  0.017430 -0.105709 -0.099746 -0.061365 -0.023257 -0.131623  0.208666  0.218234 -0.092023 -0.297103 -0.112298 -0.232907  0.050076  0.090535  0.167382 -0.007085 -0.031342  0.034276 -0.098273 -0.191008  0.021702  0.152459  0.057688  0.159215
-0.267261  0.000000 -0.000000  0.127665 -0.224426  0.143288 -0.028428  0.265134 -0.189499 -0.009973 -0.027058  0.258082 -0.038427  0.053400  0.277562  0.056956  0.134876  0.231577  0.113930 -0.060993  0.179422 -0.050542  0.111631  0.052967  0.090045  0.154884 -0.034914 -0.169546  0.312177  0.047076  0.091552 -0.019925  0.265849  0.000055 -0.327230 -0.126243 -0.087170 -0.064753  0.086880 -0.180092 -0.145167  0.082022
-0.000000  0.267261 -0.000000 -0.056909 -0.070687  0.096790 -0.209443 -0.253361  0.097913  0.023027  0.025330 -0.032422  0.069754  0.117316 -0.016559 -0.020048  0.070519  0.141777 -0.248301 -0.056995 -0.018277  0.010039  0.169020 -0.166764  0.202866 -0.118009 -0.141794  0.200129 -0.236968  0.422284  0.024089 -0.067765 -0.235885  0.081729 -0.297295 -0.052448 -0.064107 -0.066392 -0.027758 -0.282530 -0.094828  0.136233
-0.000000 -0.267261 -0.000000 -0.142920 -0.085506 -0.444845 -0.110204 -0.153148  0.227073 -0.160174 -0.096121  0.237329  0.036590  0.018737 -0.057900  0.057121 -0.042577  0.196738  0.224804 -0.077337 -0.073760 -0.079016  0.098266 -0.300679 -0.117560 -0.090690 -0.238447  0.116945  0.085456  0.036805  0.088101  0.040323  0.126456 -0.045150  0.082650 -0.373460  0.038808  0.172252  0.001103  0.005357  0.030134  0.020103
-0.000000  0.267261  0.000000 -0.033888 -0.258535 -0.056996 -0.064331  0.187144 -0.146646  0.312528  0.114207  0.137678  0.221171  0.042664 -0.177269 -0.060760 -0.087536 -0.067096 -0.001681 -0.197680 -0.151824  0.164992  0.023891  0.001015 -0.189732  0.074822  0.135413  0.133207  0.079647  0.300561  0.038223  0.236512  0.088782 -0.044951  0.099753 -0.072400 -0.110999  0.058794 -0.211878  0.364385 -0.168157  0.021867
 0.000000 -0.000000  0.267261  0.017165 -0.179064  0.192988 -0.132549 -0.101805  0.092013  0.049435 -0.131682  0.204135  0.095597  0.006091  0.205278 -0.144900 -0.053430  0.045154  0.103993 -0.053309  0.041517 -0.089707 -0.120408  0.239699 -0.027899 -0.353283  0.295716 -0.077524 -0.108373  0.123131 -0.245721 -0.002403 -0.004250  0.276111  0.107191 -0.237603  0.187142  0.046211  0.083061 -0.010553  0.104706 -0.287855
-0.267261 -0.000000 -0.000000 -0.042711  0.089863 -0.264590 -0.241876  0.203571  0.090572  0.187764 -0.054744  0.132038 -0.220715  0.010863 -0.043842  0.035599 -0.155797 -0.247450 -0.121056 -0.202156 -0.004387  0.147148 -0.229393  0.004384 -0.026075 -0.084719  0.161378  0.124621 -0.087978 -0.017675  0.105926 -0.359625  0.174241 -0.086450 -0.200020  0.055005  0.202603 -0.131319 -0.126303 -0.145232  0.206510  0.024204
 0.000000  0.000000 -0.267261 -0.011973 -0.153801  0.033917 -0.060882 -0.033466 -0.146075  0.123939  0.210659  0.042071  0.087262  0.023219  0.024070 -0.112972 -0.074306  0.257534  0.303275  0.056449  0.153267 -0.301798 -0.001225 -0.085143 -0.093174  0.090648  0.112260  0.215521 -0.049393 -0.083655 -0.037418  0.019182 -0.149261  0.100203 -0.020268  0.163477  0.101600 -0.165147 -0.143478  0.015898  0.499968  0.224967
 0.000000 -0.000000 -0.267261 -0.089494 -0.111399 -0.019936 -0.125289  0.116761  0.267600  0.027581  0.155881  0.174799  0.082928  0.158930  0.211828  0.173506  0.229832 -0.161378 -0.106404 -0.066529  0.067186 -0.170424  0.014558  0.300699 -0.001926 -0.068864 -0.044881  0.081729 -0.081768 -0.180807  0.198851  0.235985 -0.174509 -0.082659  0.139608  0.117306  0.320688  0.178287 -0.005328 -0.085882 -0.233893  0.099822
-0.000000  0.000000 -0.267261 -0.237992  0.094920 -0.041205 -0.174999 -0.021168  0.037639  0.056156  0.028031  0.068792  0.078911 -0.266057  0.006910 -0.239800 -0.453049  0.003816 -0.086626  0.343412 -0.082848 -0.167258  0.060782  0.264842 -0.063185  0.196382 -0.024924 -0.197992  0.081282  0.089620  0.139178 -0.135521 -0.056390  0.072372  0.030695 -0.165126 -0.029650 -0.101723 -0.040894 -0.126206 -0.208416 -0.049727
 0.000000 -0.267261  0.000000 -0.046052  0.181477  0.057186 -0.283198 -0.043034  0.096139  0.225405 -0.217238 -0.028548 -0.033118  0.152459 -0.162072  0.004276  0.369679  0.171959  0.224625  0.072728  0.016149  0.093987 -0.104819  0.005763  0.249694  0.160339  0.157711 -0.064435  0.058579  0.096826  0.200139  0.027798 -0.101320  0.050919  0.198270  0.021080 -0.039205 -0.300287 -0.234179  0.041725 -0.129961 -0.137507
-0.267261 -0.000000 -0.000000  0.139687  0.034872  0.026757 -0.080735 -0.306106 -0.029837 -0.203247 -0.173264 -0.105880  0.149755 -0.138303  0.156932  0.002747 -0.067434 -0.357300  0.277908 -0.115121 -0.005751 -0.139814  0.029735 -0.176117 -0.109050  0.241851  0.219324  0.074881  0.064614  0.144627 -0.109513  0.123054 -0.124798 -0.286895 -0.108577  0.081690  0.197920 -0.087200 -0.007866 -0.033595 -0.196759 -0.061332
 0.000000  0.000000 -0.267261 -0.082899 -0.016389 -0.084613 -0.117442 -0.178386  0.022843 -0.100017  0.118673  0.076390 -0.178777 -0.105181 -0.234894  0.025445  0.214964 -0.177338 -0.058305 -0.022056  0.163890  0.057870  0.077243  0.151368 -0.159036 -0.106343  0.150344 -0.179498 -0.026105  0.122693 -0.178169  0.387369  0.244225 -0.084879  0.017086 -0.019510 -0.309547 -0.143249  0.052365 -0.278012  0.209385 -0.045161
 0.267261  0.000000  0.000000 -0.096012 -0.150554  0.041392  0.002388 -0.018648 -0.210401  0.110974 -0.256278 -0.041110 -0.444085 -0.011660  0.232584  0.082617  0.110461 -0.117986  0.025532  0.090317 -0.380642 -0.294534 -0.186306  0.115795 -0.005396  0.010160  0.041565  0.168237 -0.016781  0.099971  0.071828  0.025466 -0.059678 -0.218117 -0.033961 -0.199070 -0.168553  0.024511  0.040345  0.021474  0.074889  0.151122
-0.000000 -0.267261  0.000000 -0.007141  0.220207 -0.045183  0.263474 -0.122710  0.125546  0.206537  0.168478 -0.029453 -0.114749  0.000849  0.100136 -0.258292 -0.038272  0.123751 -0.269046  0.062380  0.064555 -0.098900 -0.033501 -0.113968  0.154410 -0.099338  0.344640  0.115864  0.176485 -0.016473 -0.066988  0.275329  0.099088 -0.053205 -0.304657 -0.088413  0.080109  0.167639 -0.217395  0.061609 -0.121104  0.060546
-0.000000 -0.267261 -0.000000  0.235726  0.026251  0.161160 -0.019830  0.007842 -0.179450 -0.012023  0.078064  0.317037 -0.105341  0.322311 -0.036756  0.028915 -0.138044 -0.406752 -0.210514  0.107400  0.064535 -0.083973  0.083949 -0.147064  0.051604  0.207001 -0.216092  0.091186  0.055869  0.101277 -0.002873  0.069724 -0.126767  0.200845  0.079752 -0.098255 -0.033940  0.062159 -0.143686 -0.034970  0.170635 -0.249652
 0.267261 -0.000000  0.000000  0.247271  0.072847  0.129905  0.031169 -0.145204 -0.125700  0.109023 -0.108251 -0.183378  0.306429 -0.070886 -0.148890  0.011048  0.025053 -0.107354  0.015030 -0.168511  0.092217 -0.037555  0.009564  0.257607  0.041326 -0.032361 -0.234481  0.006443 -0.026751 -0.140564  0.109805  0.001793  0.260539 -0.119927 -0.101944 -0.380560  0.218317 -0.087043 -0.300603 -0.127822  0.091976  0.116663
-0.267261  0.000000  0.000000  0.023336  0.185567  0.195621  0.222632 -0.234623 -0.128324 -0.029019  0.167901  0.107750 -0.245738  0.043711 -0.002156  0.064579 -0.129741  0.214957  0.184200 -0.164043 -0.088290  0.226247 -0.169427  0.122977 -0.269253 -0.004701 -0.052535 -0.164174 -0.265929  0.043846  0.361889  0.131851 -0.183250 -0.007686 -0.034326 -0.107473  0.024348  0.123838 -0.106748 -0.057463 -0.008136 -0.012516
 0.000000  0.267261 -0.000000  0.148765 -0.061221  0.108497  0.082447  0.059917  0.254030  0.145781 -0.029747 -0.121425 -0.010635  0.167125  0.019492 -0.240070  0.112198  0.046228 -0.087108  0.241933 -0.019460  0.106754 -0.195355 -0.268435 -0.216401  0.207923  0.027232 -0.104838  0.157583  0.107784  0.068792  0.018751  0.083905 -0.159160  0.279597 -0.136430  0.222172  0.117735  0.129399 -0.328689  0.165881  0.047081
 0.000000  0.267261 -0.000000 -0.011664  0.032244  0.018489  0.126887  0.176832  0.152882 -0.302637  0.319554 -0.099065 -0.080816  0.076873 -0.157127 -0.026721  0.071152 -0.097912  0.154182 -0.182900 -0.162062 -0.292635  0.143230 -0.020607  0.216634 -0.125337  0.212110 -0.133737  0.223707  0.019456  0.169766 -0.194397 -0.135709 -0.062863  0.033557 -0.200245 -0.064376 -0.005204 -0.219716 -0.027020  0.097440 -0.203528
-0.000000  0.000000 -0.267261 -0.056599  0.082140 -0.037018 -0.159863  0.016977 -0.090797  0.198913 -0.117480 -0.058743  0.070450  0.035279 -0.016913 -0.018458  0.107134  0.089277 -0.214352 -0.351792  0.106801 -0.113162 -0.020752 -0.137854 -0.017526  0.222873  0.059732 -0.359603 -0.125683 -0.146919 -0.157612 -0.098662 -0.269763 -0.117833 -0.126152 -0.252567 -0.050014  0.233952  0.195241  0.193110  0.115390 -0.139894
 0.267261  0.000000 -0.000000  0.272096 -0.121373 -0.087729 -0.036832 -0.069670 -0.152434 -0.079667  0.066408  0.203629 -0.013034 -0.129539 -0.046950 -0.283249 -0.046440  0.077156 -0.137020 -0.119548  0.065127  0.024479  0.007317 -0.127153  0.081806 -0.052318  0.179139  0.155125 -0.102626 -0.171618  0.443612  0.050767 -0.018543 -0.149227  0.048918  0.029666  0.007689 -0.257611  0.371425 -0.006085 -0.091801 -0.212483
-0.000000  0.000000  0.267261  0.105077 -0.026822 -0.322780 -0.228378  0.010393 -0.121295  0.105746  0.126030 -0.122014 -0.073598 -0.102710  0.178840 -0.286913 -0.004952 -0.073163  0.096537 -0.001919  0.103752  0.143923 -0.022384  0.146014  0.149033 -0.162034 -0.306698 -0.227377  0.251521  0.103727  0.033632  0.189159 -0.337201 -0.161745 -0.029017  0.118111  0.012226  0.090924 -0.052196 -0.002175  0.183461  0.028267
 0.267261 -0.000000 -0.000000  0.261208  0.211105 -0.050766 -0.171786  0.198705  0.139057  0.129395  0.299642 -0.072684  0.032801  0.194954  0.198429  0.202362 -0.190017 -0.009851  0.274299  0.128021  0.161326  0.000865 -0.150543 -0.113704 -0.162580 -0.113238  0.029447  0.006947 -0.177501 -0.011052 -0.163309 -0.021101 -0.036676 -0.149211 -0.095146 -0.160398 -0.275256 -0.107860  0.031217 -0.063700 -0.230358 -0.037379
 0.267261  0.000000 -0.000000 -0.156836  0.154670 -0.013376  0.074433  0.052924  0.032173  0.167777 -0.051409  0.006042  0.171547  0.097589  0.076273  0.261848 -0.168057  0.135419  0.071216 -0.080690 -0.265786 -0.043767  0.108893  0.014078  0.036377  0.057901 -0.038701 -0.096585  0.077430  0.189355  0.098701  0.196556  0.151320 -0.090473 -0.224646  0.324279  0.160233  0.022125  0.123107 -0.157775  0.231509 -0.413899
 0.267261  0.000000 -0.000000 -0.108245  0.002437  0.014189  0.121756  0.210078  0.058998  0.002520 -0.257911  0.066077 -0.103657 -0.100459  0.242911 -0.338663  0.067558 -0.119508  0.100791 -0.227733  0.075652 -0.003983  0.234070 -0.238243 -0.222202 -0.007663 -0.035892 -0.166310 -0.234569 -0.053723  0.048473  0.003244  0.013938  0.167052  0.011372  0.183303 -0.095284  0.012632 -0.368790 -0.184096 -0.104879  0.003635
-0.000000  0.267261 -0.000000 -0.021161  0.228690 -0.011873 -0.088877  0.007296  0.132354 -0.258121 -0.204393  0.237524  0.116269  0.273203  0.091496 -0.192245 -0.010601  0.059432 -0.055582  0.019064 -0.275057  0.195955 -0.058185  0.122470 -0.071778  0.077549 -0.028142  0.109156  0.145453 -0.366065 -0.143220  0.221500 -0.133512  0.015644 -0.211825 -0.085543 -0.116309 -0.233796 -0.061501  0.072873  0.118308  0.047171
 0.000000  0.267261 -0.000000  0.336170  0.167697 -0.165266 -0.251617 -0.115353 -0.114514  0.109450 -0.015718  0.034465 -0.130038 -0.137725 -0.083950  0.095185 -0.069540  0.070649  0.099169 -0.093748 -0.213630 -0.128502 -0.018774 -0.046891  0.198109  0.116458  0.105065  0.010021  0.026291 -0.203923 -0.061865  0.127885  0.127992  0.377668  0.130650  0.107655 -0.038029  0.345297 -0.019622 -0.234439 -0.120998  0.084257
 0.267261
