12 14
-0.000013 -0.000007 -0.000018  0.000215 -0.000005  0.000001 -0.000005  0.000010 -0.000014 -0.000004 -0.000009  0.999689  0.021840 -0.012001
-0.020391 -0.966500  0.000531 -0.002221  0.000018  0.000551  0.000036 -0.000826  0.000149  0.000844  0.000095  0.006365 -0.219623  0.131071
 0.000003 -0.000003  0.000001  0.000001 -0.999980  0.000001 -0.000006 -0.000001 -0.000001  0.000000  0.000000  0.000002 -0.003280 -0.005380
 0.000144  0.000075 -0.000018  0.000036 -0.000565  0.000483  0.002274 -0.000107  0.000015  0.995964 -0.000003 -0.000150  0.048517  0.075469
 0.000003  0.000004  0.000005  0.999962  0.000002 -0.000004 -0.000003 -0.000003  0.000005 -0.000001  0.000003  0.000002 -0.007525  0.004370
-0.000607  0.005371 -0.715006 -0.000249  0.004218  0.191074 -0.017523  0.003671 -0.000109  0.060249  0.000021  0.001107 -0.361063 -0.563819
 0.000000  0.000000  0.000000  0.000000 -0.000000  0.000000  0.000000 -0.000000 -0.000000 -0.000000  1.000000  0.000000  0.000328 -0.000174
 0.996822  0.000052 -0.000035 -0.000696 -0.000003  0.000084  0.000079 -0.000021  0.000047 -0.000055  0.000030  0.001995 -0.067512  0.042229
-0.000013 -0.000038  0.000013  0.000003  0.000159  0.000008  0.999657 -0.000001 -0.000005  0.000075  0.000000  0.000021 -0.013176 -0.022635
-0.054623  0.182675  0.018906 -0.005947  0.000046 -0.000422  0.000176 -0.704448  0.000398  0.002052  0.000254  0.017030 -0.587102  0.349318
 0.054240 -0.180207 -0.011603  0.005901  0.000043  0.005211 -0.000541 -0.709660 -0.000398 -0.000939 -0.000252 -0.016885  0.575938 -0.358857
-0.001822  0.001705 -0.698766  0.000001 -0.004314 -0.196602  0.017955 -0.011032  0.000129 -0.061578 -0.000010 -0.000412  0.343698  0.592187
 0.000000 -0.000000  0.000000  0.000000 -0.000000  0.000000 -0.000000  0.000000  1.000000 -0.000000 -0.000000 -0.000000  0.000408 -0.000455
 0.000645 -0.000892  0.000719 -0.000020  0.001719 -0.961671 -0.007146 -0.000552 -0.000050  0.025054  0.000005  0.000210 -0.138733 -0.235071
 1.000000
