1 49
-0.142857 -0.192859 -0.109392  0.008537  0.034838  0.385129 -0.195554  0.012800  0.208043 -0.107510 -0.219309  0.145297  0.036954 -0.082113  0.034252  0.039868 -0.150200 -0.110798  0.021379 -0.072502  0.200834 -0.182352  0.073512  0.204041 -0.089754  0.277231  0.052091  0.085339 -0.123490  0.022321  0.173576 -0.240526 -0.130924  0.168330  0.157690  0.007641  0.073384  0.008708  0.281855  0.017084  0.069259  0.011695 -0.022346 -0.159575 -0.007804  0.166578  0.007078 -0.182014  0.014265
-0.142857 -0.197478 -0.244761  0.007261 -0.100450  0.064106  0.108042 -0.228133 -0.081489 -0.179013 -0.088259  0.042788 -0.059068  0.160544 -0.165722  0.121601 -0.331692 -0.128708 -0.012226 -0.043245  0.035995 -0.073972 -0.158849 -0.091965  0.077892  0.094921  0.314811 -0.015158  0.225002  0.087168 -0.140553  0.096898  0.147457 -0.182475 -0.028326 -0.106430 -0.051012  0.120499 -0.044179  0.012105 -0.061660 -0.162231  0.233356 -0.148807  0.027491 -0.191161 -0.146741  0.099387 -0.224125
 0.142857 -0.053785  0.096587  0.017736  0.320821  0.184035 -0.018300 -0.020977 -0.001226 -0.074239  0.024892 -0.018116  0.262644 -0.123699  0.167133 -0.120802 -0.220008  0.035031  0.200861  0.072050  0.011671  0.117740  0.226320  0.003567 -0.170259  0.152249 -0.048332  0.366598  0.235300 -0.031210  0.047049  0.141072  0.130003 -0.070556  0.102833  0.207849  0.082724  0.029842 -0.180888 -0.148647  0.045371  0.020918 -0.030505  0.063943 -0.039984 -0.203595 -0.137831  0.242557  0.043136
 0.142857  0.121058 -0.273970 -0.098885  0.196769 -0.023941  0.211466  0.073606 -0.076144 -0.171873 -0.022725  0.097181  0.012280  0.004467 -0.024300 -0.111653 -0.063021  0.252776 -0.152633  0.149671  0.079064 -0.244658  0.104359  0.212374 -0.216914 -0.068593 -0.008362 -0.296389 -0.078716 -0.108118  0.010925 -0.046596 -0.085338 -0.083277 -0.059800 -0.004972 -0.034373 -0.082243 -0.141145 -0.278444 -0.222592 -0.160096 -0.082708 -0.308709 -0.080160  0.083842 -0.028658  0.123065  0.081679
 0.142857  0.041426  0.073987 -0.108710  0.216133  0.325794  0.126239  0.180456  0.062811 -0.053497  0.124672  0.159403  0.032952  0.061421  0.110675  0.073000 -0.050208 -0.075123  0.043591 -0.103470  0.037825  0.265443 -0.120204 -0.207477 -0.036089 -0.094776 -0.021559 -0.082197 -0.208258 -0.226529 -0.130551  0.022748 -0.099602 -0.156508 -0.190557 -0.116560 -0.320254  0.245980  0.142430 -0.085238  0.107197 -0.011105 -0.056600 -0.036755  0.099257 -0.073439 -0.212901 -0.236933 -0.036178
 0.142857 -0.021823  0.129707  0.081792 -0.072451  0.001896  0.133289 -0.047622  0.070183  0.129299 -0.168250 -0.047256  0.046702 -0.265534 -0.207760 -0.109061 -0.067318 -0.088930 -0.014291  0.004504 -0.078483 -0.023613 -0.114878 -0.051610  0.260363 -0.024876 -0.004741  0.101426 -0.018078 -0.221858 -0.105370 -0.069791  0.136297  0.401666 -0.175174  0.309116 -0.030380 -0.148824 -0.088748 -0.117392 -0.181492 -0.032785 -0.033663 -0.250989  0.054417  0.030011 -0.271539 -0.164524 -0.131203
-0.142857 -0.000860  0.017886  0.087422 -0.013566 -0.032134 -0.017364 -0.053902 -0.064113 -0.117418  0.022182  0.068115 -0.047664 -0.354956  0.051998 -0.386737  0.092212  0.117031  0.033423  0.169121  0.007336  0.351485 -0.073487  0.246633 -0.070487  0.102417  0.246331 -0.034003  0.045010 -0.037872 -0.265026  0.244031  0.046664  0.070138  0.106808 -0.153668 -0.117941  0.097525  0.012193  0.041092  0.060208  0.022439  0.093305 -0.117233 -0.165623  0.108160  0.187240 -0.201055 -0.052815
-0.142857  0.016194  0.319447 -0.175425  0.129225 -0.055464  0.018507  0.072234  0.170706 -0.192569 -0.050585  0.019057  0.034232 -0.059781 -0.028136  0.088428 -0.091550  0.046776 -0.080594  0.226880  0.152736 -0.119333 -0.189861  0.123323  0.256540 -0.189218  0.178787 -0.067025  0.063161  0.139730 -0.155964 -0.065581 -0.014883  0.047804  0.180125 -0.152388  0.025889 -0.207459 -0.003296 -0.138014  0.158433  0.104711 -0.166341  0.056921  0.105224 -0.334790 -0.082150 -0.034033  0.268542
-0.142857 -0.052251  0.270279 -0.344373 -0.049301  0.018162  0.131800  0.062410 -0.014981  0.210888 -0.035771  0.100700  0.088115 -0.146086 -0.179010 -0.010948 -0.000669 -0.037235  0.259818 -0.043666 -0.182084 -0.191579 -0.045103 -0.009039 -0.384881  0.214984 -0.147573 -0.195421  0.042994 -0.043116 -0.056268 -0.074442  0.167540  0.063877 -0.034898 -0.197446 -0.130308 -0.092444  0.011441 -0.044965  0.015962  0.113914  0.191580 -0.024471  0.178483 -0.072226  0.147485  0.130557 -0.088679
 0.142857  0.042423 -0.165341 -0.192381  0.110509 -0.120770  0.107228 -0.136859 -0.208898  0.011071 -0.059107 -0.164591 -0.034069 -0.109922 -0.062819 -0.009759 -0.158521 -0.198593  0.170812  0.083343 -0.075375 -0.127741 -0.019671 -0.055815 -0.101060 -0.079340 -0.034686  0.047082 -0.140941  0.063962  0.033797  0.028064  0.108534 -0.115945 -0.078699  0.019048  0.065926 -0.092381  0.288726  0.179946  0.044706  0.240974 -0.112032 -0.059977 -0.482122 -0.196698 -0.008270 -0.268588  0.113251
 0.142857  0.145230  0.247785 -0.052006 -0.103651  0.086442 -0.107806 -0.025791  0.111065  0.063054  0.170795 -0.062018 -0.032476  0.169288  0.048223  0.033925 -0.119296  0.190194 -0.173480 -0.073736 -0.067142 -0.170693  0.019412  0.098916  0.101397  0.093505 -0.247892 -0.010965  0.352428  0.002603 -0.183588  0.020925  0.286471 -0.075489  0.088414  0.099202 -0.106248  0.180595  0.263756  0.039541  0.011948 -0.231266 -0.020081 -0.231875 -0.155041  0.043736  0.132430 -0.149420  0.136446
 0.142857  0.161172  0.033196  0.185482 -0.283800  0.033384  0.200808  0.238750 -0.105368 -0.159361 -0.173178  0.001992 -0.094501 -0.034319 -0.022171 -0.026071 -0.249073  0.003506  0.004466 -0.151453 -0.110090  0.148262 -0.024281  0.206041  0.012752  0.098541 -0.155832 -0.042492 -0.127874  0.227098  0.219824 -0.183805  0.017899  0.111582  0.155768 -0.022356 -0.237540  0.170568 -0.244720  0.027408 -0.040082 -0.019048  0.067076  0.120510 -0.088984 -0.290162  0.037785 -0.066863  0.102541
-0.142857  0.169386 -0.087972  0.223809 -0.174414 -0.084393  0.163637  0.102601 -0.058037  0.076274 -0.186787  0.115540  0.171332 -0.097207  0.229943  0.036249  0.016546  0.018476  0.024442  0.073453  0.027846  0.019038 -0.244367  0.205958  0.030575  0.053771 -0.088947  0.152476  0.060232 -0.175529 -0.034106 -0.118873  0.063169 -0.233800 -0.352320 -0.037042  0.204357  0.072047  0.177196  0.124737  0.119935  0.085480  0.081777 -0.149839  0.145041 -0.015202 -0.084234  0.193306  0.280328
-0.142857  0.088854 -0.122875 -0.329421 -0.147190 -0.031950  0.147135 -0.185790 -0.121679  0.111147 -0.099894 -0.176025  0.100379  0.174211  0.264040  0.147153  0.094022  0.010433  0.257837 -0.170505  0.275062  0.113352 -0.093086  0.087438  0.056418  0.081591 -0.027434  0.061871  0.045654 -0.033144  0.146617  0.243573  0.073818  0.190643  0.062118 -0.091197 -0.017088  0.042956 -0.175258 -0.183949 -0.068378 -0.082908 -0.225822 -0.110709  0.088655  0.051354  0.030179 -0.199495  0.122048
-0.142857  0.049886  0.098474 -0.185816 -0.159193 -0.174781 -0.109086 -0.129908  0.294990 -0.105624  0.091247  0.141199  0.098708 -0.061331  0.003337  0.111544 -0.077553  0.067099  0.050452 -0.027001 -0.187136  0.151601 -0.083736  0.105183 -0.248245 -0.207408  0.167339  0.080732  0.079835 -0.145155  0.259851  0.025040 -0.237870 -0.113092  0.016921  0.252346 -0.109022 -0.022290  0.076104  0.191841 -0.380891 -0.093187  0.029538 -0.025914 -0.000186 -0.119297 -0.044907 -0.079837  0.070334
 0.142857 -0.164874  0.056227  0.310115 -0.011502  0.009071 -0.293494 -0.176062 -0.188627  0.129034  0.076853  0.075369  0.092584  0.261992 -0.175792 -0.150027 -0.021957  0.116826  0.025603 -0.140751 -0.028049 -0.073578 -0.291196  0.243618 -0.217111 -0.124358 -0.127620 -0.030198  0.082243 -0.053186  0.107817  0.137877 -0.169858  0.018943 -0.009221 -0.114359  0.011085 -0.107585 -0.076140 -0.093060  0.177622  0.170733 -0.083010 -0.131340  0.070246 -0.174789 -0.134874 -0.165009 -0.045192
 0.142857 -0.170634  0.043446  0.163852 -0.139733  0.039752  0.202070 -0.016828  0.031753 -0.059522 -0.032819 -0.166869  0.234976  0.063058  0.236909 -0.206811 -0.038431 -0.003010  0.163421  0.099757  0.057028 -0.206884 -0.054776 -0.182525  0.092108 -0.018538  0.081768 -0.193498  0.140201 -0.057416 -0.037067  0.007988 -0.329830  0.140190  0.006428  0.069524 -0.128455  0.156061  0.195314  0.098728 -0.118754  0.124030 -0.206301 -0.018117  0.040002 -0.143250  0.331225  0.170376 -0.121664
-0.142857 -0.055835 -0.064463  0.171436 -0.046029 -0.247851 -0.141363  0.325042 -0.029706 -0.137080  0.168206  0.006286  0.268206  0.050804  0.128247 -0.055171 -0.050598 -0.365812  0.157025 -0.112418 -0.040988 -0.075011  0.070735 -0.172761  0.019634 -0.064321  0.086872 -0.101847  0.174294 -0.147209  0.041446 -0.141044  0.082444 -0.052906  0.069157 -0.005227 -0.167525 -0.228445 -0.151474 -0.152850  0.140769 -0.101844  0.112917 -0.130500 -0.143798  0.143346  0.044911 -0.172596  0.160725
-0.142857 -0.230536 -0.209260 -0.062385  0.120320 -0.189572  0.075247 -0.008607  0.134214 -0.029192  0.036054 -0.198754  0.097295 -0.021530  0.056349 -0.167843  0.210889  0.025188 -0.314208 -0.001764 -0.161130  0.064009 -0.150657 -0.039484  0.042263 -0.024243 -0.185206  0.155825 -0.146051 -0.062072  0.269161 -0.053564  0.183534  0.027825  0.202722 -0.039139 -0.103832  0.125866  0.260347 -0.273060  0.065620 -0.030920  0.126573 -0.105615  0.058558 -0.252692  0.033419  0.069160 -0.101901
-0.142857 -0.034852 -0.028519  0.005519  0.013370 -0.050278 -0.008898 -0.061996  0.018655  0.344966  0.207990  0.262518 -0.059430 -0.128700  0.028796 -0.034511 -0.148875 -0.350524 -0.084537  0.052928  0.011048  0.212042  0.133058  0.060211  0.090648 -0.103591 -0.176300 -0.136190  0.128951  0.139087  0.063204 -0.067771 -0.064362  0.100241  0.083501 -0.225941  0.009273  0.136741  0.005530  0.048289 -0.097538 -0.010112 -0.334401 -0.232654 -0.124856 -0.035984 -0.144900  0.274060 -0.028561
-0.142857  0.007173  0.056313  0.124069 -0.115053 -0.055376 -0.047108  0.082795 -0.114151  0.368057 -0.155733  0.123100 -0.184656 -0.152746  0.118287 -0.031679  0.106000  0.185677 -0.095731 -0.263137  0.224212 -0.112683  0.194567 -0.130765 -0.031547  0.099840  0.279798 -0.121901  0.003363 -0.033084  0.025530  0.072587  0.034570 -0.215153  0.086350  0.233853 -0.188406 -0.055284  0.146385 -0.202417 -0.015589  0.102246 -0.067430  0.049376 -0.103489 -0.247867 -0.146252  0.005157  0.016233
 0.142857  0.044649 -0.070696  0.089594  0.080349 -0.104251  0.020592 -0.052909 -0.000348 -0.237038 -0.005904  0.100796 -0.004676  0.036463 -0.050478 -0.033150 -0.017305 -0.014390  0.083898 -0.420273 -0.093812  0.122309  0.229841  0.105620 -0.004385 -0.107339  0.125858 -0.140596  0.124041 -0.053686 -0.048087  0.070028  0.188295  0.319756 -0.110014 -0.190897  0.164341 -0.032617  0.412623 -0.137307 -0.154966  0.041276  0.005551  0.215517  0.118039 -0.029088 -0.038590  0.095827  0.164379
 0.142857  0.002723 -0.098133 -0.007048 -0.063895  0.162783  0.073795  0.160047  0.131868  0.077601 -0.013011 -0.272430  0.018110  0.095938 -0.274032  0.108535  0.178794 -0.121782 -0.269602  0.045809  0.346237  0.280053 -0.039075 -0.024425 -0.278053  0.024362  0.097719 -0.024988  0.319222 -0.204774 -0.014207 -0.147167  0.056104  0.068615  0.052947 -0.044403  0.019531 -0.051623 -0.056383  0.102378 -0.091469  0.242488  0.049175 -0.025264 -0.116225 -0.082096  0.050381  0.041054  0.119314
 0.142857  0.167488 -0.085317 -0.112619 -0.291220  0.027921  0.072538 -0.072593 -0.082846  0.075023  0.408856 -0.038068 -0.192900 -0.041019 -0.074192 -0.274939 -0.215666 -0.088827  0.068380  0.085507  0.194417 -0.017669  0.161630 -0.007849 -0.046052 -0.146216  0.142318  0.171777 -0.108080 -0.036829  0.045797 -0.136389 -0.005209 -0.051643  0.108527  0.091629  0.109406 -0.016363  0.100327 -0.096066  0.165891  0.005968  0.108791 -0.093446  0.417430 -0.053354  0.105650 -0.054207  0.054434
 0.142857  0.124537 -0.113639 -0.059353  0.005492 -0.152618  0.134648 -0.057755  0.246047  0.022898 -0.120793  0.022975  0.163769 -0.057047 -0.023154  0.109508  0.113453 -0.055340  0.137282  0.015123  0.155205  0.064560  0.250250  0.310408  0.136566 -0.110084 -0.162533 -0.253449  0.189750  0.056587  0.032803  0.052453 -0.101967 -0.105628  0.033845  0.145445 -0.025782 -0.030000  0.061665  0.037672  0.341915  0.009908  0.218514  0.024130  0.022812 -0.064895 -0.106358 -0.107572 -0.392148
-0.142857 -0.037079 -0.196076  0.015298  0.258985 -0.093426  0.107724  0.087239  0.160619  0.050495 -0.102162 -0.056661 -0.311179  0.042989 -0.022292 -0.005331 -0.220629  0.090966  0.114894 -0.174467 -0.163747  0.170317 -0.240412 -0.023563 -0.128771 -0.095089  0.009387 -0.084976  0.188527  0.153958 -0.077021 -0.112289  0.040882 -0.009255  0.014421  0.370658 -0.008796  0.032501 -0.037690 -0.054599  0.212755  0.174544 -0.235421 -0.053393  0.153668  0.200256  0.186228  0.015977  0.017006
 0.142857  0.065926  0.172117 -0.039710  0.001386 -0.256288 -0.069497  0.083391  0.058768  0.017710 -0.038181 -0.013528 -0.137607  0.073409 -0.172262  0.072009 -0.088134 -0.126995  0.076154  0.114278 -0.098455 -0.017010 -0.045425  0.163018  0.135115  0.288822  0.206285  0.042224  0.027480 -0.354230  0.172045 -0.069784 -0.061234 -0.187512 -0.018582 -0.111484  0.178703  0.305416 -0.005225 -0.338962 -0.002592  0.076505 -0.195017  0.123523 -0.105322  0.077733  0.108484 -0.020280 -0.183325
 0.142857  0.091468  0.125331 -0.141941 -0.171685  0.070799  0.242453 -0.106671  0.196962 -0.115920 -0.052949  0.029688  0.060846 -0.038776  0.114229 -0.336946  0.109969 -0.121764 -0.203665 -0.381079 -0.079860 -0.101931 -0.175212 -0.048155 -0.127888  0.005439  0.131119  0.042524 -0.000724  0.010689  0.016135 -0.033228  0.025098 -0.174429  0.123278 -0.104612  0.178570 -0.137741 -0.115944  0.121571  0.208007 -0.115219 -0.238007  0.060048 -0.134950  0.144451 -0.158588  0.097544 -0.126213
 0.142857  0.020535 -0.112409 -0.059850 -0.029811 -0.127429 -0.204977  0.048656  0.160459 -0.071455  0.046858  0.028446  0.032507  0.003752 -0.025129  0.053788  0.013236  0.000494  0.094746 -0.130213  0.135007 -0.224214 -0.010775  0.197176  0.083549 -0.139738  0.084306  0.194927 -0.225855 -0.077975 -0.103679  0.093666  0.270046  0.014421  0.080834 -0.032737 -0.408703  0.150660 -0.115843  0.192646 -0.017131  0.363363 -0.065346 -0.089536  0.011589  0.141493 -0.037762  0.304650 -0.033937
-0.142857  0.055282  0.085910  0.272464  0.126052 -0.208839  0.347280 -0.208734  0.279804  0.043110 -0.128532  0.073205 -0.043519  0.161590 -0.248313 -0.086831 -0.060738  0.037704  0.031411 -0.047090  0.113986 -0.039664  0.259883 -0.137533 -0.030995  0.064443 -0.155845  0.346497 -0.023642 -0.017789 -0.084950  0.041305 -0.171529 -0.107012  0.013971 -0.243420 -0.202025 -0.088712 -0.009074 -0.004829 -0.044360  0.013300 -0.016427 -0.043740  0.010281  0.060331  0.098741 -0.135614  0.134498
-0.142857 -0.094980 -0.019753 -0.044135 -0.055386 -0.069821  0.011869  0.513169  0.016506  0.150230 -0.003668 -0.265388  0.241848 -0.062953 -0.142137 -0.031276 -0.248350  0.243745 -0.076084 -0.076140  0.006917 -0.049609  0.164249  0.045095 -0.078959 -0.168992  0.110684  0.143038 -0.007089  0.147426  0.013301  0.167659  0.006966  0.000825 -0.144568 -0.196610  0.155735  0.101672  0.047693  0.131840 -0.018466 -0.103960 -0.173375 -0.016798  0.068461  0.035149 -0.073391 -0.151784 -0.220062
 0.142857  0.347237 -0.232187  0.064842  0.085955 -0.134518 -0.198189  0.152556  0.148203 -0.028055  0.002482  0.157106 -0.065068  0.080529  0.045629 -0.009856  0.221481 -0.067248  0.061758  0.135102 -0.060376 -0.044496 -0.054504 -0.124247 -0.131384  0.329795  0.108565  0.107478  0.043707  0.157286 -0.049693  0.011020  0.075682  0.141877 -0.081238 -0.052592 -0.042083 -0.138103  0.023742  0.146033 -0.004360 -0.181462 -0.251483 -0.125247  0.184059 -0.338127  0.036542 -0.082773 -0.167395
 0.142857  0.044939  0.183298  0.001656  0.280140 -0.141677 -0.109705 -0.199295 -0.029760  0.192215 -0.051030 -0.275064  0.058306 -0.068268  0.028786 -0.095829 -0.064084 -0.095534 -0.054108 -0.033218  0.189859  0.017637 -0.103802  0.116776 -0.076230  0.015970  0.259759 -0.020777  0.000690  0.242124  0.198918 -0.201916 -0.031592  0.054006 -0.333417 -0.052077 -0.296289  0.065545  0.047259  0.024535  0.092939 -0.307119  0.118878  0.065674  0.015499  0.106443  0.015560  0.109908  0.102570
-0.142857  0.181885  0.152806  0.155472  0.072266 -0.028406  0.028706  0.156493 -0.098818 -0.204539  0.062446 -0.265960 -0.303831 -0.132636  0.092631  0.018522  0.075074 -0.297595  0.069394 -0.020662  0.184674 -0.200367 -0.188897  0.105678 -0.205787 -0.062504 -0.230154  0.097709  0.117974  0.074743 -0.072907  0.168693 -0.133942 -0.031090  0.114538  0.024328 -0.022044  0.026832  0.165835 -0.109451 -0.244355 -0.018607  0.059339  0.049426  0.065762  0.091785 -0.228513  0.033560 -0.185928
-0.142857  0.271880  0.073256 -0.019386 -0.080989 -0.083961 -0.043250 -0.094876 -0.032745 -0.075526 -0.104242 -0.012717  0.199155  0.096848 -0.127806  0.041954  0.107583 -0.104333 -0.133144  0.038160 -0.140090 -0.100724  0.135891 -0.172364 -0.238333 -0.040733  0.129018 -0.029606 -0.066655  0.151822 -0.136063  0.075532 -0.163471  0.253320  0.034513  0.168525  0.094502  0.487896 -0.041958 -0.136890  0.237328  0.120923  0.072186 -0.161805 -0.047715  0.018854 -0.163562  0.023309  0.151654
-0.142857 -0.152847  0.048862  0.006848 -0.161435  0.031919 -0.045262 -0.091163  0.115760 -0.324711  0.245232 -0.003007 -0.177916 -0.223165 -0.051305  0.057543  0.198709  0.180297  0.136854 -0.123391  0.181286 -0.058616  0.085384 -0.078314 -0.031698 -0.061723 -0.120458  0.072215  0.099051  0.080797  0.082840 -0.200111  0.037062  0.036528 -0.469598 -0.027111  0.040402  0.124146 -0.150867 -0.134830  0.126645  0.027595 -0.128797 -0.096309 -0.202858 -0.166845  0.072647 -0.000995 -0.087359
-0.142857  0.237935 -0.000489  0.104493 -0.032659  0.161804  0.072243  0.018202  0.291224  0.117333  0.136400  0.095778 -0.049076  0.129034  0.179261  0.017163 -0.280126 -0.073030 -0.188271  0.102689  0.037697 -0.089745 -0.109380  0.005272 -0.050664 -0.049649  0.044045 -0.037238 -0.101279 -0.039269  0.196134  0.362453  0.111519  0.238000 -0.247520  0.015770  0.023021 -0.164499 -0.027139 -0.152503  0.089574  0.122412  0.172024  0.135903 -0.229657 -0.017285  0.190241  0.057175 -0.120029
 0.142857 -0.106422  0.133453 -0.010939 -0.044612 -0.176629 -0.038661  0.083610  0.005871  0.030744 -0.320960  0.230678 -0.226827  0.163670  0.182472 -0.048070 -0.042572  0.151327  0.181314  0.207616  0.206068  0.031865 -0.053942 -0.216374 -0.204420 -0.351019 -0.021227  0.082029  0.033523 -0.120018  0.070372 -0.132036  0.173405  0.195836  0.147463 -0.116398  0.114091  0.112508  0.045844  0.055724  0.079387 -0.187246  0.127254 -0.034057 -0.140080  0.040377 -0.064033  0.034327 -0.117356
 0.142857  0.048988  0.105533 -0.069483  0.047415 -0.187729  0.145714  0.140276 -0.219797 -0.063105  0.221481  0.196035  0.129224 -0.047606 -0.120174  0.264159 -0.053642  0.184247 -0.013273 -0.199889  0.168722  0.156133 -0.220893 -0.102643  0.082222  0.182570  0.038404  0.187089 -0.051671  0.127343  0.019591  0.033945 -0.247815  0.137568  0.125502  0.072182  0.039687 -0.172479  0.187299 -0.032084  0.098546  0.007761  0.122229 -0.222947 -0.182751  0.097500  0.095485  0.211483 -0.117673
 0.142857 -0.316354 -0.156695  0.022243 -0.105145 -0.217247  0.007172  0.008956  0.131162  0.044550  0.067476  0.018820 -0.064538 -0.247672 -0.067322  0.170566 -0.113894 -0.109936 -0.082400 -0.019422  0.128066 -0.098672 -0.083825  0.025951 -0.178833  0.125532 -0.153983 -0.070305 -0.130052 -0.201797 -0.216109  0.271943 -0.094522  0.108468  0.023598  0.098831  0.024396  0.088625 -0.051374  0.059748  0.209874 -0.346970 -0.089742  0.236596  0.021574 -0.094585  0.028496  0.034832  0.257915
 0.142857 -0.218765  0.051741 -0.103050  0.070368  0.129839  0.166456  0.247872  0.046738  0.057960 -0.020880  0.007575 -0.349324  0.055690 -0.005787 -0.036959  0.254509 -0.100797  0.094924 -0.013746 -0.239511 -0.123820  0.106782  0.109661  0.151314 -0.021644  0.177458  0.103416  0.158885  0.029714  0.244636  0.311275 -0.178415  0.052892 -0.075532 -0.032284 -0.011351  0.016264 -0.041449  0.113641  0.120241 -0.025299  0.174322 -0.270856  0.000859 -0.035567 -0.038871  0.058171  0.254609
-0.142857  0.110409  0.109050  0.036326  0.036746  0.186539 -0.046835 -0.034918 -0.262475 -0.054182 -0.232331 -0.053153 -0.021004  0.004920 -0.083642  0.188503  0.052535 -0.190450 -0.090408 -0.108664 -0.100872  0.056971  0.159123  0.173179 -0.043823 -0.299799  0.039093  0.164652 -0.095047 -0.256389 -0.102704  0.005182 -0.012985 -0.011047  0.001367  0.065034 -0.079596 -0.129098  0.022242  0.006719  0.167281 -0.255129 -0.176564 -0.121051 -0.006168 -0.171133  0.398712  0.167753 -0.161476
 0.142857  0.115067 -0.019388 -0.034221  0.087912  0.017459 -0.295456  0.026632  0.259679  0.119826 -0.181223 -0.102496  0.004602 -0.161670  0.019743 -0.090080 -0.060063 -0.064494  0.107047 -0.294341  0.086378  0.049312 -0.099499 -0.140075  0.113986 -0.100733 -0.095838 -0.075559 -0.146438  0.082363 -0.152592  0.071794 -0.133622 -0.174730  0.027923 -0.114618  0.303794  0.071706 -0.150494 -0.119883 -0.203776 -0.003562  0.260937 -0.245979 -0.024726 -0.173943  0.255462  0.032091  0.070317
 0.142857 -0.054112 -0.031299 -0.277753 -0.160446 -0.066650 -0.195531  0.060985 -0.152132 -0.172595 -0.316783  0.252425  0.031230 -0.095050 -0.059152 -0.158961 -0.079056 -0.151159 -0.307294  0.070945  0.094053  0.047557  0.015692 -0.150141  0.037678 -0.032048 -0.203323  0.122427  0.242435  0.154766  0.104718  0.204826 -0.068689 -0.099805 -0.211711  0.028862 -0.172722 -0.042686  0.052841 -0.141336 -0.016776  0.142994 -0.060515  0.082598  0.152203  0.140866  0.147174 -0.049579  0.025353
 0.142857 -0.015328  0.073864  0.254689 -0.251974  0.148791 -0.011717 -0.043309  0.165133 -0.064254 -0.080966 -0.124759  0.080195 -0.111384 -0.209673  0.181419  0.071161  0.012468  0.217773  0.217676 -0.054909  0.167457 -0.033860 -0.136020 -0.085184 -0.051408  0.041531 -0.153816 -0.148660  0.221386  0.195595  0.220575  0.213555 -0.208808  0.083740 -0.034775 -0.050194 -0.118822  0.184829 -0.208276  0.046351 -0.100906 -0.185383 -0.153477  0.039992  0.182247 -0.029383  0.148605  0.092213
-0.142857  0.035003  0.013326  0.030870  0.176460  0.101433  0.122372  0.119545 -0.053689  0.030952  0.071078  0.305165  0.179316  0.089801 -0.387904 -0.242961  0.210627 -0.119232  0.149023 -0.029924  0.262019 -0.106421 -0.188139  0.045390  0.115870 -0.101885 -0.012224 -0.041450 -0.033323  0.074495  0.153747  0.086421  0.207521 -0.065754  0.025766  0.258202  0.109402  0.224454  0.010856  0.096356 -0.119996 -0.169234 -0.039997  0.163977 -0.044283 -0.036643  0.155943 -0.042194  0.069624
 0.142857  0.013606 -0.280702  0.000866 -0.113259  0.180407  0.069593  0.011837  0.057244  0.268368  0.039100  0.133886  0.101265 -0.121713  0.012221  0.133622  0.154096  0.010655  0.099902  0.043951 -0.185978 -0.145222 -0.143500  0.104101 -0.034875 -0.233486  0.110788  0.313054  0.184668  0.190171 -0.220413 -0.168160 -0.124503  0.021746  0.052804 -0.110893 -0.106961  0.040612  0.029719 -0.343591 -0.072483 -0.070976  0.042050  0.254237 -0.160285  0.058478  0.060431 -0.061801  0.007163
 0.142857 -0.351400  0.230611  0.050739 -0.038675 -0.148024  0.163969  0.035883  0.038152  0.011848  0.048928  0.118367  0.046047  0.229423  0.237975  0.105266  0.099049 -0.235118 -0.129869  0.019281  0.043693  0.090307  0.099698  0.237089 -0.184919  0.019833  0.093505  0.049886 -0.216708  0.296169 -0.222225 -0.033984  0.161209 -0.093331 -0.122716  0.174751  0.134970 -0.011650 -0.039971 -0.107911 -0.188859  0.097242  0.000521 -0.120733  0.057013 -0.032890  0.124512 -0.147147 -0.075122
-0.142857 -0.049335 -0.044941 -0.213224 -0.211211  0.017761 -0.145148  0.142338  0.098315  0.004202 -0.059931 -0.121536 -0.051944  0.387888 -0.121076 -0.328419 -0.009719 -0.007187  0.200567  0.054367  0.015650  0.199698  0.014239  0.135349  0.057497  0.112379 -0.100657  0.041171 -0.144952  0.033717 -0.263401 -0.037827 -0.162780  0.013961 -0.145495  0.139683 -0.082483 -0.162349  0.151310 -0.130331  0.022127 -0.120024 -0.000771  0.070282 -0.230827 -0.053988 -0.176216  0.260012  0.043594
 0.142857
