11 45
 0.000218 -0.000052  0.002042 -0.002123 -0.006764 -0.025317 -0.446410 -0.000305  0.000092  0.007553  0.008661  0.074650 -0.202086  0.035014  0.261957 -0.112882 -0.027803 -0.349769  0.196177 -0.193742  0.037875  0.172487 -0.065471  0.009041  0.121752 -0.023351 -0.194602  0.181886  0.008675  0.002411  0.088151  0.004415  0.080820 -0.066759 -0.138473 -0.191914 -0.135067  0.135116  0.151453 -0.289440 -0.014957  0.192058 -0.043630  0.268184  0.144449
-0.000000  0.000000  0.000000 -0.000000  0.000000 -0.000000 -0.000000 -0.500000 -0.000000 -0.000000 -0.000000  0.027986 -0.110720 -0.113912 -0.048572 -0.004740  0.071735 -0.244250 -0.082566 -0.131367 -0.251669  0.129324  0.168743  0.267514 -0.206308 -0.073833 -0.139766 -0.097361 -0.040667 -0.131541 -0.115071 -0.203428  0.207642 -0.149159 -0.186073  0.312641  0.057452  0.073612  0.033149  0.096485 -0.133893 -0.231135  0.115851 -0.018423  0.006505
-0.000002  0.000002  0.000002  0.499986 -0.000000  0.000003 -0.000000 -0.000000  0.000001  0.000001  0.000002  0.216607 -0.046397 -0.134781 -0.011185 -0.264392  0.021235  0.049711 -0.095141  0.053447 -0.365759 -0.004700  0.023293 -0.339304 -0.085209 -0.084289  0.118447 -0.169371  0.153552 -0.032739  0.285276 -0.223056  0.157626  0.174796 -0.002526 -0.144198  0.099906  0.100589  0.035406  0.064717  0.095050  0.090265 -0.059264  0.021772  0.112560
 0.000000  0.500000 -0.000000 -0.000000 -0.000000  0.000000  0.000000 -0.000000 -0.000000  0.000000  0.000000 -0.423221  0.118721  0.181630 -0.140710 -0.248167 -0.053722 -0.137060 -0.092372 -0.097109  0.015645  0.149604  0.093738 -0.066999 -0.335755  0.093911  0.162408  0.096827  0.139890 -0.056491 -0.155187 -0.098405 -0.093467 -0.047101 -0.067284 -0.163158 -0.009576 -0.147533  0.107165  0.037602 -0.072494  0.221181 -0.012274 -0.093697  0.114384
 0.000028  0.000284 -0.000232 -0.007468  0.001301  0.000060  0.463306  0.000000 -0.000186  0.000004  0.026344  0.023400 -0.103531  0.128643 -0.112330 -0.314792  0.410144 -0.197220  0.112201 -0.059444 -0.006004 -0.035419 -0.082578 -0.069995  0.034808 -0.069045 -0.170780 -0.043544 -0.138959  0.180215 -0.019755  0.236438  0.038114 -0.115602  0.109443  0.104028  0.208964  0.005703  0.060269 -0.296712  0.151583  0.096933  0.079751 -0.113949  0.197483
 0.000000  0.500000  0.000000 -0.000000  0.000000  0.000000 -0.000000 -0.000000 -0.000000  0.000000  0.000000 -0.038958 -0.196800  0.109543  0.384885  0.113640 -0.187474  0.040640 -0.248026  0.034865 -0.082796 -0.035531 -0.055818  0.123807  0.142917 -0.188264 -0.194491 -0.012811  0.083754  0.069708  0.283722  0.137447  0.104124 -0.152947  0.172646  0.020373  0.265593 -0.064574 -0.069663  0.016805  0.048567 -0.113961 -0.105339 -0.173524 -0.068067
 0.499691  0.000025  0.000032 -0.000008 -0.000005 -0.000014  0.000006 -0.000044 -0.000123  0.000037  0.000008  0.275745  0.031808 -0.028521  0.075054  0.036366  0.260305  0.035237 -0.007311  0.071791 -0.121813  0.160403  0.038751  0.099423 -0.211268  0.217450 -0.005291 -0.017608  0.063185 -0.037536  0.018672  0.157592 -0.218927 -0.133530 -0.230242 -0.277018  0.150723 -0.239998  0.028439 -0.114625  0.016442 -0.131256 -0.218262  0.020618 -0.247291
-0.000001 -0.000003 -0.000003 -0.000002 -0.000002  0.000000  0.000004  0.000000 -0.000000 -0.499980  0.000001 -0.270060  0.178791  0.048453 -0.212819  0.234836 -0.075883  0.107070  0.151020 -0.040123 -0.139483  0.188192 -0.144066 -0.111169 -0.088665 -0.121005 -0.256470 -0.157217 -0.167796  0.044421  0.115817 -0.016337 -0.047708 -0.149814 -0.048756 -0.132238 -0.020311  0.170988  0.120832  0.026694  0.262920 -0.205365 -0.186301  0.098997  0.102689
 0.000002 -0.000002 -0.000002 -0.499987 -0.000000  0.000001  0.000001 -0.000000 -0.000000 -0.000002 -0.000000  0.315985 -0.140090  0.235554 -0.121301  0.184181 -0.069648 -0.141349 -0.186427 -0.168188  0.038365 -0.085464  0.027861 -0.346646 -0.153149 -0.222085  0.061883 -0.154179  0.090120 -0.015372  0.116886 -0.076459 -0.198445  0.200616 -0.053412 -0.009667  0.131967 -0.043902  0.181799  0.000950 -0.092437 -0.085451  0.053455  0.064516  0.150840
-0.000000  0.000001  0.499989  0.000001  0.000001 -0.000001  0.000001  0.000001  0.000000  0.000002 -0.000002  0.016735 -0.064864 -0.130488 -0.033955  0.012498  0.207659 -0.115924 -0.264738  0.101779  0.279025  0.288259  0.014108  0.092519 -0.049889 -0.162010 -0.058061  0.106126  0.084018 -0.140161  0.029078  0.186786 -0.060288  0.251198 -0.068923  0.053725 -0.051732  0.209444 -0.046531  0.260353  0.305254  0.108981 -0.124210 -0.047789  0.032155
 0.000002  0.000003  0.000007 -0.000001  0.000005 -0.000003 -0.000001  0.000005 -0.499970  0.000001  0.000002  0.121828 -0.089239  0.121306 -0.111456 -0.036908 -0.094109  0.341376  0.150862 -0.202540  0.234133  0.266161  0.125934  0.097389 -0.155928  0.065068 -0.029762 -0.161601  0.092889 -0.017134  0.085963  0.200416  0.326735  0.006496  0.018653 -0.131937  0.107480 -0.015499 -0.192070  0.040692 -0.067752  0.016325  0.205881  0.090892  0.126975
-0.000000 -0.500000  0.000000  0.000000 -0.000000  0.000000 -0.000000  0.000000 -0.000000  0.000000 -0.000000 -0.269325  0.106954  0.112289  0.150043  0.018126 -0.230177 -0.156315 -0.091539 -0.175252 -0.189746  0.044150  0.208005  0.087774 -0.004705 -0.012404  0.233737  0.194545 -0.012045  0.136086  0.114001  0.247747  0.120668  0.127592 -0.110038 -0.020037  0.271135 -0.198451  0.052387  0.036566  0.120906 -0.026928 -0.124571 -0.151966  0.158630
 0.499734 -0.000025  0.000022  0.000063  0.000014 -0.000005 -0.000007  0.000000 -0.000100 -0.000005 -0.000003 -0.275831 -0.111358 -0.143000  0.022112  0.102692  0.125954 -0.099142  0.117715 -0.130578  0.159182 -0.006626 -0.124238 -0.242158 -0.055224 -0.211789  0.147981  0.179726 -0.126922  0.054371  0.092888 -0.098964  0.236584  0.144237  0.097681 -0.126220 -0.001586  0.190114 -0.092700 -0.011651 -0.197010 -0.172662  0.183661 -0.230923 -0.178442
-0.000000 -0.000001 -0.499988  0.000000 -0.000002  0.000001 -0.000000 -0.000002  0.000000 -0.000001  0.000004  0.149327  0.101758 -0.038335 -0.055313 -0.239781 -0.032196 -0.243307  0.003360 -0.050028  0.118909  0.054854 -0.112207  0.268650 -0.126608 -0.114165 -0.157168 -0.025557 -0.019770  0.204906  0.098262  0.066399 -0.027947  0.259693  0.214000 -0.145940 -0.197998 -0.101947  0.127810  0.369718  0.119228 -0.096618  0.002103 -0.029589 -0.132076
 0.499491  0.000015 -0.000043  0.000013  0.000025 -0.000011 -0.000001  0.000027 -0.000287 -0.000001 -0.000018  0.002226  0.155875 -0.009160 -0.129414 -0.188947 -0.312762  0.099915  0.082825  0.273524  0.025875  0.045523  0.083825  0.070225  0.093206 -0.149455 -0.122467  0.000962  0.033912 -0.134268  0.203597  0.132489 -0.077781  0.022060  0.023507  0.394149 -0.071579  0.001809  0.265058 -0.050882 -0.194140  0.155046  0.009766  0.020827  0.206434
-0.000003 -0.000002  0.000004 -0.000005 -0.000001  0.000000 -0.000001  0.000000 -0.000001 -0.499974 -0.000002  0.017100 -0.160716  0.131810  0.053709 -0.003574  0.185437  0.103867 -0.048905  0.081258 -0.146049  0.137607 -0.149755  0.183486  0.111918 -0.059160  0.202656  0.160758 -0.062799  0.013335 -0.151133 -0.056392  0.028229  0.208300  0.169100  0.062464  0.282885 -0.076478  0.156161  0.128744 -0.239913  0.237054  0.093766  0.306084 -0.142387
 0.000015  0.000014 -0.000031 -0.000011 -0.499870 -0.000003 -0.000018  0.000003  0.000016  0.000000 -0.000004  0.034786  0.017254 -0.087723  0.124269 -0.147996 -0.161575  0.199616 -0.188950  0.068102 -0.017621  0.222670 -0.138303 -0.143422 -0.095665 -0.166968 -0.107411  0.121605  0.000224  0.132032 -0.355968 -0.044509  0.076324  0.203533 -0.039733  0.087809 -0.098416 -0.220064 -0.022998 -0.317575  0.138018 -0.235770  0.071433  0.047795  0.012503
 0.000001 -0.000001 -0.499979 -0.000001 -0.000004 -0.000000  0.000007 -0.000001 -0.000003  0.000001 -0.000001  0.151330  0.144429 -0.062499 -0.065459  0.165578  0.043982  0.083006 -0.332274  0.012689  0.086112  0.108806 -0.144321  0.070422 -0.058612 -0.129776  0.143833  0.245754 -0.214904 -0.243722  0.072045 -0.042787  0.004643 -0.167506 -0.172835  0.008749  0.108174  0.182820 -0.189047 -0.151173  0.121642  0.274980  0.044333 -0.097403  0.169251
-0.000000 -0.000000 -0.000000  0.000000  0.000000  0.000000  0.000000  0.500000 -0.000000 -0.000000 -0.000000 -0.110178 -0.009363 -0.030465  0.397145  0.055282  0.112870 -0.036868  0.107315  0.015254 -0.201969 -0.057573 -0.009032  0.213831 -0.424840 -0.069477  0.005468 -0.238925 -0.112227 -0.106076  0.019059  0.027404 -0.160635  0.137789 -0.043784  0.152356 -0.079224  0.106561 -0.122089 -0.015158 -0.040541 -0.021957  0.226601  0.044496  0.186476
 0.000000 -0.000001 -0.000001  0.000002 -0.000001  0.000000  0.000000  0.000006  0.000000  0.499986 -0.000001 -0.145296 -0.147338  0.197435 -0.133897  0.034839  0.039874  0.245080  0.038545 -0.255288 -0.321809  0.134514 -0.184619 -0.064314  0.012351  0.057929 -0.176936  0.156921 -0.284377 -0.272416  0.083490  0.053942 -0.084390  0.152146  0.088710  0.082635 -0.012650 -0.039195  0.124354  0.121950  0.093653  0.048235 -0.028048  0.118073 -0.183461
-0.000000 -0.000003 -0.000001 -0.000000  0.000003 -0.000002 -0.000005 -0.000000  0.499980 -0.000001 -0.000003  0.031124  0.119962  0.176592 -0.061512  0.091361  0.177091  0.158901 -0.057187  0.030494  0.082704 -0.057281  0.152196  0.140028 -0.074509  0.176318 -0.302526  0.121820  0.041436 -0.105025  0.051278 -0.073570  0.282746  0.280563  0.144948 -0.185614  0.024080  0.000555 -0.083152 -0.090991 -0.224429 -0.117435 -0.125766 -0.000217  0.322455
 0.000000  0.000001 -0.000002  0.000002 -0.000001 -0.000000 -0.000004  0.000000 -0.000006 -0.499972  0.000008  0.109562 -0.169525  0.015671  0.030724 -0.196287 -0.073116  0.026728 -0.059518 -0.299372 -0.035735 -0.188476  0.107860 -0.137696 -0.011014  0.237455 -0.126116  0.158356 -0.053220 -0.332081  0.119679  0.127410 -0.062167  0.091633 -0.032820  0.148577 -0.279019 -0.132387 -0.151321 -0.036930  0.069087  0.020385  0.060998 -0.279033 -0.141315
-0.000001 -0.000000  0.000252 -0.000002  0.499725  0.000006  0.000001  0.000002  0.000001  0.000007 -0.000002 -0.004469  0.037460 -0.058548 -0.075696  0.110352 -0.218210 -0.078660 -0.196214  0.068826 -0.151187  0.034871 -0.158045 -0.001239 -0.039309  0.013240 -0.130363 -0.269728  0.012953 -0.011335 -0.310698  0.237803  0.220296  0.266884 -0.043924 -0.105547 -0.051743  0.069990  0.083400 -0.305018 -0.044575  0.172114  0.036377 -0.138931 -0.209632
-0.000001 -0.000004 -0.000002  0.000008 -0.000002  0.499712 -0.000008 -0.000027  0.000001  0.000218 -0.000015  0.003867  0.188610 -0.007542  0.126736  0.047160  0.089432 -0.104236 -0.209578 -0.101185  0.058611  0.287286  0.276589 -0.085141  0.053970  0.106120  0.193889 -0.193673 -0.173093 -0.076676  0.112940 -0.010600  0.032868 -0.079704  0.443186  0.077694 -0.161589  0.001941  0.102600 -0.200772  0.020430 -0.049930 -0.024583  0.125451 -0.097679
-0.000002 -0.000000  0.000001  0.000002 -0.000000  0.000001  0.000001 -0.000001  0.499980  0.000003 -0.000001  0.046533  0.139073 -0.061412 -0.050692 -0.063694 -0.155549 -0.069466  0.132436 -0.134185 -0.085396  0.310853  0.058255 -0.142860  0.144126 -0.115407 -0.059519 -0.082655  0.147740 -0.022063 -0.025633  0.200448 -0.173019 -0.109298  0.004107 -0.054105  0.174572 -0.013814 -0.366019  0.128554 -0.018931  0.062674  0.404983  0.102133 -0.116159
-0.000034  0.000018 -0.000003 -0.000023  0.000003  0.499760  0.000009  0.000012  0.000002  0.000121  0.000011 -0.123826 -0.154547 -0.001134 -0.120687 -0.149685  0.067896  0.091207 -0.233236  0.001042 -0.089544 -0.121257 -0.060636  0.001784  0.086990 -0.146588 -0.060096 -0.040965 -0.147235  0.260803  0.068541  0.190545 -0.044825 -0.015826 -0.373714 -0.090100 -0.208361 -0.032464 -0.239377  0.124404 -0.327348  0.010216 -0.111038  0.147391  0.081689
-0.000000  0.000000 -0.000000 -0.000000 -0.000000 -0.000000 -0.000000 -0.500000  0.000000 -0.000000  0.000000 -0.117691  0.179723 -0.048771  0.299377  0.146226  0.176654  0.226023  0.052431  0.031050  0.039668 -0.288335  0.169432 -0.091079 -0.156257 -0.220531 -0.101475 -0.012718 -0.008158  0.033751  0.071119  0.141191 -0.056825  0.067331 -0.008638 -0.149917 -0.125171 -0.145180  0.119575 -0.007626  0.151450  0.301298  0.243830  0.131888 -0.032498
 0.000002 -0.000000 -0.000004  0.499973 -0.000005  0.000004 -0.000000  0.000001  0.000004 -0.000000 -0.000003  0.142047  0.067092  0.169497  0.035611  0.241664 -0.068733  0.000230  0.016877 -0.311389  0.229273  0.027976  0.094549 -0.079771 -0.179957 -0.043854 -0.173704  0.052009 -0.048739  0.318390 -0.124241 -0.030367 -0.256274  0.065958 -0.014396  0.275396  0.108316  0.098502 -0.006847 -0.024876 -0.201413  0.140177 -0.183693 -0.069410 -0.109897
 0.000790 -0.000201  0.006149  0.001870 -0.021361  0.000025  0.463739 -0.000333 -0.000188  0.000039 -0.005260 -0.025854  0.107767  0.141004  0.233096 -0.036156 -0.049802  0.123739 -0.065585 -0.179060  0.052856  0.169719  0.003413  0.188687  0.323099  0.082194  0.004572 -0.056661  0.124808  0.008180  0.124763 -0.257925 -0.113523  0.141763 -0.347308 -0.164808 -0.129771  0.230078  0.239496 -0.055672 -0.044129 -0.051309  0.185210 -0.086286 -0.076169
-0.026283 -0.000142  0.001866 -0.001427 -0.007540  0.012233 -0.433373 -0.000192 -0.006905 -0.003389  0.006542  0.011143  0.354588  0.060850  0.104748 -0.227790  0.301224  0.198918 -0.079489 -0.252633  0.040758 -0.082405 -0.237646 -0.042938  0.172079 -0.058039  0.064557 -0.189091  0.102180 -0.098875 -0.149766  0.179629  0.004357 -0.054153 -0.050665  0.099016  0.135908  0.103209  0.207789  0.107586 -0.093802 -0.176620  0.012347 -0.242204  0.075659
-0.027254 -0.000287 -0.002385  0.002403  0.007024 -0.014131  0.428019 -0.000152 -0.006487  0.004398 -0.007196  0.091819  0.143562 -0.193880  0.248325  0.031543 -0.114006 -0.083976  0.073719 -0.199522  0.030002 -0.049072 -0.223212 -0.162724 -0.086521 -0.097431  0.042312  0.106768  0.127703 -0.301522 -0.173505  0.209992  0.170466 -0.152905  0.062132 -0.033933 -0.088880 -0.010041  0.043624  0.188533 -0.226838 -0.027864 -0.319983  0.251306  0.096027
 0.000040  0.000012  0.000018  0.000010 -0.000001 -0.499858 -0.000011 -0.000003  0.000004 -0.000031 -0.000011 -0.019627  0.158009  0.266189  0.091090 -0.057253  0.079735 -0.091666 -0.318145  0.169291 -0.005977  0.075766  0.011980 -0.239162 -0.054443  0.233264  0.038676 -0.004361 -0.174901  0.200435  0.166505  0.187053  0.175321 -0.112062 -0.079137  0.133887 -0.210985  0.118964 -0.047575  0.100290 -0.122398 -0.090609  0.102230  0.238372 -0.115330
-0.000016 -0.000001  0.000000  0.000306 -0.000003  0.000026  0.000002 -0.000009  0.000011  0.000022  0.499596 -0.005610 -0.062773 -0.249509 -0.060561  0.312039  0.127210  0.025854 -0.069467 -0.098730 -0.146475  0.173270 -0.242589 -0.017535  0.009277  0.230381 -0.003165  0.070466  0.280039  0.230105  0.140385  0.042543 -0.010296 -0.057307  0.079479  0.121395 -0.204893 -0.192978  0.110373  0.043604 -0.067119  0.097320  0.155299 -0.134318  0.237012
-0.000001 -0.000001  0.499992  0.000000  0.000001  0.000000 -0.000000  0.000001 -0.000001 -0.000000  0.000003  0.284311  0.309861  0.026709 -0.090003 -0.085012 -0.196583 -0.045672 -0.063397 -0.136218 -0.074738 -0.127397 -0.270556  0.243576 -0.140775 -0.083145  0.045376  0.115289 -0.320084  0.100242  0.139188 -0.159713  0.038755 -0.161159  0.115501 -0.188472 -0.036764 -0.132427 -0.018849 -0.039449 -0.064389  0.069760  0.166977 -0.077076  0.005779
-0.499648  0.000038  0.000052  0.000012 -0.000000 -0.000013  0.000011  0.000002  0.000196 -0.000024  0.000000 -0.003479  0.049874 -0.173078 -0.050740 -0.039672  0.063944  0.030100  0.193360  0.238455  0.059596  0.206692  0.022959 -0.061172 -0.177099 -0.135265  0.014484  0.167196 -0.042056 -0.095724  0.332675  0.169758 -0.069735  0.044157 -0.110383 -0.012946  0.075042 -0.052554  0.187842 -0.193323 -0.357438 -0.138147 -0.007740 -0.190525 -0.228675
-0.000011 -0.000003 -0.000017  0.000031  0.000002  0.000030  0.000014 -0.000003  0.000000  0.000000  0.499878 -0.127462 -0.030194 -0.298384 -0.017010 -0.215859 -0.179508  0.035115 -0.200618 -0.076369  0.189605 -0.228229  0.071397  0.020252 -0.090736  0.201492 -0.111249  0.019336 -0.148600 -0.043590  0.011890  0.036052 -0.148845  0.046805  0.018618 -0.092520  0.365119  0.225288  0.105804 -0.052852  0.012203 -0.133860  0.077422  0.278730 -0.062457
 0.000007 -0.000001 -0.000000 -0.000002 -0.000004  0.000000  0.000001 -0.000001 -0.499980 -0.000000  0.000000 -0.045517  0.341415 -0.004584 -0.005385  0.067490  0.112944 -0.253656 -0.075455  0.104919 -0.237781 -0.010796  0.090688 -0.097602  0.224116 -0.002083 -0.333654  0.202086  0.093201 -0.104689 -0.056040 -0.078755 -0.219207  0.167492  0.130345 -0.108862  0.090421  0.000871 -0.260687 -0.007007 -0.171416 -0.068344  0.077220  0.011189  0.076911
 0.000029 -0.000016 -0.000000  0.000157  0.000000  0.000002  0.000009 -0.000002 -0.000000 -0.000026  0.499742  0.059496  0.036603  0.170303  0.193839 -0.016193 -0.007745 -0.092657  0.166947  0.178779  0.136939  0.151621  0.046667 -0.158551  0.141251 -0.081106 -0.066045 -0.234190 -0.382983 -0.158648 -0.105400 -0.175417  0.128012  0.055377 -0.173874 -0.033751  0.040840 -0.279901 -0.081552  0.196046 -0.027488  0.124188 -0.120913 -0.185848  0.016809
 0.000000 -0.000000  0.000000  0.000000  0.000000 -0.000000  0.000000  0.500000 -0.000000  0.000000 -0.000000  0.020558  0.078504 -0.132159 -0.145877  0.086054  0.135596  0.018547 -0.137400 -0.115976 -0.009946 -0.101233  0.347018 -0.037339  0.062585 -0.224847 -0.246773  0.128872  0.063564  0.008167 -0.062984 -0.089688  0.311461 -0.219650 -0.151235  0.010137  0.011379 -0.177892  0.275160  0.103891  0.057976  0.092099  0.133074  0.069064 -0.212398
 0.000034 -0.000001 -0.000001 -0.000011 -0.000022 -0.000002 -0.000005 -0.000017  0.000003  0.000012 -0.499893 -0.071955 -0.063871 -0.367999  0.110205  0.058208 -0.032864 -0.045618 -0.095231 -0.001364  0.179986  0.095465 -0.129828 -0.159505  0.063780  0.346388 -0.192622 -0.146913 -0.260571  0.040281  0.046531 -0.082217 -0.028957  0.037639 -0.070332  0.000715  0.214263 -0.245693  0.139935  0.165355 -0.072115  0.094618  0.118013 -0.048556  0.204532
-0.000024 -0.000010  0.000015  0.000013 -0.000013  0.499680  0.000005 -0.000002 -0.000012  0.000220  0.000005  0.106448  0.109181  0.269763  0.102807  0.046064 -0.089622 -0.103639  0.138592  0.260259  0.026735 -0.080865 -0.207781 -0.158966 -0.195952  0.271302 -0.105325  0.247147  0.146965  0.010309 -0.011688  0.008904  0.196175 -0.022931 -0.152639  0.133243  0.146230  0.153546  0.093007  0.164740  0.179621 -0.037652  0.226302 -0.007783 -0.091259
-0.000000  0.000005  0.000006 -0.000001  0.499935  0.000006 -0.000001 -0.000011 -0.000006 -0.000013  0.000001 -0.121553  0.136834 -0.004181  0.039429 -0.134171  0.098173  0.039953  0.009139 -0.100949  0.204564  0.029430 -0.191523 -0.002156 -0.013282 -0.096149  0.012248  0.060142  0.152139  0.008692  0.205311 -0.273992  0.019674  0.094033 -0.122800  0.288807  0.049084 -0.349239 -0.211496 -0.164040  0.155498 -0.167382 -0.058232  0.285524 -0.040058
-0.000000 -0.000002  0.000002 -0.499981  0.000001 -0.000002  0.000002  0.000000  0.000001  0.000008 -0.000000  0.042295  0.163243 -0.203612  0.148091 -0.200888  0.014619  0.195185  0.106023 -0.088952 -0.174713  0.109320  0.090982 -0.071476 -0.112721  0.095187 -0.113727  0.037548  0.017552  0.297258  0.044215 -0.181019  0.099333  0.042088  0.034621  0.139124  0.072310  0.242705 -0.154214  0.045029 -0.017176  0.313872 -0.298196 -0.110176 -0.151660
-0.000000 -0.500000 -0.000000  0.000000 -0.000000 -0.000000 -0.000000  0.000000  0.000000 -0.000000 -0.000000 -0.192874 -0.185290  0.178977  0.093765 -0.152787 -0.010779  0.059787 -0.248824  0.113285  0.122523  0.069894 -0.169923 -0.030964 -0.188273 -0.081950 -0.265948 -0.110550  0.235470 -0.122564  0.014634 -0.208594 -0.110083 -0.327663  0.215555 -0.122604 -0.014932 -0.013811 -0.015034  0.017554 -0.144604  0.134253  0.007095 -0.115373 -0.112274
-0.000006 -0.000001 -0.000056 -0.000013 -0.499860 -0.000039 -0.000001  0.000008  0.000001  0.000006  0.000000 -0.159560  0.151576  0.015209 -0.172417  0.130243  0.039028 -0.243535  0.004619 -0.089130  0.068093 -0.167509 -0.210259  0.130034  0.023915  0.080138 -0.009040 -0.326912  0.159335 -0.137339  0.243958  0.020043  0.169784  0.150541 -0.108348  0.103471  0.100382 -0.072581 -0.119801 -0.144881 -0.026370  0.242552 -0.105110  0.105824 -0.260118
 0.500000
