1 36
 0.166667  0.114957 -0.069980 -0.003375 -0.055000 -0.157092  0.040573 -0.099660  0.047828  0.029300 -0.034782  0.321004 -0.100284 -0.298956 -0.067179 -0.094037 -0.362062  0.218091 -0.027197  0.035068  0.121595  0.364020 -0.346451  0.023696 -0.151755 -0.106074  0.101044  0.070421  0.158264  0.063805 -0.130699 -0.093046  0.035288 -0.339380 -0.111175 -0.114150
-0.166667 -0.155873 -0.016513 -0.224113 -0.145585 -0.145876 -0.051622 -0.081215 -0.124384 -0.143229 -0.108649 -0.069004 -0.066832 -0.051799 -0.207213 -0.178683 -0.018975 -0.187403 -0.236074 -0.019997 -0.061922  0.096053 -0.187443 -0.140369 -0.094684 -0.124515 -0.465049 -0.361700 -0.105540 -0.146304  0.008710 -0.033817 -0.228111 -0.125286  0.154080  0.234120
 0.166667 -0.101519 -0.090750  0.191822  0.170641  0.154307 -0.112706  0.043711 -0.061030 -0.001184  0.336075 -0.245217 -0.376419 -0.036695  0.111904  0.242913  0.006227  0.150149 -0.208335 -0.152671 -0.180726  0.167878  0.085807 -0.218321 -0.301825  0.186501 -0.023193 -0.069979 -0.143312 -0.030723  0.129700 -0.207266  0.047559 -0.183064 -0.049755  0.044453
 0.166667 -0.281723 -0.220318 -0.158382 -0.187492  0.146935  0.053186 -0.074909 -0.084729 -0.357495 -0.113133  0.083431  0.085855  0.103310 -0.048977  0.225200 -0.164439  0.179252 -0.153715 -0.086331 -0.006994 -0.017465 -0.080321  0.088161  0.197742  0.222276  0.276823 -0.052235 -0.245999 -0.317526 -0.047410  0.119813 -0.110109  0.015541  0.115733 -0.227482
 0.166667 -0.096986 -0.096254 -0.054199  0.059754 -0.014111 -0.088942  0.054260  0.048487  0.058991  0.167416  0.264197 -0.010866  0.083320  0.248884  0.053452 -0.312330 -0.211989 -0.079091 -0.217670  0.104316 -0.469642  0.009274 -0.060261  0.032413 -0.267919 -0.202759 -0.194536  0.061316  0.037266  0.056195 -0.082374  0.264818 -0.076596  0.142035 -0.257164
 0.166667  0.315663 -0.090843  0.114469 -0.026763 -0.323696 -0.270142  0.339335 -0.117657 -0.077893 -0.093777 -0.043910 -0.054587 -0.169188 -0.090483  0.066119 -0.037805  0.138414  0.008791 -0.238230 -0.275559 -0.191117  0.042168 -0.054639  0.122499 -0.109816  0.074215 -0.159793 -0.010872  0.120295 -0.010998  0.263264 -0.329123  0.050990 -0.181001 -0.048561
-0.166667 -0.280257 -0.225141  0.121275  0.164385 -0.080169  0.105684  0.055533 -0.067138  0.164890  0.430029  0.033644  0.389892 -0.108416 -0.160678 -0.210313 -0.315489  0.121555 -0.019054  0.140285 -0.207955 -0.058925  0.077917  0.062852 -0.031250  0.075037 -0.002641  0.010632  0.037431  0.029815  0.026188 -0.138247 -0.273684  0.182858 -0.013456 -0.024113
-0.166667  0.266995  0.251225  0.159690  0.099854  0.176610 -0.056981 -0.235394 -0.269372 -0.019595 -0.099017 -0.188624  0.006977  0.031092 -0.068939  0.127920 -0.396348 -0.116366  0.124807 -0.092242 -0.315257 -0.021376 -0.056101  0.256597 -0.094835 -0.238741  0.136479  0.026792 -0.117647 -0.111387 -0.129901 -0.126367  0.046585  0.015604  0.246953  0.025786
 0.166667 -0.063799  0.007654  0.210490 -0.174917 -0.166512  0.180533  0.215974 -0.057440 -0.112840 -0.039265  0.184383  0.027431  0.047515  0.181553 -0.158149 -0.058332 -0.057579  0.213142  0.040750 -0.319836  0.137304  0.075252  0.043349 -0.190088  0.142137  0.025225 -0.114894  0.226127 -0.280730  0.228191  0.235497  0.276424  0.009547  0.223490  0.238919
-0.166667  0.054525 -0.170688 -0.208253 -0.171266  0.030558 -0.108529 -0.255539  0.033108 -0.358356  0.213005 -0.057700 -0.027464 -0.071347 -0.004087 -0.215972  0.056036 -0.203169  0.247207  0.074429 -0.270081 -0.090515 -0.041209 -0.061262 -0.054665 -0.036545  0.146787  0.127682 -0.123025  0.210996  0.358489  0.068276  0.102372 -0.213985 -0.194467 -0.178698
 0.166667 -0.016274  0.023006 -0.370189 -0.016168  0.095672 -0.079817 -0.006477  0.176318 -0.058920 -0.048780 -0.086832 -0.031915 -0.200039  0.093474 -0.047333 -0.147260  0.386213  0.187930  0.108387 -0.154637  0.063661  0.332771 -0.177293  0.203016 -0.104048 -0.129286  0.089818 -0.029621  0.209349 -0.071879 -0.069082  0.030131  0.017610  0.420083  0.157697
 0.166667 -0.030390  0.146199  0.154929  0.290949 -0.286612 -0.030440 -0.232689  0.047999 -0.249309  0.196442 -0.166179 -0.071979 -0.164721  0.194418 -0.044561  0.085515 -0.082740  0.173289  0.110503  0.154605  0.116884 -0.284339 -0.077264  0.026120  0.064433 -0.051175 -0.108447 -0.054666  0.014377 -0.077576  0.149662 -0.079503  0.348877  0.264136 -0.268104
 0.166667 -0.044607  0.278300  0.241317 -0.298694  0.286150  0.107893 -0.147350 -0.162270  0.173376  0.043853  0.147693 -0.060499  0.135483 -0.100024 -0.115531 -0.063798 -0.027491  0.211903  0.019387 -0.165891  0.031478  0.041626 -0.307487  0.162535  0.198842 -0.267804 -0.086297 -0.048003  0.140621 -0.205943  0.121733 -0.122029 -0.061554 -0.128361 -0.264791
-0.166667  0.064306  0.017582 -0.004234 -0.135201 -0.199689 -0.145921 -0.254057  0.265120  0.268844 -0.048449  0.211229  0.145936  0.301069  0.351955  0.159291  0.067857  0.227549  0.150412 -0.056398 -0.088643  0.092506 -0.010192 -0.105593 -0.217590 -0.123220  0.013771 -0.055948 -0.214769 -0.150837  0.158859 -0.044533 -0.313089  0.005936  0.022234 -0.051917
-0.166667  0.274916 -0.169102 -0.025915 -0.052555  0.343673  0.126113  0.176814  0.022028 -0.129683  0.016749  0.215674  0.034236  0.029433 -0.012938 -0.145695  0.140193 -0.008485 -0.259746 -0.120976 -0.087011  0.165215 -0.068115 -0.317570 -0.254305 -0.175816  0.139877 -0.023150  0.059475  0.112681 -0.097519  0.002190  0.010212  0.391132  0.207928 -0.178500
 0.166667 -0.320209  0.057071 -0.023067 -0.193601  0.205915 -0.067040  0.051978  0.022916  0.109664 -0.052126 -0.151673 -0.052490 -0.162378 -0.081189 -0.200447  0.023972  0.104699  0.278499 -0.396384  0.157950  0.150947 -0.023387  0.259813 -0.135644 -0.277665  0.008746 -0.132129 -0.079971 -0.005689  0.194264 -0.065556  0.028040  0.323035 -0.185400 -0.040590
 0.166667  0.031261  0.068165  0.091965 -0.297744 -0.426862 -0.006889  0.041388 -0.112087 -0.155937  0.065775 -0.080678 -0.023709  0.401601 -0.164878 -0.201778  0.061965  0.128557 -0.140630 -0.110183  0.022061 -0.027867  0.037376  0.099181 -0.069777  0.023087 -0.059222  0.312071 -0.111641  0.172112 -0.066731 -0.372767  0.116532  0.078146  0.149470 -0.097247
 0.166667  0.045075 -0.013586  0.181015 -0.089246 -0.045679  0.002202 -0.361172 -0.087885 -0.009812 -0.043924 -0.159399  0.245252 -0.116492  0.252593 -0.179500  0.078100  0.072376 -0.455955  0.121192 -0.090806  0.133281  0.279343 -0.014156  0.195428 -0.294232  0.035394 -0.138184  0.025051 -0.100927 -0.012150  0.039176  0.192538  0.028995 -0.239079 -0.031562
 0.166667  0.042404 -0.131208  0.063229  0.169794  0.026752 -0.061981 -0.114119  0.023236 -0.048600 -0.254760 -0.013158 -0.159224 -0.036885 -0.122999 -0.240732 -0.071058 -0.194294  0.069946  0.016928  0.157511 -0.072293  0.419901 -0.137723 -0.203818 -0.017252 -0.016832  0.278582  0.170851 -0.377177  0.079844 -0.075828 -0.326033 -0.045644  0.041774 -0.219763
-0.166667 -0.049195 -0.261030  0.090924 -0.026155  0.004017 -0.156634  0.006036  0.226722 -0.085377  0.002619 -0.039692 -0.042468 -0.060270  0.255719 -0.178232 -0.055832 -0.076075  0.106712 -0.281120 -0.152749 -0.008024 -0.122771 -0.046218  0.115932  0.104324 -0.184530  0.291754 -0.074786 -0.236651 -0.512448 -0.019185  0.128970  0.085118 -0.205582  0.176429
 0.166667 -0.098809 -0.066894 -0.270661  0.173837  0.021495  0.104233  0.132898 -0.155152  0.092611  0.010219 -0.205857 -0.259131  0.482401  0.144363 -0.181524 -0.164656  0.063116  0.049308  0.299646 -0.086279 -0.001935 -0.221445 -0.116818  0.005195 -0.287485  0.140249  0.027870  0.052536 -0.058328 -0.087085  0.130705 -0.069682  0.082554 -0.229534  0.070591
-0.166667 -0.198808  0.266456  0.108443 -0.084439 -0.024807 -0.110930 -0.063481  0.002255  0.053426 -0.304650  0.047808 -0.201158 -0.234163  0.079570 -0.186595 -0.082753  0.198861 -0.163297  0.142845 -0.061957 -0.442269 -0.207123 -0.249208 -0.055212  0.181088  0.242238  0.013163  0.014556 -0.006341  0.136524 -0.179107  0.071493  0.189229 -0.037022  0.074782
 0.166667 -0.051306 -0.022615  0.219641  0.038420  0.035359  0.160175  0.017853  0.323907 -0.218713 -0.056178  0.298614 -0.211232 -0.007788 -0.041071  0.010042 -0.038547 -0.185099 -0.016216  0.286218 -0.048273 -0.069160  0.182255  0.215033 -0.105934 -0.137349  0.055650 -0.154571 -0.422441  0.198031 -0.150484 -0.095960 -0.124638  0.089171 -0.123050  0.225523
-0.166667  0.011450  0.128167  0.089989  0.157709  0.041340  0.388002  0.124875 -0.158177 -0.042797  0.127077  0.166563 -0.220622 -0.109076  0.214172 -0.253023  0.255812  0.182410 -0.012073 -0.192281 -0.027589 -0.058699 -0.044062  0.136585  0.327830 -0.194178 -0.005540  0.117903 -0.158646 -0.147504  0.121372 -0.072274 -0.199254 -0.262517  0.126023 -0.050169
 0.166667  0.029708 -0.309926 -0.068846 -0.026920 -0.029220 -0.054112 -0.115619 -0.272678  0.494687 -0.049586  0.053368 -0.076798 -0.173824  0.003544 -0.134134  0.138007 -0.087979 -0.083916  0.062476 -0.009259 -0.092592 -0.059867  0.119145 -0.155502  0.085664  0.011734  0.186117 -0.408955  0.079203 -0.039415  0.309599  0.105356  0.010927  0.246767  0.026008
-0.166667 -0.183984  0.221797 -0.093183 -0.288668 -0.112361  0.066439  0.421430  0.035362  0.077116 -0.041995 -0.231844  0.018112 -0.213857  0.311792  0.109632 -0.142468 -0.293108 -0.115877  0.160379 -0.017055  0.167094  0.123245  0.018244 -0.111495 -0.050191  0.064986  0.144151 -0.128518  0.030786 -0.111504  0.022061 -0.099345 -0.088604  0.016945 -0.327228
-0.166667 -0.070108  0.260003 -0.118334  0.381353 -0.136990  0.049717  0.002180  0.196278  0.006239 -0.141614  0.112219 -0.054815  0.122670 -0.197569 -0.091882 -0.226176  0.084224 -0.212982 -0.203059 -0.131607  0.184450  0.141241  0.000748 -0.001856  0.098205 -0.159822  0.122908 -0.223705  0.041103  0.173846  0.346658  0.240372  0.086074 -0.140579 -0.169645
-0.166667 -0.012196 -0.076083  0.069137 -0.057229  0.143751 -0.359189 -0.038980 -0.252111 -0.113774 -0.024674  0.197571 -0.232123  0.122527  0.326803 -0.057705 -0.188225 -0.021015 -0.146818  0.057367  0.137665  0.202979  0.081419  0.308011  0.132874  0.166283 -0.146155  0.081435  0.187651  0.265280  0.176533  0.073339 -0.201045  0.162729  0.020564  0.082090
 0.166667  0.265533  0.178774  0.065698 -0.273479  0.185831 -0.066971  0.052623  0.356217  0.051843  0.352169 -0.101826 -0.029064 -0.027954 -0.124713 -0.016440 -0.166505 -0.006922 -0.228574  0.108000  0.091334 -0.097744 -0.200528  0.049282  0.106123 -0.062183 -0.114554  0.259654 -0.036158 -0.261828  0.249090  0.204259 -0.110027  0.084024  0.059865  0.152225
 0.166667  0.074272 -0.126318  0.174980  0.202922  0.233596 -0.155733  0.272097  0.078877 -0.049350 -0.357220 -0.097608  0.309408  0.045906  0.074874 -0.093271  0.074321  0.071462  0.028006  0.233115 -0.144000  0.041289 -0.300285  0.096949  0.035267  0.048156 -0.312756  0.027444 -0.153204  0.019771  0.213741 -0.218870  0.046979 -0.117066  0.004544 -0.211842
 0.166667  0.016978  0.128241 -0.251811  0.025259 -0.049496  0.117228 -0.038535 -0.335289 -0.116598  0.034651  0.284796  0.069402 -0.211979  0.056954  0.369589  0.092263 -0.024642  0.031518  0.080026 -0.151224 -0.033091 -0.034999 -0.044776 -0.098544 -0.087617 -0.297615  0.328700 -0.011050 -0.134372  0.083456 -0.147268  0.001329  0.303049 -0.275820  0.058180
 0.166667  0.101655  0.230749 -0.318740  0.105568 -0.007249 -0.359575  0.093320  0.036305  0.174904  0.171084  0.237108 -0.024026 -0.001001 -0.047208 -0.214467  0.146067 -0.242421 -0.046360  0.020539 -0.202599  0.175882  0.024508  0.104661  0.200491  0.193317  0.247956 -0.191645 -0.033697 -0.219192 -0.070037 -0.299130  0.018868  0.045018 -0.008243 -0.060363
-0.166667 -0.012706 -0.228503  0.000052 -0.131585 -0.074165  0.083305 -0.087960  0.199364  0.165275 -0.027325 -0.046733 -0.416376 -0.035888 -0.171971  0.176974  0.146479  0.120578 -0.024819  0.207651 -0.313207 -0.032979  0.001567  0.299718  0.096097 -0.054749 -0.185354 -0.102024  0.268452 -0.118407 -0.030854 -0.049754  0.103282  0.151921  0.042344 -0.354981
-0.166667  0.356772 -0.230486  0.010489 -0.097407 -0.125363  0.183248  0.092441 -0.124284  0.084774 -0.023254 -0.071612 -0.122057 -0.038211  0.007755 -0.000424 -0.279962 -0.022898  0.183780  0.088199  0.276040  0.127470  0.104588 -0.199147  0.255247  0.138411 -0.033655 -0.194733 -0.300110 -0.152227  0.208033 -0.224062  0.181094  0.202246 -0.111174 -0.003027
-0.166667 -0.289826 -0.032426  0.298721  0.005679 -0.040812 -0.401290  0.135053 -0.118168 -0.017906  0.069093  0.194726 -0.042757  0.025660 -0.266389  0.147404  0.100416 -0.001372  0.107161  0.197858  0.077719  0.172637  0.021042 -0.251703  0.207965 -0.388834  0.088412  0.159656 -0.101065 -0.127431  0.021510  0.070404  0.179858 -0.037650  0.104499  0.012187
 0.166667 -0.155875 -0.144208  0.084400  0.021772 -0.085767  0.199737 -0.127172  0.150731  0.181123 -0.195207 -0.048030 -0.026645  0.017787 -0.015860  0.157287 -0.059082 -0.385887 -0.083002 -0.237827 -0.216898  0.185899 -0.164656 -0.178844  0.346112 -0.036217  0.147966  0.180556  0.115200  0.225234  0.243765 -0.150981 -0.143011  0.080626  0.102811  0.135141
 0.166667
