2 22
 0.301511  0.000000  0.489985 -0.270014  0.145984  0.097684  0.001019  0.042201  0.093260 -0.298241 -0.031801  0.243443 -0.007369 -0.300967  0.071425  0.032370 -0.255418  0.045015 -0.324278 -0.180037  0.321345  0.025710
 0.301511  0.000000 -0.019053  0.128785 -0.168194  0.010725 -0.304340 -0.493614  0.069864 -0.059645  0.083998 -0.358499 -0.035109  0.168334  0.191801  0.294663  0.096040 -0.185817 -0.404844  0.073551  0.006667  0.130986
 0.301511 -0.000000  0.094071 -0.141847  0.154717 -0.128693 -0.060067 -0.214750 -0.264630 -0.019504 -0.083367  0.374575 -0.189751  0.342722 -0.319542  0.009507  0.199105 -0.085622  0.108624 -0.351646 -0.325500  0.167905
 0.000000 -0.301511  0.322476  0.453010  0.331457 -0.280842 -0.122842  0.404692  0.112597 -0.040864  0.274232 -0.149658 -0.159420  0.120282  0.135370  0.117005  0.006499 -0.037930 -0.003560 -0.141642 -0.163273 -0.014837
-0.000000  0.301511  0.224144  0.219013  0.190643  0.078465  0.503445 -0.362281  0.187922 -0.040256  0.152493  0.065910 -0.173992 -0.094267  0.047122  0.117689  0.194138  0.359893  0.023798  0.202013 -0.214817 -0.095807
-0.000000 -0.301511 -0.330937  0.180621 -0.327719 -0.056503  0.170560 -0.025527 -0.143430 -0.444378  0.346189  0.244163 -0.096179 -0.081047  0.025686  0.177054  0.083290  0.202486  0.097915 -0.133026  0.247231  0.211979
 0.000000 -0.301511 -0.199293  0.001276  0.083093  0.193679  0.090311  0.096358  0.349254  0.170812 -0.018107  0.340992  0.402488  0.231802 -0.146395  0.283826 -0.131436  0.152186 -0.354777  0.081177 -0.218568  0.037065
-0.301511 -0.000000  0.215972  0.047669 -0.105135  0.059044 -0.009736 -0.029309 -0.261472  0.004708 -0.432749 -0.131551  0.099233  0.054929  0.075066  0.608201 -0.041369  0.239584  0.129444 -0.301721  0.044932 -0.119936
 0.000000  0.301511 -0.151550 -0.038856  0.083488 -0.015694 -0.198821  0.307792  0.007602 -0.055328 -0.179965  0.381906 -0.194580 -0.141225  0.375187  0.336592  0.234858 -0.189435  0.017694  0.321363 -0.095313  0.214922
-0.301511  0.000000 -0.039210 -0.173527 -0.158614 -0.058630  0.049023 -0.045057  0.128727  0.192289 -0.029038  0.051135 -0.531891  0.251251  0.310592 -0.163971 -0.368353  0.211780 -0.209742 -0.160846 -0.081366  0.246984
 0.000000 -0.301511  0.151652  0.112362  0.134144 -0.214979  0.229375 -0.170701 -0.113962  0.285644 -0.264635  0.148757  0.203024  0.143937  0.330177 -0.213461  0.304914 -0.013909 -0.021614  0.116877  0.405842  0.228572
 0.000000 -0.301511 -0.117996 -0.051697  0.290969  0.099631  0.061052 -0.203848  0.196048 -0.317641 -0.318718 -0.231214  0.043747 -0.226299  0.091046 -0.048527 -0.205310 -0.085716  0.322906  0.021335 -0.279382  0.402748
 0.000000  0.301511 -0.203091  0.315354  0.186385  0.214247 -0.011560  0.204254 -0.237806 -0.066288 -0.142606 -0.166883  0.123138 -0.100718 -0.056234 -0.251506  0.153880  0.255776 -0.402881 -0.284096 -0.041727  0.333437
-0.301511 -0.000000 -0.154591  0.223116  0.014626 -0.113118  0.253166 -0.129675  0.153585 -0.211874 -0.246261  0.152525 -0.118864 -0.089976 -0.043266 -0.054842  0.049598 -0.544389 -0.295691 -0.258921 -0.004317 -0.329684
 0.000000 -0.301511 -0.002661 -0.192728  0.062394  0.424707 -0.023657  0.181111  0.149919 -0.174208 -0.198925 -0.183466 -0.404052  0.214330 -0.141916 -0.047588  0.454887  0.120593 -0.062766  0.119388  0.164909 -0.172632
 0.301511  0.000000 -0.174793 -0.002743 -0.168889 -0.358167 -0.204391  0.007461  0.290986 -0.128795 -0.282131  0.048372  0.100331 -0.062460  0.264230 -0.199523  0.141819  0.405277  0.047109 -0.177109 -0.163872 -0.358185
-0.301511  0.000000 -0.053747  0.159139  0.308801  0.303503 -0.545177 -0.346343  0.117066  0.065499  0.185041  0.288002  0.020233 -0.058454  0.097393 -0.104123  0.032636  0.093391  0.176734 -0.169831  0.180428 -0.120340
-0.000000 -0.301511 -0.062817 -0.296262  0.059925  0.191894  0.110674 -0.027022 -0.381940  0.169597  0.246935 -0.036790  0.038235 -0.308087  0.400118 -0.011815  0.171358 -0.054668 -0.159524 -0.149457 -0.373156 -0.225859
 0.000000  0.301511 -0.109080 -0.288930  0.173747  0.080570  0.222409  0.105297  0.210770 -0.189166  0.237050 -0.148148  0.273277  0.431128  0.328011  0.053720  0.101326 -0.143194  0.179970 -0.324628  0.135459  0.014484
 0.301511 -0.000000  0.020681  0.189447 -0.279409  0.290286  0.119603  0.092159  0.337112  0.467301 -0.024726  0.002740 -0.128154 -0.257304 -0.000634  0.083372  0.102333 -0.166795  0.231919 -0.383846  0.061889  0.148928
 0.301511 -0.000000 -0.472640 -0.016377  0.483577 -0.142275  0.116510 -0.033051 -0.127434  0.228047 -0.042711 -0.104337 -0.257371 -0.050279 -0.048066  0.236546 -0.255456  0.079703  0.006147 -0.018678  0.306889 -0.206185
 0.301511 -0.000000  0.030173  0.369145 -0.108108  0.421239  0.078942  0.049210 -0.261252 -0.138543 -0.142270  0.153818 -0.013867  0.317703  0.280571 -0.171670 -0.355912 -0.091396  0.136069  0.146445 -0.067741 -0.232136
 0.301511
