13 44
-0.000019 -0.524728 -0.000000  0.000005  0.019291 -0.000001 -0.000008  0.000005  0.000003 -0.000002 -0.029840  0.000003 -0.000004 -0.286313 -0.205931  0.111678 -0.109598  0.004794 -0.065482  0.400900 -0.070192 -0.043936  0.077538  0.134566  0.097856  0.119987  0.016177 -0.303218 -0.011827 -0.037948  0.219209 -0.131913 -0.129092 -0.004973 -0.361372 -0.032254 -0.020410 -0.101094 -0.045350  0.042589  0.117689 -0.108840  0.000291 -0.082407
-0.000000  0.000001 -0.000001 -0.000000 -0.000000 -0.000000  0.000000 -0.000000 -0.000000 -0.573915 -0.000001  0.000000 -0.000000 -0.145301  0.148893 -0.016015 -0.038205  0.058318  0.080878 -0.198093 -0.123848 -0.104813  0.199683 -0.034820 -0.105599  0.098051  0.009621 -0.120066  0.052526 -0.242191  0.145368 -0.268464  0.239407  0.233096  0.106461  0.243609  0.191641  0.127961  0.008940  0.238452  0.145237 -0.053812 -0.007400  0.052200
-0.000000  0.000000 -0.000000  0.000000  0.573918  0.000000  0.000000 -0.000000  0.000000  0.000000  0.000000 -0.000000  0.000000  0.196504 -0.089453  0.199680 -0.172393  0.193947 -0.130048  0.018595 -0.097049 -0.217501  0.012475 -0.098176 -0.087245 -0.038197 -0.206814 -0.187486 -0.150153  0.175390 -0.020498  0.143759  0.206242  0.048391 -0.010730  0.090783  0.014706  0.070743  0.061271  0.140797 -0.363418 -0.061444 -0.044552 -0.227518
-0.000001 -0.000000  0.000001  0.000005  0.000004 -0.000004 -0.000010 -0.573861 -0.000001 -0.000005 -0.000006  0.000007 -0.000002  0.125466 -0.330248  0.125556 -0.056495 -0.092839 -0.085688  0.086851 -0.005304  0.122349  0.062290 -0.102112  0.195861 -0.011018  0.059299 -0.101987  0.000003 -0.250578  0.006093 -0.041135 -0.120594 -0.123345  0.310760  0.278187  0.033611  0.145486 -0.149296 -0.137133 -0.152645 -0.098581 -0.108360  0.212899
 0.000002 -0.000000  0.000001 -0.000014 -0.000003 -0.000001 -0.000004  0.000003 -0.000000  0.000001 -0.000004  0.000016  0.573853 -0.084908  0.050460  0.194455  0.039205 -0.000381 -0.082394  0.103019  0.354512  0.215406  0.041123 -0.074177 -0.133073  0.251677 -0.067721  0.189961 -0.144392  0.046200  0.115277  0.200449  0.158463  0.191194 -0.027423  0.055443 -0.069457 -0.042619 -0.336500  0.114771  0.015572 -0.006802 -0.123448  0.112587
-0.000000  0.000000  0.573915  0.000000  0.000000 -0.000000  0.000000 -0.000000  0.000000 -0.000000 -0.000001 -0.000001 -0.000000 -0.032225 -0.262120 -0.239626 -0.213312  0.001388 -0.097393  0.004138  0.216803 -0.355043  0.041495 -0.027304 -0.182660  0.025261  0.161335 -0.041275  0.140701 -0.002898 -0.198326 -0.043148  0.247933 -0.112315  0.043076 -0.097927 -0.084692 -0.066952 -0.243260 -0.028474  0.073087  0.040812  0.133999  0.089731
-0.000000 -0.000000  0.000000  0.000000 -0.000001 -0.000000 -0.000000  0.000000  0.000000 -0.000000 -0.573915  0.000000  0.000000 -0.188185  0.045176  0.079917  0.110294  0.187456  0.172091  0.022133  0.073334 -0.101000  0.224937 -0.050323 -0.020117 -0.095135 -0.117529 -0.046600  0.042263  0.198881 -0.138461 -0.009660 -0.096200  0.183932  0.212620  0.069247 -0.289809  0.065842 -0.005823 -0.307756  0.113336 -0.316510  0.047780 -0.056127
 0.000001  0.000004  0.000001 -0.000000  0.070810  0.000000 -0.000003  0.000001 -0.503094 -0.000000  0.000001  0.000001 -0.000000  0.146920 -0.139934 -0.065245  0.138599 -0.278827 -0.023333  0.007818  0.090201  0.143851 -0.027176 -0.175856  0.155344 -0.284530 -0.099994  0.035734  0.100231 -0.136139 -0.114752 -0.124893  0.238325  0.356099 -0.313833  0.012279 -0.025946 -0.109625  0.036713 -0.044255 -0.031017 -0.199423  0.159821  0.013237
-0.000002 -0.000002 -0.000003 -0.503098  0.000000  0.000001  0.000001  0.000000  0.000001 -0.000001 -0.070802 -0.000005 -0.000002  0.090557 -0.114745 -0.130564 -0.114413  0.198169 -0.220486 -0.075442  0.074644  0.024038  0.312308 -0.117890  0.075851  0.024334  0.073995  0.213647 -0.021338 -0.211466  0.349801  0.209899 -0.098284  0.088234 -0.044003 -0.062359 -0.025076  0.097749  0.164123 -0.111438  0.030691  0.133668  0.304451 -0.160778
 0.000000  0.000000  0.000000 -0.000000  0.000000 -0.000000  0.000000 -0.000000  0.000000 -0.573914  0.000001 -0.000001 -0.000000 -0.241285 -0.154600  0.192887 -0.101048  0.033547 -0.014747 -0.004620  0.185366  0.080321 -0.269214  0.191678  0.102544 -0.171692  0.192183  0.151054  0.051134  0.000000 -0.056102  0.189427  0.095351 -0.069558 -0.050851 -0.063053 -0.157676 -0.074404  0.226972 -0.256774 -0.208629  0.094520 -0.143265 -0.083553
-0.000020  0.000058  0.000007 -0.000056 -0.000034  0.000022  0.458438  0.000093 -0.000055  0.000001 -0.002312  0.079891  0.032886 -0.031709 -0.126339 -0.112786 -0.075740 -0.184667  0.161121 -0.060103 -0.079542 -0.052767 -0.137669 -0.096015  0.253931  0.337716 -0.240440 -0.126825  0.188552 -0.089009  0.112091  0.209121  0.082255  0.145398  0.318129 -0.272679 -0.075682 -0.204572  0.097740  0.042409  0.045907 -0.032357 -0.096554 -0.137519
 0.457497  0.000005 -0.000015 -0.000032  0.001446 -0.000003  0.000031 -0.077762 -0.000000  0.000004 -0.002196 -0.000021 -0.034827 -0.118580  0.207316 -0.068225 -0.052229  0.108629 -0.118997  0.067523 -0.115901  0.093863 -0.193755 -0.028157  0.122505  0.116103 -0.047171 -0.134054 -0.219959 -0.210695 -0.254711  0.126671  0.093469 -0.026842 -0.032774  0.100906 -0.454166  0.081004  0.094216  0.179439  0.061654  0.072453  0.301872  0.175314
-0.000000 -0.000001 -0.000002 -0.000002  0.000005  0.000001 -0.000001 -0.000002 -0.000001  0.000004  0.000004 -0.000001 -0.573877 -0.062953 -0.098053 -0.002520 -0.042041  0.169953  0.115659 -0.047816  0.047946  0.334308 -0.134408 -0.237487 -0.386144  0.161494  0.045311 -0.053808 -0.182429 -0.061708  0.085662  0.212225  0.063331  0.093158 -0.059169  0.017980  0.100377 -0.229835 -0.167484 -0.123117  0.029800 -0.150596 -0.040944  0.069086
-0.573294  0.000031 -0.000021  0.000003 -0.000281  0.000028  0.000022  0.000058  0.000036  0.000015 -0.000057 -0.000022  0.000047 -0.094326  0.092823 -0.011269 -0.073048 -0.273694  0.046592  0.189182 -0.299597  0.111546 -0.022375 -0.166745 -0.163531  0.242856  0.210619  0.068224  0.035204  0.004836 -0.105694  0.032939  0.101221  0.021575 -0.040931  0.004764 -0.265963  0.341953  0.042613 -0.045050 -0.149075  0.020965  0.160276 -0.066734
 0.000001 -0.474782  0.000001 -0.000004 -0.022053 -0.077053 -0.000001  0.000010  0.000001  0.000003  0.000000  0.000005 -0.000002  0.210360  0.004917  0.001049 -0.005509 -0.000486  0.005747 -0.133668 -0.113692  0.098090 -0.088837  0.341155 -0.023517 -0.109677 -0.068016 -0.076140 -0.062606  0.054171 -0.106797  0.256368  0.200446  0.239806  0.146089 -0.160233  0.195914  0.358899 -0.146202 -0.229464  0.156609  0.137357  0.085179  0.124760
-0.503204  0.000052  0.000030 -0.000036  0.003245 -0.000001 -0.000025  0.000010 -0.000016 -0.000004 -0.003985  0.000019 -0.063281 -0.257203 -0.034942  0.026217  0.005425  0.121130 -0.083106 -0.030345 -0.003147 -0.276422 -0.092116 -0.063693  0.206143 -0.168735 -0.352062  0.145908 -0.283358 -0.120955 -0.077520  0.176115 -0.061356 -0.020261 -0.025985  0.031901  0.106507 -0.121712  0.038976  0.105153  0.129653  0.039213  0.058125  0.385648
 0.000000  0.000003  0.000001  0.000000 -0.070817 -0.000003  0.000001 -0.000001 -0.503089 -0.000001  0.000000  0.000002  0.000000  0.209873 -0.022935  0.143658  0.012354 -0.000129  0.110300  0.058642 -0.037126 -0.214528 -0.070912  0.221859 -0.154377  0.214535  0.108849  0.016738 -0.119792  0.238854  0.360955 -0.011511  0.048200 -0.103339  0.164842  0.144271 -0.126038 -0.133092  0.245306 -0.054244  0.024309  0.008808  0.144762  0.310049
 0.000003  0.523286  0.000000 -0.000003 -0.020671 -0.000002  0.000002 -0.000009 -0.000005  0.000001 -0.029928 -0.000005  0.000001 -0.140556  0.034149 -0.055318 -0.169630 -0.046500 -0.314046  0.028777 -0.126562  0.093404  0.064667  0.266997  0.102938 -0.017266  0.108720 -0.304053  0.080694  0.182154  0.132619  0.196768  0.007373  0.128399 -0.134073 -0.194463  0.134998  0.125311 -0.045679 -0.013823  0.018040 -0.299600 -0.006300  0.245852
-0.000002  0.000003 -0.000002  0.503102 -0.000001 -0.000000  0.000000 -0.000001  0.000000  0.000001 -0.070801 -0.000000  0.000002  0.026888  0.055551 -0.356441  0.005906 -0.044732  0.155089  0.068429  0.097682 -0.151091 -0.037768 -0.005451 -0.022038 -0.297796  0.095486 -0.038724 -0.038254 -0.168069  0.425024  0.327828 -0.116485  0.074145 -0.035916  0.144036 -0.150895  0.142658 -0.121842  0.081869 -0.095726  0.053940 -0.006881 -0.104479
-0.000000 -0.000000 -0.573917 -0.000000  0.000000  0.000000 -0.000000  0.000000 -0.000000 -0.000000  0.000000  0.000000  0.000000 -0.021438 -0.079233  0.015794  0.187504  0.223994 -0.202239  0.174276  0.114518 -0.287248 -0.288323 -0.143341 -0.140297  0.015466  0.136632 -0.025643  0.379734 -0.081866 -0.018506 -0.016564  0.098082 -0.008514  0.103633 -0.129579  0.065457  0.056560 -0.161706  0.015932  0.016318 -0.021569  0.203411  0.061188
 0.000005 -0.000001 -0.000012  0.000018 -0.002787 -0.000009  0.507943  0.000015  0.000047 -0.000005  0.004208  0.000015 -0.058818  0.067272  0.126857  0.101283 -0.068125 -0.066017 -0.250936  0.074831  0.013458  0.087650  0.010461 -0.001639 -0.230293 -0.248303 -0.226302  0.119077  0.081859 -0.045856  0.136274 -0.032054  0.199388 -0.395553 -0.089546  0.125042 -0.110926  0.168977  0.030549 -0.084427  0.329082 -0.133385 -0.127305 -0.050218
-0.000000  0.000000  0.573916 -0.000000 -0.000000 -0.000000 -0.000000 -0.000000 -0.000000 -0.000000  0.000000 -0.000000  0.000000  0.050063  0.172068  0.219134  0.370000  0.273586 -0.046501  0.192188 -0.071642  0.067572 -0.296640 -0.115536  0.033477  0.022139 -0.055765  0.018565  0.280026 -0.101137  0.156380  0.026529 -0.147234  0.102161  0.000763 -0.055007  0.132108  0.169475  0.126152  0.042127 -0.074510 -0.057685  0.003508  0.042817
-0.000007  0.000003 -0.000002  0.000001 -0.000013 -0.000007  0.000001  0.573865  0.000006 -0.000002 -0.000002 -0.000003 -0.000001 -0.079365 -0.283978 -0.080348  0.140563  0.040359 -0.014863 -0.140932  0.013452  0.190625 -0.012855 -0.127875  0.279003  0.108858 -0.084170 -0.183458  0.126507  0.143724  0.074304  0.014427  0.081307 -0.229999  0.012785  0.392213  0.001944  0.171831 -0.122281 -0.112886 -0.086060  0.115439  0.059823  0.122104
-0.000000  0.000000 -0.000000  0.000001  0.000000 -0.573912 -0.000000 -0.000001  0.000000  0.000000  0.000000 -0.000001 -0.000002  0.009264  0.232337 -0.141555  0.218240 -0.053027 -0.108100 -0.060878  0.101955 -0.224108 -0.017164  0.070582  0.095769  0.284891 -0.012574 -0.026773 -0.217838 -0.218287  0.009889 -0.042339  0.108803 -0.142650 -0.132843  0.002905  0.087599  0.005535 -0.030463 -0.350751 -0.190479 -0.212261 -0.073478 -0.091394
-0.000000 -0.000000 -0.000000 -0.000001 -0.000001  0.573913  0.000000 -0.000000  0.000000 -0.000000  0.000000 -0.000001 -0.000001  0.095152 -0.045243 -0.224655  0.130762  0.077122 -0.215746 -0.037573 -0.037239 -0.175119 -0.224094 -0.052461  0.142116  0.192467  0.141169  0.079868 -0.315139  0.031990  0.016755 -0.147978  0.055092  0.138032 -0.072297  0.029934 -0.035902  0.151179  0.017257 -0.204679  0.159045 -0.096856 -0.326132 -0.106667
 0.000041 -0.000047 -0.000014  0.000025 -0.001587 -0.000037  0.571747 -0.000030  0.000004  0.000009  0.000014 -0.000072  0.000082 -0.038771 -0.079979  0.127190  0.204265  0.013694 -0.101768 -0.283690 -0.017987 -0.108366  0.088870  0.055852 -0.190911 -0.018062  0.157110 -0.130418 -0.082044 -0.011900 -0.089629 -0.110360 -0.322238  0.237528 -0.207224  0.004431 -0.121867  0.007310 -0.109435 -0.021229 -0.255081  0.248938  0.015205  0.172702
-0.000001 -0.000000 -0.000001 -0.000001  0.000000 -0.573911 -0.000001  0.000002  0.000000 -0.000000 -0.000001 -0.000000  0.000000  0.051057 -0.243297 -0.108160 -0.094855  0.122657 -0.145898  0.004028 -0.117026  0.042981 -0.185012 -0.195142  0.053402 -0.083305  0.185695  0.127144 -0.066799  0.268324  0.022638 -0.125755 -0.087245  0.236026  0.055131  0.046036 -0.153074  0.082832  0.086962  0.199329  0.292674  0.050311 -0.276492 -0.000179
 0.000000  0.000000  0.000000  0.000000  0.000000  0.000001  0.000001  0.000001 -0.000000  0.000000  0.573915  0.000000  0.000000 -0.218410 -0.145432 -0.119384  0.012513  0.132047  0.092296 -0.051359  0.148598  0.071210 -0.018321  0.116648 -0.098506 -0.071900 -0.254598  0.071906 -0.117287  0.088305  0.118162 -0.260019 -0.114221  0.071404  0.193337 -0.160745 -0.202388  0.239441 -0.017011 -0.043776 -0.133262 -0.306403  0.182832 -0.052454
-0.000000  0.000000 -0.000000  0.000000  0.573918 -0.000000 -0.000000  0.000000 -0.000000 -0.000000 -0.000000  0.000000 -0.000000  0.018758  0.113563  0.018280 -0.154890  0.044098  0.165180 -0.205309 -0.171135  0.028124 -0.137506  0.167106  0.170847  0.100760  0.110403  0.332163  0.217152 -0.088686  0.092444 -0.087342 -0.170361 -0.044270 -0.119282  0.025517 -0.119814 -0.085180 -0.333474 -0.107362  0.162496 -0.110946  0.074800  0.131082
 0.000001  0.000004  0.000000 -0.000009  0.000016  0.000001 -0.000003  0.000003 -0.000003 -0.000004  0.000002 -0.000001 -0.573872  0.022332  0.132302  0.167274  0.082558 -0.160974 -0.137910  0.149719  0.328917 -0.085273  0.185473  0.183538  0.280888  0.144082 -0.040300  0.202345  0.077756  0.137446  0.035110 -0.032274  0.088208  0.148695  0.069104  0.010398 -0.141301  0.154228 -0.176406  0.238230 -0.062311  0.139626 -0.084885 -0.023672
-0.000009  0.000001 -0.000004  0.000000 -0.000014 -0.000015  0.000002 -0.000004  0.000001 -0.000005 -0.000000 -0.573856 -0.000003  0.003871  0.244213  0.023601 -0.402016 -0.143140 -0.053726 -0.002673  0.267348 -0.039559 -0.236832 -0.191698  0.004857  0.049929 -0.149302 -0.163574  0.057392  0.082848  0.054223 -0.143593 -0.200924  0.153503  0.007986  0.098168  0.099084  0.052310  0.054475 -0.228317  0.022563  0.161173  0.079429  0.015474
-0.000002  0.000001 -0.000002 -0.000004 -0.000152  0.000009  0.000004  0.000007  0.000002  0.000001  0.000014 -0.573709  0.000009 -0.047966  0.007909 -0.125222  0.186825  0.172792 -0.060313  0.144857 -0.348510  0.094091  0.198232  0.027431  0.046163 -0.135994 -0.030260  0.068604 -0.008621 -0.027250  0.137961 -0.102696  0.284460 -0.017443  0.126107 -0.197667 -0.171806 -0.226083 -0.154826 -0.073476 -0.173199  0.157391 -0.156929  0.104080
 0.000000  0.000000 -0.000000  0.496879  0.000002 -0.000001 -0.000003 -0.000002 -0.000000  0.077024 -0.000000  0.000003 -0.000002 -0.050574 -0.141556 -0.093531 -0.078789  0.131746 -0.363277  0.037387 -0.089207  0.121860  0.146101  0.221680 -0.120447  0.251863 -0.156661  0.279428  0.175918 -0.069955 -0.157452 -0.013307 -0.055816  0.176112  0.050243  0.224193  0.122538 -0.149595  0.239177 -0.124579 -0.013981  0.054617  0.122160 -0.095361
 0.000000 -0.000000  0.000000 -0.000000 -0.000000 -0.000000  0.000000 -0.000000  0.000000 -0.573916  0.000000 -0.000000  0.000000  0.364353 -0.009152 -0.232669  0.134464 -0.089520 -0.112599  0.232291 -0.082349  0.033404  0.061180 -0.082078 -0.042602  0.097475 -0.240916  0.009724 -0.058739  0.229313 -0.121313  0.091495 -0.352216 -0.118176 -0.041041 -0.092336 -0.018177 -0.087591 -0.210574  0.011147  0.042450 -0.036879  0.141150  0.013403
 0.000000 -0.000000 -0.000000  0.000000  0.573918 -0.000000 -0.000000  0.000000 -0.000000  0.000000  0.000000 -0.000000  0.000000 -0.193943  0.008118 -0.202896  0.308343 -0.210315 -0.041376  0.160820  0.248051  0.157245  0.119810 -0.008019 -0.126288 -0.011470  0.128640 -0.150573 -0.082815 -0.024099 -0.016936 -0.018481 -0.049510 -0.051612  0.205018 -0.113620  0.100456  0.029878  0.297250 -0.040600  0.201436  0.183461 -0.036097  0.155760
 0.000001 -0.000005 -0.077012 -0.000002  0.000005 -0.000000 -0.000004  0.000002 -0.496883  0.000001 -0.000001  0.000001 -0.000000 -0.034341  0.042087 -0.174902 -0.191256  0.331196  0.173454  0.048584  0.087319  0.034849  0.173294 -0.021441 -0.033516  0.154364 -0.120290 -0.015500  0.162584 -0.134556 -0.211982  0.068886 -0.135287 -0.134079 -0.147368 -0.166271  0.009918  0.294112  0.023426  0.041373 -0.062698  0.113951 -0.399771  0.102329
-0.000000  0.000001 -0.000001  0.496883 -0.000000  0.000002  0.000001 -0.000000  0.000000 -0.077026 -0.000001 -0.000002 -0.000000  0.115007 -0.030870  0.322215 -0.043047  0.114189 -0.016988 -0.183055  0.065874  0.055447  0.208320 -0.335541  0.219623  0.074352  0.134833 -0.023896 -0.158801  0.025994  0.081280 -0.106037  0.074277 -0.161817 -0.058387 -0.433203  0.004831  0.104093  0.050379 -0.071114  0.142002  0.026113  0.193072  0.038382
 0.000000  0.000000  0.000000  0.000000  0.000001 -0.000000 -0.000000  0.000001 -0.000000 -0.000000  0.573914 -0.000001  0.000000  0.018535  0.173354  0.140523  0.069295  0.072890  0.054778  0.096186 -0.065829 -0.188335  0.282832 -0.163088  0.100702 -0.049309  0.163522 -0.127256  0.152214  0.070603 -0.145289  0.323167 -0.015707  0.142343 -0.014742  0.227161 -0.101238 -0.144341  0.012504 -0.264076  0.243726 -0.007422 -0.095755 -0.024147
-0.000028  0.000012 -0.000002  0.000000  0.000567 -0.000004 -0.000003 -0.000004  0.000013 -0.000007 -0.000002  0.573265  0.000004 -0.038907  0.282197 -0.108536 -0.219667  0.089755 -0.101792  0.197894 -0.057651  0.074884 -0.017324 -0.147025  0.049826 -0.138894 -0.104030 -0.054968 -0.002723  0.090128  0.155099 -0.280818  0.086134  0.115499  0.095487 -0.043194 -0.012201 -0.144206 -0.113341 -0.296914 -0.170375  0.304792 -0.032847  0.135644
 0.456964  0.000069  0.000023 -0.000004  0.001775  0.000036  0.000024  0.077936  0.000031  0.000010 -0.002264  0.000023 -0.034751 -0.282865 -0.129557  0.082979 -0.033440 -0.318691  0.086136  0.136441 -0.263284 -0.258395  0.064459 -0.251159 -0.100715  0.002641 -0.076198  0.380491 -0.047667  0.083853  0.037049  0.108428 -0.034102  0.031622 -0.047123 -0.059898  0.238390  0.213858  0.002061 -0.120376 -0.105981 -0.003078 -0.037095  0.165408
 0.000092  0.000010 -0.000024 -0.000008 -0.005167 -0.000034 -0.452697  0.000047  0.000008  0.000006  0.002399  0.080819 -0.032589 -0.005625 -0.086591  0.160046  0.104852 -0.243811 -0.246911 -0.335200 -0.088210 -0.091944 -0.015450 -0.028556 -0.242380  0.040614 -0.298969 -0.159532  0.179181 -0.156584  0.153211  0.036438 -0.099932  0.003400 -0.040054 -0.130238 -0.355055 -0.008294 -0.004944 -0.078598  0.093559  0.131993 -0.221378  0.022496
 0.000007  0.000009 -0.000001  0.000003 -0.000029 -0.000001 -0.000031  0.573796 -0.000010 -0.000004  0.000004 -0.000009 -0.000002  0.227218 -0.000564  0.185418 -0.199603 -0.075130 -0.098672  0.218428  0.001348 -0.020467  0.040168  0.056098 -0.052885 -0.104587  0.147509  0.011643 -0.149902 -0.434260 -0.107795 -0.053179 -0.184669  0.098730  0.299915 -0.092177 -0.062192 -0.044426 -0.014550  0.016421 -0.043869 -0.203805 -0.122229  0.092128
-0.000002  0.474778 -0.000001 -0.000001  0.022050 -0.077052  0.000000  0.000000  0.000012  0.000001  0.000008 -0.000009  0.000005  0.048916 -0.260300  0.185454  0.060365  0.056148  0.279484  0.277639 -0.051707 -0.053357 -0.074385  0.195679 -0.028872  0.041927 -0.169878 -0.076208 -0.164611 -0.188515 -0.010716 -0.106359  0.049609  0.092787 -0.105584  0.018487  0.024552  0.109050 -0.146004 -0.167154  0.266782  0.347293  0.092446 -0.237323
 0.000000  0.000001  0.077009  0.000001  0.000002  0.000001 -0.000000 -0.000001 -0.496896  0.000000 -0.000001  0.000000 -0.000006 -0.326913  0.122835  0.095533  0.038414 -0.048778 -0.261526 -0.115835 -0.141088  0.036723 -0.073960 -0.025153  0.032458 -0.083528  0.111334 -0.037586 -0.142779  0.030577 -0.037286  0.069187 -0.154796 -0.121886  0.298158  0.007807  0.143944 -0.048281 -0.308972  0.058312  0.069495  0.079066  0.091388 -0.429640
 0.573918
