6 47
 0.067575  0.000000 -0.000000 -0.301660  0.000000  0.000000 -0.110821 -0.006628 -0.040047 -0.053790 -0.176618 -0.054422 -0.257128  0.103055  0.244515 -0.011176 -0.148451 -0.087715  0.035645 -0.137280  0.096222 -0.249976  0.240564  0.078934 -0.020724 -0.076325 -0.028742  0.067405  0.026851  0.056235 -0.235058  0.226931  0.046116  0.318870 -0.343017  0.232658  0.146282 -0.006220 -0.115305  0.061125  0.148900  0.075605 -0.115686  0.185213  0.136878  0.009196  0.019914
-0.369234 -0.000000 -0.000000 -0.000000  0.000000  0.000000  0.157519 -0.003265  0.129623  0.097709  0.123562 -0.195432 -0.180660  0.212585 -0.123088 -0.061287 -0.009135  0.230353  0.209144  0.080395  0.025682 -0.009765  0.050474  0.162744  0.209225  0.025527  0.071066 -0.265833 -0.033043  0.066698 -0.025160  0.020010 -0.288840  0.157422 -0.060455  0.000986  0.005311 -0.248856  0.094707  0.170264  0.110801  0.027785  0.144276 -0.105354 -0.106799 -0.247856  0.269913
 0.000000 -0.000000  0.369234  0.000000  0.000000 -0.000000 -0.126424  0.112190 -0.062298  0.079346  0.138553  0.070115 -0.139294  0.162796 -0.236952 -0.310252  0.239768  0.154019  0.099982 -0.034832  0.282854  0.076778 -0.057961 -0.072399  0.018962  0.130124 -0.077584  0.045859 -0.129817 -0.231518  0.068068  0.266924  0.242962  0.012256 -0.059708  0.001731  0.116238 -0.102135 -0.146404  0.087276 -0.015431 -0.196114  0.122986 -0.061068  0.110638  0.212395 -0.114797
-0.000000 -0.000000 -0.369234  0.000000  0.000000 -0.000000 -0.123866  0.286863  0.368741  0.302142  0.192042 -0.073470 -0.173300 -0.111445 -0.111565 -0.051091 -0.202500 -0.140835 -0.061229 -0.070989  0.262099 -0.015449 -0.120895  0.038806 -0.279943  0.102226  0.032610  0.016840  0.032143 -0.003517 -0.004893  0.088546  0.001022  0.015301  0.070199  0.144325 -0.078282  0.050790  0.168318  0.106124 -0.107753  0.189155  0.054185 -0.163372  0.142650  0.062079 -0.098547
-0.000000  0.369234  0.000000 -0.000000  0.000000  0.000000 -0.080448  0.306479 -0.229877 -0.157398 -0.051596  0.082117  0.066885  0.058133 -0.136588 -0.019224 -0.336171  0.052200  0.114753 -0.034942 -0.050255  0.237196 -0.116659  0.041985  0.191197 -0.092624 -0.014075  0.000751 -0.095101 -0.077041 -0.105085 -0.030771 -0.192542 -0.042697 -0.179105  0.154871  0.197610  0.092852  0.074711 -0.228618 -0.224295  0.193732  0.114649 -0.082109 -0.018651  0.220263  0.125325
 0.000000  0.000000 -0.000000  0.369234 -0.000000 -0.000000  0.007438  0.010218  0.288129 -0.056380 -0.021215 -0.014667  0.232093  0.334947  0.109231 -0.143754 -0.074057  0.004044  0.046949 -0.104547 -0.304183 -0.078198 -0.226486 -0.042903  0.085963 -0.026525 -0.023546  0.078387  0.255120 -0.156296  0.107296  0.077997  0.005278  0.088483 -0.166975  0.313876 -0.032308 -0.100432  0.207738  0.019944  0.118946 -0.131751 -0.077631  0.075180 -0.008793  0.044425 -0.226935
 0.000000 -0.000000  0.000000  0.000000 -0.369234 -0.000000  0.079426 -0.138316  0.030823 -0.192077  0.048328 -0.146383 -0.064329 -0.017872  0.032627  0.017015 -0.083341  0.146497 -0.138247 -0.205378 -0.084973  0.019240  0.140809  0.037958  0.186767  0.162401 -0.015890 -0.026053 -0.278477 -0.129229 -0.099580 -0.170271  0.171284  0.341390  0.257786  0.014062 -0.126869 -0.023948  0.202924  0.054986 -0.239845  0.083592  0.181695  0.133403  0.100347  0.099996 -0.219330
-0.369234 -0.000000  0.000000 -0.000000 -0.000000 -0.000000 -0.275554 -0.024655  0.056724 -0.059914 -0.007765 -0.137466  0.021746  0.014176  0.222700  0.017976 -0.099820  0.151264  0.056289  0.203600  0.022431  0.145508 -0.159229 -0.133292 -0.148373  0.080112 -0.092839  0.127576 -0.095263 -0.097419 -0.104636  0.003530  0.074342 -0.072604 -0.078633 -0.121425  0.121426  0.064273 -0.164418 -0.171609  0.062203  0.207272  0.187407  0.136686 -0.048880 -0.393484 -0.347443
-0.000000  0.369234  0.000000 -0.000000  0.000000 -0.000000 -0.125887 -0.108179  0.303048 -0.077564 -0.002986  0.322448 -0.160445 -0.056999 -0.131009  0.210857 -0.095687 -0.042549  0.001820  0.125411  0.053685 -0.050308  0.208971 -0.109264  0.231749  0.017951 -0.101306  0.057667  0.279018 -0.271464  0.035616 -0.027527  0.129283  0.010515  0.024106 -0.027562  0.034197  0.154178 -0.069152  0.277146 -0.143780 -0.105890  0.037072  0.026773 -0.171720 -0.203263  0.072673
-0.000000 -0.000000  0.369234  0.000000  0.000000  0.000000  0.207919 -0.008299  0.186331 -0.141894  0.148025 -0.173728 -0.141896 -0.168431 -0.017919  0.006720 -0.060524 -0.150700 -0.037985  0.047072  0.149375 -0.153567 -0.128608  0.068516 -0.039059 -0.025752  0.159416 -0.188436  0.017199 -0.285652 -0.161608 -0.267288  0.049659 -0.300640 -0.064516  0.021119  0.230988 -0.085674  0.133076 -0.025832  0.095386  0.181599 -0.236397  0.196840 -0.050775  0.091510 -0.025227
-0.000000  0.000000  0.000000 -0.000000 -0.000000  0.369234 -0.016089  0.253832  0.113205 -0.088818 -0.340982 -0.117184 -0.035987 -0.123025  0.027200  0.088623  0.197813 -0.193944 -0.151436  0.053050 -0.222721  0.031452  0.020324  0.095836  0.181066  0.423757 -0.029200 -0.070528 -0.034103 -0.046485  0.136623  0.178466  0.132939 -0.107269 -0.107561 -0.092975  0.121736 -0.048789  0.131532 -0.042588  0.092003  0.067614  0.115850 -0.081539  0.202870 -0.079401  0.149227
 0.067575 -0.000000 -0.301660  0.000000  0.000000  0.000000  0.300201 -0.022404 -0.119293 -0.230789  0.184739  0.152653 -0.028876 -0.063408  0.121483  0.008735  0.089938 -0.066101 -0.024954  0.066545  0.098903  0.234583  0.045666  0.105015 -0.111286  0.069345  0.002605 -0.033296 -0.232731 -0.270255  0.162403 -0.057875 -0.174588 -0.087831 -0.091286  0.391316  0.081282  0.011514 -0.141168  0.102921  0.092021 -0.228878  0.059218  0.063714  0.205834 -0.221018 -0.044465
 0.000000 -0.000000 -0.369234  0.000000  0.000000  0.000000 -0.162637 -0.135270  0.043672  0.025799 -0.117836  0.043399 -0.183092  0.078042 -0.192620 -0.124860  0.117654  0.133908 -0.184463 -0.257122 -0.129518  0.120107  0.015739 -0.062970  0.117443 -0.153724  0.488550 -0.051057 -0.022909 -0.166859 -0.139555 -0.052344 -0.021744 -0.190594 -0.175671 -0.234169  0.007162  0.060440 -0.075329  0.021995  0.222011 -0.013338  0.062250  0.084470  0.023302  0.108234 -0.080992
-0.369234 -0.000000  0.000000 -0.000000 -0.000000 -0.000000  0.160847 -0.154741 -0.141645  0.262291  0.149442  0.341939 -0.035169 -0.079178 -0.153775  0.133792  0.071703 -0.200002  0.018742 -0.092674 -0.213828 -0.062385 -0.055245 -0.128055 -0.021964  0.153315  0.218840  0.077443 -0.017144  0.143240  0.157848 -0.044115  0.153276  0.147668 -0.201830  0.112039  0.196125 -0.193199 -0.051326 -0.066020 -0.220356  0.192922 -0.064479  0.098641  0.042509  0.017602 -0.069527
 0.000000 -0.000000  0.369234  0.000000  0.000000  0.000000 -0.135509 -0.196408  0.077290 -0.014759 -0.130560  0.125551 -0.004061 -0.223181 -0.071770 -0.029797  0.102195 -0.012221 -0.101634 -0.154902  0.138995  0.087736 -0.277942  0.069337 -0.022145  0.075878  0.072459 -0.152180  0.041046  0.217495  0.066871 -0.054038 -0.301807  0.130844 -0.220538  0.146342 -0.203278  0.388779  0.101622  0.096484  0.018061 -0.002225  0.216519  0.110958  0.085678 -0.089272 -0.040352
 0.369234 -0.000000  0.000000 -0.000000 -0.000000 -0.000000  0.200289 -0.186679  0.001793  0.103102 -0.248064 -0.145466  0.170591 -0.000279 -0.087064  0.029101 -0.054251  0.047915  0.033429  0.076814  0.253202 -0.036176  0.074785 -0.009999 -0.101286 -0.071413  0.163255  0.030224  0.059442 -0.257641  0.263393  0.050045 -0.070358  0.173626 -0.299485 -0.179436 -0.000523 -0.214241  0.036306 -0.131531 -0.221981  0.179679  0.144320 -0.132356 -0.062142 -0.167328 -0.128402
-0.369234 -0.000000 -0.000000 -0.000000 -0.000000 -0.000000  0.196270 -0.104783  0.137736 -0.080694 -0.384183 -0.088165  0.022793 -0.249784 -0.130650  0.030010  0.257442 -0.025497  0.086772  0.008743  0.089971  0.196697  0.031950  0.040705 -0.073512 -0.287218 -0.016595  0.290738  0.134632 -0.138571 -0.220727  0.124623  0.000289  0.051692  0.178921  0.247547 -0.070351 -0.072529 -0.001958 -0.073277 -0.008784  0.028920  0.024570 -0.116714  0.040131  0.157733  0.031269
 0.000000 -0.000000  0.369234 -0.000000  0.000000  0.000000 -0.063119  0.068391  0.052401  0.167343  0.186975 -0.104739  0.050798  0.111213  0.102499  0.172710 -0.176962  0.087082 -0.048418 -0.166114 -0.121126  0.326954  0.390913  0.061736 -0.170745  0.067468  0.304476  0.256829  0.114204 -0.085631  0.071924 -0.068903  0.060583 -0.091505 -0.000208  0.101856 -0.174463  0.037190 -0.023452 -0.089160  0.094900 -0.000684  0.025434 -0.067070  0.157360 -0.090888  0.208396
-0.067575 -0.000000 -0.301660 -0.000000  0.000000  0.000000 -0.092890 -0.192679 -0.074943 -0.060409  0.144258 -0.217195  0.178130 -0.039654 -0.023511  0.010030  0.141796  0.170272  0.217903 -0.042879  0.289740  0.050911 -0.007040  0.080245  0.049490  0.296897 -0.078974  0.028755  0.273611  0.007180  0.069794 -0.137363  0.262863 -0.002443 -0.201862  0.050419 -0.031581  0.143850  0.106715 -0.175567  0.004258 -0.007651 -0.044400  0.252768 -0.038209  0.164019  0.298519
 0.000000  0.000000 -0.000000  0.000000 -0.000000 -0.369234 -0.257519 -0.192049 -0.163766 -0.053730 -0.111097  0.019808 -0.127877  0.224690 -0.085435  0.156801  0.113090 -0.153955 -0.067858 -0.086264  0.024713 -0.188507  0.088378 -0.085052 -0.179655  0.179095 -0.129467  0.123959  0.006182 -0.104478  0.070682 -0.009001 -0.269408 -0.201705  0.182583  0.093327  0.163688 -0.168854  0.328186 -0.059362  0.100796  0.061581  0.250857  0.021639 -0.011637  0.032349  0.081774
-0.067575 -0.000000 -0.000000 -0.000000 -0.301660  0.000000 -0.017438  0.070537  0.043804  0.163069 -0.043030 -0.120217 -0.052284  0.036452  0.265506 -0.190372  0.159787 -0.140307  0.270401  0.121725 -0.091179 -0.100911  0.069735 -0.003384  0.002418 -0.070265  0.157984  0.150309 -0.053160 -0.060286  0.060928  0.108725 -0.247729 -0.243572 -0.044783 -0.112621 -0.025657  0.168301  0.042253  0.120924 -0.463575 -0.124315  0.000191  0.295060  0.058810  0.047472  0.092877
 0.000000  0.369234 -0.000000  0.000000  0.000000  0.000000  0.071088  0.019911  0.065452  0.046978  0.109539  0.076751  0.134927 -0.246090  0.228454  0.075959  0.036407  0.016667  0.016630 -0.366138 -0.038732 -0.003660 -0.103364  0.096856 -0.259094  0.087847  0.030529 -0.079311 -0.131285 -0.096048 -0.113908  0.353562 -0.032463  0.071593  0.027405 -0.174726 -0.013738 -0.180744  0.039840 -0.079621  0.087762 -0.184569  0.089660  0.138290 -0.367186  0.015338  0.104153
-0.000000  0.000000  0.000000  0.000000  0.369234 -0.000000  0.172468  0.019573 -0.049648  0.058734  0.085962 -0.239195 -0.132663 -0.039386  0.066504 -0.132257 -0.038688 -0.225677 -0.226517  0.026355 -0.018176  0.321301  0.068931 -0.340987  0.040272 -0.025787 -0.197126  0.163752  0.038706  0.098579 -0.133724 -0.137722 -0.023785  0.095677 -0.223443 -0.144030  0.020278 -0.090835  0.215293  0.178704 -0.082131 -0.188905  0.175087  0.142532 -0.101030  0.077160  0.002585
 0.000000 -0.000000 -0.000000  0.000000  0.000000 -0.369234  0.043408 -0.017897  0.077558 -0.131136 -0.302271 -0.007060 -0.134065 -0.051761 -0.088331 -0.097317 -0.242450  0.121183  0.131393 -0.072249 -0.122775  0.311004 -0.144946  0.187766 -0.219716  0.125953 -0.045786  0.038004  0.020045  0.098103  0.241350 -0.014122  0.076498  0.068229  0.060966 -0.241123  0.205246 -0.057433 -0.009106  0.252127 -0.027111 -0.048262 -0.296789  0.118290  0.133107 -0.014690  0.065000
-0.067575 -0.000000 -0.000000  0.000000  0.301660 -0.000000  0.114298 -0.065570 -0.227214  0.263416 -0.164523  0.161724 -0.029700 -0.079504  0.278557  0.035175 -0.209296  0.112468  0.178461  0.120224  0.054527 -0.157017 -0.181961  0.046999  0.186390  0.249320  0.109826  0.197004 -0.100895 -0.300801 -0.066705 -0.081258 -0.033622  0.018838  0.084652 -0.077549 -0.224523  0.075325  0.102892  0.194196  0.184071  0.040579  0.000956 -0.075715  0.090819  0.180715 -0.019894
 0.067575 -0.301660 -0.000000 -0.000000 -0.000000  0.000000 -0.071493  0.082618 -0.243369  0.184449  0.104542 -0.069150 -0.014078 -0.310758  0.052291  0.128039  0.039407  0.325066 -0.074421 -0.093460 -0.214328  0.040311  0.021591  0.035157  0.021976 -0.010429 -0.120950 -0.191558  0.433936 -0.225770 -0.106663  0.123740 -0.160112  0.014668  0.043777  0.069525  0.293359  0.012741 -0.008431  0.147065 -0.154405  0.006616  0.044435 -0.004865  0.024550 -0.000734 -0.109537
 0.000000 -0.000000 -0.000000  0.369234  0.000000  0.000000  0.025514  0.059871 -0.172068 -0.072107 -0.171827  0.196013 -0.147645 -0.078833  0.138755 -0.281716  0.026532  0.018309  0.213716  0.059860 -0.035927  0.002751  0.337337  0.025199 -0.297984  0.015533  0.076310 -0.267965  0.052461  0.106743 -0.103417 -0.109360  0.283506 -0.080306 -0.086807  0.099655 -0.040551  0.068227  0.181720  0.095024  0.000108  0.114721  0.179627 -0.137487 -0.199052 -0.020221 -0.059613
-0.000000 -0.000000 -0.000000  0.369234 -0.000000 -0.000000  0.276374 -0.178929  0.161703  0.264727 -0.102211  0.069325 -0.217293  0.124813  0.134171  0.059627 -0.071774  0.195427 -0.166670 -0.139449  0.100730 -0.082000 -0.028142 -0.060226  0.000442 -0.057527 -0.227491 -0.033508 -0.114992  0.029892 -0.092280  0.014356  0.038465 -0.057337 -0.003213 -0.066053  0.256727  0.253137 -0.041298 -0.334444 -0.083231 -0.114254  0.017710 -0.059032  0.215767 -0.043851  0.208831
-0.000000 -0.369234  0.000000 -0.000000  0.000000  0.000000 -0.127765  0.074485  0.077589 -0.093987  0.054354  0.263606 -0.054769  0.142097  0.305694  0.083255  0.221978 -0.036067 -0.060487 -0.205775  0.168269  0.246486 -0.111012  0.082076  0.147499 -0.155312 -0.059781  0.113957 -0.142040 -0.127800  0.071029 -0.004882  0.047056  0.059466 -0.080450 -0.062585  0.035375  0.010218  0.185227  0.095621 -0.115074  0.277574 -0.184567 -0.149084 -0.281389 -0.066170  0.176404
 0.000000  0.000000 -0.000000  0.000000  0.000000  0.369234 -0.124268 -0.006423 -0.000562  0.199546 -0.146104  0.010003  0.178165 -0.142326 -0.055818 -0.043050 -0.155070  0.131657  0.124104 -0.201271  0.119869 -0.014488  0.097437 -0.214099  0.033092 -0.298378 -0.121802 -0.003829 -0.206455  0.051010  0.306623 -0.107290  0.042230 -0.121942  0.162794  0.140848  0.170878 -0.123784  0.109321  0.203611  0.183512  0.081828  0.057600  0.303449  0.028525 -0.046823  0.085526
-0.000000 -0.369234 -0.000000  0.000000 -0.000000  0.000000  0.034146 -0.178889  0.147492 -0.103271  0.096432 -0.007692 -0.154220 -0.186845 -0.109266  0.053053 -0.310167 -0.216362  0.364956 -0.221846 -0.122836  0.004719  0.102775  0.098679  0.166995  0.017471 -0.214711  0.041697 -0.065241 -0.002802  0.108119  0.111878 -0.036410 -0.220926 -0.146926 -0.071873 -0.112546  0.007861 -0.160055 -0.145684  0.053269 -0.068562  0.215516 -0.097310 -0.124718  0.141610 -0.120067
 0.000000 -0.000000  0.000000 -0.000000  0.369234  0.000000 -0.059148 -0.086182  0.187045 -0.016517  0.009648 -0.041039  0.240669  0.199279 -0.053599  0.272148  0.130296  0.079705  0.008804  0.038454 -0.185948 -0.086315  0.022615  0.271136 -0.226959 -0.110848 -0.130661 -0.134334 -0.226805 -0.039711 -0.122949 -0.069120  0.106257 -0.086685 -0.144246 -0.008802 -0.021355  0.013664 -0.157432  0.289667 -0.229325  0.128000  0.201752  0.076584  0.129918  0.210438  0.051357
 0.000000  0.000000 -0.000000 -0.000000  0.000000 -0.369234  0.032971  0.121361  0.237764  0.158252  0.088240  0.085951  0.292029 -0.215789  0.051916 -0.291223  0.114720 -0.020756 -0.128576  0.149170 -0.051346 -0.060975  0.282699  0.196457  0.196666  0.002754 -0.033857  0.136992 -0.088502  0.011289  0.103816 -0.088478 -0.075229  0.153986 -0.016153 -0.053381  0.280479  0.149232 -0.057912 -0.062885  0.248198  0.148906  0.154182  0.035377 -0.061951  0.124813 -0.019941
-0.000000  0.000000 -0.000000 -0.000000 -0.369234  0.000000  0.221100 -0.127870 -0.132225 -0.026334  0.074858  0.045596  0.118410  0.127998  0.108817  0.054153 -0.190905 -0.079885 -0.199973  0.106118  0.137630  0.060980 -0.213641  0.144265  0.052323 -0.106340  0.057115  0.120900  0.219196  0.195797 -0.052858  0.211542  0.205091 -0.212534 -0.017836 -0.063673  0.106215 -0.039540 -0.030669  0.311334  0.136433  0.112803  0.360823 -0.016901  0.027279  0.085839  0.078097
 0.000000  0.000000 -0.000000  0.369234  0.000000  0.000000 -0.016135  0.368881 -0.106407 -0.187010  0.107935  0.007595 -0.301695 -0.141244 -0.062734  0.274759  0.103489  0.134816 -0.007037  0.062164  0.044940 -0.209607 -0.059574  0.150119 -0.036534 -0.228898  0.020562  0.279860  0.049056  0.054092  0.193798 -0.087715 -0.028646  0.164979 -0.101502 -0.169980 -0.135053 -0.098904 -0.024938 -0.047064  0.102577 -0.011445  0.144012  0.231860  0.076382  0.044185 -0.002296
 0.369234 -0.000000  0.000000  0.000000  0.000000 -0.000000  0.078574 -0.033180  0.204265 -0.048686  0.004827 -0.092017 -0.136105 -0.086957  0.000340  0.154465  0.137119  0.330538  0.173709  0.095857 -0.097601  0.005715 -0.099887 -0.221066  0.040924  0.218353  0.194215  0.303138 -0.162116  0.306552 -0.122400  0.017277 -0.029361 -0.093428 -0.004307  0.267610  0.189690 -0.006886 -0.050918  0.107904 -0.001899  0.063651  0.026319 -0.081625 -0.241616  0.044886 -0.015466
 0.000000  0.000000 -0.000000 -0.369234  0.000000 -0.000000 -0.032396  0.079093  0.179910 -0.112702 -0.021144  0.125889 -0.058865 -0.042732  0.293282 -0.147376  0.039759  0.076748  0.106365 -0.109932 -0.079424 -0.136132 -0.215785 -0.098589 -0.087705 -0.101581  0.059613 -0.027225  0.196110 -0.000095  0.096073 -0.415877  0.098117  0.049829  0.030148 -0.024003  0.086101 -0.194843 -0.068593 -0.127977 -0.077509 -0.188792  0.331622 -0.218039  0.155779  0.037896  0.148689
 0.000000 -0.000000  0.000000  0.000000  0.369234 -0.000000  0.117511  0.121099 -0.124158 -0.035288 -0.060431 -0.178187  0.002465  0.153148 -0.045298 -0.064292  0.023359 -0.160987  0.050929 -0.319658  0.120893 -0.112610 -0.045325  0.282556  0.168702  0.005408  0.231366  0.109592  0.099573  0.091407  0.049339 -0.008162  0.139135 -0.023464  0.318487  0.073578  0.201859  0.204688 -0.072902 -0.010317 -0.167825 -0.069187  0.143382  0.072334 -0.150825 -0.276831 -0.159087
 0.067575  0.000000 -0.000000  0.301660 -0.000000 -0.000000 -0.317975 -0.177541 -0.075112  0.021353 -0.004287 -0.065927  0.043034 -0.242266 -0.019786 -0.300800 -0.101971 -0.063061 -0.206402 -0.043490 -0.000646 -0.108035 -0.090201  0.200372  0.106910  0.071754 -0.025843  0.201357 -0.082686 -0.005028 -0.196578 -0.122239 -0.002260 -0.073430 -0.059456  0.129877 -0.070734 -0.360059 -0.239003  0.071801 -0.186449 -0.029488 -0.061289 -0.083560  0.020607 -0.206214  0.246616
 0.000000  0.369234 -0.000000 -0.000000  0.000000 -0.000000 -0.054825 -0.199456 -0.098469 -0.019222  0.236635 -0.169426 -0.011290 -0.133878  0.089710  0.018935  0.204195 -0.000518  0.187882 -0.174813 -0.061003 -0.041598  0.037982  0.100343  0.092447 -0.185736 -0.118636  0.127564 -0.028585  0.108388  0.045447 -0.006367  0.034205 -0.103616 -0.140038 -0.143516  0.102599  0.059611  0.262323  0.130520  0.071384  0.047769 -0.159840 -0.391199  0.289679 -0.117685 -0.226504
-0.067575  0.000000 -0.000000 -0.000000 -0.000000 -0.301660 -0.219042  0.033614  0.017670  0.195539 -0.145965 -0.101757 -0.024461 -0.115545  0.170544  0.313458 -0.052793 -0.005242 -0.075381  0.182436  0.139989  0.108579 -0.001313  0.104891  0.248971 -0.146946  0.164403 -0.248029 -0.151353  0.119231  0.108471  0.031738  0.231186 -0.098534 -0.092649  0.195584  0.004872 -0.162255  0.139052 -0.090801 -0.073614 -0.370638 -0.003350 -0.027960 -0.047692  0.072077 -0.150519
-0.067575 -0.000000 -0.000000  0.000000  0.000000  0.301660 -0.018882  0.001516  0.119936 -0.021391 -0.065818  0.279520  0.080396  0.115027  0.061176  0.035491 -0.022891  0.121998 -0.039436 -0.016173  0.269762  0.088833  0.226122  0.278569 -0.007571  0.197252 -0.028918  0.108852  0.139377  0.232237 -0.146680 -0.164439 -0.289064 -0.118730 -0.012831 -0.141303  0.122217 -0.246720  0.059981 -0.044473 -0.080051 -0.160643 -0.096734  0.045715  0.020039  0.153038 -0.339465
 0.000000  0.000000  0.000000  0.000000  0.000000  0.369234 -0.204311 -0.309770 -0.044637  0.039887  0.096479 -0.105619 -0.197757  0.034118 -0.003879 -0.050217 -0.081812 -0.095194 -0.067076  0.301139 -0.152579  0.060690 -0.077439  0.275542 -0.207272 -0.098782  0.099833  0.081743 -0.059239 -0.091935  0.181058 -0.022504 -0.018270  0.266221  0.106952  0.026183  0.260929  0.164524  0.084914 -0.068993  0.051627 -0.158782  0.011093 -0.106796 -0.227212  0.202552  0.046445
 0.369234 -0.000000  0.000000 -0.000000 -0.000000 -0.000000 -0.054501 -0.060355  0.044842  0.242276  0.066526  0.190677 -0.074770  0.045793 -0.075589  0.016502  0.132220 -0.191866  0.331602  0.144246 -0.098931  0.282046 -0.123532  0.171422  0.097042 -0.094707 -0.047954 -0.044035  0.057343  0.001269 -0.311660 -0.020785  0.091176  0.110214  0.158168 -0.040733 -0.011921 -0.148704  0.131194 -0.179738  0.102838  0.072851  0.111523  0.274554  0.201536 -0.189829  0.010175
 0.000000  0.000000  0.000000  0.000000 -0.369234  0.000000  0.037931  0.209480 -0.106778  0.307321 -0.187266 -0.127292  0.074840  0.108180 -0.163175  0.188700  0.087677 -0.167057  0.096322 -0.156814 -0.016847 -0.003681 -0.086580  0.071644 -0.106772  0.073809 -0.176990  0.082313 -0.068245 -0.112790 -0.159172 -0.411490  0.020155  0.071057 -0.183405 -0.000990  0.058965  0.115046 -0.137756  0.151597  0.153251 -0.191771 -0.021672 -0.127971 -0.223412 -0.066211 -0.056044
 0.067575  0.301660  0.000000 -0.000000 -0.000000 -0.000000  0.046567 -0.068129 -0.017016  0.196625 -0.067807 -0.137664 -0.306698  0.098166  0.230828 -0.055831  0.165563 -0.015489 -0.094759 -0.065479 -0.040840  0.174431 -0.021453  0.097380  0.093207  0.032069 -0.207859 -0.131602  0.150789  0.025841  0.281443 -0.098907 -0.071784 -0.104373  0.093051  0.138650 -0.193598 -0.119229 -0.354274 -0.035911  0.025676  0.322374 -0.017489  0.070842 -0.144642  0.196072 -0.133172
-0.000000  0.000000  0.000000 -0.369234 -0.000000 -0.000000  0.156345  0.041314 -0.037201  0.123323 -0.025381  0.122977 -0.130446  0.000292 -0.189789 -0.180327 -0.017596  0.295991 -0.217157  0.064586 -0.194157 -0.114958 -0.031311  0.269991 -0.056133 -0.074857 -0.211410  0.193436 -0.043956 -0.015524  0.040760  0.025886  0.160964 -0.254514 -0.156979  0.117530 -0.214585  0.027788  0.290755 -0.129841 -0.058066 -0.039797 -0.023462  0.108976 -0.166466 -0.189347 -0.043490
 0.369234
