1 22
 0.213201  0.083482 -0.082112  0.111622 -0.325657 -0.359390 -0.249645 -0.009025  0.155897 -0.024762  0.095434  0.252903 -0.203363  0.059492 -0.125281 -0.187414 -0.261329  0.282923  0.343516 -0.042018 -0.272606  0.307629
-0.213201 -0.226810 -0.152718 -0.225543  0.059213  0.074308 -0.235698 -0.241499 -0.239030 -0.133825  0.228761  0.173232 -0.100118  0.598189  0.098392 -0.006804 -0.326515 -0.112588  0.026489 -0.037757  0.212123 -0.068035
-0.213201 -0.178347 -0.538671  0.109845 -0.143668 -0.175420  0.052266  0.322088  0.202961  0.213796 -0.032575  0.109251  0.123735  0.113305  0.386498  0.283526  0.175193 -0.108472  0.146489 -0.101616 -0.132387 -0.114170
-0.213201 -0.063103  0.057513  0.338640  0.201118  0.123207 -0.309916  0.053718 -0.196022 -0.176782 -0.468671  0.245566  0.078202 -0.286232  0.279619 -0.038318 -0.314797 -0.123227 -0.025478 -0.055589 -0.071701  0.193709
 0.213201 -0.079081 -0.201566  0.259566 -0.029432 -0.169635 -0.229749 -0.539308  0.110844 -0.132784 -0.108628 -0.372037  0.257871  0.147483  0.131018 -0.224966  0.207766 -0.144671 -0.178078  0.003522 -0.184787 -0.029807
-0.213201 -0.211396  0.322835 -0.015015 -0.213645 -0.313741  0.116163  0.210887 -0.120461 -0.242714  0.220878 -0.023124  0.286342 -0.118711  0.025474 -0.405123 -0.043010 -0.205136  0.107852 -0.258417 -0.079578 -0.301811
-0.213201  0.487487 -0.098820 -0.262216  0.154639  0.069819 -0.150888  0.255959 -0.116152 -0.207274 -0.001128 -0.101339 -0.005645  0.174702  0.070956 -0.272186  0.271048 -0.183876  0.176895  0.306663 -0.304564  0.139788
-0.213201  0.152300  0.080610 -0.034124 -0.540624  0.273673  0.295596 -0.420503  0.109396 -0.153813 -0.182533  0.074379 -0.106752 -0.071349  0.058927  0.149242 -0.024918 -0.278064  0.296160  0.077848 -0.053633 -0.031950
 0.213201  0.376331  0.122883  0.081565 -0.129225 -0.176450 -0.123385  0.104573 -0.114537 -0.402617  0.143914 -0.057592 -0.156144  0.020860  0.288101  0.462512 -0.114199  0.064309 -0.259179 -0.043376 -0.090203 -0.319095
-0.213201 -0.089623 -0.171172  0.128532 -0.007538  0.016428  0.127989 -0.069191  0.001760 -0.489104  0.037757  0.244077  0.324856 -0.021749 -0.129028  0.038199  0.202676  0.547112 -0.003422  0.306609  0.139308 -0.032002
-0.213201  0.358421 -0.054056  0.439045  0.001714 -0.132288  0.020207 -0.034902 -0.295899  0.241407 -0.041393 -0.327876 -0.032858  0.088413 -0.014354 -0.075011 -0.061631  0.178618  0.350795 -0.039156  0.392280 -0.165263
-0.213201 -0.182343 -0.042911  0.073052 -0.333111 -0.107098 -0.026042 -0.064705 -0.547987  0.267042  0.197056 -0.033421 -0.173113 -0.177089  0.002888  0.027338  0.106671  0.026057 -0.340322  0.333892 -0.220892  0.158217
 0.213201 -0.050313  0.079473  0.158028 -0.272563  0.030095 -0.203204  0.234332  0.128608  0.062870 -0.254093  0.279069 -0.187169  0.159662 -0.019873 -0.289663  0.161408 -0.161784 -0.150840  0.384052  0.326525 -0.335370
-0.213201 -0.194663 -0.229391  0.142433  0.069654  0.301794 -0.028575  0.074045  0.146240 -0.181874  0.001926 -0.249869 -0.542303 -0.096393 -0.169398 -0.192968 -0.050046  0.181116 -0.047273 -0.149734 -0.279833 -0.342090
-0.213201  0.121336  0.054468 -0.427050 -0.086008 -0.002167 -0.366660 -0.160268  0.185497  0.322048 -0.106056 -0.051460  0.236948 -0.217959  0.127621 -0.037379 -0.213711  0.321678 -0.029880  0.134438 -0.079995 -0.372945
-0.213201  0.168766  0.254392  0.145230 -0.003896  0.176562 -0.242920 -0.171667  0.118924  0.130415  0.274805  0.322000 -0.113422  0.013683  0.200153 -0.081736  0.499726  0.127948 -0.101454 -0.406174  0.050414  0.080823
-0.213201 -0.161285  0.191245 -0.176673  0.273925 -0.582204 -0.025669 -0.201896  0.007514 -0.069387 -0.331445  0.055050 -0.358796 -0.014049 -0.099015  0.199926  0.282782 -0.032876  0.138468  0.045476  0.015078 -0.079676
 0.213201 -0.120716  0.090636  0.225605  0.255154  0.169472 -0.190765 -0.111612 -0.143160  0.117006  0.282978  0.202204  0.124875 -0.101830 -0.174273  0.221911  0.086083 -0.174082  0.434127  0.225016 -0.287313 -0.343655
 0.213201  0.243455 -0.377863 -0.181613  0.004669 -0.031998  0.171200 -0.133445 -0.408224  0.054773 -0.252642  0.376027  0.045092 -0.068251 -0.196247 -0.158309  0.084371  0.007691 -0.102399 -0.359874 -0.103833 -0.261261
 0.213201 -0.211054  0.329478 -0.035228 -0.020865  0.170921  0.232643  0.055208 -0.226200  0.095281 -0.290954 -0.066839 -0.003111  0.375419  0.374580 -0.067859  0.094110  0.396525  0.164543 -0.012270 -0.288065 -0.043112
 0.213201 -0.029536 -0.176046 -0.112375  0.209917 -0.071021  0.227001 -0.174945  0.000242 -0.051104  0.256613  0.077793 -0.248296 -0.370388  0.562520 -0.293515 -0.034728  0.020167  0.147640  0.190800  0.206381 -0.021633
 0.213201 -0.231827 -0.111559 -0.271013 -0.260224  0.160878 -0.408240  0.126288 -0.246730 -0.198729 -0.075239 -0.255060 -0.012682 -0.237684 -0.001812  0.126009  0.279986  0.047214  0.295987 -0.189367  0.280518  0.110899
 0.213201
