16 35
 0.000118  0.000031 -0.000013 -0.703743 -0.000067  0.000009 -0.000020  0.000040  0.000143  0.002522  0.000026  0.000001 -0.000155 -0.000066  0.000042  0.000045 -0.185454  0.206659 -0.052026 -0.048065  0.152807 -0.216572 -0.039350  0.175622  0.022392  0.185486  0.175249  0.031431 -0.000116  0.032273  0.142107 -0.385107 -0.005437 -0.246462  0.151833
 0.000009  0.000016  0.000008 -0.000007  0.000004  0.000021 -0.000001 -0.000017  0.000005  0.706941 -0.000003  0.000035 -0.000008  0.000004  0.000006 -0.000007  0.047665 -0.123641 -0.166999  0.173210 -0.118047 -0.059354  0.264935 -0.132445 -0.088703  0.148124  0.273940 -0.036564 -0.159843  0.033921  0.303455  0.080226  0.064044  0.191743  0.217526
-0.706907  0.000002 -0.000008 -0.000003  0.000003 -0.000003  0.000009 -0.000038 -0.000004  0.000003 -0.000009  0.000033  0.000001  0.000010  0.000004 -0.000016 -0.126216  0.075590  0.000754  0.189045 -0.154769  0.012003  0.291554  0.163017  0.079492  0.086679 -0.048432 -0.014041  0.084445 -0.460424 -0.035940  0.138657  0.012570 -0.216819 -0.063575
 0.000092  0.000118  0.000016  0.000133 -0.000078  0.704257  0.000019 -0.000007  0.000001  0.000028 -0.000035  0.000079  0.000148  0.001990  0.000072 -0.000002 -0.401212 -0.169655  0.114980 -0.211100  0.071306  0.065874  0.098137 -0.112594 -0.217867  0.112073 -0.200901  0.018822  0.040148  0.073705  0.164330  0.164000 -0.211789 -0.102250  0.088050
 0.000001  0.000013  0.000002  0.000014 -0.000013  0.000009  0.000005  0.000002 -0.000004 -0.000040  0.706930  0.000051  0.000005  0.000006 -0.000000 -0.000002  0.012948 -0.202310  0.338928  0.058986 -0.225233 -0.082042  0.036453  0.159527  0.272099  0.183580 -0.057469 -0.257924  0.123530  0.229975 -0.012301 -0.044377  0.032020  0.012170  0.086912
-0.011061  0.000613  0.557719 -0.000714 -0.037145  0.066589 -0.000140 -0.002957 -0.000748  0.001050  0.000541 -0.000669 -0.001381 -0.021594 -0.000164 -0.000741  0.001941 -0.201413  0.082557 -0.039882  0.057741  0.000952  0.260900  0.011411  0.109948 -0.045918  0.401874  0.182277 -0.251619  0.120763 -0.421165 -0.041092 -0.258982 -0.122261 -0.118799
-0.000036  0.000021  0.000022  0.000000  0.000012 -0.000035 -0.000006  0.000009 -0.000001 -0.000017  0.000010  0.706846 -0.000008 -0.000052  0.000003  0.000019  0.008707 -0.148943 -0.230502  0.034858  0.219535  0.092320 -0.036002 -0.089423  0.266542  0.038319 -0.223990 -0.172186 -0.270793 -0.043335 -0.125333  0.028228  0.077332 -0.172247  0.279387
-0.020578  0.001368 -0.603965 -0.000854 -0.071348  0.000973  0.000185 -0.002772 -0.000601 -0.000062  0.000320 -0.000390  0.000640 -0.001176 -0.000088 -0.000193 -0.123018  0.022396  0.027777  0.017272 -0.013997  0.146974  0.024873  0.344792  0.122574 -0.152672  0.208147  0.181815 -0.179956  0.058887 -0.215398  0.085093 -0.404286  0.194152  0.257584
 0.000568 -0.023183 -0.000005  0.000229  0.000202  0.000062 -0.000272 -0.001295 -0.032649  0.000350 -0.010266  0.000144 -0.567369  0.000024 -0.068614 -0.000991 -0.064850 -0.101301 -0.330204 -0.055222 -0.095155  0.054331 -0.054937  0.302245 -0.224028 -0.063362  0.089244 -0.521933 -0.078410  0.088438 -0.000752  0.001671 -0.119910 -0.063562 -0.267903
-0.000601  0.021867  0.000299  0.001100 -0.000907 -0.000160  0.001301  0.001077 -0.040943 -0.000303 -0.011403  0.000869 -0.558397  0.000335  0.065197  0.000990 -0.218039 -0.047408  0.199550 -0.010517 -0.196173 -0.107393  0.015157 -0.276577  0.234606 -0.508415  0.029093  0.193088 -0.007062 -0.086982  0.119448 -0.141964  0.167097 -0.063122  0.198976
 0.000085  0.706604 -0.000008 -0.000034  0.000012  0.000007  0.000030 -0.000068  0.000018 -0.000019 -0.000036  0.000045 -0.000059  0.000013  0.000005  0.000022 -0.097882 -0.189510 -0.105325 -0.180545 -0.032785 -0.204507 -0.318166 -0.071062  0.042744  0.141956  0.261570 -0.044549  0.198787 -0.238247 -0.160517  0.178755  0.025895  0.078237  0.095797
-0.003228  0.000282 -0.000056  0.000095  0.702801  0.000058  0.000016 -0.000014 -0.000133  0.000126  0.000034 -0.000053  0.000040 -0.000093 -0.000029 -0.000020  0.059903  0.046992  0.204215  0.339214  0.048850  0.183275 -0.193664 -0.093621 -0.236907 -0.074972  0.202206 -0.121289  0.072030  0.032709 -0.073076  0.083508 -0.092964 -0.265466  0.214978
-0.000055  0.001974  0.000025  0.000096  0.000034 -0.000081  0.000071  0.000074  0.000117  0.000029  0.000011 -0.000039 -0.000022 -0.000044 -0.704158  0.000028  0.027992  0.107846  0.222560 -0.057759  0.356642 -0.245136  0.237461 -0.036491 -0.056401 -0.191726  0.008900 -0.268192  0.053770 -0.132244 -0.074835  0.019060  0.003420  0.207333  0.112172
-0.000066  0.000084  0.000101  0.000166  0.000003  0.000023 -0.000162 -0.000012  0.703609 -0.000005 -0.002233  0.000078  0.000023  0.000064 -0.000078 -0.000267 -0.140344 -0.271463 -0.118330  0.156974  0.155211  0.285386  0.080919 -0.009146  0.023607 -0.050994  0.035503  0.000357  0.325856 -0.064675 -0.029168 -0.337642  0.022018  0.173019 -0.025954
-0.000100  0.000022  0.000078 -0.000076  0.000089 -0.000030  0.703678  0.000095  0.000130  0.000105 -0.000171 -0.001838 -0.000195  0.000025  0.000050 -0.000195  0.262455 -0.082983  0.054933 -0.080161 -0.147800 -0.033752 -0.058906 -0.156355 -0.023849  0.044474 -0.104918 -0.077423 -0.075809 -0.272069  0.094571 -0.279563 -0.424866  0.010393  0.041045
 0.000006  0.000038  0.000005  0.000008 -0.000009 -0.000001  0.000018 -0.000005 -0.000008  0.000026  0.706825 -0.000033 -0.000016  0.000032 -0.000065 -0.000002 -0.024952  0.195333 -0.344226 -0.061219  0.213517  0.080162 -0.038437 -0.158801 -0.271324 -0.207964  0.062083  0.244458 -0.126439 -0.230616  0.018266  0.037805 -0.029744 -0.017107 -0.089888
-0.000003  0.000064 -0.000050 -0.000090 -0.000009 -0.000061  0.000016  0.000010 -0.705344  0.000033  0.000850 -0.000041  0.000004  0.000037 -0.000389  0.000086 -0.099054 -0.248819 -0.102697  0.165506  0.196536  0.293082  0.085999 -0.010448  0.019738  0.033056  0.018261  0.042819  0.337884 -0.063664 -0.046160 -0.316094  0.014123  0.190667 -0.018224
-0.000047 -0.000007 -0.000030 -0.000024 -0.000018 -0.000019 -0.000010 -0.000068  0.000001  0.000006 -0.000002 -0.000037  0.000028  0.706794  0.000002 -0.000003  0.337698 -0.164303 -0.108313 -0.234384  0.039885 -0.000250  0.162374  0.191566 -0.031532 -0.162397  0.026148  0.111862  0.265005  0.059237  0.102555  0.093474  0.009738 -0.246959  0.182885
-0.706826  0.000003  0.000004  0.000005 -0.000007 -0.000019 -0.000001  0.000162 -0.000020 -0.000004  0.000003 -0.000005  0.000008 -0.000001 -0.000007 -0.000005  0.131380 -0.075986 -0.003842 -0.191852  0.154519 -0.019318 -0.291509 -0.178320 -0.084870 -0.078752  0.037848  0.005412 -0.076084  0.458161  0.045258 -0.143059  0.006329  0.209226  0.051177
-0.000059 -0.000063 -0.000095  0.000065  0.705738 -0.000029  0.000033 -0.000426 -0.000084 -0.000101  0.000011 -0.000022  0.000052 -0.000033  0.000129  0.000144 -0.080202 -0.041752 -0.199532 -0.335362 -0.051621 -0.158977  0.196867  0.147060  0.256515  0.049449 -0.168312  0.149235 -0.099173 -0.022758  0.039158 -0.069657  0.028001  0.295134 -0.172291
-0.000925  0.001308  0.000437 -0.035655  0.001451 -0.000967 -0.071802  0.001207 -0.000455 -0.011489 -0.000316 -0.017124 -0.004789 -0.000461  0.000170 -0.558304  0.080026 -0.423961  0.236232  0.122245  0.176192 -0.095282 -0.192173  0.293671 -0.156585 -0.039765 -0.058624  0.153960 -0.306239 -0.225611  0.190838 -0.021756  0.123850  0.028386 -0.101295
 0.000086 -0.000188 -0.000075 -0.000167 -0.000055 -0.000066 -0.703423 -0.000102 -0.000100  0.000264 -0.000096  0.001735  0.000007  0.000135  0.000329  0.000215  0.249283 -0.023498  0.020823 -0.107025 -0.199253 -0.019814 -0.020893 -0.194933 -0.037763  0.052718 -0.109877 -0.095915 -0.037974 -0.240506  0.031836 -0.291348 -0.418175  0.014344  0.079654
 0.000042  0.000104  0.000008  0.000005 -0.000098 -0.703891  0.000085 -0.000289  0.000012  0.000331  0.000040 -0.000017  0.000019 -0.001871  0.000015 -0.000244 -0.389482 -0.208087  0.127028 -0.220150  0.083367  0.052410  0.143880 -0.144132 -0.208312  0.118177 -0.146480  0.034527  0.011817  0.090905  0.107900  0.149003 -0.221813 -0.143566  0.041167
 0.000107 -0.000029 -0.000008  0.705203 -0.000199 -0.000268 -0.000004  0.000090 -0.000002 -0.000574  0.000069  0.000257 -0.000006 -0.000021  0.000029  0.000095 -0.179784  0.170315 -0.034215 -0.051634  0.129271 -0.222469 -0.039084  0.205572 -0.044363  0.188680  0.151160  0.049085 -0.033946  0.013728  0.103599 -0.407239  0.039093 -0.231657  0.177747
 0.000008  0.000024 -0.000005  0.000017  0.000006 -0.000019  0.000005  0.000025  0.000010 -0.000040  0.000002 -0.000013  0.000038 -0.706802  0.000027 -0.000050  0.333782 -0.151600 -0.112578 -0.231855  0.035373  0.004005  0.148084  0.200299 -0.034678 -0.164342  0.008393  0.106270  0.274902  0.053957  0.120669  0.098018  0.013509 -0.234212  0.197555
-0.010998  0.000810  0.569360 -0.000159 -0.039110 -0.064204  0.000208 -0.000045  0.000191 -0.001088 -0.000115  0.000215  0.000016  0.019936  0.000012  0.000555 -0.131351  0.222113 -0.051345  0.057469 -0.070466  0.155296 -0.228899  0.354298  0.022517 -0.114617 -0.173166  0.015274  0.056265 -0.055529  0.183484  0.131185 -0.175636  0.326105  0.389802
-0.000023 -0.001465  0.002173  0.000594 -0.000747 -0.000099  0.000466 -0.000211 -0.068414 -0.000093 -0.020136  0.000765  0.605189  0.000289 -0.004213 -0.000990 -0.260888 -0.143700 -0.122792 -0.060368 -0.268570 -0.049441 -0.038957  0.031028  0.004385 -0.528760  0.110477 -0.309270 -0.083873  0.000299  0.110303 -0.130266  0.043224 -0.117921 -0.068846
-0.000048  0.002305 -0.000054 -0.000043 -0.000016  0.000101 -0.000215  0.000154 -0.000006 -0.000091 -0.000013  0.000095 -0.000016  0.000052 -0.703694 -0.000055 -0.040169 -0.101493 -0.171203  0.062314 -0.364409  0.230045 -0.230726 -0.018792  0.099918  0.154197 -0.015835  0.338908 -0.046528  0.115497  0.085585 -0.031594  0.023397 -0.206491 -0.067206
 0.000000  0.000000  0.000000 -0.000000  0.000000  0.000000  0.000000  0.707099 -0.000000 -0.000000 -0.000000  0.000000  0.000000 -0.000000  0.000000 -0.000000 -0.032814 -0.099705 -0.199254  0.341913 -0.008503 -0.421543 -0.005907 -0.010574 -0.062393 -0.080852 -0.211588  0.119006  0.123771  0.150978 -0.106219  0.028537 -0.186267 -0.012626 -0.006427
 0.000123 -0.000432  0.000295 -0.068291  0.000986 -0.001374 -0.000929  0.000398 -0.000017 -0.020096  0.000156  0.001175 -0.002282  0.000096 -0.000024  0.610363  0.032015 -0.241439  0.119133 -0.020809 -0.146745 -0.045270 -0.004691  0.196492 -0.430765  0.015024 -0.155688  0.112992 -0.221585 -0.124878 -0.233860 -0.149275  0.294743  0.089405  0.163999
 0.000000 -0.000000  0.000000  0.000000  0.000000 -0.000000 -0.000000  0.707099  0.000000 -0.000000 -0.000000  0.000000  0.000000 -0.000000  0.000000 -0.000000  0.032072  0.099695  0.198089 -0.342715  0.008121  0.422553  0.007773  0.012313  0.062819  0.080742  0.214136 -0.119192 -0.124973 -0.149537  0.102834 -0.028051  0.182880  0.012938  0.006458
-0.000025 -0.706877 -0.000035 -0.000004 -0.000016  0.000001 -0.000009  0.000005 -0.000020  0.000015  0.000040  0.000013  0.000010 -0.000009  0.000018  0.000001 -0.102298 -0.188288 -0.087198 -0.178033 -0.034063 -0.208979 -0.316595 -0.088086  0.058385  0.128608  0.260056 -0.019653  0.200272 -0.244057 -0.155932  0.175212  0.033353  0.078817  0.110938
-0.001088  0.001661  0.000084  0.038688  0.000180  0.000380 -0.069820  0.000758 -0.000099  0.010459 -0.000512 -0.018316 -0.001231 -0.000672 -0.000083  0.561916  0.044504 -0.160053  0.104403  0.143840  0.334332 -0.045146 -0.185436  0.079106  0.311546 -0.056023  0.111889  0.028750 -0.064146 -0.087930  0.442851  0.140482 -0.197932 -0.069634 -0.280195
 0.000008 -0.000023 -0.000002  0.000002 -0.000010 -0.000022 -0.000000 -0.000042 -0.000017 -0.706810 -0.000021 -0.000004 -0.000007 -0.000019  0.000003  0.000026  0.045856 -0.112404 -0.172750  0.173630 -0.111063 -0.057913  0.266128 -0.141720 -0.069544  0.148457  0.282331 -0.041959 -0.149972  0.040164  0.313127  0.085624  0.050107  0.186266  0.209900
 0.000005 -0.000003 -0.000010  0.000006 -0.000040 -0.000012 -0.000013 -0.000034  0.000002 -0.000005  0.000010 -0.706915 -0.000010 -0.000020  0.000007  0.000001  0.004906 -0.134762 -0.238886  0.028027  0.205558  0.095491 -0.026853 -0.098592  0.261604  0.039815 -0.226029 -0.176923 -0.261706 -0.035921 -0.141073  0.024444  0.080678 -0.171158  0.289697
 0.707099
