5 17
 0.573083 -0.000000 -0.000000 -0.000000  0.000000 -0.466239  0.256495 -0.027528 -0.362561  0.022366  0.373938 -0.188299  0.085344 -0.111985 -0.057923 -0.125831 -0.203469
-0.000000  0.000000  0.487276 -0.000000 -0.085808  0.361494 -0.044465 -0.286111 -0.162315 -0.196793 -0.023530  0.125565 -0.075153 -0.499526  0.059012 -0.136161 -0.426725
 0.085808  0.000000 -0.000000  0.487276  0.000000 -0.189009  0.115938 -0.420941 -0.098215  0.079403 -0.591657 -0.034325 -0.190424  0.227477 -0.046850 -0.266488 -0.020894
-0.000000 -0.000000 -0.487276 -0.000000 -0.085808  0.011192  0.307433  0.042155  0.103481  0.295250 -0.013641  0.386466 -0.245755 -0.198246  0.450564  0.042369 -0.326895
 0.085808  0.000000  0.000000 -0.487276 -0.000000  0.172741 -0.043965  0.033824 -0.334146  0.011809 -0.298458 -0.299653 -0.106672  0.445801  0.188383  0.222102 -0.369712
 0.000000 -0.060675  0.000000  0.512408 -0.000000  0.237244 -0.018145  0.129611 -0.214350 -0.306366  0.385659  0.270569 -0.111871  0.477399  0.023228  0.150694 -0.186877
 0.000000  0.060675  0.512408 -0.000000 -0.000000 -0.275252  0.048678 -0.217354 -0.029532  0.157628  0.080622  0.164713 -0.044395  0.092414  0.519100  0.412012  0.315120
-0.000000 -0.000000 -0.000000  0.000000  0.573083  0.034549  0.233989  0.255648 -0.166587 -0.306025 -0.097803 -0.128234 -0.528199 -0.232026  0.063426  0.025528  0.255655
-0.573083 -0.000000 -0.000000 -0.000000 -0.000000 -0.392031 -0.268583  0.061507 -0.451028  0.264289  0.082727  0.093023 -0.223239 -0.105546 -0.250729  0.055064 -0.162243
 0.000000  0.000000  0.000000 -0.000000  0.573083 -0.260566 -0.445009 -0.111725  0.357485 -0.074284  0.106138 -0.016164  0.068193  0.103074  0.251544 -0.196332 -0.362257
-0.000000 -0.573083  0.000000 -0.000000  0.000000  0.278494 -0.144796 -0.106113 -0.136022  0.371682  0.267252 -0.216496 -0.169385  0.059771  0.225622 -0.383727  0.237552
-0.000000 -0.573083 -0.000000  0.000000 -0.000000 -0.203009 -0.042328  0.299310 -0.218659 -0.274104 -0.349574  0.279021  0.413231 -0.100993  0.184428 -0.023692  0.021222
 0.000000 -0.000000  0.000000 -0.000000 -0.573083 -0.281819 -0.250394  0.180450  0.199707 -0.395051  0.013900 -0.221064 -0.411956 -0.024475  0.238671 -0.156760  0.006237
 0.000000 -0.060675  0.000000 -0.512408  0.000000 -0.106762  0.133915 -0.302849  0.010009 -0.242088  0.106840  0.522883 -0.191516  0.269784 -0.200467 -0.313932  0.144832
 0.573083 -0.000000  0.000000 -0.000000 -0.000000  0.076643 -0.535854  0.146998 -0.023729  0.228266 -0.157934  0.331328 -0.264099 -0.094370 -0.213998  0.187541  0.099712
 0.000000  0.060675 -0.512408 -0.000000  0.000000  0.057868 -0.285960 -0.529520 -0.282292 -0.310280  0.071218 -0.083391  0.117839 -0.194089  0.146753  0.242238  0.220186
 0.000000 -0.573083  0.000000 -0.000000  0.000000 -0.112316  0.149745 -0.253931  0.343302 -0.055673  0.046255 -0.137922 -0.203949 -0.048651 -0.320788  0.493971 -0.197647
 0.573083
