5 9
 0.707107  0.000000 -0.000000 -0.000000  0.169885  0.052902 -0.612096 -0.172249  0.253002
-0.707107  0.000000 -0.000000 -0.000000  0.169885  0.052902 -0.612096 -0.172249  0.253002
-0.000000 -0.707107  0.000000 -0.000000  0.169885 -0.325503 -0.138709 -0.232844 -0.540121
-0.000000  0.000000 -0.000000 -0.000000  0.876991 -0.219772  0.299633  0.134318  0.273433
-0.000000 -0.000000 -0.707107 -0.000000 -0.169885 -0.335035  0.185870 -0.479415  0.307415
 0.000000 -0.707107  0.000000  0.000000 -0.169885  0.325503  0.138709  0.232844  0.540121
 0.000000  0.000000 -0.000000  0.707107  0.169885  0.504827  0.163282 -0.421016 -0.111234
-0.000000 -0.000000  0.000000  0.707107 -0.169885 -0.504827 -0.163282  0.421016  0.111234
 0.000000  0.000000 -0.707107  0.000000  0.169885  0.335035 -0.185870  0.479415 -0.307415
 0.876991
