2 10
 0.447214 -0.000000  0.328715 -0.433169  0.227896 -0.020084 -0.172283 -0.501950  0.134056 -0.390339
 0.000000 -0.447214  0.238233  0.468942 -0.129987  0.259359  0.454228 -0.157612 -0.106644 -0.443438
-0.000000 -0.447214  0.144600 -0.643956 -0.135406 -0.158507  0.373760  0.420165 -0.054804  0.041393
-0.000000 -0.447214 -0.274695  0.041390  0.106554 -0.105159 -0.608962  0.196891 -0.419975 -0.338286
 0.000000  0.447214  0.254620 -0.123283 -0.205690  0.516024 -0.146589  0.484645 -0.087303 -0.383913
 0.447214 -0.000000 -0.092214  0.108621 -0.820133 -0.262994 -0.139617 -0.022264  0.133024 -0.015177
 0.447214 -0.000000  0.565742  0.304270  0.221382 -0.166253 -0.071575  0.266768 -0.311776  0.370422
 0.447214 -0.000000 -0.434074 -0.157456  0.002971  0.508712  0.200628 -0.160744 -0.437868  0.264900
-0.000000  0.447214 -0.146481 -0.010340  0.046850 -0.520331  0.365615 -0.025201 -0.494119 -0.356417
-0.447214 -0.000000  0.368170 -0.177734 -0.367884  0.059380 -0.182848 -0.418191 -0.482565  0.229806
 0.447214
