8 31
 0.452679  0.000000 -0.000000 -0.090536 -0.000000  0.000000  0.000000 -0.000000 -0.374639  0.132209  0.182951  0.185115  0.199021  0.108075 -0.177516 -0.256472 -0.171910  0.041521  0.150555  0.144268 -0.156656  0.061402  0.237614  0.040022  0.086474  0.204361  0.300890  0.248191 -0.214665 -0.043461 -0.047527
-0.000000 -0.000000  0.543214 -0.000000  0.000000 -0.000000 -0.000000 -0.000000  0.081663  0.047712 -0.021689  0.110823 -0.174072  0.326846  0.027655 -0.195893  0.190584 -0.121052 -0.164512 -0.407827  0.113715  0.232553  0.037320  0.074223 -0.100501  0.353261  0.129163 -0.155633 -0.072119  0.005675  0.087437
 0.000000 -0.000000  0.000000 -0.543214 -0.000000  0.000000  0.000000 -0.000000  0.200258 -0.015383  0.067837  0.007972 -0.249857 -0.263233 -0.204353  0.031036  0.259123  0.121419  0.134355  0.088391 -0.017561  0.134528  0.038836  0.370663 -0.268056 -0.151963  0.194856 -0.038847 -0.184948  0.158783 -0.163002
-0.000000 -0.000000  0.000000  0.090536  0.000000  0.000000 -0.452679  0.000000 -0.364366 -0.051362  0.057259 -0.093209 -0.283422 -0.014147  0.241335 -0.071757  0.172788 -0.147236  0.041504  0.229353  0.000029 -0.126280  0.109799 -0.320425 -0.218724 -0.024962  0.131628 -0.355402 -0.121295  0.103543 -0.203790
 0.543214 -0.000000  0.000000 -0.000000  0.000000 -0.000000 -0.000000  0.000000  0.157126 -0.107627 -0.267413 -0.175961  0.007162  0.078730  0.179817  0.104132  0.250854  0.237041  0.173154 -0.040087  0.228521  0.160862 -0.280828 -0.341136 -0.078383 -0.042465  0.121382  0.254327  0.037131  0.041278 -0.047535
-0.000000 -0.000000  0.000000  0.090536 -0.000000  0.452679  0.000000  0.000000 -0.166936  0.017854 -0.227486  0.094042 -0.214769  0.102200 -0.254991  0.016907  0.124595  0.477253 -0.084562 -0.214604 -0.198848 -0.226567  0.220658 -0.068010 -0.096943 -0.011087 -0.303902  0.100776 -0.041013  0.042183 -0.141580
 0.000000 -0.543214 -0.000000 -0.000000 -0.000000 -0.000000  0.000000 -0.000000 -0.114966 -0.339301 -0.372163 -0.156442 -0.169658  0.018296  0.040775  0.120625 -0.161819  0.021031  0.112693  0.137344  0.121041 -0.054900  0.228106  0.294593  0.096597  0.262956  0.160976 -0.011053  0.204564  0.003809  0.084963
 0.000000 -0.000000 -0.000000 -0.000000 -0.543214 -0.000000  0.000000  0.000000  0.130635 -0.026727  0.021895  0.029261  0.107967  0.275380  0.271391 -0.190354  0.024300  0.280557  0.298015  0.033655 -0.206086 -0.156084 -0.046383  0.187439 -0.096820 -0.157941  0.059026 -0.262787  0.016850 -0.298875  0.136330
 0.000000  0.000000  0.000000  0.000000 -0.000000 -0.543214 -0.000000 -0.000000  0.130412 -0.173299  0.017839  0.029499 -0.059285  0.353910 -0.341327  0.074120  0.075072 -0.099541  0.178355 -0.012928 -0.258894 -0.312800  0.046255 -0.158691 -0.144181  0.018711 -0.073179  0.103039  0.064922  0.335084  0.112272
-0.000000 -0.000000 -0.000000 -0.090536  0.000000  0.452679 -0.000000 -0.000000  0.292144 -0.011594 -0.119843  0.076724  0.022095  0.265438 -0.101909 -0.223225 -0.174548 -0.406527  0.210397  0.253588  0.018696 -0.100195 -0.231616 -0.006499 -0.051589  0.124951 -0.116402  0.016661  0.085429  0.094871 -0.364983
-0.000000  0.000000  0.000000 -0.090536  0.000000  0.000000 -0.000000  0.452679 -0.302793 -0.314738  0.108669 -0.111078  0.415548  0.226815 -0.096749  0.107147  0.069467  0.018836  0.006245 -0.153672  0.323738 -0.013507 -0.083074  0.194043 -0.019525 -0.112807 -0.180310 -0.164063 -0.158859  0.099936 -0.202218
 0.000000 -0.543214 -0.000000 -0.000000  0.000000  0.000000  0.000000  0.000000  0.192638  0.349923  0.160614 -0.014663 -0.034511  0.123844 -0.126530  0.206204  0.120437 -0.044998 -0.034471 -0.026738  0.177263 -0.306915 -0.054778 -0.139632  0.189049 -0.078863  0.075630 -0.020430 -0.413532 -0.232713 -0.066950
 0.000000  0.000000  0.543214 -0.000000 -0.000000 -0.000000 -0.000000  0.000000 -0.027963 -0.003853 -0.110604 -0.201103  0.108938 -0.277386 -0.051155  0.102043 -0.225263 -0.199142  0.404347 -0.116253 -0.043985 -0.008888  0.232809 -0.131121 -0.208446 -0.227043 -0.189063  0.118618 -0.110779 -0.227366 -0.002426
 0.000000  0.000000  0.000000  0.543214 -0.000000 -0.000000 -0.000000 -0.000000  0.137239 -0.047637  0.133107 -0.153515 -0.178052  0.027133  0.041123 -0.175257 -0.044168 -0.017729  0.132085 -0.213600 -0.011351  0.072711  0.105122  0.263530  0.226862 -0.365203  0.236529  0.145288 -0.066907  0.278534 -0.287197
 0.000000 -0.000000 -0.000000  0.090536 -0.000000 -0.000000  0.000000  0.452679  0.185120  0.226072 -0.049589  0.258290  0.025567 -0.087482  0.249150 -0.083856  0.319744 -0.042896  0.196504  0.240135  0.159565  0.012720  0.397624  0.028249  0.110219  0.073818 -0.257117  0.117281  0.008996  0.195176  0.185481
-0.000000  0.000000 -0.000000 -0.000000 -0.000000  0.543214 -0.000000  0.000000  0.026072 -0.178515  0.307279 -0.112806  0.101277  0.047545 -0.043910  0.246051  0.116699 -0.158479  0.073493 -0.045415 -0.108767 -0.040498  0.055386 -0.096600 -0.020404 -0.076175  0.277074  0.005174  0.027908  0.220873  0.534407
-0.000000  0.000000  0.452679  0.090536 -0.000000  0.000000 -0.000000  0.000000  0.066980  0.082718  0.077910  0.227050  0.039100  0.040239 -0.177848  0.149429 -0.279780  0.394063 -0.074468  0.396555  0.202965  0.050602 -0.061112 -0.108231  0.075662 -0.170424  0.118838 -0.250808  0.171394  0.253053 -0.007227
 0.000000 -0.452679 -0.000000 -0.090536  0.000000  0.000000 -0.000000 -0.000000  0.083118 -0.020575  0.456515 -0.156690  0.115072  0.041990  0.037830 -0.160661  0.081080  0.095081 -0.097735 -0.018322 -0.157526  0.306389  0.177256 -0.188356 -0.156556 -0.027555 -0.193606  0.062577  0.424165 -0.029196 -0.214062
-0.000000 -0.000000 -0.000000 -0.543214  0.000000  0.000000 -0.000000 -0.000000 -0.041775  0.121380 -0.113970 -0.042363 -0.076054  0.184726  0.344475 -0.139635 -0.310960 -0.021318 -0.142334 -0.240121  0.075402 -0.168918  0.185524 -0.146204  0.211967 -0.321003  0.032128  0.072584  0.051845  0.268412  0.038722
 0.000000  0.000000 -0.452679  0.090536  0.000000 -0.000000 -0.000000  0.000000  0.131420  0.135349 -0.080841  0.118714 -0.039060  0.099590 -0.206049  0.036809 -0.321395  0.009831  0.213334 -0.232340  0.286641  0.318999  0.263043 -0.176508 -0.295075 -0.018964  0.046957 -0.295225 -0.048084 -0.012975  0.094786
-0.000000 -0.000000  0.000000 -0.090536  0.452679 -0.000000 -0.000000 -0.000000 -0.012017  0.156159  0.082539 -0.234765 -0.025838 -0.012561  0.067681 -0.048934 -0.025734  0.227869  0.461106 -0.116461 -0.224611  0.052021 -0.184769  0.011153  0.329036  0.225905 -0.153702 -0.356246 -0.032544  0.113386  0.051858
 0.000000  0.000000 -0.000000 -0.090536 -0.452679  0.000000 -0.000000  0.000000 -0.176433 -0.076386  0.219238  0.340329 -0.285662 -0.121266  0.040489  0.371403 -0.050414 -0.097522  0.263729 -0.218149  0.014762  0.131484 -0.133996 -0.101224  0.289979  0.159140 -0.117313  0.065872  0.100786  0.073035 -0.179547
 0.452679 -0.000000  0.000000  0.090536  0.000000 -0.000000  0.000000 -0.000000  0.215590 -0.077659  0.302213  0.002207 -0.065868 -0.274637  0.188800 -0.002538 -0.284793  0.043244 -0.150454 -0.143286  0.106676 -0.401378 -0.005739  0.174771 -0.259757  0.241537 -0.192931 -0.113590 -0.042129  0.142513  0.019784
-0.000000 -0.000000 -0.000000  0.000000 -0.543214  0.000000  0.000000 -0.000000  0.006379  0.220514 -0.135811 -0.508506  0.108553 -0.184793 -0.248731 -0.159927 -0.003733 -0.009398 -0.133534  0.051085  0.006609  0.089865  0.004073 -0.093791  0.129368  0.213578 -0.089350 -0.088978 -0.127959  0.332501  0.056508
 0.000000  0.000000 -0.000000 -0.000000  0.000000  0.000000 -0.543214 -0.000000 -0.013628  0.392106 -0.116483  0.049392  0.305635 -0.087071 -0.094306  0.138748  0.086841 -0.016696  0.078040 -0.261145  0.028474 -0.184053 -0.059684  0.207176 -0.068705  0.039510  0.199221  0.058519  0.430415  0.045663 -0.076314
-0.000000 -0.000000 -0.000000 -0.000000  0.000000  0.000000 -0.000000  0.543214  0.262084 -0.080540 -0.167010  0.038174  0.084820 -0.106924  0.079776  0.206326 -0.169804  0.014132 -0.194992 -0.081693 -0.488699  0.062995  0.047199 -0.184176  0.022701  0.117029  0.306840 -0.116640 -0.090737 -0.047313 -0.218451
-0.000000 -0.000000  0.000000  0.000000  0.000000  0.000000 -0.000000 -0.543214  0.164022 -0.154428 -0.117777  0.160851  0.452416  0.009187  0.206778  0.225735  0.154538 -0.005918 -0.026034 -0.009640 -0.085946  0.062340  0.309324  0.001068  0.098279  0.084538 -0.057682 -0.155625 -0.215623  0.198614 -0.232399
 0.000000  0.452679 -0.000000 -0.090536  0.000000  0.000000 -0.000000 -0.000000  0.176324 -0.007828  0.202657 -0.362016 -0.129930  0.212558 -0.065077  0.231534  0.031422  0.066322 -0.003869  0.114404  0.200440 -0.127789  0.385250 -0.002403  0.186218  0.193356  0.090321  0.024797  0.173404 -0.303881 -0.192445
 0.000000 -0.000000  0.000000 -0.000000 -0.000000  0.000000  0.543214  0.000000 -0.105064 -0.022429 -0.050285  0.100657  0.101445 -0.283398 -0.108482 -0.234171  0.245675 -0.071312  0.105805 -0.154234  0.131026 -0.321874  0.066964 -0.211892  0.039901 -0.007005  0.284635 -0.258859  0.285444 -0.012352 -0.147079
-0.543214 -0.000000  0.000000  0.000000 -0.000000 -0.000000  0.000000 -0.000000  0.024585 -0.062169  0.136891 -0.019860  0.118123 -0.060072  0.189221 -0.111709 -0.129732  0.307678  0.173239 -0.039268  0.186871 -0.122451 -0.087599 -0.162141 -0.222785  0.329117  0.211348  0.366494 -0.176864  0.123821 -0.070655
 0.000000 -0.000000 -0.000000  0.090536 -0.000000  0.000000  0.452679 -0.000000 -0.254643  0.446079 -0.022179 -0.154727 -0.038395  0.221445  0.258346  0.375746 -0.017812 -0.081698  0.008187  0.101059 -0.123033  0.039105 -0.042179  0.182457 -0.349053  0.030856  0.029132  0.025452  0.052670  0.173161 -0.118873
 0.543214
