15 19
 0.000064  0.000004  0.000117  0.000003 -0.001104  0.000682  0.000139 -0.000033  0.000137 -0.000124  0.000249 -0.000001  0.000046 -0.000019 -0.996997 -0.021689  0.008619  0.030993 -0.067007
-0.000181  0.007391  0.002228 -0.020365  0.000061  0.958391  0.000282 -0.000249  0.001572 -0.000884 -0.000375  0.000163  0.001024 -0.002009  0.000028  0.125260 -0.149680  0.202582  0.043248
-0.000521 -0.000355  0.967969  0.000131 -0.000347  0.000526  0.000748  0.017441  0.000373  0.001415 -0.000072 -0.000788  0.002166 -0.003736  0.001574 -0.177286 -0.173969 -0.031756 -0.001400
 0.002841 -0.000832  0.003343  0.002818  0.009644  0.004569 -0.000474  0.001829  0.002644  0.004431 -0.706309  0.010541  0.184295  0.000124 -0.052895  0.136587 -0.070592 -0.287846  0.597986
-0.000007 -0.999662  0.000008  0.000022 -0.000001 -0.000004  0.000002  0.000006 -0.000044  0.000021  0.000008 -0.000021 -0.000017  0.000047 -0.000021  0.011878 -0.013428  0.018534  0.003246
-0.002780  0.000932 -0.001753 -0.003106 -0.009609 -0.006396  0.000579 -0.002276  0.000856 -0.011614 -0.707848 -0.009586 -0.185228  0.004840  0.052351 -0.130562  0.073005  0.291280 -0.595205
-0.996401 -0.000038 -0.000148 -0.000005 -0.000089 -0.000101  0.002483 -0.000015  0.000174  0.000151  0.000028  0.000050 -0.000021  0.000034 -0.000134 -0.043750  0.038037  0.045916  0.041350
 0.000136  0.017429 -0.004670 -0.048057  0.000326 -0.202527  0.000873  0.000852  0.002581  0.003235 -0.000330  0.000291  0.006765 -0.708406 -0.002697  0.274669 -0.378132  0.471109  0.118605
-0.000004 -0.000010  0.000011 -0.000037  0.000065  0.000002  0.999560 -0.000069  0.000001  0.000004  0.000064  0.000007  0.000038  0.000002 -0.000016  0.017650 -0.010379 -0.017271 -0.012715
 0.000000  0.000000 -0.000000 -0.000000  0.999898 -0.000000 -0.000000 -0.000000  0.000000 -0.000000 -0.000000  0.000000  0.000000 -0.000000 -0.000000 -0.004768  0.001778  0.006464 -0.011715
 0.059218 -0.000466 -0.006035  0.000274 -0.001293  0.000306  0.020577  0.001040  0.688973 -0.014971  0.002290  0.191045 -0.001582  0.002488  0.002544 -0.392401  0.293630  0.387091  0.307517
-0.000866  0.000052  0.000446 -0.000329 -0.003680 -0.000048  0.000179 -0.001660 -0.000078  0.002385 -0.000976 -0.003215  0.965077 -0.000581  0.020186 -0.046948  0.044829  0.106438 -0.229439
 0.022361 -0.000102  0.000166  0.000043 -0.000256  0.000210  0.007737 -0.000198 -0.000095 -0.002448 -0.000413 -0.964417 -0.000065  0.000953 -0.000326 -0.136068  0.116798  0.142502  0.129886
 0.002457  0.000975  0.182735 -0.000282  0.000712 -0.006936 -0.001658 -0.050294  0.021992  0.680691 -0.000006  0.005173 -0.013816 -0.006726 -0.002820  0.487186  0.501768  0.103862 -0.004117
-0.056161  0.000278 -0.000719 -0.000029  0.001181 -0.001462 -0.019518  0.000612  0.724439 -0.004668  0.001223 -0.182017  0.001562  0.000503 -0.001996  0.355819 -0.293719 -0.372803 -0.294326
-0.000138 -0.000089 -0.000211  0.000112 -0.000037  0.000279  0.000120 -0.997516 -0.000015 -0.000528  0.000008 -0.000202  0.000155  0.000369  0.000116 -0.048204 -0.050180 -0.010456  0.003084
-0.000035  0.001869  0.000017  0.997465 -0.000021  0.000076  0.000117  0.000119 -0.000016  0.000007 -0.000002  0.000003 -0.000021 -0.000077  0.000038  0.029372 -0.038520  0.051349  0.008769
 0.001208  0.000964  0.171893 -0.000464  0.000882 -0.008714 -0.001863 -0.045975  0.001751 -0.732279  0.006897  0.005494 -0.005576 -0.008304 -0.003590  0.463063  0.458032  0.087119  0.004337
 0.000039  0.017598  0.004241 -0.048179  0.000408 -0.200702  0.000767  0.000458 -0.000124  0.001264  0.004718  0.001222  0.008646  0.705690 -0.003135  0.287412 -0.372176  0.472203  0.121924
 0.999898
