4 39
-0.328667 -0.000000  0.000000  0.000000  0.032844 -0.071406  0.028722  0.044889  0.200452 -0.099934 -0.016043 -0.223904  0.100766 -0.101233 -0.281965  0.161756 -0.194706 -0.197661 -0.061395  0.124794  0.316668 -0.054770 -0.236864 -0.075592 -0.030559  0.032275 -0.016446  0.070460  0.200391 -0.119305 -0.232377 -0.057705 -0.030037  0.161787 -0.113297 -0.057055  0.184658 -0.375544  0.240167
 0.068069 -0.000000 -0.260598 -0.000000 -0.209344 -0.162442  0.085888 -0.005470  0.012512  0.012869 -0.234321 -0.122648 -0.110522 -0.128713 -0.096913 -0.327672 -0.101362 -0.071836  0.263185  0.008899  0.095168  0.221023  0.155489  0.118921 -0.149874  0.079167 -0.014665  0.028838 -0.074675  0.292739  0.163078  0.292464  0.128203 -0.206227  0.087552  0.151351  0.223662 -0.255232  0.123002
-0.328667 -0.000000 -0.000000  0.000000 -0.011816  0.039595 -0.016627  0.244820 -0.014939  0.055234 -0.049654  0.071948 -0.138676 -0.221579 -0.089436 -0.116218  0.028647 -0.137326  0.002886 -0.106919 -0.009401 -0.561365  0.209799 -0.178165  0.108899  0.070483  0.205459 -0.087663  0.004405 -0.188399  0.415258  0.101167  0.017130 -0.054082 -0.065262  0.106612 -0.001636  0.045438  0.037245
-0.000000  0.000000 -0.000000  0.328667  0.025106 -0.207720 -0.113278 -0.135566  0.165731  0.076523 -0.155883  0.022852 -0.190383 -0.089289  0.486319  0.000291 -0.220541  0.104534  0.217084  0.174161  0.117095 -0.022066 -0.014769 -0.042027  0.297460  0.135610  0.156210  0.191590  0.070040  0.036475  0.058854 -0.101673 -0.162274  0.270565  0.017611  0.100221 -0.087003 -0.091902 -0.104826
 0.000000 -0.328667 -0.000000  0.000000 -0.213077 -0.118061 -0.114447 -0.084263  0.068167  0.122457  0.011666 -0.223011  0.074431  0.429804 -0.033280 -0.002149  0.205404 -0.140594 -0.072911 -0.134122  0.193631 -0.192819  0.149050  0.026891 -0.139414 -0.223153  0.143502  0.103249 -0.248485  0.039204 -0.025098  0.133673 -0.277286  0.226545  0.057381  0.095493 -0.017639 -0.107165 -0.184352
-0.000000 -0.000000  0.000000 -0.328667 -0.000832 -0.018400  0.222937  0.064718 -0.025588 -0.107036  0.189082  0.064390 -0.130177  0.095964  0.212315  0.220056 -0.368045 -0.095322  0.329364 -0.332718  0.028896  0.037372 -0.184758 -0.281561 -0.251606 -0.039339 -0.035739 -0.079886 -0.110175  0.093531  0.174495 -0.034516 -0.059613  0.065137 -0.161449 -0.001380 -0.027201 -0.073441 -0.147230
 0.328667  0.000000 -0.000000  0.000000 -0.210915  0.020795 -0.076101  0.069320  0.105898  0.181261  0.158021 -0.036134 -0.065605 -0.117299  0.014813 -0.142770 -0.092401  0.068060 -0.133494 -0.082913  0.074879 -0.015531 -0.057238 -0.001220 -0.118622  0.103764  0.014226 -0.058244 -0.132991 -0.325732  0.059168 -0.499178 -0.288170 -0.314315  0.134331  0.101662  0.063831 -0.220963  0.111555
-0.000000  0.000000  0.328667 -0.000000 -0.236562  0.287339  0.127432  0.054205 -0.094302  0.192245 -0.053013 -0.196658 -0.156419  0.121249  0.068363  0.238964  0.043524 -0.162259 -0.001934 -0.092607  0.301114  0.218518  0.010443 -0.032909  0.366743  0.148614 -0.046284 -0.063743  0.086130  0.031824  0.156622  0.162811 -0.049785 -0.153548  0.222564 -0.230837 -0.039981  0.041895  0.122840
-0.000000 -0.000000  0.328667  0.000000 -0.072422 -0.010756 -0.023789  0.147631 -0.079346 -0.105615  0.197113 -0.245615  0.123882  0.021981 -0.177824 -0.307047  0.017378  0.030078  0.304957 -0.107190 -0.248228 -0.033067 -0.377017  0.048328  0.273743  0.077917  0.032365  0.155671 -0.006831  0.067225 -0.035804 -0.005306 -0.115861  0.090072  0.052931  0.259847  0.239566  0.173762 -0.037503
 0.068069 -0.260598  0.000000  0.000000 -0.060298  0.103282  0.210221  0.050158 -0.299969  0.038308 -0.161166  0.071100  0.060984  0.000565  0.143088 -0.233781  0.177201 -0.186857 -0.074508 -0.081612 -0.272433  0.011471 -0.052546  0.002644 -0.026620  0.124541 -0.081963  0.289947  0.175922 -0.077034  0.130773 -0.173486  0.082425  0.230049 -0.121140 -0.326755  0.028364 -0.366908 -0.042390
-0.000000 -0.328667 -0.000000 -0.000000 -0.051705 -0.045066 -0.051996  0.080784  0.292325 -0.078469  0.317054  0.037448  0.180812 -0.129358  0.154582 -0.087795  0.123242 -0.339454  0.104780  0.245514  0.101251  0.103668 -0.051705  0.171391 -0.143030  0.097827  0.164588 -0.045409  0.050305  0.186242  0.197255 -0.107703 -0.006480 -0.064935 -0.158277 -0.195407 -0.108028  0.303285  0.175229
 0.000000  0.000000  0.328667 -0.000000  0.060974  0.405433  0.066204  0.090778  0.105537 -0.073417 -0.209807 -0.166715 -0.132902 -0.167565  0.268143 -0.145669 -0.023929 -0.036627  0.020806  0.061099 -0.038363  0.135031  0.047211  0.235030 -0.226155 -0.318180  0.185024 -0.166521 -0.007073 -0.235392 -0.139081  0.145045 -0.038398  0.046063 -0.235828  0.159611  0.025591 -0.062011 -0.037816
-0.000000 -0.000000 -0.328667  0.000000  0.243567 -0.099677  0.144747  0.252917  0.244615  0.156780 -0.252777 -0.241864 -0.070777  0.170081 -0.091138 -0.007550  0.124553 -0.027101  0.364354 -0.148933 -0.090396  0.017374 -0.031100  0.186912  0.095910  0.090358  0.007159 -0.222715 -0.023926 -0.257662 -0.127376 -0.130290 -0.026230  0.007342  0.039167 -0.267415 -0.070998  0.129441 -0.101820
-0.328667 -0.000000 -0.000000 -0.000000 -0.095914 -0.022305 -0.316711 -0.231476 -0.243752 -0.313165  0.094960 -0.178591 -0.383448  0.074289  0.045252 -0.047129 -0.007865 -0.057440  0.049726 -0.078839 -0.151928 -0.071906 -0.058736  0.203700 -0.103791  0.205038  0.139570 -0.043499 -0.034618  0.033126 -0.197118 -0.071831  0.000293 -0.239692  0.043233 -0.173741 -0.254720 -0.114093 -0.004987
-0.000000  0.328667  0.000000  0.000000 -0.359773 -0.114116 -0.118124  0.119454 -0.117528  0.000256 -0.150707  0.219087 -0.137747  0.170386 -0.054802  0.013418  0.181233  0.052732  0.176369  0.056631  0.222579 -0.053510 -0.160915  0.230121 -0.192479 -0.090628 -0.252662  0.155165  0.236188 -0.146559  0.123791 -0.014535 -0.143735  0.067613 -0.287724  0.032010 -0.085632  0.180450  0.097354
 0.068069 -0.000000  0.260598 -0.000000 -0.150678  0.000833  0.189458 -0.091694  0.282075 -0.065209 -0.150153  0.163378  0.054488  0.081156 -0.030399 -0.069748  0.032649  0.167432 -0.133648 -0.138825  0.119223 -0.279756 -0.180041  0.263806 -0.058344  0.339694 -0.024257 -0.369339 -0.008855  0.232821  0.004745 -0.072516  0.262315  0.156037  0.031492  0.060482 -0.082898 -0.129513 -0.120476
-0.000000  0.328667  0.000000 -0.000000 -0.308452 -0.004147  0.126456 -0.076163  0.063363 -0.119518 -0.044037 -0.294678  0.154202 -0.122864  0.031700 -0.307282 -0.027490 -0.076575 -0.029939 -0.062760  0.178277 -0.003132  0.183843 -0.350937 -0.079487 -0.068812  0.074746  0.105705  0.067777 -0.005349 -0.161670 -0.214297  0.221366  0.062176  0.054248 -0.158952 -0.168665  0.247829 -0.240850
 0.328667  0.000000  0.000000  0.000000 -0.299328 -0.235197  0.320559 -0.081334  0.048804 -0.212199 -0.001334  0.093070 -0.115308 -0.127590 -0.167773  0.263676 -0.105195 -0.203421 -0.021267  0.150264 -0.201613 -0.173787 -0.036595  0.170280  0.259504 -0.214215  0.236806  0.071148 -0.033143 -0.117090 -0.091048  0.118627 -0.008894 -0.154059 -0.076635 -0.113190 -0.006080 -0.028879 -0.150986
 0.328667 -0.000000 -0.000000  0.000000  0.207113  0.197254  0.015262  0.051132 -0.020697  0.240374  0.187067 -0.103809 -0.169578 -0.015399 -0.055208 -0.193913 -0.104813 -0.014378  0.144359  0.244551  0.108443 -0.422827 -0.175815 -0.060810 -0.115934 -0.068052 -0.174526  0.138050  0.044637  0.121377 -0.151185  0.241362  0.058614 -0.034246  0.099571 -0.121564 -0.333159 -0.088188  0.056712
-0.000000 -0.328667  0.000000  0.000000  0.044255  0.061833 -0.025245 -0.251688  0.031840  0.091205 -0.046286  0.326251 -0.021678 -0.050011 -0.218886 -0.224916 -0.277398  0.002040 -0.005920 -0.286585  0.218380  0.137996 -0.047930  0.019411 -0.027220  0.192543  0.098489  0.171108  0.157390 -0.311595 -0.163441  0.231761 -0.038358 -0.066226 -0.044169 -0.023632 -0.024837  0.250065 -0.153965
-0.000000 -0.000000 -0.328667 -0.000000 -0.195054  0.070075 -0.293010  0.255605  0.007105  0.048386  0.028077 -0.096007  0.189251  0.019645  0.240356 -0.052877 -0.152496 -0.136676 -0.281098 -0.045029  0.004630  0.035243 -0.281828  0.038594  0.273570  0.041571 -0.183431 -0.097936 -0.107339 -0.058767 -0.036171  0.216982  0.172084 -0.120755 -0.266498  0.100474 -0.091572 -0.066146 -0.249528
 0.000000 -0.000000  0.000000  0.328667 -0.132065  0.120627  0.016012 -0.205114  0.109978  0.226523  0.058622 -0.168018  0.107565  0.293909  0.047378  0.119575 -0.352099 -0.097910  0.047281 -0.134794 -0.334544 -0.185179  0.224712  0.078147 -0.098150 -0.005256 -0.126941  0.002444  0.261268  0.037010 -0.005115 -0.071536  0.137799 -0.109374 -0.189021  0.065914  0.144473  0.122200  0.209582
 0.000000  0.000000  0.328667  0.000000  0.024096 -0.291865 -0.196089  0.388046  0.037166  0.079382  0.173033 -0.023145  0.063108  0.007816 -0.019448  0.036033 -0.205869  0.319234  0.014219 -0.134039  0.059525  0.063039  0.240406  0.211092 -0.029024 -0.080718  0.089193  0.231942 -0.100195 -0.063151  0.035680  0.054819  0.311275 -0.012992 -0.057083 -0.308443 -0.017412 -0.132957 -0.010794
-0.068069  0.000000  0.000000 -0.260598 -0.186248 -0.029000 -0.019381  0.145770  0.217268  0.148153 -0.286163  0.125578 -0.011084  0.020933  0.140950 -0.070529  0.000988  0.185881 -0.146162 -0.104287 -0.241109 -0.063183 -0.119788 -0.232719  0.014706  0.004808  0.215753  0.110527 -0.035599  0.259648 -0.300201  0.109943 -0.228741 -0.096492 -0.085603 -0.173361 -0.023254  0.090243  0.378238
-0.000000  0.000000  0.000000  0.328667 -0.028797  0.207302 -0.054490 -0.074549  0.215788 -0.120453 -0.079888 -0.021688  0.286603 -0.147990 -0.025192  0.286801  0.320161  0.190562  0.255691 -0.175983 -0.038905 -0.020944 -0.172293 -0.168244 -0.161225  0.050237  0.061479  0.251591 -0.042442 -0.036819  0.102774  0.135893  0.019788 -0.313014 -0.031659 -0.010564 -0.131585 -0.180748 -0.111506
 0.000000 -0.000000 -0.328667  0.000000 -0.039048  0.103909  0.049267  0.044344  0.032769 -0.018576  0.128093 -0.103297 -0.129943 -0.011959  0.065722  0.058948 -0.010145  0.168702 -0.202935 -0.228480  0.015333  0.029886 -0.292529  0.190147 -0.069629 -0.274335  0.333107  0.113564  0.324873  0.012812  0.212485 -0.000390  0.191482  0.168174  0.363885  0.070433 -0.011355  0.072433  0.120906
-0.068069 -0.000000 -0.000000  0.260598  0.076326  0.152066  0.171615  0.227784  0.033406  0.000978 -0.162442 -0.037592 -0.236283  0.103643 -0.324035  0.056965 -0.180836 -0.085223 -0.243235  0.077566 -0.054752  0.191044 -0.071304  0.014059 -0.089530  0.114803  0.056245  0.295283 -0.349390  0.180994  0.124036 -0.198914  0.007117  0.053040 -0.134255  0.164263 -0.271495  0.141193 -0.025758
 0.328667 -0.000000 -0.000000 -0.000000  0.039903 -0.050637 -0.221029 -0.158574 -0.049639  0.139093  0.068626 -0.064507 -0.236989 -0.037303 -0.153770  0.050370  0.270151 -0.067345  0.084879 -0.199174  0.067114  0.116528 -0.017339 -0.220460  0.148135  0.022197  0.248730 -0.119877 -0.034897  0.001520 -0.064548 -0.069036  0.338818  0.180415 -0.412658  0.127907 -0.034859 -0.061073  0.245477
-0.328667 -0.000000 -0.000000  0.000000 -0.102814 -0.205496  0.454029 -0.088696  0.029874  0.309434  0.356947 -0.053506 -0.041800  0.087543  0.037160 -0.126212  0.170625  0.234155 -0.040629  0.157682 -0.088452  0.187209 -0.026903 -0.054725  0.025454  0.035029  0.040765 -0.054280  0.081195 -0.154948 -0.025054  0.126030  0.014219 -0.108996 -0.166681  0.181886 -0.259156 -0.142137 -0.024048
-0.000000 -0.000000  0.000000  0.328667  0.011845 -0.086468  0.039076 -0.186941  0.136957 -0.219325  0.085025 -0.065625 -0.097849 -0.096166 -0.077866 -0.251884 -0.053940  0.139978 -0.136756 -0.211344 -0.039648  0.054226 -0.097664 -0.075612  0.108076 -0.265299 -0.297010 -0.212293 -0.188127 -0.033554  0.239310  0.154268 -0.213965  0.148682 -0.102421 -0.344302 -0.050404  0.008961  0.207474
-0.000000 -0.328667 -0.000000 -0.000000 -0.317441  0.143767 -0.212694  0.123314  0.082551 -0.123819 -0.088028  0.074328 -0.092661  0.205029 -0.212695 -0.010593 -0.127787  0.230994  0.171333  0.390444 -0.172229  0.123061 -0.016873 -0.330550 -0.025255 -0.078700  0.005751 -0.240892  0.119643 -0.139662  0.095504 -0.032446  0.154394  0.105704  0.133695 -0.042666 -0.049312 -0.048519 -0.066922
-0.000000 -0.328667  0.000000  0.000000 -0.085232 -0.114179  0.164014  0.122144  0.032383 -0.289038 -0.034900 -0.017546 -0.090747 -0.054033  0.237991  0.081855  0.095730 -0.014908  0.043186 -0.120344  0.052156 -0.086182  0.097728 -0.035486  0.040846  0.012927 -0.366821  0.157292 -0.149473 -0.228084 -0.224458 -0.010893  0.254078  0.017496  0.177964  0.288246 -0.128980  0.134143  0.349721
-0.000000 -0.000000  0.000000  0.328667 -0.221242 -0.133546 -0.001112  0.147396 -0.271684  0.265467  0.067171 -0.018925 -0.013253 -0.339824  0.025859  0.207929  0.005427 -0.061879 -0.008991 -0.003329 -0.117212  0.019198 -0.114594 -0.045917 -0.354357  0.201801  0.037779 -0.216450 -0.137434 -0.049242 -0.198277  0.188218 -0.040645  0.283736  0.154423 -0.084650  0.113792  0.154835 -0.027201
-0.000000 -0.000000  0.000000 -0.328667 -0.099106  0.073120 -0.159030 -0.100610  0.402797  0.097921  0.111390 -0.182077 -0.280559 -0.311178 -0.108552  0.153617  0.108541  0.017882 -0.094436 -0.038794 -0.245552  0.061981  0.170634  0.076618 -0.024191  0.156978 -0.321636  0.196133  0.113973  0.029674  0.080125  0.070438 -0.079249  0.207394 -0.006767  0.020141  0.021667  0.022031 -0.219845
 0.000000  0.328667  0.000000 -0.000000  0.033596  0.081746 -0.006536 -0.100229  0.259552 -0.060581  0.147077  0.158610 -0.125413  0.331185  0.149492 -0.098915  0.080047 -0.171502 -0.050928  0.160105 -0.077644  0.016007 -0.102781 -0.081513 -0.095620  0.205815  0.096296  0.172793 -0.300193 -0.308261  0.057078  0.204104  0.204559  0.075721  0.137221 -0.125812  0.319580  0.000519  0.078165
 0.000000 -0.000000 -0.000000  0.328667  0.037022  0.010959  0.026260  0.353853  0.166222 -0.121156  0.227327  0.263093 -0.324861  0.098567  0.015947 -0.090127  0.185655 -0.137767 -0.062413 -0.164414  0.048796  0.052542  0.122040 -0.146959  0.015047 -0.086670 -0.062421 -0.047126  0.289296  0.231699 -0.279301 -0.024359 -0.066575 -0.126628  0.021426  0.024443  0.202021 -0.105154 -0.220272
 0.000000  0.000000 -0.328667 -0.000000 -0.186863  0.445302  0.154874  0.059427 -0.101699 -0.155903  0.270668  0.035823  0.039974 -0.027883 -0.022969  0.028267 -0.024550  0.335214  0.143080  0.032577  0.163554 -0.096046  0.260461  0.160766  0.158030  0.176607  0.095858  0.048724 -0.169390  0.056616 -0.157062 -0.018322 -0.123768  0.202070 -0.198419 -0.095363  0.138621 -0.015357  0.074118
-0.068069 -0.260598  0.000000 -0.000000  0.045885 -0.058900  0.095197 -0.109723 -0.080764  0.085063 -0.100123 -0.215448 -0.261660 -0.029223  0.107486  0.045632  0.093452  0.270825 -0.108323  0.156110  0.184178 -0.170835 -0.212464 -0.070731 -0.066096 -0.067872 -0.078371  0.073676 -0.082099  0.069120  0.045087 -0.128093  0.164572 -0.246537 -0.210366 -0.145930  0.468650  0.236988 -0.190987
 0.328667  0.000000 -0.000000 -0.000000  0.159314 -0.166457  0.061402  0.153369 -0.076426 -0.345550 -0.026810 -0.322233  0.017873  0.166092  0.054023  0.032203 -0.011404  0.154650 -0.238367  0.054598  0.006955 -0.004326  0.106669 -0.132319 -0.153628  0.397305  0.109249 -0.036284  0.291896 -0.096920  0.119335  0.251309 -0.208529 -0.016089 -0.135284  0.054581 -0.019598  0.065452  0.027322
 0.328667
