7 10
-0.067813 -0.707107  0.209836  0.000000  0.000000 -0.000000  0.000000 -0.296959 -0.113629  0.591839
-0.067813 -0.000000 -0.000000  0.000000  0.000000 -0.707107 -0.209836  0.523150 -0.380356  0.181698
 0.067813  0.000000  0.000000  0.000000 -0.000000 -0.707107  0.209836 -0.523150  0.380356 -0.181698
-0.029802  0.000000  0.000000  0.954954 -0.000000  0.000000 -0.000000  0.132714  0.240047  0.109263
-0.029802  0.000000 -0.954954  0.000000  0.000000 -0.000000 -0.000000 -0.130504 -0.049937  0.260095
 0.067813 -0.707107 -0.209836  0.000000  0.000000  0.000000  0.000000  0.296959  0.113629 -0.591839
 0.984756  0.000000 -0.000000  0.000000 -0.000000  0.000000 -0.000000  0.079768  0.007889  0.154372
-0.029802  0.000000 -0.000000  0.000000  0.000000 -0.000000  0.954954  0.229908 -0.167154  0.079850
 0.067813  0.000000 -0.000000  0.209836  0.707107  0.000000 -0.000000 -0.301988 -0.546222 -0.248626
 0.067813  0.000000 -0.000000  0.209836 -0.707107  0.000000 -0.000000 -0.301988 -0.546222 -0.248626
 0.984756
