2 48
 0.204124  0.000000 -0.009385 -0.270703  0.239645  0.054640 -0.084797 -0.029829  0.041179 -0.011983  0.059485 -0.260368 -0.219121 -0.063385 -0.003521  0.189553 -0.374053  0.154735  0.134154  0.022190  0.097519  0.011192 -0.073414 -0.064865  0.189345 -0.037291  0.150442  0.233190 -0.036072 -0.052294 -0.025706  0.174897 -0.041278  0.122949 -0.029854  0.149535  0.129839 -0.142229 -0.296440  0.128641 -0.100088 -0.142404  0.096747  0.095539  0.020296  0.134181 -0.219073 -0.086193
 0.000000  0.204124 -0.037072  0.057076  0.205442 -0.028820  0.172788  0.011946 -0.350046  0.026089  0.031003  0.164326  0.118844  0.029586 -0.268705 -0.104369  0.103653  0.116822 -0.061072  0.157332 -0.101193  0.000278 -0.120081 -0.000720 -0.077553  0.126526  0.143696  0.021848 -0.107278 -0.313264  0.032148 -0.167130 -0.026924 -0.089692 -0.183110  0.039966  0.218222 -0.132806  0.136170 -0.073894  0.020529 -0.232621  0.067995 -0.138148  0.017524  0.137941 -0.201943 -0.317155
 0.000000  0.204124 -0.179872  0.435179  0.003764  0.116203 -0.010262 -0.216895  0.196487  0.108453 -0.051147  0.154603 -0.041428 -0.132688 -0.050380  0.085099 -0.012940 -0.104807  0.104793 -0.007980 -0.197716  0.174145 -0.086919 -0.140943 -0.065280  0.026300 -0.163480  0.224385 -0.285928  0.029476  0.161705  0.080655  0.067289 -0.076734 -0.095790 -0.056548 -0.004873 -0.103477 -0.203172 -0.137122 -0.247376 -0.103161 -0.176043  0.081506  0.089209 -0.024326 -0.085991  0.185970
 0.000000  0.204124  0.012514  0.063238 -0.211804  0.087439 -0.123615  0.181750  0.095748 -0.260115  0.139327 -0.099562  0.248796 -0.036458 -0.120017  0.016651 -0.318971 -0.016241 -0.058333 -0.095580 -0.086139  0.013976  0.146669  0.077801 -0.039751  0.015951 -0.033898  0.022019  0.237948 -0.132517  0.267340 -0.298803 -0.103741  0.107355 -0.319065  0.244222 -0.057481 -0.074641 -0.064125 -0.134660  0.147926  0.093884  0.013525  0.100859  0.037107  0.014299 -0.047470  0.146381
-0.000000  0.204124  0.016764 -0.040224  0.005845 -0.178202 -0.027508 -0.167307 -0.161713 -0.276741 -0.125390 -0.039402 -0.043667 -0.354956 -0.139218 -0.187073  0.042833  0.072971 -0.083713 -0.077264  0.193446  0.150049  0.007233 -0.017999 -0.008316 -0.160039 -0.224309  0.314728 -0.220351 -0.047512  0.048521 -0.071716 -0.161102  0.180009  0.138931  0.065154 -0.124951  0.067915  0.131733  0.292755  0.130942 -0.051434 -0.049697  0.043927 -0.095710 -0.096220  0.176712 -0.027792
 0.204124  0.000000 -0.136486  0.024036 -0.104054 -0.143281 -0.146021  0.085453  0.142658 -0.237100 -0.138556  0.254471  0.042080 -0.036788 -0.034026  0.130638 -0.029994 -0.059178 -0.194625 -0.152028 -0.142441 -0.026424 -0.139316  0.202830 -0.149740  0.169145 -0.006094  0.008699 -0.033665  0.127087  0.046942  0.077807  0.074391 -0.226792  0.253153 -0.059349  0.078934 -0.168329 -0.169389  0.117618  0.195903 -0.071547  0.394479  0.008275 -0.218658  0.147942 -0.016958 -0.053158
 0.204124  0.000000  0.195150  0.079018  0.205974  0.064388  0.211921  0.008398 -0.261471  0.042751  0.103491  0.082115  0.224761 -0.046720  0.054302 -0.040899 -0.090964 -0.005273 -0.066520 -0.095334 -0.141297 -0.195761  0.033523  0.089224  0.057782  0.183043 -0.133449  0.248639  0.074942  0.139930 -0.029897  0.251921  0.022490  0.215968  0.055279 -0.015427 -0.234984  0.151056 -0.049378 -0.256717  0.014159  0.090656 -0.122635  0.007866 -0.360128  0.165949 -0.064322  0.023681
 0.204124  0.000000  0.038234 -0.165578 -0.142163  0.095269  0.192412 -0.205122  0.029549  0.187909 -0.003634  0.092635  0.070711  0.005302  0.128956  0.010831  0.035579 -0.118957 -0.243202 -0.259681  0.197427 -0.159919 -0.094214 -0.143386  0.113539 -0.170562 -0.036513 -0.085684 -0.051319 -0.337687  0.073616 -0.240195  0.152558  0.084719  0.130737 -0.098097  0.053799 -0.374984 -0.048670 -0.024155 -0.014084  0.104384 -0.132214  0.151758 -0.075729  0.151549  0.040979  0.049847
 0.204124 -0.000000  0.047077  0.096192  0.001441 -0.197433 -0.144590  0.086981 -0.084024  0.181087 -0.074431  0.205815 -0.118132  0.104224 -0.126620 -0.030775 -0.077086 -0.097582 -0.174357 -0.036240  0.117327  0.262027  0.432493 -0.371310 -0.053791  0.014108  0.193004  0.024487  0.079366 -0.025705 -0.050305  0.014474 -0.083245 -0.059455  0.203037  0.178705  0.001242  0.126236 -0.187823 -0.140938  0.155076 -0.035995 -0.148735 -0.071859  0.099216  0.148960  0.071082 -0.016650
-0.000000  0.204124  0.099340  0.164650 -0.124177 -0.077517  0.244989  0.135805 -0.146987  0.085911 -0.034248 -0.051646 -0.119641  0.028023 -0.028573 -0.012551 -0.034178 -0.078158  0.186178 -0.032985  0.161261 -0.002097 -0.390457 -0.170873  0.109629 -0.180461  0.271470  0.141914  0.179191  0.269777  0.221036 -0.143529 -0.000571 -0.143685  0.175629  0.013116 -0.225254 -0.044552 -0.019241 -0.092331  0.083187  0.104516  0.178277 -0.065989  0.010801 -0.155944 -0.130199 -0.021353
 0.204124  0.000000 -0.053478  0.044669  0.050106  0.089143  0.102284 -0.126165  0.021002 -0.331768  0.002907 -0.095977 -0.057845  0.012588 -0.133035  0.211993  0.223399  0.098551  0.112346 -0.283666 -0.318182 -0.045800  0.050821 -0.182975  0.130088  0.019116  0.091005 -0.296712 -0.003434  0.204797  0.050171 -0.241642 -0.030279  0.140006  0.121999  0.075410  0.071273  0.140684 -0.091759  0.036569 -0.087059  0.001063 -0.212594 -0.002573 -0.053722 -0.093716  0.008775 -0.286257
 0.000000 -0.204124 -0.114928  0.036881 -0.201880  0.081134  0.056501 -0.245066 -0.239754  0.063315 -0.329246  0.088997 -0.009685 -0.180361 -0.037224 -0.008468 -0.146174 -0.203712  0.338411  0.116425  0.114055 -0.162412  0.190447  0.097299  0.113474  0.113626 -0.109545 -0.104022 -0.076620 -0.021993  0.101482 -0.039390 -0.134708 -0.092277 -0.009040  0.277938  0.093719  0.043608 -0.043526 -0.055524 -0.122022  0.267706  0.203154 -0.006744 -0.044190  0.088663  0.017036 -0.144124
-0.000000  0.204124  0.035362  0.136863 -0.135827 -0.042508  0.093658 -0.058157  0.196339 -0.140770  0.171320  0.323241 -0.036243 -0.062530  0.212224 -0.052635 -0.211618 -0.012722  0.053292 -0.211020  0.305742 -0.114988 -0.163029  0.071995 -0.040409  0.095257  0.118030 -0.106600 -0.020905 -0.104269 -0.384936  0.096515 -0.202438 -0.031831 -0.175607  0.052975 -0.010023  0.142020 -0.119683  0.011789 -0.050777 -0.014772 -0.136987 -0.144297  0.001309 -0.127664  0.023442 -0.235640
-0.204124  0.000000  0.090318  0.132746 -0.016732 -0.077046 -0.145709  0.131286 -0.311750  0.144711 -0.019354 -0.138389 -0.197381 -0.278151  0.017264 -0.007055 -0.127915  0.020814  0.052074 -0.170711 -0.154430 -0.261034 -0.079881 -0.085865 -0.319164  0.154629 -0.057149 -0.077852  0.112197 -0.106273 -0.028404  0.046302  0.326356  0.130237  0.039333 -0.008953  0.087367 -0.125728 -0.232776  0.075551  0.107529  0.017151 -0.088367 -0.002338  0.130558 -0.156170  0.195289 -0.097680
 0.000000  0.204124 -0.051993  0.115439 -0.075826  0.267631 -0.024306 -0.211945 -0.024057 -0.133753 -0.053509 -0.080299  0.043827  0.234617 -0.070902 -0.215715 -0.108026 -0.178149 -0.146866  0.069369 -0.140220 -0.098624  0.163197  0.029335  0.176490 -0.036883  0.131505  0.050448  0.254023 -0.074206 -0.030861  0.308788  0.136312 -0.023145  0.175805  0.135372 -0.104188 -0.237257  0.108855  0.191020 -0.169741 -0.155776  0.026196 -0.179684  0.023520 -0.186238  0.161082 -0.081772
-0.000000 -0.204124 -0.080045  0.058772 -0.081901 -0.121944 -0.058786 -0.078784 -0.015491  0.133595  0.063809 -0.025231  0.103885 -0.239534 -0.031826  0.198968 -0.030036  0.162109 -0.223602 -0.027485 -0.106956 -0.066019 -0.219993 -0.023220  0.254427 -0.101779  0.285811 -0.068198 -0.111094  0.017226  0.228701  0.239407 -0.121049 -0.071407 -0.226777  0.133123 -0.054030  0.015943  0.109146 -0.085160  0.075600 -0.071707 -0.048715 -0.169687  0.007288  0.094817  0.442910  0.028820
 0.204124 -0.000000  0.037801  0.091407  0.116506  0.088142 -0.142094  0.082696  0.147079 -0.168884 -0.260725 -0.219309 -0.092289 -0.037013 -0.117920 -0.099229  0.200550 -0.231470 -0.222236 -0.071901  0.229692 -0.161446 -0.182594 -0.233606  0.022921  0.192059 -0.070986  0.004427 -0.025032  0.031545 -0.066835  0.199991  0.064273  0.068642 -0.233084  0.057680  0.040291  0.044896  0.221433 -0.250639  0.056688  0.108477  0.122327  0.153369  0.213176  0.011010 -0.064569 -0.107105
 0.204124 -0.000000 -0.141705 -0.085891 -0.264601  0.114600 -0.045978  0.096240  0.008284  0.231042  0.293066 -0.055821  0.118612 -0.154935 -0.229494  0.037657 -0.097119 -0.112905  0.175208 -0.010847  0.157390 -0.058382  0.053552 -0.130117  0.013846  0.249621 -0.070823 -0.111404 -0.017348 -0.019299  0.091368  0.028340 -0.049475  0.055486  0.150524 -0.242406 -0.063363  0.153109  0.192721  0.001463 -0.019435 -0.442500  0.104775  0.145506 -0.052510 -0.159620  0.025052 -0.047654
 0.204124 -0.000000 -0.010369 -0.107323 -0.034998  0.257176  0.135043  0.320410 -0.078172  0.009363 -0.113012  0.049970 -0.282429 -0.129037 -0.079886 -0.244094 -0.093944  0.272481 -0.038112 -0.142926 -0.028929  0.243049  0.085548  0.091029  0.115104 -0.068930 -0.164368 -0.235702 -0.170118  0.039716 -0.112845 -0.019631  0.185596 -0.162005 -0.170562  0.021293 -0.256949 -0.120451 -0.034726 -0.138100 -0.115690 -0.038396  0.095348 -0.138429 -0.054758 -0.053385  0.086284  0.049699
-0.000000  0.204124 -0.244231 -0.146729  0.290023 -0.034097  0.068262  0.013683  0.021108  0.226514 -0.293625  0.005314  0.007592  0.104034  0.122270  0.241979 -0.177897 -0.171731 -0.011531 -0.356929  0.007546 -0.083583  0.208502  0.047756 -0.087741  0.008376  0.066408  0.090969 -0.035235  0.044625  0.145155 -0.099460  0.090981 -0.013843 -0.252491 -0.144136 -0.111031  0.171221  0.213921  0.191547  0.035260 -0.005792  0.042602 -0.202178  0.005168 -0.080007  0.005164 -0.031894
 0.204124  0.000000 -0.009995  0.136181  0.242136  0.061834  0.034452 -0.080586  0.016509  0.118669  0.016434 -0.025017 -0.122343 -0.298360  0.111582 -0.229389  0.168490 -0.103288  0.135136 -0.075960 -0.036081  0.077747 -0.013723  0.054134 -0.023476  0.113558  0.037789 -0.133323  0.448890  0.105645 -0.020136 -0.060058 -0.330042 -0.081652 -0.135416 -0.063768  0.058560 -0.197215  0.049798  0.258705  0.058436 -0.092607 -0.042884  0.012113 -0.001147  0.223894  0.040333  0.216575
-0.000000 -0.204124  0.153761  0.013418  0.034713  0.094538 -0.358610 -0.202011  0.008728  0.228295  0.063619  0.112693 -0.215211  0.008209 -0.007524  0.004566 -0.073957  0.104811 -0.206563 -0.158297 -0.166767  0.082310 -0.160079 -0.041616 -0.068680  0.100065  0.003814  0.076393  0.079582 -0.129246 -0.006245 -0.163672 -0.150339 -0.058533  0.047576  0.205252 -0.063463  0.054652  0.260606 -0.005316 -0.142996  0.114734  0.087585  0.007177 -0.255920 -0.329332 -0.249638  0.000568
-0.000000  0.204124 -0.064347 -0.151820  0.133270  0.037049 -0.157120  0.132511 -0.101165 -0.110992 -0.026435  0.152064 -0.006544 -0.217946  0.101250  0.032955  0.139200 -0.117557  0.130367 -0.018189  0.119722 -0.037661  0.014858  0.196696 -0.036683 -0.183098  0.259201 -0.141571  0.014833 -0.043751  0.109460  0.150942  0.240425 -0.142866  0.116777  0.292563  0.173270  0.105809  0.151122 -0.163614 -0.060419 -0.116861 -0.243790  0.238057 -0.185642 -0.096590 -0.097098  0.213126
 0.000000  0.204124 -0.006969 -0.113640 -0.045106  0.054417  0.080796 -0.096648 -0.251812 -0.058417  0.280836 -0.088275  0.014019  0.093713 -0.036485  0.065279  0.013959 -0.133963  0.086562 -0.111186 -0.175380  0.147731 -0.002923 -0.240468  0.001187  0.148007  0.097726 -0.151699 -0.278004 -0.095336 -0.162345  0.247264 -0.054161 -0.185827 -0.085715  0.016243 -0.018079 -0.004223  0.047736  0.210722  0.218398  0.361437  0.133610  0.128873 -0.015541 -0.014433 -0.025553  0.271473
-0.204124  0.000000  0.085663 -0.410135 -0.074833  0.131315  0.150217 -0.085383  0.029670 -0.112370 -0.083721  0.050380 -0.041614 -0.038131 -0.094677 -0.102058  0.112953  0.056132 -0.083256 -0.207820 -0.020604 -0.100280 -0.117977 -0.045158 -0.084585  0.244907 -0.047668  0.064968  0.094315 -0.112111  0.245225  0.101191 -0.148512 -0.138444  0.160538  0.048051 -0.020748  0.235941 -0.193243 -0.067995 -0.119887 -0.111675 -0.037839 -0.258741  0.284997  0.089118 -0.094364  0.256649
-0.204124 -0.000000  0.206683 -0.009404  0.195155 -0.100957 -0.039865  0.066341  0.121390 -0.067075 -0.075025 -0.106194  0.067508 -0.330455 -0.162820  0.160195 -0.172397 -0.306562 -0.094901  0.133251 -0.103341 -0.077309  0.045109  0.009622  0.365975  0.081464 -0.016964 -0.107210 -0.072159 -0.089652 -0.246055 -0.194365 -0.005989 -0.267176  0.154223 -0.148395 -0.169622 -0.073864 -0.005940 -0.040634  0.061136 -0.027095 -0.160922 -0.130601 -0.003943 -0.027830 -0.152382  0.038049
-0.000000 -0.204124  0.017274  0.056454  0.022868  0.031771  0.240610 -0.113500  0.005864 -0.092705  0.100855  0.071743 -0.154634 -0.100698 -0.080264 -0.218299 -0.129687 -0.149380 -0.225796  0.055721 -0.093173 -0.154914  0.117008 -0.120784  0.039761 -0.348129 -0.000001  0.014379  0.064532  0.019271  0.081524  0.026762  0.084205 -0.102292 -0.231392 -0.185656  0.316687  0.309584 -0.184316  0.047324  0.147347 -0.101421  0.158704  0.070565 -0.138666 -0.210254 -0.110890  0.074693
 0.204124  0.000000  0.092015  0.042695  0.130007  0.025352  0.121417  0.000933  0.072950  0.076590  0.034064 -0.002457  0.042188 -0.032572  0.035522  0.218281  0.207317  0.095433  0.180985 -0.113750 -0.115808 -0.164708  0.186103  0.149937 -0.034180 -0.231837 -0.146345  0.156982  0.003896 -0.224212 -0.132780  0.086934 -0.235110 -0.102803  0.129210  0.103765  0.020163 -0.129501 -0.002826 -0.254000  0.253505 -0.063191  0.209805 -0.020685  0.266898 -0.337335  0.077653  0.031495
-0.000000  0.204124  0.191992 -0.082252 -0.118168 -0.199295  0.083595 -0.313161  0.158683  0.143547 -0.200389 -0.162586  0.059969 -0.059112 -0.228047  0.049148  0.043656  0.292229  0.001035  0.017681  0.018073  0.063852  0.115588  0.084850 -0.133314 -0.002452  0.043285 -0.111007  0.240035 -0.066164  0.024658  0.197168  0.087040 -0.278481 -0.141491 -0.138368 -0.179446  0.055351 -0.078556 -0.032170 -0.014648  0.069641 -0.053428  0.320620 -0.112203  0.003210 -0.053732 -0.207555
 0.204124 -0.000000  0.147416  0.103842 -0.087060  0.012798 -0.097318  0.202367 -0.144624 -0.167595 -0.208933 -0.174227 -0.078702  0.139646  0.256388  0.035906 -0.134756 -0.122730  0.078375  0.067179 -0.211942 -0.007407 -0.150655 -0.060338 -0.147764 -0.211542 -0.034547 -0.048880 -0.030678 -0.389476  0.088442  0.042081 -0.253861 -0.160375  0.052730 -0.224601 -0.086229  0.224857  0.051824  0.013926 -0.193332 -0.087459 -0.065663  0.066423 -0.064371  0.170794  0.100288 -0.054323
-0.000000  0.204124  0.050707 -0.010121  0.024810 -0.034050 -0.158770 -0.286541 -0.191641 -0.111422 -0.006190 -0.061614 -0.125691  0.133519 -0.042889  0.194636 -0.115706  0.114673 -0.070451  0.135006  0.182322 -0.278039  0.033743 -0.137516 -0.228965 -0.135769 -0.170597 -0.269658 -0.037596  0.271160 -0.080695 -0.056429 -0.139841 -0.006331 -0.051220 -0.049671 -0.009043 -0.155908  0.043215 -0.216168 -0.012543 -0.195261  0.048965 -0.208221 -0.141334  0.065503 -0.012365  0.276553
-0.000000 -0.204124  0.161804  0.130531 -0.010583 -0.403843  0.158521 -0.039401 -0.216807 -0.192856  0.187264 -0.125517  0.065807 -0.020237  0.169888  0.043217 -0.052608 -0.062457 -0.117350 -0.286307  0.101744  0.134692  0.200890  0.078883  0.001137  0.086895 -0.001162  0.007221 -0.031642  0.101106  0.075021  0.022226  0.062869 -0.139382 -0.035734  0.014917  0.047637 -0.156845  0.139340 -0.032888 -0.422432 -0.135938  0.120413  0.104900  0.211649 -0.049762 -0.097470  0.029240
 0.204124  0.000000 -0.216682  0.031511 -0.221517 -0.118978 -0.120425  0.130147 -0.218784  0.025209 -0.134515 -0.126026  0.161754 -0.052991 -0.010136  0.139071  0.359315  0.036809 -0.119645  0.088892  0.111272 -0.059972  0.022885  0.008297  0.112033  0.055378  0.082705  0.120410  0.105939 -0.131559 -0.181884 -0.030571 -0.017393  0.039471 -0.194664 -0.070281 -0.035260  0.033903 -0.326977  0.135215 -0.207382  0.046603 -0.021171 -0.196750 -0.145473 -0.251349 -0.169785  0.215146
 0.204124 -0.000000  0.375485 -0.057056 -0.086852 -0.084570 -0.242864 -0.007019  0.123442  0.052833 -0.071090  0.017321  0.200667 -0.013843 -0.265672 -0.278005 -0.052844 -0.009816  0.286435 -0.178212 -0.076007 -0.074606  0.034941  0.076754 -0.056902 -0.132005  0.243593  0.056929 -0.205576  0.097351  0.002102  0.033255  0.035697  0.110421 -0.037353 -0.223522  0.245737 -0.077049  0.071001  0.006251 -0.111584  0.146861 -0.022109 -0.271776  0.021896  0.005192 -0.021776  0.108782
-0.204124  0.000000 -0.145744 -0.085622 -0.218345  0.016682  0.103134  0.286342  0.119092  0.133226  0.112096 -0.180918 -0.043804 -0.076406 -0.131275 -0.009219  0.111456 -0.099414 -0.056998 -0.166261 -0.097431 -0.193590  0.115239 -0.139756 -0.192543 -0.227653 -0.105589  0.208421 -0.032628  0.160179 -0.153840  0.106030 -0.208823 -0.196495 -0.018633  0.191464  0.090090 -0.162557  0.113638  0.040410 -0.144213  0.028556 -0.140722 -0.041451 -0.221716  0.204379 -0.105578 -0.187774
-0.000000 -0.204124 -0.206801  0.216399  0.032591  0.140159 -0.188434  0.031060 -0.220545 -0.048164  0.052900  0.079688 -0.004228  0.123128 -0.216446 -0.003186 -0.082968  0.158065 -0.042800 -0.182278  0.192412 -0.131598 -0.002377  0.215368  0.083765 -0.162504 -0.068147 -0.079428 -0.015123  0.016766  0.133125  0.173014 -0.108105 -0.130554  0.076067 -0.200321 -0.118141 -0.041001  0.016673  0.152853  0.177714  0.123170 -0.303125  0.065379  0.247415  0.046692 -0.326273 -0.050298
-0.000000 -0.204124  0.235324 -0.177594 -0.052704  0.375874  0.002360 -0.046497 -0.201981 -0.138729 -0.042168  0.090649  0.036811  0.036303 -0.105120  0.301604  0.021298 -0.224840  0.007268  0.018088  0.144368  0.281838 -0.066290  0.063908 -0.180620  0.039441  0.052856  0.254650  0.083914  0.166967 -0.056871 -0.041713 -0.013787 -0.161241 -0.194979 -0.130771  0.081478 -0.146961 -0.054915 -0.026281  0.067044 -0.062642 -0.198897  0.028086 -0.034149 -0.128387  0.229104 -0.128280
-0.000000  0.204124  0.224923 -0.032347  0.159613 -0.036669 -0.047503  0.167529 -0.062676  0.281466 -0.048947  0.037181  0.257694  0.152535 -0.090523  0.016854 -0.019004 -0.133987 -0.153272 -0.035845  0.036260  0.101865 -0.197049  0.063641  0.144179 -0.103821 -0.378090 -0.274179 -0.014643  0.160821  0.110062  0.097752 -0.173061 -0.004072 -0.002433  0.200461  0.214691  0.064038 -0.224244  0.196020 -0.129368 -0.022039  0.019613  0.075886  0.037413 -0.151079  0.079108 -0.080407
 0.000000  0.204124  0.247389 -0.090527 -0.245089  0.102903 -0.270929 -0.004902 -0.101171  0.015342  0.024616  0.199074 -0.000728 -0.120396  0.423634  0.021840  0.153304  0.142485  0.012792  0.048213 -0.118985 -0.113048  0.172925 -0.187871  0.305697  0.010044 -0.133221  0.126255 -0.001216  0.171677  0.100620  0.002369  0.095313 -0.134475 -0.146509 -0.067940  0.035955  0.005169  0.070470  0.100100  0.131748 -0.095971  0.026156 -0.007631  0.148271  0.098863 -0.171042 -0.191197
-0.204124  0.000000  0.174824  0.234060 -0.011878  0.123897  0.118378  0.194473 -0.000304 -0.026987 -0.251286  0.202993 -0.021461  0.122178 -0.192552  0.171802 -0.044619  0.298902  0.043755 -0.126213  0.067843 -0.197573  0.057826 -0.124730  0.195032  0.103831  0.091866  0.120218  0.044368 -0.037324 -0.187363 -0.068209 -0.032861  0.011139  0.014807 -0.004203  0.151992  0.050103  0.131559  0.191198 -0.116988 -0.095270  0.100890  0.305150 -0.054099  0.089607  0.164750  0.294927
-0.000000  0.204124  0.017418  0.189153  0.145414  0.326170 -0.103331 -0.019776  0.004951  0.084816  0.216325 -0.303564  0.022861 -0.099683  0.094766 -0.049612  0.060714  0.131770 -0.221228  0.008611  0.209358 -0.070162  0.151717  0.175934 -0.051571  0.087551  0.164066  0.089652 -0.160166  0.051265  0.069262 -0.209778 -0.027204 -0.251640  0.195509 -0.105647  0.153109  0.191009 -0.136205 -0.044802 -0.125329  0.199259  0.137728 -0.020149 -0.010020  0.077706  0.200139 -0.074262
 0.000000  0.204124 -0.313233 -0.182025 -0.067316 -0.192576 -0.120217 -0.055331 -0.158927  0.001402  0.037837  0.031059 -0.153470  0.065337 -0.080765 -0.059521 -0.130864  0.009304  0.000084 -0.105358 -0.154035  0.083186 -0.122418  0.103098  0.287140  0.010260 -0.151569  0.167667  0.256804  0.051030 -0.188119 -0.054202 -0.052280 -0.057007  0.050225 -0.249362  0.309358  0.051991  0.092975 -0.329564 -0.088924  0.162837 -0.058646  0.086752  0.082192  0.003210  0.197009 -0.000967
 0.204124 -0.000000  0.065392 -0.062691  0.186244 -0.178807 -0.054184  0.091545  0.111793 -0.112301  0.335372  0.244366 -0.222177  0.076498 -0.219802  0.102083  0.099247 -0.042851  0.129665  0.194333  0.094412 -0.254105  0.024536 -0.071165  0.005144  0.034733 -0.198041  0.106778  0.100863 -0.113243  0.217718 -0.040467  0.172020 -0.199174 -0.104528  0.040202 -0.140426 -0.002649  0.021412  0.179833 -0.211820  0.227380 -0.041722 -0.082323 -0.009810  0.019460  0.226834 -0.016016
-0.204124 -0.000000 -0.059343  0.003601  0.175402  0.029221  0.017854  0.170641  0.080669 -0.155536 -0.062762  0.075473  0.088430 -0.111327  0.121192  0.023629 -0.028583  0.164631  0.047817  0.009574  0.146885  0.138919  0.148274 -0.305387  0.039540  0.090289 -0.029588 -0.104288  0.095571 -0.122317  0.296563  0.256229 -0.191913  0.059524  0.076361 -0.276403  0.175282 -0.257612  0.020713 -0.128085 -0.047092  0.209517  0.034300 -0.135425 -0.262766 -0.227053 -0.009890 -0.097520
-0.204124  0.000000  0.136428  0.165801 -0.061703 -0.080480 -0.097775 -0.053044  0.029653  0.022779  0.075024 -0.208295 -0.282515  0.271826 -0.045207 -0.010607  0.221985 -0.140684  0.190301 -0.266674  0.140041  0.097906  0.040662  0.190102  0.268187  0.101145 -0.110934  0.018663 -0.053742 -0.194665  0.141403  0.042677  0.060583  0.007418 -0.108549  0.023547  0.062979  0.009832 -0.111532 -0.095305  0.225953 -0.206348  0.004306 -0.146288 -0.334459  0.115332  0.024501 -0.006092
 0.204124  0.000000  0.051071  0.180515 -0.144390  0.048743  0.196370 -0.024715  0.075578  0.005974 -0.009474 -0.160761  0.057243 -0.101531  0.014005  0.237689 -0.144278  0.149367  0.002502  0.055944  0.093713  0.208267 -0.095514 -0.019966 -0.038697  0.009406 -0.251511  0.001413  0.174898 -0.079115 -0.046147  0.071864  0.283722 -0.081374  0.127647  0.127346  0.330378  0.163421  0.277993  0.117554  0.114507  0.088428 -0.122002 -0.357739  0.006270  0.089845 -0.123932  0.089472
-0.000000 -0.204124 -0.167697 -0.022950  0.201767 -0.029610 -0.151636 -0.093240  0.003108 -0.071421 -0.035649 -0.113106  0.423444  0.130784  0.106156 -0.275437 -0.077754  0.148344  0.239070 -0.151990  0.074378 -0.047016 -0.128049 -0.315122  0.011473 -0.001866 -0.123403  0.094176  0.027964  0.002713 -0.113726 -0.136228  0.156950 -0.396580 -0.026275  0.133917 -0.043653  0.022680 -0.092038 -0.025380  0.088610 -0.136013 -0.043043  0.010508 -0.101365 -0.044205  0.112484  0.012889
 0.204124  0.000000  0.017288 -0.049778 -0.099357 -0.146385  0.190606  0.078920  0.065471  0.036952 -0.135477 -0.131681 -0.155818  0.188452  0.131281 -0.164622 -0.125979  0.090494 -0.077316  0.197151 -0.049106 -0.186714  0.034278  0.104349  0.017190  0.360613  0.038113  0.072672 -0.227630  0.124353  0.163706 -0.059147 -0.151223 -0.157830 -0.000774  0.068625  0.164336 -0.149638  0.044225  0.043915  0.178637 -0.024916 -0.380105  0.091594 -0.052873 -0.285989  0.025461  0.083217
 0.204124
