14 27
-0.707107  0.000000 -0.000000  0.000000  0.000000  0.000000  0.000000 -0.000000  0.000000  0.000000 -0.000000 -0.000000  0.000000 -0.112391  0.118829  0.001761 -0.406186 -0.086229  0.428841  0.011240  0.206102  0.146242 -0.101899 -0.092014 -0.148764 -0.105114  0.029950
 0.000000  0.000000 -0.000000  0.000000 -0.000000 -0.000000  0.000000 -0.707107 -0.000000 -0.000000 -0.000000 -0.000000  0.000000  0.112391 -0.169895  0.226968  0.211645  0.014867  0.195097  0.025845 -0.141837  0.193838 -0.076057  0.068237 -0.276856  0.168067  0.387579
 0.000000  0.000000 -0.000000  0.707107  0.000000  0.000000  0.000000 -0.000000  0.000000  0.000000 -0.000000 -0.000000 -0.000000 -0.112391  0.258555  0.213946 -0.229669  0.076684 -0.285248  0.250226 -0.214410 -0.091254  0.088572 -0.137439 -0.152134 -0.129498  0.226250
-0.000000  0.000000 -0.000000  0.000000  0.000000 -0.000000 -0.707107  0.000000 -0.000000 -0.000000  0.000000 -0.000000  0.000000 -0.112391 -0.188990 -0.109929 -0.029815  0.049082 -0.065908  0.217223  0.189827 -0.163948 -0.366875 -0.185175  0.243616  0.129954  0.276951
-0.000000 -0.000000  0.000000  0.000000 -0.000000  0.000000 -0.000000  0.000000  0.000000  0.000000 -0.000000 -0.000000 -0.000000  0.819498  0.002957  0.170934 -0.174486  0.065573 -0.045805  0.122695  0.366611 -0.048367  0.237264 -0.197238  0.097104  0.050108  0.058472
 0.000000  0.000000 -0.000000 -0.000000  0.000000  0.000000  0.707107  0.000000  0.000000 -0.000000 -0.000000 -0.000000  0.000000 -0.112391 -0.188990 -0.109929 -0.029815  0.049082 -0.065908  0.217223  0.189827 -0.163948 -0.366875 -0.185175  0.243616  0.129954  0.276951
 0.707107  0.000000  0.000000  0.000000  0.000000  0.000000 -0.000000 -0.000000  0.000000 -0.000000  0.000000 -0.000000 -0.000000 -0.112391  0.118829  0.001761 -0.406186 -0.086229  0.428841  0.011240  0.206102  0.146242 -0.101899 -0.092014 -0.148764 -0.105114  0.029950
-0.000000 -0.000000 -0.000000  0.000000 -0.000000 -0.000000  0.000000 -0.000000 -0.000000  0.707107 -0.000000  0.000000 -0.000000 -0.112391  0.005318 -0.051152  0.184385  0.317629 -0.027420 -0.297610  0.175371 -0.009779  0.087364 -0.416884 -0.189851 -0.097468  0.051914
-0.000000  0.707107  0.000000  0.000000 -0.000000  0.000000  0.000000  0.000000 -0.000000  0.000000 -0.000000  0.000000  0.000000  0.112391  0.140855 -0.221544  0.295335 -0.367223  0.050267  0.137461  0.050606 -0.140210 -0.042773 -0.078320 -0.145113 -0.333355  0.112167
-0.000000  0.000000 -0.000000  0.000000  0.000000 -0.000000  0.000000  0.000000  0.000000 -0.000000  0.707107  0.000000  0.000000  0.112391 -0.176723 -0.021481 -0.173979 -0.108978 -0.108230 -0.331321 -0.210389  0.186344 -0.081016 -0.059049  0.230813 -0.325816  0.208748
 0.000000 -0.000000 -0.000000 -0.000000  0.000000  0.000000  0.000000 -0.000000 -0.707107 -0.000000  0.000000  0.000000 -0.000000 -0.112391  0.018699  0.452151  0.168233  0.024306 -0.071799  0.016781  0.311155  0.075970 -0.134012  0.172223  0.108066 -0.287550 -0.060630
-0.000000 -0.000000  0.000000 -0.000000 -0.000000 -0.000000 -0.000000 -0.000000  0.000000 -0.000000  0.000000 -0.000000 -0.707107  0.112391 -0.013417 -0.216896 -0.091732  0.375299  0.014234 -0.024994  0.048717 -0.190229 -0.094157  0.398293 -0.152467 -0.211797  0.126038
 0.000000 -0.000000  0.000000 -0.000000  0.000000  0.000000 -0.000000 -0.000000 -0.000000  0.707107 -0.000000  0.000000 -0.000000  0.112391 -0.005318  0.051152 -0.184385 -0.317629  0.027420  0.297610 -0.175371  0.009779 -0.087364  0.416884  0.189851  0.097468 -0.051914
-0.000000 -0.000000 -0.000000  0.000000 -0.000000  0.000000  0.000000 -0.000000 -0.000000  0.000000  0.707107  0.000000  0.000000 -0.112391  0.176723  0.021481  0.173979  0.108978  0.108230  0.331321  0.210389 -0.186344  0.081016  0.059049 -0.230813  0.325816 -0.208748
-0.000000  0.000000  0.000000 -0.000000  0.707107 -0.000000 -0.000000  0.000000  0.000000 -0.000000  0.000000 -0.000000 -0.000000  0.112391  0.177527  0.232743  0.034953  0.032131  0.251817 -0.199123 -0.230212 -0.412615 -0.221747 -0.087157  0.103342  0.028787 -0.069588
 0.000000 -0.000000 -0.707107 -0.000000  0.000000  0.000000  0.000000 -0.000000  0.000000 -0.000000 -0.000000 -0.000000  0.000000  0.112391  0.278256 -0.114994  0.159054  0.277695  0.119331  0.210795 -0.163816  0.346030 -0.155318 -0.087301  0.213046 -0.076964 -0.077467
 0.000000  0.000000  0.000000  0.000000 -0.000000 -0.707107 -0.000000  0.000000 -0.000000  0.000000 -0.000000  0.000000  0.000000 -0.112391 -0.293369  0.050493  0.043067  0.116151  0.293849  0.230691 -0.114421 -0.134058  0.357338 -0.059347  0.187446 -0.214882  0.015974
-0.000000 -0.000000 -0.000000  0.000000 -0.000000 -0.000000 -0.000000  0.000000 -0.707107  0.000000  0.000000 -0.000000 -0.000000  0.112391 -0.018699 -0.452151 -0.168233 -0.024306  0.071799 -0.016781 -0.311155 -0.075970  0.134012 -0.172223 -0.108066  0.287550  0.060630
-0.000000 -0.707107 -0.000000 -0.000000  0.000000 -0.000000  0.000000  0.000000  0.000000 -0.000000 -0.000000  0.000000  0.000000  0.112391  0.140855 -0.221544  0.295335 -0.367223  0.050267  0.137461  0.050606 -0.140210 -0.042773 -0.078320 -0.145113 -0.333355  0.112167
 0.000000  0.000000 -0.707107 -0.000000  0.000000  0.000000  0.000000  0.000000  0.000000 -0.000000 -0.000000  0.000000  0.000000 -0.112391 -0.278256  0.114994 -0.159054 -0.277695 -0.119330 -0.210795  0.163816 -0.346030  0.155318  0.087301 -0.213046  0.076964  0.077467
 0.000000  0.000000  0.000000  0.000000  0.000000 -0.000000  0.000000 -0.000000  0.000000  0.000000 -0.000000 -0.000000  0.707107  0.112391 -0.013417 -0.216896 -0.091732  0.375299  0.014234 -0.024994  0.048717 -0.190229 -0.094157  0.398293 -0.152467 -0.211797  0.126038
 0.000000  0.000000 -0.000000  0.000000 -0.000000  0.000000  0.000000  0.707107  0.000000  0.000000 -0.000000 -0.000000 -0.000000  0.112391 -0.169895  0.226968  0.211645  0.014867  0.195097  0.025845 -0.141837  0.193838 -0.076057  0.068237 -0.276856  0.168067  0.387579
 0.000000 -0.000000  0.000000  0.000000  0.000000 -0.000000 -0.000000  0.000000 -0.000000 -0.000000 -0.000000  0.707107 -0.000000  0.112391 -0.328339  0.049291 -0.069130  0.034771 -0.083210  0.162572 -0.136019  0.016349 -0.263451 -0.154259 -0.278401 -0.136162 -0.360240
-0.000000  0.000000 -0.000000  0.000000 -0.000000 -0.000000  0.000000 -0.000000 -0.000000  0.000000 -0.000000  0.707107 -0.000000 -0.112391  0.328339 -0.049291  0.069130 -0.034771  0.083210 -0.162572  0.136019 -0.016349  0.263451  0.154259  0.278401  0.136162  0.360240
 0.000000 -0.000000  0.000000 -0.000000 -0.707107  0.000000 -0.000000 -0.000000  0.000000 -0.000000  0.000000 -0.000000 -0.000000  0.112391  0.177527  0.232743  0.034953  0.032131  0.251817 -0.199123 -0.230212 -0.412615 -0.221747 -0.087157  0.103342  0.028787 -0.069588
 0.000000  0.000000 -0.000000 -0.707107  0.000000  0.000000 -0.000000  0.000000 -0.000000 -0.000000  0.000000  0.000000  0.000000 -0.112391  0.258555  0.213946 -0.229669  0.076684 -0.285248  0.250226 -0.214410 -0.091254  0.088572 -0.137439 -0.152134 -0.129498  0.226250
-0.000000  0.000000 -0.000000 -0.000000 -0.000000 -0.707107  0.000000  0.000000  0.000000 -0.000000  0.000000 -0.000000 -0.000000  0.112391  0.293369 -0.050493 -0.043067 -0.116151 -0.293849 -0.230691  0.114421  0.134058 -0.357338  0.059347 -0.187446  0.214882 -0.015974
 0.819498
