6 11
-0.707107  0.158398  0.000000 -0.000000 -0.000000 -0.000000  0.064667 -0.217385 -0.514984 -0.395704  0.041006
 0.000000 -0.158398 -0.707107 -0.000000 -0.000000  0.000000  0.233017  0.108097 -0.133785  0.024651 -0.624838
-0.000000 -0.865505  0.000000  0.000000 -0.000000  0.000000  0.169431 -0.244184 -0.231324  0.147071  0.295681
-0.000000  0.158398 -0.707107  0.000000 -0.000000 -0.000000 -0.233017 -0.108097  0.133785 -0.024651  0.624838
-0.000000  0.158398  0.000000 -0.707107 -0.000000  0.000000 -0.158379  0.051601 -0.402005  0.534108  0.016855
-0.707107 -0.158398 -0.000000  0.000000 -0.000000 -0.000000 -0.064667  0.217385  0.514984  0.395704 -0.041006
 0.000000 -0.158398 -0.000000 -0.707107  0.000000 -0.000000  0.158379 -0.051601  0.402005 -0.534108 -0.016855
 0.000000 -0.158398 -0.000000  0.000000 -0.000000  0.707107 -0.182290  0.603600 -0.168063 -0.195198  0.104880
 0.000000  0.158398  0.000000  0.000000 -0.707107 -0.000000  0.607334  0.210358 -0.016848  0.092856  0.229998
-0.000000  0.158398  0.000000  0.000000  0.000000  0.707107  0.182290 -0.603600  0.168063  0.195198 -0.104880
 0.000000 -0.158398  0.000000 -0.000000 -0.707107  0.000000 -0.607334 -0.210358  0.016848 -0.092856 -0.229998
 0.865505
