3 23
-0.372625  0.000000  0.000000  0.105029 -0.233614  0.086929  0.238909 -0.003569  0.249418  0.383628  0.148091 -0.027737  0.146378 -0.102748  0.215618  0.301478  0.181233 -0.310508  0.240164 -0.268366 -0.077905 -0.193529 -0.164228
-0.000000 -0.372625 -0.000000  0.209222  0.044748  0.136890 -0.132881 -0.098843 -0.041847  0.387190  0.314238  0.014470  0.096721  0.014345 -0.192850 -0.172496  0.284178  0.023671 -0.131768  0.046734 -0.240382  0.157863  0.508440
 0.372625 -0.000000 -0.000000  0.201366 -0.256300 -0.138653 -0.077090  0.151586 -0.050511  0.210768  0.023296  0.039623  0.034959  0.551989  0.160475 -0.344801 -0.120025 -0.240257  0.127030 -0.009131  0.121514 -0.322496 -0.002566
 0.000000 -0.372625 -0.000000  0.518629  0.005579  0.012697  0.076360 -0.052641  0.033536 -0.271191 -0.071473 -0.115782 -0.038912  0.074112 -0.140483  0.119843  0.246347 -0.234312 -0.237242  0.013100  0.431797  0.147503 -0.262378
-0.000000  0.083746  0.288880 -0.123635 -0.241679 -0.027112  0.093378  0.382948  0.228334  0.102091 -0.226011 -0.250024  0.332320  0.095905 -0.200606  0.073610  0.002997  0.239880 -0.061047 -0.199714  0.328611  0.213077  0.289377
 0.000000  0.372625 -0.000000  0.185814 -0.277183  0.192167 -0.029038 -0.243376  0.247593 -0.318044  0.118986  0.017366  0.349899 -0.224479  0.168586 -0.447494  0.165938 -0.020082  0.052286  0.170507  0.033834  0.107739  0.043434
 0.288880  0.083746 -0.000000 -0.100695  0.258656 -0.076651  0.105940  0.160119 -0.248422  0.177644 -0.265785  0.165591  0.334215 -0.301498  0.071084  0.123941  0.241839 -0.401936  0.084508  0.340043  0.139713  0.012263  0.113702
-0.288880  0.083746 -0.000000 -0.134926  0.260243 -0.277246  0.020893 -0.315410  0.227108 -0.087306 -0.115036  0.049879  0.029400  0.371683  0.050706  0.072399  0.375246  0.144112 -0.020254  0.191096  0.178435 -0.361714  0.252764
-0.000000 -0.372625 -0.000000 -0.190651 -0.345923 -0.450450  0.218449 -0.084671 -0.150813 -0.334417  0.248056  0.047203  0.096907 -0.095078  0.292828  0.121789 -0.156287 -0.088030  0.014811  0.010549  0.020771  0.084292  0.299921
-0.372625 -0.000000 -0.000000 -0.124557 -0.351466  0.139663  0.302510  0.074564 -0.035871  0.068912 -0.209762  0.340397 -0.329444  0.075311 -0.306642 -0.208264 -0.070349 -0.203527 -0.021567  0.351581  0.049413  0.091618  0.082052
-0.372625 -0.000000  0.000000  0.239814 -0.050537 -0.057970 -0.560037  0.188780 -0.142618 -0.028878 -0.360706  0.132272 -0.142082 -0.136789  0.378892 -0.030450 -0.016266 -0.056756  0.003480 -0.155340  0.066722  0.049376  0.248525
 0.000000  0.372625  0.000000 -0.116812 -0.039669 -0.050554 -0.045291  0.267431 -0.205204 -0.297967  0.255284 -0.253671 -0.280419  0.121530 -0.164198  0.046060  0.416860 -0.353863 -0.002462 -0.197002 -0.149020  0.043876  0.158012
-0.000000  0.083746 -0.288880  0.153605 -0.013872 -0.221697  0.370236 -0.165335 -0.335454  0.117367 -0.218350 -0.067447 -0.059656 -0.264962 -0.134062 -0.332853  0.122492  0.208339  0.019706 -0.431854  0.110800 -0.169213  0.070188
-0.000000 -0.372625  0.000000 -0.144003  0.106301  0.104707  0.001848  0.201285  0.051617 -0.304439 -0.157017  0.301890  0.171632  0.138563 -0.091529 -0.192486  0.284309  0.091071  0.516418 -0.232305 -0.189584  0.075530 -0.144847
 0.000000  0.000000 -0.372625  0.111673  0.038077  0.208476 -0.150956  0.007164  0.082768 -0.186183  0.130745 -0.013366  0.069211 -0.116094 -0.376765  0.207052 -0.326600 -0.108436  0.359454 -0.001143  0.260319 -0.298261  0.338659
-0.000000  0.000000 -0.372625 -0.357393  0.061782 -0.035140 -0.164089  0.149492  0.199554  0.112937  0.301769  0.387616  0.031227 -0.056040  0.032271 -0.148685  0.081498 -0.070084 -0.350205 -0.245672  0.374087  0.079700 -0.130763
 0.000000 -0.000000 -0.372625  0.144292  0.347397 -0.105896  0.318795  0.232852  0.439045 -0.019262 -0.114679 -0.197132 -0.142704  0.076422  0.238055 -0.153452 -0.172285 -0.141126  0.022514  0.045505 -0.175976  0.285796  0.190242
 0.000000 -0.000000  0.372625 -0.036307  0.232388  0.123184  0.101731 -0.212752  0.095448 -0.169722 -0.152088  0.187578  0.148141  0.020958 -0.102506 -0.100558 -0.277960 -0.411895 -0.322081 -0.405391 -0.163420 -0.158027  0.170672
-0.000000  0.000000  0.372625  0.023094  0.282868  0.343605  0.266034  0.084137 -0.130666  0.002089  0.302809  0.068198 -0.293148 -0.043765  0.333313 -0.109348 -0.011652  0.133353  0.204946 -0.036302  0.416017 -0.011777  0.160965
 0.372625 -0.000000  0.000000 -0.196161 -0.165516  0.051862 -0.134780 -0.496884  0.217546  0.139366 -0.236018 -0.009166 -0.352975 -0.000621  0.033979  0.124364  0.110541 -0.144556  0.248080 -0.181193  0.138297  0.319963  0.121587
 0.000000  0.372625 -0.000000  0.370413  0.068370 -0.202315  0.105405 -0.072932 -0.121030  0.023528  0.144989  0.507010  0.113866  0.257112 -0.088580  0.292222 -0.091141  0.123555  0.107245 -0.112857 -0.032469  0.382252  0.036518
 0.000000  0.000000 -0.372625 -0.126717 -0.108609  0.550203  0.149378 -0.093064 -0.319506 -0.086969 -0.173054 -0.062885  0.201140  0.352669  0.285657  0.200292  0.035137  0.065555 -0.211502 -0.060416 -0.036975  0.059334  0.103427
 0.372625  0.000000  0.000000  0.188544 -0.212571  0.099901  0.127319  0.236415  0.272550 -0.131875 -0.092786  0.324769 -0.243442 -0.193707  0.077617  0.243242  0.207526  0.237348 -0.234250  0.002728 -0.191561 -0.339929  0.155137
 0.372625
