9 21
 0.604540 -0.000000 -0.000000  0.000000 -0.000000 -0.097275  0.000000 -0.000000  0.000000  0.003382  0.318531  0.135051  0.214118  0.413436 -0.076345  0.106993 -0.241065  0.118470  0.119616 -0.415595  0.110141
-0.000000  0.000000 -0.000000 -0.000000  0.052202 -0.000000  0.000000 -0.086349  0.563264 -0.081734  0.020752  0.162990 -0.232133 -0.143992 -0.463024 -0.032741  0.064352 -0.201249 -0.301282 -0.187540  0.422148
-0.000000  0.000000 -0.000000 -0.000000  0.701815  0.000000 -0.000000 -0.000000  0.000000 -0.010615  0.375717 -0.239350 -0.241290 -0.160303  0.291345 -0.032319  0.228272 -0.080367  0.152536 -0.234671  0.046291
 0.000000 -0.000000  0.000000 -0.000000  0.000000 -0.701815 -0.000000  0.000000 -0.000000 -0.268311  0.281448  0.064067 -0.159003 -0.020257 -0.181565 -0.289932 -0.112228  0.059661  0.206716  0.385713 -0.042061
 0.000000  0.563264 -0.086349 -0.000000  0.000000 -0.000000 -0.052202  0.000000 -0.000000 -0.232207  0.173170 -0.299485  0.061514 -0.270268  0.040144  0.218755 -0.368079  0.278355 -0.398573  0.017279 -0.023177
-0.000000 -0.000000 -0.000000  0.000000 -0.000000 -0.000000  0.000000  0.701815  0.000000  0.019579 -0.085095 -0.405158  0.048221  0.071201 -0.124246  0.093307 -0.224045 -0.369096  0.191675  0.096641  0.267645
-0.000000  0.000000  0.701815  0.000000  0.000000  0.000000 -0.000000 -0.000000 -0.000000  0.119013  0.118270 -0.288142 -0.148245  0.201064 -0.323923  0.045559  0.083993 -0.033771 -0.198433 -0.034449 -0.422038
 0.000000  0.000000  0.000000  0.000000  0.097275  0.000000  0.000000 -0.000000 -0.604540  0.169235 -0.135208  0.152486 -0.254163 -0.213226 -0.216489 -0.365583 -0.364630 -0.119197 -0.151709 -0.302187  0.053080
 0.563264  0.000000  0.000000 -0.086349  0.000000  0.052202 -0.000000  0.000000  0.000000  0.438995  0.031394  0.061339 -0.340067 -0.129211  0.165162  0.119542  0.000159 -0.049129 -0.188357  0.505860  0.085980
 0.000000  0.000000 -0.000000  0.000000 -0.000000 -0.000000  0.701815  0.000000  0.000000  0.041053 -0.006708  0.122575 -0.096319 -0.325799 -0.219881  0.416515 -0.086123  0.068549  0.335282 -0.066557 -0.156481
-0.000000 -0.000000  0.000000 -0.000000  0.000000 -0.701815 -0.000000 -0.000000 -0.000000  0.267572 -0.351027 -0.093567  0.112232 -0.070052  0.198241  0.266560  0.164885 -0.085539 -0.232845 -0.294932  0.018003
-0.563264  0.000000 -0.000000 -0.086349  0.000000 -0.052202  0.000000  0.000000 -0.000000  0.442625  0.373267  0.206287 -0.110258  0.314521  0.083222  0.234376 -0.258572  0.078022 -0.059975  0.059810  0.204192
 0.000000 -0.000000  0.000000 -0.000000 -0.000000  0.000000 -0.701815 -0.000000 -0.000000  0.136813  0.007005  0.120642 -0.026330 -0.334888 -0.267277  0.343918 -0.013505  0.076014  0.380143 -0.059588 -0.132495
 0.000000 -0.563264 -0.086349  0.000000  0.000000  0.000000  0.052202  0.000000 -0.000000  0.238304  0.240547 -0.308980  0.405399 -0.314926 -0.192731 -0.137949 -0.011271  0.315037 -0.178149  0.051523  0.094674
-0.000000  0.000000  0.000000 -0.701815  0.000000  0.000000  0.000000  0.000000  0.000000 -0.035306 -0.267786 -0.221726 -0.262088  0.142724 -0.077374 -0.050140  0.064710  0.466800  0.149908 -0.079772  0.191966
-0.000000  0.000000 -0.000000  0.701815  0.000000 -0.000000 -0.000000 -0.000000 -0.000000  0.073166 -0.217997 -0.188798 -0.317495  0.165524 -0.046814 -0.006595  0.032916  0.470355  0.119354 -0.010173  0.227668
-0.000000 -0.000000 -0.701815  0.000000  0.000000 -0.000000 -0.000000 -0.000000 -0.000000  0.118263  0.067368 -0.213279 -0.205693  0.273065 -0.305149  0.035616  0.130667 -0.106781 -0.127474 -0.042915 -0.430834
 0.000000  0.604540  0.000000  0.000000  0.000000 -0.000000  0.097275  0.000000  0.000000  0.438387  0.062776 -0.008847  0.320406 -0.041609 -0.216975 -0.332349  0.332446  0.034178  0.205374  0.031905  0.109804
-0.000000  0.000000  0.000000  0.000000 -0.701815  0.000000  0.000000 -0.000000 -0.000000  0.026352  0.346183 -0.206041 -0.296809 -0.206879  0.244056 -0.112175  0.148624 -0.106404  0.119398 -0.300679  0.057885
-0.000000 -0.000000  0.000000  0.000000 -0.000000  0.000000 -0.000000  0.701815 -0.000000 -0.062039  0.108056  0.425129 -0.071780 -0.078476  0.038895 -0.053087  0.288031  0.335314 -0.245779 -0.102884 -0.170775
-0.000000 -0.000000  0.000000  0.000000  0.052202  0.000000 -0.000000  0.086349  0.563264  0.263371 -0.165869  0.000670 -0.040655 -0.084860  0.230671 -0.359632 -0.455703  0.073317  0.138456 -0.136792 -0.365178
 0.701815
