15 18
 0.004255 -0.002176  0.000154  0.006444 -0.005235 -0.000141  0.017729 -0.000436  0.000508 -0.653512 -0.065202  0.000559 -0.190301  0.028475  0.001348  0.465168  0.358707 -0.431492
 0.000131 -0.000260 -0.000124 -0.000574  0.004543  0.000052 -0.015340  0.000075 -0.000167 -0.756539  0.056449  0.000240  0.164782  0.000411  0.000203 -0.410714 -0.294578  0.376284
-0.000022 -0.000075  0.000004 -0.000002  0.000002  0.000156 -0.000001 -0.000036  0.999624 -0.000013  0.000007  0.000005  0.000006 -0.000022  0.000010 -0.006038 -0.017720 -0.020049
-0.180211  0.002012 -0.000477 -0.000038 -0.000688  0.000400 -0.000372  0.016807  0.000118  0.005867 -0.002014  0.000742  0.001155  0.725731 -0.053919  0.477815 -0.402638  0.217209
 0.000074  0.000231 -0.000058  0.000010 -0.000091  0.000053 -0.000016  0.002060 -0.000000  0.000137 -0.000042  0.000179  0.000010  0.000066  0.996701  0.059200 -0.049032  0.025971
 0.000125 -0.963500  0.000037 -0.000326 -0.000030  0.001522  0.000010 -0.000058 -0.007384 -0.000635 -0.000176 -0.023903  0.001624 -0.000232 -0.000075 -0.052567 -0.173234 -0.195609
 0.000154 -0.000044 -0.000014  0.000039  0.000010 -0.000509 -0.000010  0.000094  0.002459  0.000153 -0.000121 -0.995988 -0.000011 -0.000284  0.000072  0.019472  0.056563  0.066502
-0.964332 -0.000368  0.000190 -0.001052  0.000296 -0.000145  0.000090 -0.006740 -0.000127  0.000181  0.001048 -0.000742  0.000303  0.002656  0.021552 -0.192803  0.157717 -0.086578
 0.193825 -0.000873  0.000497 -0.004875  0.000936 -0.000387 -0.000312 -0.017717 -0.000261  0.021265  0.005147 -0.001702  0.006381  0.687366  0.056689 -0.523824  0.406363 -0.215316
-0.000000  0.000000  1.000000 -0.000000 -0.000000  0.000000 -0.000000  0.000000  0.000000 -0.000000 -0.000000 -0.000000 -0.000000 -0.000000  0.000000  0.000426 -0.000431  0.000457
-0.000035  0.000021  0.000018  0.000045  0.000027 -0.000014  0.000012  0.999677  0.000015  0.000047  0.000038  0.000003  0.000020  0.000009  0.000003 -0.018605  0.014997 -0.008685
 0.000006 -0.000021 -0.000005  0.000001  0.000171  0.000000  0.999704 -0.000002 -0.000005 -0.000009 -0.000008  0.000002 -0.000010 -0.000013 -0.000008 -0.015615 -0.011594  0.014619
 0.000885  0.190140  0.000098 -0.704685 -0.000130  0.003886  0.000260 -0.000251 -0.018652 -0.008625 -0.001321 -0.061176  0.001843 -0.004955 -0.000550 -0.131685 -0.437019 -0.504706
 0.000733  0.188427  0.000100  0.709473 -0.000066  0.003861  0.000080 -0.000439 -0.018534 -0.003098 -0.000771 -0.060737  0.003518 -0.000414 -0.000154 -0.139284 -0.434677 -0.498726
-0.000001  0.000001  0.000000  0.000002  0.000000 -0.999984 -0.000002 -0.000002 -0.000001  0.000000 -0.000001 -0.000000  0.000000 -0.000001  0.000004 -0.000812 -0.004089 -0.003949
-0.000077  0.000114  0.000015  0.000099 -0.000646 -0.000003  0.002177  0.000061  0.000003 -0.000012  0.996004 -0.000209 -0.000012 -0.000251 -0.000309  0.061042  0.038886 -0.052270
 0.000049  0.000189  0.000048  0.000161 -0.001811 -0.000058  0.006110 -0.000018  0.000239  0.000192 -0.022447  0.000445  0.967766  0.000142 -0.000094  0.165192  0.121150 -0.144628
 0.000002  0.000000  0.000001 -0.000003  0.999973  0.000001  0.000004  0.000000 -0.000001 -0.000001 -0.000002  0.000002  0.000004  0.000002 -0.000001  0.005496  0.002663 -0.003992
 1.000000
