6 44
-0.377067  0.000000  0.000000  0.000000  0.000000 -0.000000 -0.076332 -0.126992 -0.060527 -0.006474 -0.185011  0.146268  0.175559 -0.109839 -0.065282  0.338919  0.106573 -0.170537  0.078133 -0.056654 -0.080239  0.121115  0.182317 -0.240088 -0.053948  0.006479 -0.097239 -0.076460  0.003068  0.141270  0.212540  0.008095  0.023126  0.136476  0.098443  0.192772 -0.279029 -0.134073  0.223563  0.023110  0.225097 -0.249095  0.014389  0.209851
 0.000000  0.000000  0.000000 -0.000000 -0.377067 -0.000000 -0.153511  0.018431 -0.098591 -0.105348 -0.009048 -0.268489  0.009501 -0.182361  0.026803 -0.026272 -0.131748 -0.149338 -0.046285 -0.063382 -0.109290  0.193007 -0.204546  0.126287 -0.236362 -0.194936  0.230485  0.114038  0.087579  0.066853 -0.203447  0.023362  0.073208  0.203103 -0.107644  0.017497 -0.397329  0.113618 -0.130487  0.054075 -0.230251 -0.109200 -0.110302  0.113839
-0.000000 -0.000000 -0.000000  0.377067 -0.000000 -0.000000 -0.167821 -0.165478 -0.232753 -0.018418  0.163688  0.158504  0.054266 -0.109173 -0.113343 -0.196756  0.201777  0.106953  0.191489 -0.026956 -0.143475  0.131012 -0.015418 -0.090408 -0.042673 -0.164037  0.116704  0.102649 -0.403078 -0.071481 -0.276739 -0.024638  0.062456 -0.050076 -0.102619  0.060948  0.199408 -0.047016  0.187369 -0.243568 -0.005971 -0.184036  0.055658 -0.044614
 0.000000  0.000000  0.000000 -0.000000  0.377067  0.000000  0.192447  0.064907 -0.072927  0.124123  0.048069 -0.064731  0.040536  0.028721  0.153396 -0.004889 -0.145332 -0.109500  0.318034  0.086889 -0.042591  0.134632 -0.016728  0.022271 -0.245378  0.032422  0.102078  0.469951  0.157881 -0.087886  0.188918 -0.191622  0.121754  0.049566  0.044884 -0.128007 -0.077690  0.002145  0.017912 -0.037155  0.047886 -0.235027  0.026678 -0.318657
 0.000000  0.000000 -0.000000 -0.000000 -0.000000 -0.377067 -0.292217  0.020588  0.107711  0.130081  0.061408 -0.086755  0.177670  0.040669 -0.164858 -0.141727 -0.033423  0.307658 -0.072918  0.131646  0.018402  0.347219  0.011121 -0.070497  0.188704  0.077553  0.211063 -0.158542  0.268040 -0.270536  0.072974 -0.325260  0.052994 -0.013888  0.079655  0.041086 -0.094592 -0.038156 -0.007039 -0.025655  0.083913 -0.002406  0.093219  0.044116
 0.000000  0.000000 -0.377067  0.000000 -0.000000  0.000000  0.039517 -0.098940 -0.062804 -0.017072 -0.072218 -0.144510 -0.195695 -0.042069 -0.067108  0.154985  0.014141 -0.064962 -0.052687 -0.037741  0.113342  0.150176 -0.075792  0.057928 -0.186841  0.324063  0.114151  0.033614 -0.049779  0.194206 -0.247915 -0.314293  0.047200  0.069126  0.075632  0.185993  0.295441 -0.041276  0.119549  0.337535  0.047905  0.099642  0.250712  0.017114
 0.000000 -0.000000  0.000000  0.000000 -0.000000  0.377067 -0.199026  0.094785  0.256341  0.232268  0.179661  0.022862  0.134011  0.072729  0.232646  0.124050 -0.113209  0.355585 -0.124685 -0.104742  0.091962 -0.088213 -0.043637  0.031588 -0.049886  0.052625  0.151696 -0.029716 -0.175667  0.144973  0.045765 -0.142661  0.055340  0.041783 -0.169582  0.197868 -0.117701  0.053125  0.274858  0.071626  0.036407 -0.033469 -0.266656 -0.178863
-0.000000  0.000000 -0.000000  0.000000 -0.048706  0.328361  0.084836  0.174084  0.097306 -0.117274 -0.057373  0.126620 -0.097488  0.157031 -0.131492 -0.186273 -0.093325  0.004959 -0.055027 -0.154518  0.048341  0.194860  0.214809  0.217568 -0.026083 -0.126506 -0.162257  0.035800 -0.004051 -0.417930 -0.063656 -0.055978 -0.211287  0.203490  0.319415  0.225933  0.027859  0.111221  0.101062  0.088921 -0.065776 -0.219291  0.042169  0.058675
 0.048706  0.000000  0.000000 -0.000000 -0.000000  0.328361  0.139021  0.022086  0.122820  0.004587  0.141022 -0.009447 -0.042884  0.095021  0.054286  0.036569  0.146917 -0.044892  0.073257  0.005827 -0.093613  0.371747 -0.076078 -0.182825  0.038931  0.175226  0.167860 -0.269775 -0.008957  0.234068 -0.123344 -0.014444 -0.155256  0.164718  0.326655 -0.330147 -0.055570 -0.086399 -0.144412 -0.307807  0.013825  0.052317 -0.053711 -0.047082
-0.000000 -0.377067 -0.000000 -0.000000  0.000000 -0.000000  0.123448 -0.368342  0.133779 -0.130367  0.122709  0.196286 -0.033294  0.108022 -0.079847  0.033918 -0.127528 -0.004427 -0.030342 -0.110692 -0.121522 -0.012018 -0.162701  0.206976 -0.136440  0.160239 -0.030529 -0.281311  0.167695 -0.043914  0.036631  0.096027  0.214009 -0.067867 -0.100900  0.262452 -0.076198 -0.099928 -0.114423 -0.186766 -0.107255 -0.164044  0.168787 -0.243589
-0.000000 -0.000000 -0.000000 -0.377067  0.000000  0.000000 -0.103015 -0.159201 -0.014054 -0.087563  0.168573  0.094471 -0.254379 -0.024000 -0.032443 -0.188495  0.030839  0.145425 -0.044108  0.015757 -0.236285 -0.120267 -0.175110 -0.136271  0.131042  0.187559 -0.291251  0.232209  0.074529 -0.015918 -0.144307 -0.030357  0.125817  0.337534 -0.031491 -0.137123 -0.144667  0.163092  0.271571 -0.072223  0.167537  0.035209  0.050737  0.066220
-0.000000 -0.328361  0.000000  0.048706  0.000000  0.000000  0.202473 -0.190403  0.152575 -0.127431  0.295994 -0.361247 -0.011623 -0.242506  0.101067  0.042043  0.140981 -0.044563 -0.016487  0.120204  0.227255  0.089650  0.128579 -0.197917 -0.029384 -0.054872 -0.040519 -0.037216 -0.096988 -0.193215  0.051569  0.085491  0.012938 -0.206005  0.112651 -0.017725 -0.125845  0.357159  0.238061  0.076683  0.000358  0.077734  0.027531  0.007918
-0.000000  0.000000  0.377067 -0.000000  0.000000 -0.000000  0.161280  0.001978 -0.013219  0.037917  0.291243 -0.275691  0.015069 -0.046352 -0.184301 -0.066367  0.049843 -0.072792  0.208778 -0.178681  0.145006 -0.171138  0.014693  0.283348  0.195306  0.146940  0.119972  0.022463 -0.138917  0.046358 -0.037927 -0.089628 -0.165150  0.142563 -0.107882  0.122147 -0.154315 -0.213819 -0.115856  0.049705  0.344627 -0.039452  0.129190  0.111154
-0.000000 -0.000000 -0.000000  0.000000 -0.000000 -0.377067  0.032283  0.243398 -0.084821 -0.069025  0.085045  0.080715 -0.187753 -0.015158  0.455944  0.061415  0.071116  0.097662  0.041463 -0.252750  0.038714 -0.022432 -0.176093  0.123286 -0.103849 -0.123605 -0.066437 -0.346184 -0.021001  0.025768 -0.042013 -0.066372 -0.041847  0.004530  0.085900 -0.139482  0.065006  0.151346  0.044740  0.050280  0.223949 -0.356031  0.027679  0.027286
-0.000000  0.328361 -0.000000  0.048706  0.000000  0.000000  0.158901 -0.243162  0.114088  0.046205 -0.074833  0.029908  0.229690 -0.065588  0.030211 -0.192605 -0.016484 -0.225742 -0.375180 -0.095176  0.148910  0.068537 -0.418760 -0.176322  0.082805 -0.027350 -0.144526 -0.000075 -0.261767 -0.148300  0.069838 -0.089371  0.050322  0.021496  0.050273 -0.038326 -0.065270 -0.048364 -0.137423  0.147165  0.119621 -0.116571  0.011069 -0.200798
-0.000000  0.328361 -0.048706 -0.000000  0.000000  0.000000  0.043409 -0.084014  0.083874  0.036669  0.240956 -0.072574  0.028356 -0.175232 -0.012207 -0.073760  0.112224 -0.055806  0.255770 -0.157701 -0.063022 -0.191993  0.276432 -0.253515 -0.067115 -0.014314 -0.063853 -0.306630  0.213571 -0.105104 -0.006905 -0.104420  0.124216  0.306522 -0.128006  0.042737  0.148658 -0.010502 -0.103316  0.182432 -0.297737 -0.039845 -0.099287 -0.142370
-0.377067 -0.000000  0.000000  0.000000  0.000000  0.000000 -0.114257 -0.059197  0.242768  0.196206 -0.163374 -0.265484 -0.037049 -0.214507  0.249843 -0.159189 -0.022018  0.052807  0.050364 -0.081670 -0.211159  0.126445 -0.021999  0.145998  0.175575  0.054471 -0.101804  0.071608 -0.092204  0.123920  0.205049  0.100189 -0.193848  0.087602 -0.060496  0.100004  0.233075  0.154880 -0.093249 -0.169813 -0.170209 -0.013692  0.293649 -0.035808
 0.000000  0.377067  0.000000  0.000000 -0.000000  0.000000 -0.054022  0.169891 -0.028666  0.015360  0.089655  0.013932 -0.135039 -0.251463 -0.197269  0.112949 -0.162571  0.014018  0.143752 -0.156899 -0.077284  0.264755 -0.030772  0.135293 -0.232564  0.282696 -0.254737 -0.102308 -0.106977 -0.146014  0.074020  0.104319  0.070901 -0.309750 -0.056157  0.059941 -0.110796  0.129197 -0.013123 -0.160999  0.136403  0.243112 -0.125484 -0.040743
-0.377067 -0.000000  0.000000  0.000000  0.000000 -0.000000  0.323477  0.000413  0.134417 -0.020027  0.133055 -0.054952 -0.048412 -0.043311 -0.068158 -0.048702  0.101687  0.127107 -0.218837  0.174018 -0.077372  0.244164  0.032928  0.268576 -0.090071 -0.177909 -0.110033  0.011090  0.104557  0.009954 -0.040305 -0.006344  0.162017  0.017524 -0.239111 -0.202793  0.214093 -0.302972  0.094777  0.076255  0.082595 -0.016060 -0.305404  0.130161
-0.048706  0.000000 -0.000000 -0.000000  0.000000  0.328361  0.072649  0.012530 -0.338865  0.117197 -0.047470 -0.055499 -0.171452 -0.060952  0.066155  0.131883 -0.010982  0.299149  0.085106  0.040636  0.206212  0.091386 -0.245438 -0.211206  0.098301  0.053164 -0.103794 -0.075130  0.135742 -0.240096  0.026027  0.069581 -0.144525 -0.110572 -0.293107 -0.093785 -0.098311 -0.205446 -0.031389  0.107303 -0.187158 -0.169992  0.242520  0.126226
-0.000000  0.000000 -0.000000  0.000000  0.000000 -0.377067  0.218229  0.015566 -0.029754  0.242310  0.192392  0.121500 -0.246865  0.105061  0.035558 -0.136662 -0.328420 -0.042396 -0.139184  0.115904  0.114331  0.101694  0.169019 -0.212819 -0.065291  0.155358 -0.024818  0.032604 -0.245309  0.145719 -0.007784  0.069125 -0.235429  0.093125 -0.050156  0.166370 -0.141606 -0.128961  0.058749 -0.073595 -0.287492 -0.078762 -0.110038  0.098918
-0.000000  0.000000  0.000000  0.377067 -0.000000 -0.000000 -0.207345 -0.039083  0.210826  0.104349  0.131639 -0.244891 -0.252674  0.136028 -0.053201  0.224381 -0.338773  0.016850 -0.062254 -0.086419 -0.179115 -0.174078 -0.006753 -0.116749 -0.078784 -0.227238 -0.152227  0.030741 -0.046836 -0.095726  0.000013  0.045107  0.127247  0.045245  0.227629 -0.212607 -0.021366 -0.279128  0.006636  0.047048  0.082297  0.070248  0.194464  0.043866
 0.377067  0.000000  0.000000 -0.000000  0.000000  0.000000 -0.134160  0.008627  0.119567 -0.084857 -0.281062 -0.257275 -0.112008 -0.038114  0.195609 -0.132936  0.117662 -0.214277 -0.147959 -0.177776 -0.020904  0.107934  0.264448 -0.001961  0.081571  0.225278 -0.018194  0.003751  0.073325 -0.081026 -0.042158  0.092909  0.049012 -0.097981 -0.216096 -0.067598 -0.027983 -0.339653  0.280806 -0.129342  0.039061 -0.199397 -0.077928 -0.073461
 0.000000 -0.000000  0.377067 -0.000000  0.000000  0.000000  0.160259  0.219755  0.138366 -0.154467 -0.212609  0.141122 -0.014531 -0.283317  0.190386  0.131541 -0.199706 -0.013920 -0.021074  0.247836  0.035540  0.039162  0.027774 -0.162916 -0.006758 -0.134551  0.015826 -0.079308  0.009378 -0.073662 -0.317630 -0.139898  0.090445  0.168996 -0.117277  0.187027  0.031412 -0.073049  0.050952 -0.145465  0.095574  0.234471  0.227757 -0.165650
-0.000000 -0.000000  0.000000  0.377067  0.000000 -0.000000 -0.057511  0.062116  0.174855 -0.291349 -0.023823  0.175268 -0.325960  0.120087  0.010458 -0.215655  0.082913  0.005478  0.167007  0.055225 -0.010470  0.206147 -0.089727 -0.142912  0.113809  0.000158  0.099167  0.051039  0.098775  0.147590  0.238386  0.179591 -0.059258  0.075282 -0.209452  0.116516 -0.104311  0.069943 -0.059839  0.360443  0.185155  0.119095 -0.049950 -0.121760
 0.000000  0.000000 -0.000000  0.377067 -0.000000 -0.000000  0.212012  0.276422 -0.189436  0.339443  0.011564 -0.110482  0.004753  0.126586  0.003304 -0.043875  0.327247 -0.099607 -0.160790  0.028505 -0.156218 -0.060676 -0.096505  0.065969  0.158103  0.042954 -0.239782 -0.030222  0.224321  0.102987 -0.106704 -0.057435  0.186041 -0.004819  0.083817  0.242287 -0.215265  0.113853  0.131606 -0.069389 -0.097682  0.096467  0.045480 -0.077633
 0.000000  0.000000 -0.000000 -0.377067 -0.000000  0.000000 -0.046551  0.156132 -0.012373  0.124769 -0.067028 -0.071758 -0.265103  0.139129 -0.114299 -0.038533  0.174926 -0.036751  0.130239  0.029530  0.166117  0.148237  0.016095  0.034889  0.099581 -0.258780  0.079945 -0.121226 -0.356415  0.034462  0.176719  0.095937  0.511564  0.051991  0.061331  0.056628 -0.071639 -0.094128 -0.010775  0.024560 -0.113049  0.023587  0.144878 -0.117773
-0.000000  0.377067 -0.000000 -0.000000 -0.000000 -0.000000  0.156885 -0.249157  0.137751  0.183685 -0.040740  0.010349 -0.077415  0.361486  0.095312  0.082190  0.084497 -0.055779 -0.027792 -0.039938  0.087193  0.003807  0.027340  0.003647 -0.173500 -0.105012  0.322421  0.011740  0.151927 -0.150748 -0.059577  0.195103  0.024273  0.037681 -0.205769  0.053490  0.023414  0.246750  0.117021 -0.220617  0.160354  0.075866  0.201617  0.259563
 0.000000 -0.000000  0.000000  0.000000 -0.377067  0.000000  0.315192  0.088477 -0.118872  0.019294 -0.117498 -0.049428  0.018068 -0.099008  0.089807 -0.114630 -0.020054  0.234533 -0.008659  0.046826 -0.348471 -0.193385 -0.016978 -0.114013 -0.084656  0.252602  0.339948  0.011148 -0.108248 -0.223769  0.221138  0.186409  0.129920  0.016327  0.241481  0.068405  0.088080 -0.112617  0.048270  0.092690  0.116895  0.000249 -0.038530  0.003932
-0.000000  0.000000  0.377067  0.000000  0.000000  0.000000 -0.084625 -0.056470 -0.157394  0.077181 -0.041040 -0.168296  0.066510  0.232076 -0.125260  0.175381 -0.258843 -0.194324  0.071094  0.195353 -0.131797  0.150972 -0.110262  0.005765  0.191661  0.155913 -0.007223 -0.189391 -0.025557 -0.013121 -0.088729  0.183439  0.057416  0.064652 -0.037987 -0.057714  0.305420  0.260949  0.197571  0.223258 -0.023646 -0.202222 -0.170119 -0.097255
-0.000000  0.328361  0.048706 -0.000000 -0.000000 -0.000000 -0.122917 -0.198612 -0.229722 -0.293211  0.225474  0.018867  0.041423  0.105763  0.332100  0.090212  0.074463 -0.021150 -0.070420  0.315606 -0.111618  0.028541  0.090124  0.338880  0.051496  0.012505 -0.003669 -0.068529 -0.079204 -0.035293  0.160726 -0.044614 -0.118154  0.011614  0.126110  0.016666 -0.157537 -0.177172  0.170932  0.079660 -0.186061  0.165616  0.162871 -0.117073
-0.000000  0.377067 -0.000000 -0.000000  0.000000  0.000000  0.127767  0.002987  0.185219 -0.257214 -0.009459 -0.121855 -0.091746 -0.095571 -0.194758  0.028791 -0.074901  0.262126  0.004649  0.136196  0.088875 -0.119856 -0.001837 -0.025107  0.185528 -0.039837  0.051159  0.103612  0.149229  0.335996 -0.127672  0.078663  0.081001 -0.270955  0.216998  0.115231 -0.033835  0.040698  0.049780 -0.094767 -0.086565 -0.423341  0.051618 -0.054722
-0.000000  0.000000  0.000000  0.000000 -0.377067 -0.000000  0.009147  0.154660  0.239318 -0.198042  0.038822 -0.094234  0.036494  0.323355  0.042782  0.069387  0.098603 -0.153487  0.238465  0.201923 -0.017989 -0.077996 -0.184835 -0.129332 -0.075800  0.107704 -0.220584  0.073394 -0.127887 -0.072728  0.159916 -0.398213  0.007217 -0.115494 -0.158506  0.073470  0.107704 -0.018493 -0.024890 -0.187342 -0.096382 -0.102292 -0.033038  0.191276
 0.377067  0.000000 -0.000000 -0.000000  0.000000  0.000000  0.001964 -0.159058  0.071937  0.192784 -0.168914 -0.118778  0.075510  0.004969 -0.019580 -0.006967  0.153827  0.281110  0.054937  0.392110 -0.108579  0.061139  0.135729  0.080861 -0.315463 -0.043345 -0.311475 -0.087826 -0.135251  0.105195 -0.043281  0.083640 -0.088457  0.144120 -0.042287  0.059415 -0.086443  0.058548 -0.262113  0.122150  0.206289 -0.154431  0.047299 -0.001959
 0.000000  0.000000  0.377067  0.000000 -0.000000 -0.000000 -0.086723 -0.264194  0.098729  0.141767 -0.028568  0.156517 -0.107575 -0.005365  0.333264  0.003721  0.127811  0.057182  0.145661 -0.116609  0.052052  0.123000  0.000700 -0.001538  0.031043  0.118301 -0.073367  0.219109  0.069325 -0.030637 -0.194567 -0.030871  0.230565 -0.210015  0.281055  0.138941  0.034739 -0.093470 -0.212714  0.188136 -0.128988  0.058469 -0.198828  0.267878
 0.000000  0.000000  0.377067 -0.000000  0.000000 -0.000000  0.013151  0.087996 -0.037352 -0.102646  0.060648  0.072763 -0.093306  0.061207 -0.153357  0.182218  0.209215  0.103124 -0.421911 -0.205839 -0.191779  0.065222  0.250029 -0.112041 -0.153414  0.105421  0.079271  0.145753 -0.099133  0.072691  0.140517 -0.192673  0.014735 -0.077263 -0.152252 -0.188140  0.009342  0.198823 -0.173024  0.099226 -0.143871 -0.100712  0.233314 -0.073089
-0.000000  0.000000  0.000000 -0.377067 -0.000000  0.000000 -0.024421  0.081043  0.024364  0.086326  0.210092 -0.087113  0.028035  0.118602  0.010917 -0.024325  0.083481 -0.113916 -0.001271 -0.071698 -0.370522  0.094867 -0.086870 -0.231058 -0.073267 -0.287563  0.011266  0.038407  0.108726  0.020713 -0.161773  0.076543 -0.312723 -0.347728 -0.009420  0.280399  0.050087 -0.171424  0.017976  0.171112  0.124810  0.037962  0.055024 -0.173502
-0.000000 -0.000000  0.377067  0.000000  0.000000 -0.000000 -0.102341 -0.073202 -0.051427  0.025787 -0.139892 -0.082737 -0.063550 -0.036615 -0.172315 -0.292689  0.090698  0.051290  0.006900 -0.040938  0.210599 -0.085530 -0.234661 -0.031210 -0.460001 -0.071424 -0.028103 -0.115767  0.172942  0.183560  0.228768 -0.052386 -0.149504  0.018286  0.177149 -0.012901  0.108395 -0.099181  0.337195 -0.064050 -0.110216  0.122548 -0.004465 -0.029191
-0.000000 -0.000000  0.000000 -0.000000  0.377067  0.000000 -0.080038  0.323334  0.285778 -0.076073  0.106048  0.084196  0.281048 -0.040825 -0.019442 -0.128339  0.078746 -0.087058  0.006886  0.105917 -0.104320 -0.067041 -0.175738  0.019028 -0.176794  0.218954  0.073824 -0.064950 -0.100896 -0.045922 -0.115776  0.265899  0.092998 -0.002226 -0.014242 -0.064047 -0.072857 -0.067932  0.083615  0.197905 -0.206555 -0.071871  0.235484  0.338117
-0.377067 -0.000000  0.000000 -0.000000 -0.000000 -0.000000  0.068543 -0.095564  0.019232 -0.016035 -0.308725 -0.065400  0.008984  0.253729  0.007837 -0.279762 -0.086486  0.070256  0.184812 -0.033503 -0.069574 -0.137378  0.184074  0.002258 -0.073984  0.086084 -0.003344 -0.186306 -0.142589 -0.007824 -0.315637 -0.170572 -0.024074 -0.247802 -0.053157 -0.249030 -0.335956  0.063888  0.046046  0.152181 -0.012293  0.065761  0.030963 -0.156473
 0.000000  0.000000  0.000000 -0.000000 -0.048706 -0.328361  0.115849 -0.003474  0.183507 -0.077134 -0.146618 -0.044659  0.137126  0.124675 -0.118990  0.373787  0.246460  0.250789  0.156106 -0.222361  0.069664  0.066955 -0.161464  0.043578  0.031397  0.036795 -0.061572  0.198924 -0.080977 -0.143741 -0.135036  0.205680 -0.189969  0.209426  0.025711 -0.048838 -0.064598 -0.101509  0.130132  0.026900 -0.220693  0.126650 -0.087704 -0.263159
 0.000000 -0.000000 -0.000000  0.000000 -0.377067  0.000000  0.010417  0.097428 -0.092677 -0.023369  0.192798  0.056399  0.398237  0.155888  0.115440 -0.159409 -0.163146  0.075586  0.057929 -0.156870  0.242842  0.194707  0.190225 -0.061804 -0.056657  0.051759 -0.231166  0.132951  0.127713  0.228595 -0.038709  0.235538  0.183583  0.003556 -0.007438 -0.116515  0.102951 -0.044482  0.040964  0.055777  0.096642  0.057606  0.306589 -0.077494
-0.377067 -0.000000 -0.000000  0.000000  0.000000  0.000000 -0.325053  0.132143 -0.084749 -0.060289  0.098427 -0.130536 -0.118973  0.100931  0.050257 -0.003479  0.192130 -0.057241 -0.189024  0.207646  0.270131 -0.149058  0.044733 -0.094177 -0.199132  0.228574  0.017842  0.070851  0.046551 -0.181902 -0.166380  0.234327 -0.008052  0.087899  0.075993  0.120334  0.058912 -0.047450 -0.267043 -0.142546  0.146122 -0.112026 -0.102490 -0.245537
-0.000000 -0.000000  0.000000  0.000000 -0.377067  0.000000 -0.094758  0.007208  0.247399  0.380627  0.075393  0.364630 -0.145837 -0.246366 -0.108523  0.073475  0.129978 -0.236888  0.070413  0.212990  0.070755 -0.082561  0.016777  0.186428  0.030618  0.045835  0.086132  0.043150  0.088811 -0.060206 -0.040091  0.007843 -0.127345 -0.113488  0.018169 -0.257786 -0.047208 -0.005068  0.137806  0.130590 -0.008570 -0.141294  0.143324 -0.185679
 0.377067
