4 35
-0.072073 -0.000000  0.275927 -0.000000 -0.152118 -0.277726  0.165976 -0.105708 -0.201070  0.066612 -0.377665  0.182743 -0.093456  0.022674 -0.085350 -0.205267  0.096972  0.277998 -0.015188  0.100395  0.033918 -0.004570 -0.019264  0.091095 -0.150545 -0.124549 -0.111064 -0.065058  0.283420  0.295514 -0.024277 -0.134792 -0.142536  0.351639  0.090307
 0.348000 -0.000000  0.000000 -0.000000  0.152006 -0.075720 -0.039070 -0.100396  0.266482  0.151941 -0.282146 -0.000853 -0.157638 -0.074783 -0.078190 -0.047302 -0.104002  0.120134 -0.196927 -0.041773 -0.220690 -0.027255 -0.002723 -0.269576 -0.083623 -0.041981  0.096862  0.109144  0.122413  0.013351 -0.172600 -0.274490  0.015895 -0.460392  0.274754
-0.000000 -0.000000 -0.000000 -0.348000 -0.042290  0.143782 -0.050652 -0.323481  0.083669 -0.226046  0.126537  0.085817 -0.010358  0.023124 -0.106992 -0.064878 -0.018452  0.158357 -0.137443  0.069580  0.174572  0.052586 -0.139976 -0.288984  0.259618  0.329369 -0.058459  0.050534  0.379577 -0.142953 -0.176747  0.251333 -0.013603  0.128979  0.091447
-0.000000  0.348000 -0.000000  0.000000 -0.024936 -0.000835 -0.243403 -0.109580 -0.299525  0.014852  0.060142 -0.176912 -0.031458 -0.137941 -0.150256 -0.025050 -0.137023  0.043139 -0.173297  0.163859  0.006207  0.272031  0.134479 -0.285096 -0.270656 -0.077139 -0.361813  0.079336 -0.143895 -0.207274  0.195740 -0.063085 -0.240070 -0.001642 -0.089557
 0.000000 -0.000000 -0.000000 -0.348000  0.197658 -0.311526  0.278768 -0.151608 -0.123355 -0.021986 -0.171399 -0.185846 -0.043784 -0.330478  0.149824  0.157544 -0.133814 -0.230189 -0.165915 -0.111603  0.105205 -0.038765  0.033727  0.101576  0.022493  0.017395 -0.114954 -0.313774 -0.244821 -0.066663 -0.248788  0.130323 -0.001033  0.033561  0.110895
 0.000000 -0.348000  0.000000  0.000000 -0.120787  0.030873  0.160430  0.087161 -0.253063  0.231896  0.122249  0.112889  0.190885  0.231478 -0.110707 -0.095321 -0.099941 -0.191263 -0.195813  0.214592  0.218492  0.250818  0.026615 -0.081203 -0.026279  0.220282  0.006410  0.049772 -0.204654 -0.017876 -0.093780 -0.275248  0.192621  0.013113  0.329352
 0.000000  0.000000  0.348000  0.000000 -0.156203  0.132576 -0.024917  0.300682 -0.041446 -0.060429  0.119165  0.066160 -0.137635  0.184403  0.102191  0.033641 -0.310129  0.119042 -0.151342  0.324547 -0.179800 -0.245481  0.032325 -0.059195  0.013985  0.011608 -0.166574 -0.327472 -0.082516  0.163571 -0.159809  0.267029 -0.048552 -0.230885 -0.017569
-0.072073 -0.275927 -0.000000 -0.000000  0.028567 -0.096657 -0.078416 -0.454000  0.042735  0.123395 -0.028661  0.119649  0.102883  0.084057 -0.000852 -0.342316 -0.048225  0.016886 -0.238739 -0.002877 -0.107603  0.044104 -0.138166  0.123609 -0.209405 -0.092410  0.004086  0.076143 -0.188036  0.063690  0.091325  0.361246  0.190796 -0.186528 -0.337732
-0.348000 -0.000000 -0.000000  0.000000  0.111203 -0.206700 -0.111426  0.000101 -0.241007 -0.051021  0.019118  0.039327  0.254607  0.100532  0.116279  0.156975 -0.182068  0.414470 -0.202507 -0.244574 -0.096827 -0.228580  0.198701  0.035749  0.115645  0.017811  0.148878  0.177745 -0.014476 -0.127749  0.206934  0.044849  0.021047 -0.072800  0.304957
 0.072073  0.000000 -0.000000  0.275927  0.284867 -0.067947 -0.048783 -0.228781 -0.027253 -0.060903 -0.157675  0.024819 -0.049145  0.015857 -0.184323  0.119441  0.055892  0.043065  0.287383  0.279784 -0.012659  0.228956  0.297903  0.097440  0.377241  0.121512 -0.186351 -0.029140 -0.108837  0.223077  0.118230  0.225372  0.116600 -0.122732  0.181625
-0.348000  0.000000 -0.000000  0.000000 -0.196607 -0.041996  0.123164  0.010864  0.069645  0.115828  0.055564 -0.075676  0.092154  0.000420  0.035159  0.122176  0.105230 -0.281418  0.062932 -0.294873 -0.291016  0.201208 -0.092845 -0.384700 -0.028951 -0.007151 -0.174590  0.071052  0.084079  0.409762  0.033677  0.209340 -0.080758 -0.086902  0.195092
-0.000000  0.000000  0.000000 -0.348000  0.184236  0.023771  0.262009  0.032292  0.146721 -0.072194 -0.140655 -0.120325  0.346833  0.336875 -0.143011 -0.094681  0.010270 -0.057132  0.290925  0.158715 -0.068451 -0.113298  0.061632  0.103959 -0.278731  0.144711 -0.060259  0.036475  0.024920 -0.109356  0.159641  0.043976 -0.358974 -0.173834  0.050023
 0.072073  0.000000 -0.000000 -0.275927 -0.140863 -0.094515 -0.204027  0.051079  0.015068 -0.305050 -0.114059 -0.303391 -0.108604  0.101986  0.000667  0.065822  0.143460 -0.026947 -0.234220  0.083568  0.214229 -0.108514 -0.186988  0.066444  0.129396  0.099826  0.025552  0.206291 -0.216736  0.452705  0.276594 -0.171934  0.018610 -0.104638 -0.037384
 0.000000  0.000000 -0.000000  0.348000  0.209141  0.197958 -0.079629 -0.008493 -0.149030  0.099942 -0.243936  0.132756  0.190273 -0.102565 -0.140708  0.212166  0.014712 -0.197182 -0.246952  0.076324  0.053655 -0.193913 -0.461418  0.039665  0.071871  0.104386  0.068176  0.044355 -0.019110  0.009688 -0.024767  0.121729 -0.407376  0.045181  0.035482
 0.000000 -0.000000 -0.348000 -0.000000  0.012234  0.348441 -0.068831 -0.127454 -0.107343 -0.117509  0.015997 -0.119377 -0.057748  0.106938 -0.086131 -0.208036 -0.441825 -0.023777 -0.019698 -0.255593 -0.124065  0.040104  0.121650  0.326461  0.037599 -0.039128 -0.100458  0.025339  0.043328  0.301843 -0.249671 -0.124186 -0.177519  0.102868  0.068288
 0.000000  0.348000  0.000000 -0.000000 -0.060635 -0.329788 -0.010950 -0.236258 -0.151597 -0.073729  0.059594  0.184569  0.010457  0.231520  0.212822  0.107452 -0.379607 -0.229559  0.237115  0.166738 -0.049411  0.134828 -0.224114 -0.040042  0.075808  0.012533  0.340127  0.024455  0.078921  0.048993 -0.039044 -0.149271 -0.019474 -0.091516 -0.131469
 0.000000  0.000000  0.348000 -0.000000  0.211119 -0.168629 -0.130599  0.143112  0.114443  0.228663  0.043757 -0.355006  0.229273 -0.023609  0.078981 -0.142208 -0.111248 -0.166772 -0.092874  0.119539 -0.179738 -0.009446  0.083276  0.081643  0.263750  0.050231 -0.119981  0.363769  0.185785 -0.002423 -0.200988 -0.054410  0.055972  0.218042 -0.197423
-0.000000  0.348000  0.000000 -0.000000  0.027439 -0.083693  0.014378  0.054828  0.139670  0.177535  0.124116 -0.074849  0.192786  0.071140 -0.500955  0.297130 -0.053452  0.201426 -0.049153 -0.082585  0.219627  0.002801 -0.007786  0.075365 -0.264249  0.045508  0.118029 -0.024212 -0.027260  0.233369 -0.267962  0.126854  0.259725  0.030790 -0.099252
-0.000000 -0.348000 -0.000000  0.000000  0.006397 -0.088615  0.020545  0.204479 -0.189821 -0.136226 -0.173482 -0.105996 -0.357330 -0.086601 -0.251258  0.088852 -0.226717 -0.082648  0.117272  0.000610 -0.059415  0.030625  0.172369 -0.184525 -0.191913  0.147168  0.375468  0.267687  0.029044 -0.029875 -0.004689  0.270366 -0.053289  0.127272 -0.146321
-0.072073  0.275927 -0.000000  0.000000  0.117423 -0.133098  0.007396  0.034080  0.181964  0.057594  0.070134  0.145934 -0.361904  0.257034 -0.309322 -0.242572 -0.035287 -0.358515 -0.183119 -0.089511 -0.092424 -0.254136  0.013958  0.018547  0.081750 -0.016755 -0.027105 -0.043219 -0.078220 -0.141724  0.257856  0.068743  0.106842  0.236558  0.228901
-0.000000 -0.000000  0.000000 -0.348000 -0.017472  0.312555 -0.108952 -0.226896 -0.206389  0.276129 -0.123743  0.006268 -0.059667  0.065690 -0.028841  0.231356  0.093209  0.053159  0.259321  0.149793 -0.298926 -0.274150 -0.093482 -0.126919  0.044812 -0.182389  0.000086  0.140473 -0.255746 -0.016401 -0.093653 -0.063793  0.213464  0.222603  0.043788
-0.348000 -0.000000 -0.000000 -0.000000  0.164680 -0.034216 -0.041582  0.238629 -0.017063 -0.229048 -0.157280 -0.072469  0.037146 -0.016585 -0.195036 -0.334832 -0.077484  0.102984  0.228717  0.015633  0.181259  0.083320 -0.340715 -0.175874  0.168206 -0.375651 -0.036540  0.024096 -0.170978 -0.110094 -0.232792 -0.009643  0.107270 -0.138928  0.060278
-0.000000 -0.000000 -0.348000  0.000000  0.184601  0.015693 -0.095093  0.117407  0.188396  0.235327 -0.119239 -0.236560  0.103467  0.017044  0.231212 -0.141014 -0.164174  0.180666 -0.046024  0.220006  0.007178  0.091225 -0.066640 -0.264269 -0.024789  0.037088  0.229810 -0.358144  0.009677  0.160986  0.235107  0.092833  0.037305  0.326905  0.048542
-0.072073  0.000000 -0.275927 -0.000000  0.296574 -0.226305  0.182561  0.078833 -0.046550  0.146156  0.411130  0.148123 -0.275744 -0.090947  0.102930 -0.105908  0.128903  0.251397  0.078242  0.125863 -0.043482 -0.141719 -0.143885 -0.036404 -0.046373  0.236311 -0.149144  0.242706 -0.168320  0.175106 -0.154844 -0.060101 -0.206988 -0.018042 -0.068293
-0.000000  0.000000  0.348000  0.000000  0.328785  0.138816 -0.072297 -0.145649 -0.370708  0.097089  0.232692 -0.277501 -0.118323  0.115649 -0.064656 -0.191994  0.238044 -0.006269  0.071736 -0.242150  0.028460  0.005465 -0.016725 -0.084462 -0.004503  0.101564  0.285392 -0.323450  0.085277  0.103156  0.025605 -0.097044 -0.057296 -0.146622 -0.027467
-0.000000 -0.000000 -0.000000 -0.348000  0.139923  0.074466  0.029189  0.224030 -0.119580 -0.016331  0.170292  0.244585  0.091628 -0.429280 -0.242468 -0.007100 -0.070637 -0.021012 -0.080853  0.142717 -0.302125  0.220330 -0.144012  0.240650  0.064769 -0.084228  0.100068 -0.065932  0.213613  0.110704  0.293316 -0.051839  0.123604 -0.095793  0.017347
-0.348000  0.000000  0.000000 -0.000000 -0.104258  0.052000  0.233722 -0.056416  0.177880  0.039041 -0.170870 -0.019443 -0.091380  0.085388 -0.209990  0.105385  0.042823  0.163406 -0.192255 -0.007939 -0.260528  0.190449  0.066092 -0.019764  0.306149  0.207805  0.103007 -0.182522 -0.201562 -0.130970 -0.021544 -0.299975 -0.145605 -0.012042 -0.386077
 0.000000 -0.348000  0.000000 -0.000000  0.140640 -0.198107 -0.296139 -0.023080  0.059878 -0.061025  0.021796  0.165432  0.100660 -0.006127 -0.168072  0.160682 -0.231298 -0.063634  0.199718 -0.197504  0.034458 -0.227009 -0.069350 -0.192745 -0.053678  0.149434 -0.362048 -0.259974  0.086983  0.048657  0.124203 -0.305667  0.091298  0.059881 -0.215723
 0.000000 -0.000000 -0.348000 -0.000000 -0.143181 -0.180866 -0.111595  0.174427 -0.298231  0.194938 -0.173450 -0.244786 -0.158334  0.241716 -0.029862  0.060645  0.151279  0.019786 -0.003492  0.004607 -0.136252  0.044356 -0.232873  0.223197  0.033540  0.149989 -0.213087 -0.107295  0.324114 -0.228526 -0.055040  0.118515  0.179663 -0.203704 -0.035184
 0.348000  0.000000 -0.000000 -0.000000  0.290376  0.096582  0.433902  0.122128 -0.157550 -0.102540 -0.029678  0.065461  0.000958  0.331965  0.079595  0.169735 -0.069608  0.105265 -0.173367 -0.215805  0.017202  0.149094 -0.089667 -0.188990  0.126898 -0.259434 -0.182105  0.116158  0.049963  0.035061  0.154905  0.058106  0.118957  0.097043 -0.229453
-0.000000  0.000000 -0.348000 -0.000000 -0.025718 -0.121277  0.034558 -0.012556 -0.203050 -0.110503  0.046875  0.061826  0.230466  0.000835 -0.147989 -0.090937  0.246069 -0.209582 -0.177346  0.212722 -0.016568 -0.316402  0.375550 -0.246310  0.144285 -0.270671  0.112766 -0.091077  0.169609  0.125472 -0.162062 -0.030810 -0.038221 -0.092416 -0.198353
 0.348000  0.000000 -0.000000 -0.000000 -0.040090 -0.232830 -0.243410  0.122770 -0.040537 -0.314858  0.040809  0.099926  0.221730  0.113643 -0.056978 -0.087925  0.237100  0.075528 -0.020949 -0.136406 -0.423462  0.194480 -0.081105 -0.016623 -0.027851  0.103843  0.073866 -0.117894 -0.297084 -0.043441 -0.229016  0.075277 -0.086100  0.246430  0.104853
 0.000000  0.000000 -0.000000 -0.348000  0.084643 -0.024024 -0.366900  0.215269  0.036348  0.353952 -0.139551  0.362493 -0.087234  0.163212  0.084102  0.032439  0.064704 -0.044853  0.000588 -0.177300  0.263482  0.226961  0.205159  0.033961  0.155425 -0.103277  0.033677  0.009907 -0.051100  0.052287 -0.084102  0.126752 -0.293138 -0.084681 -0.104367
-0.000000 -0.348000  0.000000 -0.000000 -0.013930 -0.187362 -0.056770 -0.172574  0.181949  0.031840  0.351623 -0.218674 -0.130955  0.163121 -0.152935  0.304406 -0.001867  0.054898 -0.062411  0.161623 -0.005076  0.118754 -0.106438  0.125397  0.043627 -0.475996  0.051781 -0.072547  0.083466 -0.088688 -0.004959 -0.006877 -0.297016  0.072828  0.161693
 0.348000  0.000000 -0.000000  0.000000 -0.396944 -0.137268  0.162290 -0.007054 -0.081163  0.297597  0.089345 -0.111574  0.130039 -0.168973 -0.220578 -0.208754 -0.186792  0.134064  0.202809 -0.185296  0.074683 -0.168664 -0.077758 -0.062573  0.373475 -0.004917  0.026778 -0.010116 -0.142107 -0.022676  0.186436  0.123301 -0.185546 -0.067210 -0.023759
 0.348000
