18 29
 0.000012 -0.000052  0.000060 -0.230332 -0.706978  0.000044  0.000004  0.000053 -0.000067 -0.000117  0.000030  0.000069  0.000031 -0.000065  0.000004 -0.000064  0.000021 -0.000025 -0.122132  0.500678 -0.076977  0.338686  0.065959 -0.126110  0.031433 -0.112987 -0.060731  0.146068 -0.043221
 0.000000 -0.000000  0.173222  0.000000 -0.000000  0.000000  0.000000  0.000000  0.000000  0.057741  0.707107  0.000000  0.000000  0.000000 -0.000000 -0.000000 -0.000000  0.000000  0.267318  0.158926 -0.058800 -0.141142  0.015961  0.481464  0.227519 -0.113281 -0.081637  0.207024 -0.019558
 0.000007 -0.707127  0.000002 -0.000011 -0.000008  0.000036 -0.000010  0.000019 -0.000029 -0.000008 -0.000010  0.000001  0.000018  0.000032  0.230717 -0.000001 -0.000015  0.000019 -0.031726 -0.130062 -0.132301  0.105819  0.003955  0.123273 -0.225189 -0.364382  0.378799  0.063968 -0.232034
-0.000035 -0.000253 -0.000280  0.042425 -0.000302 -0.173726  0.000004 -0.000006 -0.000406 -0.000140  0.000077 -0.000093 -0.000778  0.000133  0.010930 -0.000068 -0.000066  0.708144 -0.195577  0.131798  0.285728 -0.071927  0.004906  0.256558 -0.462889 -0.022813 -0.187849  0.016940  0.088261
 0.707153  0.000044  0.000025  0.043173 -0.000064  0.000155 -0.000062 -0.000029  0.000301 -0.000240  0.000173  0.000256  0.000409 -0.000216 -0.010175  0.174740 -0.000086  0.000010 -0.342792 -0.126683 -0.421921  0.026457  0.295184  0.175749  0.018818  0.068420 -0.121550 -0.012747  0.131026
-0.000007  0.000059 -0.000059  0.230221 -0.707235 -0.000012 -0.000004  0.000049  0.000028  0.000117 -0.000031  0.000015 -0.000009 -0.000008 -0.000034  0.000007 -0.000021 -0.000130  0.122323 -0.500582  0.076771 -0.338372 -0.066133  0.125944 -0.031153  0.113027  0.060811 -0.146101  0.043099
 0.000000  0.000000  0.173223 -0.000000 -0.000000  0.000000 -0.707107  0.000000  0.000000 -0.057740 -0.000000 -0.000000 -0.000000 -0.000000  0.000000  0.000000 -0.000000  0.000000 -0.091867 -0.023952 -0.101721 -0.076768 -0.183919 -0.072528 -0.127272  0.348444  0.142558  0.492021 -0.047960
 0.000011 -0.707086 -0.000002  0.000001  0.000002 -0.000024  0.000010 -0.000005 -0.000013  0.000008  0.000010 -0.000007  0.000037 -0.000020 -0.230764 -0.000020  0.000015 -0.000034  0.031860  0.129842  0.131942 -0.105884 -0.004107 -0.123506  0.225496  0.364281 -0.378829 -0.063965  0.232078
-0.000023  0.000099  0.000034  0.000093  0.000015 -0.000027  0.000031  0.000011 -0.173245  0.000023 -0.000056 -0.707438  0.000091  0.000072 -0.056575 -0.000001 -0.000008  0.000038  0.023833 -0.128394 -0.082860  0.241395 -0.367435  0.052218 -0.005350 -0.175558 -0.017903  0.062064  0.459749
 0.000134  0.000094  0.000033  0.000014  0.000099 -0.000088  0.000032 -0.000035 -0.173437  0.000024 -0.000056  0.706775 -0.000009 -0.000224 -0.056619  0.000052 -0.000008  0.000226  0.024270 -0.128263 -0.082582  0.241127 -0.367906  0.051843 -0.005437 -0.176008 -0.017638  0.062218  0.460378
-0.000000  0.000000 -0.000000 -0.000000  0.000000 -0.000000 -0.000000 -0.000000 -0.000000 -0.938070  0.000000 -0.000000  0.000000  0.000000 -0.000000 -0.000000  0.000000  0.000000  0.224836 -0.068310 -0.001227  0.095714  0.175010  0.007150 -0.067083 -0.047845 -0.116591  0.062555  0.025860
 0.000555  0.000004 -0.000090 -0.043156 -0.000150  0.000127  0.000457  0.000045 -0.000129  0.000397  0.000005 -0.000201 -0.000575  0.707669  0.010370  0.173983  0.000025 -0.000024  0.000514  0.107814  0.111298 -0.323119  0.243313 -0.190628  0.026432 -0.191164  0.242730  0.147875  0.353523
 0.000000 -0.000000 -0.938070  0.000000 -0.000000 -0.000000 -0.000000 -0.000000 -0.000000  0.000000 -0.000000 -0.000000  0.000000 -0.000000 -0.000000  0.000000  0.000000 -0.000000  0.064785  0.049721 -0.059349 -0.079994 -0.061954  0.151123  0.037422  0.087102  0.022690  0.258125 -0.025044
-0.000004 -0.000001 -0.000001  0.000001  0.000012 -0.000003  0.000011 -0.000003 -0.000001 -0.000002 -0.000003 -0.000008  0.000000  0.000002 -0.938006  0.000002 -0.000002 -0.000002  0.012127 -0.010917 -0.055285  0.019085  0.052252  0.067407 -0.143570 -0.125467  0.227561 -0.005581 -0.144965
 0.000000 -0.000003  0.000012  0.937766 -0.000004  0.000048  0.000045 -0.000019 -0.000038  0.000026  0.000009 -0.000002 -0.000028 -0.000015 -0.000011 -0.000001  0.000012  0.000026 -0.001809  0.261277 -0.045179  0.112394  0.010290 -0.138604  0.044669 -0.095852 -0.003038  0.082648 -0.017696
 0.000000 -0.000000 -0.000000 -0.000000  0.000000 -0.000000  0.000000 -0.000000  0.000000 -0.230963 -0.000000 -0.000000 -0.000000  0.000000  0.000000 -0.000000  0.707107 -0.000000 -0.366286  0.184475  0.013375 -0.211516 -0.305465  0.123205  0.225040 -0.018850  0.181128 -0.198070 -0.044911
-0.707061  0.000027  0.000025  0.043102 -0.000069  0.000220 -0.000061 -0.000136  0.000257 -0.000239  0.000173  0.000413  0.000404 -0.000029 -0.010179  0.174882 -0.000085  0.000126 -0.342829 -0.126628 -0.421929  0.026056  0.295490  0.175426  0.018993  0.068092 -0.121265 -0.012502  0.131542
-0.000000  0.000000 -0.173222  0.000000 -0.000000  0.000000  0.000000  0.000000  0.000000 -0.057741  0.707107 -0.000000  0.000000 -0.000000  0.000000  0.000000  0.000000  0.000000 -0.267134 -0.159014  0.059132  0.141360 -0.016085 -0.481464 -0.227323  0.113347  0.081904 -0.207010  0.019577
-0.000152 -0.000238 -0.000282  0.042538 -0.000147 -0.174535  0.000004  0.000289 -0.000513 -0.000141  0.000078  0.000095 -0.000645  0.000589  0.010952 -0.000186 -0.000066 -0.706068 -0.196051  0.132242  0.285880 -0.072129  0.004460  0.257235 -0.464490 -0.023024 -0.188838  0.016838  0.088356
-0.000032 -0.000115  0.000365  0.041709  0.000006  0.175899  0.000051 -0.000193 -0.000041 -0.000141 -0.000187  0.000189  0.707280 -0.000191  0.010637  0.000069  0.000168 -0.000363 -0.099332 -0.063908  0.344453  0.316080  0.191266  0.221659  0.149572  0.208819  0.268132  0.025931  0.100973
-0.000000 -0.000000  0.000000 -0.000000 -0.000000 -0.000000 -0.000000  0.000000  0.000000  0.230963  0.000000  0.000000  0.000000  0.000000  0.000000 -0.000000  0.707107  0.000000  0.366213 -0.184491 -0.013606  0.211348  0.305414 -0.123188 -0.225237  0.018753 -0.181334  0.198041  0.044897
-0.000007  0.000048 -0.000024  0.000100  0.000005  0.000124 -0.000062  0.707040  0.173636  0.000023 -0.000010  0.000071  0.000100 -0.000164 -0.056442  0.000107  0.000001  0.000063 -0.249805 -0.255543  0.218805  0.013387 -0.020416 -0.083273  0.216981 -0.283482 -0.244054  0.283401 -0.127777
-0.000100 -0.000035  0.000024 -0.000063  0.000097 -0.000082  0.000062  0.707174 -0.173616 -0.000023  0.000010 -0.000024  0.000010  0.000086  0.056415 -0.000008 -0.000001  0.000231  0.249731  0.255382 -0.218832 -0.013193  0.020532  0.083279 -0.216661  0.283555  0.244157 -0.283350  0.127791
 0.000025 -0.000029 -0.000242  0.000048 -0.000058  0.936615 -0.000017  0.000073 -0.000229  0.000001  0.000099 -0.000006  0.000157  0.000009  0.000070 -0.000221 -0.000088 -0.000063 -0.035224  0.073311 -0.023030 -0.145916 -0.070365  0.012053 -0.228923 -0.087146 -0.170823 -0.003494 -0.004995
-0.000369  0.000008  0.000090  0.043201  0.000076  0.000052 -0.000458  0.000032  0.000168 -0.000397 -0.000005  0.000498  0.000905  0.706543 -0.010447 -0.174239 -0.000025  0.000480 -0.000536 -0.108232 -0.111831  0.323817 -0.243662  0.190706 -0.025884  0.191409 -0.243064 -0.148007 -0.354045
-0.000030 -0.000012  0.000021  0.000010  0.000009  0.000013  0.000035  0.000005  0.937877  0.000000 -0.000017  0.000004  0.000003 -0.000010 -0.000004  0.000006 -0.000004  0.000000  0.101360  0.047461 -0.111011  0.084109 -0.128430  0.050158 -0.082774  0.039849  0.083753 -0.081862  0.217478
 0.000028  0.000170 -0.000366 -0.041734  0.000016 -0.176544 -0.000050  0.000084  0.000033  0.000142  0.000187 -0.000091  0.706931 -0.000137 -0.010566  0.000026 -0.000168  0.000498  0.099415  0.064585 -0.343352 -0.317106 -0.191108 -0.221846 -0.150527 -0.209382 -0.267908 -0.025628 -0.100284
-0.000082 -0.000028  0.000024 -0.000055  0.000023  0.000082 -0.000147 -0.000046 -0.000067 -0.000058 -0.000066 -0.000035  0.000051  0.000030 -0.000060  0.937151  0.000023 -0.000020  0.127660  0.007247  0.115984  0.110337 -0.200651  0.005398 -0.016978  0.045619 -0.045047 -0.050286 -0.180426
 0.000000  0.000000 -0.173223  0.000000  0.000000  0.000000 -0.707106  0.000000 -0.000000  0.057741 -0.000000  0.000000 -0.000000 -0.000000  0.000000 -0.000000  0.000000 -0.000000  0.091936  0.024166  0.101916  0.076402  0.184220  0.072293  0.127293 -0.348645 -0.142136 -0.491857  0.048526
 0.938070
