7 40
-0.437931 -0.000000  0.000000  0.000000  0.000000  0.000000  0.000000 -0.081616 -0.133650 -0.045071  0.099658 -0.045104 -0.179013  0.177440  0.141988 -0.389527  0.020811  0.237496 -0.090127 -0.141212 -0.371815  0.110102 -0.134343  0.025754  0.170761 -0.093877  0.017876 -0.002465 -0.120040  0.197195  0.320158  0.010344  0.126141  0.197816  0.071897  0.013699  0.010081 -0.020038  0.022625  0.157084
 0.000000  0.000000  0.000000  0.000000 -0.437931 -0.000000  0.000000 -0.169720 -0.068534  0.009794  0.166749 -0.082633 -0.335417 -0.260273  0.080500 -0.034152 -0.085511  0.262922 -0.091935  0.115933  0.042836  0.047818  0.237404 -0.392899  0.038353  0.028344 -0.012426 -0.043731  0.113012 -0.242011 -0.099605 -0.219313  0.063900 -0.099790 -0.038318  0.184623 -0.170218 -0.084104  0.021169  0.138256
 0.437931  0.000000 -0.000000 -0.000000 -0.000000 -0.000000 -0.000000 -0.256930  0.026187 -0.430733 -0.124779 -0.219620 -0.209896  0.167290 -0.258254 -0.056744  0.008170 -0.005507  0.067856 -0.064019 -0.203299  0.033258 -0.116296 -0.001905  0.001388 -0.099092 -0.164381 -0.110686 -0.207046 -0.184558  0.072950 -0.126693  0.222125  0.013316 -0.152845 -0.025430  0.154747  0.001811 -0.094411 -0.177978
 0.000000  0.000000  0.437931 -0.000000 -0.000000  0.000000 -0.000000  0.528627  0.139146 -0.034025 -0.070295  0.061217 -0.153465 -0.089544  0.009833 -0.208616 -0.281595 -0.036170  0.051585 -0.048835 -0.218470  0.079110  0.033938  0.051187 -0.013535  0.056005 -0.016811 -0.117961  0.191767 -0.045904 -0.197755  0.027261  0.170392  0.002665 -0.351559 -0.137360  0.041039  0.078371  0.044120  0.058658
-0.000000  0.000000 -0.000000 -0.437931  0.000000 -0.000000 -0.000000 -0.209990 -0.230155 -0.043811 -0.084006  0.104027 -0.106253 -0.151740  0.067404 -0.156405 -0.108646 -0.194164 -0.109863  0.097219  0.000355  0.132452 -0.141322  0.141477 -0.276284 -0.181428  0.098665  0.421886  0.055494  0.002619 -0.236758  0.089020  0.010624  0.047083 -0.114006  0.081775  0.202600 -0.235520 -0.068357  0.110608
 0.000000 -0.000000  0.437931  0.000000  0.000000  0.000000  0.000000 -0.056782 -0.013964  0.180273 -0.057117  0.083191 -0.026762 -0.155083 -0.159644  0.059078  0.102634  0.003804 -0.054993  0.273708 -0.071486  0.061222 -0.031465 -0.111924 -0.212590  0.000455 -0.003062  0.066166 -0.300849 -0.112280  0.289989  0.074463 -0.207668  0.361331 -0.095712  0.141222 -0.128639  0.074746  0.261809 -0.248400
-0.096709  0.000000  0.000000  0.000000  0.000000 -0.000000  0.341222 -0.317724  0.146017  0.142379 -0.089714  0.037122  0.130340 -0.098685 -0.171263 -0.153289  0.048894  0.035617  0.218709  0.082130 -0.207866  0.220792  0.337917 -0.069821 -0.128825 -0.107966 -0.172248 -0.101234  0.383710  0.097101  0.025267  0.024102 -0.083929 -0.000464  0.102543 -0.218566  0.247119  0.065780 -0.024062 -0.126797
 0.000000 -0.000000  0.000000 -0.000000 -0.437931  0.000000 -0.000000 -0.065891  0.226257 -0.073517  0.117414  0.163518  0.157734 -0.168731  0.071803 -0.110560  0.075512 -0.184346  0.217119 -0.217610  0.037239 -0.056233  0.043241  0.255456 -0.104170  0.405936 -0.152438  0.130975 -0.084639 -0.001663  0.341386  0.011408  0.119295 -0.021563 -0.130280  0.013794  0.013107 -0.236458 -0.027373  0.040072
 0.000000 -0.000000  0.096709 -0.000000 -0.000000 -0.341222  0.000000 -0.025852 -0.074599  0.042189  0.051961 -0.222309  0.203072  0.071596  0.005334  0.109115 -0.207948  0.027528 -0.240629 -0.134500  0.077562  0.132118 -0.216145 -0.212855 -0.481904  0.140069  0.089591 -0.293721  0.048217 -0.001585  0.196150  0.005526  0.081618 -0.123457  0.075438 -0.101364  0.203073 -0.111376  0.103647  0.176225
 0.096709  0.000000 -0.000000  0.341222  0.000000  0.000000  0.000000 -0.018901  0.222865 -0.067684  0.338007 -0.202431  0.078643 -0.033187 -0.007738 -0.213989 -0.179417 -0.002213 -0.105394  0.296633 -0.306456 -0.348744 -0.055341  0.158006 -0.159284 -0.087118 -0.038093  0.163365 -0.027110  0.062562 -0.118632  0.041039 -0.226284 -0.200489  0.119623  0.137421  0.078688 -0.070665  0.131559  0.042288
-0.000000 -0.000000 -0.437931 -0.000000 -0.000000  0.000000 -0.000000  0.092058 -0.171140  0.018755  0.001004  0.201162  0.036328  0.177177 -0.114104 -0.276659 -0.170732  0.135844  0.242767 -0.040540 -0.057524 -0.009024 -0.122295  0.055197 -0.282934  0.200033  0.115283 -0.140871  0.073514 -0.205111 -0.150933 -0.238480 -0.208256  0.234271 -0.071103  0.035626 -0.170138 -0.016441  0.188111 -0.168158
-0.437931  0.000000  0.000000  0.000000  0.000000 -0.000000  0.000000  0.128277 -0.039781 -0.095001  0.037349 -0.166115  0.086382 -0.124017 -0.151820  0.162382  0.192402 -0.023316 -0.055575 -0.153332 -0.153395 -0.226836 -0.177058 -0.224793  0.121419  0.156195 -0.090517  0.109667  0.100036 -0.328405 -0.171796  0.002819 -0.086703  0.109258 -0.028288  0.020544  0.338875 -0.189655 -0.110067 -0.261804
-0.096709  0.000000 -0.000000  0.000000  0.000000  0.000000 -0.341222 -0.180408  0.153511  0.179478  0.021613  0.166217 -0.176069  0.076364  0.023100 -0.034458 -0.160369  0.223442  0.019179 -0.118875 -0.007402 -0.066361  0.022035 -0.044765 -0.136127 -0.071897  0.053415 -0.115569 -0.153299 -0.069861  0.009502  0.373880 -0.232908 -0.240270 -0.189498 -0.190099 -0.049033 -0.081010 -0.410444 -0.229193
-0.096709 -0.000000 -0.000000  0.341222 -0.000000  0.000000 -0.000000 -0.239282 -0.238034  0.199716 -0.173813  0.157429 -0.052104 -0.171815  0.142717  0.155508 -0.300439 -0.267951  0.212616 -0.220733 -0.145827 -0.117476 -0.154430 -0.054033  0.071175 -0.189039 -0.037464 -0.014959 -0.029422 -0.016440 -0.034670  0.025324  0.262509 -0.177080  0.022115  0.060778 -0.038321 -0.016953  0.297661 -0.174899
 0.000000  0.000000  0.000000  0.000000  0.000000  0.000000  0.437931  0.067583  0.105577  0.039635  0.088879  0.212819  0.306586  0.085578  0.069069 -0.244037  0.066545  0.088828  0.116221  0.214262  0.161845 -0.066639 -0.130886 -0.291617  0.080120 -0.175790  0.152361 -0.101886 -0.328847 -0.093954 -0.109926  0.112675  0.291175 -0.076030 -0.123403  0.044218  0.055927 -0.188530 -0.089867 -0.019943
 0.042839  0.369496  0.025596 -0.000000 -0.000000 -0.000000  0.000000 -0.134818  0.226638  0.075134 -0.503569  0.130364 -0.080127  0.018917  0.218833 -0.038037  0.159273  0.129236 -0.143691  0.100149 -0.123026 -0.083915 -0.116233  0.057831  0.066606  0.285719  0.187579 -0.170419  0.037382  0.080306 -0.065886 -0.119255 -0.079473 -0.139390 -0.018885  0.295165  0.233887 -0.003817  0.050876  0.009344
 0.000000 -0.437931 -0.000000  0.000000  0.000000  0.000000  0.000000  0.048799 -0.107257  0.088025 -0.333640 -0.115915  0.333903  0.012175 -0.040213 -0.091896 -0.262231  0.277043 -0.159533  0.045539 -0.071864  0.134459  0.101010  0.062376  0.088811  0.207398 -0.067413  0.304539 -0.074536 -0.057832  0.066767 -0.072962  0.106909 -0.222070  0.024136  0.183209 -0.043277  0.113861 -0.142687 -0.181075
-0.000000  0.000000 -0.437931  0.000000 -0.000000  0.000000 -0.000000  0.208851  0.145322  0.177496  0.014659  0.094884 -0.234454 -0.409484 -0.182876 -0.002236 -0.028352  0.115728 -0.260278  0.150602  0.096512  0.016379 -0.105758  0.145528  0.023560 -0.081191  0.015225  0.012055 -0.122341 -0.028877  0.212527 -0.046407  0.202808 -0.040671 -0.011423 -0.260121  0.275528  0.129144  0.132484 -0.093396
 0.000000 -0.000000  0.000000 -0.000000 -0.000000  0.437931  0.000000 -0.138996 -0.082955 -0.029546  0.025054 -0.239790  0.207842 -0.366732  0.003582  0.088081 -0.148975  0.096938  0.217320  0.083113 -0.004887 -0.019199 -0.346678 -0.059833  0.027367  0.052420  0.133762 -0.135372  0.013328  0.252058  0.055361 -0.126193 -0.125614  0.091580 -0.270740 -0.065074 -0.009359  0.161705 -0.226999  0.160587
 0.437931  0.000000 -0.000000  0.000000  0.000000  0.000000 -0.000000  0.030667 -0.135089  0.085087  0.029826  0.189170  0.151928 -0.064725  0.031292  0.007110 -0.138895  0.020015 -0.275468 -0.021478 -0.202450 -0.077824 -0.019359 -0.084572  0.352712 -0.014857  0.087599 -0.057794  0.275209  0.034034  0.201604  0.042972 -0.115021  0.226096  0.033378 -0.149930 -0.044709 -0.457335 -0.063928 -0.089397
 0.000000  0.000000  0.000000  0.437931  0.000000 -0.000000 -0.000000 -0.066967 -0.049327 -0.303557 -0.035404  0.172521  0.144737 -0.034482  0.206014  0.009052  0.198453  0.282939 -0.253681 -0.155317  0.216588 -0.015802  0.042103  0.062132 -0.212826 -0.231979 -0.026283  0.147835  0.248842  0.018520  0.008087  0.025943  0.048055  0.162256 -0.344041  0.017724  0.032085  0.116759  0.028460 -0.072934
 0.000000  0.000000 -0.096709  0.000000  0.341222 -0.000000  0.000000  0.014268 -0.017301  0.024962  0.028029  0.090381  0.099928 -0.212217 -0.266965  0.108624  0.337026  0.087689 -0.038493 -0.172138 -0.342832  0.167519  0.088559  0.008219 -0.077227 -0.012628  0.007301 -0.007965 -0.104580 -0.028523 -0.039094 -0.046556 -0.013232 -0.326955 -0.250315  0.066119 -0.275591 -0.238283  0.116157  0.279527
 0.000000  0.000000  0.000000  0.437931 -0.000000 -0.000000 -0.000000 -0.107025 -0.335114  0.048854  0.077856  0.107817 -0.118042  0.154362 -0.245221 -0.013878 -0.028943 -0.120080  0.005681  0.211703  0.092419  0.234668  0.099264  0.041700  0.193022  0.350858  0.099491  0.037364 -0.085453 -0.060032 -0.063367  0.208695 -0.074558  0.014309 -0.164937 -0.037153  0.303392  0.008241 -0.049073  0.268310
-0.000000  0.000000  0.000000 -0.000000 -0.000000 -0.437931  0.000000 -0.076487  0.016308  0.075013  0.011028 -0.429602  0.007905 -0.102964  0.194169 -0.017281  0.053503  0.167159  0.212712  0.030918  0.138247  0.166013  0.033435  0.225539  0.249570 -0.013629  0.116162  0.018890 -0.101983  0.110651 -0.157851 -0.018385 -0.123391  0.041853 -0.259528 -0.161436 -0.003261 -0.232424  0.237524 -0.205913
-0.000000  0.000000 -0.000000  0.000000 -0.000000  0.437931 -0.000000  0.068338 -0.219124 -0.063407 -0.143514 -0.165278  0.106478 -0.096148  0.347093 -0.104739  0.047319 -0.028417 -0.129860 -0.034421 -0.003207  0.023173  0.309016  0.165667 -0.105540 -0.030742 -0.110382 -0.280520 -0.289493 -0.276810 -0.065404  0.081959 -0.112644 -0.002613  0.137181 -0.211793  0.115328 -0.145202  0.143110  0.037069
-0.000000  0.000000 -0.000000 -0.000000  0.437931 -0.000000  0.000000  0.069340 -0.068867  0.027433  0.153629  0.024597 -0.143150 -0.083868  0.183899 -0.210246 -0.060451 -0.110163  0.049860  0.065787  0.281169  0.118282 -0.070339 -0.064211  0.052365  0.034691 -0.469983 -0.126664  0.106568  0.004037  0.235512 -0.148046 -0.150175 -0.148979 -0.111552  0.324249  0.106230 -0.129822 -0.089407 -0.123876
 0.000000  0.000000 -0.000000 -0.000000  0.000000  0.000000  0.437931  0.080231 -0.131209 -0.276693 -0.170905 -0.008515 -0.266002 -0.132176 -0.156074 -0.092546 -0.101146  0.029462 -0.108659 -0.236940  0.147964 -0.190058  0.054982 -0.181199 -0.052435  0.200782 -0.016891  0.074225 -0.151361  0.406180 -0.038892  0.169517 -0.240085 -0.108035  0.059842 -0.090600 -0.124011 -0.054974  0.077562 -0.110170
 0.000000  0.000000  0.000000 -0.000000  0.000000  0.437931 -0.000000 -0.101780  0.226977  0.303157 -0.006213 -0.305298 -0.060329  0.223829 -0.281013 -0.135094 -0.011992  0.014797 -0.143806 -0.195463  0.259870  0.020949 -0.053551  0.034280  0.013641  0.002680  0.031451  0.020689  0.203980  0.017272 -0.038332  0.206018  0.176244  0.056961 -0.114866  0.170280 -0.063050 -0.202077  0.261702 -0.041766
-0.000000 -0.437931 -0.000000 -0.000000  0.000000 -0.000000  0.000000  0.014861  0.194206 -0.235262  0.006505  0.050338 -0.061156 -0.141577 -0.003513 -0.087934  0.010577 -0.169233  0.083466 -0.192409  0.052535  0.136838  0.028365 -0.004459  0.123005 -0.170728  0.511562 -0.152590  0.069925 -0.161846  0.167335  0.076260 -0.261567 -0.073406  0.078508  0.260887  0.170942  0.065255  0.099426  0.014957
-0.437931  0.000000 -0.000000  0.000000 -0.000000 -0.000000  0.000000 -0.125847  0.109895 -0.315498 -0.173887  0.057273  0.047277  0.102136 -0.179990  0.120559 -0.242279 -0.198983 -0.188938  0.364813  0.116867 -0.054496  0.095057  0.175741  0.066230 -0.080181  0.044475 -0.197147  0.063245 -0.006386  0.114360 -0.193597  0.022073 -0.050706 -0.141877 -0.102761 -0.241631 -0.254903 -0.000512 -0.025563
-0.000000  0.000000 -0.096709 -0.000000  0.000000 -0.341222  0.000000 -0.097293 -0.042718  0.131318 -0.226124 -0.138029  0.112760 -0.246252 -0.165129 -0.281697 -0.006576 -0.135130 -0.104685 -0.093550  0.068144 -0.313196  0.056168  0.103218  0.078781 -0.091317 -0.168305 -0.237735 -0.009974 -0.150027 -0.055645  0.225706 -0.002845  0.257029 -0.061188  0.171758 -0.143804  0.171505 -0.180281  0.288121
-0.000000 -0.000000  0.000000  0.437931  0.000000  0.000000  0.000000  0.165170  0.166105  0.108017 -0.254392 -0.141247 -0.153625 -0.111890  0.001440 -0.106013  0.095733 -0.146519  0.054594 -0.018306  0.043751  0.276849 -0.119242 -0.043367 -0.187829 -0.085136  0.084329  0.121054 -0.063847  0.008195 -0.062030 -0.197326  0.008902  0.164707  0.284535 -0.053227 -0.164330 -0.292251 -0.382178  0.018558
 0.000000  0.000000  0.437931  0.000000 -0.000000 -0.000000  0.000000 -0.093155 -0.207631  0.050470  0.045525  0.158811 -0.017923 -0.081793 -0.275411 -0.156892  0.107797  0.306935  0.093313 -0.095376  0.254901 -0.183975 -0.186108  0.336581  0.061894 -0.074293  0.043322 -0.052177  0.068694 -0.132035 -0.026018 -0.255515 -0.018252 -0.195171  0.283210 -0.138565  0.043898 -0.066970 -0.007272  0.048658
-0.000000  0.437931  0.000000  0.000000  0.000000  0.000000  0.000000  0.080961 -0.285163 -0.050283  0.132022 -0.210068  0.089797 -0.097360 -0.041113 -0.240638  0.117384 -0.203719 -0.058390  0.041653 -0.028423  0.054731  0.111940  0.043332 -0.031912  0.040779  0.356653  0.031521  0.153474 -0.085778  0.196575  0.092636  0.146799 -0.242256  0.002343  0.042597 -0.179334  0.174951 -0.151537 -0.351681
 0.000000 -0.000000 -0.000000 -0.000000  0.000000 -0.000000 -0.437931 -0.099412  0.103428 -0.283052 -0.079494  0.105431  0.183523 -0.172548 -0.044211 -0.309465  0.101444 -0.033108 -0.007638  0.132684  0.085330  0.214846 -0.230760 -0.277178  0.130255  0.133725 -0.157020  0.001807  0.055432  0.060328 -0.175642  0.215834  0.043847 -0.062814  0.212560 -0.189428 -0.127872  0.043280  0.258093 -0.030261
-0.042839  0.369496  0.025596 -0.000000 -0.000000  0.000000  0.000000 -0.016294  0.127176 -0.131402  0.211942  0.121402  0.189313 -0.159474 -0.166012  0.133859 -0.355090  0.137262 -0.100053 -0.241281  0.026832  0.340214  0.119737  0.149324  0.100407 -0.060414 -0.042550 -0.081255 -0.222781  0.064998 -0.212951  0.006439 -0.001578  0.177881  0.180825  0.298545  0.078599  0.002041 -0.062723 -0.098155
 0.000000  0.389350 -0.048581  0.000000  0.000000  0.000000 -0.000000  0.123946  0.082770 -0.055653 -0.239692 -0.076408  0.102160  0.097350 -0.053067 -0.022540 -0.229251  0.097492  0.211431 -0.078110  0.101518  0.000359  0.016285 -0.180187  0.115643 -0.218438 -0.039221  0.374295 -0.001865 -0.288502  0.306828  0.006578 -0.262153 -0.096389 -0.040866 -0.111840  0.048753  0.006372  0.133028  0.292999
 0.000000 -0.000000 -0.000000  0.000000 -0.437931 -0.000000 -0.000000  0.076761 -0.069462  0.187671  0.006980  0.043093  0.137443  0.165924 -0.096428 -0.132202  0.130958 -0.276768 -0.275361 -0.138921 -0.019673  0.167994 -0.151875 -0.045976  0.109831 -0.249284 -0.162205 -0.071951 -0.122389  0.143116 -0.102090 -0.277846 -0.328997 -0.198916 -0.201190 -0.041351  0.044291  0.136385  0.008498 -0.071484
 0.000000  0.000000 -0.000000 -0.000000  0.000000  0.000000  0.437931 -0.140233  0.134899 -0.017087  0.089274  0.001714 -0.095805  0.010443  0.194235  0.119709 -0.027005 -0.005051 -0.170668 -0.001254 -0.068284  0.247802 -0.400982  0.215161  0.096881  0.136836 -0.116660  0.018299  0.117221 -0.381989 -0.039107  0.206178 -0.123322 -0.065598  0.048573 -0.120866 -0.290540  0.172411 -0.030658  0.020068
-0.000000 -0.000000 -0.096709  0.000000 -0.341222  0.000000  0.000000  0.307131 -0.218962 -0.098908 -0.148459 -0.037166 -0.032148  0.017786 -0.102656  0.194186  0.104200  0.200667  0.218238  0.221083 -0.059495  0.114518 -0.166982  0.161213 -0.066509 -0.205533 -0.176117 -0.190156  0.152854  0.105716  0.083885  0.386862 -0.018844 -0.107119  0.081111  0.280685  0.005542 -0.168523 -0.001534 -0.016584
 0.437931
