2 34
-0.242536 -0.000000  0.142357  0.124054  0.208403  0.205110 -0.067009 -0.010441  0.092533  0.092146  0.014260  0.180486  0.011430 -0.131895 -0.059256  0.120198  0.059371 -0.124727  0.224766 -0.209630 -0.174845  0.001829  0.083449  0.061819  0.309393 -0.018774 -0.224680  0.168457 -0.166696 -0.134576 -0.426810 -0.387933  0.100475 -0.107752
-0.000000  0.242536  0.193539  0.040800 -0.019885  0.070502  0.197826 -0.243599 -0.114005  0.099305  0.200417 -0.069580  0.167423 -0.158237  0.108156  0.165603 -0.200653  0.102764  0.162215 -0.067760  0.421909 -0.174110 -0.119598 -0.054578  0.149065 -0.067046  0.036601  0.188705  0.239486  0.255083 -0.114012  0.011182  0.021061  0.362174
-0.242536 -0.000000  0.129098 -0.005057  0.112561  0.100757 -0.016206  0.216849  0.102510  0.123926  0.021949 -0.044017 -0.330821  0.124688  0.133291  0.119515 -0.304411 -0.352004  0.017637  0.210277 -0.091068  0.225471 -0.366719 -0.245181  0.072562 -0.124238  0.300263  0.060651  0.187267 -0.026987  0.002354  0.048929  0.005957 -0.038151
-0.242536 -0.000000  0.177459  0.208457 -0.049383  0.278298 -0.124907  0.125883 -0.014679  0.115182  0.178014 -0.208404  0.141110  0.057847  0.055290 -0.129197  0.219650  0.112659  0.347722 -0.036291  0.168667 -0.078327 -0.019883 -0.148450  0.020961  0.076863  0.010054 -0.063968 -0.181982 -0.338433  0.154522  0.373189 -0.234252 -0.082975
-0.000000  0.242536 -0.242269 -0.065426 -0.200118  0.098435  0.173232 -0.044069  0.265134  0.162175 -0.120786  0.353961  0.005606 -0.121716  0.349409  0.120386  0.020270  0.136620 -0.108379  0.363144 -0.034513 -0.222887  0.028818 -0.055705  0.228156 -0.103524  0.049591 -0.138518 -0.190263 -0.096055 -0.074122  0.060898 -0.219281 -0.063104
 0.242536 -0.000000  0.094834  0.005549  0.144874 -0.236706 -0.090399  0.016220 -0.022951  0.127231 -0.064999 -0.410453 -0.221325  0.167553  0.224790  0.079008 -0.149964  0.008331 -0.184700  0.035142  0.174120 -0.054585  0.055202  0.054557  0.299732  0.269071 -0.131123  0.107230 -0.359505  0.052298 -0.224343  0.179332  0.028056 -0.141571
-0.000000 -0.242536  0.189236  0.158453  0.024877  0.087520 -0.006678  0.038799 -0.210838 -0.220851 -0.242470 -0.067806  0.078159 -0.300561  0.073798 -0.172711  0.148937  0.225064 -0.240765  0.042195 -0.006287 -0.265764 -0.341424 -0.215211  0.134381 -0.117139  0.228583 -0.073945 -0.049049  0.046366 -0.093979 -0.063873  0.280191 -0.174585
 0.242536 -0.000000  0.194977  0.082477  0.081312 -0.135576  0.159610  0.003370  0.129297 -0.130719  0.208382 -0.084133 -0.116784 -0.180488  0.000886  0.084262 -0.088075 -0.026284 -0.144249 -0.098090 -0.085513 -0.095588 -0.250775 -0.017281  0.152489  0.075017 -0.280088 -0.270148  0.103280 -0.431460  0.284834 -0.253289 -0.209923  0.152497
-0.000000  0.242536 -0.253837  0.130096  0.050272 -0.105456 -0.125083 -0.269969 -0.062630 -0.015346  0.192679 -0.077884  0.033333  0.012992 -0.138374 -0.488309 -0.043124 -0.355661  0.028546  0.178896  0.048620 -0.145678 -0.143544 -0.102824  0.065252 -0.170863 -0.257968 -0.195393  0.105644  0.060440 -0.189905  0.049716 -0.003665 -0.209622
 0.242536 -0.000000  0.004745  0.074622 -0.028651  0.110177 -0.377941 -0.023534 -0.022453 -0.406368  0.260066  0.367349  0.130871  0.100348  0.031199  0.182400  0.074524 -0.052738 -0.254086 -0.028957  0.221027  0.234184  0.006306 -0.130635  0.186552  0.048952  0.046338  0.181964  0.128038 -0.086792 -0.088142  0.141095 -0.111821 -0.135928
-0.242536  0.000000  0.141352 -0.138038  0.010513 -0.052353  0.217937 -0.248266  0.128137 -0.063220  0.224017  0.099974 -0.305491  0.129076 -0.325680  0.289072  0.170043  0.261339 -0.061493  0.048241 -0.011397 -0.065442 -0.147546  0.020723 -0.001111 -0.059568 -0.211496 -0.052673  0.018796  0.073352  0.015311  0.307158  0.234995 -0.270967
-0.242536  0.000000 -0.146991 -0.395626  0.238334  0.005802 -0.112853  0.305959 -0.275390 -0.124181 -0.184583  0.057949 -0.044232 -0.003981  0.006421  0.123675  0.056590 -0.123319 -0.071296 -0.191791  0.242734 -0.111358  0.025051 -0.041815  0.189548 -0.293789 -0.252626 -0.240725 -0.062205  0.058736  0.081779  0.120190 -0.092491  0.197177
 0.242536 -0.000000  0.132837  0.255640  0.155641 -0.019322  0.033894  0.052368  0.166448  0.140754 -0.021340  0.126549 -0.276875 -0.029509  0.050828  0.042617  0.489939 -0.363926  0.030530  0.013049  0.129463 -0.222490  0.289779 -0.175972 -0.009541 -0.046539  0.062313  0.001828  0.070014  0.163881  0.204290  0.026266  0.189283  0.113288
 0.000000  0.242536 -0.128136 -0.169142  0.033736  0.336533 -0.180052 -0.098790  0.035272 -0.214458  0.045354 -0.103207 -0.220983  0.050594  0.183615  0.082962  0.001018  0.056126  0.069934 -0.033087  0.103234 -0.148413 -0.142621 -0.255506 -0.389781  0.210154 -0.119674  0.060066 -0.221721  0.157077  0.143875 -0.373839  0.013970 -0.108125
 0.242536  0.000000 -0.056062  0.119205  0.218023 -0.027456 -0.110358 -0.098997 -0.134093 -0.124998 -0.022104 -0.138776 -0.100659 -0.224882  0.254011  0.179553  0.165853  0.176219  0.297967  0.182789 -0.336774  0.278291 -0.087241  0.009649 -0.129140 -0.333209 -0.214672  0.056574  0.002330  0.094609 -0.096405  0.204756 -0.106703  0.121919
 0.000000  0.242536  0.362630 -0.026363 -0.013654  0.126641 -0.247838 -0.140801 -0.117828  0.104180 -0.172832  0.206059 -0.237458  0.003684  0.075558 -0.187499 -0.102760  0.154680 -0.050859 -0.237678 -0.269820  0.011675  0.124494 -0.037387  0.039686  0.251639  0.015834 -0.358551  0.227019  0.181075 -0.091026  0.159050 -0.139699  0.051439
 0.000000  0.242536  0.179151  0.302205 -0.010222  0.085132 -0.123782 -0.067914 -0.039417 -0.117874 -0.215353  0.078905  0.030944 -0.206603 -0.258282  0.208681 -0.397882 -0.183078 -0.094663  0.108182  0.079791 -0.033008  0.123597  0.127352 -0.256609 -0.149387 -0.005349 -0.080590 -0.346723 -0.155000  0.094839  0.184745  0.176517  0.062138
 0.000000 -0.242536  0.076099 -0.284812  0.044467  0.132931  0.110313 -0.371083  0.003257  0.088743 -0.396889  0.022497  0.037313 -0.222259 -0.123078 -0.062672  0.083361 -0.226257 -0.057714  0.161984  0.112378  0.134131 -0.043570 -0.235919 -0.075014  0.267844 -0.213196  0.236318  0.073487 -0.186761 -0.037870  0.149680 -0.156209  0.076780
-0.000000 -0.242536 -0.053855 -0.176161  0.024409  0.193787  0.040666 -0.214525 -0.126946 -0.151319  0.255510 -0.242653  0.106289 -0.118897  0.011001  0.222165 -0.202839 -0.200357  0.027224  0.033440 -0.339329 -0.268841  0.411743 -0.132611  0.170621  0.002914  0.189696 -0.086472  0.033072  0.083255  0.117061  0.071841 -0.061041 -0.149827
 0.000000 -0.242536  0.099596 -0.036289 -0.181473  0.184712 -0.226339 -0.221954  0.057579  0.328393  0.093077 -0.057834  0.203827  0.060920  0.241744  0.190288  0.157606 -0.266899 -0.242298 -0.129896 -0.005431 -0.007805 -0.293894  0.366665 -0.156656 -0.130304 -0.073707 -0.201221 -0.061066  0.123993  0.007265 -0.000681  0.011953 -0.004279
-0.242536 -0.000000  0.228462  0.063132 -0.156038 -0.001223  0.205698 -0.121512 -0.017094 -0.117181  0.039959  0.010114  0.058287  0.104668  0.418989 -0.264406 -0.085147 -0.004837 -0.190814 -0.027761 -0.011690  0.319998  0.267049 -0.138514  0.079062 -0.216166 -0.305174  0.107486 -0.090387  0.043296  0.280443 -0.058989  0.199336 -0.031170
 0.000000 -0.242536  0.010077 -0.039301  0.240077 -0.064124 -0.111295  0.163941 -0.124432  0.235139  0.199370  0.215734  0.129718 -0.093742  0.198582  0.063876 -0.191158  0.144329  0.090112  0.327771  0.176306 -0.004648  0.146433 -0.076834 -0.228000  0.212404 -0.196410 -0.266633  0.191204 -0.119399 -0.070851 -0.047411  0.328394 -0.090848
-0.242536  0.000000 -0.027256  0.267558  0.236169 -0.123719  0.058204 -0.138066 -0.512985  0.109242  0.026349  0.199079 -0.102611 -0.006936  0.017699  0.056011  0.069343 -0.011888 -0.097851  0.179955  0.017894 -0.035824 -0.051156  0.245568  0.032313  0.152928  0.068295  0.174656 -0.047199  0.109258  0.296387 -0.158672 -0.346358 -0.166399
 0.000000 -0.242536 -0.069379  0.151770 -0.076087 -0.114903 -0.100840 -0.104007  0.120109  0.023930 -0.239729  0.013513 -0.223088  0.032157  0.154075  0.046696 -0.239339  0.107848  0.098132 -0.291279  0.202345 -0.263881  0.122941  0.016834 -0.176510 -0.315420 -0.069158  0.158190  0.312974 -0.157251 -0.022793 -0.005344 -0.202285 -0.331685
-0.000000  0.242536 -0.054909 -0.061942 -0.425867  0.146925 -0.197759  0.130258 -0.208472  0.053501 -0.136596 -0.262651 -0.151673 -0.171859 -0.044929  0.134262  0.147667 -0.012968  0.036213  0.209142  0.032248  0.055458  0.085287  0.226004  0.233649  0.052598 -0.132418  0.086278  0.356066 -0.155384  0.142044 -0.105018  0.234595 -0.140536
 0.000000  0.242536 -0.115005 -0.292540  0.201473 -0.205985 -0.146939 -0.170645  0.001678  0.266187  0.192244  0.021041 -0.048470 -0.410493  0.089450 -0.105026  0.052921  0.045684 -0.085440 -0.311677  0.012845  0.144943  0.003703 -0.022979 -0.025656 -0.093523  0.306858  0.134275 -0.099132 -0.249771  0.159495  0.076118  0.184928 -0.142156
 0.242536 -0.000000  0.125857 -0.145406 -0.029884 -0.003414 -0.189736  0.192870 -0.006620  0.225336  0.001909  0.226373  0.186382  0.094848 -0.114548 -0.100690 -0.187095  0.037745  0.095059  0.017789 -0.289321 -0.298241 -0.200039 -0.087019  0.109240 -0.069591 -0.255873  0.402706 -0.061038  0.136103  0.328520  0.114076  0.073180 -0.045180
 0.242536 -0.000000  0.156541 -0.156666  0.035728  0.210841 -0.002870 -0.148656 -0.303356  0.227220  0.080323 -0.024512 -0.145718  0.383218 -0.169564 -0.080172  0.050920  0.167054 -0.138044  0.173122  0.025488 -0.024997  0.140935 -0.091245 -0.051936 -0.382550  0.122828  0.015794 -0.076617 -0.314363 -0.138760 -0.225811 -0.031892  0.144880
-0.242536 -0.000000  0.305013 -0.235197 -0.019014 -0.404486 -0.343902 -0.187971  0.143113 -0.301282 -0.026139  0.022544  0.028211  0.112315  0.153044 -0.054684  0.106041 -0.053615  0.189122  0.282943 -0.029160 -0.247689  0.019347  0.176588 -0.008408 -0.002821  0.148725  0.073857 -0.010102 -0.140336 -0.010611 -0.090199  0.022423  0.207573
 0.000000  0.242536 -0.049282  0.102327  0.031082 -0.281287  0.025077 -0.176874 -0.134318  0.094124 -0.300432 -0.056516  0.385482  0.339422  0.037240  0.374695  0.103162 -0.043904  0.098092 -0.136534 -0.121080  0.046536 -0.075015 -0.362814  0.029978  0.041931  0.028963 -0.159565  0.082402 -0.122413  0.068186 -0.078609  0.118910 -0.140406
 0.000000  0.242536  0.402030 -0.163203  0.125393 -0.079228  0.052870  0.272494  0.156473  0.046847  0.017557 -0.188371  0.264539 -0.164296 -0.106334  0.050655  0.114986 -0.004981 -0.200040  0.147677  0.046096  0.040301  0.144728 -0.031562 -0.211595 -0.154501 -0.038059  0.026462  0.108699  0.185345 -0.108581 -0.118811 -0.337383 -0.350843
-0.242536  0.000000 -0.218967  0.214273  0.334392  0.135673 -0.316832 -0.109013  0.352576  0.118306 -0.070256 -0.228215  0.102641  0.051476 -0.132842  0.008045 -0.015549  0.289925 -0.348122  0.116171 -0.056535 -0.015068  0.096338 -0.049935  0.118556 -0.018164 -0.047868  0.076970  0.181188  0.046756  0.154880 -0.035285  0.010745  0.247908
 0.000000  0.242536 -0.042138 -0.023152  0.304059  0.227713  0.278275  0.101081 -0.063158 -0.174605 -0.033382 -0.018307  0.103475  0.184132  0.260611 -0.068766  0.060962 -0.111555 -0.180928 -0.076090 -0.179347 -0.251627 -0.027620  0.292922 -0.193323  0.102821 -0.018571  0.203066  0.239146 -0.270193 -0.131961  0.238780  0.151050  0.004598
 0.242536  0.000000  0.076799 -0.131866  0.338894  0.245316  0.077931 -0.160219  0.192450 -0.105517 -0.218667  0.027113  0.102634  0.126171 -0.010646 -0.118749 -0.080173  0.047133  0.307193  0.077268  0.216111  0.177013 -0.048237  0.318750  0.255480 -0.064881  0.135770 -0.191236  0.022176  0.076790  0.278263 -0.068036  0.070649 -0.254661
 0.242536
