2 39
 0.228665  0.000000 -0.022455 -0.222297  0.057709 -0.130807  0.262137 -0.148409 -0.308585 -0.180661 -0.033818 -0.146188  0.113158 -0.051097  0.252752  0.004382 -0.163001  0.030037 -0.185177  0.057017 -0.204142  0.232516 -0.190205 -0.233122  0.089360  0.037220  0.031624  0.281133  0.028617 -0.044891  0.047471  0.186282 -0.017870 -0.107855  0.308960  0.115584  0.233329  0.017811 -0.030276
-0.228665 -0.000000  0.324020 -0.021791  0.372625  0.098393  0.302706 -0.115002  0.108681  0.093922  0.160221 -0.022621 -0.068679 -0.132518 -0.026371 -0.072631 -0.053657  0.115768 -0.151277 -0.190563 -0.194314 -0.191740 -0.177447  0.083732 -0.071502  0.111834  0.082573 -0.028888  0.130551 -0.158201 -0.082374 -0.028807 -0.075632 -0.321911 -0.142407 -0.162237 -0.011820 -0.093268 -0.292493
 0.000000 -0.228665 -0.231318  0.316521  0.079122  0.227784  0.208494  0.154098  0.341876 -0.077288  0.117040  0.022048 -0.029021  0.232488  0.195814 -0.105940 -0.118152  0.084586 -0.198073  0.113611  0.006828  0.123728  0.035959  0.026712 -0.085250  0.102461 -0.112158  0.019289 -0.077804 -0.301684 -0.116464 -0.142590  0.293532  0.010221  0.173844  0.223103 -0.014962 -0.080408  0.043738
-0.000000  0.228665  0.199919 -0.088065 -0.105047 -0.026100 -0.191077 -0.082377  0.164835 -0.128469  0.267022 -0.227640 -0.117403  0.074091 -0.189189 -0.079248 -0.091720  0.223804 -0.318208  0.018029 -0.116405 -0.239065 -0.033604 -0.161381  0.265591 -0.088566  0.068430 -0.046982  0.200481 -0.075832  0.075848  0.093119  0.111306  0.178053  0.075417  0.186112 -0.233687 -0.004259  0.272385
 0.228665 -0.000000 -0.237847 -0.145811 -0.002947  0.075993  0.120101 -0.266554 -0.017899  0.017978  0.317382  0.073664  0.134499  0.028892  0.168366  0.023016 -0.115027  0.105187  0.025825 -0.002418  0.368737 -0.132305 -0.027829  0.268285 -0.100074  0.141682 -0.123697  0.163671  0.218621  0.036830  0.280106  0.065156 -0.036802  0.101290 -0.033363 -0.135385 -0.339327  0.108541 -0.103979
-0.000000  0.228665  0.091142 -0.008265 -0.235981 -0.019104 -0.165933 -0.102941  0.016030  0.272011 -0.102280  0.235497 -0.101152 -0.121766  0.225323  0.008360 -0.047240  0.172319 -0.086385 -0.093383  0.108945  0.035089 -0.027780 -0.192849 -0.208897  0.323704 -0.087231  0.090171 -0.048989 -0.174822 -0.160454 -0.128939 -0.120879 -0.275046  0.115006 -0.124091 -0.079416  0.009535  0.406371
-0.228665  0.000000 -0.416813  0.081218 -0.204097  0.107168  0.153793 -0.049278  0.010126  0.244754  0.285118 -0.208619 -0.138757 -0.175191 -0.020958  0.025654 -0.030712 -0.015210 -0.042074 -0.056276  0.087816 -0.154775 -0.204550 -0.127977  0.145395  0.056419 -0.010841 -0.005448 -0.168917 -0.000152  0.007903  0.182997 -0.088112  0.109442 -0.219652 -0.063792  0.426378  0.026451  0.123256
-0.057166  0.171499  0.017994 -0.110449 -0.013872 -0.049732  0.030180 -0.285326  0.117233 -0.117101 -0.209470  0.294770 -0.010235  0.088921  0.032146 -0.445564  0.301615 -0.103194 -0.198487  0.194473  0.088147 -0.063237 -0.051551  0.077645  0.216659  0.044452 -0.335200 -0.043612  0.044870  0.019740  0.100124  0.008869  0.146375  0.008925 -0.082069 -0.091180  0.276090 -0.121296 -0.039307
-0.228665  0.000000 -0.015126  0.184051 -0.060894  0.044944  0.087938 -0.132603  0.038737 -0.155186 -0.274777  0.067334  0.267274 -0.085577  0.143204  0.228860 -0.028282 -0.078459 -0.201370 -0.270858  0.101602 -0.199056 -0.120210  0.015051 -0.104577 -0.179159 -0.245849 -0.293550  0.047676  0.043351 -0.091118  0.281558 -0.225348  0.075476  0.180495  0.240032 -0.107169  0.015743  0.004985
-0.228665  0.000000 -0.068983 -0.278911 -0.276573 -0.113211  0.336642  0.201675  0.037744 -0.058715 -0.020442  0.311867 -0.132946  0.023410 -0.248091  0.048921 -0.276748  0.162127  0.135497  0.062897 -0.055992  0.067895  0.157919  0.271444  0.089915 -0.180151 -0.025430 -0.080111  0.083369 -0.194440  0.102578  0.144773 -0.060494 -0.151632  0.183254 -0.078827  0.048548  0.004678  0.113633
-0.000000  0.228665 -0.023206 -0.010940 -0.066092 -0.295589  0.064884 -0.034164  0.145901  0.202163  0.112939  0.040665  0.044352 -0.056532 -0.187226  0.135910 -0.072279 -0.008821 -0.176494 -0.182203 -0.023209  0.422347 -0.059904  0.005133 -0.069603  0.035456 -0.149795  0.032648 -0.256708  0.159795  0.059416  0.083570  0.161687  0.101989 -0.089948  0.070869 -0.190065 -0.455956 -0.193051
-0.228665 -0.000000  0.016158 -0.058282  0.227436 -0.101017  0.008465 -0.193684  0.115658  0.113755 -0.010906 -0.033041  0.054393 -0.209766  0.062480  0.267338 -0.025061 -0.089892 -0.107095 -0.010036 -0.094164  0.208398  0.062412  0.094480 -0.027245  0.048699  0.050780 -0.198264  0.162890  0.002231  0.278658 -0.384154  0.163003  0.314198  0.214674 -0.159415  0.190194  0.213482  0.184335
 0.000000 -0.228665 -0.023638  0.069532 -0.250662 -0.417818 -0.041786  0.095524  0.286768  0.233541 -0.054628 -0.188720 -0.028741 -0.094621  0.066744  0.098888  0.292341  0.176810 -0.040198  0.136452 -0.028667 -0.251741 -0.036875  0.089122  0.016974 -0.014868 -0.056249  0.215509  0.162943  0.129741 -0.025713 -0.055927 -0.005923 -0.115755  0.313548  0.001444  0.046011  0.016018 -0.269788
 0.228665 -0.000000  0.007512  0.098812  0.342114 -0.312375 -0.060924  0.226233  0.183082 -0.068081 -0.136114 -0.069204 -0.368118 -0.079146  0.028608 -0.136151 -0.191858 -0.196333 -0.059585 -0.100486  0.333097 -0.087888 -0.144860  0.003608 -0.162645 -0.131214  0.063847 -0.032886 -0.030668 -0.064080  0.231087  0.216052 -0.031002 -0.033376  0.074136 -0.146541  0.082448 -0.048430  0.157970
 0.057166  0.171499 -0.176457  0.006624  0.014349  0.051388 -0.045804 -0.075862  0.151505  0.006101 -0.062846 -0.023178  0.102570  0.395606 -0.184509  0.212958  0.020878 -0.187061  0.065861 -0.269890  0.013275 -0.019548 -0.011234 -0.046312  0.091140  0.214673  0.169814 -0.041343  0.205396  0.108964 -0.183099  0.245227  0.356115 -0.239239  0.177667 -0.256852  0.102224  0.105893 -0.013892
-0.228665  0.000000 -0.001196 -0.119389 -0.203606  0.056219 -0.054435 -0.084481  0.051283 -0.523571  0.005940 -0.060708 -0.276872 -0.082277  0.025810  0.227143  0.174911 -0.033394 -0.070844 -0.122058  0.301009  0.160380 -0.085345  0.080255 -0.156722 -0.019181  0.207728  0.253781  0.156358  0.000445 -0.051312 -0.183055  0.060527 -0.105306 -0.164850  0.148333  0.094692 -0.116703 -0.036115
-0.000000  0.228665 -0.058037  0.343654 -0.182371 -0.157254  0.148829 -0.291878  0.132113 -0.094567  0.080361  0.080362 -0.079099  0.037241 -0.024191  0.039065 -0.049775 -0.401363 -0.046008  0.259196 -0.179448 -0.061276  0.266623 -0.179681 -0.113429 -0.013409  0.229816  0.051074 -0.057548 -0.149668  0.165152 -0.006467 -0.226890 -0.090631 -0.034718 -0.014737 -0.114253  0.128912 -0.165413
-0.228665  0.000000 -0.141057  0.328208 -0.062619 -0.128989 -0.037281  0.113029 -0.105376 -0.290321 -0.185943 -0.294689 -0.019908 -0.071644  0.059350 -0.187412 -0.097094  0.210989  0.054070 -0.003960 -0.103665  0.246972  0.040482 -0.016953  0.147482  0.302355 -0.148252 -0.067939  0.219872  0.032445  0.055213  0.078886 -0.094332  0.033372 -0.107446 -0.360928 -0.205567 -0.016817 -0.032246
 0.000000 -0.228665  0.011175  0.058864 -0.085735 -0.228334 -0.181344 -0.095913 -0.312241  0.015811  0.070512  0.074491 -0.183083  0.386474 -0.148310  0.042339  0.121958  0.061052 -0.155567 -0.127677 -0.024679  0.062907 -0.290338  0.170410 -0.008284  0.242527  0.029179 -0.261471 -0.177502 -0.257101  0.188667 -0.045558 -0.118542 -0.013324  0.024374  0.133282  0.017450  0.191968 -0.132214
-0.228665 -0.000000 -0.015998 -0.354184  0.019212  0.117814  0.109905  0.050563 -0.066658  0.138045 -0.085576 -0.299753 -0.157004 -0.030500  0.104334 -0.160943  0.239372 -0.270633  0.094181 -0.072141  0.132217 -0.039652  0.289188 -0.054428  0.030430  0.298063  0.078854 -0.105800 -0.104353 -0.166939  0.093808  0.132898 -0.010741  0.074211  0.276987  0.148089 -0.226891 -0.161420 -0.074910
 0.000000 -0.228665 -0.026506 -0.113357  0.035921 -0.199617 -0.051185  0.101261 -0.013817 -0.190637  0.095735  0.087413  0.348303 -0.096810 -0.056194  0.209554 -0.091440 -0.144708 -0.103204  0.084712  0.269048 -0.188516  0.006697 -0.253223  0.379879  0.085312  0.018578 -0.086268 -0.161382 -0.247191 -0.068798 -0.235862 -0.018481 -0.105833 -0.029952 -0.229030 -0.077368 -0.227440 -0.018363
-0.228665  0.000000 -0.166026 -0.076028  0.146362 -0.011448 -0.210297 -0.050568 -0.159492 -0.091740  0.098635  0.238576 -0.330231  0.021032  0.340936  0.177012 -0.104878  0.047710 -0.050134  0.311819 -0.186684 -0.184551 -0.069682  0.044420 -0.012415 -0.014012  0.105001 -0.115883 -0.180776  0.283288 -0.144045  0.140124  0.167576  0.029813  0.124835 -0.150831 -0.151731 -0.158384 -0.078577
-0.228665  0.000000 -0.274390 -0.049844  0.228261 -0.074245 -0.434611  0.023526  0.134322  0.091102 -0.025065  0.169123  0.197698  0.021592  0.141788 -0.112505 -0.158509  0.087369 -0.015980 -0.183618 -0.088840  0.027070  0.222033  0.037351  0.156903  0.030547  0.167652  0.191700  0.098548 -0.029389  0.241482  0.074648 -0.158699 -0.191493 -0.116092  0.324231  0.128703 -0.045688 -0.070502
-0.000000  0.228665  0.193730  0.082086 -0.185583 -0.026083 -0.111031 -0.112215  0.070463 -0.032479  0.120567 -0.141668 -0.004796 -0.012143  0.307204 -0.206568 -0.263345 -0.040805  0.160504 -0.229561  0.151735  0.077736 -0.009675  0.299087  0.311338 -0.173030  0.079683 -0.048521 -0.272944 -0.040410 -0.199381 -0.153410  0.014033  0.022798  0.201638 -0.065075  0.081741  0.136137 -0.227276
-0.000000 -0.228665  0.064669  0.135568  0.152645 -0.271479  0.183042 -0.296661  0.099460 -0.115979  0.147963  0.095915  0.051776 -0.187267 -0.122209 -0.147291  0.082586  0.050427  0.246829  0.046565  0.082175  0.069171  0.021757  0.140990  0.126008  0.260425  0.202557 -0.076935 -0.100191  0.258464 -0.211841  0.134672 -0.003925 -0.078319  0.036025  0.264722 -0.059417  0.037401  0.347162
-0.000000  0.228665 -0.022806 -0.080017  0.205956  0.134696  0.012422  0.228129  0.217868 -0.237134  0.139059  0.125312 -0.140000 -0.045036 -0.185525  0.105654  0.059655  0.099003  0.044456 -0.010816  0.046651  0.028965 -0.019580 -0.210234  0.100985  0.237626 -0.292190  0.053096 -0.223441  0.249554  0.055634 -0.104358 -0.268603 -0.018976  0.217675  0.080485  0.028780  0.338427 -0.190405
 0.228665 -0.000000  0.009243  0.104404  0.025272 -0.064266  0.060638 -0.160144 -0.223308  0.039514 -0.122312 -0.030149 -0.316635 -0.028912 -0.075989  0.168706 -0.319331  0.076664  0.023316 -0.096022  0.074307 -0.229195  0.400196 -0.024686  0.090024  0.192544 -0.232327 -0.110234  0.190517  0.071446 -0.103024 -0.175304  0.074892  0.032059 -0.064212  0.232737  0.227839 -0.175158 -0.148352
 0.000000 -0.228665  0.246447  0.021870 -0.163496  0.180587 -0.081279 -0.121436  0.166528 -0.128665  0.146112 -0.026425  0.092868  0.265785  0.016056 -0.054431 -0.114119  0.061126  0.161251 -0.059939 -0.061929 -0.046612  0.033023 -0.102442 -0.197080  0.096877  0.036704 -0.049376 -0.047234  0.224817  0.268018 -0.004805 -0.262073  0.082518  0.219506 -0.182488  0.265948 -0.429728  0.063426
 0.000000 -0.228665  0.179126  0.325675 -0.116145  0.320219  0.040657  0.010103 -0.145697  0.131736 -0.072862  0.250757 -0.174074 -0.208987 -0.037857  0.045158  0.054986 -0.078734 -0.083962 -0.167863  0.054470  0.056558 -0.034090 -0.079636  0.378342 -0.058068  0.068193  0.195811 -0.007669  0.139890  0.369729  0.062837  0.201677 -0.121028  0.139679 -0.024238 -0.155320  0.006228 -0.008588
 0.000000 -0.228665  0.045576 -0.165301 -0.089861 -0.020054 -0.084362  0.011619  0.053382 -0.068207  0.142641 -0.237260 -0.044618  0.027754  0.081844  0.031908 -0.111431 -0.394913 -0.139271 -0.080544 -0.263297 -0.017269  0.105923  0.206667 -0.009587 -0.011478 -0.427101  0.045412 -0.112381  0.188238  0.057658 -0.046629  0.041399 -0.368484 -0.166842 -0.008982 -0.085498  0.133324  0.247776
-0.228665 -0.000000  0.091169 -0.090684 -0.187476 -0.129935  0.129213  0.172741  0.010082  0.078152 -0.097995  0.079026  0.076505  0.101203  0.066893 -0.208929 -0.361768 -0.196033  0.175456  0.056846  0.061480 -0.129093 -0.364417 -0.250445 -0.096707  0.166611  0.061805 -0.043568  0.160243  0.237686  0.104049 -0.208650  0.209561  0.039157 -0.115467  0.241001 -0.084278  0.123266 -0.092310
-0.228665 -0.000000  0.319070  0.046126  0.032325 -0.070963  0.124521  0.129265 -0.086903  0.044509 -0.130674 -0.046013  0.141323  0.235805  0.005674  0.084822 -0.110285  0.098418 -0.352573  0.106967  0.218981 -0.098153  0.279699  0.140936 -0.050792  0.171113  0.109872  0.330604 -0.253334  0.135376 -0.022514  0.174592  0.036276  0.183365 -0.138224 -0.085684  0.109448  0.193997  0.054313
-0.000000  0.228665  0.066601  0.208847 -0.024983 -0.057853 -0.047928  0.398980 -0.283763 -0.052125  0.383217  0.175428  0.127540 -0.122798  0.008236 -0.064970  0.120450 -0.308388 -0.084759 -0.034456 -0.076515 -0.081057 -0.019601  0.264002 -0.052487  0.193699 -0.022250  0.077372  0.274611 -0.009139 -0.093765  0.004006 -0.051707  0.109564  0.181176  0.057671  0.146974 -0.167286  0.075762
 0.228665  0.000000  0.235656 -0.084138 -0.087118  0.042632  0.075033  0.180815  0.293352  0.078356 -0.024384  0.077510 -0.096211  0.067526  0.396074  0.308978  0.070722 -0.059610  0.028430  0.132017 -0.046333  0.187614 -0.059046  0.062142  0.294330  0.197378  0.078400 -0.217228  0.179946 -0.035805  0.017448  0.211120 -0.174474  0.089211 -0.309457  0.081014  0.051163 -0.005127 -0.009723
 0.000000 -0.228665  0.087320 -0.086160 -0.071321 -0.200421 -0.028662 -0.014597  0.087590 -0.161458  0.132526  0.266753 -0.076104 -0.091600  0.131401 -0.059758  0.076939 -0.008887  0.175526 -0.400586 -0.225145 -0.095457  0.149092 -0.242377 -0.107525  0.023306 -0.129221  0.173838 -0.033153 -0.217602 -0.091605  0.191087  0.205238  0.366618 -0.108737 -0.116607  0.013871  0.171995 -0.082064
 0.228665 -0.000000 -0.009162 -0.077920 -0.238670  0.141797 -0.145319  0.093671  0.073107 -0.166337 -0.051943 -0.014021  0.177681 -0.436995 -0.071414 -0.094921 -0.071602  0.123401 -0.184500  0.070588 -0.062572 -0.077373  0.086178  0.107912 -0.238529  0.230525  0.193121 -0.318269 -0.167934  0.006851  0.152940  0.149276  0.268195 -0.123811 -0.031604  0.016027  0.130421  0.110428 -0.182821
 0.000000 -0.228665  0.016683 -0.094496 -0.018745  0.191469 -0.275175 -0.158179  0.147147  0.090284 -0.162621  0.036809 -0.080675 -0.155997 -0.316988 -0.040297 -0.301893 -0.260443 -0.085216  0.194883 -0.028623  0.121401 -0.182518  0.140084  0.025235  0.164414 -0.036787  0.232017  0.112187 -0.123666 -0.297108  0.124649 -0.182041  0.246505  0.106058 -0.032615 -0.030708  0.010917 -0.125189
 0.228665 -0.000000 -0.283507 -0.111827 -0.072459  0.016475  0.223887  0.087204  0.079888 -0.066865 -0.266932  0.088360 -0.059780  0.038629  0.010816 -0.121310  0.027570 -0.019618 -0.246539 -0.315587 -0.264932 -0.190594 -0.044433  0.164714  0.109080  0.082447  0.296671  0.069880 -0.107103  0.193045 -0.062895 -0.305863 -0.211789  0.193214 -0.033286 -0.082045 -0.131900 -0.079524  0.114195
 0.000000 -0.228665 -0.041036 -0.099284 -0.065466 -0.028382  0.010049  0.046824 -0.045999  0.117012  0.234232  0.109870 -0.077937  0.039231  0.030059 -0.256381  0.005840 -0.028259 -0.384479 -0.069368  0.207640  0.286482  0.240761 -0.248732 -0.054364 -0.181084  0.108728 -0.262684  0.245347  0.262101 -0.232324 -0.003779 -0.155047 -0.048103  0.030442 -0.098382  0.003800  0.143681 -0.127424
 0.228665
