1 29
-0.185695  0.178963  0.171490 -0.097665 -0.072701 -0.196031  0.245973  0.331481  0.069386  0.134684  0.141205 -0.152675 -0.124187  0.315179  0.168045  0.247907 -0.129591 -0.213475 -0.019199  0.118377  0.151303 -0.185227 -0.074495  0.119403  0.228797 -0.264827 -0.032345 -0.323339  0.167198
-0.185695 -0.019679 -0.060959 -0.210756 -0.054289 -0.153974  0.188194 -0.191792 -0.010134 -0.039813 -0.430439  0.184031  0.178723  0.319492  0.137202  0.140073 -0.146929  0.116406  0.157618 -0.054266 -0.011368  0.235543 -0.050439  0.252193 -0.059877 -0.158784  0.212095  0.084455 -0.399059
-0.185695 -0.172629  0.033069 -0.394636  0.309360 -0.145115  0.363895 -0.213595  0.248422  0.004949  0.208372 -0.183412 -0.049578 -0.049527 -0.085736  0.071277 -0.014786  0.323462 -0.118512 -0.036371  0.125051 -0.073595  0.189911 -0.163978 -0.256603 -0.046310 -0.176605  0.135273  0.079002
-0.185695  0.268189  0.084596 -0.147673  0.072875 -0.164174  0.001700  0.110775  0.036786  0.134620  0.319870  0.280270  0.337415 -0.242507  0.072945 -0.117211 -0.102731 -0.324361 -0.133445 -0.081432  0.126682  0.450192 -0.109268 -0.121206 -0.006067  0.005323  0.028492  0.203799  0.007974
 0.185695 -0.226281 -0.191418  0.157045  0.237250 -0.241623  0.090900  0.000634  0.138161 -0.177853 -0.055753 -0.373801  0.282915 -0.296529 -0.195013  0.240766  0.078585 -0.225817 -0.060834  0.051881 -0.059238  0.043478 -0.208504 -0.034711  0.152375 -0.246090  0.222905 -0.084683 -0.135198
-0.185695  0.074682 -0.310247  0.067754 -0.054519 -0.404193  0.061049  0.082003 -0.118079 -0.017839 -0.232863 -0.191568  0.076856 -0.176633  0.316778 -0.318587  0.105716  0.062188  0.204408 -0.214363  0.015417 -0.161426 -0.113693  0.118366 -0.097350  0.031548 -0.054010  0.132721  0.388780
 0.185695 -0.111509  0.158035 -0.181148 -0.193372 -0.109827 -0.373553  0.186679  0.251964  0.319434 -0.106672 -0.049089  0.312086 -0.057289  0.154221  0.352342 -0.026836  0.252014  0.073067  0.120278 -0.210938  0.024356 -0.150737 -0.060363 -0.203321  0.069101 -0.153041 -0.005280  0.135915
 0.185695  0.134468  0.111060 -0.044723 -0.214934  0.135102  0.279778 -0.170398  0.079606 -0.185034 -0.004412  0.117640  0.006161 -0.120086  0.240953  0.177486  0.199276 -0.388995  0.339252  0.049787 -0.217073 -0.138136  0.200638 -0.228822 -0.244555 -0.224989 -0.027745  0.140197  0.067976
-0.185695  0.022257 -0.109507 -0.184802 -0.046117  0.028576 -0.105839 -0.330892 -0.229569  0.094370  0.086968 -0.075183 -0.273999 -0.239440  0.368122  0.055659 -0.045605  0.082334 -0.304578  0.275939 -0.397138  0.037260 -0.137469 -0.055955  0.223052 -0.152226  0.131460  0.016866  0.002476
-0.185695  0.070929  0.138762  0.023001 -0.079190  0.107768 -0.112501 -0.459822  0.030699 -0.081435 -0.097539  0.165021  0.120335 -0.097549 -0.173756  0.318889  0.060717 -0.151937 -0.233463 -0.210762  0.204916 -0.266147 -0.280691  0.304622 -0.026354  0.042642 -0.094065  0.010542  0.277401
-0.185695 -0.420511  0.123488 -0.221356 -0.233105  0.200174 -0.010333  0.226265  0.086003  0.018480  0.103054 -0.213291 -0.169680 -0.000365  0.117648 -0.016912  0.151015 -0.221156 -0.032968 -0.234328  0.069800 -0.060779 -0.157577  0.049003 -0.114685  0.231985  0.436013  0.204569 -0.097590
 0.185695 -0.059107  0.030306 -0.214647  0.104259  0.102019  0.063853  0.088345 -0.431614  0.186309 -0.308167 -0.132080 -0.153305  0.119636 -0.232035 -0.036379  0.085927 -0.199549 -0.078506  0.247542  0.165931  0.195495 -0.260886 -0.057285 -0.233516 -0.187920 -0.164205  0.231746  0.182286
 0.185695  0.080028  0.304537 -0.048733 -0.018197 -0.108913  0.161166  0.142002 -0.096072 -0.328357  0.102707 -0.107323  0.162760  0.141099 -0.108988 -0.121132 -0.090977  0.033191 -0.288779  0.020579 -0.484508  0.007896  0.091230  0.415499 -0.051164  0.089977  0.031030  0.222453  0.153189
-0.185695 -0.029817 -0.286667  0.176945 -0.082284  0.220930  0.045197  0.184037 -0.138604 -0.079319 -0.177871 -0.115413  0.164089 -0.081624  0.101397  0.301455 -0.473414 -0.101173 -0.260451  0.116616  0.114980 -0.036255  0.380997 -0.093173 -0.157506  0.145455  0.008571  0.128577  0.087791
-0.185695 -0.652215  0.021639  0.145012 -0.001256 -0.052910 -0.113019 -0.133237 -0.041606  0.039600  0.134013  0.073300  0.080027  0.160307  0.077324 -0.105367 -0.092303 -0.276668  0.113902 -0.022714 -0.146712  0.152088  0.141019  0.122466  0.117844 -0.161640 -0.429283  0.003324  0.084204
 0.185695 -0.054442  0.029715 -0.215454 -0.028948 -0.247512 -0.337784 -0.186319  0.231271 -0.065576 -0.185651  0.045768  0.002558  0.166934  0.022014 -0.196462  0.045431 -0.163376 -0.160876  0.215664  0.250571 -0.021033  0.402367 -0.058493  0.159470 -0.058253  0.328087  0.056132  0.271519
 0.185695 -0.190175  0.321758  0.102185 -0.002487 -0.395901 -0.105492  0.010889 -0.386442 -0.202667  0.135084  0.197555 -0.230523 -0.180497  0.059820  0.188536 -0.338176  0.143549  0.132151 -0.123132  0.202108 -0.081188 -0.039548 -0.116178 -0.107390 -0.078738  0.156999  0.046880 -0.013580
-0.185695  0.053677 -0.027127 -0.190322  0.047174  0.111476 -0.245126 -0.018640 -0.260297 -0.113220  0.317042 -0.140953  0.291473 -0.104493 -0.051992 -0.067669  0.077716  0.032725  0.339038  0.421800  0.177992 -0.188457  0.094116  0.321906 -0.178662 -0.072813  0.077865 -0.070186 -0.136437
 0.185695  0.077796 -0.264302  0.051047 -0.275589 -0.108386 -0.053542 -0.046869 -0.012314 -0.261009  0.274534 -0.167705 -0.152686  0.149491  0.164828  0.316581  0.301373  0.115345 -0.059612 -0.002672  0.269784  0.394186  0.031840  0.157641  0.062835  0.088050 -0.210007  0.176556 -0.026889
-0.185695  0.048673  0.050871 -0.103957  0.125581  0.135719 -0.165633  0.144660 -0.052081 -0.092240 -0.115850 -0.022469 -0.181905 -0.196002 -0.125333  0.156840  0.139331  0.064108  0.089933 -0.296952 -0.140962  0.419116  0.289849  0.149950 -0.147147 -0.230660  0.145060 -0.367123  0.278833
 0.185695 -0.105874  0.148475 -0.424404 -0.086110  0.148020  0.127161  0.065249 -0.118341 -0.300351 -0.230292 -0.033132  0.166916 -0.277430  0.226386 -0.142330 -0.033934 -0.004801 -0.078140 -0.074578  0.188984  0.022473 -0.002713 -0.027645  0.281763  0.168500 -0.299074 -0.330452 -0.106996
-0.185695 -0.036520  0.292590  0.229419  0.490345  0.062448 -0.027591  0.042929 -0.155482 -0.162118 -0.101169  0.030032  0.187123  0.236099  0.362389  0.156734  0.378066  0.070710 -0.044018  0.113629  0.028135  0.035974 -0.028274 -0.215717  0.047698  0.206769  0.076253  0.021025  0.085256
 0.185695 -0.070112 -0.021005  0.132471  0.008484  0.426540  0.019242 -0.000479  0.169228 -0.140344  0.138847 -0.000250  0.164463  0.102523  0.266939 -0.217072 -0.202170  0.275960 -0.060311 -0.075080  0.185403  0.065995 -0.244682  0.011242 -0.060851 -0.484279  0.143298  0.044995  0.225543
-0.185695 -0.195036 -0.001804  0.026018 -0.341102  0.015223  0.272445  0.197000 -0.115208  0.015972 -0.022918  0.314071  0.168485 -0.143395 -0.285261  0.072778  0.273703  0.316164  0.017893  0.186792  0.024992 -0.018247  0.070666 -0.101484  0.355128 -0.130490  0.117851  0.160135  0.199641
 0.185695 -0.199085 -0.302483 -0.033072 -0.068030 -0.099803  0.248289 -0.099448 -0.146291  0.066904  0.191079  0.285003  0.120407  0.149956  0.045339 -0.023830  0.080820 -0.047906 -0.163756  0.098921 -0.051908  0.042833 -0.096697 -0.006891 -0.346481  0.235772  0.205685 -0.505428  0.176599
-0.185695  0.112272 -0.047178 -0.147959 -0.258034 -0.048900 -0.209399 -0.104867 -0.226887 -0.241678  0.092912 -0.240155  0.234071  0.359512 -0.226984 -0.040049 -0.037943  0.012943 -0.011433 -0.258729 -0.144493 -0.038421 -0.087453 -0.524454  0.004834 -0.088323 -0.010197 -0.099413  0.008735
-0.185695 -0.009352  0.185635  0.240154 -0.251598 -0.171306 -0.070430  0.111938  0.079159 -0.073165 -0.125328  0.016518 -0.030332 -0.111677  0.055597 -0.201119  0.254864  0.026462 -0.445347  0.108170  0.092196 -0.056284  0.056216 -0.026472 -0.386191 -0.289100 -0.148158 -0.144962 -0.334246
 0.185695 -0.019301 -0.306479 -0.234796  0.238388  0.016773 -0.167178  0.255144 -0.186437  0.103736  0.091187  0.273605  0.077754  0.078241  0.098594  0.134870  0.204623 -0.032179 -0.219200 -0.345448 -0.062032 -0.356672  0.156082  0.072719  0.058149 -0.262491 -0.066262  0.143307 -0.170128
 0.185695  0.037477  0.240453  0.163405 -0.129573  0.029220  0.165743 -0.267190 -0.290211  0.526655  0.056970 -0.328068  0.249409 -0.028673  0.085328 -0.018677  0.093887  0.061296 -0.055076 -0.252336  0.113707  0.045652  0.305027  0.068758  0.079596 -0.040090  0.121328 -0.040163 -0.060275
 0.185695
