5 8
 0.707107 -0.000000  0.000000  0.057741 -0.173223 -0.389310 -0.416138  0.376732
 0.000000  0.000000  0.707107 -0.230963 -0.000000 -0.173751 -0.356496 -0.537938
-0.000000 -0.707107 -0.000000  0.057741  0.173223  0.508223 -0.444141  0.105391
-0.000000  0.000000 -0.000000  0.938070  0.000000 -0.100198 -0.069641 -0.324245
 0.000000  0.000000 -0.000000  0.000000  0.938070 -0.331474  0.010342  0.100211
 0.000000 -0.000000 -0.707107 -0.230963 -0.000000 -0.173751 -0.356496 -0.537938
-0.707107 -0.000000 -0.000000  0.057741 -0.173223 -0.389310 -0.416138  0.376732
 0.000000 -0.707107  0.000000 -0.057741 -0.173223 -0.508223  0.444141 -0.105391
 0.938070
