4 30
-0.374634 -0.000000 -0.000000  0.000000 -0.165885  0.126983  0.031630  0.162547  0.228531 -0.089100 -0.073780  0.351078  0.099548 -0.033519  0.294849  0.110084  0.054622  0.084652  0.327756  0.330135 -0.012464 -0.146545  0.006022  0.040946  0.371982  0.037065  0.031733  0.177362  0.111356  0.234771
 0.000000 -0.093659 -0.280976  0.000000 -0.087525 -0.009721  0.065722 -0.055126 -0.104375  0.265517  0.054881  0.069667  0.028156 -0.114361 -0.195718 -0.498639 -0.214484  0.204780  0.062672  0.120039 -0.068841 -0.182317  0.336072  0.256342  0.064745  0.252114 -0.022633  0.217559 -0.241841 -0.100484
 0.000000 -0.374634  0.000000 -0.000000 -0.245505  0.099394 -0.468456  0.017459  0.124152  0.006922 -0.003510  0.247558  0.093966  0.104619  0.101063  0.203181 -0.008726 -0.039465 -0.205371 -0.069226  0.407031 -0.004079  0.247557  0.162819 -0.270756  0.038544 -0.074848 -0.036183 -0.193260  0.023830
 0.280976  0.000000 -0.000000 -0.093659 -0.217606  0.021224 -0.163151  0.275143 -0.104858  0.119842 -0.044719 -0.306186  0.078027  0.047289  0.127601  0.116415  0.171949 -0.116798 -0.004550 -0.060021 -0.011662  0.172779 -0.048301  0.289391  0.572728  0.137836  0.136879 -0.050351 -0.144285 -0.225575
 0.000000 -0.000000 -0.000000  0.374634 -0.119329 -0.162999 -0.202310 -0.326671  0.057476 -0.140920  0.401855  0.087448 -0.041489 -0.155974 -0.011097 -0.116565  0.224645 -0.039180  0.147195 -0.293606 -0.089975 -0.095303 -0.002900 -0.153086  0.292889 -0.109983 -0.054465 -0.142185 -0.307018  0.152728
 0.000000 -0.000000 -0.000000 -0.374634  0.071610  0.266155 -0.366138  0.035564  0.138799  0.096295  0.259363  0.112732  0.063118  0.203866 -0.033638 -0.067187 -0.038276  0.225982 -0.147117 -0.231016 -0.343396 -0.140873 -0.130688 -0.278988  0.046013  0.043274  0.285301  0.176433  0.086090 -0.067111
-0.000000  0.000000 -0.000000  0.374634 -0.063282 -0.081173  0.045307  0.255685 -0.035770  0.275934  0.061853  0.048369 -0.078827  0.213996 -0.021981  0.252982  0.117604 -0.184050  0.069351 -0.154132 -0.276660 -0.065866  0.148042 -0.016786 -0.130817 -0.195423 -0.189536  0.528232  0.036877 -0.174894
-0.000000  0.093659 -0.280976 -0.000000 -0.305781 -0.052719 -0.254441  0.226133 -0.053607 -0.382635 -0.067178 -0.018194 -0.115496  0.021184 -0.196582 -0.094972  0.163582 -0.116542 -0.073212  0.147422 -0.397248 -0.232981 -0.000665  0.192262 -0.181361  0.012908 -0.123000 -0.258811  0.227271  0.035149
-0.000000 -0.000000 -0.374634  0.000000 -0.186875  0.181889  0.058987 -0.241894  0.164681 -0.136100 -0.093241  0.011069 -0.340660  0.021550 -0.106914  0.032287 -0.180660 -0.077530 -0.119255  0.087899  0.084860  0.149012 -0.152944  0.116611  0.107923 -0.505995  0.289051  0.210917 -0.112311 -0.104322
 0.280976 -0.000000 -0.000000  0.093659  0.159711 -0.370461 -0.264576 -0.190864  0.103348  0.214097 -0.223367  0.054561  0.087450  0.171727  0.079217 -0.038913 -0.247755  0.048090  0.098359 -0.050436 -0.118404  0.015701  0.165551  0.220965  0.117307 -0.216341  0.152728 -0.080236  0.365207  0.314119
-0.000000  0.374634 -0.000000  0.000000  0.092374  0.232778 -0.041554 -0.213253  0.314879  0.069863 -0.061620  0.146268  0.013682  0.146791  0.140158 -0.222990  0.181061  0.014721  0.079374 -0.218317  0.031710  0.141317 -0.248551  0.427250 -0.102708  0.097239 -0.362311  0.022431  0.044436 -0.152946
-0.000000 -0.374634  0.000000 -0.000000  0.096294  0.071876  0.055068 -0.268726 -0.461357  0.134958  0.036107  0.232474 -0.064915 -0.124632  0.050439  0.017641  0.404668  0.056406 -0.061869  0.021159  0.042599 -0.190691 -0.225949  0.228678  0.035070 -0.063448  0.108895  0.024013  0.334718 -0.135963
 0.000000 -0.374634  0.000000  0.000000  0.104115  0.198248  0.070370  0.044412  0.309443  0.079788 -0.113494  0.081258  0.015348 -0.075399 -0.217260 -0.202224  0.319188 -0.094943  0.065622  0.058317 -0.203649  0.480218  0.314511 -0.169329  0.069680 -0.082952 -0.034963 -0.176363  0.135814 -0.078609
-0.000000 -0.000000 -0.374634  0.000000  0.018434  0.331875  0.074814  0.039709 -0.112099  0.097627  0.344429 -0.270474 -0.115587  0.125263  0.070378 -0.017332 -0.025701 -0.143472 -0.046478 -0.125308  0.240806  0.046170  0.144247 -0.047777  0.111499  0.089169 -0.196503  0.024418  0.341507  0.441893
-0.000000 -0.000000  0.374634 -0.000000 -0.273602  0.123038  0.262143 -0.158926  0.061962  0.105640 -0.153784  0.138192 -0.130580 -0.047120  0.053396 -0.046495 -0.138294 -0.247104 -0.568539 -0.098226 -0.241534 -0.128167  0.072847  0.031073  0.187064  0.116873 -0.084567 -0.024872  0.008281  0.207479
-0.374634 -0.000000  0.000000 -0.000000 -0.241398 -0.112728 -0.022337 -0.084576 -0.253594  0.192578 -0.090122 -0.117173 -0.317921  0.315295  0.312306 -0.085044  0.111894  0.250696  0.051520 -0.020188 -0.185527  0.339553  0.017807 -0.026517 -0.183818  0.071225  0.138068 -0.144422 -0.157908  0.140115
 0.000000  0.000000 -0.000000 -0.374634  0.028705 -0.101964  0.143117  0.012444  0.173529  0.065809 -0.043290 -0.305650  0.103226 -0.130625  0.043529  0.069677  0.403989  0.280722 -0.126822 -0.042858 -0.033665 -0.229159  0.164278  0.154461 -0.064012 -0.388989 -0.139375  0.100250 -0.206765  0.267436
-0.000000  0.000000  0.000000  0.374634 -0.312644  0.238160 -0.018184 -0.003615 -0.043464  0.076683 -0.156618 -0.136990  0.319810 -0.165212 -0.239991  0.146310 -0.111425  0.562356 -0.090983 -0.084773 -0.025323  0.130454 -0.190246 -0.050241  0.021756 -0.050624 -0.120026 -0.026544  0.152923  0.056253
 0.000000  0.000000 -0.000000  0.374634  0.284163  0.139899  0.108361  0.092173  0.328100  0.175060  0.258283 -0.103070 -0.165377  0.079183 -0.015146  0.219847  0.061079  0.139138 -0.158933  0.251877 -0.080425 -0.186359  0.000118  0.254464 -0.085934  0.147004  0.316549 -0.290733 -0.099059  0.001545
-0.000000  0.000000  0.374634  0.000000 -0.078023  0.219393  0.059874 -0.108771 -0.061037 -0.170154 -0.143896 -0.122370 -0.156109  0.497404 -0.401919 -0.038582  0.078817  0.083835  0.299059 -0.076359  0.205221 -0.271951  0.200688  0.032999  0.118101 -0.029108  0.064798 -0.035046  0.020026 -0.016643
 0.374634 -0.000000 -0.000000 -0.000000 -0.062420  0.186078 -0.114292  0.183422 -0.012673  0.378835 -0.245378  0.123902 -0.242224 -0.111390 -0.087123 -0.111269  0.101162 -0.109794  0.231793  0.119304  0.053009 -0.130054 -0.347723 -0.207813 -0.132649 -0.003139 -0.022160 -0.048365 -0.236272  0.337341
 0.000000  0.374634 -0.000000 -0.000000 -0.194079  0.324747  0.022140 -0.101560 -0.126563  0.198541 -0.016386  0.006372  0.216138 -0.244582  0.212607  0.028579  0.016641 -0.186402  0.186790 -0.083763 -0.016632 -0.138353  0.363461 -0.059747 -0.199560 -0.204672  0.298880 -0.239808  0.070522 -0.178524
 0.374634 -0.000000  0.000000 -0.000000 -0.101920 -0.018284 -0.017183 -0.155460  0.178081 -0.178623 -0.092412 -0.081919 -0.464363 -0.239801  0.280754  0.141961  0.057747  0.304453  0.085520 -0.024488  0.011334 -0.056737  0.235935 -0.174459 -0.033492  0.280797 -0.054559  0.162352  0.198076 -0.177636
 0.000000  0.374634  0.000000 -0.000000  0.318752  0.160507 -0.307367 -0.184646 -0.315826 -0.044622 -0.099794  0.150237 -0.059393 -0.049821 -0.193711  0.264596  0.135087  0.047330 -0.178260  0.302104 -0.084925  0.201881  0.250031 -0.014658  0.141951  0.056399 -0.113407  0.134698 -0.171600  0.133757
 0.374634  0.000000  0.000000  0.000000 -0.265914 -0.023947  0.195128 -0.304028  0.034589 -0.134799  0.199965 -0.018891  0.382818  0.262520  0.027699  0.003997  0.191224 -0.093881  0.030778  0.334899 -0.095075  0.154042 -0.059292 -0.027795 -0.214645  0.177744  0.172578  0.229049 -0.037507  0.158235
 0.000000 -0.000000 -0.374634 -0.000000  0.116055 -0.028033  0.264227  0.029497 -0.006533 -0.149175 -0.330708  0.222394  0.100420  0.022652 -0.118942  0.244925  0.123316 -0.017041  0.042984 -0.510644 -0.054557 -0.012265  0.043996  0.041938 -0.021829  0.308396  0.274294  0.000135 -0.141470  0.181917
-0.000000 -0.000000  0.000000 -0.374634 -0.217077 -0.128225  0.130840 -0.146937  0.046066  0.248218  0.304639  0.178862 -0.129872 -0.070138 -0.310202  0.461252 -0.178735  0.012782  0.266297 -0.004364 -0.122008  0.113690 -0.025113  0.141772  0.002038  0.048145 -0.189442 -0.215384  0.031771 -0.029769
 0.000000 -0.374634 -0.000000 -0.000000  0.207579  0.337764 -0.063804 -0.222291 -0.087056 -0.159923 -0.127419 -0.280378  0.090115 -0.018315  0.224596  0.152503 -0.287825 -0.126680  0.255551 -0.003380 -0.397930 -0.093269 -0.055362  0.114658 -0.055838 -0.002979 -0.201013 -0.013238 -0.216636  0.026938
-0.374634 -0.000000 -0.000000  0.000000 -0.066393 -0.132336 -0.266435 -0.290828  0.223927  0.212391 -0.174989 -0.399530  0.018712 -0.206185 -0.230711  0.067777  0.126763 -0.286101  0.039171  0.036926  0.069709 -0.084397 -0.106972 -0.041729 -0.051422  0.288234  0.143263  0.212156  0.136541  0.009461
 0.000000 -0.000000  0.374634  0.000000  0.004260  0.096470 -0.065528  0.223264 -0.073363 -0.210973  0.208936 -0.014229 -0.134643 -0.350702 -0.101178 -0.100250 -0.061743 -0.008594  0.138826 -0.172873 -0.042144  0.271562  0.013319  0.383154 -0.195034  0.002572  0.277386  0.264449  0.048491  0.279652
 0.374634
