2 13
-0.404061 -0.000000 -0.066133  0.607512 -0.043148  0.093310 -0.074986 -0.125262 -0.179165  0.095629  0.041010  0.088032  0.617035
-0.101015  0.303046 -0.076706 -0.240769  0.307351 -0.150097  0.523887  0.250258 -0.168591  0.020812 -0.510994  0.041202  0.297249
-0.404061  0.000000 -0.033286  0.022096  0.017939 -0.252504  0.158463  0.172678 -0.555236  0.052614  0.365941 -0.400579 -0.332715
-0.404061 -0.000000 -0.146655 -0.299260 -0.530080 -0.355642 -0.056287 -0.081181  0.420411  0.069191 -0.129864 -0.285771  0.168472
 0.101015  0.303046  0.070220  0.056517  0.133894 -0.074773 -0.030104 -0.703394 -0.100070  0.489688 -0.212313 -0.218479 -0.167419
 0.404061  0.000000 -0.316727 -0.192461  0.005304 -0.328859  0.220005 -0.323481 -0.120639 -0.187539  0.486010  0.026501  0.389264
-0.000000  0.404061  0.569817 -0.060879  0.110320 -0.072011 -0.283203 -0.049968 -0.018167 -0.511202  0.038220 -0.316797  0.211664
 0.000000 -0.404061 -0.178382  0.091571  0.160860  0.379129  0.282656 -0.223304  0.118469 -0.333413 -0.181164 -0.582165  0.014827
 0.000000 -0.404061  0.143645  0.214777  0.531412 -0.608148 -0.116321  0.073885  0.293758  0.093911 -0.036072 -0.046249  0.013661
-0.404061  0.000000 -0.276199 -0.095388  0.175765 -0.113291 -0.165245 -0.386881 -0.099373 -0.494213 -0.164571  0.419719 -0.270685
 0.000000  0.404061 -0.008352  0.500657 -0.103588 -0.120526  0.481218 -0.001302  0.424782 -0.185085  0.158276  0.063641 -0.292200
-0.404061 -0.000000  0.242277 -0.353100  0.341464  0.318099  0.219561 -0.141247  0.309855  0.206459  0.448163  0.140180  0.090991
 0.000000  0.404061 -0.591338  0.004759  0.354606  0.132171 -0.402018  0.241703  0.207109  0.073910  0.128748 -0.242300  0.011651
 0.404061
