12 21
 0.707107 -0.000000  0.000000  0.184699  0.000000 -0.000000 -0.000000 -0.000000 -0.000000  0.000000  0.000000  0.000000 -0.226186  0.180544  0.146048 -0.025807  0.290780  0.498420  0.040780  0.159286 -0.011102
-0.000000 -0.000000 -0.000000 -0.000000 -0.000000 -0.000000  0.000000 -0.000000  0.000000  0.000000 -0.891806  0.000000  0.150343  0.163967  0.190315  0.189746  0.009806 -0.061459  0.067100  0.022139 -0.272222
 0.000000  0.000000 -0.000000 -0.184699 -0.000000 -0.000000 -0.000000  0.707107  0.000000 -0.000000  0.000000 -0.000000  0.000103  0.034268 -0.110559  0.037221  0.167808 -0.204799  0.182742  0.578510  0.113722
 0.000000 -0.000000 -0.000000 -0.000000 -0.000000 -0.000000  0.000000  0.000000 -0.707107 -0.000000  0.184699  0.000000  0.164961  0.147288  0.195578 -0.037391 -0.375391  0.092967 -0.133012  0.285354 -0.358680
 0.000000 -0.000000 -0.000000 -0.000000 -0.184699 -0.000000  0.000000  0.000000  0.000000 -0.707107 -0.000000 -0.000000 -0.108928 -0.239327  0.069034  0.058164  0.280435 -0.135500 -0.497503  0.088878 -0.190217
-0.000000  0.000000 -0.000000 -0.000000  0.891806 -0.000000 -0.000000  0.000000  0.000000  0.000000  0.000000  0.000000  0.149742 -0.253975 -0.011735 -0.159509  0.216175  0.021038 -0.064371  0.027479 -0.200257
 0.000000  0.000000 -0.000000  0.000000  0.000000  0.000000  0.000000 -0.000000 -0.000000  0.000000  0.184699 -0.707107  0.204611  0.012550 -0.144265  0.566931  0.149835  0.084232  0.112712 -0.078217 -0.182406
-0.000000  0.707107 -0.000000  0.000000  0.184699  0.000000  0.000000 -0.000000  0.000000  0.000000 -0.000000 -0.000000 -0.479883  0.303887 -0.225754  0.136813 -0.121945 -0.167278 -0.101260 -0.034427 -0.138845
-0.000000 -0.000000 -0.707107  0.000000 -0.184699 -0.000000  0.000000 -0.000000 -0.000000  0.000000  0.000000 -0.000000 -0.009445 -0.069936 -0.323118 -0.306440  0.119514  0.019011  0.240838 -0.056966 -0.432091
 0.000000 -0.000000  0.000000 -0.891806 -0.000000 -0.000000 -0.000000 -0.000000 -0.000000  0.000000  0.000000  0.000000 -0.218716 -0.115994  0.193031  0.036230 -0.021242  0.269705  0.058020 -0.142371 -0.089388
 0.000000  0.707107  0.000000  0.000000 -0.184699 -0.000000  0.000000 -0.000000  0.000000  0.000000  0.000000  0.000000  0.479883 -0.303887  0.225754 -0.136813  0.121945  0.167278  0.101260  0.034427  0.138845
 0.000000 -0.000000 -0.000000  0.184699 -0.000000 -0.000000  0.000000  0.707107  0.000000  0.000000  0.000000 -0.000000 -0.000103 -0.034268  0.110559 -0.037221 -0.167808  0.204799 -0.182742 -0.578510 -0.113722
 0.000000  0.000000  0.000000 -0.000000  0.000000 -0.000000  0.707107 -0.000000 -0.000000 -0.000000  0.184699 -0.000000 -0.006612  0.236012  0.408149 -0.071453  0.249230 -0.325575  0.182294 -0.153690 -0.116116
 0.000000 -0.000000 -0.000000  0.000000 -0.000000 -0.000000  0.707107  0.000000  0.000000  0.000000 -0.184699  0.000000  0.006612 -0.236012 -0.408149  0.071453 -0.249230  0.325575 -0.182294  0.153690  0.116116
 0.000000  0.000000  0.000000 -0.184699 -0.000000  0.707107 -0.000000  0.000000  0.000000  0.000000  0.000000  0.000000  0.301737  0.426310 -0.209410 -0.150494  0.174256  0.052093 -0.282033 -0.075511  0.090977
-0.000000  0.000000 -0.707107  0.000000  0.184699  0.000000 -0.000000  0.000000 -0.000000 -0.000000 -0.000000 -0.000000  0.009445  0.069936  0.323118  0.306440 -0.119514 -0.019011 -0.240838  0.056966  0.432091
-0.000000 -0.000000 -0.000000  0.000000 -0.000000 -0.000000  0.000000 -0.000000  0.707107  0.000000  0.184699 -0.000000  0.164961  0.147288  0.195578 -0.037391 -0.375391  0.092967 -0.133012  0.285354 -0.358680
 0.707107  0.000000 -0.000000 -0.184699  0.000000 -0.000000 -0.000000  0.000000  0.000000 -0.000000 -0.000000  0.000000  0.226186 -0.180544 -0.146048  0.025807 -0.290780 -0.498420 -0.040780 -0.159286  0.011102
-0.000000 -0.000000 -0.000000 -0.000000 -0.184699  0.000000  0.000000  0.000000 -0.000000  0.707107  0.000000  0.000000 -0.108928 -0.239327  0.069034  0.058164  0.280435 -0.135500 -0.497503  0.088878 -0.190217
 0.000000 -0.000000  0.000000 -0.000000  0.000000  0.000000  0.000000  0.000000  0.000000  0.000000 -0.184699 -0.707107 -0.204611 -0.012550  0.144265 -0.566931 -0.149835 -0.084232 -0.112712  0.078217  0.182406
-0.000000 -0.000000 -0.000000 -0.184699  0.000000 -0.707107 -0.000000 -0.000000  0.000000  0.000000  0.000000 -0.000000  0.301737  0.426310 -0.209410 -0.150494  0.174256  0.052093 -0.282033 -0.075511  0.090977
 0.891806
