4 9
 0.012649 -0.000000 -0.000000 -0.693132 -0.327109  0.103172 -0.198933 -0.167229 -0.578120
 0.000000  0.659794  0.045987 -0.000000 -0.348001 -0.146081 -0.060358 -0.543036  0.348685
 0.000000  0.000000  0.705781  0.000000  0.143215 -0.513941  0.366179 -0.106505 -0.267947
 0.705781  0.000000  0.000000 -0.000000 -0.514815 -0.153994  0.177654  0.414637  0.098179
 0.000000 -0.000000 -0.705781 -0.000000  0.103059 -0.530798  0.359214 -0.169167 -0.227712
 0.705781 -0.000000 -0.000000 -0.000000  0.514843  0.198355 -0.105834 -0.423828 -0.081449
 0.000000 -0.000000 -0.000000 -0.705781  0.335515 -0.214327  0.028456  0.194038  0.552183
 0.042339  0.531353 -0.028552  0.103538  0.264694 -0.294458 -0.531419  0.438738 -0.269574
 0.042339 -0.531353  0.028552  0.103538 -0.167428 -0.475851 -0.606368 -0.235563  0.163397
 0.705781
