7 46
 0.017190 -0.000000 -0.029076 -0.000000 -0.000000  0.357539 -0.000000 -0.283399 -0.100033  0.121308 -0.242140 -0.478217  0.077723  0.130502 -0.102113 -0.125679 -0.001163 -0.171900 -0.077933  0.067390  0.053039  0.033493 -0.174791  0.151370  0.177184 -0.019656 -0.260394  0.132579  0.049196 -0.030819  0.044617  0.106151 -0.059673  0.036806 -0.176884 -0.102154  0.011104 -0.089470  0.143931  0.049116  0.142874  0.034398  0.067225 -0.204790  0.206865 -0.096287
 0.000000 -0.000000  0.403804  0.000000 -0.000000  0.000000 -0.000000 -0.202843 -0.004322 -0.270739  0.024060  0.054016 -0.132761  0.401450 -0.059403 -0.110330 -0.045147 -0.040517 -0.068034 -0.061145 -0.260797  0.078538 -0.116277 -0.024772 -0.053750 -0.028478  0.060396 -0.036275 -0.058655  0.127074  0.001114 -0.156057  0.154547 -0.077242  0.284869 -0.416870 -0.026414  0.039716  0.056869 -0.056673 -0.036157  0.114675 -0.060249 -0.156810  0.024128  0.186441
-0.000000 -0.000000  0.000000 -0.403804 -0.000000  0.000000  0.000000 -0.291056  0.142986 -0.163439 -0.330249  0.160340 -0.068161 -0.266508  0.186505 -0.007184  0.007281 -0.004985  0.069482  0.139714 -0.139290 -0.007466 -0.083628 -0.212410  0.424775 -0.049275  0.131723 -0.118384  0.074475 -0.017570  0.058206  0.183401 -0.073973  0.068170  0.098044  0.034512 -0.117096 -0.032321 -0.024338 -0.044742 -0.201461  0.069467 -0.102100 -0.049573  0.030562 -0.095848
-0.000000  0.099904 -0.000000 -0.000000 -0.303900  0.000000  0.000000 -0.015377  0.016455  0.009885  0.050332  0.085277  0.140968  0.050943 -0.073138 -0.253106 -0.099407 -0.012355 -0.289906 -0.093081 -0.082017  0.070476  0.018982  0.081332 -0.010697  0.156842 -0.171425 -0.001894 -0.258420 -0.138494  0.211720  0.210895  0.191988  0.219486  0.209582  0.190681 -0.126253 -0.168381 -0.030122  0.263447 -0.264594  0.146510  0.214350  0.112979 -0.107523 -0.054103
 0.000000 -0.000000  0.000000 -0.403804 -0.000000 -0.000000 -0.000000  0.427718 -0.082143  0.212210 -0.133733  0.080976  0.005982  0.267374  0.208582  0.137939  0.077491  0.122176 -0.179253  0.034749 -0.081897  0.045438  0.144760  0.051028  0.057772  0.019542 -0.166531  0.005568 -0.019819  0.071299  0.253726  0.122501  0.087491 -0.355953 -0.006327 -0.045825  0.111064 -0.162676  0.106330 -0.075187 -0.038240 -0.129852 -0.021826 -0.157737  0.065223  0.024152
-0.000000 -0.000000  0.000000 -0.000000  0.403804  0.000000 -0.000000  0.067533  0.330025  0.177390  0.244703  0.059922  0.155851  0.100122 -0.106083 -0.029393 -0.072143  0.194220 -0.061082 -0.085741 -0.018962 -0.161022 -0.298264 -0.303375  0.146731 -0.096192 -0.062515 -0.156637 -0.228940 -0.215071  0.004054  0.067660  0.074664 -0.031954 -0.184619 -0.171075 -0.213391  0.041337  0.023544  0.096171  0.040093 -0.087178  0.086948 -0.061140  0.052965 -0.089483
 0.403804 -0.000000 -0.000000 -0.000000  0.000000  0.000000  0.000000 -0.044587  0.015066  0.036087  0.379902 -0.163812  0.233054  0.105003  0.351160 -0.077973  0.109512 -0.129863  0.110061  0.228714  0.061512  0.082030 -0.179070 -0.006102  0.149592  0.001585  0.053441  0.226972  0.002342  0.268132  0.195187 -0.019769 -0.080395 -0.108131  0.018705 -0.027705 -0.095658  0.086328 -0.059207 -0.015070 -0.144875  0.007216 -0.004468  0.178118 -0.228003 -0.010576
 0.000000 -0.000000 -0.000000  0.000000 -0.000000  0.000000  0.403804 -0.314820 -0.197928  0.077402 -0.073352  0.322573  0.263552  0.065988  0.043592  0.053327  0.206802  0.094543  0.078621 -0.045761  0.145096  0.000224  0.132060 -0.085360 -0.166779 -0.139628 -0.125343  0.238534  0.072607 -0.067308 -0.252958  0.138101  0.015637 -0.123761 -0.098453 -0.086712 -0.250760 -0.149964  0.011274  0.050377 -0.095679 -0.005049  0.072480 -0.095926 -0.104539  0.175381
-0.000000 -0.000000  0.000000 -0.000000 -0.000000 -0.000000  0.403804  0.165796 -0.126609  0.022544 -0.205180 -0.078357 -0.030087  0.029393 -0.237225 -0.084025 -0.111741 -0.022262  0.154159 -0.126704  0.176724  0.061131 -0.135478  0.050096  0.215278 -0.045592  0.183781  0.115085 -0.095715 -0.131222  0.061759 -0.061492  0.365088 -0.130347 -0.100042 -0.034814  0.130378  0.226140  0.032986 -0.228974 -0.280757  0.088156 -0.045991  0.232578 -0.058630 -0.110109
-0.000000  0.403804 -0.000000  0.000000 -0.000000  0.000000  0.000000  0.067725 -0.147000  0.160327 -0.093776  0.066213  0.109598  0.098098 -0.166881  0.068791  0.088244  0.255042  0.351319  0.311648  0.087300 -0.067041 -0.187490 -0.047989 -0.152870  0.031590 -0.015660 -0.124331  0.029771  0.229007  0.171501 -0.171164  0.083687  0.289188  0.118098  0.057695 -0.074110 -0.067103  0.032564  0.082077 -0.109253  0.059867 -0.110286 -0.078560  0.248037 -0.038779
 0.000000 -0.000000 -0.000000  0.000000 -0.000000  0.403804  0.000000 -0.002281  0.102827  0.078466  0.019738 -0.087441 -0.033531  0.164580  0.205239  0.197737 -0.005303 -0.058982  0.236455 -0.006188 -0.219482 -0.099138  0.163970 -0.157903 -0.223026  0.171947  0.309527  0.082557  0.058214 -0.224326  0.033573  0.167381  0.235242 -0.085470 -0.026808  0.107814 -0.041437  0.068603 -0.036210  0.189266  0.115906  0.351572 -0.067813  0.040437  0.041792 -0.071528
 0.403804  0.000000 -0.000000  0.000000  0.000000  0.000000 -0.000000  0.082284 -0.167889 -0.038027  0.002806  0.084220 -0.195549 -0.049970 -0.150399  0.193661 -0.260754  0.001671  0.003426 -0.130940 -0.002855 -0.195993 -0.073804 -0.179610  0.031721  0.046069 -0.131646  0.103986  0.088321  0.331053 -0.235071  0.196204  0.052484 -0.068106  0.115659 -0.067973  0.060019 -0.127615 -0.173876  0.006527  0.048819  0.126601  0.308391 -0.007977  0.084315 -0.304353
 0.000000 -0.000000 -0.000000 -0.000000 -0.403804 -0.000000  0.000000 -0.143992  0.180766  0.088699 -0.106461  0.183251 -0.042459  0.044491 -0.104905  0.076641  0.138355  0.130798 -0.118169  0.210770  0.053374 -0.097381 -0.187382  0.018925  0.047737  0.138815  0.195612  0.075970 -0.028182  0.012008 -0.075921 -0.145693 -0.045349 -0.254945 -0.046684 -0.048488  0.226885  0.286633  0.122015  0.381958  0.065497 -0.194753  0.209775 -0.045837 -0.064529 -0.125094
 0.000000 -0.000000 -0.000000  0.403804  0.000000  0.000000 -0.000000  0.210568  0.029211  0.159034 -0.210135  0.103871  0.163491  0.009021  0.048183  0.059162 -0.020805 -0.045930 -0.068747  0.179727 -0.012010 -0.041599  0.115611 -0.176597  0.252977 -0.076302 -0.233900 -0.081727  0.218642 -0.196719  0.060521 -0.111120 -0.216147 -0.023484  0.228005 -0.199615  0.122830  0.106289  0.013027  0.002308 -0.013522  0.401646  0.067762  0.025210 -0.141627  0.081918
-0.000000 -0.000000  0.000000 -0.000000 -0.000000  0.000000 -0.403804  0.052026 -0.075260 -0.107597  0.011167 -0.037465  0.020736  0.042486 -0.257280  0.152130 -0.017631  0.105096  0.133750 -0.011992 -0.046590  0.103470  0.033656  0.086060  0.116716 -0.154088 -0.028935  0.106479 -0.234493  0.020785 -0.229342 -0.004340 -0.141895 -0.205805 -0.206127  0.028584 -0.000249 -0.175039  0.111777  0.248093 -0.301145  0.249182 -0.319136 -0.034043 -0.216404 -0.049167
 0.000000 -0.000000  0.099904 -0.303900  0.000000  0.000000  0.000000 -0.035884  0.057754  0.093251  0.091110 -0.175339  0.088645 -0.069243  0.092463  0.265730 -0.154961 -0.150018 -0.244271  0.183155  0.217475 -0.055685 -0.058223 -0.009227 -0.219645 -0.143344  0.011774 -0.077232  0.146924 -0.188317 -0.174154 -0.196915  0.219537  0.244989 -0.002548 -0.179330  0.236058 -0.129025 -0.150080  0.049807 -0.222145  0.009179 -0.036552 -0.117997 -0.227166 -0.069128
 0.017190 -0.000000  0.029076  0.000000  0.000000  0.357539 -0.000000  0.026535  0.168431 -0.080518 -0.038752 -0.047435 -0.057044 -0.121475  0.094036 -0.129128 -0.229335  0.208014  0.097243  0.225487  0.227205  0.328816 -0.032469  0.010153 -0.044544 -0.033047 -0.139801 -0.255088 -0.017762  0.016076 -0.246179 -0.085348  0.127336 -0.325593  0.176747  0.071038 -0.077801 -0.177874 -0.003303  0.026774  0.057352 -0.065939  0.117823  0.251604  0.043711  0.176937
 0.000000 -0.403804 -0.000000 -0.000000 -0.000000 -0.000000 -0.000000 -0.142058  0.151933  0.278361 -0.013887  0.127254  0.033563  0.091537  0.114911 -0.188553 -0.240084  0.374578  0.105494  0.089694 -0.109247  0.023287  0.120947  0.201598  0.008643  0.108803 -0.131424  0.018385 -0.023252  0.228642 -0.131799 -0.004583  0.123157  0.242621 -0.108440  0.057326  0.113743  0.154257  0.042279 -0.188904  0.014114  0.146573 -0.081790 -0.159440 -0.157628 -0.122548
 0.000000 -0.000000 -0.403804 -0.000000 -0.000000  0.000000 -0.000000 -0.032082  0.063509 -0.035126 -0.072723 -0.009282 -0.060450  0.043207 -0.086957  0.007567 -0.116962  0.077628 -0.083422  0.117020 -0.320525 -0.273872 -0.429151  0.121745 -0.149651 -0.044319 -0.064184  0.151353  0.104484 -0.066639  0.007976  0.028670  0.000339 -0.137256  0.009919  0.153047  0.061026 -0.046925 -0.225751 -0.154703 -0.089840  0.046751 -0.033930  0.014078 -0.075473  0.432343
 0.000000  0.000000  0.403804 -0.000000  0.000000  0.000000 -0.000000 -0.015645  0.044040  0.114322 -0.174960 -0.031125  0.416603 -0.209030  0.036868  0.196501 -0.182109 -0.184692  0.127949 -0.061420 -0.268875 -0.117628 -0.016384  0.060850 -0.055237  0.153306  0.019840 -0.001914 -0.284784  0.052376 -0.039207 -0.226947 -0.136121 -0.112934 -0.091942  0.164833  0.023901 -0.053988 -0.001715 -0.167678 -0.097129 -0.057221  0.239290  0.005158  0.110113  0.104389
 0.000000  0.000000 -0.000000  0.000000  0.403804  0.000000  0.000000 -0.111570 -0.180469  0.167531  0.005943  0.111496  0.110253 -0.032043 -0.072844  0.004818 -0.156472 -0.010013 -0.117302 -0.023582 -0.019325  0.187684 -0.096164  0.030588  0.072410  0.252892  0.074511  0.293048  0.054223 -0.162230 -0.059602 -0.095372 -0.038642 -0.091612  0.476011  0.197958  0.084015 -0.003567 -0.006423  0.132434  0.097470 -0.180681 -0.276207 -0.066519 -0.015837 -0.149140
-0.000000 -0.000000 -0.403804 -0.000000 -0.000000 -0.000000 -0.000000 -0.219620 -0.022240 -0.047207 -0.137682  0.002076 -0.030410  0.151004  0.074358 -0.001407 -0.281573 -0.067492  0.201622 -0.051705  0.119383 -0.054161  0.165294 -0.131992 -0.164761 -0.205209  0.070715 -0.047947 -0.376555 -0.026894  0.302230 -0.204270 -0.155507 -0.089520  0.150874 -0.082938  0.064247 -0.109043  0.009668 -0.061039  0.074411 -0.076825  0.126405 -0.131878 -0.202344 -0.170600
 0.403804  0.000000 -0.000000  0.000000 -0.000000 -0.000000 -0.000000  0.055672 -0.028310 -0.158139  0.075883  0.171032 -0.099629 -0.117083  0.052573  0.218837  0.001728 -0.084374  0.191524 -0.045499  0.124814  0.132754 -0.115877  0.309295  0.068994  0.005810 -0.149952 -0.135045 -0.092529 -0.293691  0.082361  0.015589  0.125524  0.046842  0.018050  0.133958 -0.064306  0.234310  0.106194  0.027127  0.084275  0.063430  0.073836 -0.456785 -0.023124  0.173708
 0.000000 -0.000000  0.000000 -0.403804 -0.000000 -0.000000 -0.000000 -0.051491  0.066718  0.162675  0.099978  0.138076  0.033033  0.143685 -0.169838 -0.047105  0.053512 -0.040278  0.035039 -0.057415  0.137189 -0.015378  0.047542  0.387943 -0.000171 -0.060489  0.026441 -0.056999 -0.031715 -0.113670 -0.028371 -0.094422 -0.321273 -0.069307  0.088617 -0.104477 -0.109761  0.125890 -0.376035 -0.026988  0.122950  0.317308  0.051648  0.210557  0.210691 -0.073663
 0.000000  0.000000  0.000000  0.000000 -0.403804  0.000000 -0.000000 -0.036346  0.232706  0.409909  0.071517  0.016247 -0.120582 -0.061735 -0.053761  0.150831  0.000555 -0.216593  0.067873 -0.212655  0.172350  0.049101 -0.190264 -0.202981 -0.036707  0.059008 -0.104863  0.024186 -0.163097  0.059154 -0.075406  0.150414 -0.054653  0.007324  0.198377 -0.057225 -0.045428 -0.059287  0.146030 -0.224524  0.079392  0.011881 -0.368064  0.016303  0.013280  0.132865
 0.000000 -0.000000 -0.000000 -0.000000 -0.403804  0.000000  0.000000  0.048436 -0.279051 -0.156369  0.182375  0.050330  0.097513  0.008583  0.199701 -0.144797 -0.233168  0.176076 -0.041776 -0.081892 -0.022884 -0.083504 -0.137547 -0.142557  0.066244  0.140319 -0.057128 -0.015533  0.162143 -0.282793 -0.016958 -0.321947 -0.068556 -0.119744 -0.189560  0.002883 -0.179765 -0.103010 -0.049266 -0.127360  0.068858  0.028751 -0.208671 -0.101592  0.149757 -0.222028
-0.099904  0.000000 -0.000000  0.000000 -0.000000  0.000000  0.303900 -0.030328 -0.037356  0.032527  0.043985  0.025320 -0.187142  0.155720  0.193099  0.210744  0.161335  0.013009  0.077994 -0.182250 -0.208615  0.216855 -0.179469 -0.044655  0.274737 -0.101545 -0.159581 -0.047644 -0.136581  0.061143 -0.052248 -0.274050 -0.001386  0.203997 -0.106638  0.181989  0.230506 -0.227296 -0.177999  0.224356  0.209341  0.053884  0.025681  0.142406 -0.074607  0.024260
 0.000000  0.000000  0.099904  0.303900 -0.000000 -0.000000 -0.000000 -0.030610  0.008036  0.031599 -0.171372 -0.059412 -0.169970 -0.071318  0.296054  0.265975 -0.005445  0.283828  0.003416 -0.060729 -0.054470  0.119647 -0.160686  0.277731 -0.167291  0.001973 -0.020997  0.057483 -0.097900 -0.162603  0.101998  0.210843 -0.164783  0.051642  0.027591 -0.326473 -0.079470  0.006240 -0.189964 -0.003111 -0.228073 -0.185905 -0.056764  0.142179  0.091895 -0.212553
 0.000000  0.000000  0.000000  0.000000  0.000000 -0.000000 -0.403804 -0.151655 -0.237396  0.075396  0.023409  0.226458 -0.012821  0.054237 -0.007515  0.041219 -0.006997  0.024694 -0.073009  0.157896  0.094165  0.363755 -0.034245 -0.290634  0.012014  0.017373  0.073427  0.192101 -0.154777 -0.145375  0.065937  0.090075  0.093294  0.115576 -0.223179 -0.035949  0.233594  0.073075 -0.160823 -0.234406  0.045007  0.044295  0.191064  0.096633  0.198889  0.184131
-0.033164 -0.000000  0.000000  0.000000  0.000000  0.370640  0.000000  0.116595  0.060220 -0.165595 -0.141217  0.028979  0.051699 -0.021778 -0.206323  0.057947  0.184700  0.008981 -0.053663 -0.022885  0.098359  0.026640  0.070630 -0.125633  0.047927  0.385743 -0.121763 -0.001308 -0.105698  0.135950  0.087874 -0.087165 -0.012708  0.055118 -0.083712 -0.098560 -0.143606  0.086487 -0.488114 -0.100614  0.028129 -0.138678 -0.124943 -0.164388 -0.328937  0.010827
-0.000000 -0.000000  0.000000  0.000000  0.000000 -0.000000  0.403804  0.153012  0.085253 -0.072759  0.156461  0.006557  0.006670 -0.022269 -0.180346 -0.061691 -0.140388 -0.017109 -0.045578  0.191204 -0.091063  0.383674 -0.105703 -0.075654 -0.178874  0.132946  0.244197 -0.089085  0.018906  0.013676  0.039548  0.225948 -0.416796  0.010600 -0.141392 -0.020289  0.165948 -0.153426  0.048228 -0.039162 -0.047879  0.147835  0.031233 -0.248130 -0.008654 -0.046925
-0.000000  0.000000 -0.000000 -0.403804  0.000000 -0.000000 -0.000000  0.129366 -0.135768 -0.098811 -0.043673 -0.188275 -0.001996 -0.137091 -0.023846 -0.024304 -0.046564  0.203667  0.192393 -0.120867 -0.132675  0.067760 -0.070175 -0.187196 -0.189997  0.123285 -0.250197  0.189473  0.011448 -0.117426 -0.015209 -0.015723 -0.197629  0.188094  0.070353 -0.194565  0.001158  0.277197  0.277053  0.109399  0.098767 -0.002096  0.124830  0.217770 -0.207980  0.119336
 0.099904 -0.000000  0.000000 -0.000000 -0.000000 -0.000000  0.303900 -0.107353 -0.060136 -0.111437  0.164157 -0.107410 -0.121418 -0.124346 -0.048020  0.168928 -0.133832  0.086139 -0.246029  0.351219 -0.034785 -0.187361  0.323680 -0.079789  0.069546 -0.010656 -0.183423  0.092884 -0.375075  0.018933  0.036630 -0.014049 -0.015262 -0.000329 -0.012177 -0.003339  0.019003  0.194459 -0.010063  0.083178  0.014122  0.029210 -0.272554  0.088886  0.279643  0.130694
-0.000000 -0.029076 -0.000000 -0.000000  0.000000 -0.374728  0.000000 -0.191990  0.153323 -0.078037 -0.048477 -0.268853 -0.010309  0.073422 -0.185472  0.329231  0.185812  0.172537 -0.118894  0.154506 -0.026252  0.181246  0.016087 -0.038537 -0.052606  0.144172 -0.073700  0.003427  0.063535 -0.085987  0.080002 -0.081273  0.134335 -0.142595  0.045399  0.165689 -0.265693 -0.088378  0.084112 -0.284960  0.171228  0.185174  0.128056  0.068549 -0.127936 -0.206611
-0.000000  0.000000 -0.403804 -0.000000 -0.000000 -0.000000  0.000000  0.029678  0.075606 -0.329056 -0.063890  0.007774  0.478231  0.152253  0.152271  0.210590  0.048242  0.028739 -0.132599 -0.177248  0.087115  0.065992 -0.063679  0.071904  0.046786  0.195043  0.075785 -0.136037 -0.094993  0.144746 -0.248739  0.065454  0.051372  0.115788  0.089453 -0.133969  0.150268  0.075473  0.147852 -0.047219  0.010294  0.083130 -0.070448  0.084448  0.226036  0.002720
 0.403804 -0.000000  0.000000 -0.000000 -0.000000 -0.000000 -0.000000 -0.040458  0.178420  0.024381 -0.141366  0.148781  0.059882 -0.065262 -0.176818  0.049389 -0.175562  0.085021 -0.053292 -0.073942 -0.010695  0.002909  0.139064  0.134795  0.087204  0.091164  0.202206  0.092799  0.170597 -0.036155  0.253973 -0.124683  0.056609  0.151635 -0.203866 -0.244302 -0.026235 -0.363810  0.130608  0.103801  0.220535 -0.067886 -0.136680  0.238165 -0.033411  0.203125
-0.000000  0.000000  0.403804 -0.000000  0.000000  0.000000  0.000000 -0.009402  0.041549 -0.271329 -0.118182  0.004737  0.133352  0.206963  0.051960 -0.000722 -0.066921  0.203623 -0.027338 -0.031041  0.362775 -0.260041 -0.150963 -0.030683 -0.046943 -0.143372 -0.004321  0.038357 -0.030932 -0.044794  0.138352  0.283201 -0.149233  0.031895  0.025658  0.300846  0.245715 -0.029480 -0.028654 -0.048555  0.245696  0.046550 -0.137569  0.079455 -0.140807  0.023649
 0.000000  0.099904 -0.000000 -0.000000  0.303900 -0.000000  0.000000 -0.132125 -0.003656  0.006323 -0.086815  0.189463 -0.299683 -0.051023  0.219134 -0.110600  0.079116 -0.137157 -0.175220 -0.059138  0.238378 -0.140058 -0.141485  0.009811 -0.199202  0.397930 -0.142690 -0.070705 -0.064979  0.081637  0.061923 -0.173792 -0.079847 -0.104460 -0.227917  0.018325  0.047902 -0.053357  0.237829 -0.000349 -0.163365  0.297638 -0.021769  0.108372 -0.025966 -0.021727
 0.000000 -0.403804  0.000000  0.000000 -0.000000  0.000000 -0.000000  0.002231 -0.198690  0.066404 -0.185815  0.043117  0.065353  0.074780 -0.054722  0.187325 -0.206993 -0.131450 -0.201223 -0.069050  0.041762  0.178263 -0.160409 -0.124904 -0.174615 -0.172839  0.023961 -0.230289  0.138404  0.232333  0.208808 -0.034184 -0.030560 -0.007948 -0.105824  0.156511 -0.309020  0.263618 -0.020325  0.260687 -0.032532  0.011918 -0.103057  0.100077  0.043126  0.053446
-0.000000  0.403804 -0.000000  0.000000 -0.000000 -0.000000 -0.000000  0.080898 -0.252629  0.126166 -0.140948  0.079870  0.008781 -0.037984  0.125236 -0.047400 -0.114273 -0.089702 -0.217672  0.178929 -0.160205  0.010083 -0.087829  0.153798  0.009861 -0.106127  0.173030 -0.141742 -0.205278  0.066485 -0.230181  0.134709  0.055079  0.041181 -0.103034 -0.073377 -0.212320  0.111614  0.060138 -0.103768  0.382517  0.044670 -0.070740  0.069563 -0.334055 -0.076439
 0.000000 -0.029076 -0.000000 -0.000000  0.000000  0.374728  0.000000 -0.236738 -0.236933  0.058026  0.296349  0.091356  0.115089 -0.298923 -0.166104  0.122062  0.218363  0.199200 -0.120458 -0.147676 -0.158264 -0.061962 -0.039959  0.065825 -0.028310 -0.147607  0.003340 -0.284394  0.056687  0.053964  0.246663  0.025011  0.028495 -0.119611  0.088642 -0.036260  0.232346 -0.005452  0.157570 -0.182001 -0.007411  0.060758 -0.006896  0.089388 -0.117467 -0.102529
-0.403804 -0.000000  0.000000  0.000000 -0.000000  0.000000 -0.000000 -0.101484 -0.087953 -0.088592  0.255583  0.172978 -0.028822  0.182345 -0.079957  0.283561 -0.313229 -0.217505  0.241896  0.193374  0.041806 -0.097294  0.001908  0.166145  0.217196  0.241412 -0.152892 -0.075512  0.161811 -0.002129  0.094765  0.200532  0.010665  0.004616 -0.067581 -0.103491 -0.048135 -0.032845  0.108623 -0.004926 -0.010888 -0.163489  0.077105  0.162962 -0.120872  0.016793
-0.403804 -0.000000  0.000000  0.000000  0.000000  0.000000 -0.000000  0.114828  0.077570 -0.067388  0.091013  0.009648  0.039476 -0.376775  0.113419  0.074401 -0.109855  0.108853 -0.065113 -0.068710  0.177830  0.032224 -0.121735  0.100735  0.071259 -0.108223  0.114006  0.393885 -0.042067  0.249232  0.207878 -0.060820  0.144047 -0.049748  0.046367 -0.141612 -0.121417 -0.052081 -0.017280  0.103877  0.177557  0.296793  0.108327 -0.209189  0.045975  0.073987
 0.000000 -0.403804  0.000000 -0.000000 -0.000000  0.000000  0.000000  0.092829 -0.346633  0.123564  0.011031 -0.184808 -0.115920  0.036094  0.019994  0.025032  0.145269  0.141871 -0.002979  0.105074  0.160982 -0.231003 -0.075573  0.011455  0.178686  0.212229  0.355054 -0.144087 -0.207932 -0.084779 -0.105932  0.008469 -0.089489  0.117637  0.174397 -0.061534 -0.141012 -0.234997  0.058008  0.006847 -0.013920  0.042106  0.156964 -0.037380 -0.053151  0.233570
-0.000000 -0.000000  0.000000  0.000000  0.000000 -0.403804 -0.000000 -0.164221 -0.143493  0.088854 -0.038591 -0.191996  0.148601 -0.192950  0.026682 -0.166937 -0.009655  0.005980  0.202845 -0.048296 -0.003572  0.020416 -0.006724 -0.033355 -0.039045  0.208575 -0.085086 -0.294214 -0.017325  0.017278  0.090423  0.204426  0.185270 -0.269249 -0.063637 -0.197611  0.229874 -0.011772 -0.291552  0.259655  0.153235  0.080899 -0.143884 -0.049661 -0.028550  0.106406
 0.000000  0.403804  0.000000  0.000000  0.000000 -0.000000  0.000000 -0.189999 -0.002948  0.176384  0.072927 -0.241275 -0.088570  0.126079  0.060393  0.124892 -0.241656  0.283416 -0.134514 -0.326708  0.114432  0.053310  0.188873 -0.038246  0.201828  0.085228  0.162869 -0.092188  0.171394  0.092466 -0.014423 -0.007073 -0.151677 -0.025397 -0.040743  0.125596 -0.032876  0.186471 -0.046726  0.001606 -0.187926  0.003883  0.114222 -0.131138 -0.066280  0.276188
 0.403804
