15 32
-0.001281  0.000736 -0.000473  0.037696 -0.000422 -0.559962 -0.003569 -0.016471 -0.000011  0.067628  0.001124  0.011192 -0.004923 -0.001162  0.000118 -0.059057  0.264814 -0.329504 -0.425091  0.113005  0.050174  0.236605  0.017711 -0.310423 -0.131890  0.195630  0.009131  0.004331 -0.068658 -0.118824  0.080201 -0.261039
-0.000000 -0.000000  0.000000  0.000000  0.000000 -0.000000  0.000000 -0.000000 -0.707106  0.000000 -0.000000  0.000000 -0.000000 -0.000000  0.000001  0.135974 -0.034421  0.050661  0.047561 -0.007353 -0.080737 -0.074625 -0.322625  0.051804  0.009299  0.323467  0.385028  0.111485  0.089592 -0.212455  0.194797  0.009142
 0.000007  0.000061  0.000035  0.000045  0.000823  0.000168  0.000031 -0.000012  0.000059 -0.000145 -0.000086  0.000122 -0.000007 -0.705371  0.000058 -0.189668 -0.072845 -0.130386  0.008284 -0.025529 -0.269823 -0.277544  0.148009  0.087374 -0.118189  0.052284  0.150509 -0.352943 -0.286272 -0.118057 -0.016404 -0.063181
-0.000111  0.000001  0.000047  0.703171 -0.000014  0.000000  0.000261 -0.000042  0.000071 -0.000063  0.000044 -0.003064  0.000005 -0.000109 -0.000043  0.067260 -0.254165 -0.079830 -0.040813 -0.074412 -0.421411  0.065752  0.104078 -0.030512 -0.299163  0.029921 -0.100728  0.316865  0.054281  0.109478  0.039022  0.108487
-0.000002  0.000006 -0.000000 -0.000031  0.000001  0.000006 -0.000202  0.000009  0.000006  0.000013  0.000015 -0.706792 -0.000007 -0.000002 -0.000003 -0.065406  0.177986  0.384792 -0.185084  0.056446 -0.087531 -0.325163 -0.177178 -0.121850 -0.190193 -0.149368 -0.144783  0.067689  0.007209 -0.011865  0.098266 -0.159596
-0.000112 -0.000087 -0.000027 -0.000104  0.000106 -0.000328 -0.000215 -0.001624  0.000022 -0.704108 -0.000077  0.000027 -0.000010  0.000184  0.000031 -0.096351  0.091371 -0.233303  0.139659  0.312487  0.183926 -0.111554 -0.090473  0.192470 -0.242248  0.021243 -0.157604  0.243422 -0.130707 -0.222664 -0.083738  0.081280
-0.029526  0.008574  0.024720 -0.000556  0.007387  0.001499  0.000095 -0.000267 -0.000260  0.000248 -0.547159  0.000207 -0.000270  0.081595 -0.000184  0.014034  0.190081  0.318243  0.270501  0.057710 -0.153414  0.198367  0.179976  0.124708 -0.065698  0.421757 -0.089485  0.000982 -0.206482  0.056945 -0.195980 -0.304827
-0.000000 -0.000000  0.000000 -0.000000 -0.000000 -0.000000 -0.000000  0.000000  0.000000  0.000000  0.000000 -0.000000 -0.000000  0.000000 -0.707107 -0.075353 -0.222943  0.151289 -0.250877 -0.106439  0.114094 -0.047977 -0.075179 -0.108870  0.009303  0.284422 -0.157137 -0.053343 -0.028066 -0.164542 -0.345135  0.243182
 0.000000  0.000002  0.000001  0.000001  0.000001 -0.000001  0.000000 -0.000002  0.000000 -0.000000  0.000002  0.000000  0.707088  0.000001  0.000001 -0.432120 -0.065549  0.039938  0.070823 -0.133443  0.150557  0.011434 -0.030553 -0.109246  0.066822  0.128199  0.027204  0.191788 -0.252115  0.216679  0.271523  0.079109
 0.000000  0.000000  0.000000  0.000000  0.000000 -0.000000 -0.000000 -0.000000 -0.000000 -0.000000  0.000000  0.000000 -0.000000 -0.000000  0.707107 -0.075257 -0.222699  0.151514 -0.250790 -0.106901  0.113999 -0.047906 -0.075004 -0.108586  0.009407  0.284438 -0.157203 -0.053025 -0.028165 -0.164684 -0.345249  0.243158
 0.000745 -0.000016 -0.000123  0.036872  0.000247 -0.562307 -0.003227  0.016777  0.000074 -0.067734 -0.001051  0.010146  0.004917  0.001317 -0.000016  0.060925 -0.084586  0.179834  0.400048 -0.279011  0.237608 -0.145927  0.118580  0.019040 -0.306727  0.037632 -0.091971 -0.263542  0.285469 -0.000758  0.167539  0.145602
-0.000001  0.000001  0.000005 -0.000004  0.000002 -0.000000  0.000003 -0.706844 -0.000003  0.000015  0.000002 -0.000014  0.000183  0.000003 -0.000011 -0.156744  0.378266 -0.124680  0.154850 -0.041916 -0.281295 -0.030295 -0.165380 -0.103387  0.116304  0.093078 -0.136844 -0.093426  0.176337  0.062668 -0.067850  0.289969
-0.000006  0.000000  0.000011  0.000000  0.000004 -0.000001 -0.000077  0.000003 -0.000003  0.000001  0.000006 -0.706978  0.000001  0.000003  0.000008  0.064990 -0.169706 -0.390674  0.183927 -0.061553  0.100787  0.328747  0.182073  0.109382  0.173504  0.159127  0.141985 -0.079914  0.001187  0.006932 -0.088449  0.154022
 0.030482 -0.008532  0.024855  0.000424  0.007836 -0.000652 -0.000386 -0.000928  0.000630  0.001055  0.546912  0.000851 -0.000368  0.082301  0.000280 -0.031621 -0.165732  0.167462  0.217837  0.560767 -0.089010  0.077162 -0.007408 -0.199617 -0.093445  0.260416  0.023466 -0.230629 -0.019781  0.272873 -0.078219 -0.094701
 0.000034  0.000001 -0.706817 -0.000026  0.000128 -0.000012  0.000009 -0.000008  0.000004 -0.000000  0.000003 -0.000027 -0.000011 -0.000014  0.000010  0.044110  0.046605  0.153876 -0.210076  0.131993 -0.048997  0.258220 -0.038936  0.321920 -0.057242  0.032381 -0.140072 -0.209061 -0.113256 -0.003277  0.304371  0.252392
-0.000041  0.000013  0.706503  0.000026 -0.000412  0.000024  0.000012  0.000009 -0.000009 -0.000003  0.000003 -0.000028  0.000008  0.000010  0.000007  0.043170  0.045545  0.135080 -0.227922  0.109363 -0.042160  0.246345 -0.043785  0.325132 -0.052993  0.008592 -0.136634 -0.203975 -0.107387 -0.016412  0.314513  0.266069
-0.000070  0.000080 -0.005798  0.000044 -0.000961 -0.000022  0.000070  0.000073  0.000015  0.000115 -0.000335 -0.000009  0.000050  0.699298  0.000046 -0.189377 -0.075566 -0.189086 -0.050326 -0.098004 -0.244446 -0.311444  0.129074  0.096662 -0.100060 -0.026885  0.159690 -0.328277 -0.263084 -0.158005  0.015260 -0.017745
-0.000026  0.000022  0.000002 -0.705732 -0.000044 -0.000117 -0.000708 -0.000003  0.000082  0.000039 -0.000060  0.000021 -0.000002 -0.000093 -0.000027  0.067114 -0.228290 -0.101513 -0.044758 -0.096626 -0.378814  0.078275  0.122647 -0.072815 -0.360525  0.062634 -0.111840  0.278322  0.085296  0.092418  0.074488  0.092014
-0.000001  0.000000  0.000000 -0.000004 -0.000003 -0.000002 -0.000000 -0.000001 -0.000000 -0.000000 -0.000001  0.000001  0.707090 -0.000001  0.000000  0.431413  0.067769 -0.043020 -0.076673  0.136198 -0.152161 -0.008453  0.029989  0.106597 -0.065353 -0.126846 -0.026289 -0.190325  0.249694 -0.217019 -0.272126 -0.082313
 0.000000 -0.000000  0.000000  0.000000  0.000000  0.000000  0.000000  0.000000 -0.707107 -0.000000 -0.000000 -0.000000  0.000000  0.000000  0.000000 -0.136095  0.033712 -0.050906 -0.047476  0.008190  0.080718  0.074471  0.322224 -0.052220 -0.009550 -0.323473 -0.385041 -0.111978 -0.089277  0.212957 -0.194649 -0.009066
 0.000002  0.000002 -0.000022 -0.000005  0.000006  0.000005  0.000000 -0.706974  0.000004  0.000010  0.000007 -0.000010  0.000049  0.000001  0.000007  0.159622 -0.385938  0.136415 -0.135609  0.031319  0.286012  0.021162  0.167914  0.111468 -0.120547 -0.097039  0.134299  0.087301 -0.167822 -0.060492  0.070161 -0.280283
 0.000001  0.000001 -0.000002 -0.000001 -0.707066 -0.000003 -0.000002 -0.000011 -0.000001  0.000000  0.000008 -0.000002 -0.000001 -0.000003 -0.000001 -0.176927 -0.023441 -0.002086 -0.144339  0.154132 -0.005145 -0.202778  0.325161  0.190745  0.201823  0.199529 -0.060973  0.089116  0.358991 -0.016457  0.117809 -0.071579
-0.000008  0.000000 -0.000004 -0.000003  0.707064  0.000002 -0.000000 -0.000004 -0.000006 -0.000002 -0.000001 -0.000001  0.000004  0.000003 -0.000003 -0.176743 -0.023253 -0.007490 -0.150203  0.147024 -0.002713 -0.205389  0.323448  0.191639  0.203533  0.192375 -0.060309  0.091615  0.361183 -0.020256  0.120914 -0.067568
-0.051748  0.014749 -0.000108 -0.001040 -0.000372  0.001273  0.000428  0.000638 -0.000768 -0.000938  0.633641 -0.000556  0.000101 -0.000300 -0.000401  0.039450  0.306308  0.131067  0.047024 -0.434715 -0.055763  0.103725  0.161803  0.281012  0.023950  0.138929 -0.097630  0.199520 -0.161016 -0.186140 -0.101839 -0.180759
-0.000003  0.707003 -0.000019  0.000006  0.000010  0.000002 -0.000005 -0.000004  0.000011  0.000010 -0.000001 -0.000001  0.000002 -0.000010  0.000008 -0.130629 -0.181801  0.066528  0.183779  0.054258 -0.137524  0.174538 -0.009036 -0.186325  0.177833 -0.118273 -0.207575 -0.021686  0.021017 -0.446074  0.162477 -0.098584
-0.000001  0.706952  0.000010 -0.000050  0.000004 -0.000013  0.000004  0.000003  0.000016  0.000010  0.000016 -0.000002 -0.000002  0.000003  0.000006  0.129286  0.170598 -0.070790 -0.184889 -0.039004  0.139337 -0.178514  0.002990  0.177233 -0.178240  0.113039  0.210854  0.014971 -0.015394  0.452875 -0.159235  0.105180
 0.705269  0.001091  0.000018  0.000010  0.000001  0.000048  0.000009  0.000006 -0.000243  0.000030  0.000069 -0.000045  0.000025 -0.000064 -0.000080  0.082439  0.202704  0.189230  0.013961  0.100531  0.009854 -0.001855  0.378956 -0.204876 -0.010771 -0.062014  0.249303  0.133080 -0.114420 -0.168413  0.002900  0.312456
 0.000338 -0.000614  0.000625 -0.068632  0.000175 -0.608481  0.006264 -0.000350 -0.000061  0.000640 -0.000672 -0.019682 -0.000017 -0.000256 -0.000095 -0.001797 -0.164265  0.138088  0.021941  0.152296 -0.266270 -0.082256 -0.124994  0.269072  0.405018 -0.213777  0.076316  0.239932 -0.201459  0.109588 -0.229196  0.104570
 0.705772  0.000725  0.000008  0.000019 -0.000050  0.000005  0.000026  0.000023  0.000148 -0.000066 -0.000117 -0.000013 -0.000025 -0.000026  0.000031 -0.077729 -0.164385 -0.174326 -0.009798 -0.153691 -0.016620  0.015023 -0.358985  0.238494  0.013596  0.078977 -0.260989 -0.108120  0.094396  0.144947 -0.015107 -0.334794
-0.000014  0.000149  0.000036  0.000015 -0.000158  0.000083  0.000193 -0.001602 -0.000028 -0.703611  0.000068  0.000042 -0.000937 -0.000011 -0.000017  0.084799 -0.058537  0.184826 -0.218755 -0.273399 -0.202431  0.148390  0.080580 -0.224700  0.259455 -0.005945  0.167679 -0.218178  0.096650  0.212224  0.075127 -0.120308
-0.000001  0.000001  0.000001  0.000000  0.000001 -0.000000 -0.707098  0.000001 -0.000000 -0.000000  0.000000  0.000001  0.000002  0.000000 -0.000000  0.387306 -0.010446 -0.118438  0.038222  0.000373  0.015059 -0.261961  0.048133 -0.132162  0.210448  0.166909 -0.277885  0.011767 -0.233039  0.057942  0.194387  0.028625
-0.000010  0.000004 -0.000001 -0.000001 -0.000000  0.000004 -0.707071  0.000000 -0.000001 -0.000005  0.000004 -0.000001  0.000000  0.000001 -0.000002 -0.387278  0.008392  0.120640 -0.037815  0.000996 -0.018672  0.260802 -0.049743  0.136321 -0.204333 -0.170000  0.279070 -0.008576  0.230150 -0.056560 -0.197666 -0.027230
 0.707107
