7 15
 0.008819 -0.079173  0.550670 -0.031915  0.007921  0.023901  0.002042  0.228269 -0.190505 -0.318224 -0.623765 -0.051270  0.031746  0.232450 -0.228785
 0.000741 -0.000098 -0.000436  0.705275  0.000018 -0.000193  0.000285  0.181010  0.011208  0.239743 -0.352273  0.084574  0.167586 -0.282822  0.415808
-0.001229 -0.000172  0.000199 -0.705258 -0.000032 -0.000013 -0.000164  0.127975  0.013942  0.195696 -0.307241  0.090768  0.182034 -0.327960  0.452118
-0.000000 -0.000000 -0.000000 -0.000000  0.000000 -0.000000  0.707100  0.211991 -0.216217  0.038235  0.185661  0.020043  0.504435 -0.187800 -0.286814
-0.000067  0.702042 -0.000057 -0.000297  0.001667  0.002822 -0.000058 -0.040652  0.305295 -0.036580 -0.178072 -0.455033 -0.028605 -0.334874 -0.243325
-0.000000  0.000000  0.000000  0.000000  0.000000  0.000000  0.707100 -0.215264  0.216525 -0.040838 -0.182795 -0.019705 -0.503643  0.184966  0.288876
 0.000009  0.000049  0.000005  0.000061 -0.000428  0.706527  0.000004  0.537318  0.068253 -0.257509  0.244948 -0.104383 -0.189590 -0.066609  0.172810
-0.000037  0.000001 -0.000027 -0.000028  0.000119 -0.706836  0.000004  0.536124  0.055921 -0.293718  0.215537 -0.106203 -0.182767 -0.064739  0.168009
-0.008580 -0.076582 -0.553731  0.031274  0.007597  0.024832 -0.001835 -0.230468 -0.167323 -0.701347 -0.236972  0.000997  0.156977 -0.157933  0.083942
 0.015395 -0.001985 -0.624615 -0.056578  0.000248 -0.000907  0.003427  0.405458 -0.019639  0.341113 -0.339686 -0.046065 -0.111229  0.345055 -0.276256
 0.000004  0.000002 -0.000001 -0.000007 -0.707074 -0.000006  0.000005 -0.041878 -0.540199  0.112201 -0.000048 -0.146464 -0.330607 -0.248405 -0.037822
 0.706897 -0.000016  0.000013  0.000036 -0.000001 -0.000003 -0.000114  0.050987  0.144860 -0.052149 -0.057832  0.504023 -0.221744 -0.308225 -0.269140
-0.000007 -0.000019  0.000002  0.000014 -0.707052 -0.000000 -0.000000  0.041774  0.536948 -0.123174 -0.010129  0.144893  0.332632  0.248702  0.035413
 0.000188  0.703562 -0.000011 -0.000124  0.000039  0.002526  0.000098  0.042330 -0.344322 -0.074593  0.080598  0.448314  0.048975  0.343979  0.225563
 0.707041 -0.000003 -0.000001  0.000009 -0.000014 -0.000019 -0.000009 -0.065410 -0.143913  0.040261  0.069926 -0.502361  0.225754  0.295437  0.279247
 0.707100
