9 41
 0.000013  0.000016  0.000007 -0.000006  0.000012  0.000001 -0.000030 -0.492209  0.000001  0.185450  0.132308 -0.047418  0.068814  0.052227 -0.179086 -0.019760 -0.124230 -0.123804  0.198993 -0.375465 -0.122100  0.101429 -0.130385  0.319010 -0.050401  0.179018 -0.280323 -0.106557  0.168576  0.080306 -0.157993 -0.181762 -0.064238  0.048002 -0.051567 -0.000389  0.205245  0.105609 -0.072438  0.039879  0.147536
 0.000060 -0.000002 -0.438531 -0.027896  0.010026 -0.011148  0.004534  0.000082  0.000010  0.244855  0.176734  0.034833  0.025677 -0.060775  0.033864  0.179864 -0.239482  0.249118  0.097536  0.122920  0.105201 -0.057114 -0.259693 -0.063488 -0.324310  0.031601  0.211145 -0.162389  0.238829 -0.196916  0.172288 -0.007850 -0.060247 -0.057669  0.295907  0.155498 -0.057524  0.071623 -0.117058 -0.003352  0.055160
-0.000008 -0.492085  0.000038 -0.000017 -0.000018  0.000004 -0.000060  0.000019 -0.000024  0.116807  0.079574  0.262925 -0.180220 -0.197834 -0.205038 -0.103862  0.231134  0.227474 -0.066327 -0.095912  0.154811 -0.173140  0.254317 -0.055339 -0.126677  0.298549 -0.170128  0.092726 -0.032864  0.068868  0.112344 -0.053321 -0.155117  0.137837  0.074684  0.079845 -0.038654 -0.134867  0.130190 -0.164298  0.145620
 0.000000 -0.000017  0.000003  0.000011 -0.000083  0.000003  0.000069  0.492102 -0.000003 -0.029437  0.031350 -0.227243 -0.240329 -0.107507 -0.299838 -0.255163 -0.139221 -0.028612  0.214024 -0.120287 -0.020482 -0.249008  0.074994  0.195996 -0.003407 -0.067612  0.002333 -0.255467 -0.058057 -0.265367 -0.102918 -0.033156  0.100193  0.100254 -0.031014 -0.078496  0.135054 -0.078720 -0.281563 -0.005215  0.082422
-0.000015  0.000028 -0.000019 -0.000008  0.000001 -0.000003 -0.000016  0.000012  0.492180 -0.174168 -0.027276  0.054973 -0.216878  0.009220  0.023432 -0.043136 -0.074740 -0.156703 -0.006759  0.057195 -0.068221 -0.114674 -0.056011  0.061821 -0.126160  0.065573  0.091345  0.088879  0.020460  0.101519  0.051424  0.084217 -0.356516  0.166500  0.305815 -0.420558  0.189555  0.228683  0.101620  0.126212 -0.138864
-0.000014 -0.492164 -0.000001  0.000008 -0.000010 -0.000007  0.000007  0.000050 -0.000026 -0.160632 -0.015459 -0.050368 -0.088458 -0.079247  0.014553 -0.047504 -0.375982 -0.175189 -0.071814  0.094241 -0.020741  0.234147 -0.187414 -0.099978  0.150706  0.105280  0.215213  0.131401 -0.134335  0.006491  0.026914 -0.492410  0.125287 -0.084713 -0.008534  0.064694  0.118081  0.033905 -0.085793 -0.086109 -0.102460
-0.000053  0.000016  0.449620 -0.000074  0.009537  0.000080  0.006104  0.026762 -0.000046  0.062354  0.033035  0.213447  0.225080  0.212261  0.014649  0.114897 -0.191406 -0.011567  0.123231 -0.015683  0.116292  0.058433  0.136844 -0.110688  0.029450 -0.019048  0.244222 -0.033017  0.043560 -0.214629  0.186880  0.075693  0.039990  0.257606 -0.015035 -0.093332  0.181608  0.212451  0.004882 -0.293716  0.381209
-0.000001 -0.000001 -0.000012  0.000002 -0.000001 -0.492265 -0.000001 -0.000001 -0.000003  0.199492 -0.170598 -0.091193 -0.029187  0.150031  0.099260 -0.293007  0.149258 -0.171270 -0.150836 -0.121112 -0.147517 -0.191551 -0.072116 -0.064033 -0.010588  0.030126  0.107400  0.134787  0.179144  0.099929  0.114101 -0.106791 -0.006671 -0.109045  0.046053 -0.099026 -0.326805  0.152269 -0.295033 -0.193483  0.170450
 0.000027  0.000005  0.000014 -0.000019 -0.000007 -0.000000  0.000000 -0.000012  0.492206 -0.185801 -0.119391 -0.022633  0.191255 -0.203367  0.068382 -0.058262  0.079565 -0.267523  0.072638 -0.136696  0.162266  0.154042 -0.024816 -0.114517  0.042295  0.142652  0.035918 -0.136716  0.250556 -0.024593  0.037731  0.191132 -0.051107  0.105359 -0.065063  0.384392 -0.026433 -0.284750 -0.216509 -0.126764 -0.053849
 0.000000  0.000000 -0.000000  0.000000 -0.122733 -0.000000 -0.369561  0.000000 -0.000000 -0.085589 -0.216070 -0.010188  0.056416 -0.337557 -0.067685  0.249053 -0.004150  0.031795  0.364938  0.036851 -0.145901 -0.136399 -0.030828 -0.215899 -0.010081 -0.221775 -0.047080 -0.083608  0.099992  0.340589 -0.177100 -0.176143  0.124660  0.149590  0.104735 -0.106692 -0.155081  0.052918  0.086208 -0.188613  0.102370
 0.000050 -0.000001 -0.444416  0.027619 -0.000129 -0.010446  0.009630 -0.000002  0.000000  0.031432  0.328768 -0.188470  0.199707 -0.030304  0.052076 -0.131448 -0.027255 -0.100113 -0.044494 -0.052793 -0.056400  0.147724  0.279049 -0.192167 -0.099011 -0.261045 -0.086283  0.035763 -0.264101  0.157581  0.116368  0.033077 -0.148930  0.246241 -0.199920 -0.064982  0.122011  0.141562 -0.106063 -0.264914 -0.039499
 0.000088  0.000108  0.458946  0.000047 -0.004873 -0.020873 -0.007163 -0.000012  0.000174  0.245718  0.141526 -0.316201 -0.028119  0.047971 -0.049757 -0.086067  0.060820  0.169834  0.059958  0.148088  0.115849 -0.126191 -0.064153 -0.158705 -0.120336 -0.124601 -0.073866  0.095651  0.137896  0.176134 -0.016801 -0.055687 -0.089788  0.042424  0.060137  0.288375  0.233203  0.137757 -0.103704 -0.071011 -0.441529
 0.000013 -0.000006 -0.000000  0.492113  0.000109 -0.000006 -0.000040  0.000001 -0.000005 -0.102239 -0.036927  0.047392  0.124146  0.084956 -0.244376 -0.040943  0.160605 -0.067581 -0.241818  0.076143 -0.307541 -0.000766  0.182198 -0.055591 -0.285158 -0.082118  0.284471 -0.232626  0.187298 -0.043602 -0.170349 -0.197947 -0.102584 -0.124553 -0.034603  0.135226  0.162066 -0.031889  0.177967  0.014653  0.035534
-0.000000 -0.000000 -0.000000  0.000000 -0.000000  0.000000  0.492294 -0.000000  0.000000  0.179386 -0.247267 -0.048840 -0.062995  0.013659  0.280718  0.002562 -0.116491 -0.191196  0.019117 -0.183286  0.122317 -0.085318  0.138470 -0.116543 -0.149898 -0.160560 -0.193556 -0.277723  0.032565 -0.004491  0.111982 -0.221317  0.181324  0.040107  0.164570 -0.086212  0.033798 -0.155982  0.317015 -0.072138 -0.119465
-0.000000  0.000005 -0.000001  0.000015  0.000008  0.492253  0.000003 -0.000005  0.000004  0.187090 -0.192410 -0.116719 -0.023494 -0.172931 -0.128212 -0.005811  0.208061 -0.198773 -0.061844  0.234571  0.095230  0.105881  0.078195  0.336413  0.065706 -0.154688  0.013937 -0.003930  0.159127  0.048874  0.426537 -0.153756 -0.060409 -0.045588 -0.048143 -0.014027 -0.120101  0.206514 -0.086540 -0.010635  0.096109
 0.000005 -0.000006  0.000006 -0.000004  0.000001  0.000001  0.000059  0.492210  0.000003 -0.029821  0.298982 -0.070178  0.038363  0.191736  0.083374  0.158582  0.170162 -0.130267 -0.036738 -0.247618 -0.021957  0.049387 -0.285512  0.101035  0.055979 -0.031822 -0.005480  0.106736  0.071563  0.234150  0.082749 -0.188699 -0.048543  0.235217  0.080479  0.235258 -0.047555 -0.003691  0.269343  0.179195  0.211060
-0.000001  0.000000  0.000001 -0.000001  0.000117 -0.000003 -0.000130 -0.492033  0.000000 -0.163784  0.133353 -0.091764 -0.308146  0.038417  0.018613 -0.032447  0.055617 -0.093433 -0.029727  0.010986  0.024870 -0.364681 -0.039109  0.029302  0.145252 -0.298282  0.269408 -0.070342 -0.209617 -0.047432  0.104921  0.021185  0.060776  0.256179  0.075286  0.304996 -0.057938 -0.089205  0.033398  0.088776  0.157010
-0.000002 -0.000023  0.000006  0.000002  0.000005  0.000002  0.000034 -0.000002  0.492209  0.040285  0.241486 -0.082343  0.053709  0.010172 -0.001911  0.306029  0.086869  0.128187 -0.132261 -0.126245  0.186409 -0.210198  0.179848 -0.076936  0.241197 -0.111320 -0.101080 -0.051754 -0.068625 -0.127368 -0.118318 -0.253529  0.060476 -0.421786 -0.045891 -0.045121 -0.030516  0.191002 -0.041141 -0.009335  0.110426
-0.000177  0.000059 -0.444292 -0.000130 -0.005148 -0.000020 -0.015330  0.026981  0.000139  0.043818 -0.323659  0.043535 -0.026380  0.354630 -0.122134 -0.018669  0.132796  0.018037  0.134862  0.068528  0.189951 -0.162603  0.049409 -0.021101  0.324641  0.081919  0.048731  0.189905  0.215019  0.001468 -0.114656 -0.006259  0.156183  0.115160 -0.045249  0.114949  0.359429  0.144946  0.119453 -0.102274 -0.085235
 0.000005 -0.000003  0.000003 -0.492091 -0.000101  0.000008  0.000059  0.000001 -0.000018  0.165081  0.053956  0.049179  0.154290  0.086840 -0.452023 -0.003090  0.028289 -0.385206 -0.056076  0.159473  0.024022 -0.164152 -0.209151 -0.268209 -0.072577  0.056699  0.051774 -0.187307 -0.142078  0.055735  0.005851  0.058756 -0.068045 -0.154694 -0.138205 -0.052816  0.010874 -0.088732  0.191290  0.022759  0.006553
 0.000000  0.000000  0.000000  0.000000  0.000000 -0.000000 -0.492294 -0.000000 -0.000000 -0.087524  0.014721  0.282083  0.087659  0.270193  0.235616 -0.031936  0.120208 -0.065752  0.021528 -0.044169  0.233579 -0.167090 -0.023208  0.185818 -0.282532  0.008036 -0.034980 -0.205729 -0.127028  0.006559  0.187662 -0.262189  0.106367  0.016960 -0.157083 -0.091810  0.054561 -0.114491 -0.142725  0.021009 -0.262801
 0.000071 -0.000004  0.000001 -0.000041 -0.000001  0.122565  0.000001 -0.000005 -0.369599 -0.184255  0.078686  0.073781  0.070290 -0.157781  0.227571  0.004833  0.186444 -0.115215  0.043960 -0.088206 -0.125335 -0.215704 -0.082166 -0.320221  0.303145  0.049826 -0.143325 -0.115386  0.171393 -0.189564  0.149951 -0.087789 -0.351925 -0.123980  0.108455 -0.082898  0.273201  0.004397 -0.172682  0.075549  0.009183
-0.000025 -0.000016  0.000017 -0.000022  0.000006  0.122559 -0.000014 -0.000002  0.369620  0.241333 -0.047526  0.140564  0.032870  0.087053  0.107861 -0.267598  0.064242  0.278897  0.132200  0.185697 -0.498936  0.011927 -0.214030 -0.147522  0.093571 -0.079109 -0.178135  0.017088 -0.098333 -0.122465  0.188857 -0.116839  0.110371  0.075686 -0.151005  0.025146  0.096427 -0.175367  0.035111  0.088658  0.119020
-0.000000 -0.000000  0.000000  0.000000 -0.492294  0.000000 -0.000000 -0.000000  0.000000  0.065223 -0.012182  0.016566 -0.148412 -0.247043  0.233636 -0.126188  0.227173 -0.149434 -0.048265  0.062267  0.190278  0.067638 -0.190003 -0.097615 -0.289312  0.005190 -0.028371  0.099732 -0.055371 -0.219355 -0.254580  0.029650  0.131402  0.017876 -0.195465  0.036207  0.169300  0.278798  0.059774  0.097795  0.211817
 0.000000  0.000000 -0.000000  0.000000 -0.492294 -0.000000 -0.000000 -0.000000 -0.000000  0.096272 -0.064100  0.031206  0.205996  0.031467 -0.018202 -0.154063 -0.081998  0.180870 -0.144684 -0.040123  0.170914  0.010763 -0.179399  0.250045  0.208120 -0.267162  0.108716 -0.009826 -0.060399  0.072054 -0.111495 -0.034310 -0.331082 -0.077468  0.153165 -0.105066  0.077863 -0.350503  0.039623 -0.243116  0.032119
-0.000000  0.000000 -0.000000 -0.000000 -0.492294  0.000000 -0.000000  0.000000  0.000000 -0.244512  0.027615 -0.062203  0.141073  0.101379 -0.155083  0.028331 -0.181508 -0.022241 -0.110781  0.000222 -0.149454 -0.137839  0.175473 -0.020659 -0.096567  0.100920 -0.216227  0.103958  0.035382  0.171111  0.365974  0.150244  0.337780 -0.147188  0.231446  0.104595  0.139244  0.001318 -0.110231  0.139358  0.067731
-0.000008 -0.000000 -0.000000 -0.000002 -0.000007 -0.492265 -0.000008 -0.000003  0.000001 -0.103538 -0.331915 -0.203990  0.060915 -0.032117 -0.079891  0.233843 -0.037835  0.142280 -0.068547  0.244531  0.116650  0.085593 -0.000177  0.061920  0.004054  0.012950 -0.248395 -0.173907 -0.152833 -0.083296  0.186450 -0.142206 -0.302026  0.171348 -0.156435  0.106279  0.096447  0.045868  0.004164  0.224856  0.150637
-0.000000  0.000000  0.000000  0.000000  0.000000  0.000000 -0.492294 -0.000000  0.000000  0.038296 -0.000446 -0.043849 -0.230652  0.127601 -0.060261 -0.253309 -0.210706 -0.075382 -0.180542 -0.090490  0.055813  0.259280  0.067275 -0.170067  0.130187 -0.158517 -0.288463 -0.131459  0.157418 -0.257191  0.034248  0.095462 -0.061280 -0.045825  0.187751  0.115819 -0.144630  0.120089  0.296255 -0.029198 -0.007990
-0.492115 -0.000005  0.000061  0.000008  0.000047 -0.000019 -0.000003  0.000007 -0.000023  0.063821  0.019613  0.128467 -0.178254 -0.093700 -0.095321  0.231008 -0.168472  0.031869 -0.412867 -0.097702 -0.014737 -0.081872 -0.113939 -0.073998  0.006399 -0.183282 -0.060133  0.094549  0.337099  0.016029  0.034057  0.045125  0.086065  0.215888 -0.324684 -0.168573  0.073085 -0.144314 -0.127855  0.029633 -0.067477
-0.000034 -0.492228 -0.000004 -0.000006 -0.000007 -0.000002 -0.000002  0.000006 -0.000003  0.026537  0.088640 -0.153513  0.223121  0.124792  0.159111  0.178636  0.134992 -0.140570 -0.149547  0.282071 -0.192245 -0.120706 -0.087002  0.234865  0.061189 -0.018912 -0.206858 -0.192560  0.065224 -0.188700 -0.220888  0.241670  0.130406  0.188216  0.143471 -0.074321 -0.088336  0.051846 -0.030387 -0.145257 -0.082154
 0.492189 -0.000003 -0.000007 -0.000017  0.000008 -0.000019  0.000001  0.000022 -0.000008 -0.150177 -0.069686 -0.116174 -0.257591 -0.019575 -0.050754  0.230670  0.070206  0.129093 -0.124460 -0.227115 -0.150249 -0.004943 -0.291656  0.054805 -0.084981 -0.001657 -0.002481 -0.047038  0.015379 -0.042691  0.236481  0.166800  0.030817 -0.119148 -0.251640 -0.043104  0.127766  0.027954  0.122817 -0.423280 -0.089788
 0.000004 -0.000000 -0.000002  0.492167  0.000079 -0.000011 -0.000023  0.000000  0.000004  0.059214  0.100404 -0.060577  0.203750 -0.173903  0.006554 -0.222149 -0.237677  0.005762  0.015134  0.044854  0.201331 -0.295530 -0.224382 -0.016816  0.213500  0.235832 -0.006502 -0.151522 -0.022192  0.139963  0.141990  0.145475  0.058085  0.016194 -0.253828 -0.093954 -0.149676  0.159383  0.253957  0.065211 -0.055205
 0.000000 -0.000001  0.000008 -0.000000  0.000002 -0.492265  0.000007 -0.000004 -0.000002  0.088695  0.300928  0.248448 -0.033114 -0.308426 -0.063805 -0.009712  0.162446 -0.139746  0.197656  0.127503 -0.035403  0.164622  0.079474  0.234293  0.185535 -0.194936  0.075109  0.009579  0.145374 -0.051845  0.204700  0.046130  0.196464 -0.125616  0.046637 -0.050057  0.191115 -0.044659  0.179398  0.007542 -0.174655
 0.369811  0.000013 -0.000011 -0.121767 -0.000454  0.000012  0.000205 -0.000003  0.000011  0.018095  0.188903 -0.006332 -0.231674  0.085828  0.193996 -0.092988 -0.088437  0.067914 -0.136493  0.306220  0.108658  0.091805  0.155715 -0.059076  0.101232  0.070970  0.027989 -0.302010  0.310233  0.395819 -0.128214 -0.004123  0.055284  0.022924 -0.120784 -0.127421  0.110657 -0.141508 -0.112817  0.116056  0.250418
-0.000001  0.000001 -0.000007  0.492160  0.000047 -0.000006 -0.000059  0.000004 -0.000001  0.163932  0.058174  0.022623 -0.269061  0.223450 -0.112419  0.240762  0.041185 -0.294327  0.213553  0.181269  0.150935  0.108697 -0.135712 -0.162230 -0.026601 -0.043146 -0.216524  0.140678 -0.157834  0.033963  0.014131  0.104821 -0.051481 -0.126943  0.088527 -0.094538  0.010453 -0.282706 -0.202789 -0.083670  0.133306
-0.000000 -0.000000 -0.000000  0.000000 -0.492294  0.000000 -0.000000  0.000000  0.000000  0.205630  0.080628 -0.068009 -0.191739  0.149626  0.013405  0.231590  0.015847 -0.039901  0.181602 -0.059045 -0.195601  0.074472  0.239624 -0.070532  0.171183  0.267300  0.213352 -0.141688  0.029067 -0.123422  0.063858 -0.072812 -0.158135  0.158373 -0.191104 -0.024670 -0.274498 -0.007499  0.018079  0.073758 -0.294223
-0.369585  0.000029  0.000002 -0.121869 -0.000515  0.000042  0.000223  0.000004  0.000010 -0.245190  0.119092 -0.205248 -0.114734  0.113341  0.221074 -0.055828 -0.122361 -0.030368  0.277231  0.230726 -0.061766 -0.139795  0.093046  0.165636 -0.153467  0.080089 -0.056966  0.120088  0.178229 -0.013169  0.033955 -0.012454 -0.188060 -0.279759 -0.241554  0.075074 -0.022003 -0.111579  0.268187 -0.282195  0.160320
 0.000047 -0.369831  0.000002 -0.000001 -0.000034 -0.000016  0.000478  0.121854  0.000027  0.163160 -0.200203  0.251526 -0.066642  0.051892  0.145558  0.060574 -0.187845 -0.059571  0.147261 -0.185865 -0.105459 -0.076864  0.075902  0.064952 -0.010646 -0.303267  0.059654 -0.095209 -0.070481  0.228216 -0.019959  0.318607 -0.199870 -0.264985 -0.185103  0.248714  0.067082  0.192726 -0.077284  0.215696  0.015783
-0.492158 -0.000018  0.000017  0.000005  0.000008 -0.000009 -0.000005 -0.000007 -0.000047 -0.016260 -0.036604 -0.095366 -0.167259  0.053322  0.024367 -0.028268  0.264079  0.171083 -0.022380 -0.072686 -0.007526  0.250910 -0.130655 -0.040072  0.099756  0.174693  0.121438 -0.458791 -0.222410  0.248644  0.080676  0.127959  0.127354 -0.107824  0.163652 -0.026615  0.154306  0.149683 -0.035615 -0.153734  0.045375
-0.000038  0.369546 -0.000040 -0.000005 -0.000078 -0.000020  0.000409  0.122095 -0.000045  0.140194  0.003094  0.330353 -0.127269 -0.150910  0.103959  0.097029 -0.201133 -0.177275 -0.235858  0.187415 -0.183167 -0.156363  0.049116  0.171009  0.102898  0.209059 -0.155742 -0.053393 -0.206454  0.077316 -0.128733 -0.086050 -0.065963  0.056175  0.093925  0.342316  0.055129  0.127428 -0.058735 -0.311021 -0.036055
-0.000000 -0.000000 -0.000000 -0.000000 -0.123611 -0.000000  0.368683  0.000000 -0.000000 -0.389578  0.110695  0.369237 -0.060893  0.188260 -0.217110 -0.137906  0.044714  0.102796  0.132614  0.107499  0.085557  0.087195 -0.162766 -0.036449  0.003789 -0.201061 -0.224279 -0.151540  0.112176  0.017510 -0.043809 -0.107293 -0.047874  0.054025 -0.072290  0.051352 -0.307060  0.269094 -0.124722 -0.097328 -0.117686
 0.492294
