5 34
 0.077176  0.321227  0.000000 -0.000000  0.000000  0.026387 -0.215422  0.212393 -0.040654 -0.042322 -0.087188  0.073337  0.020301  0.111321 -0.003537 -0.094027  0.083289 -0.240926 -0.186773 -0.246262 -0.171640 -0.136363 -0.495292 -0.054305  0.140778  0.103560  0.001606 -0.261492 -0.135512  0.272766 -0.246105 -0.021051 -0.213393  0.074133
-0.000000 -0.000000 -0.398403 -0.000000  0.000000 -0.167954 -0.136048  0.153833 -0.118120  0.429260  0.002870  0.048919 -0.004242  0.423984 -0.062513 -0.093346  0.202786  0.124605  0.116050  0.022530  0.123351 -0.014688 -0.188910 -0.083094 -0.143354  0.003553 -0.043922  0.085041  0.364264 -0.098670  0.027594 -0.191761  0.030294 -0.196537
 0.000000 -0.398403  0.000000  0.000000 -0.000000  0.155195  0.062424  0.213962 -0.169100 -0.060672 -0.236065  0.030857 -0.060267 -0.045792  0.020146  0.016741  0.066392  0.312278  0.275747  0.045438 -0.018280 -0.031799 -0.001833 -0.027294  0.271356  0.118148 -0.404233 -0.227061  0.159760  0.042447 -0.111033  0.234081 -0.296046  0.073336
 0.077176 -0.000000 -0.000000  0.000000  0.321227  0.195131 -0.145643 -0.287771 -0.106788 -0.220357  0.068076 -0.006186  0.163161 -0.074854 -0.031755 -0.243937  0.049442  0.248321  0.177765  0.163355  0.181959 -0.141274 -0.184745 -0.020704  0.066842  0.356492  0.097328  0.092928 -0.116794 -0.026236  0.089320 -0.440242 -0.076721  0.098471
 0.000000  0.000000  0.000000  0.000000 -0.398403  0.161531  0.026300 -0.161154  0.025588 -0.128436 -0.047369 -0.245790 -0.118040  0.244632 -0.269265 -0.060343 -0.040831 -0.148223  0.235883 -0.359796 -0.069294  0.223690  0.144474 -0.162604  0.081330  0.008264 -0.000602  0.172079  0.118850 -0.024165 -0.048232 -0.268084 -0.153079  0.315080
 0.398403 -0.000000  0.000000  0.000000 -0.000000  0.213556  0.305760  0.021437  0.034775 -0.093375  0.114640 -0.030693  0.099211  0.216603  0.354481  0.324520 -0.076798  0.183954 -0.015807 -0.078857  0.014099 -0.322626 -0.160946 -0.009205 -0.028148 -0.314834  0.052099  0.185261  0.069039 -0.097103 -0.197589 -0.091212 -0.039693  0.115830
-0.000000  0.000000  0.000000 -0.398403 -0.000000 -0.191481 -0.072763  0.065838  0.150624  0.190668 -0.342471  0.024801 -0.087278  0.151256 -0.082855  0.161486 -0.184818  0.121751 -0.002556  0.076741  0.345146 -0.088303  0.057577 -0.298209  0.167818  0.026895  0.205168  0.066609 -0.405351 -0.086274 -0.033243  0.065502 -0.110427  0.125685
 0.000000 -0.398403  0.000000 -0.000000 -0.000000 -0.065389 -0.002014  0.022896  0.254178  0.031125  0.200590  0.045509  0.060435  0.039065  0.116920  0.288294  0.374214 -0.004254  0.095963  0.039409 -0.082878  0.425659 -0.294902 -0.032343 -0.109395  0.090011  0.251885 -0.156683 -0.154842  0.029370  0.063558 -0.011277  0.017853  0.249706
 0.000000 -0.000000  0.398403  0.000000  0.000000 -0.056975 -0.100872  0.025012  0.035545  0.116062 -0.207002  0.142504  0.274981  0.158396  0.225292  0.117328 -0.109042 -0.261274  0.043643 -0.011972  0.085831  0.021854  0.134553  0.316407  0.169998  0.176790  0.186231 -0.198866  0.333576 -0.274055  0.064553 -0.170000 -0.148367 -0.001746
 0.077176 -0.321227 -0.000000 -0.000000 -0.000000 -0.160410 -0.145579 -0.028512 -0.290112  0.170148  0.224882 -0.193552  0.100905 -0.188746 -0.151616 -0.030619 -0.023620  0.018213 -0.367807 -0.183196  0.268175  0.004447 -0.059804  0.126812  0.414254 -0.233222  0.018528 -0.023265  0.069047  0.020104 -0.074814 -0.096366  0.159505  0.196289
-0.000000  0.000000 -0.000000  0.398403  0.000000  0.168448 -0.083237  0.099289  0.040277  0.040119 -0.018413 -0.041790 -0.122348  0.134653 -0.069730  0.313418 -0.202444  0.212402 -0.289826  0.153077  0.116210  0.189855  0.189279 -0.001947 -0.010739  0.020429  0.073541 -0.081698 -0.020078  0.430731  0.065902 -0.280851 -0.240170 -0.190376
-0.000000 -0.398403 -0.000000  0.000000  0.000000  0.164394 -0.251628 -0.097525  0.426134 -0.095548  0.068859  0.363916  0.070110  0.248635 -0.163539 -0.142182 -0.110599 -0.202005 -0.095399 -0.039655  0.053072 -0.202867 -0.035326  0.077419 -0.019632 -0.205877 -0.312818  0.073057 -0.115642  0.016067  0.130616 -0.021850 -0.012200 -0.087317
 0.000000  0.000000 -0.000000 -0.000000  0.398403  0.213441  0.106441  0.263927 -0.064820  0.015098 -0.296563  0.258425 -0.009957 -0.016380 -0.204242  0.017303  0.316551 -0.034694  0.108985 -0.189153 -0.123692  0.119838  0.221614  0.157791  0.157698 -0.218484  0.173235  0.203316 -0.119689  0.057764 -0.144200 -0.179577  0.208446 -0.048426
-0.000000 -0.000000  0.398403 -0.000000 -0.000000 -0.149213  0.023884  0.140087 -0.182725  0.065846  0.259090  0.021696 -0.426551  0.295365 -0.097777 -0.089731  0.143446 -0.012845 -0.072528  0.389485 -0.181590 -0.124790  0.078072  0.154537 -0.021840  0.012692 -0.124707  0.062822 -0.168817 -0.125931 -0.119408 -0.137945 -0.045834  0.224917
 0.000000 -0.000000 -0.000000 -0.398403  0.000000  0.337309 -0.350284 -0.008098 -0.127855 -0.033141 -0.057496 -0.075061 -0.285230  0.012570  0.033550  0.249395 -0.039163  0.091998 -0.026018 -0.091247 -0.104559 -0.143790  0.053428  0.045926 -0.191712  0.004546  0.003665 -0.334533  0.132210  0.038276  0.212864 -0.090204  0.383067  0.100527
-0.000000 -0.000000 -0.000000 -0.398403 -0.000000  0.017071 -0.059067  0.087436 -0.333391 -0.149257  0.251591  0.048293  0.111060 -0.109441 -0.149564  0.204072 -0.010488 -0.093572  0.041690 -0.023187 -0.077031  0.167045 -0.049387  0.004053 -0.075538 -0.222824 -0.018448  0.047609 -0.109786 -0.171315  0.157049 -0.101261 -0.479948 -0.361106
 0.077176 -0.000000  0.321227  0.000000 -0.000000 -0.199180 -0.020916  0.254377  0.304936 -0.049521  0.027156 -0.011684  0.044442 -0.172541 -0.055494 -0.235475  0.101419  0.425014 -0.179561 -0.283888 -0.159451 -0.058685  0.093588 -0.317171 -0.122307 -0.083667  0.020670 -0.150065  0.118301 -0.181373  0.097934 -0.218057 -0.054663 -0.074465
-0.000000  0.000000  0.000000 -0.398403 -0.000000  0.247302  0.177388  0.224918  0.314201  0.129291  0.194321 -0.052424 -0.049432 -0.261851  0.006564 -0.155778  0.028526 -0.240612 -0.036785  0.292989  0.174809  0.015656  0.045219 -0.096124  0.033654  0.053131  0.026456  0.052571  0.337403  0.253660 -0.215249 -0.146309 -0.070958  0.020650
 0.398403 -0.000000 -0.000000  0.000000 -0.000000 -0.118756  0.166949 -0.223124  0.176482  0.189985 -0.224420 -0.101853 -0.352887 -0.171812 -0.090741 -0.108726 -0.127118 -0.027982  0.203726  0.102773 -0.142850  0.084675 -0.288329  0.218435  0.174916 -0.227898  0.021331 -0.173694 -0.015460  0.018256  0.211432 -0.163152 -0.030973 -0.184363
 0.000000  0.398403  0.000000  0.000000  0.000000  0.185170 -0.211432  0.085062  0.207168  0.275084  0.146830 -0.209048  0.176017 -0.009355  0.213145 -0.041912  0.179348  0.140679  0.153487 -0.021883  0.138173  0.179245  0.130820  0.208852  0.126956 -0.193078 -0.365084 -0.021568 -0.251709 -0.042849  0.155826  0.021664 -0.068888  0.152170
-0.000000  0.000000  0.000000 -0.000000  0.398403  0.042751  0.092612 -0.224079  0.154176  0.303154  0.317709 -0.049339 -0.257284  0.014810 -0.135747  0.153089  0.028849 -0.003844  0.017091 -0.419802 -0.012609 -0.192180  0.130083  0.083779  0.014877  0.289404  0.060423 -0.005195  0.052605 -0.022148 -0.016309  0.230381 -0.260913 -0.050993
 0.000000  0.000000 -0.398403  0.000000 -0.000000  0.074485  0.113559 -0.175391 -0.074858  0.103407  0.136115  0.326720 -0.078263  0.007602  0.300202 -0.158644 -0.071379 -0.060964 -0.152999  0.041425 -0.222771  0.092861  0.302040 -0.241481  0.223228 -0.030373  0.019731 -0.345971 -0.126355 -0.213073 -0.078674 -0.198847 -0.059387  0.076418
-0.000000  0.000000 -0.398403  0.000000  0.000000 -0.105965  0.291698  0.327551  0.124351 -0.184859 -0.124234 -0.149384  0.006061 -0.073468 -0.138825  0.126026  0.032631 -0.115976 -0.258217 -0.022344  0.023953 -0.154685  0.014810  0.295403 -0.059079  0.254558 -0.161919 -0.022175 -0.076333 -0.219558  0.291688 -0.185577 -0.061818  0.208916
-0.398403 -0.000000  0.000000  0.000000 -0.000000  0.282814  0.120881  0.158529  0.124583  0.123650  0.138860 -0.139075  0.125940  0.118092 -0.200173 -0.032587 -0.413765  0.214617  0.015876  0.064690 -0.261889  0.084336 -0.287305  0.107028  0.192009  0.037356  0.133505 -0.036758 -0.066163 -0.267824 -0.127182  0.023008  0.166074 -0.109310
-0.077176 -0.000000  0.321227 -0.000000  0.000000  0.207557  0.450287 -0.079633 -0.207509  0.255279 -0.073463  0.088647  0.048735  0.053921  0.019960  0.045020  0.059360 -0.149946 -0.150695 -0.132715  0.184618  0.091457 -0.198618 -0.303099 -0.035655  0.131115 -0.327799 -0.032327 -0.122248  0.018510  0.268515 -0.114629  0.182768 -0.092193
 0.077176 -0.000000 -0.000000 -0.321227  0.000000 -0.063542  0.308169 -0.106416 -0.092694 -0.006509  0.006750  0.075894  0.244295  0.319027 -0.086877 -0.334725 -0.084229  0.252352 -0.098622 -0.074695  0.005556  0.132107  0.109314  0.321764 -0.211310 -0.036941  0.110268 -0.205756 -0.025555  0.348627  0.061377  0.130023 -0.064837  0.135689
 0.398403 -0.000000  0.000000 -0.000000  0.000000 -0.019986 -0.046756 -0.042864 -0.001164  0.206941  0.030909 -0.130101  0.468447  0.026407 -0.365438  0.198340  0.027223 -0.095588  0.051429  0.237842 -0.381932 -0.143943  0.204377 -0.205975  0.058081  0.148286 -0.090636 -0.073519 -0.037752  0.078651  0.002479  0.043642  0.121129  0.008082
 0.000000  0.398403  0.000000 -0.000000 -0.000000 -0.081581  0.076525 -0.139969  0.102908 -0.228868  0.138171  0.434142 -0.040748  0.009323 -0.359013  0.255889  0.064459  0.174279 -0.023141  0.117924  0.168358  0.125282 -0.111753 -0.045038  0.235873 -0.076184 -0.086437 -0.097041  0.305918 -0.072984  0.065425  0.118566  0.079158  0.182048
 0.398403  0.000000  0.000000  0.000000  0.000000  0.279798 -0.118098  0.178676 -0.047877 -0.081514  0.015402 -0.010284 -0.127038  0.148992  0.080121 -0.235638  0.021425  0.000208 -0.272847  0.051246 -0.038174  0.244121 -0.015013 -0.080585  0.202121  0.186228  0.190554  0.267374  0.082826 -0.151892  0.326803  0.374261 -0.001824 -0.045959
-0.000000 -0.000000  0.000000  0.000000  0.398403 -0.258513  0.067789  0.228356  0.025789 -0.323588  0.219866 -0.243062 -0.023662  0.302031  0.119141 -0.026611 -0.196779 -0.200280  0.272844 -0.040290  0.085092  0.062303  0.074836 -0.211891  0.212813 -0.077687 -0.064468 -0.180763  0.027385  0.150898  0.165519 -0.019312  0.188774 -0.081373
 0.077176 -0.000000  0.000000  0.321227  0.000000  0.236293  0.033468  0.229451 -0.138208  0.114343  0.086571  0.060266  0.010466 -0.105288 -0.238902 -0.153949 -0.088568 -0.160450  0.231480  0.052085  0.281084 -0.164620  0.007065 -0.102907 -0.279573 -0.233744  0.287997 -0.312476 -0.057114 -0.142989  0.130233  0.140663 -0.112087  0.230113
 0.398403  0.000000  0.000000  0.000000  0.000000 -0.060749 -0.084220  0.167599 -0.023214 -0.003961  0.107363  0.182133 -0.059672 -0.100265 -0.045102  0.014002 -0.331126  0.016359  0.101259 -0.162924  0.189414  0.336429  0.014514  0.114891 -0.254216  0.275802 -0.231697 -0.022502 -0.126629 -0.144845 -0.391619 -0.070952  0.196198 -0.057712
 0.000000  0.000000  0.000000 -0.000000 -0.398403 -0.099922  0.037832  0.245643 -0.062319  0.105038  0.270278  0.334736 -0.017478 -0.129934  0.104245  0.026953 -0.090426  0.094945  0.302345 -0.157000 -0.063010 -0.239346  0.040444  0.093334  0.230306  0.189682  0.146509  0.167126 -0.114240  0.287986  0.282996 -0.080552  0.115956 -0.037950
 0.077176  0.000000 -0.000000 -0.000000 -0.321227  0.115843  0.105768 -0.059917  0.081578 -0.197955  0.090529 -0.158641 -0.029557  0.155541 -0.100997 -0.024200  0.396562  0.018205  0.004987 -0.000916  0.282538 -0.134307  0.114918  0.102017  0.158313  0.102597  0.126204 -0.306244 -0.171747 -0.122118 -0.195633  0.031214  0.138376 -0.469468
 0.398403
