18 23
 0.000036  0.000009 -0.000004  0.000013 -0.000011 -0.000012  0.000000  0.000048  0.000005  0.000003 -0.000004  0.000032 -0.000004 -0.000001  0.000000  0.000007  0.000012  0.999712 -0.000034 -0.017856 -0.000655  0.000922  0.015966
-0.000314  0.003111 -0.004852  0.180132 -0.048777 -0.014786 -0.002324  0.015330  0.000357  0.001138 -0.698003 -0.010172 -0.000964  0.000815 -0.001400 -0.001665  0.008516  0.004619  0.224028  0.175795 -0.292476 -0.552587 -0.072665
-0.000808 -0.187403 -0.001490  0.009299 -0.002300  0.001651 -0.000288 -0.702313  0.000194  0.002258 -0.001391  0.007787  0.003236 -0.054818  0.000486  0.003229  0.005119 -0.015564  0.096115 -0.477420 -0.052485 -0.160188  0.450104
 0.001395 -0.000007  0.000197  0.000498 -0.000774 -0.002846  0.000006  0.001392 -0.003089 -0.016332  0.000588  0.970927  0.000021 -0.000545 -0.000140 -0.000053 -0.000279  0.000326  0.081065  0.158455 -0.002231  0.046115  0.152317
 0.000110  0.000115 -0.996025 -0.000407  0.000076  0.000002  0.002001  0.000100 -0.000032  0.000030  0.000200  0.000124 -0.000195  0.000143 -0.000164  0.000036  0.000018 -0.000007  0.066558 -0.020995 -0.021451  0.043500 -0.026568
-0.004426  0.006432 -0.000518  0.001713  0.000013 -0.743493 -0.000111  0.010055  0.008409  0.044231  0.003612  0.157681 -0.000270  0.003039 -0.001324 -0.001152  0.008352 -0.000407 -0.205330 -0.413230  0.014282 -0.152357 -0.428640
 0.001725 -0.002367  0.002311 -0.007702  0.001262 -0.007691  0.000349 -0.007185 -0.000378 -0.000636  0.008062 -0.005596 -0.178095 -0.000629 -0.050958  0.002862 -0.717431  0.001664  0.309892  0.001356  0.561761 -0.185705 -0.067733
-0.183485 -0.000581 -0.060146 -0.000016  0.000202  0.005451 -0.015055 -0.001609  0.000152 -0.002802 -0.000412  0.000483 -0.002300  0.000088 -0.000797 -0.712201 -0.002901  0.000036 -0.511989  0.157158  0.209623 -0.291542  0.198578
-0.000978  0.005443 -0.004687  0.175320 -0.047701  0.012378 -0.002312  0.007054  0.000641  0.002589  0.715526 -0.005198  0.003272  0.001092 -0.000273 -0.000177  0.007943  0.004584  0.202369  0.161692 -0.297346 -0.539983 -0.086746
-0.000144  0.000031  0.000276  0.000061 -0.000169  0.000121  0.000077  0.000024  0.000887 -0.997654 -0.000011 -0.000038 -0.000010  0.000092 -0.000022  0.000165  0.000058 -0.000069 -0.017671 -0.045246 -0.002114 -0.016495 -0.045273
-0.187680  0.000666 -0.060946 -0.000858  0.000244 -0.000875 -0.015266 -0.000374  0.000096 -0.002926 -0.001727 -0.000623 -0.001184  0.000643 -0.000465  0.701932  0.001306  0.000154 -0.518385  0.166267  0.210848 -0.294773  0.200963
-0.964920 -0.000174  0.023199  0.000146  0.000062  0.000862  0.005838 -0.000623 -0.000116  0.000893 -0.000024  0.000248 -0.000860 -0.000086  0.000012 -0.001110  0.000025  0.000052  0.200115 -0.057700 -0.078750  0.114673 -0.075011
 0.000918  0.000322 -0.000505  0.003985 -0.000694  0.000909 -0.000074  0.001148  0.000157  0.000324  0.000016  0.002236 -0.966551 -0.000323  0.018520  0.000573 -0.000683 -0.000718 -0.114218 -0.003882 -0.217139  0.066723  0.027363
 0.000000  0.000019  0.000004 -0.000002  0.000004  0.000007 -0.999745 -0.000027 -0.000008 -0.000001  0.000006  0.000018 -0.000021  0.000006  0.000003  0.000004  0.000000 -0.000015  0.016079 -0.005782 -0.004939  0.012334 -0.006425
-0.000084  0.000147  0.000006 -0.000242  0.000126 -0.000284  0.000020  0.000029 -0.000022  0.000011  0.000049 -0.000087 -0.000852 -0.000064  0.997148 -0.000172 -0.000017  0.000196  0.033556 -0.000246  0.063462 -0.021588 -0.008665
-0.000089 -0.000023  0.000043  0.000031  0.000036  0.000123 -0.000010  0.000161 -0.000058 -0.000058  0.000167 -0.000103 -0.000180  0.996773  0.000037 -0.000118  0.000063 -0.001837  0.013196 -0.052820 -0.004255 -0.015411  0.056753
-0.000069  0.000172  0.000396 -0.000080 -0.997506  0.000068  0.000231  0.000124 -0.000052 -0.000026 -0.000047 -0.000035 -0.000068  0.000104  0.000008  0.000125 -0.000236 -0.000432 -0.021305 -0.015942  0.033026  0.056018  0.006599
-0.002005 -0.187628 -0.001287  0.001854 -0.000577 -0.002695 -0.000280  0.711373 -0.000148  0.000501  0.007172 -0.000263  0.002502 -0.054443 -0.000147  0.001900 -0.000856 -0.015525  0.098581 -0.459963 -0.035375 -0.138308  0.462380
 0.000272  0.001532  0.001346  0.967698  0.017706 -0.001618  0.000848  0.001070 -0.000255 -0.000986  0.000596  0.000921 -0.000448  0.000197 -0.000647  0.000895  0.000894 -0.001489 -0.071144 -0.053499  0.122476  0.199083  0.025947
 0.001463 -0.002049  0.002396 -0.013438  0.002096  0.003863  0.000382 -0.001694 -0.000464 -0.000966  0.008554 -0.006379 -0.184459 -0.000436 -0.052426 -0.001297  0.696448  0.001691  0.313934  0.003952  0.586028 -0.177053 -0.067113
 0.002405 -0.004315  0.000195 -0.004957  0.000034 -0.668369  0.000022 -0.015940 -0.009333 -0.049301  0.024592 -0.179356  0.000034 -0.003160  0.001380 -0.005455  0.002938  0.000417  0.221809  0.459419 -0.017294  0.170422  0.477526
 0.000000  0.000000  0.000000 -0.000000 -0.000000 -0.000000  0.000000  0.000000 -0.999915  0.000000 -0.000000  0.000000 -0.000000  0.000000  0.000000 -0.000000 -0.000000  0.000000 -0.004269 -0.008072 -0.000503 -0.003555 -0.008542
 0.000649 -0.964139  0.000356  0.001022 -0.000025 -0.001739  0.000067 -0.001674  0.000095 -0.000032  0.000537  0.000352 -0.000596  0.021273  0.000307 -0.000076 -0.000429  0.006082 -0.040020  0.178902  0.012181  0.052575 -0.182807
 0.999915
