5 7
 0.207230 -0.000000  0.000000  0.073706  0.707107  0.420408  0.524290
-0.000000  0.000000  0.956092  0.031951 -0.000000  0.225068 -0.184965
 0.000000  0.707107 -0.207230  0.073706 -0.000000  0.519195 -0.426685
 0.000000  0.707107  0.207230 -0.073706  0.000000 -0.519195  0.426685
-0.956092  0.000000  0.000000  0.031951  0.000000  0.182245  0.227277
 0.000000 -0.000000  0.000000 -0.988043  0.000000  0.153356  0.015930
 0.207230  0.000000  0.000000  0.073706 -0.707107  0.420408  0.524290
 0.988043
