11 14
-0.000605 -0.000042  0.000112 -0.007835 -0.001589  0.000808 -0.000062 -0.026330 -0.961189 -0.000106 -0.000218  0.123068 -0.235334  0.069501
 0.000002 -0.000001 -0.000006 -0.999124  0.000003  0.000004  0.000001 -0.000004  0.000002  0.000004  0.000009 -0.035108  0.008670 -0.021082
-0.000536  0.000071  0.000080  0.008581 -0.001426  0.960295 -0.026811  0.000016  0.000116 -0.000587  0.000164 -0.202992 -0.140927 -0.126382
 0.000211  0.000008 -0.000021  0.002700  0.000556 -0.000011  0.000061 -0.995447  0.000035  0.000040 -0.000012 -0.042191  0.082050 -0.023777
 0.011333 -0.960333  0.000001  0.000002  0.027456  0.000001 -0.000009  0.000002  0.000000  0.000008 -0.000007  0.143602  0.005019 -0.237132
-0.000189  0.000006  0.000033  0.002941 -0.000504 -0.000029  0.995361 -0.000034  0.000011 -0.000025 -0.000013 -0.069852 -0.049767 -0.043482
 0.027607  0.197249 -0.706861 -0.000017  0.066879 -0.000037  0.000016 -0.000011 -0.000041  0.000070  0.000024  0.350267  0.011930 -0.577388
-0.999161 -0.000000  0.000000  0.000000  0.000000 -0.000000  0.000000 -0.000000  0.000000  0.000000  0.000000  0.021625  0.003664 -0.034579
 0.001483  0.000050 -0.000354  0.019358  0.003901 -0.001798  0.000094  0.064928 -0.195364  0.000720 -0.705556 -0.304554  0.580640 -0.171802
 0.001477  0.000029 -0.000345  0.019262  0.003884 -0.001818  0.000182  0.064620 -0.194806 -0.000198  0.708654 -0.302675  0.578406 -0.170669
 0.027590  0.197113  0.707352 -0.000019  0.066841 -0.000031  0.000011  0.000028 -0.000082  0.000055  0.000017  0.350020  0.012759 -0.576969
-0.001335  0.000124  0.000219  0.020792 -0.003551 -0.197936 -0.065681 -0.000581  0.000104  0.703255  0.000806 -0.493762 -0.350998 -0.307393
-0.001314  0.000147  0.000201  0.020570 -0.003496 -0.196592 -0.064983 -0.000579  0.000102 -0.710937 -0.000114 -0.488439 -0.346619 -0.304208
-0.004044  0.000000 -0.000001  0.000000  0.995111 -0.000001  0.000001  0.000003  0.000000  0.000000 -0.000000 -0.052222 -0.009450  0.083197
 0.999161
