1 39
-0.160128 -0.034282  0.245735 -0.138459 -0.089370 -0.078853 -0.225201  0.190549 -0.013851  0.045193  0.042156  0.148559 -0.332417  0.135773  0.127847  0.001258  0.177929 -0.037677  0.135023  0.200264  0.206560 -0.110742  0.012457  0.323429  0.033275 -0.015216 -0.099428  0.027601  0.096854  0.025237 -0.006977 -0.079188  0.257290 -0.105163  0.084539 -0.362925  0.335479  0.091667  0.067351
-0.160128 -0.102683 -0.063173 -0.001753  0.014935  0.089547 -0.097463 -0.044646 -0.230366 -0.095034 -0.079471 -0.285846 -0.146892 -0.126304  0.153661  0.072648 -0.192247  0.044774 -0.194473 -0.101085 -0.284426 -0.268844 -0.272810  0.016387  0.231895 -0.134445 -0.154009 -0.058050 -0.053656  0.160647  0.068583 -0.166795  0.048889 -0.310715  0.277647  0.051767  0.050427  0.017070 -0.258819
 0.160128  0.192369  0.424671 -0.068345 -0.099271  0.076064  0.033541 -0.056133 -0.095386  0.078899 -0.240380 -0.035404  0.236781  0.064081  0.032450  0.271080 -0.059421  0.167469  0.048181 -0.024845 -0.057454  0.264290 -0.009743 -0.105012  0.014184  0.027970 -0.166465  0.256665  0.226617 -0.021425 -0.163135 -0.304663  0.124049 -0.138860 -0.021290 -0.133031 -0.219503  0.176353 -0.081507
-0.160128  0.215863  0.018522 -0.112359  0.070205 -0.116821 -0.132038  0.077089  0.021008 -0.012239 -0.066030 -0.120147  0.097462 -0.229340  0.134056  0.126448  0.072797  0.097614  0.118345  0.038193  0.033595 -0.087754  0.217310 -0.317444  0.000368 -0.099637  0.104315 -0.183578  0.160295  0.292535  0.156148 -0.227634 -0.130692 -0.049831  0.045862 -0.090529  0.017298 -0.375211  0.396685
 0.160128 -0.103848 -0.027985 -0.076484  0.097543  0.006544  0.072408 -0.019637 -0.105992  0.303727 -0.061502 -0.282880 -0.028556  0.330742 -0.348083 -0.141075  0.147837  0.130236  0.031084  0.073749  0.207148 -0.035888 -0.326779 -0.208740 -0.095039  0.008583  0.042476 -0.052201 -0.064062  0.151719  0.229089 -0.263617 -0.087267  0.216583  0.132099 -0.108848  0.104207  0.066731 -0.039403
-0.160128  0.042718 -0.226677  0.121850 -0.110410 -0.055253 -0.026368 -0.119208 -0.274656  0.189871 -0.021354 -0.004566 -0.191680  0.344832  0.050807  0.206937 -0.051410  0.107963  0.125992  0.026754  0.063232 -0.148894  0.142255 -0.149356  0.015327 -0.002486 -0.067295  0.230127 -0.001983 -0.115227  0.211301  0.160460 -0.168732 -0.326916 -0.249436  0.138853 -0.060913  0.207647  0.241787
-0.160128  0.117031 -0.067191  0.089024  0.265530  0.359713 -0.001555  0.149688 -0.078074 -0.054864  0.242550 -0.170393  0.095855  0.016876 -0.015859  0.101906  0.032900 -0.213695 -0.013587 -0.235234  0.020031 -0.112265 -0.014475 -0.202052 -0.212919  0.285036  0.102732  0.300278  0.182422 -0.124154 -0.121069 -0.043888  0.088940 -0.032094 -0.073283 -0.087120  0.352713 -0.082399 -0.082796
 0.160128 -0.176482 -0.031716  0.175841 -0.033156 -0.189594  0.168655  0.005721 -0.057967 -0.250266 -0.013279 -0.225263 -0.049015 -0.007438  0.225495 -0.226785  0.046093 -0.034654 -0.078614 -0.428154  0.085060  0.083287 -0.094784 -0.012665  0.107456 -0.192217 -0.037927 -0.061694  0.157928 -0.192477 -0.081124 -0.144915 -0.053192  0.041935 -0.145142 -0.221639  0.088968  0.209445  0.371628
-0.160128  0.049303 -0.146696 -0.243883  0.040529 -0.118064 -0.007408 -0.144833  0.118057  0.071781  0.160255 -0.010103  0.095993  0.295037 -0.145839  0.220878 -0.173270  0.086332 -0.124207 -0.184486 -0.064086  0.099690  0.185194  0.160083  0.224740 -0.165716  0.077257 -0.017291 -0.036506  0.184439 -0.361701 -0.018261 -0.338257  0.075345 -0.031179 -0.233722  0.210770  0.022500 -0.104146
-0.160128 -0.076925 -0.130474 -0.090614  0.036137 -0.160832  0.233451 -0.208642  0.168178 -0.189310  0.133300  0.030463  0.212107  0.125740  0.085607 -0.006837  0.320039  0.057135  0.032599  0.225743 -0.229609  0.152293 -0.160983 -0.248123  0.023128 -0.067071 -0.423006  0.055216  0.054632  0.132156  0.045761  0.134889  0.227558 -0.036506 -0.110455  0.023779  0.226162 -0.028565 -0.017365
 0.160128 -0.000830  0.040178 -0.080523  0.223076  0.239199  0.033066  0.349831  0.278647 -0.127151 -0.017326  0.135611 -0.252018  0.144412 -0.056190 -0.088786 -0.059938 -0.118760 -0.000966  0.182803 -0.255128  0.051439 -0.082038 -0.070966 -0.181924 -0.325722 -0.001920 -0.008038  0.028189  0.090134 -0.053574 -0.191810 -0.255520 -0.257955 -0.228899  0.103159 -0.020904  0.106099  0.053635
 0.160128  0.107289  0.060432 -0.277930  0.131476 -0.203929  0.103200 -0.025330 -0.090184 -0.063924 -0.100884  0.243828 -0.246487  0.003757  0.085894 -0.042204  0.126975  0.254522  0.034245 -0.226784 -0.030029 -0.237514 -0.102097 -0.194064 -0.142999  0.054400  0.064528  0.227579 -0.193435  0.038365 -0.393055  0.089838  0.039641  0.031463  0.259686  0.219152  0.057039 -0.021877  0.136111
 0.160128  0.299227 -0.225651 -0.153956  0.018588  0.137216 -0.204574 -0.024123 -0.173375 -0.024295  0.455187 -0.074598  0.225429 -0.002741  0.164221 -0.239588  0.042437  0.096048  0.190535  0.006692  0.051720  0.106008  0.010093  0.049345 -0.097203 -0.232313  0.134051 -0.042027 -0.120585  0.124449 -0.003937  0.041020  0.187611 -0.146214  0.126305 -0.060991 -0.170569  0.293158  0.000808
 0.160128 -0.107125 -0.123136  0.114735  0.005593  0.151901  0.063276  0.097191  0.078559  0.176817  0.117507 -0.021741 -0.284831  0.271710  0.167228  0.244911  0.183404  0.011081 -0.025878 -0.305863 -0.177771  0.015199  0.248503 -0.021398 -0.060676  0.058566 -0.143032 -0.234724 -0.078317  0.169469 -0.003827 -0.060705  0.331902  0.134543 -0.029638 -0.092167 -0.296994 -0.178279 -0.050141
-0.160128  0.111520 -0.153176 -0.047672 -0.004005  0.129700  0.034283 -0.106202 -0.316248  0.132556 -0.095874  0.051675 -0.107646 -0.026101  0.003536  0.036995  0.227469 -0.349081 -0.100504  0.232720 -0.155008  0.080319 -0.304644  0.024334  0.065314  0.122938  0.088658 -0.198513  0.212556  0.058423 -0.368329  0.078399 -0.081420  0.100796  0.005655 -0.100636 -0.241638  0.062882  0.236040
 0.160128 -0.254673  0.182064  0.062269 -0.140552  0.156678  0.152268 -0.287890  0.070816  0.026047  0.082541 -0.113802 -0.036492 -0.163924 -0.058833  0.074651  0.117570 -0.156502 -0.190559  0.085035  0.139355  0.044273  0.080703  0.002818  0.058043  0.042821  0.291252  0.191597 -0.294042  0.406249 -0.077780 -0.000397  0.114455 -0.300355 -0.122624 -0.002775  0.089887  0.017230  0.196543
-0.160128  0.006215 -0.133837 -0.000048  0.321126  0.040279  0.103932  0.225114 -0.110631  0.117471 -0.350801 -0.024070 -0.002956 -0.099842  0.120429 -0.203825  0.301345  0.246934 -0.121418  0.000184 -0.183793  0.319814  0.240537  0.111898  0.184961  0.110125  0.213707  0.150277 -0.140534  0.017636  0.146065  0.047019 -0.009358 -0.045645 -0.014434 -0.101131  0.064967  0.133099 -0.093664
 0.160128 -0.176070 -0.139357  0.051822 -0.332597  0.077884 -0.177630  0.021247 -0.319008 -0.327860 -0.099293 -0.162779 -0.083528  0.141079 -0.087871 -0.141751  0.125722  0.020999  0.029116  0.224532 -0.054245  0.108746  0.393346 -0.069874 -0.064701 -0.083932  0.007837  0.106016  0.167696  0.028510 -0.216306 -0.095325 -0.054318  0.124274  0.108832  0.174826  0.133889 -0.154712 -0.142706
 0.160128  0.011655 -0.049645  0.011982  0.106395 -0.153439  0.096209  0.216143 -0.124831 -0.135665 -0.056354 -0.135719  0.152324  0.009539 -0.089951  0.067586  0.117711  0.163508  0.176678  0.087798  0.214741 -0.191829 -0.039081  0.057793  0.125687  0.247065 -0.003581 -0.400253 -0.083976 -0.010808 -0.294041 -0.000663  0.026847 -0.333018 -0.365552  0.027141  0.000426 -0.060567 -0.203986
-0.160128 -0.169673 -0.112129 -0.160551 -0.337813  0.416152  0.117681  0.109243  0.018375 -0.051942  0.007843  0.294742  0.089631 -0.019978 -0.042069  0.055676  0.230373  0.270498  0.103970 -0.246768  0.187266  0.018414 -0.267314  0.053798  0.187471 -0.176661  0.160220  0.035828  0.152220 -0.046355  0.077005 -0.023822 -0.047524 -0.058711 -0.045391  0.076100 -0.055456 -0.201315 -0.029585
 0.160128  0.015305 -0.211330  0.183803  0.084378  0.121076  0.192348  0.224522 -0.217636 -0.083662 -0.040089  0.085049  0.164507 -0.057734 -0.119206  0.209800 -0.297714  0.161805  0.103008  0.170105 -0.101112 -0.075380 -0.090118  0.319769  0.045232 -0.049590 -0.150924  0.177018 -0.134812  0.173245 -0.001072 -0.043707  0.160682  0.249982 -0.010251 -0.049990  0.126257 -0.069962  0.365458
 0.160128 -0.157841  0.097244  0.022971  0.171051  0.307314 -0.400807 -0.163432 -0.040857  0.050589 -0.075997  0.244792  0.260238  0.125439  0.229351 -0.254088  0.021895  0.129142 -0.263076  0.020193  0.053811 -0.255030  0.043257 -0.057147  0.098375  0.134062 -0.271908 -0.024371 -0.040120  0.080685 -0.039713  0.041207 -0.177104  0.080748 -0.159465 -0.099631  0.003355 -0.040214  0.097810
-0.160128  0.133723 -0.038546  0.273051  0.140749 -0.070097  0.350169 -0.158954  0.009756  0.118824  0.224715  0.110874 -0.123929  0.020381  0.033672 -0.327134 -0.080330  0.210533 -0.209977  0.182299  0.192825 -0.142492  0.105080  0.121653  0.006820 -0.066030 -0.002966  0.128374  0.284413  0.049233 -0.133474 -0.288734  0.060850 -0.071676  0.002891  0.036031 -0.187216 -0.180246 -0.111323
-0.160128 -0.007624  0.356168  0.254789  0.144754  0.038774  0.010761  0.066687 -0.132367 -0.085599  0.187958 -0.115113  0.054709 -0.020783 -0.056489  0.203671  0.325969  0.157467 -0.083342 -0.104395  0.083002  0.068909  0.013776  0.271798 -0.248866 -0.089891 -0.184233 -0.128083  0.049786  0.166372  0.010915  0.162052 -0.305596  0.039533  0.163134  0.275903 -0.008484  0.146951  0.055957
-0.160128  0.403644  0.089289 -0.086204 -0.017216  0.295620 -0.012180 -0.187047  0.068122 -0.375828 -0.136028 -0.117691 -0.311744  0.052862 -0.268872 -0.092133 -0.141373  0.220052 -0.168182 -0.044531  0.120031  0.076981  0.037542 -0.060008  0.068757  0.083403 -0.062540 -0.200973 -0.045272  0.040828  0.073553  0.132187  0.210517  0.120642 -0.158313 -0.001071  0.025992  0.105650  0.108734
-0.160128 -0.120454  0.311542  0.307663  0.136580  0.009625 -0.005502  0.118254 -0.116440 -0.119042  0.183163  0.141540 -0.048084  0.148137  0.135003  0.043627 -0.135542  0.010074  0.230313  0.127549  0.015008  0.053190 -0.046340 -0.393345  0.413792 -0.094421  0.257368 -0.049506 -0.118350  0.065969 -0.075923  0.052630  0.046260  0.246259  0.018683  0.027330 -0.031797  0.110578 -0.095546
-0.160128 -0.295826  0.060204 -0.048479  0.249881 -0.063720 -0.196935 -0.168249 -0.122622 -0.017417  0.019007 -0.004522 -0.103231 -0.248921 -0.439997 -0.155962  0.022204  0.017724  0.372236 -0.190234 -0.142077 -0.061730  0.059191  0.034543 -0.039858 -0.121840 -0.115755  0.174700  0.079637  0.101482 -0.058072  0.052242  0.080650  0.000615 -0.216627 -0.176315 -0.259174 -0.038219 -0.022865
 0.160128  0.028499 -0.196898 -0.013189  0.042288  0.073719  0.047155 -0.065562 -0.004470  0.165402 -0.064511  0.104828 -0.143365 -0.454649  0.064532  0.263102  0.095219  0.012057 -0.048771  0.064089  0.216512 -0.156621  0.132316 -0.175787  0.006817 -0.261184 -0.102323 -0.051435  0.154771  0.059502 -0.021984 -0.020106  0.001546  0.254278 -0.166724  0.020128  0.180351  0.377141 -0.254530
 0.160128 -0.060732  0.005770 -0.312066  0.278226 -0.082081 -0.030987  0.035360 -0.231467  0.002641  0.199018  0.180957 -0.042187  0.012244 -0.155335  0.040851 -0.038995 -0.245378 -0.139414 -0.108706  0.159965  0.246133  0.108615  0.033004  0.360571  0.105211 -0.146221 -0.041754  0.154070 -0.024014  0.186823 -0.173207  0.111423 -0.074562  0.042686  0.390417  0.047809 -0.030960  0.110905
-0.160128 -0.130107 -0.177741 -0.094567  0.024916 -0.261576 -0.259095  0.246456  0.147935 -0.257347 -0.068231 -0.092512  0.068219  0.106503  0.088209  0.135624 -0.017121 -0.007521 -0.286777  0.025377  0.239302 -0.042748 -0.161861  0.026321 -0.090842  0.080111  0.136190  0.275016  0.113612  0.279543  0.017816 -0.016235  0.134009  0.161297 -0.147698  0.092142 -0.331072  0.143865 -0.046859
-0.160128 -0.188116 -0.007589 -0.194943 -0.069696  0.084708  0.154616  0.076927 -0.144787  0.114719  0.006045 -0.054597 -0.151111 -0.113451  0.324015 -0.156223 -0.383828  0.030519  0.175422 -0.031912  0.233995  0.365791 -0.054908 -0.058292 -0.246510  0.196474 -0.231909 -0.053114 -0.057920  0.254130 -0.082441  0.074846 -0.157023  0.027645 -0.092789  0.015018  0.040089 -0.062748 -0.075450
 0.160128 -0.023709 -0.036913  0.098583  0.190881 -0.043043  0.093282  0.021655 -0.193191 -0.134404 -0.191819  0.204791  0.041859  0.113551 -0.092878  0.093925 -0.109702 -0.105511 -0.188605 -0.030770  0.244746  0.108695  0.000774 -0.145431 -0.151264 -0.270138  0.028032 -0.053112  0.133837  0.069106  0.093015  0.419633  0.057218 -0.248334  0.222119 -0.349356 -0.032843 -0.191094 -0.125183
-0.160128  0.149980  0.141470  0.088067 -0.204344 -0.197236 -0.129616  0.115204 -0.316504  0.222433 -0.026228  0.184971  0.113143  0.009509 -0.084616 -0.123355 -0.021185 -0.056098 -0.273624 -0.170356 -0.137670  0.068842 -0.089231 -0.050911 -0.219926 -0.262348  0.070918 -0.104802 -0.178939  0.057652 -0.017576 -0.097866  0.221302  0.044041 -0.384313  0.129187  0.202358 -0.115432 -0.061652
-0.160128 -0.327409 -0.021335 -0.050494  0.200722  0.123181 -0.077211 -0.098405  0.154216  0.221886 -0.193857 -0.142798  0.156575  0.107032  0.028752  0.033768 -0.184538  0.155108  0.019694  0.073134  0.034125  0.024610  0.073399  0.024026 -0.149061 -0.179003  0.177799 -0.240790  0.192728 -0.173640 -0.223938  0.065114  0.359592 -0.065599  0.109495  0.275354  0.113727  0.099276  0.206868
-0.160128 -0.064371 -0.215732  0.172787  0.172534  0.001853 -0.166892 -0.290742 -0.020818 -0.240316 -0.074088  0.250012 -0.038888 -0.021269  0.033442  0.218501  0.072835 -0.007542  0.055137  0.035680  0.173648  0.236095 -0.068543  0.007322 -0.216323  0.018180 -0.008487 -0.082806 -0.371805 -0.211191 -0.033274 -0.469921 -0.039189 -0.058654  0.075893 -0.062716 -0.012353 -0.018310 -0.018759
-0.160128 -0.283877  0.071919 -0.260903 -0.136411  0.001871  0.238135  0.173687 -0.169869 -0.119267  0.239800  0.142364  0.103173 -0.088100 -0.157478  0.037826 -0.073720  0.136502 -0.275939  0.118753 -0.149846 -0.173340  0.226867 -0.191586 -0.187320  0.158013  0.019272 -0.163331 -0.067231 -0.173866  0.077626 -0.099710 -0.010389 -0.016639  0.089056 -0.236301 -0.130072  0.259366  0.091670
-0.160128  0.065435 -0.015546  0.023308 -0.050797  0.043591  0.244594 -0.071608  0.001485 -0.130484 -0.311711  0.217277  0.235654  0.192691  0.003240 -0.168786 -0.009355 -0.352427  0.253817 -0.216590  0.018916 -0.251823  0.197803  0.083444 -0.059260  0.065829  0.012748 -0.110659  0.039570  0.336168  0.090607 -0.151723  0.032437  0.000925  0.109202  0.102211  0.025213  0.278020 -0.066280
-0.160128  0.055816 -0.155062  0.232551 -0.169139  0.028790 -0.114520  0.335553  0.212634  0.187928 -0.036577 -0.000659  0.060861 -0.107366 -0.282979 -0.141814  0.036306 -0.080126 -0.072908 -0.073420  0.197616  0.082704  0.071355 -0.241909  0.176522 -0.015259 -0.369265  0.057600 -0.187025  0.020312 -0.282391  0.005105  0.035885 -0.157532  0.262814  0.009510 -0.057185  0.101590  0.132852
-0.160128  0.043132  0.137782 -0.292652  0.114523  0.134553  0.205772  0.043648 -0.098875 -0.017078 -0.093722 -0.281792  0.089854  0.076147  0.132744  0.011934  0.102848 -0.259001 -0.020648  0.102235  0.224682 -0.171212  0.131309  0.055631  0.061077 -0.366505 -0.158415  0.145746 -0.345746 -0.255622 -0.050839  0.011419  0.011973  0.153091 -0.078809  0.015675 -0.198460 -0.179225 -0.017393
 0.160128
