1 7
 0.377964 -0.327600 -0.157414 -0.760906 -0.024125 -0.294955 -0.241834
 0.377964 -0.340170  0.355439  0.544041 -0.064117 -0.434902 -0.354766
 0.377964  0.057210 -0.538793  0.224146 -0.057437 -0.367345  0.612446
 0.377964  0.864480  0.098649 -0.067265  0.039240 -0.130754 -0.277353
 0.377964 -0.124712  0.092731  0.033032  0.845341  0.320910  0.119644
-0.377964  0.099698  0.439650 -0.198977  0.331515 -0.623042  0.340934
-0.377964  0.029510 -0.589037  0.172025  0.407387 -0.284004 -0.482797
 0.377964
