5 14
-0.127725  0.000000  0.531627 -0.000000  0.000000  0.370270 -0.507651  0.309886  0.278587  0.178651  0.152659  0.161709  0.221474  0.046774
 0.000000  0.659352  0.000000  0.000000 -0.000000  0.210107 -0.121709 -0.457676  0.177992 -0.320179 -0.073806 -0.271442  0.287565  0.028505
 0.659352 -0.000000 -0.000000  0.000000  0.000000  0.159209 -0.279807 -0.192092 -0.265980 -0.198049  0.015480  0.503607 -0.094412 -0.227977
 0.000000  0.000000 -0.000000 -0.000000  0.659352  0.088552  0.207912 -0.279113 -0.100546  0.510516 -0.050548  0.166956  0.361138 -0.068529
 0.127725 -0.000000  0.000000 -0.000000 -0.531627  0.154371  0.276078 -0.252735 -0.068662  0.303569  0.302875  0.188488  0.185652  0.527767
 0.127725  0.531627 -0.000000  0.000000  0.000000 -0.183664  0.125108  0.088109  0.354233  0.381724  0.298279  0.131462 -0.462441 -0.229376
 0.000000  0.000000  0.659352 -0.000000  0.000000 -0.645801  0.136820 -0.197023 -0.042518 -0.203260  0.089804  0.122043  0.155987 -0.015637
 0.127725 -0.000000 -0.000000  0.000000  0.531627  0.044545  0.018215  0.093437  0.056041 -0.329600  0.365568 -0.018580 -0.262249  0.612761
 0.127725 -0.531627 -0.000000  0.000000  0.000000  0.076922 -0.025842 -0.479525  0.574988 -0.015379  0.206741 -0.205195 -0.105788 -0.194022
 0.127725 -0.000000 -0.000000 -0.531627 -0.000000  0.201597  0.456211  0.318926  0.074044 -0.263887  0.297973 -0.004023  0.315655 -0.294981
 0.659352 -0.000000 -0.000000 -0.000000 -0.000000 -0.246054 -0.124589  0.268634  0.086643  0.242944 -0.148637 -0.491210  0.254893  0.148816
-0.000000  0.000000  0.000000  0.659352 -0.000000  0.086650  0.051593  0.086156 -0.294730 -0.049107  0.536436 -0.260150  0.143940 -0.286747
-0.127725  0.000000 -0.000000 -0.531627 -0.000000 -0.094129 -0.392222 -0.212071 -0.439584  0.202982  0.367344 -0.318629 -0.137134 -0.060658
-0.127725 -0.000000 -0.531627  0.000000  0.000000 -0.430687 -0.337960  0.065528  0.225853 -0.073443  0.264039  0.313073  0.414937  0.027380
 0.659352
