11 15
 0.000188  0.000007  0.000004  0.000093 -0.000018  0.991948 -0.000037  0.000028 -0.000012 -0.000035 -0.000188  0.007733 -0.089027 -0.026183  0.085833
 0.082118  0.000000 -0.000001  0.000001  0.707106 -0.000001 -0.000000 -0.000001  0.000000 -0.000000 -0.203390  0.303089  0.413777  0.082627  0.426602
-0.082119 -0.000000  0.000000 -0.000000  0.707107 -0.000002 -0.000000  0.000000 -0.000000  0.000001  0.203389 -0.302998 -0.413723 -0.083602 -0.426526
 0.001395  0.708273 -0.000057 -0.000045  0.000256 -0.059547 -0.015375  0.002720 -0.000117  0.200193 -0.000438  0.016526 -0.441820  0.375888  0.343089
 0.034880  0.000000 -0.000000  0.000000 -0.000000 -0.000000  0.000000 -0.000000  0.000000 -0.000000  0.957738  0.128247  0.174941  0.034463  0.182432
 0.992619 -0.000000 -0.000000  0.000000 -0.000000 -0.000000 -0.000000 -0.000000  0.000000  0.000000 -0.000000 -0.054724 -0.073209 -0.016068 -0.078073
 0.000014  0.000237 -0.958284  0.000511 -0.000167 -0.026005  0.006018 -0.000131  0.000392  0.000087 -0.000408  0.016901 -0.096572 -0.234899  0.127235
-0.000019 -0.000028  0.000609  0.202591  0.000027  0.000016 -0.080881  0.000524  0.707350  0.000031 -0.000415 -0.598533  0.181942  0.012506  0.246108
-0.000024 -0.003844 -0.202419 -0.000618  0.000396  0.061338 -0.014615 -0.705655 -0.000124  0.002255  0.000964 -0.041570  0.226404  0.561018 -0.298920
 0.000585 -0.000137 -0.000457 -0.000137  0.000108 -0.024910 -0.006413  0.000406  0.000294 -0.958908 -0.000182  0.007123 -0.184943  0.158265  0.143288
 0.000041  0.000592  0.201784  0.000886 -0.000392 -0.061796  0.014268 -0.708525  0.000345 -0.000331 -0.000966  0.040922 -0.230818 -0.554005  0.302289
-0.001400  0.705927 -0.000892  0.000264 -0.000255  0.060125  0.015266 -0.005977 -0.000381 -0.201032  0.000446 -0.017296  0.444849 -0.373498 -0.345941
-0.000043 -0.000003 -0.000005  0.000008 -0.000026  0.000028 -0.992364  0.000001 -0.000051 -0.000014  0.000058  0.107043 -0.024621 -0.032399 -0.045817
 0.000019  0.000524 -0.000212 -0.202826 -0.000027  0.000089  0.080858 -0.000304  0.706863  0.000293  0.000416  0.598882 -0.181613 -0.012223 -0.246729
-0.000008  0.000048 -0.000021 -0.958028  0.000011 -0.000007 -0.034199 -0.000026 -0.000070  0.000015 -0.000177 -0.253291  0.076675  0.004087  0.104696
 0.992619
