17 35
 0.000388 -0.000197  0.000004  0.000033 -0.000121  0.000662 -0.010682  0.561619  0.000008  0.000016  0.038484  0.000108  0.000337 -0.069992 -0.000064 -0.003022 -0.020900  0.298483 -0.205707  0.119636  0.093865 -0.087465  0.046613  0.190121  0.281823 -0.021756 -0.130151 -0.224757 -0.270406 -0.102508 -0.379059  0.010425  0.056702 -0.148137 -0.277868
 0.000021  0.000141  0.000001  0.000346  0.000156  0.000059 -0.000042  0.000050  0.000109 -0.000039  0.000014 -0.000067 -0.000066 -0.704116  0.000141 -0.000010  0.001649 -0.144433 -0.231662 -0.010468 -0.286167 -0.213927 -0.048374 -0.096115 -0.340892  0.098274 -0.291554  0.086281  0.003267  0.011083 -0.081490  0.026206  0.193308  0.115372 -0.117870
-0.000000  0.000000 -0.000000 -0.000000  0.000000 -0.000000 -0.000000 -0.000000  0.000000  0.000000 -0.000000 -0.000000  0.707107  0.000000  0.000000  0.000000 -0.000000  0.078903 -0.288083  0.001916  0.099530  0.150386 -0.095318  0.031380  0.054116 -0.174299 -0.102957 -0.144598  0.326976 -0.019218 -0.054852  0.056851 -0.140482  0.410118  0.043738
 0.000000  0.000000  0.000000 -0.707107  0.000000  0.000000  0.000000 -0.000000  0.000000 -0.000000  0.000000 -0.000000  0.000000  0.000000  0.000000 -0.000000 -0.000000  0.024257  0.152120 -0.251726 -0.350483  0.136782 -0.138272  0.251927  0.195043 -0.021916 -0.250006  0.078281 -0.097130 -0.074625  0.081829 -0.181040 -0.142145  0.080296 -0.022162
-0.000001 -0.000000 -0.000001  0.000001 -0.000002 -0.000004  0.000002 -0.000001  0.000000 -0.000001  0.000000 -0.000001  0.000000 -0.000000  0.000001 -0.707090 -0.000001 -0.211975  0.002232  0.474867 -0.188199  0.028745 -0.052909 -0.052738  0.144966  0.051153 -0.098912 -0.143062  0.030582 -0.265756  0.030272 -0.021009 -0.056035 -0.078950  0.227128
 0.000026 -0.000004 -0.000014  0.000009 -0.000002  0.000023 -0.000011  0.000007 -0.000015  0.000003 -0.000017 -0.000007 -0.000108  0.000001 -0.000005 -0.000026  0.706827 -0.155579  0.406005 -0.010536  0.062170 -0.114202  0.226092  0.099469 -0.068069 -0.080505 -0.058570 -0.217288  0.110237 -0.048981 -0.272649 -0.146440  0.125939  0.210675 -0.031363
-0.000000 -0.000000 -0.000000  0.707107 -0.000000 -0.000000  0.000000 -0.000000 -0.000000 -0.000000  0.000000  0.000000 -0.000000  0.000000 -0.000000 -0.000000  0.000000  0.024323  0.152403 -0.251657 -0.350171  0.137153 -0.138224  0.251983  0.195380 -0.021975 -0.249808  0.078263 -0.097126 -0.074475  0.081977 -0.181032 -0.142268  0.080218 -0.022044
 0.000000  0.000000  0.000000  0.000000  0.000000 -0.000000 -0.000000  0.000000  0.000000  0.000000 -0.000000 -0.000000 -0.000000  0.000000 -0.707107 -0.000000  0.000000 -0.013792  0.095045 -0.158367  0.139185 -0.033169 -0.049589 -0.366503 -0.012756 -0.160529 -0.363313 -0.070919  0.056446  0.001932 -0.094067  0.007767 -0.248486 -0.265220  0.036002
-0.000000  0.000000  0.000000  0.000000  0.000000 -0.000000 -0.000000 -0.000000 -0.000000 -0.000000 -0.000000  0.707107 -0.000000  0.000000  0.000000 -0.000000  0.000000  0.015419  0.003253  0.083863 -0.134494  0.047272 -0.155243  0.211749 -0.117232  0.080448  0.097557  0.060607  0.290207  0.274982 -0.337547 -0.073662 -0.147625 -0.253794  0.068178
 0.000000  0.000000  0.000000  0.000000  0.000000 -0.000000  0.000000  0.000000  0.000000 -0.000000  0.000000 -0.000000 -0.000000  0.000000 -0.707107 -0.000000 -0.000000  0.013721 -0.095120  0.158340 -0.139298  0.033087  0.049562  0.366500  0.012567  0.160509  0.363197  0.070975 -0.056405 -0.001944  0.094099 -0.007730  0.248594  0.265240 -0.035974
 0.000000 -0.000000 -0.000000  0.000000 -0.000000 -0.707107 -0.000000 -0.000000 -0.000000  0.000000  0.000000  0.000000  0.000000  0.000000 -0.000000 -0.000000 -0.000000  0.180836  0.032543  0.189298 -0.279338 -0.041820  0.054111 -0.191541 -0.001208 -0.458491  0.123835  0.008798 -0.093941  0.226297  0.021898 -0.141822  0.018555  0.055387 -0.036644
 0.000001 -0.000006  0.000013 -0.000004 -0.000007  0.000008 -0.000022  0.000037  0.000007 -0.000003 -0.000041  0.000010  0.000129 -0.000007  0.000003  0.000016  0.706771  0.172041 -0.417168  0.010389 -0.059811  0.100864 -0.224881 -0.085742  0.075733  0.072296  0.057638  0.205552 -0.119324  0.033692  0.257340  0.147407 -0.124407 -0.221539  0.025453
 0.000000 -0.000000  0.707107  0.000000  0.000000  0.000000 -0.000000  0.000000 -0.000000  0.000000 -0.000000 -0.000000  0.000000 -0.000000  0.000000 -0.000000 -0.000000  0.270914  0.267085  0.170783 -0.087973 -0.178320  0.011837  0.040396  0.002672  0.087389 -0.091318  0.061700  0.206475 -0.021091  0.151873  0.362526 -0.126138  0.041749 -0.223124
 0.000003  0.000001  0.000000  0.000000  0.000001  0.000000  0.000003 -0.000001 -0.000004  0.000000  0.000001 -0.000000 -0.000000 -0.000000  0.000000 -0.707091 -0.000000  0.211480 -0.001619 -0.477580  0.187224 -0.031646  0.052284  0.053861 -0.148332 -0.054018  0.101444  0.143813 -0.027863  0.262420 -0.027292  0.021276  0.055488  0.078068 -0.222754
-0.000000  0.000000 -0.000000  0.000000  0.000000 -0.000000 -0.000000 -0.000000 -0.000000 -0.000000  0.000000  0.707107 -0.000000 -0.000000  0.000000 -0.000000  0.000000 -0.015491 -0.003245 -0.083910  0.134433 -0.047326  0.155225 -0.211740  0.117079 -0.080501 -0.097589 -0.060553 -0.290130 -0.275004  0.337628  0.073687  0.147687  0.253807 -0.068082
 0.000526 -0.000132 -0.000040  0.000122 -0.000200  0.000375  0.010047 -0.560750 -0.000299 -0.000018 -0.037924 -0.000009  0.000356 -0.071010  0.000005  0.002811 -0.020602  0.260102 -0.159067 -0.129752 -0.005920 -0.361361 -0.004604  0.273839 -0.014146 -0.259461  0.118958 -0.173515 -0.031188 -0.419762 -0.130807  0.018011 -0.018999 -0.220325  0.088532
-0.000000 -0.707107 -0.000000  0.000000  0.000000 -0.000000  0.000000  0.000000  0.000000  0.000000 -0.000000 -0.000000 -0.000000 -0.000000  0.000000  0.000000 -0.000000  0.087174  0.081626  0.101118  0.171629 -0.093201 -0.426697  0.032136 -0.133915  0.049573 -0.026361 -0.245936  0.012776  0.050855  0.229195 -0.297276  0.092035 -0.012781 -0.142866
-0.000000  0.000000  0.000000 -0.000000  0.000000 -0.000000 -0.000000 -0.000000  0.000000  0.000000 -0.000000 -0.000000  0.707107 -0.000000  0.000000 -0.000000 -0.000000 -0.079244  0.288374 -0.001915 -0.099588 -0.150224  0.095373 -0.031613 -0.054287  0.174452  0.102936  0.144721 -0.326797  0.019460  0.054988 -0.056930  0.140494 -0.409840 -0.043697
-0.000001 -0.000003 -0.000001  0.000002 -0.000005 -0.000003 -0.706966 -0.000002 -0.000007 -0.000001 -0.000031  0.000000 -0.000004  0.000017  0.000004  0.000036 -0.000020  0.006664 -0.033742 -0.064579 -0.164723  0.381548  0.168763 -0.027853 -0.239830 -0.014875  0.091178 -0.268581  0.102517 -0.170401  0.093863  0.015404 -0.001992 -0.180828 -0.270907
-0.000000  0.000000 -0.000000 -0.000000  0.000000  0.707107  0.000000  0.000000  0.000000 -0.000000  0.000000 -0.000000 -0.000000 -0.000000  0.000000 -0.000000 -0.000000  0.180439  0.032908  0.189171 -0.279377 -0.041575  0.054059 -0.191831 -0.001460 -0.458425  0.124087  0.009105 -0.093586  0.226509  0.022445 -0.141855  0.018403  0.055595 -0.036265
 0.000000  0.000000  0.000000  0.000000 -0.000000 -0.000000  0.000000  0.000000  0.000000  0.707107 -0.000000 -0.000000 -0.000000  0.000000  0.000000  0.000000  0.000000 -0.268579 -0.102342  0.117676  0.115873 -0.119169  0.159760  0.268423 -0.141696 -0.124941 -0.056020 -0.030949 -0.168273  0.141599  0.157712 -0.002548 -0.382343 -0.001954 -0.138284
-0.000000  0.000000  0.000000  0.000000 -0.707107 -0.000000 -0.000000 -0.000000  0.000000 -0.000000 -0.000000 -0.000000 -0.000000 -0.000000  0.000000 -0.000000 -0.000000 -0.026458  0.151168 -0.003849 -0.023563  0.139972 -0.304071 -0.015308 -0.217246 -0.052903  0.108361 -0.097480 -0.335206 -0.040590 -0.200558  0.314386 -0.105432  0.145026  0.084452
-0.707107 -0.000000  0.000000  0.000000 -0.000000  0.000000  0.000000 -0.000000 -0.000000 -0.000000  0.000000  0.000000  0.000000 -0.000000  0.000000  0.000000  0.000000  0.251431 -0.031837 -0.056353 -0.100146 -0.045279  0.205394  0.008333 -0.093543  0.240207 -0.095437 -0.331774 -0.107662  0.222401  0.098980 -0.002442 -0.065634  0.042108  0.340131
 0.000168  0.000019  0.000007 -0.000062  0.000084 -0.000003  0.000668 -0.000027  0.000010  0.000001  0.705024 -0.000054  0.000034 -0.000004  0.000052  0.000767 -0.000094  0.007820  0.042668  0.056990  0.112464  0.161781  0.002233  0.266069 -0.094475 -0.268706 -0.258868  0.049726  0.029874  0.090135  0.133280  0.190235  0.334056 -0.161692  0.192017
 0.000000  0.000000  0.707107  0.000000 -0.000000 -0.000000  0.000000 -0.000000 -0.000000  0.000000  0.000000  0.000000  0.000000  0.000000  0.000000 -0.000000  0.000000 -0.270910 -0.267076 -0.170807  0.087964  0.178275 -0.011833 -0.040381 -0.002692 -0.087412  0.091344 -0.061715 -0.206458  0.021045 -0.151879 -0.362536  0.126128 -0.041752  0.223145
 0.000000  0.707107  0.000000 -0.000000 -0.000000  0.000000 -0.000000  0.000000 -0.000000  0.000000 -0.000000  0.000000  0.000000 -0.000000 -0.000000  0.000000  0.000000  0.087351  0.081619  0.101148  0.171754 -0.093190 -0.426663  0.032249 -0.133699  0.049517 -0.026280 -0.246065  0.012680  0.050770  0.229079 -0.297287  0.091970 -0.012890 -0.142921
-0.000000  0.000000 -0.000000  0.000000  0.000000 -0.000000  0.000000  0.000000 -0.707107 -0.000000  0.000000  0.000000 -0.000000  0.000000  0.000000 -0.000000  0.000000 -0.279058 -0.038315 -0.183368 -0.150148 -0.154149 -0.114424 -0.011223  0.281195 -0.053598  0.107984 -0.304864  0.081217  0.210007  0.071211  0.245792  0.115638 -0.077403 -0.073599
 0.000113  0.000108 -0.000003  0.000362  0.000124  0.000163 -0.000046 -0.000041  0.000079 -0.000040 -0.000078 -0.000058  0.000004  0.703050  0.000135 -0.000022 -0.002503 -0.088701 -0.268516 -0.011915 -0.277944 -0.259717 -0.044326 -0.049585 -0.315065  0.069813 -0.292709  0.046567 -0.026570 -0.041800 -0.132317  0.029119  0.197266  0.078470 -0.136407
 0.000000 -0.000000 -0.000000 -0.000000  0.707107  0.000000 -0.000000  0.000000 -0.000000 -0.000000 -0.000000  0.000000  0.000000 -0.000000 -0.000000  0.000000  0.000000 -0.026293  0.151178 -0.003902 -0.023480  0.139880 -0.304052 -0.015227 -0.217082 -0.052972  0.108583 -0.097603 -0.335237 -0.040783 -0.200621  0.314336 -0.105599  0.144928  0.084471
 0.707107  0.000000  0.000000 -0.000000  0.000000 -0.000000 -0.000000 -0.000000  0.000000  0.000000  0.000000 -0.000000 -0.000000  0.000000 -0.000000  0.000000 -0.000000  0.251098 -0.031596 -0.056309 -0.100182 -0.044943  0.205380  0.007901 -0.093544  0.240553 -0.095314 -0.331556 -0.107535  0.222777  0.099226 -0.002548 -0.065832  0.042410  0.340107
 0.000005  0.000006 -0.000001  0.000002  0.000002 -0.000009 -0.706832 -0.000001 -0.000005 -0.000000  0.000005 -0.000005  0.000005  0.000008 -0.000001  0.000191  0.000018 -0.008474  0.035728  0.054461  0.160482 -0.392747 -0.170864  0.030376  0.228146  0.006106 -0.080550  0.270744 -0.092870  0.157746 -0.083995 -0.015574 -0.001877  0.178517  0.285297
 0.000000 -0.000000 -0.000000 -0.000000  0.000000  0.000000  0.000000  0.000000 -0.000000  0.707107  0.000000  0.000000  0.000000 -0.000000 -0.000000 -0.000000  0.000000  0.268565  0.102313 -0.117694 -0.115913  0.119124 -0.159770 -0.268428  0.141641  0.124937  0.056007  0.030960  0.168286 -0.141624 -0.157707  0.002551  0.382356  0.001959  0.138292
-0.000000  0.000000 -0.000000  0.000000  0.000000 -0.000000  0.000000  0.000000 -0.707107  0.000000  0.000000  0.000000 -0.000000 -0.000000  0.000000  0.000000  0.000000  0.278938  0.038288  0.183524  0.150122  0.154360  0.114426  0.011079 -0.281166  0.053799 -0.108231  0.304945 -0.081301 -0.209705 -0.071262 -0.245773 -0.115522  0.077526  0.073406
 0.000127  0.000060 -0.000041  0.000082 -0.000072 -0.000265  0.019117  0.608395 -0.000282 -0.000032 -0.070533 -0.000108  0.000016 -0.000734  0.000064  0.005378  0.000253 -0.035802  0.043309 -0.230015 -0.092077 -0.252293 -0.047258  0.076942 -0.273202 -0.219106  0.229741  0.047543  0.220875 -0.292248  0.229356  0.007001 -0.069792 -0.066343  0.338127
 0.000149  0.000009  0.000013 -0.000075  0.000095  0.000040 -0.002346 -0.000074  0.000055  0.000006 -0.703596 -0.000037  0.000032 -0.000023  0.000042 -0.000088 -0.000210  0.013732  0.035777  0.093704  0.127412  0.202096  0.009775  0.254543 -0.051064 -0.234499 -0.295934  0.042123 -0.005315  0.136647  0.096876  0.189511  0.345841 -0.151586  0.138567
 0.707107
