8 46
-0.345805 -0.000000  0.000000  0.000000  0.000000 -0.000000  0.090326  0.000000  0.143982 -0.149559 -0.086597  0.067422 -0.191366 -0.131483  0.023397 -0.072477  0.189352 -0.005358 -0.124146 -0.019310  0.115110  0.034605 -0.208904 -0.148244  0.134479  0.081609  0.251945  0.244076 -0.131485 -0.224162  0.411521 -0.044741 -0.234443 -0.090763 -0.123130  0.120458 -0.126489 -0.083095 -0.139383 -0.003506  0.058697 -0.183334 -0.000525  0.075052 -0.175036  0.174496
 0.436130  0.000000 -0.000000 -0.000000 -0.000000 -0.000000 -0.000000 -0.000000  0.036545 -0.028831  0.088021 -0.225121 -0.038529  0.143965 -0.024949 -0.168905  0.043294  0.202186 -0.093509 -0.371746  0.122936  0.008297  0.023044  0.124968 -0.217347  0.188588  0.120248 -0.023082  0.035904 -0.126681  0.203088 -0.088092  0.196281 -0.081220 -0.178614  0.193864 -0.103427 -0.250675 -0.031249 -0.026021  0.145494 -0.101879 -0.196211 -0.164997  0.152700 -0.047826
 0.000000 -0.000000  0.000000  0.000000 -0.000000  0.436130 -0.000000 -0.000000  0.153566 -0.075647 -0.046940  0.279320  0.028810 -0.080628 -0.367066 -0.434351  0.198092 -0.076297  0.052010 -0.087135 -0.093771 -0.071283  0.205587  0.282111 -0.028004  0.100017 -0.078490 -0.040559  0.212917 -0.074542 -0.042537  0.124571 -0.089170  0.029184 -0.095565 -0.147236  0.047429 -0.002642  0.053214  0.005192 -0.012254  0.006462  0.087465 -0.033184 -0.086375  0.174652
 0.436130  0.000000  0.000000 -0.000000 -0.000000  0.000000 -0.000000 -0.000000 -0.061420 -0.194660  0.086093  0.232561  0.046465 -0.049273 -0.025890  0.208285  0.065950 -0.068289 -0.122790  0.154198 -0.030587 -0.148586  0.016106 -0.197726 -0.192762  0.255330  0.117221 -0.020677 -0.138365  0.086058  0.085330 -0.023945 -0.130164 -0.123829  0.022655  0.029379 -0.134281  0.270092 -0.050788  0.242849 -0.081575  0.120790  0.276494 -0.181461  0.044455  0.279361
-0.000000 -0.000000  0.000000 -0.000000 -0.000000 -0.436130 -0.000000  0.000000 -0.119461 -0.259818  0.175501 -0.047732  0.282886 -0.067101 -0.195041 -0.034431  0.089161 -0.132830  0.071009 -0.009172 -0.118013  0.130449  0.191950 -0.086141 -0.016015 -0.236474  0.038676 -0.217721  0.108210 -0.104990  0.310603  0.011544  0.077797  0.045092 -0.124903 -0.172980  0.193540  0.009542  0.022165  0.155128  0.212331  0.044748 -0.119402  0.173430 -0.046870  0.177504
-0.000000 -0.000000  0.090326  0.000000  0.000000  0.000000  0.000000  0.345805  0.214151 -0.307948 -0.049529 -0.113871  0.125910  0.133468  0.224595 -0.024418  0.189998 -0.222942  0.230186 -0.192614  0.029677 -0.324076  0.057444  0.106629  0.095772 -0.185668  0.197747 -0.067473 -0.005051  0.160697 -0.020850 -0.100131 -0.187608  0.040647  0.255091  0.039107  0.019747  0.077926  0.021989  0.055458  0.062091 -0.188562  0.013584 -0.182863  0.035779 -0.153561
 0.000000 -0.000000 -0.000000 -0.000000  0.000000 -0.000000 -0.436130 -0.000000 -0.127536  0.034977 -0.016278  0.150702  0.016994 -0.202930  0.354046  0.123042 -0.134044  0.230844  0.074667 -0.170851 -0.204994 -0.080683  0.091667  0.015260 -0.034879  0.077284  0.079579  0.002057  0.120563 -0.082892  0.035462  0.035478 -0.131819  0.136880 -0.099466 -0.329231  0.064812 -0.077655 -0.208214  0.029105 -0.165217 -0.182245 -0.202619 -0.204288 -0.161479  0.092333
 0.000000 -0.000000 -0.000000 -0.000000 -0.000000  0.000000 -0.436130 -0.000000 -0.347987  0.137691  0.052869  0.143773  0.014573  0.199557 -0.169740 -0.042746  0.110923 -0.053949  0.212041 -0.123964  0.313243 -0.078764 -0.066086 -0.017662  0.067902  0.083424 -0.225862  0.123828 -0.019735  0.020552  0.230011 -0.168414 -0.273681 -0.180989  0.144562 -0.034827  0.000499  0.011148  0.009390  0.000328  0.116102  0.213650 -0.034418  0.100086  0.015251 -0.174668
 0.000000 -0.000000 -0.000000 -0.436130  0.000000 -0.000000  0.000000  0.000000 -0.184790 -0.156082  0.030147  0.032179 -0.085103 -0.297962  0.201813 -0.102633  0.257372  0.030730 -0.003099 -0.147524  0.111572  0.010841 -0.094293 -0.113841  0.214057 -0.132850 -0.018562  0.065959  0.174822 -0.087983 -0.280067  0.008369  0.075475  0.060919 -0.002809  0.136317 -0.132535 -0.052640  0.107931  0.123000 -0.007220  0.361430 -0.139538 -0.080827  0.182718  0.168863
 0.000000 -0.000000  0.000000 -0.000000 -0.000000 -0.000000  0.436130 -0.000000 -0.236585  0.122971  0.347965 -0.189594  0.055005 -0.036048  0.095356  0.059341 -0.043564 -0.039598  0.140724  0.099718  0.226044 -0.184142 -0.024537  0.169333  0.066531  0.188401 -0.107257  0.202181  0.239350 -0.053488  0.155341  0.200761 -0.064449  0.046244  0.152097 -0.035628  0.211879  0.048227 -0.039231 -0.121823 -0.033899 -0.051540 -0.052123 -0.212654 -0.108455  0.206280
-0.000000 -0.000000 -0.436130  0.000000  0.000000 -0.000000 -0.000000 -0.000000  0.073650  0.063021 -0.141452  0.026250  0.048801  0.257671  0.112287  0.097737  0.219371  0.183085 -0.014064 -0.016966  0.234347  0.141732  0.118544 -0.026816  0.100766  0.167098  0.172953  0.095191 -0.014583  0.181254 -0.141874  0.209596 -0.034232  0.024905 -0.218524 -0.056734  0.214553  0.225165  0.264875  0.211464  0.171870 -0.046912 -0.160689  0.032955 -0.138898  0.019173
 0.000000 -0.000000  0.000000 -0.000000  0.436130  0.000000  0.000000  0.000000  0.060629 -0.109734 -0.107496  0.111405  0.213271 -0.035603 -0.061312  0.008064 -0.150620  0.271453 -0.085527 -0.201506 -0.047275 -0.087916  0.018663  0.017188  0.436949  0.085524 -0.059906 -0.118527 -0.041621  0.024689  0.198321  0.139313  0.190590 -0.089433  0.102357  0.287526  0.207282  0.116693 -0.142959 -0.005972 -0.156251  0.156413  0.082538 -0.018429 -0.090409 -0.094549
-0.000000 -0.000000  0.436130 -0.000000  0.000000 -0.000000 -0.000000  0.000000 -0.293377  0.090452 -0.132680 -0.111369  0.120098  0.232378  0.014838 -0.153730  0.119207 -0.128392 -0.284954 -0.064820 -0.058001  0.297414  0.163033 -0.064082  0.131375  0.049470 -0.001324  0.167190 -0.073381 -0.175656 -0.229528 -0.133463  0.015543 -0.064372  0.083565  0.028354  0.172421  0.098588 -0.072163  0.198350 -0.039960 -0.208980  0.054193 -0.178579 -0.144769  0.055076
 0.000000 -0.000000  0.000000  0.000000  0.345805 -0.000000 -0.090326 -0.000000 -0.179429 -0.133350 -0.257419 -0.400218 -0.130959  0.055863  0.021302 -0.080094 -0.074289  0.053426  0.114023  0.005787  0.033758  0.064263 -0.150253  0.092484 -0.085366 -0.094871 -0.015658 -0.118029  0.184713 -0.106111 -0.010857  0.176935 -0.134570 -0.242224 -0.147552 -0.159317 -0.198004  0.375261  0.035514 -0.103649 -0.061346 -0.119336  0.136210  0.071382  0.154106  0.149215
 0.000000  0.000000  0.000000 -0.000000  0.000000 -0.436130  0.000000 -0.000000  0.031871 -0.109054 -0.074168  0.099898 -0.036098 -0.182048 -0.279890 -0.188319 -0.062005  0.029403  0.154108 -0.212838 -0.091119 -0.026727 -0.141896 -0.165182 -0.130479  0.106080 -0.013650  0.413437 -0.095605  0.192836 -0.232590  0.275146  0.037558 -0.151831  0.079911 -0.087358  0.112888 -0.043804  0.021188 -0.112067  0.031472 -0.145976  0.052490 -0.159340  0.073584 -0.073658
 0.000000 -0.000000  0.000000  0.000000 -0.000000  0.000000 -0.000000  0.436130 -0.246604  0.068988 -0.056854  0.048219  0.117995 -0.219197 -0.118065  0.082704  0.165507  0.122674 -0.150044  0.124314  0.118260 -0.082995  0.011016  0.078058 -0.276635 -0.142129 -0.090160 -0.018554  0.044778  0.024309 -0.102531  0.204452 -0.161859  0.088435 -0.214793  0.360359  0.091680 -0.021552 -0.276635  0.076017 -0.035610 -0.161275 -0.008961  0.172473  0.020312 -0.172040
-0.000000  0.436130  0.000000 -0.000000  0.000000 -0.000000 -0.000000 -0.000000 -0.030127 -0.019633  0.126430  0.136719  0.212787  0.079713  0.032658  0.053518 -0.088898  0.081849 -0.179728  0.100438 -0.121778 -0.086670 -0.062624  0.316652  0.211929 -0.051897  0.007675  0.021704 -0.290193 -0.098755 -0.159703  0.138241 -0.177540 -0.235003  0.023752 -0.079319 -0.089364 -0.100481 -0.017266 -0.054857  0.272735 -0.072323 -0.176564  0.056935  0.296251  0.176711
-0.000000 -0.000000 -0.000000 -0.000000 -0.000000 -0.436130  0.000000  0.000000  0.086944  0.253277  0.061586  0.096734 -0.134487  0.040562  0.064083 -0.118886 -0.119219  0.062057  0.126694 -0.017838  0.045876 -0.159609  0.405083  0.201251  0.206849  0.014673  0.026668  0.117289  0.088633 -0.065882 -0.107438 -0.183985 -0.069932  0.115420 -0.240128  0.179147 -0.252646  0.116991 -0.072006  0.017363  0.054207 -0.013362  0.311504  0.074003  0.007777  0.092916
 0.436130  0.000000  0.000000  0.000000  0.000000  0.000000  0.000000 -0.000000  0.034291  0.232435 -0.117050  0.166079  0.041183 -0.203256 -0.085823  0.098974  0.055528  0.009351  0.289665  0.056577  0.200455  0.245169 -0.267179  0.080429  0.231508 -0.156382  0.233930 -0.112343  0.062577 -0.185076 -0.059621  0.018788  0.071482  0.017551  0.214004 -0.054985  0.011021 -0.112725 -0.014302  0.033796  0.074563 -0.263012  0.176736  0.099062 -0.110136  0.030230
-0.000000  0.436130 -0.000000 -0.000000 -0.000000 -0.000000 -0.000000 -0.000000 -0.091865 -0.078951  0.119928 -0.085827  0.090185  0.122933 -0.162181  0.008655  0.039519  0.020382  0.154250 -0.075108 -0.112776 -0.134571 -0.191451  0.039992 -0.097402  0.127853  0.345829  0.168362 -0.018391 -0.253757 -0.119284 -0.128580  0.080645  0.252578 -0.064436  0.007886  0.033983  0.154221  0.077046  0.003797 -0.357252  0.140633 -0.022316  0.256663 -0.120057 -0.142784
 0.000000  0.000000  0.000000  0.000000  0.000000  0.000000 -0.000000  0.436130  0.303346  0.220660  0.070576 -0.028534 -0.097723  0.002660 -0.091362 -0.120997 -0.068818  0.223292 -0.073863  0.147151  0.079499  0.062957  0.151102 -0.218286 -0.002386 -0.063732  0.077853  0.113636  0.051445 -0.310868  0.103698  0.011584  0.003737 -0.061528  0.214895 -0.264039  0.089791  0.171551 -0.061911  0.121807 -0.085372  0.168939 -0.111404 -0.071801  0.319638 -0.060299
-0.000000 -0.000000  0.090326 -0.345805 -0.000000  0.000000  0.000000  0.000000  0.136372  0.269125 -0.129038 -0.172725  0.078416 -0.117960 -0.237524  0.195795 -0.128377 -0.073630 -0.000625 -0.100558  0.008070 -0.364323  0.153532 -0.199781 -0.047455  0.041417 -0.041911 -0.152923 -0.060926 -0.147823 -0.081684  0.001012 -0.094258 -0.257931  0.018006  0.076871 -0.059050 -0.027347  0.276909  0.032413 -0.021830 -0.123736 -0.229727  0.065923 -0.283965  0.114619
-0.000000 -0.000000 -0.000000 -0.000000 -0.000000  0.345805 -0.090326 -0.000000 -0.003169 -0.253679  0.200167 -0.003458  0.042898 -0.069762 -0.040586  0.125696 -0.293410  0.161665  0.178329 -0.118674  0.029482  0.109878  0.142435 -0.254151 -0.031366 -0.096666 -0.170384  0.229940 -0.066728 -0.160252 -0.057843 -0.092176  0.000487  0.234675  0.019100  0.206001  0.046149  0.201155  0.130656 -0.079625  0.322924 -0.238389  0.101340  0.073690  0.068735  0.090071
-0.000000  0.000000  0.000000 -0.000000  0.000000 -0.000000 -0.000000  0.436130 -0.168540  0.009492  0.030112  0.125120 -0.355687  0.254787 -0.124458  0.060610 -0.129469 -0.035201  0.113805 -0.005670 -0.249864  0.031543 -0.174117  0.112744  0.071466 -0.123969 -0.092767  0.006710 -0.109484 -0.004166  0.089740  0.168997  0.235241  0.071051 -0.043725  0.056241 -0.219101  0.020670  0.098318  0.156123  0.125274  0.078411 -0.109749 -0.204126 -0.318292  0.118983
 0.000000  0.000000  0.000000  0.000000  0.000000 -0.000000  0.436130  0.000000 -0.284530 -0.073855 -0.098235  0.276374  0.059929  0.060378  0.075009 -0.085168 -0.150925  0.139209 -0.073163 -0.278567  0.152706  0.069775  0.225385 -0.111641 -0.083700 -0.074297  0.045222 -0.105817 -0.090811  0.002102  0.077068  0.130150 -0.144897  0.095665  0.176214 -0.221530 -0.366461 -0.045576  0.130528  0.008552 -0.135932 -0.055345 -0.023938  0.148172 -0.029781 -0.187247
-0.000000  0.000000 -0.000000 -0.436130 -0.000000 -0.000000  0.000000  0.000000  0.113004  0.124764 -0.121843  0.113545  0.196793 -0.048135  0.025104  0.204967  0.079335 -0.170495 -0.206400 -0.144085  0.017013  0.039690 -0.064680  0.277791 -0.134089 -0.082253 -0.109102  0.284375 -0.009669  0.039591  0.250362 -0.058028  0.276235  0.104532 -0.029889 -0.205565 -0.103810  0.331270 -0.082409 -0.135082  0.089720 -0.060130  0.052803 -0.000751  0.028749 -0.107908
-0.000000 -0.000000 -0.090326  0.000000 -0.000000 -0.000000  0.000000  0.345805  0.020928 -0.028390  0.114299  0.075553  0.268139  0.106577 -0.101551 -0.088905 -0.148355 -0.120503 -0.127999 -0.022586  0.163112  0.081841 -0.182424 -0.273376  0.203608  0.175491  0.002958 -0.119425  0.214690  0.212891 -0.183073 -0.250529  0.050147  0.002950 -0.200579 -0.125679 -0.177889  0.005252 -0.149587 -0.341229 -0.051659 -0.090728 -0.095535  0.006659 -0.063525  0.169314
 0.000000 -0.000000 -0.000000  0.000000  0.345805  0.000000  0.090326 -0.000000 -0.099885  0.007596 -0.252837  0.203488 -0.136167  0.197442 -0.002482  0.180119  0.272732 -0.165987  0.259246  0.127056 -0.008724 -0.122874  0.227032 -0.168804 -0.037045  0.110988 -0.057623  0.008463 -0.134158 -0.135582 -0.016341 -0.032586  0.222561  0.136686 -0.025792 -0.014365  0.074951 -0.156956 -0.125370 -0.240165 -0.048856 -0.120846 -0.179733  0.036487  0.284012  0.166133
 0.345805  0.000000  0.000000 -0.000000  0.000000  0.000000  0.090326  0.000000  0.028369 -0.246666  0.122847  0.124123 -0.224947  0.005351  0.083605  0.059249  0.066897 -0.025573 -0.107158  0.171599 -0.131306 -0.065565  0.068273 -0.027524  0.242151 -0.148663 -0.228703  0.236900  0.198706 -0.042860  0.035761 -0.112834 -0.034597 -0.295092 -0.213964 -0.083785  0.081483 -0.002875  0.164389 -0.048042 -0.202068 -0.192059 -0.129369  0.157486 -0.083921 -0.313233
-0.000000  0.000000  0.436130 -0.000000 -0.000000 -0.000000 -0.000000 -0.000000 -0.026576  0.064589 -0.077830  0.011450 -0.146515 -0.080950 -0.148955  0.091601 -0.120775 -0.038193 -0.091136  0.000231  0.018040 -0.095314 -0.157703 -0.009276  0.238555  0.247381  0.070227 -0.083976  0.122328  0.226751  0.160315  0.077042 -0.094940  0.356761 -0.194284 -0.083502  0.070105  0.017379  0.257966  0.201320  0.080903 -0.119009 -0.064560  0.056342  0.352501 -0.087694
 0.000000  0.000000  0.000000  0.000000  0.436130 -0.000000 -0.000000 -0.000000  0.076917  0.206359  0.103692  0.094357  0.347985 -0.055122  0.097755 -0.148625 -0.029871 -0.112677  0.146845  0.196277 -0.102926  0.221490 -0.063655 -0.030856 -0.130231 -0.102424  0.019923  0.147063 -0.037065  0.012895  0.123086 -0.047887 -0.206335  0.054953 -0.180560  0.167260 -0.147206 -0.102316  0.342427  0.045941 -0.111543  0.009614 -0.088011 -0.299851  0.022451 -0.103414
 0.000000 -0.345805  0.090326 -0.000000  0.000000  0.000000 -0.000000  0.000000 -0.145862 -0.085686  0.023274  0.165195 -0.032162 -0.141632  0.086828 -0.294888 -0.221113 -0.013935  0.011172  0.166764  0.272234 -0.204844 -0.086592  0.183062 -0.062975 -0.065013  0.200523 -0.088144 -0.398732 -0.093270 -0.081454 -0.162888  0.170127 -0.059688 -0.173629 -0.064884  0.222306  0.213166  0.099026 -0.083132  0.008226  0.015961 -0.169754 -0.009777 -0.033918 -0.016349
 0.000000 -0.000000 -0.000000 -0.436130 -0.000000  0.000000 -0.000000  0.000000  0.058539 -0.282315 -0.109113 -0.048446  0.050417  0.093634  0.030732 -0.102855 -0.297151 -0.082240  0.227128  0.347679  0.046565  0.160007  0.086673  0.079489 -0.017761  0.362620  0.003457  0.013086  0.051283 -0.046336 -0.029318  0.076808 -0.031459 -0.014953  0.040668  0.009706 -0.079557 -0.143631 -0.273148  0.231745  0.103032  0.001312 -0.071308  0.071259 -0.069318 -0.230426
-0.000000  0.000000  0.000000  0.000000 -0.000000  0.345805  0.090326  0.000000 -0.191322  0.203296  0.064508 -0.161029  0.062401 -0.091621 -0.014632 -0.008763 -0.072536 -0.117615  0.199781 -0.073929 -0.117117 -0.090460  0.172298 -0.164799  0.142804 -0.175424  0.334572  0.215978 -0.074122  0.281967  0.074379  0.064597  0.169263 -0.260535 -0.258167 -0.122704 -0.038137 -0.093484 -0.233907  0.149283  0.068381  0.085718  0.096829  0.079265  0.083702 -0.062187
 0.000000  0.345805  0.090326 -0.000000 -0.000000  0.000000 -0.000000  0.000000 -0.050851  0.133600 -0.067987  0.103425 -0.078255 -0.129146  0.207092 -0.341661  0.048486  0.153472  0.075822  0.152970 -0.098606 -0.011866  0.018649 -0.074602 -0.156417  0.055646 -0.017792 -0.032237  0.149533  0.350365  0.160458 -0.168643  0.207879 -0.108414  0.267987  0.170893 -0.007990  0.215891  0.045518  0.045243  0.087926 -0.176725 -0.201476  0.208513 -0.062103  0.146160
 0.000000  0.000000  0.000000 -0.000000 -0.000000 -0.000000 -0.000000  0.436130 -0.074596 -0.032459 -0.095190 -0.114423  0.022977 -0.228580  0.236324  0.067536 -0.000238 -0.038449  0.029079 -0.095164 -0.100756  0.180561  0.111095  0.159696 -0.029821  0.337899 -0.054063  0.046397 -0.152960 -0.005491  0.070782 -0.106997  0.031872 -0.132526  0.000400 -0.083918  0.163019 -0.236620  0.341400 -0.127360 -0.012563  0.135373  0.295093  0.243165  0.000342  0.100866
-0.000000 -0.000000  0.000000  0.000000 -0.436130  0.000000 -0.000000 -0.000000 -0.061763 -0.109393 -0.219254 -0.132953  0.123770 -0.095418 -0.235149  0.096499  0.056478  0.200482  0.239307  0.122669  0.007962  0.212332  0.172951  0.150264  0.193721 -0.035549 -0.034152  0.031061 -0.172540  0.137553  0.161940 -0.086475 -0.028565 -0.016228 -0.043193  0.129705 -0.122075  0.109309  0.041199 -0.138938 -0.354902 -0.025810 -0.187062 -0.216502  0.125007  0.104127
 0.000000  0.436130  0.000000 -0.000000  0.000000 -0.000000 -0.000000 -0.000000  0.143911 -0.026716 -0.038404  0.118689 -0.227206 -0.030908  0.057446  0.051578 -0.292611 -0.351896  0.025203 -0.228723  0.368617  0.203971  0.074096  0.029522 -0.108966 -0.167437 -0.094899 -0.077388 -0.031182  0.067408  0.035393  0.029915 -0.038333 -0.078822 -0.156914  0.078156  0.258150 -0.019253 -0.073942  0.116735 -0.231047  0.039566 -0.017483 -0.099398  0.035395  0.120614
-0.000000 -0.000000  0.436130  0.000000  0.000000  0.000000 -0.000000  0.000000  0.073673 -0.115873 -0.161215  0.169721  0.032926  0.182823 -0.002204  0.215648 -0.074505  0.227843  0.003969  0.112434  0.110281  0.037857  0.083129  0.047803 -0.176061 -0.166038  0.298907  0.154134  0.302969  0.087209 -0.024503  0.046694 -0.058068 -0.125442 -0.035098  0.047273  0.076707 -0.103779  0.068032 -0.299375  0.156098  0.316022 -0.005180 -0.017427 -0.151051  0.086612
 0.000000  0.000000  0.000000 -0.000000 -0.436130 -0.000000  0.000000 -0.000000 -0.022158  0.106309 -0.189128  0.182729  0.225684  0.205537  0.286515 -0.157751 -0.079624 -0.130955  0.117972 -0.022568 -0.138313 -0.125230 -0.157064 -0.224445  0.015938  0.031428 -0.063935 -0.089399  0.133938 -0.291606  0.137902  0.292354  0.082588 -0.101932 -0.172453  0.187370  0.084583  0.078160  0.087022 -0.093701 -0.000271  0.001399  0.147080 -0.016250  0.154417 -0.052054
 0.000000  0.000000  0.090326  0.345805 -0.000000 -0.000000 -0.000000 -0.000000  0.132781 -0.112595 -0.258547 -0.083019  0.280872 -0.010626  0.067109  0.007897 -0.049024  0.079982  0.035077  0.060237  0.258225 -0.233831 -0.116298  0.024839 -0.028039 -0.062897 -0.313225  0.270939  0.031082 -0.043836 -0.035061 -0.054557  0.244198  0.040527 -0.053811 -0.146819 -0.186679 -0.179733  0.014403  0.386709 -0.055567  0.047007 -0.022548  0.095571 -0.058436  0.176486
 0.000000  0.436130  0.000000  0.000000  0.000000  0.000000 -0.000000 -0.000000 -0.097252 -0.048570 -0.135595 -0.120604 -0.039220 -0.181638 -0.023280 -0.076666  0.128227  0.116929 -0.050985  0.214329  0.159975 -0.135740  0.096535 -0.181866  0.068529 -0.004189 -0.085504 -0.157007 -0.094948 -0.066650  0.051783 -0.035013  0.105296  0.099882 -0.152556 -0.193670 -0.020169 -0.036648  0.056587 -0.167463  0.252370  0.044903  0.241516 -0.387281 -0.189242 -0.283393
-0.000000 -0.000000  0.436130  0.000000 -0.000000  0.000000 -0.000000  0.000000  0.264909  0.039410  0.353734 -0.006987  0.020206  0.000563  0.155481  0.020510  0.297863  0.112828  0.258723 -0.087466  0.100551  0.154606 -0.013233 -0.066193 -0.009697  0.117471 -0.199493 -0.152426 -0.263197  0.040207 -0.073938  0.267926  0.043133 -0.070010 -0.179205 -0.090457 -0.139106  0.151953 -0.114764 -0.049943 -0.052613  0.034504 -0.038610  0.137264 -0.125345 -0.055126
-0.000000  0.000000  0.000000 -0.000000 -0.000000 -0.000000 -0.436130  0.000000 -0.032391 -0.081780  0.193499 -0.075627  0.000106  0.026375  0.008669 -0.082818 -0.000682 -0.186971 -0.232532  0.181890  0.227987 -0.041582  0.230464 -0.011918  0.073890 -0.034168  0.184949  0.093398 -0.005939  0.041136  0.085818  0.420287  0.249353  0.082019  0.181194  0.076438 -0.190139 -0.119894  0.186477 -0.134245 -0.200541 -0.149224  0.067706  0.081808 -0.015635  0.044605
-0.436130  0.000000 -0.000000 -0.000000 -0.000000  0.000000  0.000000  0.000000 -0.082252 -0.068052  0.223131  0.218477  0.022493 -0.000069 -0.088924  0.242799  0.067678  0.127219  0.086836 -0.009601  0.097422  0.025455 -0.008257  0.103388 -0.093229  0.104954  0.090297 -0.161791  0.221924 -0.081946 -0.069141 -0.147240  0.296054 -0.349509 -0.013976  0.006314 -0.061788 -0.029702  0.144519  0.215311 -0.068277 -0.251020  0.154861 -0.182034  0.159264 -0.124952
 0.000000 -0.000000  0.000000  0.436130 -0.000000  0.000000 -0.000000  0.000000 -0.010398 -0.010969 -0.098122  0.026150  0.001582 -0.337568  0.016108  0.148461 -0.023361 -0.343804 -0.010679 -0.071423 -0.023197  0.107073  0.141647  0.065339  0.046812  0.230227  0.090917  0.027342  0.143483 -0.177177 -0.095991  0.071209  0.051891 -0.086148  0.064913  0.117821 -0.214706  0.255824 -0.039487 -0.061256  0.212282  0.167231 -0.322315 -0.033828 -0.036671 -0.218525
 0.436130
