13 22
 0.000345 -0.000047 -0.000020 -0.707248 -0.000053  0.000065 -0.000008  0.000463 -0.000498  0.000028 -0.000119  0.202428  0.000349 -0.072554  0.162793  0.223651  0.196217 -0.238931 -0.315169 -0.225308 -0.330171  0.149465
 0.000655 -0.000054 -0.000102  0.000353 -0.000219  0.000174  0.000049  0.000124  0.000267  0.000013 -0.707384 -0.202300 -0.000328  0.149160 -0.033246 -0.174722  0.225931 -0.502003  0.127854  0.173488 -0.125089 -0.199140
-0.000928 -0.000035  0.000535  0.001679  0.162095 -0.706573 -0.000620 -0.000854 -0.000902 -0.000064 -0.000857 -0.035593  0.000577  0.027123 -0.167006 -0.296023  0.077685 -0.036038 -0.507907 -0.095906  0.280664 -0.060635
 0.707101  0.000006  0.000002 -0.000000  0.000000  0.000000  0.000000  0.000007  0.000000 -0.000000 -0.000000 -0.000000 -0.204977  0.505418 -0.019965 -0.179487 -0.128345  0.045655  0.079532 -0.324421 -0.142701  0.139414
 0.000368 -0.001504 -0.000267 -0.000239  0.152292  0.002853  0.000534 -0.001947  0.710500 -0.000789 -0.000385  0.037787 -0.002392 -0.119444 -0.218056 -0.091634  0.480670  0.109322  0.255069 -0.146864  0.059819  0.259100
 0.000908 -0.000499 -0.000138  0.000251  0.197703  0.000539 -0.000569  0.000054 -0.001534 -0.706596  0.000555 -0.000623  0.002089  0.352240  0.239846  0.347308  0.199627  0.011194 -0.016916  0.123785  0.322041  0.010424
 0.000349 -0.000045 -0.000022  0.706961  0.000041  0.000067 -0.000004  0.000468  0.000164  0.000288  0.000341  0.202802  0.000346 -0.072977  0.163659  0.225083  0.195371 -0.238749 -0.312874 -0.224970 -0.331983  0.149731
 0.000190 -0.000737  0.000039  0.000752 -0.907301 -0.000235 -0.000287 -0.000937 -0.000587  0.000083  0.000084 -0.000101  0.000305  0.122426 -0.028539  0.015099  0.276418  0.029056 -0.101181 -0.029679  0.259694  0.070435
 0.000000  0.204992 -0.000000 -0.000000 -0.000000  0.000000 -0.000000 -0.707102 -0.000000  0.000000 -0.000000 -0.000000  0.000000 -0.082064  0.123664  0.042352  0.101607  0.067260  0.111599 -0.401357  0.063147 -0.491719
 0.000000 -0.000002 -0.000002  0.000000  0.000000 -0.000000 -0.707109 -0.000002 -0.000000  0.000000  0.000000  0.000000  0.204977 -0.100515  0.500319 -0.326786 -0.043172 -0.092349  0.095717 -0.086241  0.148706  0.204118
 0.000000  0.000001  0.000001  0.000000 -0.000000  0.000000 -0.707103  0.000001 -0.000001 -0.000000 -0.000000 -0.000000 -0.204988  0.099679 -0.500739  0.326595  0.043372  0.092498 -0.094354  0.086007 -0.149755 -0.203672
-0.000652  0.000055  0.000101  0.000103  0.000033 -0.000190 -0.000050 -0.000120 -0.000221  0.000639 -0.706827  0.202725  0.000335 -0.148318  0.034562  0.176590 -0.226264  0.502292 -0.127139 -0.172955  0.125182  0.199195
-0.707109  0.000003  0.000000 -0.000000 -0.000000  0.000000  0.000000  0.000007 -0.000000  0.000000 -0.000000 -0.000000 -0.204973  0.506360 -0.019057 -0.178025 -0.126840  0.044732  0.081001 -0.323904 -0.143028  0.139663
 0.000000 -0.204988  0.707106 -0.000000  0.000000 -0.000000 -0.000000  0.000000  0.000000  0.000000  0.000000  0.000000  0.000000  0.087086  0.202409 -0.189415  0.249159  0.376547 -0.112677  0.199862 -0.285935 -0.187837
 0.000000 -0.000001 -0.000000  0.000000  0.000000 -0.000000 -0.000000 -0.000000 -0.000000 -0.000000  0.000000  0.000000  0.912093  0.270215 -0.235930  0.064486 -0.036439  0.062231 -0.004179 -0.107895 -0.132725 -0.027820
 0.000000 -0.204986 -0.707107  0.000000  0.000000  0.000000 -0.000000  0.000000  0.000000 -0.000000 -0.000000  0.000000  0.000000  0.087056  0.202223 -0.189897  0.248765  0.376559 -0.113655  0.199749 -0.285608 -0.188087
 0.000000  0.912094 -0.000000  0.000000  0.000000  0.000000  0.000000 -0.000000 -0.000000  0.000000 -0.000000  0.000000 -0.000000  0.076202  0.035306 -0.103853  0.067689  0.139119 -0.100445  0.269998 -0.156521  0.137196
-0.000907  0.000498  0.000139  0.000011 -0.197495 -0.000202  0.000568 -0.000054  0.000044 -0.707616 -0.001206  0.000925 -0.002085 -0.351855 -0.239428 -0.346637 -0.199457 -0.010867  0.016457 -0.123864 -0.321504 -0.010216
-0.000371  0.001517  0.000270 -0.000421 -0.153973 -0.004243 -0.000542  0.001965  0.703694 -0.000700  0.000435 -0.037892  0.002421  0.121376  0.220668  0.093341 -0.484653 -0.110125 -0.258212  0.148258 -0.059344 -0.261362
-0.000931 -0.000019  0.000537  0.001674  0.159809  0.707621 -0.000624 -0.000834  0.000455  0.000271 -0.000868 -0.035956  0.000598  0.027888 -0.164820 -0.294943  0.072458 -0.036770 -0.509769 -0.094490  0.279514 -0.063049
-0.000000 -0.204982  0.000000  0.000000 -0.000000  0.000000 -0.000000 -0.707104 -0.000000 -0.000000 -0.000000 -0.000000  0.000007  0.082513 -0.121772 -0.040854 -0.104457 -0.068293 -0.112051  0.402200 -0.064932  0.490478
-0.000034 -0.000119 -0.000028  0.000046 -0.000101 -0.000081  0.000070  0.000057  0.000037 -0.000038 -0.000125 -0.911289  0.000052 -0.111236  0.082058  0.192770  0.020396  0.128923 -0.135000 -0.182090 -0.109225  0.181485
 0.912094
