1 24
 0.204124  0.073185 -0.111015 -0.160321 -0.118097 -0.272800 -0.119801  0.155017 -0.018835  0.130601  0.024835 -0.226510  0.334051  0.181088 -0.621615  0.186355  0.034331 -0.350330  0.081382  0.049757  0.117514 -0.035429  0.022655 -0.069012
 0.204124 -0.191980 -0.263867 -0.344731 -0.169796  0.162107  0.181258 -0.235733  0.384826  0.450650  0.279147  0.091443 -0.101953  0.122829  0.028688 -0.152118  0.126719 -0.010987  0.102705 -0.206084 -0.107632 -0.107083 -0.000815  0.101602
-0.204124  0.009457  0.360672 -0.001312  0.034070 -0.326074  0.268247 -0.141041  0.180656  0.146376 -0.036244 -0.119537  0.351281  0.148993  0.084287 -0.086218  0.218240  0.399632  0.123442  0.072386  0.196412 -0.251970  0.110104 -0.238792
 0.204124 -0.352951  0.047806  0.104710  0.049477  0.012292  0.003106  0.105995 -0.502583  0.078950  0.059193 -0.297042 -0.070137  0.440870  0.129521 -0.340252 -0.093416 -0.006032 -0.061621 -0.131955  0.044763 -0.207842 -0.216268 -0.048239
 0.204124  0.045262  0.283462 -0.074204  0.351267  0.131923  0.020481 -0.122970  0.362456 -0.159226  0.081653 -0.379679  0.220350  0.067273  0.234902 -0.105676 -0.060093 -0.358196 -0.048807  0.260106 -0.217275  0.128195 -0.109399  0.097750
 0.204124  0.281802  0.312757  0.025625 -0.233676  0.066396  0.083744  0.395775  0.125053  0.024190  0.085680 -0.253202 -0.276666 -0.150819  0.124493  0.144985 -0.079362 -0.064199 -0.049753 -0.203056  0.060603 -0.439877  0.259443  0.125281
 0.204124  0.080779 -0.102454  0.304123  0.215207  0.212844 -0.055317  0.100667  0.179939  0.053029 -0.343950  0.145586 -0.188640  0.396388 -0.057308 -0.037359  0.186989 -0.046999  0.118854  0.054824 -0.153284 -0.005292  0.403494 -0.362350
 0.204124 -0.097516 -0.047856  0.306133 -0.347494 -0.111556 -0.124983 -0.118403  0.176723  0.188540 -0.385716  0.124943  0.061935 -0.039130  0.303493  0.066187 -0.179199 -0.202785  0.210949  0.235527  0.299960 -0.112223 -0.269147  0.093499
 0.204124 -0.028966 -0.283930  0.339976  0.157576 -0.113744 -0.049667  0.143447  0.032622  0.087928  0.181870 -0.250078  0.045618 -0.262211  0.038805  0.283950  0.200537  0.314544  0.215788  0.025162 -0.375768 -0.106249 -0.310273 -0.089399
-0.204124 -0.047744  0.220559  0.327966 -0.061848  0.212191  0.446463  0.189619 -0.056442  0.168252  0.350334  0.067921 -0.128921  0.018251 -0.167370  0.007515 -0.006712 -0.208169  0.363255  0.189257  0.115078  0.278483 -0.096334 -0.024883
-0.204124 -0.101290  0.020449 -0.009004 -0.060474  0.095547 -0.080031 -0.057694  0.132095 -0.190737 -0.057293 -0.039365  0.044787 -0.330726 -0.107648 -0.294943 -0.165585 -0.267607  0.242506 -0.342689 -0.100670 -0.229149 -0.152861 -0.543268
 0.204124  0.171552  0.262722 -0.002177 -0.356305  0.173729  0.078597 -0.186646 -0.382921  0.238466 -0.086571  0.075869  0.274642 -0.146475  0.146645  0.087235  0.269462 -0.132668 -0.183262 -0.071187 -0.328228  0.171501  0.020985 -0.229202
 0.204124  0.287541  0.215867 -0.037902  0.070116 -0.009781 -0.501016  0.285396  0.045838  0.175738  0.242009  0.278480  0.145288 -0.024958  0.036044 -0.397778 -0.021817  0.201087  0.194627 -0.055798  0.100302  0.196518 -0.095597  0.007243
 0.204124 -0.037114 -0.042473  0.219035 -0.347693 -0.240280 -0.040771 -0.143248  0.128962 -0.524036  0.331350  0.023593 -0.148128  0.067561  0.017644 -0.175629  0.441408 -0.075672 -0.117143  0.013638  0.139425  0.090744  0.019112 -0.067789
-0.204124  0.206207 -0.123449  0.254661 -0.215989 -0.217904 -0.080695 -0.110768  0.162109  0.136642  0.192538 -0.221134  0.015763  0.291322  0.157385  0.099881 -0.461528  0.048272 -0.152872 -0.266348 -0.132392  0.329257  0.101347 -0.161747
-0.204124 -0.093724  0.248869  0.035357  0.211670  0.143689 -0.430091 -0.227536  0.006581  0.122962  0.217714  0.061925 -0.130604  0.165731  0.076010  0.489329  0.241957 -0.177726 -0.025893 -0.201437  0.225359 -0.130985 -0.146412 -0.085223
-0.204124 -0.010822  0.134430  0.308440  0.070315 -0.239299 -0.165210 -0.244388 -0.046032  0.232345 -0.168308 -0.172633 -0.138256 -0.157027 -0.197738 -0.303038  0.209578 -0.158647  0.108982 -0.177067 -0.212182  0.006436  0.187856  0.462785
-0.204124  0.095422  0.073523 -0.263798 -0.071660 -0.228176  0.074108  0.354796  0.166691  0.088640 -0.335562 -0.085668 -0.321289  0.141241  0.076164 -0.024345  0.305640 -0.071559 -0.096785 -0.090952 -0.099907  0.247193 -0.454883 -0.079544
 0.204124  0.014395  0.000333 -0.107235  0.088254 -0.014793  0.172157 -0.036021 -0.097305 -0.271719 -0.171900 -0.051909  0.148997  0.083273  0.170287  0.189033  0.049844  0.021781  0.517439 -0.537004  0.139426  0.283051  0.072213  0.185544
 0.204124  0.371159  0.140650  0.154319  0.017433  0.253056  0.149471 -0.352166  0.084546 -0.080482 -0.142189 -0.027499 -0.123796  0.102952 -0.435934 -0.035677 -0.116144  0.272074 -0.130832 -0.135669  0.098118 -0.057996 -0.417248  0.065696
 0.204124 -0.572624  0.268787  0.032528 -0.082154  0.113284 -0.120473  0.081654  0.206068  0.082540 -0.135749 -0.207125 -0.061189 -0.237956 -0.205223  0.072780 -0.061712  0.260524 -0.186131 -0.071543  0.142355  0.371890  0.134522 -0.099361
 0.204124  0.040205 -0.117635  0.203828  0.432599 -0.261917  0.300552  0.067224  0.031289  0.199772  0.042091  0.215803  0.072030 -0.243842  0.069119 -0.058249  0.012947 -0.238338 -0.396582 -0.280102  0.289193  0.042867 -0.025212 -0.099391
 0.204124 -0.214091  0.375615 -0.050229  0.045659 -0.421767  0.077815 -0.048015  0.017159 -0.107743  0.057704  0.454409 -0.153512  0.119903 -0.117304  0.170200 -0.276460 -0.024384  0.069375 -0.010786 -0.427513 -0.103052 -0.051752  0.012043
 0.204124  0.186867 -0.003718 -0.261168  0.133712 -0.239016 -0.022363 -0.328986 -0.228177  0.137282  0.043721 -0.225573 -0.486128 -0.198960  0.058835 -0.009805 -0.092446  0.004778  0.225646  0.247320  0.169738  0.139540  0.112102 -0.294586
 0.204124
