7 47
-0.088393 -0.312712 -0.000000  0.000000  0.000000 -0.000000 -0.000000 -0.093275  0.144857 -0.007389  0.011890 -0.173782  0.027840 -0.023376  0.266090 -0.110344  0.143963  0.122746  0.112559  0.075358 -0.233225  0.009912  0.008664  0.082181 -0.082307 -0.116490  0.072176 -0.174989 -0.129502 -0.179329 -0.023283  0.019648 -0.157960  0.191149  0.092720 -0.255655 -0.151379  0.119118  0.084958 -0.104580  0.118999 -0.293389 -0.358758 -0.012392 -0.037793 -0.185205 -0.270167
-0.000000 -0.401104  0.000000 -0.000000  0.000000 -0.000000  0.000000 -0.037560  0.101520 -0.003347  0.023014  0.012343  0.002763  0.083647 -0.130601  0.421302 -0.022648  0.246240 -0.106757  0.332385  0.161526  0.086646  0.001902  0.095284 -0.172189  0.005456 -0.131362 -0.172980 -0.077419 -0.176082  0.029950 -0.054372  0.058343 -0.043929  0.058232 -0.035636  0.177291 -0.044765  0.229415 -0.191694  0.037085  0.035882  0.106949 -0.002038 -0.150489  0.166872  0.290393
-0.000000 -0.000000 -0.401104  0.000000  0.000000  0.000000 -0.000000  0.154188  0.170645  0.083056  0.301342  0.181661  0.145855  0.031131 -0.136939  0.094211  0.093746  0.146886  0.125903 -0.062845 -0.190038 -0.135349  0.000298  0.081163 -0.038615 -0.008152 -0.058259  0.117864  0.016799 -0.181318  0.089577  0.247251  0.078444  0.224316  0.223412  0.202244 -0.134230 -0.241340 -0.045707  0.171044  0.018146  0.182214 -0.217986 -0.081273  0.143009  0.065706  0.077342
 0.000000 -0.401104  0.000000 -0.000000 -0.000000  0.000000 -0.000000  0.048581 -0.341502  0.166067  0.149855  0.023449 -0.007411 -0.005575 -0.049708  0.051590 -0.041490 -0.153787 -0.065849  0.047454  0.209063 -0.050673 -0.021160  0.185720  0.205144 -0.000845  0.280644 -0.059328  0.125937  0.181443  0.155809  0.144216  0.072162  0.068014 -0.103874 -0.032542  0.134489 -0.075169 -0.243480  0.188272 -0.105616  0.012137 -0.297945  0.111302 -0.274048 -0.067603 -0.025470
 0.000000 -0.000000  0.000000 -0.000000 -0.000000  0.000000  0.401104 -0.131872  0.031788 -0.144078 -0.109256  0.289748 -0.199103  0.037180  0.058020 -0.038531 -0.135004  0.107355 -0.030972 -0.137021 -0.192631  0.081283 -0.329902  0.137204 -0.302536 -0.028830  0.021832 -0.032936 -0.273661  0.274928  0.120665  0.048736 -0.035788  0.230469 -0.083262  0.082925  0.211233  0.117874 -0.136502  0.047065  0.022109  0.050522 -0.034065 -0.106746 -0.070824  0.000161  0.088430
-0.000000  0.000000 -0.000000  0.000000  0.000000  0.401104 -0.000000  0.067927  0.092085 -0.133430 -0.015832  0.054717 -0.145886  0.094620  0.054646 -0.151065 -0.081431  0.198443 -0.240976 -0.026408  0.037550  0.025369  0.175721  0.079186  0.092840 -0.343313  0.292328  0.152511  0.005015 -0.136962  0.046392 -0.142610  0.327077  0.014618  0.209308  0.026087 -0.058785  0.162392 -0.060485  0.079227 -0.058871 -0.073986  0.070210 -0.072201 -0.114603  0.304297 -0.110551
-0.000000  0.000000  0.000000 -0.000000  0.401104 -0.000000  0.000000  0.089315  0.127140  0.082011 -0.150854 -0.012889  0.086603  0.206679  0.063410 -0.028262 -0.307499 -0.105563  0.214751 -0.275463  0.063369 -0.004954  0.349440  0.055566 -0.019431 -0.095320 -0.114395 -0.230015 -0.003301  0.037813  0.037421  0.140047 -0.147149 -0.031381 -0.005046  0.222557  0.080100  0.012756  0.266795  0.156147  0.014281 -0.053535 -0.032041 -0.103645 -0.287694  0.053859 -0.024549
-0.401104 -0.000000 -0.000000 -0.000000  0.000000  0.000000  0.000000  0.095832 -0.101110  0.088646 -0.055128 -0.160116 -0.342212  0.008357  0.082773  0.187038  0.175582 -0.049402 -0.006765 -0.139131 -0.127941  0.086935  0.226516 -0.048909  0.183792 -0.022940  0.124375  0.038892 -0.259728 -0.031099  0.139956 -0.251973 -0.168966 -0.016328  0.096792  0.106744  0.112073  0.049990  0.043143  0.101617  0.187095  0.270705 -0.114950  0.132873  0.145510 -0.051645  0.226378
-0.088393 -0.000000 -0.000000 -0.000000  0.000000  0.312712  0.000000  0.120989  0.133791 -0.101513 -0.142012 -0.130162 -0.058048 -0.017261 -0.103756  0.013640  0.000988 -0.000398  0.004218 -0.029118  0.113144  0.132464 -0.198291 -0.224122 -0.109637  0.003872 -0.181455  0.073347  0.134269 -0.275876  0.263902 -0.127594  0.036941 -0.001021 -0.449864  0.069180 -0.208209 -0.120710 -0.118134  0.123700  0.125584  0.019614 -0.186666 -0.102302 -0.227076 -0.190262  0.061013
-0.000000 -0.000000 -0.401104 -0.000000  0.000000 -0.000000 -0.000000  0.248882 -0.220559 -0.016713 -0.087654  0.236624 -0.026726  0.221187 -0.004391  0.060888  0.060977  0.034407  0.058181 -0.088397  0.111676 -0.055240 -0.325322 -0.005091  0.139506 -0.141947 -0.175778  0.028802  0.161569  0.012606 -0.094945 -0.240662 -0.209645 -0.214938  0.051495 -0.028447  0.032551  0.321365  0.120589 -0.123716 -0.062415 -0.137557 -0.226284  0.001207  0.028366  0.076887 -0.025629
 0.000000 -0.000000 -0.000000  0.000000 -0.401104 -0.000000 -0.000000  0.313199  0.009218 -0.126462 -0.074106  0.243813 -0.054039 -0.011691  0.168620 -0.228966 -0.220776  0.019177  0.062824  0.174424 -0.091766 -0.097077  0.118095 -0.011456  0.122804  0.079077 -0.121391 -0.192159 -0.251652 -0.246423 -0.060318  0.093182 -0.051028 -0.104566 -0.045286  0.068810  0.033729 -0.089026 -0.106060  0.114145 -0.133982 -0.144126  0.048648  0.339396 -0.097103 -0.062898  0.167305
-0.000000  0.000000  0.000000  0.401104 -0.000000  0.000000  0.000000  0.060693  0.143695  0.082137  0.113425  0.229339 -0.072443 -0.010588  0.291355  0.055822  0.145310  0.000885 -0.002251  0.043741  0.148420  0.067000 -0.012267  0.357085  0.217523 -0.261456 -0.102844 -0.076653 -0.020179  0.070774  0.043050  0.047988 -0.148770 -0.081147 -0.230381 -0.126454 -0.203597 -0.125761 -0.054186 -0.000764  0.153337  0.179162  0.286949 -0.150991  0.036551 -0.053687 -0.085702
-0.000000 -0.000000  0.000000  0.000000 -0.000000  0.401104 -0.000000 -0.180823  0.099669  0.058790  0.214025  0.082079 -0.057758 -0.173033 -0.060403 -0.063591  0.097386 -0.141356  0.115769  0.251736 -0.205920  0.089465 -0.059860 -0.005244 -0.094168 -0.151905  0.109629 -0.090680  0.174328  0.209098 -0.129372 -0.023269 -0.154054 -0.341541  0.134188  0.171133  0.036642 -0.019848  0.146724  0.217623 -0.060957 -0.143773 -0.007396 -0.054809 -0.012171 -0.212988  0.253824
 0.000000 -0.000000 -0.000000  0.000000  0.000000 -0.000000  0.401104 -0.096617 -0.135882 -0.059262 -0.085674 -0.058936 -0.006755  0.105774  0.127281 -0.013753  0.297778  0.214502 -0.041020  0.123438  0.146994 -0.142650 -0.027825 -0.130060  0.051464  0.160789 -0.048717 -0.081175  0.028464 -0.036022  0.105681  0.255870  0.133856 -0.326214  0.115638  0.261635  0.039452  0.012742  0.084180  0.191921  0.292951  0.001572  0.049817  0.075945 -0.002368 -0.032815 -0.308152
 0.000000 -0.000000  0.000000 -0.088393  0.312712 -0.000000 -0.000000  0.023393 -0.085531  0.114667 -0.157413  0.269547 -0.067170  0.132547 -0.012885 -0.206270  0.283122  0.031593  0.318866  0.072379  0.048060 -0.087392 -0.000857 -0.107377 -0.018856  0.110654  0.102407 -0.066331 -0.104909 -0.094230  0.081295 -0.073549  0.284403  0.008370 -0.001978 -0.472040  0.016739 -0.057910  0.075931  0.192873 -0.115050  0.025616  0.115112 -0.111469  0.035598 -0.081994  0.210429
 0.000000  0.000000 -0.000000 -0.000000  0.401104 -0.000000  0.000000  0.001440 -0.026110  0.020149  0.276996 -0.102641 -0.181842 -0.144223  0.227029  0.073528 -0.219498  0.111266 -0.154509 -0.131019 -0.268885 -0.105284 -0.278511 -0.085430  0.159780  0.034584 -0.155759 -0.067556  0.059865 -0.000385  0.302497  0.001870  0.128533 -0.120344  0.052851 -0.083224 -0.094700 -0.110993  0.085537 -0.091604 -0.166077 -0.100146  0.121474  0.297805 -0.009168  0.001808  0.024425
-0.000000  0.000000 -0.000000 -0.401104  0.000000 -0.000000  0.000000 -0.006931  0.070079  0.239641  0.094172 -0.046333  0.136330  0.193648 -0.093820 -0.060158  0.030464  0.095469 -0.252605 -0.006995  0.023240  0.113616 -0.062366  0.173095  0.035272  0.078142 -0.060078  0.105128 -0.186767  0.133637 -0.091389  0.096908 -0.091115  0.014054 -0.116769 -0.071518 -0.427313  0.309280  0.101162  0.255334  0.090804  0.021618  0.122718  0.216890 -0.096963 -0.027762  0.146954
-0.000000 -0.000000  0.000000 -0.000000  0.000000  0.401104  0.000000  0.141752 -0.151873  0.272423 -0.027138  0.097719 -0.054001 -0.129558 -0.098283  0.068123 -0.046458  0.012124  0.046484  0.080469  0.019212 -0.286809  0.202449  0.113464 -0.280995  0.152465 -0.207390  0.184684  0.033894  0.075815  0.211323 -0.100091 -0.236447  0.183102  0.074898 -0.121388  0.099071  0.039585 -0.051591 -0.022101  0.135039 -0.129267  0.213449  0.142907  0.045077 -0.026403 -0.247310
-0.000000 -0.401104 -0.000000  0.000000 -0.000000 -0.000000 -0.000000  0.002283 -0.035469 -0.112874  0.200804  0.089868  0.141274  0.330241  0.084783 -0.197329  0.142249 -0.196045 -0.193742 -0.084479 -0.145618 -0.082765  0.225172 -0.264366 -0.099158 -0.149141 -0.319330  0.152836 -0.095499  0.244053 -0.028017 -0.164695  0.165356 -0.044879 -0.078696  0.070512  0.033825 -0.121953 -0.066979 -0.120236  0.057042 -0.001530  0.045148 -0.014740  0.053960 -0.104580  0.027264
 0.000000  0.000000  0.000000  0.000000 -0.000000 -0.000000 -0.401104  0.008742 -0.284213 -0.410951 -0.049564  0.154247  0.104710 -0.170719  0.116741  0.147047 -0.028526  0.202321 -0.015442 -0.122056  0.111236  0.162326  0.071333 -0.054125 -0.234127  0.077349 -0.015819 -0.042310 -0.137636  0.245778  0.100995  0.017909 -0.072176 -0.152502  0.238397 -0.102019 -0.261297 -0.117308 -0.030843  0.178970  0.078576  0.027196 -0.080606 -0.045786 -0.068418 -0.002326 -0.022754
 0.401104 -0.000000 -0.000000  0.000000  0.000000 -0.000000 -0.000000  0.044683 -0.381700  0.135717  0.035534 -0.262970 -0.110776  0.192208 -0.104845 -0.166829 -0.142491  0.020576 -0.081695  0.024979 -0.163178  0.000913 -0.023994  0.009293 -0.047178 -0.107575  0.041044 -0.119672 -0.121021 -0.218131  0.130815  0.099039 -0.221376 -0.160449  0.090006 -0.038030 -0.072884 -0.054443 -0.198619 -0.068514  0.182689  0.005279  0.069872 -0.348648  0.097364  0.020209  0.183941
 0.041470 -0.000000 -0.359634 -0.000000  0.000000 -0.000000  0.000000 -0.265103  0.019736  0.243658 -0.340698 -0.160101 -0.096556 -0.088954  0.041164 -0.090817  0.141419  0.009697 -0.100174 -0.093933  0.093153  0.011160 -0.081699 -0.086878 -0.082285 -0.239886 -0.107363  0.005686 -0.083044  0.038570 -0.227421 -0.021763 -0.097830  0.031386  0.141412 -0.051618 -0.003201 -0.412935 -0.148362  0.045999 -0.071800  0.009865  0.067170  0.240294 -0.242960  0.130692  0.010267
 0.000000 -0.000000  0.359634 -0.041470  0.000000 -0.000000  0.000000  0.156370 -0.117947  0.131932 -0.152269  0.165116  0.000232 -0.000246 -0.067115 -0.016720  0.075534 -0.077085 -0.024772 -0.115705 -0.331616  0.164030 -0.128373  0.320735  0.042497  0.135934 -0.130592 -0.001851  0.169254 -0.041196 -0.225766 -0.157750  0.203167 -0.060577  0.087532  0.024899 -0.030644 -0.288194  0.071194 -0.009059  0.321956 -0.073732 -0.154123  0.029104 -0.105746  0.209306 -0.038307
 0.000000  0.000000 -0.000000 -0.088393  0.000000 -0.000000 -0.312712 -0.074511 -0.051433  0.006512 -0.136140  0.175678  0.171898  0.151209 -0.263626  0.076585  0.145693  0.233276 -0.065096 -0.046140 -0.366101  0.177885 -0.043065 -0.057417  0.152961 -0.169010  0.122182 -0.104894  0.023971 -0.099374  0.142335  0.059414 -0.115330  0.011889 -0.148287  0.086783  0.269291 -0.013248 -0.009017  0.010757 -0.090886  0.073620  0.247497  0.101583 -0.061151 -0.216239 -0.303994
 0.000000 -0.000000 -0.000000  0.401104 -0.000000  0.000000  0.000000  0.489074  0.079408 -0.043896  0.021397 -0.271001  0.013449  0.078013 -0.215655 -0.103494  0.011250  0.158376 -0.078570 -0.073394  0.036656 -0.009059 -0.176029 -0.136018 -0.076260 -0.026517  0.157685 -0.132139  0.044273  0.254170 -0.181887  0.050141  0.073160  0.189067  0.135403 -0.093933  0.069274 -0.009352  0.129886  0.080224  0.172548 -0.035873  0.140266  0.125741 -0.043882 -0.210847  0.079017
-0.088393 -0.000000  0.000000  0.000000  0.000000 -0.312712  0.000000  0.184828 -0.038226 -0.056678 -0.213146 -0.040211  0.069858 -0.046989  0.074941 -0.050750  0.123235 -0.153189 -0.187474  0.277868 -0.189659 -0.358901 -0.068305  0.101598 -0.196124 -0.060031  0.224012  0.108889  0.062968  0.028601  0.215422 -0.173893 -0.117527  0.009459 -0.019348  0.190987 -0.214148 -0.073495  0.232236  0.044745 -0.188536  0.055080  0.100511 -0.148048 -0.214266  0.049427 -0.004350
-0.088393  0.312712  0.000000 -0.000000  0.000000 -0.000000  0.000000  0.014177 -0.050129  0.216379 -0.036293 -0.046341  0.042436  0.374751  0.355898  0.279825 -0.132438  0.228820 -0.106177  0.134616 -0.053328 -0.003312  0.120994  0.080399 -0.187110  0.054694  0.029500  0.012282  0.168657  0.044315 -0.170156 -0.090606  0.156636 -0.032565  0.029218  0.001353  0.019834 -0.070545 -0.229632 -0.027801 -0.153716 -0.012869 -0.114810 -0.068507 -0.033075 -0.366281  0.045833
-0.000000  0.000000 -0.000000 -0.000000  0.401104 -0.000000  0.000000  0.023554  0.090729 -0.085799  0.007204  0.056593  0.089356  0.157249 -0.052682 -0.237957 -0.155387 -0.010577  0.086926  0.463861  0.117373  0.213925 -0.093626 -0.010103  0.057270  0.106419  0.074024 -0.057594 -0.059256  0.050322  0.005269 -0.271730 -0.170411  0.088483  0.139774  0.187777 -0.086204 -0.095373 -0.243904 -0.083350  0.092316  0.188206 -0.068316  0.213202  0.122054  0.055674 -0.149033
 0.000000 -0.000000  0.000000 -0.000000  0.000000  0.000000 -0.401104 -0.080214 -0.003990  0.072668  0.053405 -0.014292 -0.067634  0.035005  0.265530 -0.157245 -0.146690 -0.127508 -0.093907  0.120746  0.152118 -0.002913 -0.318934  0.035057  0.043180  0.057139 -0.098198  0.350327 -0.171481 -0.159009 -0.048324  0.093875  0.061248  0.103837  0.124851  0.081069  0.346662  0.009036  0.248405  0.171311  0.172099  0.046831  0.007108 -0.151138 -0.058972 -0.154227 -0.052121
-0.401104  0.000000  0.000000  0.000000  0.000000 -0.000000 -0.000000  0.011642  0.093918  0.076775  0.096959  0.070562 -0.047698  0.199925 -0.249278  0.008466 -0.068381 -0.111641 -0.045066 -0.174026  0.198174 -0.002236 -0.138713  0.100502 -0.113894  0.098496  0.241054  0.055082 -0.308335 -0.061930  0.033004  0.074284 -0.034180 -0.282660  0.030746  0.035560 -0.086269 -0.290189 -0.019056 -0.184117 -0.082915 -0.364658  0.070528 -0.086175  0.108279 -0.059247 -0.146122
-0.000000  0.000000 -0.359634 -0.041470 -0.000000 -0.000000 -0.000000 -0.116418 -0.127521 -0.132212  0.085004 -0.005130  0.099002 -0.067381  0.043764  0.078306 -0.015838 -0.363352 -0.004474 -0.144512  0.008799  0.015771 -0.028520  0.197127 -0.120802  0.094265  0.096968 -0.340245  0.031757 -0.235455 -0.041631 -0.250971  0.258597  0.117312  0.066234  0.118908 -0.060582  0.153801 -0.078930  0.021879  0.219661 -0.031161  0.310259  0.069371 -0.055378 -0.205788 -0.010479
 0.000000 -0.000000 -0.000000 -0.000000  0.000000 -0.401104 -0.000000 -0.025789 -0.109922  0.099690  0.048051  0.047683 -0.284379 -0.151049 -0.211429 -0.012688 -0.076472  0.167891  0.317272  0.135146  0.041373  0.147704  0.125774  0.003299  0.025892 -0.275875 -0.140639  0.252234 -0.001174  0.060395  0.063777 -0.051915  0.219939  0.037995  0.064651  0.202225 -0.152751  0.099351 -0.057890 -0.054892  0.112418 -0.262883  0.087798  0.012635 -0.157597 -0.226873 -0.002189
-0.000000 -0.401104 -0.000000 -0.000000  0.000000 -0.000000  0.000000  0.123681  0.139737  0.186188 -0.445486  0.013282  0.074128 -0.103661  0.072550  0.226078 -0.283942 -0.151009  0.052361  0.017129 -0.106328  0.045445 -0.126894 -0.122282 -0.008220 -0.086627  0.036717  0.068930  0.028964  0.034749 -0.025604  0.122807  0.154010 -0.150646  0.101277  0.012470 -0.139973  0.124642 -0.140097  0.168130 -0.012562  0.054962  0.104489 -0.041904  0.390187 -0.052338 -0.073124
-0.401104  0.000000  0.000000  0.000000  0.000000  0.000000  0.000000 -0.136785 -0.213180 -0.247093  0.052453 -0.225978 -0.036245  0.172272 -0.100357  0.083809 -0.122095  0.025428  0.105922  0.191562 -0.112782 -0.119258 -0.074438  0.056682  0.125739 -0.098858 -0.243612 -0.085854  0.079944  0.034928 -0.171499  0.006375 -0.038877  0.197063 -0.106847 -0.089485  0.001446 -0.072524 -0.076537  0.397483 -0.050677 -0.172105  0.156041 -0.148203  0.133745  0.236092 -0.049596
 0.000000 -0.000000  0.000000  0.088393  0.312712 -0.000000 -0.000000 -0.043736 -0.020635 -0.201877  0.018270  0.194322 -0.086480 -0.004287 -0.046459  0.239273 -0.044609 -0.090821 -0.031920  0.055249 -0.156765 -0.276708  0.049461 -0.167318 -0.004819 -0.020640  0.220683  0.270393 -0.029760 -0.172986 -0.385413  0.227904 -0.137107 -0.073928 -0.138477 -0.103940 -0.049863  0.085450 -0.163143 -0.078424  0.285514  0.009017  0.010920  0.116148 -0.222658 -0.003653  0.072502
 0.000000 -0.000000 -0.000000 -0.000000  0.401104 -0.000000  0.000000  0.214750 -0.099771 -0.074832 -0.098971 -0.058895  0.071633 -0.331392 -0.022870 -0.062005  0.275656  0.070227 -0.308056  0.017543  0.081126  0.083099  0.102900  0.242670 -0.056358 -0.036783 -0.177150  0.003914 -0.143968 -0.125844 -0.168407  0.102657  0.023163  0.009786 -0.123363  0.190749  0.160358  0.083113 -0.146495  0.043724 -0.207400 -0.205652 -0.070728 -0.071614  0.223542 -0.107466  0.095880
-0.000000 -0.000000 -0.000000  0.088393  0.000000  0.000000 -0.312712  0.048830 -0.040267  0.116782  0.011141  0.041652 -0.291387  0.213064  0.211948  0.005435  0.258842 -0.132330  0.066307  0.053809 -0.010425  0.195691 -0.032169 -0.136227 -0.271463  0.084162  0.092518 -0.112131  0.166813  0.029691  0.069218  0.290382  0.026531  0.164990 -0.147187  0.229785 -0.083923  0.127360 -0.054805 -0.072360 -0.012612 -0.199462  0.063817  0.152318  0.102314  0.338321  0.063817
 0.000000  0.000000 -0.000000  0.401104  0.000000  0.000000  0.000000 -0.253522 -0.010723 -0.171697 -0.184172 -0.150808  0.248343  0.207625 -0.061498 -0.103713  0.018605 -0.032717  0.119087 -0.063046 -0.065589  0.039011  0.024823  0.343869 -0.062388  0.013903 -0.027159  0.317290  0.094482 -0.091178  0.261903  0.073713  0.010365 -0.135023  0.056341 -0.070638  0.035897  0.099312 -0.016812  0.023805 -0.030094 -0.065657 -0.050260  0.330487  0.064805 -0.019323  0.261154
-0.000000 -0.000000  0.401104  0.000000  0.000000  0.000000  0.000000 -0.102951  0.041805 -0.098355 -0.054167  0.159776 -0.215172  0.158626 -0.158253  0.059192  0.115386 -0.183751 -0.151849 -0.103971  0.184534 -0.152062 -0.094136 -0.016484  0.008388 -0.144741 -0.217626 -0.152752  0.140927 -0.185006  0.005601  0.105305 -0.127511  0.193596  0.418043  0.035289 -0.171703  0.072271 -0.068434  0.016538 -0.193409  0.122695 -0.028406  0.056586 -0.005160 -0.241136  0.019925
 0.401104 -0.000000 -0.000000  0.000000 -0.000000  0.000000 -0.000000 -0.035373 -0.061060 -0.126718  0.046541 -0.042211 -0.293936  0.131390 -0.098576  0.143450 -0.070566 -0.030691  0.036210 -0.004949  0.050621 -0.069108  0.052685  0.144840 -0.190507 -0.135372  0.093259  0.018081 -0.128415 -0.040844 -0.136374 -0.140841  0.076825 -0.016813 -0.272446  0.017382 -0.058697 -0.179219  0.328222  0.204522 -0.105124  0.075983 -0.167024  0.253455  0.296543 -0.080243 -0.228941
 0.401104  0.000000 -0.000000  0.000000  0.000000 -0.000000  0.000000  0.036013  0.271808 -0.121542 -0.056406 -0.075508 -0.032150  0.134762  0.045351  0.329759  0.203747 -0.096372  0.040475 -0.012682 -0.034147  0.002654 -0.012309 -0.016960  0.329799  0.248180  0.019864  0.113299 -0.159517  0.126859  0.099275 -0.186067 -0.100599  0.108505  0.116068  0.059741  0.032447 -0.072360 -0.159116  0.170663 -0.037361 -0.395793  0.071475 -0.117404 -0.094575  0.004309  0.030044
 0.000000  0.401104  0.000000  0.000000 -0.000000 -0.000000  0.000000  0.053213  0.016302  0.061579 -0.034249  0.039585  0.199375 -0.005738 -0.092993  0.197454  0.009658 -0.337299 -0.143455  0.266290 -0.021610  0.008962 -0.008555 -0.104255  0.007284 -0.364617 -0.100059 -0.156543 -0.250471  0.109804  0.246644  0.133913  0.204604  0.002973  0.026447 -0.185568  0.072149  0.030621  0.024122 -0.015386  0.188565 -0.117251 -0.231548  0.096368  0.015932  0.083522 -0.027299
-0.000000 -0.000000 -0.000000  0.401104 -0.000000  0.000000 -0.000000 -0.319405 -0.151049  0.247020 -0.088745  0.285664  0.113251 -0.061903 -0.067384 -0.038243 -0.147109  0.147642 -0.283047 -0.008993  0.022024 -0.069423  0.076105 -0.238767  0.162197  0.139593  0.067887 -0.110896 -0.045210 -0.049033 -0.007971 -0.166700 -0.014859  0.212712 -0.093792  0.150983 -0.181027  0.006764  0.190969  0.092178  0.062592 -0.210890 -0.124076 -0.060011  0.132994 -0.001495  0.120234
-0.000000  0.000000 -0.000000 -0.000000 -0.000000  0.000000  0.401104  0.136995 -0.255601 -0.038820  0.101319  0.078579  0.149777  0.005329  0.156680  0.106032 -0.022605 -0.168344 -0.036414  0.018253  0.015441  0.512029  0.051472 -0.177183 -0.032264 -0.063620  0.080254  0.252930  0.084820 -0.206464 -0.008743  0.079887 -0.178225  0.184980  0.100511 -0.118706 -0.020803 -0.149923  0.220128  0.063268 -0.145075 -0.076177  0.153459  0.031825 -0.022106 -0.028721 -0.042402
 0.000000 -0.000000  0.000000  0.000000  0.000000  0.401104 -0.000000 -0.004874 -0.283913 -0.063139 -0.178462 -0.116703  0.072986  0.033745  0.031929  0.083646  0.049338 -0.020440  0.246546  0.068683 -0.045542 -0.063403 -0.091196  0.069832  0.240787  0.017058 -0.019093  0.033429 -0.269999  0.149822 -0.102362  0.177960  0.162936  0.189986 -0.018101  0.221357 -0.234310 -0.045968  0.180620 -0.391196 -0.147688  0.111794  0.035426 -0.038927 -0.065913 -0.104911  0.050890
 0.041470 -0.000000  0.359634  0.000000 -0.000000 -0.000000 -0.000000  0.026482 -0.092135  0.163204  0.195318 -0.042028  0.375065 -0.051593  0.170916  0.111176  0.093919  0.130569  0.294793 -0.175461  0.140356 -0.180068 -0.239359 -0.107257 -0.142414 -0.287530  0.101893  0.001238 -0.178783 -0.137516 -0.055519 -0.225083 -0.046514  0.003815 -0.039526  0.196872  0.044960  0.037709 -0.138643  0.111277 -0.007757 -0.034600  0.067735  0.128151  0.004301  0.143576  0.073547
 0.000000  0.000000 -0.000000  0.401104  0.000000  0.000000 -0.000000  0.007973 -0.033393  0.171506  0.154139 -0.076873 -0.049659 -0.009967 -0.140456  0.053331  0.055868 -0.116707  0.037498  0.049542 -0.184891  0.142474 -0.004710 -0.068954 -0.123457  0.209561 -0.178651 -0.000453 -0.287390 -0.090786 -0.115167 -0.067823  0.098358 -0.181292  0.061396 -0.029241 -0.064776  0.261844 -0.086719  0.139321 -0.317104  0.207869 -0.050578 -0.079496 -0.283199  0.118478 -0.283453
 0.401104
