1 8
-0.353553 -0.462079 -0.003384  0.137546  0.675902 -0.067185 -0.265998 -0.332325
 0.353553  0.357290  0.223981 -0.574159  0.370757  0.328139 -0.293726 -0.190016
 0.353553 -0.098513  0.548169  0.186502 -0.051498 -0.217962  0.411277 -0.557417
-0.353553  0.490062  0.043319  0.389839 -0.281797  0.218825 -0.366897 -0.468061
-0.353553  0.246972 -0.359871 -0.501027 -0.012653 -0.425364  0.332346 -0.376723
 0.353553  0.274565 -0.557399  0.403200  0.392987  0.209376  0.342796 -0.102777
-0.353553 -0.216637  0.088029 -0.165107 -0.073686  0.739164  0.484764 -0.079186
 0.353553 -0.475025 -0.446659 -0.154292 -0.404481  0.145886 -0.276131 -0.406085
 0.353553
