1 46
-0.147442  0.167492 -0.035857  0.045971 -0.099460  0.017746 -0.119957 -0.022551 -0.002097  0.077168 -0.082722 -0.109053  0.100824 -0.033890 -0.208591 -0.105304  0.150766  0.176946 -0.012071  0.124228 -0.067310 -0.067623  0.047142  0.110997 -0.047261 -0.025937  0.169779  0.012879  0.273551 -0.090123 -0.206058 -0.073715  0.113773 -0.103048  0.385810  0.161199 -0.285537  0.245447  0.134164  0.148413 -0.048875  0.193674 -0.055234 -0.166662 -0.337226 -0.102174
-0.147442 -0.088424 -0.178564 -0.036694 -0.205346 -0.056754 -0.047061 -0.078071  0.096566 -0.066843  0.042252 -0.007225  0.255888 -0.146893  0.200329  0.053432 -0.274314 -0.077508 -0.022660 -0.021560  0.185245  0.029259  0.149498 -0.151948  0.077970  0.129491  0.032990 -0.032561 -0.106597  0.153614 -0.111009 -0.118707  0.146029 -0.213494  0.242263  0.189636  0.188025 -0.095134 -0.071001 -0.130816 -0.419161 -0.126948 -0.142288 -0.117733 -0.057092  0.177009
-0.147442 -0.260501  0.015774  0.015381 -0.213890  0.133789 -0.187461 -0.447114  0.256526  0.041167  0.137409 -0.027714  0.124250  0.159727 -0.066515  0.293431  0.096272  0.129789 -0.183624 -0.097867 -0.190463  0.173732 -0.060575  0.017756  0.006209  0.077939 -0.054835  0.014604  0.081212  0.001048 -0.161884  0.158262 -0.229237  0.104014  0.046891 -0.100859 -0.013391  0.091258 -0.163351 -0.031366  0.164597 -0.041812 -0.165651 -0.031598  0.100192  0.079495
-0.147442 -0.161814  0.051806  0.028908 -0.110810 -0.126892 -0.040822  0.064624 -0.032123 -0.037658  0.124067 -0.107342 -0.187385 -0.211834 -0.020873  0.165577  0.154599 -0.112576  0.062307  0.041145  0.097507  0.066114 -0.015030  0.114087 -0.101812 -0.105212  0.269537 -0.055769  0.017085 -0.138217  0.114096  0.254398  0.317505 -0.007037  0.019137 -0.186410  0.107873 -0.341934 -0.349281  0.120371  0.011068  0.150711 -0.195445 -0.027275 -0.156414 -0.162092
-0.147442  0.127844 -0.164002 -0.032128 -0.006219 -0.121175 -0.040822  0.041980  0.135342 -0.020912  0.065009  0.475177  0.126556  0.123495 -0.112846  0.046996  0.064414 -0.181045 -0.062368 -0.131666 -0.072116 -0.147489 -0.091986  0.151558  0.002190 -0.066625 -0.010169  0.210140 -0.154137  0.111535 -0.032820 -0.234382 -0.011993 -0.307470  0.033170 -0.133433  0.195922 -0.098690  0.132716  0.214217  0.187865  0.187559 -0.199353  0.014144  0.071409 -0.150575
-0.147442 -0.035023 -0.079524  0.136110  0.099993  0.162649 -0.048606 -0.058707 -0.106026 -0.252067 -0.138938  0.021813 -0.159238  0.106981  0.222056  0.029333 -0.095637  0.286834 -0.009486 -0.087222  0.028688  0.062169 -0.213027  0.055784  0.130778 -0.198126  0.018458  0.136680  0.203530  0.049109  0.023261 -0.048803  0.147224 -0.130839 -0.212997 -0.233395 -0.020085  0.138458  0.025618  0.160523 -0.262824  0.147208 -0.125675  0.236784 -0.090215  0.313970
 0.147442  0.140455 -0.065524 -0.279589  0.206514  0.069528 -0.262345  0.177798 -0.007265 -0.243594  0.168295 -0.168178  0.136412  0.241707 -0.109061  0.133498 -0.194853 -0.116310  0.057932 -0.039166  0.049356 -0.070542  0.206579  0.133439 -0.176003 -0.148984 -0.069477  0.149899  0.044534 -0.060149 -0.160878  0.015790  0.167305  0.311478  0.080400  0.004307  0.134747  0.057325 -0.083659 -0.108097  0.087083  0.184787 -0.085839 -0.014702  0.015067  0.218552
-0.147442  0.027603  0.057057  0.073270 -0.040586 -0.075601  0.025819 -0.091048  0.052593  0.177502 -0.186767 -0.275921 -0.054753  0.101941 -0.001926  0.065377  0.132382  0.073058 -0.066672 -0.107642 -0.214751 -0.313745  0.238782  0.166323 -0.086179 -0.081164 -0.122267  0.098103 -0.133374  0.029903 -0.017115 -0.055342  0.194027  0.044010 -0.159561 -0.094816  0.054061 -0.164055  0.286670 -0.327146 -0.089278 -0.237087 -0.216200  0.147421 -0.170653 -0.077418
 0.147442 -0.006991 -0.088418  0.128605  0.066873 -0.098580  0.142439  0.011798  0.306164 -0.057624 -0.193657  0.225734 -0.083123 -0.236141 -0.078418 -0.173951  0.148172  0.233812 -0.003397 -0.201027  0.127374  0.051726  0.230041  0.029898 -0.114816  0.180864  0.156075 -0.011939  0.171825  0.146561 -0.146901 -0.076084 -0.033532  0.350589  0.052747  0.030751  0.263474 -0.041918 -0.066422  0.072677  0.091958 -0.022127 -0.050805  0.215822 -0.105000  0.135449
 0.147442 -0.127449  0.073543 -0.010509 -0.095608 -0.014460  0.078952  0.206375  0.108732 -0.230715  0.095995  0.127441 -0.241595  0.059714 -0.229478  0.103373 -0.218838  0.044880  0.143101 -0.103146 -0.410248  0.012739 -0.072332 -0.093310 -0.022356  0.148327 -0.003681 -0.131733  0.030082 -0.003578  0.098493  0.104861  0.134080 -0.213403  0.040558  0.222805 -0.115525 -0.095328  0.141324  0.004296  0.175652 -0.167826 -0.145876 -0.031087 -0.206545  0.276537
-0.147442 -0.050311 -0.092743 -0.220364  0.017113 -0.039876 -0.075473 -0.043578 -0.255291  0.117431 -0.345454 -0.031198 -0.037558  0.183757  0.124092  0.012954 -0.113372 -0.122541  0.041597 -0.095639  0.069607 -0.101320  0.018932  0.028139 -0.027640  0.280924  0.174161 -0.150546  0.040127 -0.287409  0.176306  0.188804 -0.183595  0.080538  0.201956 -0.087399  0.221818  0.045929  0.235077  0.268641  0.073491 -0.112115 -0.146442  0.007832  0.016048  0.115523
 0.147442 -0.054503  0.127257 -0.200250 -0.276967  0.141992  0.219666  0.110375 -0.043612 -0.128810 -0.022715 -0.125573  0.145170 -0.007657 -0.129096  0.045143  0.182102  0.239163 -0.234364 -0.077853  0.132733  0.074374 -0.201351 -0.032310  0.079074  0.175510  0.023372  0.221159  0.027484 -0.078242  0.236121 -0.112507  0.120929  0.136365  0.054689  0.050636  0.046837 -0.213835  0.282542 -0.071634 -0.081952  0.244162 -0.092754 -0.118893  0.220106  0.003930
-0.147442 -0.191459  0.264518  0.278255  0.281856  0.293984 -0.069325  0.095366 -0.071306 -0.100687  0.055587 -0.147594 -0.057857 -0.007088  0.044549  0.055909  0.172828 -0.085311 -0.139947  0.082327 -0.031519  0.081813  0.169764 -0.016835 -0.059863  0.248102 -0.277180  0.142158  0.032464 -0.098270 -0.012739 -0.184922  0.083666 -0.187966  0.153708  0.142848  0.311454 -0.011817 -0.011148  0.206155  0.085198 -0.052785  0.137616  0.042477 -0.021729 -0.029975
-0.147442  0.116265  0.178916  0.039042  0.069748  0.074342  0.233871  0.035358 -0.110592  0.019970  0.191714  0.089427 -0.209437  0.175164  0.133887 -0.054455 -0.083703 -0.107921 -0.083098 -0.102904  0.173247  0.149390  0.121564  0.205308  0.026940  0.167910  0.013175  0.119192  0.053526  0.406726  0.186250 -0.019011 -0.017649  0.150694  0.191697 -0.179463 -0.221397  0.115716 -0.049941 -0.092551  0.058387 -0.130200 -0.223147 -0.265799 -0.112879 -0.031852
-0.147442  0.081383  0.360850 -0.233375 -0.317986 -0.165114 -0.050156  0.209671  0.211825  0.135226 -0.084886 -0.090221 -0.068275 -0.037336  0.156464 -0.072115 -0.036748  0.054347 -0.017515  0.250671 -0.134377  0.221279  0.162639 -0.013993  0.003332 -0.024229  0.046479  0.025381 -0.236990  0.075378 -0.082433 -0.111469  0.040677 -0.009298 -0.100581 -0.220620  0.105391  0.172823  0.044271  0.173020  0.114923  0.108067  0.137228 -0.036025 -0.009146  0.271628
 0.147442  0.113058 -0.088717  0.141030  0.011788 -0.025134 -0.126448 -0.244877 -0.219521  0.041848  0.178707 -0.129966  0.014495 -0.052105 -0.113715  0.069700 -0.163044  0.054804  0.093455  0.195869 -0.279353  0.047256  0.015941  0.116615  0.384934  0.173563  0.213305  0.002277 -0.212409  0.199686  0.113670 -0.190674  0.138577  0.260644  0.088653  0.021718  0.068514 -0.049580  0.028580  0.208997  0.006913  0.017519  0.000324  0.239417  0.044512 -0.076514
-0.147442 -0.105162 -0.134804  0.126683 -0.060292 -0.063657  0.205385  0.165081 -0.007162 -0.018573  0.123832  0.141775  0.103726  0.010140  0.065182 -0.174914 -0.254586  0.084140 -0.155575  0.205545 -0.157172  0.240983  0.105776  0.128650 -0.039684 -0.150434  0.100479  0.223550  0.084920 -0.312990 -0.006942  0.151098  0.101019  0.128559 -0.122636  0.186304  0.118023  0.221883  0.070156 -0.008078 -0.001774 -0.212775 -0.180371  0.036125  0.181120 -0.237871
 0.147442 -0.152311 -0.204433 -0.338966  0.164212 -0.230266 -0.057213  0.033536  0.153690 -0.016405 -0.104040 -0.149290 -0.125643 -0.111417 -0.074144 -0.080113  0.125698 -0.126018 -0.044791 -0.138009 -0.294645  0.238508  0.119290  0.169453  0.060920  0.038850 -0.171765  0.201546  0.133657  0.065162  0.184057  0.034236 -0.048849 -0.141202  0.166249 -0.123727 -0.107485  0.069329 -0.082945  0.082598 -0.332551 -0.048602  0.087740  0.052847  0.125080 -0.102781
 0.147442 -0.133547 -0.181879 -0.130615 -0.137478  0.207496 -0.097682 -0.191879 -0.045005  0.121095 -0.026222  0.170068  0.124962  0.011473  0.077415 -0.004072  0.021160  0.063107  0.332118  0.303424  0.053317  0.117447  0.177153 -0.062925 -0.237409  0.069074 -0.085711  0.249737  0.131345  0.116084  0.369452  0.016338  0.027971 -0.097623 -0.135278 -0.024966  0.080669  0.015435  0.062271 -0.121611  0.138454  0.084152  0.038582  0.035711 -0.299456 -0.058843
 0.147442 -0.254362  0.074979 -0.058192 -0.120615 -0.061647 -0.043932 -0.164510  0.035150 -0.162414  0.054205  0.029017 -0.091101  0.009826 -0.055767 -0.169344  0.196747 -0.193149  0.042840  0.193219  0.239718 -0.161820 -0.173671  0.252890 -0.082739 -0.062240  0.084747  0.159503 -0.195088 -0.217617  0.032409 -0.326970 -0.028392  0.045875  0.039120  0.078319 -0.179762  0.129102 -0.089984  0.050697 -0.013910 -0.325662 -0.109940  0.098466 -0.028775  0.238497
-0.147442  0.240420  0.083194  0.013881  0.091012 -0.020096 -0.281855 -0.111143  0.201884  0.115429 -0.120719  0.293842 -0.097464 -0.125299  0.081511  0.079215 -0.157153  0.028084 -0.234604  0.021834 -0.057416 -0.117308 -0.072352  0.157479 -0.039220  0.181033 -0.149307  0.104325 -0.038999 -0.196394  0.283777  0.033110  0.111213  0.224193 -0.146307  0.264250 -0.154549 -0.132044 -0.140662  0.036713 -0.146556  0.082720  0.130312 -0.168607 -0.053054  0.097897
 0.147442 -0.181775 -0.129209 -0.035360 -0.078006  0.245014  0.118816 -0.029116 -0.171025  0.180005  0.097148  0.236700 -0.262595 -0.150421  0.020187  0.065774  0.191966 -0.062131 -0.017481  0.086127 -0.120223 -0.302265  0.353623 -0.045271  0.121185 -0.077780 -0.080363 -0.044868 -0.024905 -0.000668 -0.156663  0.093347  0.090021  0.072793 -0.071809 -0.004560 -0.013736  0.122746  0.050208  0.147402 -0.162610  0.155876 -0.124794 -0.266462  0.220916  0.184720
 0.147442  0.034400  0.229400 -0.065768 -0.025167 -0.102890  0.147580 -0.059619 -0.060428  0.340483  0.461599  0.070361  0.150942  0.109661  0.193005 -0.240384 -0.004422  0.164498  0.089665 -0.253497 -0.090687 -0.127240 -0.052546  0.017539  0.045523 -0.044503 -0.140975  0.104834  0.066727 -0.232243  0.002208  0.086925 -0.043609 -0.022849  0.173999 -0.030300  0.115778 -0.103153 -0.100592  0.105337 -0.135402  0.043367  0.050570  0.163478 -0.211416  0.123792
-0.147442  0.044672 -0.039171 -0.039560 -0.024112 -0.192095  0.040464 -0.042309 -0.037462  0.067864  0.172473 -0.094583 -0.065196 -0.010153 -0.240298  0.007222  0.099980 -0.008012  0.126582  0.169585  0.214596  0.073303 -0.247693  0.309256 -0.065007  0.069933 -0.304803 -0.086611  0.062697  0.283441 -0.114433  0.298981 -0.029975  0.025888 -0.187518  0.242108  0.240572  0.038686  0.227349  0.151180 -0.149655 -0.014561  0.000437 -0.020813 -0.009487  0.116091
 0.147442 -0.199148 -0.062036  0.094280  0.041181 -0.240287 -0.165163  0.208784 -0.115915  0.052495  0.043915  0.123818  0.312123 -0.100360  0.031469  0.084164  0.034576 -0.028083 -0.338016  0.157239  0.058061  0.062670  0.015574 -0.007067  0.127300 -0.085376 -0.301994 -0.331562  0.197105  0.006710  0.105398 -0.124041  0.065676  0.142193 -0.011394 -0.250601 -0.115154 -0.053129  0.141141  0.060141  0.094252 -0.099907 -0.113571 -0.008398 -0.201728  0.091418
 0.147442  0.052682 -0.023578 -0.064548 -0.229064  0.128881 -0.280899  0.033788  0.131024 -0.011172  0.003355 -0.101932 -0.041194 -0.038547  0.119706 -0.272246 -0.105733  0.015637  0.063239 -0.175063  0.237734 -0.098848  0.035378  0.043438  0.240425  0.264465 -0.198744  0.039345  0.101654 -0.009804 -0.181652  0.149281  0.313987 -0.119527 -0.160363 -0.059917 -0.151892  0.017660 -0.007394  0.157651  0.239129 -0.141949 -0.093548  0.065730  0.130871 -0.233039
-0.147442 -0.132921 -0.188384 -0.119004 -0.160894 -0.159851  0.138184  0.016237 -0.034733 -0.164606  0.012087 -0.021702 -0.247238  0.081201  0.199197  0.088565 -0.002022  0.005796  0.189728 -0.067688 -0.057027  0.003364 -0.055643  0.101159  0.275802  0.104612 -0.235531 -0.105941  0.075492 -0.208660 -0.126777 -0.348166 -0.097916  0.186465 -0.077173  0.094835  0.128309  0.064593 -0.083164 -0.166481  0.087811  0.206074  0.091254 -0.142758 -0.241679 -0.216028
-0.147442 -0.284704  0.051718  0.117212 -0.201218  0.058685 -0.226060  0.289312  0.106856 -0.026498 -0.002761  0.179812 -0.020423  0.232113 -0.102350  0.038623  0.005385 -0.018950  0.118022 -0.005869  0.033605 -0.229460 -0.047261 -0.043864  0.179196 -0.114906  0.122342  0.171360  0.102310  0.168061  0.030846  0.137841 -0.007519  0.242845  0.170702 -0.090453  0.049335 -0.052322  0.096144 -0.002586 -0.185286 -0.170127  0.429643  0.004973 -0.018339 -0.108313
-0.147442  0.013503 -0.045748 -0.104848  0.214729 -0.092709  0.067845 -0.210072  0.291260  0.042987  0.292209 -0.130681 -0.053499  0.128477 -0.115042 -0.102107 -0.019835 -0.058022  0.032572  0.066339  0.012584 -0.119479 -0.024757 -0.337232 -0.069243  0.075247  0.182169 -0.106719  0.325101 -0.057872  0.120196 -0.263806  0.208592  0.046587 -0.225771 -0.165003  0.077807  0.013753  0.129525  0.129351 -0.059685 -0.119579  0.056590 -0.221925  0.096304 -0.007495
 0.147442  0.156526 -0.312858  0.105415  0.072099  0.082975 -0.063557  0.150447  0.104349  0.154272  0.146964 -0.001026 -0.211597  0.091443 -0.058278  0.237966 -0.001936  0.313756  0.060521  0.055786  0.205975  0.255089  0.032059  0.041809 -0.063852  0.081799 -0.011115  0.071537 -0.271340 -0.269270 -0.158861 -0.058966 -0.102061 -0.064313  0.055960 -0.244775 -0.063970 -0.168735  0.138055  0.070094 -0.116120 -0.212268  0.071858 -0.165489 -0.070611 -0.001874
 0.147442  0.175425 -0.063282  0.079699 -0.066503 -0.042068  0.216891 -0.270470  0.028149 -0.061516 -0.223246  0.048422 -0.043786  0.050655  0.057583  0.044665  0.066157 -0.263650 -0.033523 -0.013623 -0.047983  0.159977 -0.224603 -0.297650 -0.000942 -0.180787 -0.240913  0.170577 -0.116292 -0.034208 -0.104156  0.164606  0.366702  0.202773  0.232062 -0.075249  0.093249  0.079361  0.061502  0.125517  0.061274 -0.112281  0.095858 -0.101193 -0.155451 -0.002750
 0.147442 -0.148567  0.009807  0.056611  0.186559 -0.292121  0.100168 -0.058803  0.095845  0.029301 -0.171945  0.056461 -0.074838  0.505055 -0.025864 -0.110471  0.009296  0.178403 -0.139200  0.392342  0.101450 -0.106734  0.057186 -0.037401  0.166709  0.186862 -0.000720  0.002521 -0.060260  0.019239 -0.067731  0.170251  0.130170 -0.166587  0.096587  0.020201  0.002459 -0.074883 -0.201922 -0.144145  0.010991  0.207235 -0.047951  0.007365  0.061187  0.016691
 0.147442  0.245871 -0.071146  0.126480 -0.065976  0.090323 -0.025675 -0.047364  0.216012 -0.210900  0.139525 -0.046827  0.019682  0.119257  0.260543 -0.060155  0.277347 -0.343321 -0.140562  0.070838 -0.033042  0.117023  0.164843  0.157651  0.274918 -0.014983  0.246794 -0.057124  0.124576 -0.101758  0.044424  0.196422 -0.158127 -0.091298 -0.111016  0.087079  0.045142 -0.135994  0.239886 -0.091046 -0.020526  0.051485  0.092851  0.009392 -0.142762  0.133662
 0.147442  0.070569  0.047534 -0.270650  0.099005  0.217137 -0.106664  0.154445 -0.134835  0.057170 -0.022722  0.161430  0.072067  0.030936 -0.012843 -0.031154  0.201121  0.002541 -0.181549  0.036857 -0.193544  0.013847 -0.299081  0.012498  0.008596  0.242120  0.214835 -0.079329 -0.051792  0.068012 -0.191408  0.013202  0.108893 -0.015178 -0.196316 -0.073580  0.258973  0.204801 -0.191482 -0.161871 -0.184225 -0.206114 -0.050660 -0.080734 -0.248564 -0.133318
-0.147442 -0.346757 -0.158098 -0.074407  0.141528  0.031914  0.171204 -0.022592 -0.040175 -0.026729  0.055354 -0.070200  0.189158  0.031948 -0.059505 -0.121833 -0.084084 -0.132125 -0.165434 -0.171325  0.021312  0.041877  0.075846 -0.040706 -0.070671  0.193432  0.113183  0.120371 -0.326230  0.036279 -0.175664  0.114066  0.033347  0.098049 -0.266508  0.012957 -0.303710 -0.062950  0.110252  0.191205  0.009055  0.196699  0.187370  0.044403 -0.309485  0.021355
-0.147442 -0.000102  0.066816 -0.078220  0.138381 -0.153465 -0.245057  0.098052  0.028995 -0.026131  0.174572  0.160910 -0.074960  0.070743  0.219713  0.090131  0.363843  0.033935  0.179481 -0.052880  0.053904  0.163502  0.015890 -0.349809 -0.033874  0.074140 -0.002680 -0.063490 -0.184778 -0.004366  0.036300  0.046951  0.097253  0.150618  0.063699  0.210556 -0.192766  0.163152  0.198332 -0.066614 -0.103063  0.083496 -0.241073  0.278896  0.085956 -0.110749
 0.147442 -0.262364  0.133641 -0.038095  0.144495  0.246938 -0.065364 -0.139668  0.277060  0.151889 -0.029600  0.053742 -0.104697  0.037734 -0.012797 -0.117849 -0.189629  0.004577 -0.023684 -0.141602  0.116326  0.160797 -0.053130  0.250675  0.013073 -0.262824  0.045124 -0.385490 -0.196828 -0.012119  0.119931 -0.042536  0.172510 -0.023238  0.136494  0.051373  0.146318  0.135745  0.231255 -0.081830 -0.042379  0.182025  0.020396 -0.033367 -0.034801 -0.169073
 0.147442  0.115734  0.098699  0.108491 -0.324105 -0.073634 -0.130479 -0.115292 -0.151949 -0.317856  0.029817  0.031820 -0.097705  0.272175 -0.168826 -0.157136 -0.038941  0.049813 -0.175831 -0.098960  0.002636  0.024865  0.253025 -0.130623 -0.266881 -0.029370 -0.112613 -0.188956 -0.107343  0.007622  0.114589 -0.033909 -0.151394  0.018893 -0.135712 -0.014170  0.075697  0.040706 -0.083203  0.229756 -0.296721  0.036072 -0.030895 -0.023051 -0.091568 -0.242426
-0.147442  0.127588  0.130611  0.002628  0.037840  0.026594  0.248770 -0.068792  0.073071 -0.249130 -0.008052  0.168098  0.325464 -0.061645 -0.239320  0.170196  0.100593  0.064735  0.255759 -0.034024  0.070749 -0.049107  0.211187  0.165732  0.179852  0.171186 -0.095688 -0.173727 -0.120129 -0.228604  0.150837  0.133812  0.166004 -0.062318 -0.017419 -0.252186 -0.044422  0.270147 -0.063383 -0.064010 -0.099323 -0.059359  0.135723  0.064313  0.030288  0.022153
 0.147442 -0.054649  0.173474  0.049533 -0.013141 -0.345612 -0.147707 -0.146878 -0.263754  0.146484  0.021726  0.084164 -0.135176 -0.058334 -0.184725  0.261558 -0.059402 -0.044347 -0.137820 -0.280299  0.224935  0.130925  0.151853 -0.043090  0.132862 -0.016821  0.202939  0.233153  0.119945 -0.074293 -0.042351 -0.027308  0.095991 -0.190069 -0.155115  0.096268  0.089828  0.235778  0.104334 -0.169886  0.088757 -0.000280  0.172753 -0.038058 -0.040230  0.049257
-0.147442  0.118983 -0.266278 -0.047504 -0.157768  0.202086  0.119468  0.203923  0.064540  0.340133 -0.036044 -0.107320 -0.041710  0.239264 -0.264570  0.038708  0.112766 -0.106181 -0.144961 -0.110885  0.136264  0.093820  0.069413 -0.114290  0.188369 -0.135766 -0.048834 -0.094838 -0.013504 -0.004177  0.248491 -0.106737  0.077468 -0.017849 -0.060161  0.228132  0.006657  0.099057 -0.305024  0.067405  0.063732 -0.048967 -0.023550  0.251713 -0.069513  0.142784
 0.147442 -0.055104 -0.060257  0.276740  0.090722 -0.109719 -0.073263  0.167945  0.227126 -0.012341  0.015056 -0.278786  0.092271 -0.130854  0.022651  0.001730  0.012131  0.062539  0.060742 -0.084982  0.020919 -0.234712 -0.103939 -0.132005  0.141863 -0.003839 -0.000637  0.188106 -0.223511  0.025166  0.278533  0.138360 -0.202807  0.018126 -0.073123 -0.003849  0.163169  0.362158 -0.054239  0.074487  0.030688  0.095088 -0.235325 -0.282677 -0.158796 -0.013640
 0.147442  0.014644  0.212292 -0.324306  0.107383  0.036261  0.215904 -0.028163  0.169293 -0.062945 -0.054952 -0.008551  0.035781  0.007630  0.154386  0.454654 -0.093990  0.107938 -0.069660  0.124194  0.139987 -0.152300  0.105141 -0.013300  0.118083 -0.175576  0.045758  0.048708  0.084057  0.098302 -0.051083  0.011976 -0.127164 -0.020247 -0.057978  0.206581 -0.061191 -0.030385  0.000135  0.354288 -0.028339 -0.169294 -0.064811  0.108532 -0.160480 -0.269159
 0.147442  0.026028 -0.124119  0.146055 -0.201911 -0.019523  0.152824  0.101840  0.132463  0.082705  0.148509 -0.071577 -0.121762 -0.039783  0.154674  0.282643 -0.147772 -0.181352 -0.189997  0.073301  0.009967 -0.218799 -0.141137  0.069529 -0.347003  0.283155  0.021935 -0.061802  0.089469  0.008518  0.008936 -0.005487  0.065754 -0.033793  0.103578 -0.132858 -0.046510  0.290893  0.053204 -0.069908 -0.076136  0.184141  0.131467  0.345246  0.059639 -0.064041
-0.147442  0.041414 -0.260334 -0.232280  0.016360 -0.055673 -0.032866 -0.099628 -0.103557 -0.240549  0.219040 -0.029037 -0.126511 -0.123897  0.144752 -0.083454  0.124723  0.358104 -0.318282 -0.011991  0.020628 -0.202589  0.037087  0.007325 -0.044778 -0.132258  0.020537 -0.080584 -0.167714  0.109633  0.178353  0.136702  0.090322 -0.100755  0.175142  0.040514  0.097655  0.094512  0.011614 -0.050993  0.291910 -0.142749  0.282696 -0.005650 -0.010242  0.033079
 0.147442 -0.064631 -0.087416  0.162866 -0.046312 -0.131771  0.038640  0.063506 -0.052812  0.063040 -0.096455 -0.056409  0.255268  0.265271  0.321289  0.153495  0.209181  0.108468  0.176014 -0.219456 -0.114980  0.058501 -0.000700  0.250394 -0.218058 -0.002215  0.125817 -0.122141  0.006873  0.130533  0.054303 -0.108147  0.247604 -0.018015 -0.105450  0.197814 -0.062584  0.022370 -0.107662  0.202648  0.048275 -0.092459  0.158810 -0.253661  0.192969  0.051392
 0.147442
