
  0  0.499997550428683039364747762  0.463218841659246714228485159  0.499615222223817560072076094  0.496011170859266552538285183  0.217283916227150401286440443  0.499965394110677833556166325 -0.492555181520806268085244800  4.999975504286830393647477616e-01
  1 -0.499997550444863686573129455  0.464069637987200986193768101  0.499702876256837607974771454  0.496304857185468709817634247  0.219375468638011239999444958  0.499993524017155802524918148 -0.490409241902187372744333083  4.999975504448636865731294548e-01
  2  0.499997550427257219968386892 -0.498761706686226208805595012  0.499634711195239971076153401  0.496098913707815244327793691  0.408586859154882381492575327  0.499964575120846431649859753 -0.297628014217646921763362269  4.999975504272572199683868921e-01
  3 -0.499997550446289505969490324 -0.497910910358271937192677775  0.499722365228260018897533598  0.496392600034017401444512430  0.410678411565743220029396990  0.499992705027324400835452012 -0.295482074599028026422450552  4.999975504462895059694903244e-01
  4  0.499997550441348507756699968  0.470815294158179911351586738 -0.499992596727073846741076779  0.498621521437123884913341157  0.236007243528922168045213262  0.499966802008235922344207836 -0.473342548065120177162162785  4.999975504413485077566999676e-01
  5 -0.499997550432198218208282303  0.471666090486134183045819138 -0.499904942694053799001011745  0.498915207763326042246900330  0.238098795939783006622692506  0.499994931914713891204539442 -0.471196608446501281712830850  4.999975504321982182082823032e-01
  6  0.499997550439922688360339098 -0.491165254187293011899333867 -0.499973107755651435520159037  0.498709264285672576892585045  0.427310186456654148386873418  0.499965983018404520492111373 -0.278415380761960830623439819  4.999975504399226883603390981e-01
  7 -0.499997550433624037604643173 -0.490314457859338740286416630 -0.499885453722631387861409166  0.499002950611874734036408838  0.429401738867514986869484972  0.499994112924882489352442980 -0.276269441143341935445158428  4.999975504336240376046431727e-01
  8  0.499997550432147352592309603  0.488770646613666766614435255  0.499633478902445339473381222 -0.499573889367417084590456550  0.280519834768545956636904073  0.499965190960971452938197551 -0.428067109834017455794775986  4.999975504321473525923096026e-01
  9 -0.499997550441399373345567614  0.489621442941621038200247437  0.499721132935465387213446256 -0.499280203041214927284002431  0.282611387179406795227935845  0.499993320867449421798529158 -0.425921170215398560616494594  4.999975504413993733455676138e-01
 10  0.499997550430721533195948733 -0.473209901731806156717800513  0.499652967873867750477458530 -0.499486146518868392773842987  0.471822777696277936897249067  0.499964371971140050787945491 -0.233139942530858109432235874  4.999975504307215331959487331e-01
 11 -0.499997550442825192741928483 -0.472359105403851885077778222  0.499740621906887798298838727 -0.499192460192666235602914140  0.473914330107138775461175784  0.499992501877618020000642804 -0.230994002912239214172639319  4.999975504428251927419284834e-01
 12  0.499997550444812820984261809  0.496367099112599963439381237 -0.499974340048446067231351433 -0.496963538789559752269610685  0.299243162070317723666727436  0.499966598858529541644923899 -0.408854476378331364871693970  4.999975504448128209842618086e-01
 13 -0.499997550428733904980720462  0.497217895440554235133613636 -0.499886686015426019762336943 -0.496669852463357594773421186  0.301334714481178562013813718  0.499994728765007510559465614 -0.406708536759712469341046873  4.999975504287339049807204622e-01
 14  0.499997550443387001587900939 -0.465613449232872959838644422 -0.499954851077023656254379180 -0.496875795941011060317471851  0.490546104998049703601811777  0.499965779868698139738617328 -0.213927309075172018454943750  4.999975504433870015879009391e-01
 15 -0.499997550430159724377081332 -0.464762652904918688090201914 -0.499867197044003608487209092 -0.496582109614808903173648058  0.492637657408910542274158711  0.499993909775176108653159043 -0.211781369456553123154689613  4.999975504301597243770813317e-01
 16  0.499997550418980065046635139  0.462319194163226429404459430  0.499616946672868667526793210  0.495738720241005453176225820 -0.498642207227449165226782976  0.499965710056172280722520951  0.205620227783502726898482924  4.999975504189800650466351389e-01
 17 -0.499997550454566660891242078  0.463169990491180700936061504  0.499704600705888715050017809  0.496032406567207610374259721 -0.496550654816588326635751205  0.499993839962650249826798046  0.207766167402121622212289587  4.999975504545666608912420775e-01
 18  0.499997550417554245650274269 -0.499661354182246493981986446  0.499636435644291078666395789  0.495826463089554145128364654 -0.307339264299717185074858200  0.499964891066340878734899217  0.400547395086662073301680617  4.999975504175542456502742694e-01
 19 -0.499997550455992480287602947 -0.498810557854292222396174264  0.499724089677311125918569845  0.496120149415756302190873284 -0.305247711888856346592246646  0.499993020972818847649440932  0.402693334705280968507067063  4.999975504559924802876029470e-01
 20  0.499997550431645533438587345  0.469915646662159626364930684 -0.499990872278022739367674826  0.498349070818862785524176739 -0.479918879925677398468010157  0.499967117953730369537667516  0.224832861239188817848669993  4.999975504316455334385873449e-01
 21 -0.499997550441901192526394926  0.470766442990113897923637812 -0.499903218245002691708924955  0.498642757145064942857735912 -0.477827327514816560066713766  0.499995247860208338479314286  0.226978800857807713230239292  4.999975504419011925263949259e-01
 22  0.499997550430219714015121421 -0.492064901683313296940200030 -0.499971383306600328228072247  0.498436813667411477340790302 -0.288615936997945418370295489  0.499966298963898967604255891  0.419760028542348164143447470  4.999975504302197140151214211e-01
 23 -0.499997550443327011922755795 -0.491214105355359025381492902 -0.499883729273580280731952702  0.498730499993613634620139366 -0.286524384587084579779263718  0.499994428870376936491692552  0.421905968160967059403044024  4.999975504433270119227557954e-01
 24  0.499997550422444378274196980  0.487870999117646481356728658  0.499635203351496446657047795 -0.499846339985678184033831076 -0.435406288686053609822109237  0.499965506906465900104552177  0.270108299470291539080531520  4.999975504224443782741969799e-01
 25 -0.499997550451102347663680237  0.488721795445600753050961057  0.499722857384516494397112829 -0.499552653659476026673166849 -0.433314736275192771312392628  0.499993636812943868991988838  0.272254239088910434502758401  4.999975504511023476636802365e-01
 26  0.499997550421018558877836110 -0.474109549227826441812876784  0.499654692322918857606914994 -0.499758597137129492108797296 -0.244103345758321629765052151  0.499964687916634498008510226  0.465035466773450885429519105  4.999975504210185588778361104e-01
 27 -0.499997550452528167060041106 -0.473258752899872170199959548  0.499742346355938905238559811 -0.499464910810927334775238123 -0.242011793347460791146915325  0.499992817823112467004367104  0.467181406392069780743325769  4.999975504525281670600411060e-01
 28  0.499997550435109846666149186  0.495467451616579678506935291 -0.499972615599394960183210132 -0.497235989407820851387724559 -0.416682961384281843090441472  0.499966914804023988865488634  0.289320932925977630112033753  4.999975504351098466661491859e-01
 29 -0.499997550438436879298833085  0.496318247944533950201167691 -0.499884961566374912416040044 -0.496942303081618694271005821 -0.414591408973421004634934972  0.499995044710501957752925295  0.291466872544596525561365688  4.999975504384368792988330849e-01
 30  0.499997550433684027242683262 -0.466513096728893244825300476 -0.499953126627972548853872173 -0.497148246559272159652426160 -0.225380018456549862979174277  0.499966095814192586688131520  0.484248100229136976352601121  4.999975504336840272426832621e-01
 31 -0.499997550439862698695193954 -0.465662300400938973185278186 -0.499865472594952501330647573 -0.496854560233070002427287204 -0.223288466045689024401695033  0.499994225720670555900828833  0.486394039847755871801933056  4.999975504398626986951939544e-01

  0  0.999995100873546725937877216  0.000000000001425819410967987 -0.000000000012665468373997160 -0.000000000003464313250205971  0.000000000009702974314933425 -0.000000000011179659300186006  0.003130212277967378951850950 
  1 -0.000850796327954271607835039  0.961980548345472923630391365 -0.007596452498933196965976968 -0.025551804954420052170803728  0.000899647496020285083111931 -0.002443458741692258812373909  0.271800147290826155040176573 
  2 -0.000087654033020047666796684 -0.000019488971422411021565560  0.999607818950891406867362982 -0.000018256678627779325394764 -0.000001724449051107249296427 -0.000250250371134941164047897  0.028002451101002935906459051 
  3 -0.000293686326202157229321181 -0.000087742848548691720389296 -0.002610350577857332442183335  0.995585060226683636857691190  0.000272450618261099285217593 -0.000843389373803449933365371  0.093822675499318989920753947 
  4 -0.002091552410860838583196716 -0.191302942927731980246792466 -0.018723327301771766746914358 -0.063235918541395555425002530  0.715926123454599566513223419 -0.006004549818538623084761404  0.668179015080108865999586332 
  5 -0.000028129906477968976039285  0.000000818989831401978619062 -0.000001407897558088811877651  0.000000203149706380775222425 -0.000000315945494447120272653  0.999959619831348389456995157  0.008986540639173163992793744 
  6 -0.002145939618618895353617212 -0.194927167303159346335435058 -0.019212633455686091011173442 -0.064488071686788812222706178 -0.698175409304308995065042887 -0.006161141673050396256630206  0.685553860679218699176237090 

  0  1.000000000000000029598719309 -0.000000000000000000000105879  0.000000000000000000000046322  0.000000000000000000000000000 -0.000000000000000000000211758 -0.000000000000000000000003309  0.000000000000000000002117582 
  1 -0.000000000000000000000105879  0.999999999999999943242016270  0.000000000000000000002117582  0.000000000000000000006776264 -0.000000000000000000121972744 -0.000000000000000000000847033 -0.000000000000000000054210109 
  2  0.000000000000000000000046322  0.000000000000000000002117582  0.999999999999999958204006251  0.000000000000000000001482308  0.000000000000000000001694066 -0.000000000000000000000052940  0.000000000000000000003388132 
  3  0.000000000000000000000000000  0.000000000000000000006776264  0.000000000000000000001482308  1.000000000000000021358782798  0.000000000000000000013552527 -0.000000000000000000000317637  0.000000000000000000101643954 
  4 -0.000000000000000000000211758 -0.000000000000000000121972744  0.000000000000000000001694066  0.000000000000000000013552527  0.999999999999999946440412679 -0.000000000000000000000847033  0.000000000000000000135525272 
  5 -0.000000000000000000000003309 -0.000000000000000000000847033 -0.000000000000000000000052940 -0.000000000000000000000317637 -0.000000000000000000000847033  0.999999999999999959776099401  0.000000000000000000001694066 
  6  0.000000000000000000002117582 -0.000000000000000000054210109  0.000000000000000000003388132  0.000000000000000000101643954  0.000000000000000000135525272  0.000000000000000000001694066  0.999999999999999989645869253 

