t4  = 0.707106781186547524400844362104849039284835937688474036588339868995366239231053519425193767163820786367506923115456148512462418027925368606322060748549967915706611332963752796377899975250576391030285735054779985802985137267298431007364258709320444599304776164615242154357160725419881301814
t3  = 0.960243957516487956127263384908550364156443232300569995921871468402699536009591220034530347639952415173529069099993141157915763192155711219625310076538974912006593791273875877477897876786962635376884918841382390183008054281448428590503101719716847699846135823583480321015161099314464462426
t2  = 0.995121327678147773172214951624562565669504592569652771010217514091709533607081022540201185278980327708373253726382916974205015209992153038137721952223555962593629228332114851653583341536066856036245641271390415341118557211373660841989791820866368210173237291326705775393172678099432897199
t1  = 0.999161257220642145661596600062521178542784764055402323739693745811138692135221757451911135009443398436913026515438001155741109983318160293432429159174852609079035486119060230838093835824965188170429992538426925250324598304430288590400331839198744035017578433501501812512064102181001270154
