t10 = 0.707106781186547524400844362104849039284835937688474036588339868995366239231053519425193767163820786367506923115456148512462418027925368606322060748549967915706611332963752796377899975250576391030285735054779985802985137267298431008
t9  = 0.960579445850211940599979007495345624426374190483675195293303225893404585807578991112010320304236132014415899934555042312766179045594201509661730766487426230407984626510348960164597879976772027907480666948146621208677724637116543315
t8  = 0.99551510986583456996513044637113200663134450494492021778428928480892787649991772567049067128350769152355753688779354961224071865554306984961619591201321963822834510686068802162637909211452922468656119144978862655458534456105313427
t7  = 0.999500349714009567850368405870858696545960721061247583048481943455513509881483365012679987814216402587933262142729548197835116279972088724089991253811074767487151526542754196959421230878272570353235593183891989562347801640883097952
t6  = 0.999944465704329753682731789739633715029638134616414959769956773519048713400492528657439977665341666101557874078671831310373759669050987391864613874828313972947888932502250192384423472411229895028451781760136176297888013488526318925
t5  = 0.999993828165236715379474538102533849337821342869340671060229810079561281901682833425197570847881170926936515034687824913586844267361218334584102904602780864357577023627043783033278410814798604440924591821236087459518295920321901777
t4  = 0.999999313084526814507837540186441897969567052650953172542473141435556422408643605516548774093657826553478267157115196317482368990185907969114304512144789221720366003571569391898245469472487319316236707892760735281653796727210613648
t3  = 0.999999922530095502331801196776183260261827268460645659661060690459301632270805625780807404043091772781857210362909166826043480918185222817607624214637973361243549578244840383588410171735134262156611619320676422978752351330097240667
t2  = 0.999999990305373617841967010234346465754147883288858705520793153881549596244063841986921264338574513777983194795651523826849079967043941857950977790834578401261554777021132519910449759263439798569965666532622857964308235667850910889
t1  = 0.999999997402332680761528956134692320608068541362418201980304473906768545231682160588929655584565099476160708617729433641379488788711140436675670365283495207855976184831515497674571441881220813663946574166546344687672768926918566967
