t2  = 0.707106781186547524400844362104849039284835937688474036588339868995366239231053519425193767163820786367506923115456148512462418027925368606322060748549967915706611332963752796377899975250576391030285735054779985802985137267298431008
t1  = 0.91209558646301347822616475798505370481642980091285535488183329108667959476660282295638425108250634422913076677544625941596392344134008538081997970125884906227090771275146335351591494422067804780888159110629264202305268714397319574
