t7  = 0.707106781186547524400844362104849039284835937688474036588339868995366239231053519425193767163820786367506923115456148512462418027925368606322060748549967915706611332963752796377899975250576391030285735054779985802985137267298431007364258709320444599304776164615242154357160725419881301814
t6  = 0.960578982720384877460568941327557331552753004233976041004111869883090132293707732473715752175189819507572804907256725304448189168689930563851110854172805128086520527126632521908358399734211493254869698606138516606701861145004329462491619227800378106995756631166826483705093906568204927969
t5  = 0.995514549428542190495247925007628405583885368035813165011108118262110202814210951514287127094124892908021201210774963079831737207550475093415811390250470892894725746976276187642477811506954403794690464626323940101612347424785155063719267469897567567618063682174797184514617785260616725368
t4  = 0.999499776079244892547726194101026710729963303643815815074135825409055820844117233385012413076686419951768726462429107593865651305011384154391469534512831854710965873746277288265223737131344478248544259808253049549158621683216729782356410651591714607810399110691356709058239247849560104518
t3  = 0.999943892446934814136441761307153978710354616035141388496960264824770938510284804610315728719473711947600798465305836909029919409096218952411104694741186830632564756751821162750866251866290604567658524371537392667263421863350271670397064569948809207621144497770938038384021186220985499177
t2  = 0.999993271948825502872198033648568200891918317678631229798804568345211483391207133075203568155487080256384043090115323171460641843528188668374444882006823222168905787371262612626236500977112176132744267115321275495429640386827230184437508649591691366020613744859135896208281865834156572428
t1  = 0.999998845645698124417175258453422119412269148734485887782780570901652482911086775270196334022086415064057888734171674882574059701942173592486456280788701515357116429650124899014790756511713810538953380670315818054290220718797453941219665694426269079563775541197711484596808528440971801728
