t9  = 0.707106781186547524400844362104849039284835937688474036588339868995366239231053519425193767163820786367506923115456148512462418027925368606322060748549967915706611332963752796377899975250576391030285735054779985802985137267298431008
t8  = 0.960579437493823763187752452935509370460702459512015617995093369357639722024451323121679534111791777604867722076409579779167080318704572380200094693030675480078794379695996891681281109382009140509123117515045583336242664536456334038
t7  = 0.995515099753244964560900200269487061765741667477693383880600355675515628606233524231055304041687795934408886238289250149121845915651358270347099573808791936356203517267546951624275500416585691037534957927186620887219509156071662309
t6  = 0.999500339359121558416700935179659614798576569962108202981183696392329602095464496324641782671789138722825494523821845009115152246434820788868467278273624967203043172661686435599072063031161429237235010943263393176683522051480439383
t5  = 0.999944455319112556153336677918284962855260190338390535036338133405486717686276381041494764312535135171370885232057774778563785134356796318565387331806015791450949016477799193651267931300845707295422963906501020106059754828153210471
t4  = 0.999993817783853727883438305289356842583292556698620169316473113533926361743874970919899202373818286456624215710474147694810790493710559657096889202351314353678611004138416649612632141723553259124760288749744349865109153394336879827
t3  = 0.999999302771206747904074693754398972991309397190493690660439412044489957162169846260253833623196149065171732612429399263623042542027092248505626609856743394032324130703700839935099529039147541022902235064667540978259307906829383275
t2  = 0.99999991274837557653890928280946083463703271662587097637935769679993092956411058887584856409679726108014163506110483506360064374598591883178236567620639661065797027658646934222523561810291069015958724326522625282258856593352853851
t1  = 0.999999976620996950790864770673201003212548027247190742871439287853656776953926366689955752432548072960755916686559450064618727907043648519639796618023145893461732343758367279194982986350918143298796426585937373179486847736250865253
