t7  = 0.707106781186547524400844362104849039284835937688474036588339868995366239231053519425193767163820786367506923115456148512462418027925368606322060748549967915706611332963752796377899975250576391030285735054779985802985137267298431008
t6  = 0.960578685434980300549422520495573239466082634709638543596085073707820106151086777861350915308482705726135124829201999986139395395585296820393953987670427031146990617127483088167385180205975629099599910144203125318527202074975880076
t5  = 0.995514189707984502754226228429190708554866838288489261600946922331721173235322866594576922933658142352762437132395808897847285015113544260337259890419419570471511633340961165979557691774407580704476407287447432582974581253259670414
t4  = 0.999499408134807457371793599949808985906383281970472088015264097935640932125953420600572011423338269921009853465153398113744650498965773489537810994733936834451771663422463200549137789883152676855318630430838755992894122246905523459
t3  = 0.999943526909726311731991064309638623895354715935832111972839546222972479969870462764900023040010177002251413495778652157946122194895334775095551359238262620118905292729355344658659873598096024790712920404032600796839307949881376967
t2  = 0.999992932702144718253560264481781651731431508766642487657033263572677375017633167680346546517895508790904849779975382810294520738834291665161387604613209978288333282092620557317841085044098522894053456251946173332496497844321893154
t1  = 0.999998106318348411373692298044863225498733040494786363212753326785260108676155611213901161700288692013326555667160453616162834448328030548861186798866811812375516953469841971211768293060148102877239346760737535821625283197669662731
