t6  = 0.707106781186547524400844362104849039284835937688474036588339868995366239231053519425193767163820786367506923115456148512462418027925368606322060748549967915706611332963752796377899975250576391030285735054779985802985137267298431008
t5  = 0.960572594880567166940228109356677407698990054890448759039579068888043673255694384225828874738026662792319154380158503261643578657146635462769905614194232020400848603507920277627053555094275308296535772646216404419270128064681346554
t4  = 0.995506824668317270117457217988969499109759324303824088498631638146733750121457752177605277886708954144916497122628455027643628360909532159050556899746180513852333651888650415461024804093041912862560755043499762630146514851636961959
t3  = 0.999491916375598612840673883812608238476708351956131108321632898540446374941379974617677541681095912575188146157138249571144803719922731134900320925161499975049194055928674338802870072344867761100915574910565570143985515770226886739
t2  = 0.999936399950920880078668943451889585895916927371724122665708918072461415789017864965784500672114258940254991830838344436426780722064953746734306279860634524451835019841641380114025103937239096290236111317477977470789775206413658926
t1  = 0.999982958021486470459983178229158824627714344917411832481949623387767323660077103508777477773098020668431953164766853492738246797031382829931770850055150413336135238297694156737991458355779548731728399485814053001837995851605800705
