t8  = 0.707106781186547524400844362104849039284835937688474036588339868995366239231053519425193767163820786367506923115456148512462418027925368606322060748549967915706611332963752796377899975250576391030285735054779985802985137267298431008
t7  = 0.96057936228651319469630200717395107270323383047171908903200875345678413739394948174263816288703747395053646395200479331584683603491922470764822784961198226536566281382153397605801730463615996365313484764289332378200779197448014232
t6  = 0.995515008740911068624950641291166637268528522958110879645965051195404413541663870398036224105027535767234973007934555663877342637430798744028650579695865494174328450671015889678872246660095259894465803188075796838922920027504795304
t5  = 0.999500246173015396636321899690037729233469792092595223187231024543870764944854506756721090770068937684106281639111182262906649724381781891485927081916360223199766436259325266452092224479182788317897550573232781723307631356544546108
t4  = 0.99994436192209412847203965228979939219172703656924548792652577390492783720170962793743952000760008969387758289992576652092371317398758321099777219547200420446146976262038308037384790585221565084122407138570669582375714857036249995
t3  = 0.999993724968464357903679129477464860921279561612528461915857096961760812978808119916080867897396588631986340059902866506303961241788684293452389690682690585206912650108745631960510678874248069953094098874297266014783959591668521607
t2  = 0.999999214736369204575109893977128527412187983063316554150768348376039983591713120268788397971018367510639600113507972912612286197649049914861751369007820779539081868064367175756613850264942630273345391638988509739060539317630640153
t1  = 0.99999978958918380520328302536650583379439657966867662884009884959039250231854387253941235829495386210013425244458434653580851942876042951125216107468349345299715657642310296424896546469464772816826128042285460056688108273297231294
