t3  = 0.707106781186547524400844362104849039284835937688474036588339868995366239231053519425193767163820786367506923115456148512462418027925368606322060748549967915706611332963752796377899975250576391030285735054779985802985137267298431007364258709320444599304776164615242154357160725419881301814
t2  = 0.957739788096195851144748262312636728882238256617648041827815624797178683706387996183532965618235449667880969070709292218188284672325325586082001584058127101601767559154745812684032754409022308579387611448075269155731575279515117769675733156575194517614491265780064929739788940581054753485
t1  = 0.99262011079777210676377212923568533187420010762159719534290279724235669786670723351735424729988409943202344061772539783586406646872635464295065234127214319113421326492405708366333820653634683175712799810024760459150492536479870517935640339069600011722515399967326469980383865252050289804
