t6  = 0.707106781186547524400844362104849039284835937688474036588339868995366239231053519425193767163820786367506923115456148512462418027925368606322060748549967915706611332963752796377899975250576391030285735054779985802985137267298431007364258709320444599304776164615242154357160725419881301814
t5  = 0.960575269754899094995695356969005442757574157756107843214592889263828992023415736616957953238248457391669779422901414629646178580528401506969419772293921900041720957752418024969357596479407426430932619558119833122866701831933632470104927452633292231215440996730633063015994887121492317047
t4  = 0.995510058188285893391754534205541358246706107057459010310441403059233063737441092061786458720449280046572666126184629034463494027926058980506668869873346196319950551753089740735305170780329219049560661064362325258529649853141515379772688052731334360646039238017264582911905663245635042803
t3  = 0.999495195848015996166667003531457902084188667792133255046697208376286935176029628023760059998097179794405199337591269866269092894769349426925516321450320022297061293603555220521267188430295791752437693094430332256468888808629340940708790160977717969751619904205170952070265233935847715531
t2  = 0.999939451565900702049159414431784291745756918080074315275387345711070489259991859449937140962130911463236430180254876437271673976351776124162568013224520091791811899317686249536620901494874392376397358598166794586356581517769612346363506683266633200673664464068417610796524822105801882704
t1  = 0.999989611270520313198534628924968711192138461500459681439891291038047244029845195167522899451775854012863109007801685844671332244746414788962004466003054840756902897115221736371741959632336897216849411048441369810551792794218925002475957800381340823571835746566139673496565717439233416169
