t4  = 0.707106781186547524400844362104849039284835937688474036588339868995366239231053519425193767163820786367506923115456148512462418027925368606322060748549967915706611332963752796377899975250576391030285735054779985802985137267298431008
t3  = 0.96003184252401547946893072476703391424216373710002743818990885235816673209372370931566775657533605274521896388202509058558998980128244217933956241600418784336045609181754990694048084620793616324203037968960841297664101172756402477
t2  = 0.99488322429000123043149188130588016888814221221936558512455918856313276564399279819040967514035312620457588066470868611273659954359345083487146418574106562779932530184002114115673465577194944564783722325640922198503838797588040439
t1  = 0.998626391490629480541291870124144567485952607126009418091241105897243204804963456372306044542623543591064312012718267984079762613631733820175380649913280764624906334371428562273275565983463707641503964351472863182892663414741858883
