t10 = 0.707106781186547524400844362104849039284835937688474036588339868995366239231053519425193767163820786367506923115456148512462418027925368606322060748549967915706611332963752796377899975250576391030285735054779985802985137267298431007364258709320444599304776164615242154357160725419881301814
t9  = 0.960579446258024681853156651558439809421370016590532664592674870439753574776609791866673139153086052842028994260081241280688778745334815853290546789048405095109582713637197598244287429674531641510843047937571275050260906274477105590252341071180117474450131947775647931637631582506879377814
t8  = 0.995515110359354781092763598026582524770458971253461664939515238680526216328353166636731742898111166679960161639475903445995046505605284042454850012145756921235746795964377801044449609522645694918928995427560544337797173567441801295253621455445484336793053316957385772710799999545528548196
t7  = 0.999500350219358479665823616840845496416255805342136072205280857203932740818325658191265999473474755989662759026394638806338348950748015830343642829614074222098425503098161040489710977418750001380172420833056494723920021601883635851281339103260595907515142741483921315306238812085710182287
t6  = 0.999944466211194175640323326486575253206545905730965351676864322441074625866962722166232514043469125208078420492001900460780282312845168806035619808788457442058259680248529962882381883734087973904044191251595128564602471574914144407809660462979511649327135788136064612358490598348890132454
t5  = 0.999993828672231576266939306659090734713469221767567390294313467322454624034465742844362500676614534172474377528882006849939592725564785087607337731576288107008223222987901057232675745793651305997674591967603196655133872540405623887768633174387869056594873679107402016065427269282027543288
t4  = 0.999999313590997223170211535802147967620780996412531692192196947871097419302729435393476264921422538635935579093112674245508995486582894327395018712802023244814198784953415852578678795807671686625742161200092433136311995792066025760968957430496494183945008946410700647438065848700818107933
t3  = 0.99999992303174437683214222138940316304648963864826687693893915398873089952978359198944213523625981014488240964253399950139418507784393852197931995280266120642681434315706360833879838677507827805993314486383601707435996842120196007419385443185348871052595887085025173096784952241506579934
t2  = 0.999999990770766955133634485821921988235115238985561373929276955182315554368879648469117077310030994946727994394685761971168307559149693542542616529454800025288614953948993093176848927492357535148882491343239273468618814574513278222942641421848105784480407330510407065746005157910319152282
t1  = 0.999999998416513944051336062694275689142878625520488318602854535857375482136083242552609279483812001500425291893028865060234411440671100045024003012925346153223098240808085404409659628524163245277128175890019560557917761228203940949092604464187074808341874830378668379186469920235451606234
