t12 = 0.707106781186547524400844362104849039284835937688474036588339868995366239231053519425193767163820786367506923115456148512462418027925368606322060748549967915706611332963752796377899975250576391030285735054779985802985137267298431008
t11 = 0.9605794468818650948958375807034370404071625141746536679998871904954192355969719715450891178142469073453907780974121909806108086768813291473941647603494200265015701273143423033711566063320555498455171548328544128972562246077660566
t10 = 0.995515111114303934412395851353725972641189323331753978572521601249600672114238980234390244764860176612717150358521880205550336494583271554830605878946234950413305606631149425757892880428168430390895984587193992389955334186198237427
t9  = 0.999500350992402972727795862271587617501078782555189809832534995664275954584296868593539203075551741074146657735479390376476061271659902361207749569129338003662060551720009163678019378695073416047496681748134040840735077205070247337
t8  = 0.999944466986563349509643377781644706680661109303882932246169186587484700171232424554237580114433870535490328536558591786107297656063216713274267484793011263593901426247562798895293592104615436408075660682777690091067968757454409013
t7  = 0.999993829447857599245909461914651313487499447464548197047807415892862965385912048423685161779701628032449503310661170015486747929352339874718291635428149024013346744119693350620530886833290213342238044898645862772661386205047959712
t6  = 0.999999314366335088642895406801337909629266209610651676978808745976079285610696166074695463290687582813433916739573861248977610585070796443742350389390193281905351460144131437101092810302227910831818052085118851820052352518830382093
t5  = 0.99999992380419874061637936880605657994702841529424717463473304489783736361988725062935230181356962563078510141397974897616277834342849145891089163445553508443837162330951820829941218071722898939365216415533480864062777591962600921
t4  = 0.999999991519558134680465640956259135902487558935806021998023015405470557220480493010140924929952309423363104289128936939719028630022816817941969009172420279437160333332400894255605730363029607424954659732540813624101501639533780741
t3  = 0.999999999043581365951868404873733125035880624732503939242093440033358917328127247477204840950684329708871072856304344250969914709373627713093534174865187941292044318454846001584442561524941503255918726477121069401396427055228582366
t2  = 0.999999999880313252186871792398426280775750102708842758177882938483998739216380162368531054330396090180371197278912927855200992182395841155342295430391200679334483943140426720094529121229349752315826580117088663663197813404712699377
t1  = 0.999999999967930032577359921488233928000320539900951636046393493390390556889842137820124866173140751178173319785950440248870747295405071733000400683601722485656121869835477215240075172607792345260695236643350034899083337163663804878
