t5  = 0.707106781186547524400844362104849039284835937688474036588339868995366239231053519425193767163820786367506923115456148512462418027925368606322060748549967915706611332963752796377899975250576391030285735054779985802985137267298431008
t4  = 0.960517865867515081886918944610859812066211721921018409831173755089607657232803766799862081397798263465758383911273428570126507159126374286102880619819183128649430042189065108978096625111244086696683624704217074351985098853183385691
t3  = 0.99544103278063542734243110560958463688931663288183000122908727847335330194518348985072910974701987819220798067637864196608020975659879802290873365941137133848035018195612643985925134955567910089772021681986403088145745399488682181
t2  = 0.999428020607258623891740090066235193590996327746801771737875170765038691862617255998067838831322235703215522070576236106710943221194736641474722796169219754417017069267950133686295857460176310866545426993454233657415040739740389093
t1  = 0.99984670649025360854151025288337911584562904737851877947644460355688524307860731062688952330486971007122334259709252258992638919839793915737755638315692513736305105720360880317691084755592236972834459873635330573504116727512530366
