t13 = 0.707106781186547524400844362104849039284835937688474036588339868995366239231053519425193767163820786367506923115456148512462418027925368606322060748549967915706611332963752796377899975250576391030285735054779985802985137267298431008
t12 = 0.960579446893327908097459019873323527948675004981376773923336119834796686104231498695809215058924328233389474327310863773740099527799397315623576593968728826357084529032676417547426873307642091050374341646896415918618891071379718439
t11 = 0.995515111128175818123746015822865844997145612190787988554022794056501749807474029396830020411520550690662485232127917908906567507373501774065179278876947464325113609441458189731564011721765988453718540523830138186760425398926254324
t10 = 0.999500351006607358935116246750595613130968810482040656436900181688670147621296517322704925769179130393635622955273413380733072020876550814542983356272813268759484549828833792181096927656415938910230995731634681269377806745323226152
t9  = 0.999944467000810522865084937217127014125961616709277598870327165156841868207304398963840385202119588959109021774396042446740327762541771297107873266201393651372805468205778348473164450897867955636463065041637980948876334474602135848
t8  = 0.99999382946211014078578894964714078434989966962951713609837855014310359637925121653238041270959000872580288432522585380183388656661120130260619028986940757956500743059286957930778587513262020140064998079363837717128717000085544016
t7  = 0.99999931438058816611822052594281722424396220973603214615236859458107215104544401496962450716323088567968856438172642331918861675544964668274428700193790998156221731102337972431209791540164817099514209482777077306828609204480087829
t6  = 0.999999923818450715052628201346099050492643133519257924166507024194092873398176010400572757045708662748343157936895102163326532937864818201136537245397648582346974376031569082514923464726503182749215745263275353472973483070988576348
t5  = 0.999999991533799476709266487983036780565239326240027640208735033177953040214020759617633946854912534500231783189153199988558713351731307439893427387429791585324393991947742603975922143925849355369685551059424024391548048753860536867
t4  = 0.999999999057728676763097879871811115805097167241979161622636266338884379750826159192241488246290440154447801889270157785591284873151023438403583205283334277053637502071387036773169291057471335189084852159527083618090178092437512999
t3  = 0.999999999893731262806905212495918327822276211565305213403924996983225425962077146565788689606235734069510537046120333893891274194882213054360739267573809793062855350456441678713024446859868085106204946459125228046765754310270137261
t2  = 0.999999999986701472461981200399326661950468697009157300204580693134781584954548922399410780010930977956378436974565318125773183059321135080762913797453602223983565917776115597981491691210270252744019716431933491080698059576765988029
t1  = 0.999999999996436670285647471322059089861559896443572179898823084339262960134224642570501122644052594424553616556745424757870030551861741582263094517661092775904968250082384413628435096532947438198845712348994802119362921303415813276
