t8  = 0.707106781186547524400844362104849039284835937688474036588339868995366239231053519425193767163820786367506923115456148512462418027925368606322060748549967915706611332963752796377899975250576391030285735054779985802985137267298431007364258709320444599304776164615242154357160725419881301814
t7  = 0.960579395319217300774001877647882219376174130842517743174051219720075061292138650181895666614999032837540534813345774983150018273117857811153303432238979653212097620762245828933530884058831399697566001732193424255517384026079563846218844639934879362721175788009070479033070248466436185128
t6  = 0.995515048715362377948519230632407614429050523324540047222868872767612534496180157436494700927942573957707900733679723204723590200835623077315383201024881560168282017991970208725539375905927020343367538257815960237072255140712046041536717995177749796534895981355930544909578501866172253225
t5  = 0.999500287100704156490720480368819146559672083132233395350026956109557635747317660131097746963867567280656674368945651505075623989187087228651629976084629206484040360295251693899294661381826818187891870104179863780121292492791356573250624482745322104991402372077800871515441345619512038385
t4  = 0.999944402928684223439648843952002275755076114968992901605514799765557854669365649709486060606269679854519812243288359851428124897233104795452397504607240541148663031209355339300728869081887376278412785497408084683236764994213208360879248794354350696731226388085487082470914968958215748225
t3  = 0.999993765599786775480149952325013236439700214797079811464832957321124767244936956267811111247135022549047304097065692524129812000467690686812390894506447886162381065308503721873184548137208949277350293141973042442626871447739099577018884837532781736454332491364040921916085670657186174612
t2  = 0.999999252432893706566606466640903464355765754839246493390800628721373668600570961531100661240900070213082478530383738193474165365933081874748470269667870873530732144690652011749970708726972754865634718639150026111899756604566372104792899245915455119305918351730438712122553188976834733735
t1  = 0.999999871737722411338632023391193525382282245702588277527242391363485219947295682244210190460128781322422431525595047857338860036876828732337052407772632609790211101633726457565934785949483980288981679088973941781383436738072395920651784490444554461512036501917011888354128541384193021895
