t15 = 0.707106781186547524400844362104849039284835937688474036588339868995366239231053519425193767163820786367506923115456148512462418027925368606322060748549967915706611332963752796377899975250576391030285735054779985802985137267298431008
t14 = 0.960579446894743070221727535623263666338005631539164785526400074010644317195896581748901002292642698521582932224383813775276732133299173801455312490478228925570712958103295954645744081134493634407430436273774231013490972378100778095
t13 = 0.995515111129888396362633269632156375633915138363289000333711504534635885901983072924521430740127885934740737178307868993233953581843032699974534146969258601029123537017023660715821504531447774022125735317411075460253382084365532281
t12 = 0.999500351008360986884919848697488095327617273056841247653063341203006039899646402843704796921750711962629288362078004515914215324721234218684867311319861243995916178253878736024881423607192603960869430903370369130604774968527156821
t11 = 0.99994446700256943335925843015620701628047087439959556373287531836944798841791963629845687193928469308546644573956046155349943076753410898336228269101203024164671698888578057202402520918757578673162037583852150045168051505490391681
t10 = 0.999993829463869715642402926002770584862458130625101583453714672681623797979223557240115810209502731621606257617339279802114154150795729060151825751993707189602448197137849697312245315182984081962394745733241349489157268627949796724
t9  = 0.999999314382347821751878959499880818086668529220222391579270757920710014817099878255441646984888355075609752595649559828381898171225524876883653529709512473561588217689861494465780802324580232581901163994001574917882107407573627645
t8  = 0.999999923820210365984781741131080435421223127409024971003877820143099093800342152948458723895541680600680294658820908256690865773840013882357921281203895786405982525058746321532206341275703879028356434945940183877286917485840457742
t7  = 0.99999999153555899558483289629883041092718731406180124734083239620152166591055388600373202884913651276978928251656521067320026387420686592562745068175755948589940664560532678114804295026962230795857619684696181138681124220124851771
t6  = 0.999999999059486998673049012467835132618750822926221910854048221543063381624570793217044531850365523625282246154393691224115230030858343402310740519601656327988899534150118749057762992925639901642027109845752641367443896078973620317
t5  = 0.999999999895479005300819736982324897607846751517400192629118482391071627078826998279048264042836050791409723074771595874363207454797366087474301335798026868068010541411406252417724543184075301960989009500750130147316539130510983941
t4  = 0.99999999998836702069333927113521563679427453183386930033786978211462832189051747138503841205117775731988912540065321235851722201776965178607478243197711909289351644163054282955435611881022242059914452696682712819893790954969262249
t3  = 0.999999999998688040281447668765710545015804384595008506583942265498490874947472524845898114444104716770858385052986631965548547673649310040627676329535137839064003939012466955602338073358502378449169501543113169190336483349491766789
t2  = 0.999999999999835820647673579653600722478102655032560309250091529226747006973426066403236984529439558927776132517401759934285011799466559528020606762860938138866403043655378445835170540198833703104269526156127831288695677815550470104
t1  = 0.999999999999956008275130268257577556279710702184854549193461602966854679485508977022128125660326295088518578237361443879331913017348894184312066142713936210133894747382838574399459034235057437948955941044048825764183669902355752887
