t11 = 0.707106781186547524400844362104849039284835937688474036588339868995366239231053519425193767163820786367506923115456148512462418027925368606322060748549967915706611332963752796377899975250576391030285735054779985802985137267298431008
t10 = 0.960579446778699776464857759465288078104418125697481207106523289185264803120936764800907110019662821337373148417968362091905441132554342508505274622512810085462128074870915849666213421787150131809451302708383183818803012118725326298
t9  = 0.995515110989456982887777595374631790876070282021878709110484978750531075263738819795779228598296846973006356520730177026491961033208351522568910233385020888831312809552130504502092908795222585195923332893974616238525334095100682249
t8  = 0.99950035086456351175308557331656061792237246357422300937187277473728654703064648054650085349776734739779326827509032249929151055687435690712227446523220933761727701209365778320909235513973480075240517140779303839133148549469611666
t7  = 0.999944466858338921263996477867860085183268856524157579184662360615927395270368982582855307399288168765462036765536754234216080909879822984242616856235397555523511397701323321512990848359174184433562158465141043063848844396061920607
t6  = 0.999993829319585910861831935850716464350697904070447319034092864054000961027290826274306932285542497087204919040505518810382407534478392267180127313235188731551944904859100077247867191332010016608782527419691328641021992751312291953
t5  = 0.99999931423806805609963316535942954544617962399243684719231804857068967242930407718158713305370190574245133795280872123918830227217451981597449159125138574463155351241682219779672367740296709238104332549622669551419918422574854247
t4  = 0.999999923676026752240413866391059814426869956006521794454080902256755777491061002048991723611003221306492322567068445269110596145453304988608758159656808176261458499133051436730235219899821339465847582083367205153304567139372394004
t3  = 0.999999991392232348452742068574605678130682225804165188528294984920715604870247910176411188463590872294755366883226529336143293500139357567969368428448941584154824126900688851629024411702866906201281983529617209953221478190888938928
t2  = 0.999999998922819271911339014893145328073896791702876539680325377653617672997911128388422307852744445823528522580816023655159465559647655350611953258649009989893295419832465441799779637837868275783697020680149248076975640498718622231
t1  = 0.999999999711370293692474888896017812979881160534128986774525345948041302371077239133193982590796826909850885054529763215689916432495394824411334778829579563812986358595057426712218375954039882796241402420664647680263165559341261023
