t2  = 0.707106781186547524400844362104849039284835937688474036588339868995366239231053519425193767163820786367506923115456148512462418027925368606322060748549967915706611332963752796377899975250576391030285735054779985802985137267298431007364258709320444599304776164615242154357160725419881301814
t1  = 0.942809041582063365867792482806465385713114583584632048784453158660488318974738025900258356218427715156675897487274864683283224037233824808429414331399957220942148443951670395170533300334101854707047646739706647737313516356397908009819011612427259465739701552820322872476214300559841735752
