t16 = 0.707106781186547524400844362104849039284835937688474036588339868995366239231053519425193767163820786367506923115456148512462418027925368606322060748549967915706611332963752796377899975250576391030285735054779985802985137267298431008
t15 = 0.960579446894758794245331301456550634543306675522673156071455815938261997830856201271249533411600155376762807705266809627883629001169082190058063069794194423245894692699404725912883048513438462766079930215054628311382995760271865791
t14 = 0.995515111129907425009735652557209259454502100348511648966125347215455192509668805353107225350194974288687993930150553253967297836290896993705961659752673536899793574890821750708005795296948206643879325235156810891498169486376669191
t13 = 0.99950035100838047163994606323150308532318765739081461093777586606438192118950110459173117617315234383031799877017788957446469060820276224629445980323547947397005453085111964360415583311497498613311885543740911982613738569279959133
t12 = 0.999944467002588976809444809479176856547791718341563576463729949606054386817295450037489731122828792077480115983399504490185909671853992202991108892527580961913584591876899698773282714587460682770623676754951239818818479353255305994
t11 = 0.999993829463889266476398676311757286978637768332378783988250522023820544503200939529234590484387896992405039866618193595711485079603183555703836874064641742587884238250828767879103900989614591675733190885194013317229305597440423099
t10 = 0.999999314382367373501437662835621802875266115056711992174368749232247861101813079047202452211593560465728981274582737562273346292909156652227608881047928028235209184974684633836746365969942384017830804971895605372165229826176786213
t9  = 0.9999999238202299178444594547609452329504685398899971831783090543099572271490708182981982716174190014108733669846477961433389701727499073606701751012453560815070782551378565138415726913405586927128873238723110443544521651050375236
t8  = 0.999999991535578547438098486519660145328117011795683792099030168782156460246904829271806742461302723687578130496957022548120017676714205450786309611816699365345324744500298299351496481178100225956296975044614056155465812322652336552
t7  = 0.999999999059506550347317616766207108543682049969559246323765241805683599031655729452633248256294646825288384355461749326975205573866933950533392874792225180053408833179383783270720620457187297048902957417269581320828273940183999448
t6  = 0.999999999895498555349851623983382850996207499330613472219217693857915492124179502342176324415357917366051382931191577665508837339358604025024388018236274789595753072787665950762677996087055992949058381795278335979987947841292187182
t5  = 0.999999999988386556143813562779576434126347783793666942170860711256968838886737803252724865771824472765156858794049983577850612134155067587460863459909302034455418899880385259555912181946759023944869563615721010690009952574680126692
t4  = 0.999999999998707446743695135944749523529691456597408535582553195567068028249354864752867321967209379334799514423772414177673510016730069507961838510507182981901635982090657611862046604529431765786760088243818450597783302191718806763
t3  = 0.999999999999854226697938478058848431671976638352853647334433061891358235933166901383958930626762863276597865989066536184718499337715169841865378139351062580975490186720101137577385111769741015968632037212050707868958142949585044674
t2  = 0.999999999999981757849741501827535308183453061235500210164453955098892175633163080906156412368923753299130748470193036608107499000344095617289116595668047011820849088538365728929310114896293719933180505564488664946326735361794472157
t1  = 0.999999999999995112030570028185725872626698413477407502116633448675681236721372180951914954150877361934744342014984079576870509778419405672482990012753956202805481658009287419888933014865487575388052453942829780639587672049225940748
