t9  = 0.707106781186547524400844362104849039284835937688474036588339868995366239231053519425193767163820786367506923115456148512462418027925368606322060748549967915706611332963752796377899975250576391030285735054779985802985137267298431007364258709320444599304776164615242154357160725419881301814
t8  = 0.960579441164136963848736527208122506169819307254569641761719563233010959724590051827988447576568977859247092419416658603810768337693321506513275146721591625529089868498581971548935971652606315345538453641071923716752749377223933221927371876524569177196861566990623804171905815306114411535
t7  = 0.995515104194919185163526165123991955391885298676180677019462142962453276761358892241876159297565673949748773453857327541674432891659116690755228017748549922923741495046694879313874773193644775795000842802129195489057754917387978255233910544558355345167555993328484137143538882583242769814
t6  = 0.99950034390719976502514391126709920162650020772157774541641422412455525469743883811436566267264506151034131578665967435072967402883022985357084409146126746535371762824437923236051819766577819616286684609296771240214443656427233632065386654720070437841627012898966950975643756663750962438
t5  = 0.999944459880341842790862806620268337531646387031921166989591190794866991603335835482492211889231254930897401322671836420136576954876313567613352490212160372957327361254097669753984223443922171655027559936229322202155094521976526991171851524913921857952797009835111303160059408873125317068
t4  = 0.999993822341872717249081642123174914326109401567892313079250143050416250941391374916469276160763793935137779904001762495715526427572016809701506996242956200639774346048804251044209443008392484251652207477190550376576715907782405958145485926711164432288044483944050217729496321577239405957
t3  = 0.999999307286019483457513639299964200898241318584749061027679514314315878553748701696907144302885353530594448539992883837910233244684381503381898396788650366975835653171704362574399458966770556480771927875251452584152199001849546945032048441604709841394026408725601020885629699552182530395
t2  = 0.999999916936911576447263229411611493545045149302246425835073693931523902971442104103161638354613437656807082528716527644508099671331279618429605183383340578074131479409106073941273127428693317409687738312099438687203458132227457138105545902002505960151547121163222377526820295821390586184
t1  = 0.999999985748626601378878868760981423854082776414392275453473135161110510701830105803846824268145751614701111006114087457220089047940026548339142747116188650142311265624226663716345285128823288378570646956375730776506791933884360699138735494782847156556458407568723387982457919849963429781
