t5  = 0.707106781186547524400844362104849039284835937688474036588339868995366239231053519425193767163820786367506923115456148512462418027925368606322060748549967915706611332963752796377899975250576391030285735054779985802985137267298431007364258709320444599304776164615242154357160725419881301814
t4  = 0.960541885992636754442748721867773654812697265091916904604154415282877246700469779481303299406085362291803963741761841593012779489048475771124880909009476313277883259557127874243508486246616049168601835842371113208073110372206719145835297424654962539221555063570772663624501944994506476127
t3  = 0.995469822959824495745254846690882674814000390071856374465177244974246222714686505575158386966765927496629977055074766113583123914468201472388059248628727395621310499257747746408191867370089146874406535933575933216950361742575046364006408251402188915317873541141439567488789954014245733903
t2  = 0.999455369883741911762942295442196234664298831707538679601218241769410412654493143974040758353162678830668946283826992903176903989646446248168841016608320395134843951809661560607310931319600606369116446057890339096400501160603449102306314205279695932045960314969072212846552850832769280178
t1  = 0.99990653515997324424510013056586956862602553172090399206533857228033871851124719526303267445903565810212900702040004995640938663289289982239799553368529717418153343407001471354047573465835465502923481603342305140072108796088075191402063779128954737810372954947759180478993330484814247401
