t11 = 0.707106781186547524400844362104849039284835937688474036588339868995366239231053519425193767163820786367506923115456148512462418027925368606322060748549967915706611332963752796377899975250576391030285735054779985802985137267298431007364258709320444599304776164615242154357160725419881301814
t10 = 0.96057944682401230536292329000695645784259917811629178129080387506796060784901119611073457679371665647060071541474514742729137131332898861751643818314479391744458542006223599880911384331930608191852264232674198925744043790480816306270790126808846025776736162456330589196728820733633951752
t9  = 0.995515111044292572526929230006291860930726462758760629881072670477392120911621897233553157471497772217416564541730223696583340493685572196635013259086598350496843129606803439728860455937580710049155931840261668230510986754154323229397153752566619950082288398993533115932539753990275644914
t8  = 0.999500350920713475986723288324947243472919080327857416844101049487610743633646532710946636769438581661737106155462699726848447153823618292345463635225499370186745463202445575136919466952809688505701356282537373719031910691204973588966658987366059938476349227439494696493477248477840794262
t7  = 0.999944466914657945834691274150699578467727917758005468080660804680684618968119250158744841571742608584774814135444982242736300169846828988172800653001301801959441606099408459859305107038766040671689307626859575530250939849803960104657643847730201945841823573613159790998593096303413373925
t6  = 0.99999382937592545961272724517951858815348119650447143427047428267364708289309205881651074990775819886155501312682399945223793810739313565950274349711711648410271202966795726319304048031504262155987935859120897387355114524486482873735724522874975556819061720960192032151193476917881785156
t5  = 0.999999314294403458903430000352850497756384283821745083220802676522848329355336196191554489383654196353126304886498061309472556554943616295996764650294961011748045153499250965614212452982424892720564547830806042172271526278444882649321216130502809322479894132202896590565000341968617786556
t4  = 0.99999992373230156720709821675232749754187036378871783229729924516817060099665879302995152250627504346531612674797660122579831882043954923666006843026205602653484024061511377722670419939923568310451428296687469036209366371818004998438500382835380025793138545368360071858212362381313938801
t3  = 0.999999991447971152992001905477970635961933333994025163571675305180642953818890806229846673468897960168252481112019925682983756044318855797481307599470476473597791235752143809384402878000476161517764034196289623307934926958072362215079600951483332229211958380237333192236272322220445210778
t2  = 0.999999998974529648721425181901132205317804735220104251871386708770274481431041984964871217634690055962497767908781917216686859825130608413284486782160236601721577400446672130006486431355105427887255223322120694211683070611020753551718376007695404263745311088434082414991124174830197142255
t1  = 0.999999999824057103268866302178103774626807894489833575058212111261423751513806790965117842090982559423101740847226087472184270290633778261121604907277360346654958760778867463277619453755842612947356015320241615580422425868262597448996829312002376871261109839361102046147040471343682905918
