t3  = 0.707106781186547524400844362104849039284835937688474036588339868995366239231053519425193767163820786367506923115456148512462418027925368606322060748549967915706611332963752796377899975250576391030285735054779985802985137267298431008
t2  = 0.956091650864469562559492876154893783185246655666623531349236526883386390995891198067895829492502162945197856861827837021215793268088754885318537863879486401398529659520406804722890780394345963144211757092078439068975165226615212146
t1  = 0.988042619414443407211315642195407193648189415360192371258638616414454093624441604540532167619106996322787044860069262804534632504643006039922537967943911810495729530443566636644052308933584247588160916171524403607930900569685110687
