t14 = 0.707106781186547524400844362104849039284835937688474036588339868995366239231053519425193767163820786367506923115456148512462418027925368606322060748549967915706611332963752796377899975250576391030285735054779985802985137267298431008
t13 = 0.960579446894601554009294438743674592997401680793415541172654817070651773901997737190911223100999644633283130325006672788069564333559408371838441217920619232624750157532038327977860104380663289216456619994219749416253565013566810816
t12 = 0.995515111129717138538715445507804085090389923891667644155946421025558159746178594964768856795413874136059554805240050011497525918466289667844010551565937344074089755091143269277014316635808990637057469541605528690885115235897854406
t11 = 0.999500351008185624089712029701980401636470283719676251019292641005967306331953778028841618270642743999783684758971247438510648054708902374648918228330316299445030062933418618466184462994778111852123469609932402868991144087821152344
t10 = 0.999944467002393542307829402215588728393135467366731077490384170993217911800808763587333841542191903252589448218183336790078719997214583986465217361720208839285371335299588589727190026214801280129536466820481213895989239328641662673
t9  = 0.999993829463693758138672009328674312241661659909903691380046038475048290026398567673527875699269721771179933972495559553610004913824038464838689527316751980435305831944374747490713768997247085934845006071997030760523587761551147311
t8  = 0.999999314382171856025923508382862206582410360901719464894905211580424935564797929615625993912385880427164959577842619524811508219373269433571667333595786384080857061354485802299322993182793911824836024048767003555832176331080450762
t7  = 0.999999923820034399428333073470285363233164916329729918641052848136893796101424777553847879084176116515039925209381173080657727588774476658430508566896338802050566535759115249900044621652031728079935839172637722755403817760526565056
t6  = 0.999999991535383030531253012591115389462526755169062090581779572286467847331365020133193703002264945752382699066801356174515368274764397634300237353507758575635306983344680406260182152474971822972314267420976243847132792119524679667
t5  = 0.999999999059311048233541923894100629258331053323270687266603221139154789849544443030711778544525566701576538771315011135693541069090574917752965735339935074646649034826688202271518878929165009164480375145743719064252582460256176158
t4  = 0.999999999895303186246763922292131692483949873264306717932482293756269131977899213099210813502925383031571799833814666900759255036045428094736408516222360667455628651646076803942547238148177959793672409195730443747004692932341325972
t3  = 0.99999999998819236253313783712156989073374493197808489519321442342077161438651219997860181112644691752984530623003571391106771806126881536693336777310076626424652866003224390681383481562528465530639370672258045106109131413213471585
t2  = 0.999999999998522385829067105429772635280614182284221843746484525934087204302406315368603232596089917658251667535978629391135271199745891639249746601526228084566015676027016319046623225557901025156202093328336922772629201809953573494
t1  = 0.999999999999604074476173533859119490913837276198719102819055603023503968679647506402056101433344191288300607154854348104458227757541217757373019190383084958512180961887893780768065921787307514805430961568638406643496724712608446162
