t13 = 0.707106781186547524400844362104849039284835937688474036588339868995366239231053519425193767163820786367506923115456148512462418027925368606322060748549967915706611332963752796377899975250576391030285735054779985802985137267298431007364258709320444599304776164615242154357160725419881301814
t12 = 0.960579446893887322037786440167423865669763023157045115372763700974435912118924970507242299530270247738957170054346610489518489315871942650475098578384559249173450309999132389898414672599798993173423073362387976958695620872222288227428339995384407829496915666362550035608729178134444668964
t11 = 0.99551511112885280072822968965820558722205695374233166783862863693830526293653290592639405250917232728895507222901870530455094394524058256329940648170582730109322147158271163670923486087903234740751000166145279450031181186794416555633116534968224482692294871633498627528478120189465441616
t10 = 0.99950035100730056850002680647734562124154444900313524101349697209135102608358255757328044555232848958647794520676998715747191189433032478289851668777193822252490920104802171092141477427552857776052571170351968266252882443669373917421477190288337211232083886354471548382426558599268554692
t9  = 0.999944467001505820616362336622185847840201457292921984186144341968003880703749854762318458032237700108791558063385068321297186377068448246723512472059557693346838527219724923095355342689485999008819612263098277970096725825670791195865473232288565788980858008563178260574400248033533267318
t8  = 0.999993829462805701117055360554944583463783709257531243646106485339427986413421080999059280158224583867358886175012648243340891789688596257725771274633791082104867317229055838395001658940586677626611289304597958235521792296672624258149488805931217330269149352764904000215792701144609022665
t7  = 0.999999314381283757996831262006058591157825788825994682985275119272827011997747113377008806849172212155085079687921244503157991569027762772346573575893837053358683966393298441716061899983875052807769845109732262319343141140757720904945775732253301747460820487779579176446545419313763303895
t6  = 0.999999923819146301618301819687499146053561319057598674020487656081983377684690907503365183827948554843804252615788102256963284946540443296932942266211503513194792266427530326069426337716948189002766712021614322822563290922859396052721703410018477731177975382700091163492290541211426747962
t5  = 0.999999991534494979994574269712100818762507041127406092093440933258968159721211634195232467739494934465645787214570994824938486326951021984180190482663964914923761877741274324950454892008898377091580904777398451659470243352356646901869857310621358143429870384643140169149626910223239687757
t4  = 0.999999999058423428112012367299038760751455219968695529562457504742191999716492327779987795263951477665817334442558093147154068986230552892097637899097918978437757777223351401715407369915230092635147501790093703758276497854264498627149429992037182567375455864899423368393075117459006678181
t3  = 0.999999999894419396264161669115762071426198576391316102516747333921266040127056135139838397663626827205770852127181194721664291662844656847061036602752951115219464528914823330043237745207693124939913312826582317191736212061952084358109469533613644483400211887173649419905082208887539312456
t2  = 0.999999999987339872185608588325599879063465222910568877938762372171119729719410602446115554207192883808389104834257440699629092669943378762777158478525462916921103727726678303546451394855738428705244499852656109682970895337807914670723226339409185473555970206366148292306513039316856644225
t1  = 0.999999999997827865469792742652632565286659779403200992512135055747987100246334824106830356846963637745601244752309413594077077718540763115293758309120402509053560762751387774417163515330147079435746229640623307721129780064545879655468810751943135078415265298662115937604511644097058834808
