t12 = 0.707106781186547524400844362104849039284835937688474036588339868995366239231053519425193767163820786367506923115456148512462418027925368606322060748549967915706611332963752796377899975250576391030285735054779985802985137267298431007364258709320444599304776164615242154357160725419881301814
t11 = 0.960579446886899820355709119536523214146955775193525733121127122317198081216931440614411005167958402547057461282398094888586255970864691264134461317783217862384757467951216586241090195201222069798327746213930677017921062559728589555036890466073265126535262379289848680428152773359587743928
t10 = 0.9955151111203967778379256910114663793405069637672837277870295544151048455839893378022382742499340467230229668528798216321201993641509641327691980804543587987200729508268348554535925593007295997651636463254307071127626829218035672154977811760345287468916835289533142944383285000285223086
t9  = 0.999500350998641858694941713934982584885951587559809155167940365399044104320691397521038183929117165744126072851273867952787293766410958351914014353065512723656539553811209300867761618481777294941863944159619257306175131263414026259898395638443295576016862671461014681108738152256174227697
t8  = 0.999944466992821028234546613752497368972779446759131183240436649580341626338337995468268282865215732181622878939074854487698530258418725243535888155548223312927944541981646699018255878761002219868145721449806119085721773451518768461368358485557671090071721291020728778290406604430664345489
t7  = 0.999993829454117632914911738376556121591238920634333694245354275256155986372052330461541033902140230684098692333265631877425120819757709924809503537685007522470430752343230552183549766378898944404762897163248808893562232939419725726966477266158176731759056546822443453485636868424726138654
t6  = 0.99999931437259533175837169002672589799957245842812583507109229748363825547775472210121214260370433491795314861119589116331259132172070992422875785509649934310911107226317782042758229854638100339627353032622223990269305424976735005883965357408467491810680654480279824262056160930840897068
t5  = 0.999999923810458265808157495782281024939683850253170275821542616837656621305374542364348643593777536601647447054303430481716990635185083741805192381649188964286519436352770116332053546560294819083075257342682150110547624078924386044432017024226824014738022482546300010819596485827752945262
t4  = 0.999999991525810896290728090611561557068360275104372217448802852860999574357720083666334587199677664960257877281975863127541309188353618614683672860127692292901604015845307557273262563212601111646959115808677999246623874044708292512012066343488666784456442153890356320367957039090685200334
t3  = 0.999999999049774567001781067220944521898470973969063293979231830382189815922814529774499239524565705632239575721703301668346866283535189758945709787437662174047277560663368434038231000524010609804361733742730301244458164185367353636580380264164628736777680745437698434151887604954907999659
t2  = 0.999999999886058849690015164225563550339120787018586697861664645984190984731761957178431358791323773942231751945524751616439324821729373961481418331414913861942662002208095063951372247107245675789145502604615010172449656385138803909769672559704572826566895950165817007448954930424945088007
t1  = 0.999999999980450789230666724320128737326043469157557874341669884783343897835610878873459289825258733131679793481862128164457669944876402716590144106100942660702378109551879804175119912551649534334401851122698453137334552093161094392209274333634682192874179927986785697764546265044094831073
