
  0 -0.332789532682652053905206224  0.194943594829835064750813561  0.194943594829878476097379664  0.332789532682369487346079467 -0.332789532682547310542785224 -0.332789532682589015056976237 -0.332789532682563033154799631  0.332789532682421724260959928 -0.332789532682419386151869908  0.332789532682654977022683462  0.194943594829855677466991584  3.327895326826549770226834624e-01
  1 -0.332789532682655595017921779  0.194943594829805951523685019  0.194943594829794398536385557  0.332789532682444816683031696 -0.332789532682318410554628621 -0.332789532682567610114270779 -0.332789532682528209665221569 -0.332789532682537361090498867  0.194943594829782026420792254  0.332789532682655253927918315 -0.332789532682619180163499997  3.327895326826555950179217791e-01
  2  0.332789532682653468463780666  0.332789532682626179393254803  0.332789532682364152312449318  0.194943594829512328989087194 -0.332789532682592221991477177 -0.332789532682616951504619290 -0.194943594830053261969461838  0.332789532682388272720810929 -0.194943594829708454792402059 -0.332789532682656248032890267  0.332789532682492412101306692  3.327895326826562480328902671e-01
  3  0.332789532682649927351065111  0.332789532682597066152573734  0.332789532682280074737902684  0.194943594829587658326039423 -0.332789532682363322003320574 -0.332789532682595546561913832 -0.194943594830018438479883776 -0.332789532682570812630647866  0.332789532682492957780260104 -0.332789532682655971127655414 -0.194943594829982445529184890  3.327895326826559711276554143e-01
  4 -0.332789532682649273143474233 -0.332789532682558459393724892  0.194943594829953733687253128 -0.194943594829690056288110794 -0.332789532682561841318456472  0.332789532682547049927688013 -0.332789532682466822246635657  0.332789532682356280787836639 -0.332789532682433942541817481  0.332789532682655622773497395  0.194943594829904438538127273  3.327895326826556227734973947e-01
  5 -0.332789532682652814256189788 -0.332789532682587572634405962  0.194943594829869656126259021 -0.194943594829614726951158565 -0.332789532682332941330299869  0.332789532682568454870393471 -0.332789532682431998757057595 -0.332789532682602804563622156  0.194943594829767470003739627  0.332789532682655899678732248 -0.332789532682570419092364308  3.327895326826558996787322475e-01
  6  0.332789532682656249225512657 -0.194943594829767344764836177  0.332789532682439409875217728 -0.332789532682547214645103067 -0.332789532682606752767148425  0.332789532682519113480044959 -0.194943594829957051047745337  0.332789532682322829247687640 -0.194943594829723011209454686 -0.332789532682655602282076335  0.332789532682541173172442381  3.327895326826562492255126569e-01
  7  0.332789532682652708112797102 -0.194943594829796457991964720  0.332789532682355332327776148 -0.332789532682471885308150839 -0.332789532682377852778991822  0.332789532682540518422750417 -0.194943594829922227558167275 -0.332789532682636256103771155  0.332789532682478401390312531 -0.332789532682655325376841482 -0.194943594829933684458049201  3.327895326826553253768414820e-01

  0  0.000000000000003541091782677 -0.665579065365305522368986890 -0.000000000000002780752781439  0.000000000000000654194261258  0.423821736849308701076087524 -0.375418551713164158801930639 -0.160197317530152055968062190  0.125091207722565828848481674 -0.367906287917100166616046070 -0.181881951488997115491111009  0.163381401607830987522413518 
  1  0.000000000000029113229875084 -0.137845937852791114628888715  0.527733127512393524144538454  0.000000000000038606755250223 -0.039184541603998397022167203  0.110960658097172249416544933  0.789000815637611379747742152 -0.092407417201605988573212547 -0.184189496248957598336184506 -0.134052947087007876412405143  0.075439821152721547958092899 
  2  0.000000000000084077559052051 -0.137845937852485676201517127 -0.000000000000075257583761834  0.527733127512233808425155812 -0.675742595137233625218753374 -0.148760800366464917234205802 -0.128934097348340020531003332 -0.041623940891037940502844615 -0.369764479208808975285553700 -0.133025849830797740532667937 -0.225743686984046248325086297 
  3 -0.000000000000075329335027133  0.137845937852857158370544800  0.527733127512059543634190262 -0.000000000000102397966918644  0.110857287565671310166899675  0.401866683358717801077516010 -0.420293210588702074808307996  0.342431655503575111532251971 -0.061565069462279487323209167 -0.462586758743088115851133796 -0.130489407399386386288749756 
  4 -0.000000000000228899976812202  0.000000000000044911444837405  0.000000000000014530774457440 -0.665579065364925163321777046 -0.354228463309961835259274260  0.039675316033330323661597197 -0.037948250851983661684484498  0.353295658136181412118173584 -0.459191244800042899971721094  0.304602866319454393775108952  0.007428024974920177463123523 
  5 -0.000000000000021404958244866  0.000000000000027936456940174 -0.665579065365136064984664249 -0.000000000000048496638300943  0.056828834246851572043938245  0.406617321462472974184614027  0.292345759768585106326554968  0.198242523088621804851477276 -0.194857128644929032118137020 -0.473071576827349842838494817 -0.043648443633468716856116778 
  6 -0.000000000000034823491167272 -0.137845937852509771185337793 -0.000000000000096210917652400 -0.527733127512485260712966906 -0.228988284588369900464507531 -0.198799462688056263263134717 -0.081073616325628088146630981 -0.487201793940023660146746223  0.209369298082109232039056852 -0.517192165157464353488891290 -0.235111940865442652805867262 
  7  0.665579065364959085351458795  0.000000000000033451559461666  0.000000000000065443471615178 -0.000000000000214531835729934  0.164766767035812038567476473 -0.182508770432317966544467913  0.149166317680570068018798720  0.220750267208123377652827929  0.059092461399453481545875847  0.082723785021486412701767835 -0.644383856515968075104154600 
  8 -0.527733127512201412572662163 -0.137845937852710931373020377  0.000000000000014556403970050  0.000000000000059015219017119 -0.128635766516167418153189159 -0.289309564589098437828234775  0.188292789597758263204791557  0.562119690448081572745151618  0.439594430943869200181708251 -0.072157378545982598803867208 -0.228837031431357974654394564 
  9 -0.000000000000000276930200554  0.665579065365311225055573729 -0.000000000000000645768969368 -0.000000000000000348333232248  0.109050759115258870622633663 -0.579813196907277642543586393  0.085792261102341385918762604  0.100686465557564944466734103 -0.259870772582973601780645390 -0.300001269417449366755943144  0.184112573903868110121668025 
 10  0.527733127512474857630491581 -0.137845937852636734647867635 -0.000000000000048761068777986 -0.000000000000078006990183053 -0.336440251566799817839773998 -0.059128796104919287630110334  0.000163651724905174640289728  0.283708598046025393311876314  0.365066789645431668122170510 -0.176488936766589264181263018  0.583862385370156398436362194 

  0  0.999999999999999964004487873  0.000000000000000000000000000 -0.000000000000000000027105054 -0.000000000000000000006776264  0.000000000000000000017152417  0.000000000000000000011011428  0.000000000000000000006776264 -0.000000000000000000006776264 -0.000000000000000000003388132 -0.000000000000000000013552527 -0.000000000000000000006776264 
  1  0.000000000000000000000000000  0.999999999999999992302164575 -0.000000000000000000003388132 -0.000000000000000000041504614 -0.000000000000000000016146566 -0.000000000000000000015034835  0.000000000000000000008470329  0.000000000000000000000000000 -0.000000000000000000005082198  0.000000000000000000007623297  0.000000000000000000000000000 
  2 -0.000000000000000000027105054 -0.000000000000000000003388132  1.000000000000000006505213035 -0.000000000000000000006776264  0.000000000000000000005823352 -0.000000000000000000001694066 -0.000000000000000000003388132  0.000000000000000000000000000 -0.000000000000000000003388132  0.000000000000000000013552527  0.000000000000000000000000000 
  3 -0.000000000000000000006776264 -0.000000000000000000041504614 -0.000000000000000000006776264  0.999999999999999908439126534 -0.000000000000000000000105879  0.000000000000000000002117582 -0.000000000000000000011858461  0.000000000000000000006776264  0.000000000000000000005082198  0.000000000000000000000000000  0.000000000000000000000000000 
  4  0.000000000000000000017152417 -0.000000000000000000016146566  0.000000000000000000005823352 -0.000000000000000000000105879  0.999999999999999952782995388  0.000000000000000000007332129  0.000000000000000000020752307  0.000000000000000000002964615 -0.000000000000000000005399835 -0.000000000000000000005929231  0.000000000000000000002541099 
  5  0.000000000000000000011011428 -0.000000000000000000015034835 -0.000000000000000000001694066  0.000000000000000000002117582  0.000000000000000000007332129  0.999999999999999987911145777 -0.000000000000000000011858461  0.000000000000000000005082198  0.000000000000000000004235165  0.000000000000000000002541099  0.000000000000000000001694066 
  6  0.000000000000000000006776264  0.000000000000000000008470329 -0.000000000000000000003388132 -0.000000000000000000011858461  0.000000000000000000020752307 -0.000000000000000000011858461  0.999999999999999993006895987  0.000000000000000000000000000  0.000000000000000000003388132  0.000000000000000000000000000  0.000000000000000000000000000 
  7 -0.000000000000000000006776264  0.000000000000000000000000000  0.000000000000000000000000000  0.000000000000000000006776264  0.000000000000000000002964615  0.000000000000000000005082198  0.000000000000000000000000000  0.999999999999999929472648680  0.000000000000000000000000000  0.000000000000000000000000000  0.000000000000000000000000000 
  8 -0.000000000000000000003388132 -0.000000000000000000005082198 -0.000000000000000000003388132  0.000000000000000000005082198 -0.000000000000000000005399835  0.000000000000000000004235165  0.000000000000000000003388132  0.000000000000000000000000000  0.999999999999999985851161649 -0.000000000000000000006776264  0.000000000000000000000000000 
  9 -0.000000000000000000013552527  0.000000000000000000007623297  0.000000000000000000013552527  0.000000000000000000000000000 -0.000000000000000000005929231  0.000000000000000000002541099  0.000000000000000000000000000  0.000000000000000000000000000 -0.000000000000000000006776264  0.999999999999999916191172067  0.000000000000000000000000000 
 10 -0.000000000000000000006776264  0.000000000000000000000000000  0.000000000000000000000000000  0.000000000000000000000000000  0.000000000000000000002541099  0.000000000000000000001694066  0.000000000000000000000000000  0.000000000000000000000000000  0.000000000000000000000000000  0.000000000000000000000000000  0.999999999999999988832717623 

