
  0  0.111803398874990135889546591  0.111803398874990432242657913 -0.111803398874987679643077353 -0.111803398874989222042640458  0.111803398874990362846942610  0.111803398874990416182913233 -0.111803398874990052595714690  0.111803398874986351454758476  0.111803398874990099656865240 -0.111803398874989547784406917  0.111803398874989266847295236 -0.111803398874989780874321475 -0.111803398874990157959837065  0.111803398874989653189186874 -0.111803398874989594994635266  0.111803398874990397609174766  0.111803398874990170475595894  0.111803398874987349252794078 -0.111803398874989207290714648  0.111803398874989762971433101  1.118033988749904322426579131e-01

  0  0.223606797749980271779093183  0.187241513986741850290016799  0.012631998977942842136541160  0.173799028375411065017869250 -0.059664377369319973797116017  0.062737232231090327810288289 -0.388260049948067518090031452 -0.049631897860536896831831983  0.086985632245229900100247106 -0.168626279011370436004715705 -0.059878701087314373559261508 -0.013351399552706684609838317 -0.058877502700910990004307642 -0.081267214036223255019069072 -0.346951227182886206705557733 -0.182390189632092362170324475  0.297134536235772448863230732 -0.174879480826056965810468870  0.560288467871236207408502938 -0.295969131128078948803766801 
  1  0.223606797749980864485315826  0.127693785945746281446176035 -0.016748340986266091745470158 -0.045057790792993952907943139 -0.112888259600465584591192595  0.247508201248772886568505491  0.007478589700778254582216474 -0.431596811759970948085872802 -0.222679655856779675957533848  0.111584457901528643490628775  0.385858257732303929231137615 -0.392915562222093418825617436 -0.194706479942589500006181608  0.236180081934356909178032193  0.074369273829152418438758181 -0.346087742458005383666989549 -0.250336371239662274613231238 -0.146971417507791744975847135 -0.044001082677663036619005116  0.023174870942541333598851429 
  2 -0.223606797749975359286154705 -0.129015189863118844701612466 -0.226146591989438991643834517 -0.171606093794904070607494802 -0.117371961876275187442808870  0.022642907688524451283049394 -0.032753630823510075708513952 -0.350783500622691868023458536  0.232585643842775609466924820  0.043195322227165278163832536 -0.127940557902451649692726447 -0.208321775867700326081554535  0.204838238753020974769513199  0.353341101578090447136656915 -0.283157060394083670481222073  0.087696635536792795857427823  0.501739419994030418005915434 -0.133439943061609191357250702 -0.262535597383555006678656010  0.073985647079960562794522828 
  3 -0.223606797749978444085280915 -0.021967005536335205299742460 -0.010867622956225688805798524  0.161599806388322598889773114 -0.196908641951785673052566401  0.172237314737569473501658905  0.025971887577217979850514656 -0.161201044555202378550122153 -0.115972566040880756991300529  0.165540681508532572376946393  0.094549145733801528777146255  0.256438550291544116915875076 -0.644222683642557965722885011 -0.148797601134420667698616061 -0.004891670081414064873654237  0.422733656261136465031409346  0.154984798693656189352146901 -0.267270847608473038832825261 -0.033237583299777048678562679 -0.013498390711691757603191187 
  4  0.223606797749980725693885221 -0.106631250239726606444815374  0.565064616315516593080935798  0.051248174239039888239313552  0.089205383831505482182739394 -0.380134134562358951800508169 -0.311871027700517904117588977 -0.206472593801885142921186816  0.125243788087668959186976245  0.320927609191256670706634754 -0.262480188518742346573484753 -0.024010461813511527270163510 -0.072129154109550433528739478  0.087885884725834108412753209  0.089135690291954700174858767  0.046998302845123762861508261 -0.079425460937492764110744170 -0.169923561449153071869436898 -0.232747911372396078363757738 -0.154155425453225849541198655 
  5  0.223606797749980832365826466 -0.295855770139162323770307822 -0.358137790188292682165257033  0.049021206644932700692421975  0.331335515238073511934966189  0.233109222639656158557121442 -0.217563324684348518154772788 -0.302367782175586821946091862  0.264630579872333750158196197  0.014862121933828046135721344 -0.201838799833163730674417437 -0.084648809488697828469613762 -0.085248474174812185791510859 -0.011832756463041449812044806  0.121828592104160734713874398  0.330151286441327027521182302 -0.277658438926366610597458104  0.231983291633643019523142344  0.206551489158903637478252417  0.077087494101180410834342743 
  6 -0.223606797749980105191429380 -0.067189084773449675162706844 -0.219548077328756419083631742  0.416814130675507202555395841 -0.437286738097827603190346363 -0.331690556038658897831982245  0.055086630996398701206803999 -0.268285320102929777068409209  0.141490407987865476490026151  0.092360758828208190676319934  0.085646909743646165652584522  0.174556232001207360627573900  0.241110173003619419332052565 -0.002158656997810515240490543 -0.134015631265163720717303354 -0.042042193485024097617349563 -0.410857971743757270437994583  0.037964365678365521790692044  0.085042310793617082214561429 -0.160002484049061100270460421 
  7  0.223606797749972702909516953 -0.311835629283530531654679285 -0.056275772378415061742356696 -0.285149411415265481079721679 -0.041912929855951772201909204 -0.201966229049960835806743625  0.269710159084283537198620598  0.007296262734387140671555303 -0.021546614188934444051315973  0.116394930978941643524837962  0.080225792063078447881752792 -0.128649535270085906807466421  0.190479923166383943925589715 -0.328663540765430629988315056 -0.076951793222019460842672160  0.134036471611619468878454434 -0.058577526286018831239708112 -0.565395056666893305516701645  0.286312203048830863895629975  0.206570482768615877226065988 
  8  0.223606797749980199313730479  0.255430377220385579399792100  0.303028920174115564773126633  0.202021027764585182239691699  0.001323393719263623884751908  0.221276027526239204472682798  0.200872641698811638612709625 -0.182641568548452093502282474 -0.143518241515403788816757601 -0.081389582446268464548382471  0.063418193120473454579193260 -0.167464064079309082685325695  0.312237651674212671296408314 -0.227751565287320323051562312 -0.374139511708436313592359562  0.469941431485551781464457544 -0.030175268715597456274993531  0.175437324153699394452482832 -0.166342152240719722068357407 -0.024676203538752226264072452 
  9 -0.223606797749979095568813835  0.113452071560454812574106863  0.451287593822023900505969324  0.035591455458721971565917968  0.097913330231971195695677562  0.206574236705841010979770207  0.202638968017319952982725935 -0.214886232443327297551849409  0.322162843117710875803219248  0.045006212667116970808505209  0.032823576776804749176107796  0.258520301623173342120583229  0.086494950123369985990921457  0.206732742748372069044901327  0.045483433578219292368389646 -0.090427678799490414908121040 -0.018389147835879582186264375 -0.010903067025907308097464391  0.394027129706337828036555662  0.450331084573487890808330888 
 10  0.223606797749978533694590471 -0.168540421089658443425541440  0.191931720632024763032764947 -0.235070332296426402144805951 -0.428930583196778588767538939 -0.103061685771832021675162554  0.058657638638939406105783213 -0.145513982757340423239357692  0.264075649454055720241878874 -0.491287134848975842027875641  0.234688965956472285779850322  0.018462547516531083232352523 -0.070053530460395333867400225 -0.009228889864505785947513638  0.350552178177194239701427655  0.156926303526164185374943034  0.156042203630660252682612471  0.211432372348109936846505784  0.031755342898021487034487288 -0.145584095711832077257646620 
 11 -0.223606797749979561748642949  0.144046273916120487953713807  0.007408980495185694317740319  0.015784861507176434711411240 -0.080931502735514461481991164  0.095386271138152027369145041 -0.329538166584223909228541435 -0.169420883197508047158619075  0.178902780978125082670250438 -0.261865903195144559357848343 -0.132882883901604624394513117 -0.121527646062892158827935772  0.022187990214591499619310321 -0.606631533484583457748687968  0.099563188935829902452209761 -0.233908610647849699005172697 -0.079924405405614644744445845 -0.142601345132191688027311835 -0.283001816585987980775000403  0.321028455160889466813963281 
 12 -0.223606797749980315919674130 -0.032705739303411542830444603  0.073596067253289647989316670  0.081065918392542166015664849  0.289869348326648791901736027 -0.019984280518305805688652425  0.537066217869438673607803553 -0.100732995597873853485700046  0.235527002804818406329402138 -0.245885173506307198797670409 -0.234930341224526963327307906 -0.284659349362235162379190095 -0.244898739171187089947584470 -0.085432230866820045376414366 -0.040244113377821882461332029 -0.154242793893975458315351822 -0.087345974067147339900353455 -0.121895364960266655904698799 -0.005894869056691306418493200 -0.431935953248970804478493526 
 13  0.223606797749979306378373747  0.118605429345939240391835569 -0.140601668048749412710178401  0.262243570462597852744257229  0.241736967426552324436075589 -0.280734064527778057733129954  0.031430700254424233615129728 -0.108055438769513387640606138 -0.169598477695053398263207688 -0.556906694397483148083628085 -0.030729726442949859443098861  0.244430123751341820098181151 -0.052186568201329054947433094  0.300151933474582306824070266 -0.012010630262152741437962488  0.071087238099688424285181945 -0.043678526134385490598596030 -0.318861121564442362658151758 -0.157904398083730235729073635  0.267122779092535098723623990 
 14 -0.223606797749979189989270531  0.151395859833982950141137783  0.025139852894769314648257394 -0.229275449944954846055798596 -0.036745933932818540715818786  0.327723595682344175008399167 -0.152812039506894928607471165 -0.057948193290023695838818684 -0.187371589087923021821726136 -0.120857340343381057778384888 -0.179059338892116042625448497  0.151709750621292865935003241  0.366343918398873385193102378  0.148520975775153512676417938  0.323319444839201085631612970  0.206185741348949364061559665 -0.208646108841341304060575633 -0.372114870532710878780991923  0.055310119633782161717352327 -0.381114889045986907919289985 
 15  0.223606797749980795218349532 -0.034347281408322929993170818 -0.074794306049852007155600599  0.431219421511044677494846333 -0.214681565443333778820311428  0.121818542559000966611583352  0.253165195273643515224294004 -0.077307102145270455433208323 -0.197727225687758405536483333  0.146956958903441986991110849 -0.412363868147699617569025554 -0.079593113348159314674216350  0.141163227906965405551264862 -0.061978528659219050616578086  0.464477575387265768718739883 -0.133410892393484993719530995  0.346271876523080632210909932  0.004948479126943906095634251  0.065465582882381737013293907  0.087674408659281466780880971 
 16  0.223606797749980340951191787  0.620144846257973535186020647 -0.273395168480530108230447048 -0.345307843371526429547503298  0.062841060224485595393101051 -0.207862755891724002420425065  0.194383974189943158566258249 -0.253394419094920775260750684  0.175497768704436013514772266  0.235929959050945670483829218 -0.089829592343237264542832841  0.281789099088414503633615374 -0.045652321989831036402700520 -0.149195042030922674270885728  0.082551093522454455603352009 -0.011882248651166565979486224  0.060249018973089417440129395  0.079583266967134339281832265 -0.028297613382990652729790043 -0.079296492168920079859743572 
 17  0.223606797749974698505588157 -0.236032065172709009507104848 -0.044196143185070788121708530  0.190955388741223893480898968  0.235041795896810236845956600  0.305210749555966337628280100  0.048820030296127962355056925  0.008487500353435732292958348  0.285168689012064282590911204  0.105271808902409052892922003  0.381484221612033760478175162  0.401031352947551111338573768  0.196278246494255358543692784 -0.131736372897152853749295175  0.028335894470234956008262896 -0.216973068560621902496664617  0.148699943479766839111652632 -0.172881322138409382064747587 -0.311766493386352589112708519 -0.230868801089115041648967309 
 18 -0.223606797749978414581429297 -0.250119088823725783189743169  0.070347225943237770445803404 -0.123914537448644478753614993  0.301952995865796801545260022 -0.193604696671787075273061043 -0.034853534760627868297459429 -0.477253015633989253021281923 -0.502364313546584786973874664 -0.058555026826591702284239118  0.105330811997809817896168839  0.184776298731767950727093892  0.097202276655575338737999384 -0.220523090132172087544709313  0.017777770965183056303495260 -0.135515092082954951947858062  0.209350679091008582880352809  0.246718174096192891864894742  0.133919344490250161378887273 -0.095219646124935768114242417 
 19  0.223606797749979525942866203 -0.247975438413173550805711567  0.062709361351662021602201055 -0.263862348628859395415369865 -0.282915505040642741274017555  0.261383686766603355974185677  0.123981805981114203282441883 -0.059313351617875809494034606 -0.141571682375946196943820345 -0.094778624798657455839353582 -0.445017231779876107762529067  0.356412184446891689717194784 -0.132248893327085024823261405  0.022487717354833549895465426 -0.377361772206970891020390638 -0.257917228076523214499960954 -0.207634696717900737956757559  0.081984327376598523635475683 -0.125684396417541420043310907  0.032493937159460615538719317 

  0  0.999999999999999943946747682 -0.000000000000000000002541099  0.000000000000000000016940659  0.000000000000000000007199780  0.000000000000000000027105054 -0.000000000000000000006776264 -0.000000000000000000003388132 -0.000000000000000000013552527 -0.000000000000000000009317362 -0.000000000000000000013552527  0.000000000000000000003388132  0.000000000000000000006776264 -0.000000000000000000013552527  0.000000000000000000020328791  0.000000000000000000006776264 -0.000000000000000000006776264  0.000000000000000000001694066  0.000000000000000000006776264 -0.000000000000000000001694066 -0.000000000000000000008470329 
  1 -0.000000000000000000002541099  0.999999999999999917438004565  0.000000000000000000053468955 -0.000000000000000000001297019 -0.000000000000000000010799670  0.000000000000000000032928406  0.000000000000000000004023406  0.000000000000000000006776264  0.000000000000000000011593763  0.000000000000000000011011428 -0.000000000000000000018422967  0.000000000000000000001694066  0.000000000000000000005082198  0.000000000000000000005929231  0.000000000000000000004235165  0.000000000000000000003599890 -0.000000000000000000002964615 -0.000000000000000000004235165 -0.000000000000000000005717472 -0.000000000000000000000952912 
  2  0.000000000000000000016940659  0.000000000000000000053468955  0.999999999999999937875215517  0.000000000000000000025622747  0.000000000000000000012705494 -0.000000000000000000027105054 -0.000000000000000000034728351 -0.000000000000000000011011428 -0.000000000000000000011117307 -0.000000000000000000013552527  0.000000000000000000008470329  0.000000000000000000005082198  0.000000000000000000016940659 -0.000000000000000000008470329 -0.000000000000000000010164395 -0.000000000000000000001694066 -0.000000000000000000007199780  0.000000000000000000001694066 -0.000000000000000000005505714 -0.000000000000000000000847033 
  3  0.000000000000000000007199780 -0.000000000000000000001297019  0.000000000000000000025622747  0.999999999999999982761185457 -0.000000000000000000001905824 -0.000000000000000000016623022 -0.000000000000000000003176374  0.000000000000000000015034835 -0.000000000000000000011434945  0.000000000000000000003388132 -0.000000000000000000007411538  0.000000000000000000002117582  0.000000000000000000007623297 -0.000000000000000000002964615 -0.000000000000000000009317362  0.000000000000000000004552802 -0.000000000000000000003494011 -0.000000000000000000009105604  0.000000000000000000000211758 -0.000000000000000000002302871 
  4  0.000000000000000000027105054 -0.000000000000000000010799670  0.000000000000000000012705494 -0.000000000000000000001905824  0.999999999999999993657417291 -0.000000000000000000019481758  0.000000000000000000013552527  0.000000000000000000020328791 -0.000000000000000000011434945 -0.000000000000000000013552527  0.000000000000000000001694066 -0.000000000000000000013552527  0.000000000000000000020328791 -0.000000000000000000010164395 -0.000000000000000000006776264 -0.000000000000000000006776264 -0.000000000000000000010164395  0.000000000000000000010164395 -0.000000000000000000009317362 -0.000000000000000000007623297 
  5 -0.000000000000000000006776264  0.000000000000000000032928406 -0.000000000000000000027105054 -0.000000000000000000016623022 -0.000000000000000000019481758  0.999999999999999959179788206 -0.000000000000000000015246593  0.000000000000000000001694066  0.000000000000000000030281428 -0.000000000000000000013552527  0.000000000000000000011858461 -0.000000000000000000032187252 -0.000000000000000000016940659 -0.000000000000000000011858461 -0.000000000000000000016940659  0.000000000000000000008046813  0.000000000000000000000000000  0.000000000000000000003388132 -0.000000000000000000011434945  0.000000000000000000009317362 
  6 -0.000000000000000000003388132  0.000000000000000000004023406 -0.000000000000000000034728351 -0.000000000000000000003176374  0.000000000000000000013552527 -0.000000000000000000015246593  0.999999999999999994036888051 -0.000000000000000000003388132 -0.000000000000000000008893846 -0.000000000000000000006776264  0.000000000000000000001694066  0.000000000000000000003388132  0.000000000000000000000000000  0.000000000000000000003388132  0.000000000000000000013552527 -0.000000000000000000012705494  0.000000000000000000018634725 -0.000000000000000000010164395  0.000000000000000000000847033 -0.000000000000000000014823077 
  7 -0.000000000000000000013552527  0.000000000000000000006776264 -0.000000000000000000011011428  0.000000000000000000015034835  0.000000000000000000020328791  0.000000000000000000001694066 -0.000000000000000000003388132  0.999999999999999903668636975  0.000000000000000000016940659  0.000000000000000000000000000 -0.000000000000000000013552527 -0.000000000000000000033881318  0.000000000000000000013552527  0.000000000000000000003388132  0.000000000000000000013552527  0.000000000000000000005082198 -0.000000000000000000001694066  0.000000000000000000000000000  0.000000000000000000015246593  0.000000000000000000010587912 
  8 -0.000000000000000000009317362  0.000000000000000000011593763 -0.000000000000000000011117307 -0.000000000000000000011434945 -0.000000000000000000011434945  0.000000000000000000030281428 -0.000000000000000000008893846  0.000000000000000000016940659  0.999999999999999996584763157 -0.000000000000000000001694066  0.000000000000000000002964615  0.000000000000000000006776264 -0.000000000000000000006776264  0.000000000000000000005505714  0.000000000000000000003388132  0.000000000000000000010799670  0.000000000000000000005929231  0.000000000000000000002964615 -0.000000000000000000006564505 -0.000000000000000000006246868 
  9 -0.000000000000000000013552527  0.000000000000000000011011428 -0.000000000000000000013552527  0.000000000000000000003388132 -0.000000000000000000013552527 -0.000000000000000000013552527 -0.000000000000000000006776264  0.000000000000000000000000000 -0.000000000000000000001694066  0.999999999999999962269764398  0.000000000000000000006776264  0.000000000000000000000000000  0.000000000000000000000000000  0.000000000000000000013552527  0.000000000000000000000000000 -0.000000000000000000010164395 -0.000000000000000000006776264  0.000000000000000000000000000  0.000000000000000000003388132 -0.000000000000000000000847033 
 10  0.000000000000000000003388132 -0.000000000000000000018422967  0.000000000000000000008470329 -0.000000000000000000007411538  0.000000000000000000001694066  0.000000000000000000011858461  0.000000000000000000001694066 -0.000000000000000000013552527  0.000000000000000000002964615  0.000000000000000000006776264  0.999999999999999904048107735 -0.000000000000000000003388132  0.000000000000000000000000000 -0.000000000000000000006776264  0.000000000000000000003388132 -0.000000000000000000010164395  0.000000000000000000000847033  0.000000000000000000003388132  0.000000000000000000000000000  0.000000000000000000000847033 
 11  0.000000000000000000006776264  0.000000000000000000001694066  0.000000000000000000005082198  0.000000000000000000002117582 -0.000000000000000000013552527 -0.000000000000000000032187252  0.000000000000000000003388132 -0.000000000000000000033881318  0.000000000000000000006776264  0.000000000000000000000000000 -0.000000000000000000003388132  0.999999999999999919714829127  0.000000000000000000000000000 -0.000000000000000000006776264 -0.000000000000000000013552527 -0.000000000000000000008470329  0.000000000000000000001694066  0.000000000000000000000000000 -0.000000000000000000020328791  0.000000000000000000005929231 
 12 -0.000000000000000000013552527  0.000000000000000000005082198  0.000000000000000000016940659  0.000000000000000000007623297  0.000000000000000000020328791 -0.000000000000000000016940659  0.000000000000000000000000000  0.000000000000000000013552527 -0.000000000000000000006776264  0.000000000000000000000000000  0.000000000000000000000000000  0.000000000000000000000000000  0.999999999999999995012670007  0.000000000000000000000000000  0.000000000000000000000000000  0.000000000000000000000000000  0.000000000000000000006776264 -0.000000000000000000006776264  0.000000000000000000000000000 -0.000000000000000000000847033 
 13  0.000000000000000000020328791  0.000000000000000000005929231 -0.000000000000000000008470329 -0.000000000000000000002964615 -0.000000000000000000010164395 -0.000000000000000000011858461  0.000000000000000000003388132  0.000000000000000000003388132  0.000000000000000000005505714  0.000000000000000000013552527 -0.000000000000000000006776264 -0.000000000000000000006776264  0.000000000000000000000000000  0.999999999999999924431108578  0.000000000000000000000000000  0.000000000000000000000000000  0.000000000000000000001694066  0.000000000000000000000000000 -0.000000000000000000005082198 -0.000000000000000000000847033 
 14  0.000000000000000000006776264  0.000000000000000000004235165 -0.000000000000000000010164395 -0.000000000000000000009317362 -0.000000000000000000006776264 -0.000000000000000000016940659  0.000000000000000000013552527  0.000000000000000000013552527  0.000000000000000000003388132  0.000000000000000000000000000  0.000000000000000000003388132 -0.000000000000000000013552527  0.000000000000000000000000000  0.000000000000000000000000000  0.999999999999999928063185856  0.000000000000000000006776264  0.000000000000000000000000000  0.000000000000000000006776264  0.000000000000000000003388132 -0.000000000000000000002541099 
 15 -0.000000000000000000006776264  0.000000000000000000003599890 -0.000000000000000000001694066  0.000000000000000000004552802 -0.000000000000000000006776264  0.000000000000000000008046813 -0.000000000000000000012705494  0.000000000000000000005082198  0.000000000000000000010799670 -0.000000000000000000010164395 -0.000000000000000000010164395 -0.000000000000000000008470329  0.000000000000000000000000000  0.000000000000000000000000000  0.000000000000000000006776264  0.999999999999999937549954865  0.000000000000000000010587912 -0.000000000000000000016940659  0.000000000000000000001694066 -0.000000000000000000005717472 
 16  0.000000000000000000001694066 -0.000000000000000000002964615 -0.000000000000000000007199780 -0.000000000000000000003494011 -0.000000000000000000010164395  0.000000000000000000000000000  0.000000000000000000018634725 -0.000000000000000000001694066  0.000000000000000000005929231 -0.000000000000000000006776264  0.000000000000000000000847033  0.000000000000000000001694066  0.000000000000000000006776264  0.000000000000000000001694066  0.000000000000000000000000000  0.000000000000000000010587912  0.999999999999999969208658301  0.000000000000000000003388132 -0.000000000000000000005082198  0.000000000000000000001694066 
 17  0.000000000000000000006776264 -0.000000000000000000004235165  0.000000000000000000001694066 -0.000000000000000000009105604  0.000000000000000000010164395  0.000000000000000000003388132 -0.000000000000000000010164395  0.000000000000000000000000000  0.000000000000000000002964615  0.000000000000000000000000000  0.000000000000000000003388132  0.000000000000000000000000000 -0.000000000000000000006776264  0.000000000000000000000000000  0.000000000000000000006776264 -0.000000000000000000016940659  0.000000000000000000003388132  0.999999999999999979454368831  0.000000000000000000010164395  0.000000000000000000003388132 
 18 -0.000000000000000000001694066 -0.000000000000000000005717472 -0.000000000000000000005505714  0.000000000000000000000211758 -0.000000000000000000009317362 -0.000000000000000000011434945  0.000000000000000000000847033  0.000000000000000000015246593 -0.000000000000000000006564505  0.000000000000000000003388132  0.000000000000000000000000000 -0.000000000000000000020328791  0.000000000000000000000000000 -0.000000000000000000005082198  0.000000000000000000003388132  0.000000000000000000001694066 -0.000000000000000000005082198  0.000000000000000000010164395  0.999999999999999900795501218  0.000000000000000000000847033 
 19 -0.000000000000000000008470329 -0.000000000000000000000952912 -0.000000000000000000000847033 -0.000000000000000000002302871 -0.000000000000000000007623297  0.000000000000000000009317362 -0.000000000000000000014823077  0.000000000000000000010587912 -0.000000000000000000006246868 -0.000000000000000000000847033  0.000000000000000000000847033  0.000000000000000000005929231 -0.000000000000000000000847033 -0.000000000000000000000847033 -0.000000000000000000002541099 -0.000000000000000000005717472  0.000000000000000000001694066  0.000000000000000000003388132  0.000000000000000000000847033  0.999999999999999972678105253 

