
  0 -0.248963653237871844993629213 -0.248963653234023031771290045 -0.248963653229506647651301209  0.248963653238078059176186310  0.248963653237893394175881193  0.248963653237562778812235961 -0.184645732462371935767670925 -0.248963653238070511231712009  0.248963653237363431993344441  0.248963653236611178712518744  0.184645732474688485349112108  0.248963653238078088015964098 -0.248963653238074876365183707  2.489636532380780880159640983e-01
  1  0.248963653237228368537699123 -0.248963653238058722593070357 -0.248963653228685924374092783  0.248963653238077544722255466 -0.248963653237592484867559892 -0.248963653238006775051749733 -0.248963653236437655624259391 -0.248963653238069518454887719 -0.248963653236807649929093235  0.184645732458796207078833770  0.184645732475590246179290681  0.248963653238074401538842267 -0.248963653238077963088768774  2.489636532380779630887687737e-01
  2 -0.248963653237501880680537965 -0.184645732476005573280885760 -0.248963653229321331519828878 -0.248963653238077179400333447  0.248963653238017879558820547  0.248963653237859849556975686 -0.184645732458941795942064523  0.248963653238073489535079827  0.248963653236291723136702596  0.248963653237960816670334974  0.248963653235445995514653859 -0.248963653238073678294678057  0.248963653238077179590068827  2.489636532380771795900688270e-01
  3  0.248963653237598332850790371 -0.184645732480041264102666072 -0.248963653228500608242620452 -0.248963653238077693854264291 -0.248963653237467999484620537 -0.248963653237709704307010009 -0.248963653233007515798652989  0.248963653238074482311904118 -0.248963653237879358785735080  0.184645732460145845036650000  0.248963653236347756344832433 -0.248963653238077364771799888  0.248963653238074092866483761  2.489636532380776938542642912e-01

  0 -0.497927306475100213531328336 -0.000000000000369964322557623 -0.000000000000273512150789213  0.135195965528502931959258307  0.447238975120505049789176519 -0.174058162111903023434736695  0.276947147916632937917659485 -0.363258446659317548534150547  0.098820030175935993564889735  0.193331299467893793513528951  0.413601923779172002941127359 -0.263552565909558316690477694  0.084535115951273096145048187 
  1  0.000000000004035690820444069 -0.064317920758017458483628021 -0.433609385714064295873956117 -0.349891123245912954184497906  0.054568069483151237379409040 -0.131992050355218641102209715  0.144258041606110753310248350  0.418382987934483890522189414 -0.311925983140301026530667727  0.183183544256403753796918696 -0.119111346814983497278148204 -0.557897721178382926133371145  0.113475172430571232169444623 
  2 -0.000000000000820723267186389 -0.000000000000185316129347599 -0.497927306458007255893921661  0.234760228935952086238713073 -0.164038559815681223878953456 -0.209210398784796790421012906  0.042615365054057021711435976 -0.210994170968346189540742683 -0.092203623156659224454571172  0.493034760630964926563174835 -0.138223422959950708579970197  0.270081585788044063213813456 -0.486116469434854876248289571 
  3  0.000000000000000514451317343  0.497927306476155238576519757  0.000000000000000365333219472 -0.120962383654301457241661295  0.381116981211624514800425517  0.085591749938840880305448121  0.009923692115892949342092371 -0.204900646993133474195111776 -0.450401151599682189022484657  0.114091581551362018173169637 -0.337544019567863627613113833  0.314443685607805655912293935  0.337770277658260160795738319 
  4  0.497927306475485879043441084 -0.000000000000124485381849487  0.000000000000425394682047805  0.259566600538984344352698777  0.600741776083041394617909048  0.082070503779460931507300225  0.185893560816480851616175167  0.323476459763764086875270989  0.362339894693784768630847107  0.178247713257719854622915072 -0.078528790689473147230330666  0.021510165936262670564101812 -0.090454339200983350958789556 
  5  0.497927306475569553863985695 -0.000000000000297070749541931 -0.000000000000146925482381494  0.068477585107507669421450774 -0.157890468296533683595990645 -0.492336547069785377236028276 -0.207843962709939188593811360 -0.142102298315192799991373354 -0.038352794717052503564345359  0.224509557567744882412581059  0.368761714807291963091548381  0.011475002955462293613372881  0.478194531462442127818339432 
  6  0.064317920774065719856588466 -0.000000000003430139826657180 -0.433609385695379451566323914 -0.382261062127495512098307798  0.014035110537472698540424837 -0.203544210373596281318233844  0.430270816340049503295793823 -0.096518654976530824232477338  0.305572495764509458933020844 -0.430883144129358733217778979  0.064894108691875012274628224  0.361194739925166908455942891  0.109264863855860978673320474 
  7 -0.000000000000000992772043925 -0.497927306476144000766791836  0.000000000000003971066902326  0.460931107654153576910164430  0.135088881100596543122617857 -0.311240349811810259960482769  0.123365815115802652852819519 -0.083462790485809672464193043 -0.328887086855489530271001719 -0.387201808106850749272584769 -0.359787646771909828177088420 -0.017494424108625307812687056  0.120254009634638658903958361 
  8  0.497927306474171081922437676  0.000000000001071708850463527 -0.000000000000515926805141716 -0.140916180460787021766337103  0.030506039044678359277744037  0.271025135330890961277193821  0.156269060206881932467161932 -0.563693666161848524023044588 -0.220599244556941372329963644 -0.175354648782018143418496084  0.087877816512985915127335618 -0.369718522545945711666424971 -0.303030758515144406053032008 
  9  0.064317920777814971640461237 -0.000000000001349637963605541  0.433609385696757023749168744 -0.019778996289307869732015531 -0.216234595820637443534415964 -0.065999042420576649189088974  0.673910083743151348215777441  0.244082835808924532622799126 -0.340935033769618774058748900  0.167114638010404243550132905  0.209866471487615384396065860  0.205345846122240735377013042 -0.110614372518906945751303132 
 10 -0.000000000000901760822667224 -0.064317920760757510165541752  0.433609385711036241693944540 -0.442790628572026752292388821  0.096467134108915376083514138 -0.509780104603853644518098726 -0.050444660681674459425333310 -0.164509750884304577090030096  0.228701223578346655066037725  0.151353097166798534291059716 -0.422810017089346114419487824 -0.091905640990912548527738343 -0.224868434679998051886314417 
 11  0.000000000000003686471828709  0.497927306476151766310642155  0.000000000000000723254531385  0.357300650908549390365361031 -0.375866907923096215499939726 -0.065225304866042549808903984  0.321106947255065844088611771 -0.079569141116042805223038548  0.304312007671616931213463136 -0.043701587607955050841779514 -0.338615425843841643776784348 -0.353415996353498690682850072  0.188028055872662363756328031 
 12  0.000000000000003086727197424 -0.497927306476152055955252534 -0.000000000000000783506697719 -0.122201102813102406733161438 -0.149348222399515260527011300  0.414505342671017660530381754  0.195546827262398048880996833 -0.233800135358090197448669746  0.193548193856590297073244113  0.414379266980450132332527979 -0.246371108001109627197683198  0.062458062669383093031797057  0.419933137124936804555896952 

  0  0.999999999999999998807377610 -0.000000000000000000009317362  0.000000000000000000003388132  0.000000000000000000005082198 -0.000000000000000000020752307  0.000000000000000000016940659 -0.000000000000000000006776264  0.000000000000000000016093626 -0.000000000000000000003388132  0.000000000000000000000000000  0.000000000000000000001694066  0.000000000000000000003388132 -0.000000000000000000006776264 
  1 -0.000000000000000000009317362  0.999999999999999958746107337  0.000000000000000000013552527 -0.000000000000000000027105054 -0.000000000000000000004235165 -0.000000000000000000006776264  0.000000000000000000005082198  0.000000000000000000008470329  0.000000000000000000020328791 -0.000000000000000000016093626  0.000000000000000000005082198  0.000000000000000000010164395  0.000000000000000000000000000 
  2  0.000000000000000000003388132  0.000000000000000000013552527  1.000000000000000021684043450  0.000000000000000000027105054  0.000000000000000000013552527 -0.000000000000000000040657581  0.000000000000000000027105054  0.000000000000000000010164395  0.000000000000000000000000000 -0.000000000000000000003388132 -0.000000000000000000020328791 -0.000000000000000000006776264  0.000000000000000000000000000 
  3  0.000000000000000000005082198 -0.000000000000000000027105054  0.000000000000000000027105054  0.999999999999999978044906007  0.000000000000000000038963516 -0.000000000000000000013552527  0.000000000000000000020328791 -0.000000000000000000033881318 -0.000000000000000000020328791 -0.000000000000000000013552527  0.000000000000000000000000000  0.000000000000000000000000000  0.000000000000000000000000000 
  4 -0.000000000000000000020752307 -0.000000000000000000004235165  0.000000000000000000013552527  0.000000000000000000038963516  0.999999999999999964329748525  0.000000000000000000010164395 -0.000000000000000000011858461 -0.000000000000000000017787692  0.000000000000000000008470329 -0.000000000000000000010164395  0.000000000000000000006776264 -0.000000000000000000006776264 -0.000000000000000000006776264 
  5  0.000000000000000000016940659 -0.000000000000000000006776264 -0.000000000000000000040657581 -0.000000000000000000013552527  0.000000000000000000010164395  0.999999999999999943838327465 -0.000000000000000000010164395 -0.000000000000000000010164395  0.000000000000000000000000000  0.000000000000000000000000000  0.000000000000000000000000000  0.000000000000000000000000000 -0.000000000000000000013552527 
  6 -0.000000000000000000006776264  0.000000000000000000005082198  0.000000000000000000027105054  0.000000000000000000020328791 -0.000000000000000000011858461 -0.000000000000000000010164395  0.999999999999999990242180448 -0.000000000000000000000847033 -0.000000000000000000016940659 -0.000000000000000000005082198 -0.000000000000000000013552527  0.000000000000000000008470329 -0.000000000000000000006776264 
  7  0.000000000000000000016093626  0.000000000000000000008470329  0.000000000000000000010164395 -0.000000000000000000033881318 -0.000000000000000000017787692 -0.000000000000000000010164395 -0.000000000000000000000847033  1.000000000000000001409462824  0.000000000000000000003388132 -0.000000000000000000006776264 -0.000000000000000000013552527  0.000000000000000000001694066  0.000000000000000000006776264 
  8 -0.000000000000000000003388132  0.000000000000000000020328791  0.000000000000000000000000000 -0.000000000000000000020328791  0.000000000000000000008470329  0.000000000000000000000000000 -0.000000000000000000016940659  0.000000000000000000003388132  0.999999999999999927846345421 -0.000000000000000000003388132  0.000000000000000000000000000  0.000000000000000000003388132  0.000000000000000000000000000 
  9  0.000000000000000000000000000 -0.000000000000000000016093626 -0.000000000000000000003388132 -0.000000000000000000013552527 -0.000000000000000000010164395  0.000000000000000000000000000 -0.000000000000000000005082198 -0.000000000000000000006776264 -0.000000000000000000003388132  1.000000000000000027647155398 -0.000000000000000000015246593  0.000000000000000000003388132 -0.000000000000000000006776264 
 10  0.000000000000000000001694066  0.000000000000000000005082198 -0.000000000000000000020328791  0.000000000000000000000000000  0.000000000000000000006776264  0.000000000000000000000000000 -0.000000000000000000013552527 -0.000000000000000000013552527  0.000000000000000000000000000 -0.000000000000000000015246593  0.999999999999999959721889292  0.000000000000000000006776264 -0.000000000000000000006776264 
 11  0.000000000000000000003388132  0.000000000000000000010164395 -0.000000000000000000006776264  0.000000000000000000000000000 -0.000000000000000000006776264  0.000000000000000000000000000  0.000000000000000000008470329  0.000000000000000000001694066  0.000000000000000000003388132  0.000000000000000000003388132  0.000000000000000000006776264  0.999999999999999970618121126  0.000000000000000000000000000 
 12 -0.000000000000000000006776264  0.000000000000000000000000000  0.000000000000000000000000000  0.000000000000000000000000000 -0.000000000000000000006776264 -0.000000000000000000013552527 -0.000000000000000000006776264  0.000000000000000000006776264  0.000000000000000000000000000 -0.000000000000000000006776264 -0.000000000000000000006776264  0.000000000000000000000000000  0.999999999999999981948033828 

