
  0 -0.106600358177804021775282768  0.106600358177804536188556031  0.106600358177806049572158495  0.106600358177805651927459209 -0.106600358177805562873803266 -0.106600358177804034114858744  0.106600358177805855066288751 -0.106600358177802620403317249  0.106600358177805385464446530  0.106600358177802192712665258  0.106600358177806028762253047  0.106600358177805879880965974  0.106600358177805945000858959  0.106600358177805437045364886 -0.106600358177805630324730922 -0.106600358177805522487272341  0.106600358177805946220586403 -0.106600358177805785175906207  0.106600358177806038919872150 -0.106600358177804734272292944  0.106600358177806052546938206 -0.106600358177805824112316727  1.066003581778060525469382057e-01

  0 -0.213200716355608043550565536  0.265485755040268871354563682  0.005515681683491970214623532 -0.073241976448912083203196099 -0.504501415618983307573817976  0.085105048887512414317870965  0.069975860197385922830434594 -0.082669143714290179494061719  0.200972496930237147277822224 -0.134804395270928771059207492 -0.126199088166226024490795127  0.017177250194034184783606865 -0.142150290050643471554260404 -0.117235848997173376957324671  0.113529162048501993451511769 -0.398453110248188310257106901 -0.235741560006755008195252800  0.070977936034632579576542262 -0.243064738177660153250580870  0.228112678414692107120814550  0.079560275558589958694386945  0.383049364070261792004435178 
  1  0.213200716355609072377112062  0.047460421977043642586922704  0.164783669466820399766024755 -0.270825713512194441817638665  0.171063330978300900400094348  0.083053205730023949991853993 -0.300642589800896517217504780  0.026378138528069445848411889  0.471766262935392333572595311  0.190347546503078057219876182  0.264436543163012360179624574 -0.341288481370744314034870737  0.079663352904750541181612671 -0.260562653784449993731855630 -0.206307387142652942079996785 -0.145618311093825283296333481  0.204018557529844605727279219  0.016927769606963646631853137 -0.060943862317147601169117516  0.098465142810586540529930923 -0.247723607064126079179886518  0.157025910117214571900374175 
  2  0.213200716355612099144316990  0.310686013700860643604482678  0.083279050554905398709752088  0.420065801874936705690875491  0.228122945039495210337249578  0.024850280387093551384892392 -0.039640355269354485424877039 -0.190737775988930497835980270 -0.384774011640753918792956859 -0.207987154239412402162955062 -0.252976156609857859508885825 -0.259054134895179041548230608  0.022583826617349746463680213 -0.365487814927971821967475977 -0.033582679297049225757704205 -0.193671330388421251601110441  0.210471830476178884227595432  0.167695114491720641031365091 -0.032313987570014366033335947  0.123636483624531367386941913  0.007671329332881393890296117  0.008161505830901561962594935 
  3  0.213200716355611303854918417  0.032814530924898212967089853  0.227549341196067576365870411  0.221552233306199493998865820  0.059335483813889252859328323  0.070381299707985854956194486  0.369435100753789482860844906  0.003814687546311391013638945  0.237881410803006949555914000 -0.151337608225879358616488592  0.194619141706954969567506565  0.342712071381462077349902215  0.340739520107337503764194722 -0.273028495404800423902507908  0.011475105402087616666769614 -0.015891191377892193739801516 -0.263863179966633844497842301  0.120520705662078655728039044  0.249317988740033770521734025 -0.301364141037331293479072797 -0.082446807561212672761782536  0.194566685712158837014574414 
  4 -0.213200716355611125747606532 -0.001338720155810004646632478 -0.007876551693046295405184346 -0.039046126073232668881847832  0.181453093757272772369227611 -0.141222988037667142972322008  0.144744339315727722699114234 -0.125944029737280931128162904 -0.091984108811497972505724034 -0.216297350473253645433994660  0.136501070629123481917641461  0.372498927063747709443469747  0.094945315173055028969031736  0.040043466736956620080552802 -0.536277497841587135504574924 -0.104376701962365178853362705  0.123089730956355346561321203 -0.107898264939046201802525741 -0.500149645602109015377848694  0.079074569383413501822885881 -0.239789779314544740409218850 -0.028992678334546966767610882 
  5 -0.213200716355608068229717487  0.452768117330410311166836654  0.232131453894121755605981644  0.055394788130516244454106846  0.050961237087407744358733734 -0.333105620888190025218663498  0.144262709675355536032286159  0.036681875850799824638633594  0.126737138670398710160454152  0.332210612125015475532604364  0.041725177505373592128556839  0.135862962212638726126130891 -0.083804072924895388231462164  0.156316175379543255679476443  0.282799718627940221607865515 -0.174848309333865094915131701  0.195102372559468032714815634  0.241449299947137959652899639  0.037171136911574814415941013 -0.048043062732669083848380080 -0.268332442740233363654388243 -0.310149901490736976664890426 
  6  0.213200716355611710132577502 -0.229861039674601750753277565 -0.108941564278156287450319544  0.276765402429511255677366602 -0.235349627000740189828762935 -0.413165916075172312717364229 -0.152557738139812469176852076 -0.055212253153801015257041854 -0.041760733379643281521994853  0.022147534538761620671946636  0.414325800820252860862547700  0.204843255035597905015874037 -0.225304109795065902159408658  0.048719876439356330715768715 -0.100950240098691882930552824 -0.094516222697853797200101805  0.230722669004730779237491087  0.237054445908463477796289214  0.208280491177455737470498517  0.237851023331581618432085598  0.138722081920904748915152234  0.209947237093265623683363726 
  7 -0.213200716355605240806634498  0.144424655422155481112960439 -0.064174203587389274071057631  0.384670758310693324232834231  0.074852827081611082645504554  0.449125562815051566640644348 -0.274138729224737011814366783  0.307839158634729845233791307  0.169199828936411943177786470  0.006523192276302897683681821  0.135417702707421476159541963  0.054497292000013326966688203  0.167776336423989348061239224  0.274728999530260155570665984 -0.215632698751516968050170875 -0.073431003795249596333334380 -0.050704020866893226828972779  0.316701954268635393484505880 -0.033908239116755436433163755  0.078248401178876420565663687  0.256896015258302010581025268 -0.150766832163295542464228824 
  8  0.213200716355610770928893059  0.207858252771727051790864003 -0.311965942286948296217809901 -0.260443880937693771239612936  0.212591369817442444115074274  0.252075436362019792807228138  0.021568274189345632996459294  0.135395344997418935577282451 -0.288050086718784560381413293  0.404993504304423156348264126  0.120976909016199026297071293  0.373600128101278720947966971 -0.204221067143554416788001939 -0.202293246978208203683074172  0.008184424147447291659248757 -0.284404645817143488862373951 -0.026308741310337521354849127 -0.064200376319760729489278563 -0.004679478841670800145821738 -0.096487319632783949249407989  0.186274504600915259022080386  0.070865031957329540821498293 
  9  0.213200716355604385425330516 -0.194812320732990022995327790 -0.118112819735418296750683025  0.186376271640067162708976310 -0.070675555014097970111901486 -0.158400625373511649835031254 -0.263938708842252579053061501  0.200267339326199240076543072  0.132963823168783556156568974  0.134090677781954150949708313 -0.546949922348922025819566856  0.214916072645018953901239686  0.268070764584117765370755229  0.151403318487547518676381540 -0.020030050557145972413516954 -0.378435673520964075382125649  0.074111275298655636825184787 -0.207545587025061074558916242  0.022553350062229436608467734 -0.105080280174174660142078809 -0.207387567172296052097160181  0.074297784015378962727189395 
 10  0.213200716355612057524506094  0.169446549814782987503059518  0.374315832282781884497680977 -0.060779102480237369820321135 -0.354836606158033965026463857  0.288371675446229118813801229 -0.053907643424514449159229900 -0.082980523228263220963745427 -0.300328526466511027401880968 -0.025046082093557110488042162  0.125468523905416426457719477 -0.040162701056546916490898195 -0.025701295614863476019976542  0.416555408025630345507633184 -0.125279994079258016087432930 -0.036662149996414739451348896  0.264502400050267412229439146 -0.093347172831192774317870045  0.009501417572970925640315175 -0.374017849751296649666275351 -0.105514486879010849063975468  0.184341016238908322755619788 
 11  0.213200716355611759761931948  0.049329744958228888305969443  0.021384555375338823742485542 -0.224601839989599219026840914  0.114448423543541565496463406 -0.233752487642361919968473673  0.281418385661925306404258784  0.172523358808450135397491096 -0.173080079483329513618888006  0.156322997285779698143260048 -0.161780701986448366441100413 -0.265629740356888975930885893  0.114107513627444188633206987  0.325348609650643474981929551 -0.337102762506385832217293413 -0.037404541226963943132500850 -0.355569662452983486724709603  0.393394030192529501444671444  0.046554842489047510353523777  0.147883743826933477147583633  0.009706492459272656694037839  0.184808764332441448032711209 
 12  0.213200716355611890001717917 -0.203770271381565365521643281  0.086116016151468454440742837  0.169709793803530962613126606  0.033968310643491451801209181  0.047333859423672386045544528  0.369997702189490363619854205  0.621646085825595896433206494  0.034409969907730159878413070 -0.151234275445188912483118239  0.114500666652614548470055095 -0.166419358766242491675930830 -0.269489059828708758635587919  0.008939002224976691666225308  0.205392101237290151480459864 -0.102813314350271644827218218  0.141423312940996198004911868 -0.095099478487850511131942912 -0.357280642159715473003302189  0.023161821501187604237915032 -0.042743589561282419033111466 -0.026257132619505643857834285 
 13  0.213200716355610874090729771  0.291329784540245322461927621 -0.173980010156641543011971432 -0.105459714036942462781528806  0.155804829879648655663239992  0.033841762220089343598356749  0.100126312229677998802217752 -0.042118482277415600235345250  0.309550337028196488229573463 -0.461697606563096054379776237 -0.080340451902209074907005529  0.041162066864767801596729181 -0.352424190853150278666125819  0.254112761715016628169322085 -0.167641946482643219908125788 -0.128411135467339779892914989  0.021600916283487295501818549 -0.212681047728584690309299420  0.396360738839401187220967682  0.092999764511332581096755400 -0.006784376519199324774084058 -0.170472787592631666098771243 
 14 -0.213200716355611260649461844 -0.253209733649252952873785066  0.013911941166996493778455790 -0.076438309382902858112854207  0.142761773155605875597622297 -0.171620913858276932548543349  0.000283536021917507800356913 -0.145689246657443896825747873 -0.032906738131030125453529338 -0.132103926088778706111111910  0.192618086270448154854496858 -0.286681738402145257958936533  0.040533088052600612913366294  0.040952243699095136194253917  0.014252654312298160082283561 -0.606333244787143735060521571 -0.080221095317570890152617316  0.006108641737433332091581088  0.037817097109159179977244062 -0.432671003874218571455577756  0.292834434373344075903900993 -0.153261693699871564026352561 
 15 -0.213200716355611044974544682 -0.091749966191170583336585414 -0.208555971747294042293739864  0.104550148437516115230657733 -0.059207893733745830050431598  0.122425303667585990647433299 -0.164144044990647206035540122  0.142139429403579365331793984 -0.257373979870051995525771782 -0.080295356310643612627274673  0.160060523780003114818195828 -0.107950821938070925009374879 -0.219897737186739497799309317 -0.091908672399162891901729013 -0.034479965646335175717787950 -0.101774004833135836442731606 -0.316674098954771633473255152  0.085903753723211874690772645  0.225931073229733942009747096 -0.075843562713238454328157703 -0.695176980146339787967370294  0.004482344088671587528675881 
 16  0.213200716355611892441172806 -0.038313644146109941016027168  0.259638336532445487120617650  0.344970718478306980858769798 -0.072203634560361126962853718 -0.012832679822597272153301940 -0.038086039449532758994386916 -0.235340455354827436602925886  0.119756736508467005923399794  0.342488317655433237480817193 -0.015870690086324312958389218 -0.039262196459903048197489150 -0.368108469677218273861246667 -0.029566552239122597990639025 -0.252082084964467351004746218  0.011850285800287329063939102 -0.454264712141463553165881759 -0.233244091185336565149243890 -0.179661295742558337643025521 -0.036172445634334881351637948  0.049997740193152131843673611 -0.272220767627307508041952303 
 17 -0.213200716355611570351812414 -0.136675769322532092246973850  0.358408170892577363191976864  0.105878707783913111011150562  0.518867864122395351319811524  0.089130761056749156995629435 -0.071493333760643173706967289 -0.099295344411041241128020127 -0.052966051125524314784493709  0.052967481185998088229075278  0.001537831483057972156614933  0.099294687798760939484909917 -0.144938975761874580286902268  0.266787813014209143988196213  0.234045172632268146787107820 -0.079658128886021591025321919 -0.085339102827424929307513057 -0.194376024872797085259364114  0.103121726543603305750230765  0.253660240277933444531278939 -0.007351235311067517069713334  0.463879989628149496890853476 
 18  0.213200716355612077839744301 -0.084900218718813723780246012  0.235442618446151849252484696 -0.183121445849965979097741242 -0.138091161980541418733943806  0.104806366341918849096617131 -0.053146217510287272559066103 -0.010404567534272625176413197 -0.221592241038712508001515440 -0.098444509877752634047719769  0.208308199731902016099715537  0.097392226634086116019589120  0.347802349051132625055646197  0.036908664347186433875454802  0.190582391933704921633424036 -0.247330352282868991308298345 -0.169589196750421350380795549 -0.134634744237504594757681708  0.072597671083863193318430358  0.515665327479438449277161782 -0.048340234714685833553108859 -0.416515051822968821994492075 
 19 -0.213200716355609468544585888 -0.293558606378927219583653205 -0.025500616098972669972298278  0.083416036809206251267684740 -0.132609174256829050013439808  0.333313187236567121714964079  0.503231352883597037441241323 -0.155370596502515763418146057  0.051444567644266666145099788  0.308724121949789067221713718 -0.136803738455179456430152972 -0.091329069539129819164252361 -0.007943523371327761285817651 -0.064462920489050319321623454 -0.233472022270427510069854167 -0.160370848111380981648168773  0.324582960200195542988486908 -0.017399769752499017792945362  0.302975062683806423927557888  0.200894887837255022665209660 -0.056080145256809249853141618 -0.065430604328277858473220541 
 20  0.213200716355612105093876411  0.075921061562319126293004595 -0.504271705908587411135678147  0.217964967384063238361991376  0.070853928435210287540906796  0.094383652853518112405743854  0.181479408223280071151039053 -0.384509422171632488996525362  0.102302871273728027972532185  0.112569838639161309560752199  0.235170407823447285248922092 -0.191673644080828472450062777  0.222922172291015510971179912  0.325737605021686611300171452  0.281704400663266352796820086 -0.014463077609900308236440768 -0.035789309734301975369661838 -0.074008928584933279630486691 -0.242281509136472867729544985  0.022051873357818267091737122 -0.168054895497265548869915419  0.086816464146757780931742965 
 21 -0.213200716355611648224633453  0.347043133500900699670195515 -0.068622526870251713046857181  0.186989464543196801159328363 -0.097546274157497145928001018 -0.252204511320407957607062435  0.069384200692914517634695554  0.281029372456363385826549894 -0.114077421345642329127470765  0.130288800870202903410544071  0.215030704132033544361815233 -0.222233925713973791811689865  0.246121165916415182895902666 -0.068434773897179140772571281 -0.170403244855639206329820344  0.031473691927778200789301904 -0.032629026514588397016330577 -0.580636886685155270313666437  0.198112250616064571081121996  0.065159996441454538413404034  0.120816441116816867264681639  0.142554672011580045617291056 

  0  0.999999999999999937658375082  0.000000000000000000023716923  0.000000000000000000001482308 -0.000000000000000000006776264 -0.000000000000000000002541099  0.000000000000000000006776264  0.000000000000000000033881318 -0.000000000000000000020328791 -0.000000000000000000020328791  0.000000000000000000030493186  0.000000000000000000013552527  0.000000000000000000006776264  0.000000000000000000006776264  0.000000000000000000020328791 -0.000000000000000000006776264  0.000000000000000000008258571  0.000000000000000000006776264 -0.000000000000000000027105054  0.000000000000000000000000000  0.000000000000000000020328791 -0.000000000000000000003388132  0.000000000000000000006776264 
  1  0.000000000000000000023716923  1.000000000000000021141942363 -0.000000000000000000015246593 -0.000000000000000000025410988 -0.000000000000000000005082198  0.000000000000000000000000000 -0.000000000000000000023716923 -0.000000000000000000003388132  0.000000000000000000020328791 -0.000000000000000000007623297 -0.000000000000000000016940659  0.000000000000000000011858461  0.000000000000000000008893846 -0.000000000000000000011858461  0.000000000000000000003388132  0.000000000000000000014823077 -0.000000000000000000016940659 -0.000000000000000000006776264  0.000000000000000000000000000  0.000000000000000000007623297  0.000000000000000000009317362  0.000000000000000000003388132 
  2  0.000000000000000000001482308 -0.000000000000000000015246593  0.999999999999999971973373841  0.000000000000000000013870165 -0.000000000000000000004830735  0.000000000000000000016728901 -0.000000000000000000002223461 -0.000000000000000000009423242  0.000000000000000000011540824 -0.000000000000000000014770137  0.000000000000000000000952912  0.000000000000000000015881868 -0.000000000000000000018422967  0.000000000000000000003917527 -0.000000000000000000006564505 -0.000000000000000000013314299 -0.000000000000000000009317362 -0.000000000000000000006988022  0.000000000000000000002117582 -0.000000000000000000005029258  0.000000000000000000005770412 -0.000000000000000000007305659 
  3 -0.000000000000000000006776264 -0.000000000000000000025410988  0.000000000000000000013870165  0.999999999999999986610103170 -0.000000000000000000035575384  0.000000000000000000006776264  0.000000000000000000013552527  0.000000000000000000020328791  0.000000000000000000000000000 -0.000000000000000000007623297 -0.000000000000000000020328791 -0.000000000000000000003388132  0.000000000000000000015670110  0.000000000000000000000000000  0.000000000000000000000000000  0.000000000000000000013605467  0.000000000000000000016940659  0.000000000000000000006776264 -0.000000000000000000006776264 -0.000000000000000000005929231  0.000000000000000000008470329  0.000000000000000000013552527 
  4 -0.000000000000000000002541099 -0.000000000000000000005082198 -0.000000000000000000004830735 -0.000000000000000000035575384  0.999999999999999925298470316  0.000000000000000000008470329 -0.000000000000000000013552527  0.000000000000000000002964615  0.000000000000000000020540549  0.000000000000000000012493736 -0.000000000000000000014399560 -0.000000000000000000008893846  0.000000000000000000007782115 -0.000000000000000000008046813 -0.000000000000000000009740879 -0.000000000000000000003851353 -0.000000000000000000000847033  0.000000000000000000009317362 -0.000000000000000000000847033 -0.000000000000000000000211758 -0.000000000000000000002329341  0.000000000000000000001270549 
  5  0.000000000000000000006776264  0.000000000000000000000000000  0.000000000000000000016728901  0.000000000000000000006776264  0.000000000000000000008470329  0.999999999999999946440412679 -0.000000000000000000013552527 -0.000000000000000000003388132  0.000000000000000000013552527 -0.000000000000000000015246593  0.000000000000000000000000000 -0.000000000000000000006776264  0.000000000000000000004235165  0.000000000000000000023716923 -0.000000000000000000010164395 -0.000000000000000000012387857 -0.000000000000000000013552527  0.000000000000000000000000000  0.000000000000000000013552527  0.000000000000000000010164395  0.000000000000000000008470329 -0.000000000000000000003388132 
  6  0.000000000000000000033881318 -0.000000000000000000023716923 -0.000000000000000000002223461  0.000000000000000000013552527 -0.000000000000000000013552527 -0.000000000000000000013552527  1.000000000000000007589415207 -0.000000000000000000016940659  0.000000000000000000017787692 -0.000000000000000000004235165  0.000000000000000000000000000  0.000000000000000000003388132 -0.000000000000000000023716923  0.000000000000000000010164395  0.000000000000000000003388132  0.000000000000000000005399835 -0.000000000000000000016940659 -0.000000000000000000006776264  0.000000000000000000006776264 -0.000000000000000000005929231  0.000000000000000000013552527  0.000000000000000000001694066 
  7 -0.000000000000000000020328791 -0.000000000000000000003388132 -0.000000000000000000009423242  0.000000000000000000020328791  0.000000000000000000002964615 -0.000000000000000000003388132 -0.000000000000000000016940659  0.999999999999999992464794901 -0.000000000000000000011858461  0.000000000000000000001694066  0.000000000000000000000000000 -0.000000000000000000005082198  0.000000000000000000011434945  0.000000000000000000003388132  0.000000000000000000011858461  0.000000000000000000013023132 -0.000000000000000000003388132  0.000000000000000000013552527  0.000000000000000000006776264  0.000000000000000000002541099  0.000000000000000000002541099  0.000000000000000000001694066 
  8 -0.000000000000000000020328791  0.000000000000000000020328791  0.000000000000000000011540824  0.000000000000000000000000000  0.000000000000000000020540549  0.000000000000000000013552527  0.000000000000000000017787692 -0.000000000000000000011858461  0.999999999999999994253728486 -0.000000000000000000001270549  0.000000000000000000013552527  0.000000000000000000007623297 -0.000000000000000000003494011 -0.000000000000000000004235165  0.000000000000000000009317362 -0.000000000000000000000899973  0.000000000000000000005082198  0.000000000000000000003388132 -0.000000000000000000003388132 -0.000000000000000000005929231 -0.000000000000000000001270549 -0.000000000000000000003388132 
  9  0.000000000000000000030493186 -0.000000000000000000007623297 -0.000000000000000000014770137 -0.000000000000000000007623297  0.000000000000000000012493736 -0.000000000000000000015246593 -0.000000000000000000004235165  0.000000000000000000001694066 -0.000000000000000000001270549  0.999999999999999956469282775 -0.000000000000000000010164395 -0.000000000000000000006776264  0.000000000000000000006670384  0.000000000000000000003388132  0.000000000000000000003388132  0.000000000000000000007914464 -0.000000000000000000006776264 -0.000000000000000000010164395 -0.000000000000000000001694066 -0.000000000000000000012281978  0.000000000000000000002541099 -0.000000000000000000003388132 
 10  0.000000000000000000013552527 -0.000000000000000000016940659  0.000000000000000000000952912 -0.000000000000000000020328791 -0.000000000000000000014399560  0.000000000000000000000000000  0.000000000000000000000000000  0.000000000000000000000000000  0.000000000000000000013552527 -0.000000000000000000010164395  1.000000000000000021575623232  0.000000000000000000006776264 -0.000000000000000000001270549  0.000000000000000000010164395  0.000000000000000000001694066  0.000000000000000000007040961  0.000000000000000000006776264  0.000000000000000000006776264  0.000000000000000000000000000 -0.000000000000000000004235165  0.000000000000000000010164395  0.000000000000000000001694066 
 11  0.000000000000000000006776264  0.000000000000000000011858461  0.000000000000000000015881868 -0.000000000000000000003388132 -0.000000000000000000008893846 -0.000000000000000000006776264  0.000000000000000000003388132 -0.000000000000000000005082198  0.000000000000000000007623297 -0.000000000000000000006776264  0.000000000000000000006776264  0.999999999999999900416030457 -0.000000000000000000009317362 -0.000000000000000000003388132 -0.000000000000000000001694066 -0.000000000000000000003123434  0.000000000000000000000000000  0.000000000000000000006776264  0.000000000000000000006776264  0.000000000000000000013552527  0.000000000000000000003388132  0.000000000000000000000000000 
 12  0.000000000000000000006776264  0.000000000000000000008893846 -0.000000000000000000018422967  0.000000000000000000015670110  0.000000000000000000007782115  0.000000000000000000004235165 -0.000000000000000000023716923  0.000000000000000000011434945 -0.000000000000000000003494011  0.000000000000000000006670384 -0.000000000000000000001270549 -0.000000000000000000009317362  0.999999999999999978099116116 -0.000000000000000000004658681  0.000000000000000000003388132  0.000000000000000000009826906  0.000000000000000000008893846 -0.000000000000000000005082198 -0.000000000000000000004235165  0.000000000000000000000317637  0.000000000000000000017787692  0.000000000000000000001694066 
 13  0.000000000000000000020328791 -0.000000000000000000011858461  0.000000000000000000003917527  0.000000000000000000000000000 -0.000000000000000000008046813  0.000000000000000000023716923  0.000000000000000000010164395  0.000000000000000000003388132 -0.000000000000000000004235165  0.000000000000000000003388132  0.000000000000000000010164395 -0.000000000000000000003388132 -0.000000000000000000004658681  0.999999999999999941398872577  0.000000000000000000003388132 -0.000000000000000000000952912  0.000000000000000000000000000  0.000000000000000000006776264  0.000000000000000000013552527 -0.000000000000000000020328791 -0.000000000000000000005929231 -0.000000000000000000015246593 
 14 -0.000000000000000000006776264  0.000000000000000000003388132 -0.000000000000000000006564505  0.000000000000000000000000000 -0.000000000000000000009740879 -0.000000000000000000010164395  0.000000000000000000003388132  0.000000000000000000011858461  0.000000000000000000009317362  0.000000000000000000003388132  0.000000000000000000001694066 -0.000000000000000000001694066  0.000000000000000000003388132  0.000000000000000000003388132  0.999999999999999907951235556  0.000000000000000000000211758  0.000000000000000000000000000  0.000000000000000000006776264  0.000000000000000000000000000 -0.000000000000000000001694066 -0.000000000000000000006776264  0.000000000000000000000000000 
 15  0.000000000000000000008258571  0.000000000000000000014823077 -0.000000000000000000013314299  0.000000000000000000013605467 -0.000000000000000000003851353 -0.000000000000000000012387857  0.000000000000000000005399835  0.000000000000000000013023132 -0.000000000000000000000899973  0.000000000000000000007914464  0.000000000000000000007040961 -0.000000000000000000003123434  0.000000000000000000009826906 -0.000000000000000000000952912  0.000000000000000000000211758  0.999999999999999960643461139 -0.000000000000000000004446923  0.000000000000000000000423516 -0.000000000000000000013552527 -0.000000000000000000002249931 -0.000000000000000000003705769 -0.000000000000000000000423516 
 16  0.000000000000000000006776264 -0.000000000000000000016940659 -0.000000000000000000009317362  0.000000000000000000016940659 -0.000000000000000000000847033 -0.000000000000000000013552527 -0.000000000000000000016940659 -0.000000000000000000003388132  0.000000000000000000005082198 -0.000000000000000000006776264  0.000000000000000000006776264  0.000000000000000000000000000  0.000000000000000000008893846  0.000000000000000000000000000  0.000000000000000000000000000 -0.000000000000000000004446923  0.999999999999999918955887607 -0.000000000000000000013552527 -0.000000000000000000013552527 -0.000000000000000000005082198 -0.000000000000000000001694066  0.000000000000000000000000000 
 17 -0.000000000000000000027105054 -0.000000000000000000006776264 -0.000000000000000000006988022  0.000000000000000000006776264  0.000000000000000000009317362  0.000000000000000000000000000 -0.000000000000000000006776264  0.000000000000000000013552527  0.000000000000000000003388132 -0.000000000000000000010164395  0.000000000000000000006776264  0.000000000000000000006776264 -0.000000000000000000005082198  0.000000000000000000006776264  0.000000000000000000006776264  0.000000000000000000000423516 -0.000000000000000000013552527  0.999999999999999958420846685 -0.000000000000000000013552527 -0.000000000000000000001694066  0.000000000000000000000000000  0.000000000000000000006776264 
 18  0.000000000000000000000000000  0.000000000000000000000000000  0.000000000000000000002117582 -0.000000000000000000006776264 -0.000000000000000000000847033  0.000000000000000000013552527  0.000000000000000000006776264  0.000000000000000000006776264 -0.000000000000000000003388132 -0.000000000000000000001694066  0.000000000000000000000000000  0.000000000000000000006776264 -0.000000000000000000004235165  0.000000000000000000013552527  0.000000000000000000000000000 -0.000000000000000000013552527 -0.000000000000000000013552527 -0.000000000000000000013552527  1.000000000000000003469446952  0.000000000000000000000000000  0.000000000000000000000000000 -0.000000000000000000003388132 
 19  0.000000000000000000020328791  0.000000000000000000007623297 -0.000000000000000000005029258 -0.000000000000000000005929231 -0.000000000000000000000211758  0.000000000000000000010164395 -0.000000000000000000005929231  0.000000000000000000002541099 -0.000000000000000000005929231 -0.000000000000000000012281978 -0.000000000000000000004235165  0.000000000000000000013552527  0.000000000000000000000317637 -0.000000000000000000020328791 -0.000000000000000000001694066 -0.000000000000000000002249931 -0.000000000000000000005082198 -0.000000000000000000001694066  0.000000000000000000000000000  0.999999999999999932887885523  0.000000000000000000013552527  0.000000000000000000001694066 
 20 -0.000000000000000000003388132  0.000000000000000000009317362  0.000000000000000000005770412  0.000000000000000000008470329 -0.000000000000000000002329341  0.000000000000000000008470329  0.000000000000000000013552527  0.000000000000000000002541099 -0.000000000000000000001270549  0.000000000000000000002541099  0.000000000000000000010164395  0.000000000000000000003388132  0.000000000000000000017787692 -0.000000000000000000005929231 -0.000000000000000000006776264 -0.000000000000000000003705769 -0.000000000000000000001694066  0.000000000000000000000000000  0.000000000000000000000000000  0.000000000000000000013552527  0.999999999999999944922529638  0.000000000000000000000000000 
 21  0.000000000000000000006776264  0.000000000000000000003388132 -0.000000000000000000007305659  0.000000000000000000013552527  0.000000000000000000001270549 -0.000000000000000000003388132  0.000000000000000000001694066  0.000000000000000000001694066 -0.000000000000000000003388132 -0.000000000000000000003388132  0.000000000000000000001694066  0.000000000000000000000000000  0.000000000000000000001694066 -0.000000000000000000015246593  0.000000000000000000000000000 -0.000000000000000000000423516  0.000000000000000000000000000  0.000000000000000000006776264 -0.000000000000000000003388132  0.000000000000000000001694066  0.000000000000000000000000000  0.999999999999999995012670007 

