
  0  0.114707866935280235681305153 -0.114707866935281833754649815 -0.114707866935275691823881584 -0.114707866935281201366627658 -0.114707866935281612760365744 -0.114707866935280712872562581 -0.114707866935281917028152925  0.114707866935282116616220353 -0.114707866935281481693875618 -0.114707866935281320432354988 -0.114707866935280884989657463 -0.114707866935281372440177949 -0.114707866935278407364076636  0.114707866935282109284303161 -0.114707866935281634031057116  0.114707866935280707905561379 -0.114707866935280366700361434 -0.114707866935281427090743706 -0.114707866935281698602072751  1.147078669352821166162203527e-01

  0  0.229415733870560471362610305  0.009052710019093258120604652  0.060076833103214388441819412  0.306143079495198629095056853  0.226590106680491458802126185  0.455169597131822346760925135 -0.090698474756546229571185173  0.244501388242679807308679364 -0.280489694812152478886656606 -0.350669385446576395475243651 -0.218602394698318634123348700 -0.183346988538522347124328643 -0.152626605358167209922103970  0.011499631852930450268224856  0.112689592819290690229694189 -0.194629146014063169706177422  0.045867299938431323839678304  0.266197588048829897902853095 -0.305623836883278947800868589 
  1 -0.229415733870563667509299630 -0.362083203583202661277095150  0.008051742725361033410997811  0.372144578741950881716881588  0.434548852056704022083942138 -0.072734295036190988699767706  0.120468554938080526409518219 -0.090437384418366936385811402 -0.181101843364887682806953044  0.334680551622274792956772405  0.038805241331286203489093958 -0.037416701110466698422367133  0.077814686051643579511568130  0.243584070629783961526139760 -0.422251215549855992418453246  0.095436472833535364574503949 -0.001784917417042445910792912  0.242621420968756429641793870  0.038955119378177116639083407 
  2 -0.229415733870551383647763168 -0.513872594353024909246199781  0.343840868686434667297760828 -0.286656242317497641147391874 -0.039422868612454199124356087 -0.037830923679375728214507564  0.243338979616647790350531660  0.291134875331952891442614112 -0.047789274122973059905127111 -0.242321552422809033725502326 -0.257773175245570726520430438  0.256873197002449612423797057  0.202420188786158192310047146 -0.207163819235945599576292388 -0.082367452178209157172500497 -0.165000377325613414153642616 -0.125051792492037411284335445 -0.052818846676251717663926706 -0.078637363873088669199583247 
  3 -0.229415733870562402733255317  0.007674702775189406142540278  0.348997639830066575493405789 -0.219866668163458631323641836  0.152975080636370276327448518  0.037792258967410009946414013 -0.150245008675007500972701027 -0.158136135749466571356436177  0.162336789051890854489222996  0.003529958747873033074853993  0.329608492736444284344765610  0.127353942548343514212143626  0.080470683121857070655921513  0.282768891091227195580537490  0.263775436920330665389400684  0.121837727437117036837106992  0.253708139736650261459802169  0.147168025686348501580944653 -0.544656009835470426112477571 
  4 -0.229415733870563225520731489 -0.101714204252507765872904841 -0.194471156880517496615785530  0.274714115531918372833507930 -0.233984874743780286995907362  0.239355518731286022509003111  0.205984969652832694715898637 -0.065267296343459897209229696 -0.215195789630336021478742778 -0.254036161343080347141572262  0.561920212286604484259490422  0.239344862278444116675149393  0.083724860394458113269870042 -0.045664205470762738015537288  0.053712247693823533607786680 -0.244878596884243991679895418  0.270578131431353377571663935 -0.097871956196438003454959962  0.162435264065418075778656458 
  5 -0.229415733870561425745125163  0.207562993933148292829515662 -0.313412819383263194174173843 -0.067449788527812292593258472  0.140156082168110696168565436 -0.185400822363758341788106745  0.153560084995742696250295260 -0.217281213738226772961940891 -0.093410380866301759957752524 -0.316180255094237952219167823 -0.077804466860304696034975579  0.361416132996460421554192968 -0.298853681978456588332190499  0.227346369692421440238789231  0.011375263148060069274555102 -0.081549788364485579278872953 -0.494944926395007919083706208  0.118444811733520346619472768 -0.156684443959473210030721411 
  6 -0.229415733870563834056305851 -0.147854688314074001666427981 -0.206754039164522174340694882 -0.036391935233915306904952476 -0.217692280106691109204481924 -0.245059162066861027813851476 -0.197199087045677954712686632 -0.075721399678056183973147344 -0.160406920332226360107678691  0.180700322175230483959500888  0.167145727957718769675918638 -0.379688280796617346651063846 -0.059194775047849109216133601 -0.458059523160138215255084843  0.023206216333682387158155163 -0.260825109906966678621634617 -0.165015690026169601899185858  0.236323202466413576807563977 -0.365946928482780842910911806 
  7  0.229415733870564233232440705  0.100976335573117183590978550  0.106449811971479133423208133 -0.215401646000514965280793304 -0.130527474412478792367762852 -0.205215836646920805726103561  0.302945658055518408138242700 -0.248300746444493186001188124 -0.267062118569942691761239656  0.082789659438637827668214155 -0.166714395838329805619049823  0.136109439416962899827771676 -0.038470174318857330377256169 -0.035958646728842718006839479  0.088779424854876044938918264 -0.125849460337404500770669240  0.378317164005244939081751276  0.585132185956754347110671949  0.174270766950277706790347308 
  8 -0.229415733870562963387751236  0.200838182316188042065923346  0.410637010771843084181841749  0.006703555007608958616796530  0.020862623519027416325698080 -0.148002448565074689018194326  0.220941304246660426321004038 -0.285029685043069487884997287 -0.157591828897893169430925210 -0.195217822787043473046803173 -0.076261016556287996501206899 -0.506125139601539505908745636 -0.154505004904147529807287645  0.155789293166819993292590042 -0.108022647249494080275980176 -0.253306116354881591401244229  0.082629835125192432120706972 -0.356554833883092041959270505  0.055769124201898829625354123 
  9 -0.229415733870562640864709976  0.096522333466325986696735233 -0.043769131700707851960577581 -0.291720769136596618778187184  0.304634987262205178234000802  0.267725286933753622175711714  0.295358504259328714111956793  0.198650682975778781550455811  0.242528699396879209154438521  0.032051462244393571438872727  0.187941530887518448350906840 -0.123044870241917708570647712 -0.497184845390997399430452197 -0.336136182879342994788123694 -0.120339837323634821805544426  0.154187078369999253356923199  0.126256329035809634932772429  0.132271776402871044336743978  0.132948964618304667651554896 
 10 -0.229415733870561769979314927  0.239500207973620093148997730  0.402133913292814363504975791  0.409102052932503876329613582 -0.098276482462109123909360306  0.051908013275552905979321871 -0.307409275434973493944983483 -0.209972446750590913580711457  0.237480946128224600005026008 -0.013105489658709301806610830 -0.157241276373108807874745541  0.335851679617344521039867464 -0.109878686466707818125459941 -0.373533674907345750805824289 -0.175573363098253369202423127 -0.051107636292252853762129155 -0.015942328321957678982111520  0.147449182562518610705554721  0.094159580960738157925514653 
 11 -0.229415733870562744880355899  0.123558639894575135141088166  0.215152365493792575119533228  0.082112089689603333654793586 -0.399262229447957775593704838 -0.047807331347596769725248047 -0.028594298986534204489419410  0.545502300763404789117963500 -0.216171159317403985896006990  0.320828578727390846314420844  0.041268264210539567203323702  0.058459127886093136498976350 -0.332735362448362949371657299  0.345477465674402300330496016  0.107355213994949392778614598  0.005689858030417382974563848 -0.102359740220233877559168154  0.083373936614919941387946093  0.071744350549926571349599116 
 12 -0.229415733870556814728153272  0.345772849086334282210425037 -0.181518978758334405135613232 -0.191815291685648404537332078 -0.014944035034445781688272809  0.444381745981588322977860750  0.114089931792881324552272997 -0.013983627436554868175453900  0.050943043922822256352236350  0.384955313855030945653559055 -0.245127333324525787942491616  0.053034408663787117552292473  0.351907347136000315732107246  0.083576298650850601207502877 -0.153535437450058667678142073 -0.400980007193570591551628687  0.006896083514645207040549401 -0.033341071490926892264525282 -0.130881219275403852896999361 
 13  0.229415733870564218568606323  0.051607898007393789621802304 -0.041874223882139013404860743 -0.181808616226022583947847557 -0.037891056075027879382290021 -0.204839082293586367041621221 -0.269178230175671475029024887  0.222645868321520792551017343  0.188093107675258918820397624 -0.206248407989341822672975900  0.204199727156141260835044322  0.056321918439955218452805472 -0.089120045981491525670164719  0.197960119475095953580799299 -0.632924248053154245329584432 -0.359795866300960860554355308  0.185029497670080495466010152  0.079532923832124845379195222 -0.062841599506822615837779190 
 14 -0.229415733870563268062114232 -0.299080699649915485345552657 -0.305213955284899782883318783  0.094871458857883487496742876 -0.398697945830390243997622471  0.087601866539539739568449167  0.025260090837611072233073110 -0.144212319831336053166295080  0.306489355627149005599366496 -0.127316567117258528361346814 -0.413631563847250436992799075 -0.109085085556687814791246814 -0.224782944710146478559630034  0.211477851149448218317497203 -0.069649621862279173417132651  0.170367759951880467611225536  0.351318286554227702519559787  0.026688540813539735678010180 -0.145926096916350742072575331 
 15  0.229415733870561415811122757 -0.170339717969333856469982096  0.215883352392868158413905856 -0.210066850344030843017939167 -0.354572943145486420887108059  0.470494761816033873639891424  0.010791490870013095806199022 -0.348777993366286980425530068 -0.114237317233182680547979356  0.022961764828740871964937080  0.184561273107938324673218608 -0.066537216778288716087009537 -0.098143060621770570444431011  0.087533591668772557267111292 -0.299181784891022664162746336  0.193239410025620167682229578 -0.388779290748963790699723603  0.106671224140396630329803967 -0.005319888181671657021432189 
 16 -0.229415733870560733400722868  0.282086709663277176958007600 -0.095656893623272557621777055 -0.166257471226171277142941510 -0.044643099266191903929111616 -0.015429451901405403735031453 -0.193716055767494702266042980  0.091545473768833924866359167 -0.517603811789424464407868842 -0.197904797604328181191745209 -0.091598042110070315317610010  0.026702703992002810553705282  0.187420218561209698650911644 -0.142693143845417616557527847 -0.305199437418382333756872518  0.516049262488808301138805412  0.200671367013237157749059453 -0.062241513850093861382584788 -0.087170517839176811342139731 
 17 -0.229415733870562854181487412  0.147015806339946820979237840  0.014290418559674652791986857  0.033306611937326226833124086 -0.093928900216362780635861486 -0.013782025177497321371457187  0.037086330551108673036418651  0.143860898262679451288688359  0.283111993754234971074762450 -0.335744101841618264097863444  0.085208257475179368302007580 -0.348547033462871212738942717  0.432606461263191279263467734  0.144419548455747051660807978  0.050779899529466440501098692  0.099543100044029931734181592 -0.211439014038289472676508847  0.475764368557283971402933204  0.283168380796088441742975120 
 18 -0.229415733870563397204145502 -0.234629809665616527613219051 -0.061771210979034498884086574 -0.313930329483090077286175021  0.191273723125460943988236824  0.152891209715978131062448162 -0.585064580987877009134005835 -0.140584205360087987376864482 -0.167315842499773448871975591 -0.026085808671652140774979375 -0.089016642840761170994234950 -0.012581791674694137930818488 -0.117589030648116711597842704  0.129845457256199647903772629  0.196097719239832114635608239 -0.192498689460596444361227715  0.044914907364413617037640679  0.030256878268732796583535892  0.471207237989691760701293360 

  0  0.999999999999999958366636577  0.000000000000000000039810549 -0.000000000000000000028799120 -0.000000000000000000013552527  0.000000000000000000000000000 -0.000000000000000000010164395  0.000000000000000000013552527 -0.000000000000000000013552527  0.000000000000000000006776264  0.000000000000000000020328791  0.000000000000000000001694066  0.000000000000000000016940659  0.000000000000000000027105054 -0.000000000000000000015246593 -0.000000000000000000020328791  0.000000000000000000006988022  0.000000000000000000010164395  0.000000000000000000006776264  0.000000000000000000013552527 
  1  0.000000000000000000039810549  1.000000000000000031983964088 -0.000000000000000000033881318 -0.000000000000000000022022857  0.000000000000000000000847033  0.000000000000000000004235165  0.000000000000000000006776264  0.000000000000000000012281978 -0.000000000000000000002752857 -0.000000000000000000024140439  0.000000000000000000015881868 -0.000000000000000000005082198  0.000000000000000000000847033  0.000000000000000000032822527 -0.000000000000000000002541099 -0.000000000000000000000489691 -0.000000000000000000019270000 -0.000000000000000000006776264 -0.000000000000000000005082198 
  2 -0.000000000000000000028799120 -0.000000000000000000033881318  0.999999999999999954897189625  0.000000000000000000027105054  0.000000000000000000006776264 -0.000000000000000000024563955  0.000000000000000000011858461  0.000000000000000000000000000 -0.000000000000000000007199780 -0.000000000000000000002541099 -0.000000000000000000021175824 -0.000000000000000000016093626  0.000000000000000000005929231  0.000000000000000000004235165  0.000000000000000000001694066  0.000000000000000000000238228  0.000000000000000000009317362  0.000000000000000000008470329  0.000000000000000000006776264 
  3 -0.000000000000000000013552527 -0.000000000000000000022022857  0.000000000000000000027105054  0.999999999999999956306652449 -0.000000000000000000006776264 -0.000000000000000000013552527  0.000000000000000000000000000 -0.000000000000000000006776264  0.000000000000000000005082198  0.000000000000000000013552527  0.000000000000000000013552527  0.000000000000000000020328791 -0.000000000000000000020328791 -0.000000000000000000023716923  0.000000000000000000013552527  0.000000000000000000005717472 -0.000000000000000000006776264 -0.000000000000000000013552527  0.000000000000000000000000000 
  4  0.000000000000000000000000000  0.000000000000000000000847033  0.000000000000000000006776264 -0.000000000000000000006776264  0.999999999999999986989573930 -0.000000000000000000013552527 -0.000000000000000000023716923  0.000000000000000000013552527  0.000000000000000000006776264  0.000000000000000000006776264 -0.000000000000000000005929231  0.000000000000000000000847033  0.000000000000000000015246593  0.000000000000000000005082198 -0.000000000000000000006776264 -0.000000000000000000002170522 -0.000000000000000000008470329  0.000000000000000000006776264 -0.000000000000000000006776264 
  5 -0.000000000000000000010164395  0.000000000000000000004235165 -0.000000000000000000024563955 -0.000000000000000000013552527 -0.000000000000000000013552527  0.999999999999999932291574328  0.000000000000000000016940659 -0.000000000000000000003388132  0.000000000000000000005082198 -0.000000000000000000006776264  0.000000000000000000001694066  0.000000000000000000015246593 -0.000000000000000000016940659 -0.000000000000000000017787692 -0.000000000000000000006776264  0.000000000000000000009740879 -0.000000000000000000005929231 -0.000000000000000000003388132  0.000000000000000000000000000 
  6  0.000000000000000000013552527  0.000000000000000000006776264  0.000000000000000000011858461  0.000000000000000000000000000 -0.000000000000000000023716923  0.000000000000000000016940659  0.999999999999999977394384704 -0.000000000000000000006776264  0.000000000000000000018634725  0.000000000000000000003388132 -0.000000000000000000003388132 -0.000000000000000000008470329  0.000000000000000000003388132 -0.000000000000000000010164395 -0.000000000000000000013552527  0.000000000000000000006246868 -0.000000000000000000003388132  0.000000000000000000000000000  0.000000000000000000000000000 
  7 -0.000000000000000000013552527  0.000000000000000000012281978  0.000000000000000000000000000 -0.000000000000000000006776264  0.000000000000000000013552527 -0.000000000000000000003388132 -0.000000000000000000006776264  0.999999999999999960047149944  0.000000000000000000005929231 -0.000000000000000000001694066 -0.000000000000000000010164395 -0.000000000000000000010164395  0.000000000000000000011858461  0.000000000000000000001694066 -0.000000000000000000008470329  0.000000000000000000004870439 -0.000000000000000000003388132  0.000000000000000000030493186 -0.000000000000000000006776264 
  8  0.000000000000000000006776264 -0.000000000000000000002752857 -0.000000000000000000007199780  0.000000000000000000005082198  0.000000000000000000006776264  0.000000000000000000005082198  0.000000000000000000018634725  0.000000000000000000005929231  0.999999999999999960047149944 -0.000000000000000000000423516 -0.000000000000000000017364175 -0.000000000000000000000423516  0.000000000000000000009740879  0.000000000000000000001058791 -0.000000000000000000006776264 -0.000000000000000000007146840  0.000000000000000000008893846  0.000000000000000000006776264 -0.000000000000000000005082198 
  9  0.000000000000000000020328791 -0.000000000000000000024140439 -0.000000000000000000002541099  0.000000000000000000013552527  0.000000000000000000006776264 -0.000000000000000000006776264  0.000000000000000000003388132 -0.000000000000000000001694066 -0.000000000000000000000423516  1.000000000000000009540979118 -0.000000000000000000016940659  0.000000000000000000010164395  0.000000000000000000022022857  0.000000000000000000009317362 -0.000000000000000000001694066 -0.000000000000000000006352747 -0.000000000000000000007623297 -0.000000000000000000003388132  0.000000000000000000006776264 
 10  0.000000000000000000001694066  0.000000000000000000015881868 -0.000000000000000000021175824  0.000000000000000000013552527 -0.000000000000000000005929231  0.000000000000000000001694066 -0.000000000000000000003388132 -0.000000000000000000010164395 -0.000000000000000000017364175 -0.000000000000000000016940659  0.999999999999999964383958634 -0.000000000000000000048704394  0.000000000000000000021175824  0.000000000000000000009740879 -0.000000000000000000001694066  0.000000000000000000009211483  0.000000000000000000000000000 -0.000000000000000000005082198 -0.000000000000000000030493186 
 11  0.000000000000000000016940659 -0.000000000000000000005082198 -0.000000000000000000016093626  0.000000000000000000020328791  0.000000000000000000000847033  0.000000000000000000015246593 -0.000000000000000000008470329 -0.000000000000000000010164395 -0.000000000000000000000423516  0.000000000000000000010164395 -0.000000000000000000048704394  0.999999999999999911800153268  0.000000000000000000005082198  0.000000000000000000000423516  0.000000000000000000005929231 -0.000000000000000000001429368 -0.000000000000000000005505714 -0.000000000000000000006776264  0.000000000000000000006776264 
 12  0.000000000000000000027105054  0.000000000000000000000847033  0.000000000000000000005929231 -0.000000000000000000020328791  0.000000000000000000015246593 -0.000000000000000000016940659  0.000000000000000000003388132  0.000000000000000000011858461  0.000000000000000000009740879  0.000000000000000000022022857  0.000000000000000000021175824  0.000000000000000000005082198  0.999999999999999936086281932 -0.000000000000000000006776264  0.000000000000000000000000000 -0.000000000000000000013605467  0.000000000000000000002541099  0.000000000000000000003388132 -0.000000000000000000003388132 
 13 -0.000000000000000000015246593  0.000000000000000000032822527  0.000000000000000000004235165 -0.000000000000000000023716923  0.000000000000000000005082198 -0.000000000000000000017787692 -0.000000000000000000010164395  0.000000000000000000001694066  0.000000000000000000001058791  0.000000000000000000009317362  0.000000000000000000009740879  0.000000000000000000000423516 -0.000000000000000000006776264  0.999999999999999962974495810 -0.000000000000000000004235165  0.000000000000000000003943997  0.000000000000000000001270549  0.000000000000000000008470329 -0.000000000000000000010164395 
 14 -0.000000000000000000020328791 -0.000000000000000000002541099  0.000000000000000000001694066  0.000000000000000000013552527 -0.000000000000000000006776264 -0.000000000000000000006776264 -0.000000000000000000013552527 -0.000000000000000000008470329 -0.000000000000000000006776264 -0.000000000000000000001694066 -0.000000000000000000001694066  0.000000000000000000005929231  0.000000000000000000000000000 -0.000000000000000000004235165  0.999999999999999929310018354 -0.000000000000000000006088049  0.000000000000000000001694066  0.000000000000000000000000000  0.000000000000000000000000000 
 15  0.000000000000000000006988022 -0.000000000000000000000489691  0.000000000000000000000238228  0.000000000000000000005717472 -0.000000000000000000002170522  0.000000000000000000009740879  0.000000000000000000006246868  0.000000000000000000004870439 -0.000000000000000000007146840 -0.000000000000000000006352747  0.000000000000000000009211483 -0.000000000000000000001429368 -0.000000000000000000013605467  0.000000000000000000003943997 -0.000000000000000000006088049  0.999999999999999899711299045  0.000000000000000000003943997 -0.000000000000000000003494011  0.000000000000000000000423516 
 16  0.000000000000000000010164395 -0.000000000000000000019270000  0.000000000000000000009317362 -0.000000000000000000006776264 -0.000000000000000000008470329 -0.000000000000000000005929231 -0.000000000000000000003388132 -0.000000000000000000003388132  0.000000000000000000008893846 -0.000000000000000000007623297  0.000000000000000000000000000 -0.000000000000000000005505714  0.000000000000000000002541099  0.000000000000000000001270549  0.000000000000000000001694066  0.000000000000000000003943997  0.999999999999999936574172910 -0.000000000000000000001694066  0.000000000000000000006776264 
 17  0.000000000000000000006776264 -0.000000000000000000006776264  0.000000000000000000008470329 -0.000000000000000000013552527  0.000000000000000000006776264 -0.000000000000000000003388132  0.000000000000000000000000000  0.000000000000000000030493186  0.000000000000000000006776264 -0.000000000000000000003388132 -0.000000000000000000005082198 -0.000000000000000000006776264  0.000000000000000000003388132  0.000000000000000000008470329  0.000000000000000000000000000 -0.000000000000000000003494011 -0.000000000000000000001694066  0.999999999999999962323974506  0.000000000000000000000000000 
 18  0.000000000000000000013552527 -0.000000000000000000005082198  0.000000000000000000006776264  0.000000000000000000000000000 -0.000000000000000000006776264  0.000000000000000000000000000  0.000000000000000000000000000 -0.000000000000000000006776264 -0.000000000000000000005082198  0.000000000000000000006776264 -0.000000000000000000030493186  0.000000000000000000006776264 -0.000000000000000000003388132 -0.000000000000000000010164395  0.000000000000000000000000000  0.000000000000000000000423516  0.000000000000000000006776264  0.000000000000000000000000000  1.000000000000000008456776945 

