
  0  0.109108945117995529098945447 -0.109108945117995066720600200 -0.109108945117995853045002059  0.109108945117997177709663875 -0.109108945117997041493213429  0.109108945117995441102386623  0.109108945117997065440528914 -0.109108945117996602811461914  0.109108945117996373360400898  0.109108945117997019375489110 -0.109108945117995781074306597  0.109108945117996914756755729  0.109108945117996230604856100  0.109108945117996093717555560 -0.109108945117996586399351528  0.109108945117995186443625097  0.109108945117995514048864041  0.109108945117996140317920186  0.109108945117997062967192708  0.109108945117996709781558757  0.109108945117994572419277237  1.091089451179971777096638745e-01

  0  0.218217890235991058197890895 -0.199913824024398201334158480 -0.254950605534565150322437108  0.179904435304567769627562962  0.422367892073900563819702225 -0.169309595825313290284722979  0.049805904062139403690303912 -0.117586417869316271822609319 -0.010977061378400640264375540 -0.393515362350419942302163362  0.022837380627908215046403904  0.315430030573723479232414735 -0.222700291043844526893500518  0.081336893096964607228745257  0.092824902142939332010021080  0.089083196625495793585021876 -0.047761906651984633991205433  0.060097431547585699062485236  0.478053938566200563336410292  0.059762309602739940868180741  0.161017239928082456500461547 
  1 -0.218217890235990133441200400 -0.169629198522357406322524226  0.294529266506127436367305783 -0.246582941650234465500086435  0.157915106521488903741396066  0.270937970279406370032338619  0.085380987249812085118378518 -0.183563580781345902850367445 -0.055107521853426395415771972  0.119684852437726311711870073  0.135965724678945971658759230  0.064259040144833627225746161  0.419347142311926310531385378  0.265548862807425747835279178  0.324013082427058650761535902 -0.007737464358302922178130620 -0.213208201368864998776864010 -0.252682924586026669516551635  0.358237948487640775284803277 -0.001925826329333864524025111 -0.087703340748963755929968993 
  2 -0.218217890235991706090004118 -0.260636326533362223511341993 -0.205182358492720819294081319  0.157125924819230842544633825  0.175395534257734058618347778  0.016694813312386836636313082  0.381261250456385122128023096 -0.234240219635069835089360123 -0.255941311675500622353079949  0.211388104965460182175780550  0.038367008239085559091735957 -0.218656931713242300046912310 -0.235421108822043790670354088  0.028450551905157905471655390 -0.170194321222335955364922053  0.311042227608244044334030731  0.227212567918794739639997901 -0.249060019735546077119126701 -0.077592610092137370151525819 -0.020446423755267549564153327 -0.353377392826118572852515595 
  3  0.218217890235994355419327749  0.212641506672787877440492128  0.266001827300089326640720327 -0.243170088486506838401212532  0.215078320170113734702364156 -0.303311197924683736211644292  0.268879894486361829429241221 -0.108308314191187927266876376  0.286874091416369483170147048  0.339014507204933773060716307  0.056005353646297929949636040 -0.115626377735472263310321540 -0.053304891550526933563920696  0.105814368986930357652460899  0.032167958629932792796556193  0.353169151581788038599292456  0.024884232740682766747743475  0.300456283705818271524473281  0.007435901401689131670087453  0.318146819808796737887035544  0.096392785605716875210356373 
  4 -0.218217890235994082986426858 -0.152117037272182395888568511  0.040744247587826241974330978  0.312850977730374168084455377  0.122947330304613962184202055  0.194231582539197738574874783  0.176989663937340028354713514  0.068112377288787526394557743  0.126411564834867253155625821 -0.030130627812845028322158870  0.344496650281916827707152581  0.440133330336247017259979422  0.061179110991448627207182171  0.062967069056150753849699416  0.124863510872213048074209473  0.088525261689649484160558306 -0.114184596550812107392002589  0.186016755972158851243844491 -0.546742293361327042042381585  0.136501967819008267535411082  0.123613428687915205019236947 
  5  0.218217890235990882204773246  0.121731295631194421865989980  0.060162302126848160194622908  0.417231909773967500344423256 -0.057458482835415553398794239 -0.278005687899597984377242713  0.320799627175399601621908277  0.153491515055739141613878017 -0.130339483326000012911732862 -0.018986499028324280826786970 -0.270478399368688493276677645  0.015939843140010699032872027  0.461901057116257914134018620  0.157432774402500719063417896  0.258653212008469901480580896  0.081858310496083790249940981  0.158982397489660248995728409  0.046560088645832704559647964 -0.031129438234665188276714979 -0.340049687224123106714596468 -0.079071294496419325232802224 
  6  0.218217890235994130881057827  0.338622756899964279817070306 -0.107175026459099627162757304  0.068009491227596081880716044 -0.142911588828543423759114862 -0.210604151225241375129356228 -0.173547002139029791058580376  0.059592069673401296700607915 -0.181688094345851638427452070  0.212486570132240470249428144  0.155772346785650294464305350  0.403671995587070653950696741 -0.102213819545475870936585699  0.087456608351663858607932985  0.071350019853755561125691325  0.045507413435557506989370159 -0.263956837994760028378400316 -0.322652789081648447749904943 -0.009688158685282730023793300  0.242201841871864160908589536 -0.447199380111767124540162605 
  7 -0.218217890235993205622923828  0.128043575847608824772191037  0.189096869540816068863274720 -0.054106050074918566822139952  0.075279655980596293395382644  0.088611589878219682595234322  0.327205097153740497554911051  0.385560250311889624996036785 -0.243595267595589964087945782 -0.026538579630901539348528757 -0.406665210450113801405594080 -0.025448874863934199644065486 -0.469545973222868617743272837  0.144737449781015628305354086  0.218662421745681619848853533 -0.168526144153098764361976836 -0.258272978681813639785687375 -0.006336122790947214193246642 -0.011585644711107580019750554  0.102548850962280542799818280  0.083440722509827599048673821 
  8  0.218217890235992746720801796  0.114282554440583479273007856 -0.601801315355284403320335063 -0.299919272348496270870097866  0.232370308375614384306076694  0.190007174990134941708645397  0.114764206207786235269102931 -0.054484863412771777080854420  0.184269923216386127392206994  0.157304079395169397925422460 -0.186768251956411236540649828  0.005391634105039593803925402  0.098392015735532760892082839  0.142206073158955344497723222  0.235378649530753547298566469 -0.210962588470277869029628585  0.097598524302624866129233540 -0.220320660303959072791064183 -0.280244585285208501880625104  0.000159396094373438502016033  0.144702876868583517203439848 
  9  0.218217890235994038750978220 -0.114117302424745413527696052  0.133657189027681440598115635 -0.510446952733557289148477731  0.111202882225444346174622525 -0.152111770828254662475047081  0.183492458133364562606389819  0.049008678959653703105622986 -0.202149713153696474572315611 -0.126384977951795522568920888  0.207282210014616962950157429  0.222495087018662319856636932 -0.085111205261470216867523628  0.068582832835105404362650589 -0.234101105371054952803029636 -0.078220412616805444346805131 -0.097313532592591418365272730  0.094605815942927918184692047 -0.209955185137291125080176955 -0.535957515628025646468174381 -0.132036739988708393475505889 
 10 -0.218217890235991562148613193  0.185960342924584935188087736  0.070846860927707352249675134  0.048416963315590472173544859  0.225132863846960723004262880 -0.292387872396304554842424647 -0.223139907780621546008596214  0.169562477328710954963247176  0.107598284866601100583506471 -0.127814361482159599984944481  0.130094333718981917122695102 -0.177344452573604507397871111 -0.012007914274701966047143725  0.202753194601530608502486241 -0.100083598620317639204006441  0.281173896399291965361721957 -0.095278655526230996664570870 -0.530747155577434165125289001 -0.147572229644992569767012261 -0.200807586477232619828303499  0.369090848627901621016068889 
 11  0.218217890235993829513511458 -0.216986398867096986356277875 -0.146590587523684365409051139  0.088665142496658382617689270  0.075114928886612308023035429 -0.029536638393741876198631902 -0.002759452893466993609069253  0.034055709119316253615016108 -0.410105706751940456763084325  0.324621145301470300870236990  0.007465543688458811402281466 -0.171267180298035469278219306  0.194198202956066806883390907 -0.321360094263990769917213944 -0.090730964245215715124187866  0.078943310023638884879884463 -0.534210552560996942939811755  0.043808133742069206308214534 -0.031925014169022785322812723  0.038116556313787092960131044  0.346540277574453259290792467 
 12  0.218217890235992461209712200 -0.094228911158417726327428312  0.120142759831594756093778656 -0.159975892145372390723534993  0.051274409704413135940826666  0.113429833180623468435869496  0.147993649715985342720609916  0.240843383900174866200667029 -0.150858926417653508295752506 -0.416535758096365084845666416 -0.134183062813252713721379715  0.000023390072638252146615816  0.325337134731733552538580218 -0.010107061553338466855484585 -0.342604383327544871265654333  0.102634480029781332584412276  0.136197385631231966809451608 -0.225181830783569772604481643 -0.122204686651042778414058120  0.522821718125292012014585646 -0.049148513842967985490667662 
 13  0.218217890235992187435111120 -0.227420001609531662707056748 -0.019349018786226195361778023  0.012025920591581768989279970 -0.283716471544388460418245276  0.315784657881993132978173597  0.136602895687315841873814108  0.325720470655332736570905863  0.449410454987898199340733141  0.155247500296321795307252778 -0.134070479456346395457679022  0.170020866262246444586422010 -0.120261629478918637667134075 -0.052165929828506696057529267 -0.116791161420546684308061428  0.395058251174366950950059621 -0.131186952763165633672678978 -0.187165412382200915174202890  0.190247554201616783428455994 -0.216536549610925617277115869  0.000967110786494721955097320 
 14 -0.218217890235993172798703056 -0.043675722626478490679573837 -0.054561313033613589152894712  0.046557069851729076798011516  0.099775744192770228815079266 -0.051845986168806384430658533 -0.135285791086860666384899740  0.091008684132984386310697821 -0.077723992632790888888396578  0.406376907223131935640572307 -0.254164807565723493493680882  0.353633014719772009650661238  0.131274472273388559742657300  0.379020551779709220178299356 -0.524554954353836967847948131 -0.143627683620400677929696345  0.157565566603929137846950084  0.132449576573755774231452680  0.145256225575494240997097804  0.018755334690571064759450053  0.157366697015409439584744319 
 15  0.218217890235990372887250194  0.017806269792121359486961984  0.278132086660073951222150318  0.037233427985078510811622725 -0.287453337614956164913380607  0.048572370087623866390856521  0.171704667083057583031090523 -0.290903715054875474087811918 -0.215668486374843161961748113  0.129148900480290957154734001  0.094451808687393961812826023  0.240647864736776278250210588 -0.191578313707238184651453217 -0.091232147597384233323619413  0.068953347207390574898793791 -0.120302035538582536345383455  0.362262033573205682521461285 -0.334311826486033495005323335  0.008828860774143291022405221  0.023212848996326603901661475  0.486139287628182602333777942 
 16  0.218217890235991028097728081  0.440045259585713778197968785  0.018562093741091448894855878  0.138446922527889961927922979  0.254472696647067685583442492  0.556243276629620463059281571 -0.086362860605844418693515657  0.207337602172065009400060004 -0.253308703699329609517658726  0.047708283926982715204958901  0.311392795229753765930830189 -0.139854779844459947108306110 -0.048926213790124232426133680  0.101452851025977056551843816 -0.075978745825497178721977774  0.131017795622659198985851536  0.180322764578977150776639346  0.158243787578364244447758427  0.143767171505997741359794174 -0.132068126361136685661457936  0.018951879144049534900928148 
 17  0.218217890235992280635840372 -0.390022486508918980675948707 -0.093924653984241357994322552  0.043484277851707560851528917 -0.287526456086072298919424292 -0.110499350184776817538679673 -0.060429359743637441669490478  0.242697088146534570353451445 -0.046597545067427419985259859  0.041035487879625549865954563  0.336235753558187094072436454 -0.320452535950837003937046246 -0.112191819240688058393153916  0.576904789799729554263842124  0.111651427690891700121610976 -0.159446294079197418381232086  0.046819758521288104776862443  0.065871234389110998391433666 -0.000321006380521075226582546  0.142632200137115917713695815  0.048430610042723591722284293 
 18  0.218217890235994125934385415  0.135628704204391892565711303  0.123789531582334169430468455  0.238299043029971464489284033 -0.082486094523146508986565732  0.204782956865889148869125207  0.056426237576593821766127342 -0.531578879575891328189158475  0.125115342166000462678491535 -0.178754464510184728621815242 -0.202374445393284511444096686 -0.137639263339975401266145755 -0.067968117547831653881072311  0.372110523792968452271327437 -0.288748817666426542302400907 -0.076548453647027499414229584 -0.402061838072008684936888695 -0.006850513153126902115561326 -0.151453574043662437235589421 -0.048397980095098535316459855 -0.023787406898747756891322270 
 19  0.218217890235993419563117514 -0.305884694458745469864422231  0.262622232494998292403297346 -0.019856047858033288648380390  0.217595995866966318660839196  0.097340530493878728583896642 -0.548410224965654931252468512 -0.068459404313368840663052862 -0.141889495822488509484604266  0.081344332851843244564622130 -0.363189207123093925664398737  0.054135399519437292937401596 -0.131067365076470567880314103  0.071661664825429527402587179  0.260609418933683811652173706  0.253595215365570362143089050  0.152502232452117147246443106  0.035564721934423454919249000 -0.274935816182266147105752938 -0.031777088981031619932299433 -0.099686791782918917859894047 
 20  0.218217890235989144838554474 -0.144239094357090537126277717  0.296194757914533370827397940  0.274329626774735799306891015  0.418521232586556621605919370 -0.046540310404050626430223596  0.033450660149429448172607362  0.155015065381161249068110893  0.299555160495141228996522284  0.199232550168620400489580442  0.087714352775904166304387320 -0.106340847796748132383763425 -0.049679015039856936734343189 -0.206616467102021099668212982 -0.109927617293067949118159487 -0.524537246437680821677107534  0.020755993740735975697166323 -0.229084355439631883900723254  0.003525434572887728827372654 -0.007640426139929963140631173 -0.179780977190778876474426366 

  0  0.999999999999999900144979914 -0.000000000000000000015246593 -0.000000000000000000016940659 -0.000000000000000000024563955  0.000000000000000000001694066 -0.000000000000000000016093626  0.000000000000000000006776264  0.000000000000000000007623297  0.000000000000000000033881318  0.000000000000000000025410988 -0.000000000000000000006776264  0.000000000000000000016940659  0.000000000000000000000000000  0.000000000000000000000092644  0.000000000000000000001694066  0.000000000000000000006776264 -0.000000000000000000014187802 -0.000000000000000000002117582 -0.000000000000000000002329341  0.000000000000000000000000000  0.000000000000000000001694066 
  1 -0.000000000000000000015246593  0.999999999999999980972251873 -0.000000000000000000006776264  0.000000000000000000011858461  0.000000000000000000005082198  0.000000000000000000011434945  0.000000000000000000020328791  0.000000000000000000013129011 -0.000000000000000000019481758 -0.000000000000000000019481758  0.000000000000000000003388132 -0.000000000000000000008470329  0.000000000000000000008893846 -0.000000000000000000018052390  0.000000000000000000003388132 -0.000000000000000000006776264  0.000000000000000000020011153 -0.000000000000000000001270549  0.000000000000000000006776264  0.000000000000000000016940659  0.000000000000000000005082198 
  2 -0.000000000000000000016940659 -0.000000000000000000006776264  0.999999999999999943675697139  0.000000000000000000016940659  0.000000000000000000027105054  0.000000000000000000016940659  0.000000000000000000027105054  0.000000000000000000016940659  0.000000000000000000010164395  0.000000000000000000006776264  0.000000000000000000013552527 -0.000000000000000000020328791  0.000000000000000000010164395  0.000000000000000000010164395  0.000000000000000000006776264 -0.000000000000000000013552527 -0.000000000000000000002541099 -0.000000000000000000006776264  0.000000000000000000008470329 -0.000000000000000000013552527  0.000000000000000000006776264 
  3 -0.000000000000000000024563955  0.000000000000000000011858461  0.000000000000000000016940659  0.999999999999999959613469075  0.000000000000000000007623297 -0.000000000000000000010164395 -0.000000000000000000010164395 -0.000000000000000000002541099 -0.000000000000000000013552527 -0.000000000000000000001694066 -0.000000000000000000006776264 -0.000000000000000000006776264  0.000000000000000000002964615  0.000000000000000000014876016 -0.000000000000000000004235165  0.000000000000000000010164395 -0.000000000000000000021281703  0.000000000000000000012705494  0.000000000000000000001058791 -0.000000000000000000005082198 -0.000000000000000000035575384 
  4  0.000000000000000000001694066  0.000000000000000000005082198  0.000000000000000000027105054  0.000000000000000000007623297  0.999999999999999992085324141 -0.000000000000000000018634725 -0.000000000000000000027105054 -0.000000000000000000025410988 -0.000000000000000000023716923  0.000000000000000000023716923  0.000000000000000000006776264  0.000000000000000000020328791 -0.000000000000000000002541099 -0.000000000000000000007530652 -0.000000000000000000006776264 -0.000000000000000000003388132 -0.000000000000000000011646703  0.000000000000000000012705494  0.000000000000000000000635275 -0.000000000000000000005929231  0.000000000000000000005082198 
  5 -0.000000000000000000016093626  0.000000000000000000011434945  0.000000000000000000016940659 -0.000000000000000000010164395 -0.000000000000000000018634725  0.999999999999999998156856307  0.000000000000000000003388132  0.000000000000000000022446373 -0.000000000000000000012705494  0.000000000000000000011011428 -0.000000000000000000001694066 -0.000000000000000000003388132 -0.000000000000000000009105604  0.000000000000000000013016514  0.000000000000000000005929231  0.000000000000000000023716923  0.000000000000000000009635000 -0.000000000000000000004446923  0.000000000000000000000000000 -0.000000000000000000005082198 -0.000000000000000000014399560 
  6  0.000000000000000000006776264  0.000000000000000000020328791  0.000000000000000000027105054 -0.000000000000000000010164395 -0.000000000000000000027105054  0.000000000000000000003388132  1.000000000000000000542101086 -0.000000000000000000006776264  0.000000000000000000013552527  0.000000000000000000003388132  0.000000000000000000000000000  0.000000000000000000000000000 -0.000000000000000000022022857 -0.000000000000000000018740604  0.000000000000000000000000000  0.000000000000000000000000000 -0.000000000000000000006776264 -0.000000000000000000001694066 -0.000000000000000000019481758  0.000000000000000000000000000  0.000000000000000000006776264 
  7  0.000000000000000000007623297  0.000000000000000000013129011  0.000000000000000000016940659 -0.000000000000000000002541099 -0.000000000000000000025410988  0.000000000000000000022446373 -0.000000000000000000006776264  0.999999999999999979996469918 -0.000000000000000000003388132  0.000000000000000000012705494 -0.000000000000000000005082198  0.000000000000000000023716923  0.000000000000000000003388132  0.000000000000000000005353513 -0.000000000000000000001694066  0.000000000000000000003388132 -0.000000000000000000000317637  0.000000000000000000016940659 -0.000000000000000000009740879 -0.000000000000000000014399560 -0.000000000000000000000847033 
  8  0.000000000000000000033881318 -0.000000000000000000019481758  0.000000000000000000010164395 -0.000000000000000000013552527 -0.000000000000000000023716923 -0.000000000000000000012705494  0.000000000000000000013552527 -0.000000000000000000003388132  0.999999999999999987531675016  0.000000000000000000010164395  0.000000000000000000006776264  0.000000000000000000003388132 -0.000000000000000000005505714  0.000000000000000000011487884 -0.000000000000000000008470329  0.000000000000000000000000000  0.000000000000000000022234615  0.000000000000000000017787692  0.000000000000000000014823077 -0.000000000000000000016093626  0.000000000000000000010164395 
  9  0.000000000000000000025410988 -0.000000000000000000019481758  0.000000000000000000006776264 -0.000000000000000000001694066  0.000000000000000000023716923  0.000000000000000000011011428  0.000000000000000000003388132  0.000000000000000000012705494  0.000000000000000000010164395  0.999999999999999982164874263  0.000000000000000000006776264 -0.000000000000000000003388132  0.000000000000000000048280878  0.000000000000000000009396772  0.000000000000000000010164395  0.000000000000000000006776264  0.000000000000000000046163296 -0.000000000000000000005505714  0.000000000000000000006776264 -0.000000000000000000005929231  0.000000000000000000003388132 
 10 -0.000000000000000000006776264  0.000000000000000000003388132  0.000000000000000000013552527 -0.000000000000000000006776264  0.000000000000000000006776264 -0.000000000000000000001694066  0.000000000000000000000000000 -0.000000000000000000005082198  0.000000000000000000006776264  0.000000000000000000006776264  0.999999999999999972244424384  0.000000000000000000000000000 -0.000000000000000000005082198  0.000000000000000000018264148  0.000000000000000000010164395  0.000000000000000000000000000  0.000000000000000000009317362 -0.000000000000000000003388132 -0.000000000000000000006776264  0.000000000000000000006776264  0.000000000000000000000000000 
 11  0.000000000000000000016940659 -0.000000000000000000008470329 -0.000000000000000000020328791 -0.000000000000000000006776264  0.000000000000000000020328791 -0.000000000000000000003388132  0.000000000000000000000000000  0.000000000000000000023716923  0.000000000000000000003388132 -0.000000000000000000003388132  0.000000000000000000000000000  0.999999999999999991380592729  0.000000000000000000003388132  0.000000000000000000019322939 -0.000000000000000000003388132 -0.000000000000000000013552527  0.000000000000000000002541099 -0.000000000000000000027105054 -0.000000000000000000003388132  0.000000000000000000003388132  0.000000000000000000003388132 
 12  0.000000000000000000000000000  0.000000000000000000008893846  0.000000000000000000010164395  0.000000000000000000002964615 -0.000000000000000000002541099 -0.000000000000000000009105604 -0.000000000000000000022022857  0.000000000000000000003388132 -0.000000000000000000005505714  0.000000000000000000048280878 -0.000000000000000000005082198  0.000000000000000000003388132  1.000000000000000002168404345  0.000000000000000000017360867 -0.000000000000000000008046813 -0.000000000000000000008470329 -0.000000000000000000006935082  0.000000000000000000010376154 -0.000000000000000000003811648 -0.000000000000000000000847033 -0.000000000000000000004235165 
 13  0.000000000000000000000092644 -0.000000000000000000018052390  0.000000000000000000010164395  0.000000000000000000014876016 -0.000000000000000000007530652  0.000000000000000000013016514 -0.000000000000000000018740604  0.000000000000000000005353513  0.000000000000000000011487884  0.000000000000000000009396772  0.000000000000000000018264148  0.000000000000000000019322939  0.000000000000000000017360867  0.999999999999999982652765240  0.000000000000000000000847033 -0.000000000000000000001773475  0.000000000000000000016487364  0.000000000000000000007709323  0.000000000000000000001300328  0.000000000000000000000311020  0.000000000000000000008840906 
 14  0.000000000000000000001694066  0.000000000000000000003388132  0.000000000000000000006776264 -0.000000000000000000004235165 -0.000000000000000000006776264  0.000000000000000000005929231  0.000000000000000000000000000 -0.000000000000000000001694066 -0.000000000000000000008470329  0.000000000000000000010164395  0.000000000000000000010164395 -0.000000000000000000003388132 -0.000000000000000000008046813  0.000000000000000000000847033  0.999999999999999976039131988 -0.000000000000000000006776264 -0.000000000000000000007411538 -0.000000000000000000008046813 -0.000000000000000000012493736 -0.000000000000000000010164395  0.000000000000000000006776264 
 15  0.000000000000000000006776264 -0.000000000000000000006776264 -0.000000000000000000013552527  0.000000000000000000010164395 -0.000000000000000000003388132  0.000000000000000000023716923  0.000000000000000000000000000  0.000000000000000000003388132  0.000000000000000000000000000  0.000000000000000000006776264  0.000000000000000000000000000 -0.000000000000000000013552527 -0.000000000000000000008470329 -0.000000000000000000001773475 -0.000000000000000000006776264  0.999999999999999902313384259  0.000000000000000000004235165  0.000000000000000000001694066 -0.000000000000000000003388132  0.000000000000000000003388132  0.000000000000000000000000000 
 16 -0.000000000000000000014187802  0.000000000000000000020011153 -0.000000000000000000002541099 -0.000000000000000000021281703 -0.000000000000000000011646703  0.000000000000000000009635000 -0.000000000000000000006776264 -0.000000000000000000000317637  0.000000000000000000022234615  0.000000000000000000046163296  0.000000000000000000009317362  0.000000000000000000002541099 -0.000000000000000000006935082  0.000000000000000000016487364 -0.000000000000000000007411538  0.000000000000000000004235165  0.999999999999999896946583505 -0.000000000000000000001111731 -0.000000000000000000000449986  0.000000000000000000006140989  0.000000000000000000004658681 
 17 -0.000000000000000000002117582 -0.000000000000000000001270549 -0.000000000000000000006776264  0.000000000000000000012705494  0.000000000000000000012705494 -0.000000000000000000004446923 -0.000000000000000000001694066  0.000000000000000000016940659  0.000000000000000000017787692 -0.000000000000000000005505714 -0.000000000000000000003388132 -0.000000000000000000027105054  0.000000000000000000010376154  0.000000000000000000007709323 -0.000000000000000000008046813  0.000000000000000000001694066 -0.000000000000000000001111731  0.999999999999999987748515451  0.000000000000000000003388132 -0.000000000000000000002117582  0.000000000000000000000000000 
 18 -0.000000000000000000002329341  0.000000000000000000006776264  0.000000000000000000008470329  0.000000000000000000001058791  0.000000000000000000000635275  0.000000000000000000000000000 -0.000000000000000000019481758 -0.000000000000000000009740879  0.000000000000000000014823077  0.000000000000000000006776264 -0.000000000000000000006776264 -0.000000000000000000003388132 -0.000000000000000000003811648  0.000000000000000000001300328 -0.000000000000000000012493736 -0.000000000000000000003388132 -0.000000000000000000000449986  0.000000000000000000003388132  0.999999999999999971648113190  0.000000000000000000008258571  0.000000000000000000000847033 
 19  0.000000000000000000000000000  0.000000000000000000016940659 -0.000000000000000000013552527 -0.000000000000000000005082198 -0.000000000000000000005929231 -0.000000000000000000005082198  0.000000000000000000000000000 -0.000000000000000000014399560 -0.000000000000000000016093626 -0.000000000000000000005929231  0.000000000000000000006776264  0.000000000000000000003388132 -0.000000000000000000000847033  0.000000000000000000000311020 -0.000000000000000000010164395  0.000000000000000000003388132  0.000000000000000000006140989 -0.000000000000000000002117582  0.000000000000000000008258571  0.999999999999999915486440655 -0.000000000000000000006776264 
 20  0.000000000000000000001694066  0.000000000000000000005082198  0.000000000000000000006776264 -0.000000000000000000035575384  0.000000000000000000005082198 -0.000000000000000000014399560  0.000000000000000000006776264 -0.000000000000000000000847033  0.000000000000000000010164395  0.000000000000000000003388132  0.000000000000000000000000000  0.000000000000000000003388132 -0.000000000000000000004235165  0.000000000000000000008840906  0.000000000000000000006776264  0.000000000000000000000000000  0.000000000000000000004658681  0.000000000000000000000000000  0.000000000000000000000847033 -0.000000000000000000006776264  0.999999999999999932508414763 

