
  0 -0.187317162316341446500313553  0.093658581158359470881505024  0.187317162316344161071502913  0.187317162316344075405978760 -0.187317162316344200983695388  0.187317162316269518915440133 -0.187317162316344133302374771  0.187317162316317370937264301  0.187317162316339466747146594 -0.187317162316345498719485745  0.187317162316344922967474573 -0.187317162316315789465765405  0.187317162316340076759946416  0.187317162316311555737597012 -0.187317162316345804478050913  1.873171623163458044780509126e-01
  1 -0.187317162316340330422597196  0.187317162316333195938621373  0.187317162316326132686728281 -0.187317162316345369916267653  0.187317162316344550909946558  0.187317162316275493709667212  0.187317162316345445349633804  0.187317162316337516931512124  0.093658581158248173903198373  0.187317162316345543822296120 -0.187317162316343174583051223 -0.187317162316343135050329509 -0.187317162316332960870037851  0.187317162316345092685772149  0.187317162316345730887828455  1.873171623163457308878284552e-01

  0 -0.000000000000001116087664475 -0.374634324632681776922910749 -0.294206890506130215769001537 -0.082230414986415735693176497 -0.060526704851612658060748236 -0.224495655762458426810135315  0.162498626367796423719210876  0.272837466720825047280032938 -0.595860292995101189215435833 -0.082625717094925142831851606 -0.143393858501462116898195025  0.084426866176131192701993008 -0.174917280280690627889132911 -0.400448949798337028868969178  0.175784272177913595110393744 
  1 -0.093658581157973725050340085  0.280975743474692666820126397 -0.358855847260078845143609419 -0.402886645102878016109094333 -0.162983153171183631799205649 -0.299833578419249701779150316  0.018980671694612048796098813  0.091204231993404368714583024  0.316267527369787258112975026 -0.112421078604202108134756544  0.198648438597818598880446507  0.203215903768636102012020567  0.361834646768892673364534027 -0.112613149064672644560048623  0.398767835479368368988744090 
  2  0.000000000000018028382923119  0.374634324632670293758231195  0.016292785570518947086416099  0.170163827186820713796263152 -0.067304982257816172077768014 -0.466320925234026823559844652  0.148395397204037712588311528  0.178077963443652996099360319  0.244701620167169664821021045  0.196988461217511440481389359 -0.469933111659617648678700236 -0.278658752113260111153356102 -0.119436249832610097438700004 -0.292677789607753884509400502 -0.240027803195033737640668239 
  3  0.374634324632689445322246413 -0.000000000000001294508973276 -0.122813590523277028214476411  0.087350127343268846994198649 -0.066649112133319896179156887  0.058829374764946041113065911  0.546416743594184310694496232 -0.126790917532867401974630908  0.290885612949552607356786330  0.080860931086032673179139676  0.315536511004587972645729285  0.174941708358424473878072608 -0.528964022935094368060762043 -0.069543563383696237840611576  0.091791286325991303615982799 
  4 -0.374634324632688751893641946  0.000000000000000349918721917  0.263916241225574980255744531  0.221685622429002532549611494 -0.465024068503767937931983947  0.327629521341738864958267191  0.118899490741155998531429060  0.165889915682258939298157271  0.048941246190466773371898369  0.333277676521237427293255576  0.002840541038137804807898090  0.388496117489456725604003023  0.140759477655649779619627393 -0.300889179053765154020711262  0.029218124876009809353971701 
  5 -0.000000000000005974782354751  0.374634324632545012625107345 -0.159574098617458788289670372 -0.498909359491866789300526172 -0.121893485874584730123545376  0.439831514713231726715651423 -0.220675852819221386384869986  0.155429283172406498668037186 -0.152610472798618185551232720  0.280752085755275339334783094 -0.061359260567577117543051554 -0.215821244101901585195281592 -0.387794999842239961708239768 -0.013035111674628933413255176  0.033143161957255367135887934 
  6 -0.374634324632689578652008575  0.000000000000001312059943304 -0.236841882539839128837540032  0.119496502264582590586029093  0.466080595969079959514863934  0.020378465044921441136726420 -0.356099071256814703114335768  0.090265862774537823031665174  0.253728942446953274124322661 -0.121383008054049197179985638  0.075652991543115063338437870  0.363175361026365934214062137 -0.350442295485944434418846757 -0.248132000167475829559629585 -0.188582958619075351618652771 
  7 -0.000000000000020146005897902  0.374634324632654887868776425 -0.002747065534764536371487565  0.201272631648000944985387080 -0.412593088026585332061830363 -0.297444477054426409271068593 -0.184228626622204244152563972  0.065337847397477072642322810 -0.321730179057610151733452922 -0.241640985239844038461346984  0.159432214466287906448095646  0.314043747151602642891715308 -0.249043772925122526253538177  0.375723911612453795701637924 -0.181882850239995008870936243 
  8  0.093658581158091292837171958  0.280975743474587640643568703  0.640486218582181581046499502 -0.149967563650041727630170610  0.221048066800570258566842503 -0.075933918742471128301649037 -0.051175367549594362039469021 -0.199513693898266113277602252 -0.131683555326514348219496021 -0.223419037739371278259337301 -0.122950919221342408220920463  0.191306461263474558086002467 -0.158936479803340704775342293 -0.278303906708179331352948083  0.401035422796095396188445145 
  9 -0.374634324632691042541781865  0.000000000000000045097090311 -0.030902683560313240403736104 -0.412031876207736055220832300  0.043009545643105972136669346 -0.151919465358524229163733957  0.333411568128617542269365517 -0.566086479284783551885282954 -0.162261731921339173739414138  0.151070296799765310135125161 -0.112653688913491015713842346  0.193722089248288744907713910 -0.009402509398753494093735686  0.074480672011187634813601712 -0.356891266054784022233696550 
 10  0.374634324632688097550525796  0.000000000000001748397897152 -0.124071461730002265510370250  0.133980567102495989732259540  0.014939075693288977000300712 -0.206629875834655349367227108 -0.432451228892387750789728235 -0.363075688787428076185603149 -0.139877782200039643432172738  0.580594943046978883996554061  0.149154832672064237075260432  0.153402104869369750381321790  0.115792302860668806968374913 -0.219678361438653813736410214  0.021104702845753323454093217 
 11  0.000000000000027345584574081 -0.374634324632658924516094914  0.366919248341970812596173068 -0.370038083502666036465542088 -0.292240230448936472770066208 -0.269227845482043446717580412 -0.232871510228966904844133574  0.108796922200115296739016124  0.210479919781927040251792368 -0.053250887007080723225670594  0.365576642887644757414595739 -0.187990012020001847451735298 -0.166825701964189381047145785 -0.194280634813037964938914511 -0.287119398833743731452514125 
 12  0.374634324632673037629984267  0.000000000000007115894540419  0.165160782578902346739969063 -0.285221917221681024766973683  0.285953528906560567425043998 -0.015854875779744016971108296  0.121990631973566146016118954  0.490610296372140492285069541 -0.011111376620385726939120672  0.187455584512305584141719610 -0.097981546611930392897110015  0.455112469323127690628855851  0.188431875525708448986341760  0.178662987036965912622846729 -0.306595311362290850321207433 
 13 -0.000000000000033536939398195  0.374634324632656648423369161  0.007517957925928965963922824  0.089845058732749363113667066  0.205475935636379560634895078  0.112036009202320773484517699  0.210282220267397192928638533  0.064021391336102700070451611 -0.294179320556799337192449215 -0.120096078577088071741437673  0.537269802614651718398498803 -0.219018670554610389949426637  0.262358415130645654676820946 -0.371552803111697036125664340 -0.322420078884934919864237168 
 14 -0.374634324632691535365879368 -0.000000000000000073596550047  0.171939571660460084086404983  0.070188299101246934319812357  0.286185224350881851343095241 -0.303768982958575395217446641  0.122205149251352092665593406  0.237994909406990894651661057 -0.112499773260755536067668266  0.458197003594572308167193891  0.320470113942252895930474718 -0.164914645839454546762418638 -0.135847298962529878035778060  0.322558880013769608307346720  0.323123674436628046595203212 

  0  1.000000000000000003361026735  0.000000000000000000006776264 -0.000000000000000000023716923  0.000000000000000000000000000 -0.000000000000000000001270549  0.000000000000000000001694066  0.000000000000000000000000000 -0.000000000000000000006776264  0.000000000000000000006776264 -0.000000000000000000006776264  0.000000000000000000005505714  0.000000000000000000003388132  0.000000000000000000003388132  0.000000000000000000000000000  0.000000000000000000010164395 
  1  0.000000000000000000006776264  1.000000000000000016696713456  0.000000000000000000013552527 -0.000000000000000000006776264 -0.000000000000000000002541099  0.000000000000000000045739779 -0.000000000000000000006776264  0.000000000000000000027105054 -0.000000000000000000013552527  0.000000000000000000013552527  0.000000000000000000001694066 -0.000000000000000000006776264  0.000000000000000000006776264  0.000000000000000000000000000 -0.000000000000000000013552527 
  2 -0.000000000000000000023716923  0.000000000000000000013552527  0.999999999999999959071367989 -0.000000000000000000042351647  0.000000000000000000010587912  0.000000000000000000004235165  0.000000000000000000020328791  0.000000000000000000000000000 -0.000000000000000000013552527  0.000000000000000000006776264  0.000000000000000000001694066 -0.000000000000000000006776264  0.000000000000000000000000000  0.000000000000000000006776264  0.000000000000000000013552527 
  3  0.000000000000000000000000000 -0.000000000000000000006776264 -0.000000000000000000042351647  0.999999999999999947036723874 -0.000000000000000000005717472  0.000000000000000000004870439 -0.000000000000000000018634725  0.000000000000000000023716923  0.000000000000000000006776264 -0.000000000000000000010164395  0.000000000000000000006670384 -0.000000000000000000011858461  0.000000000000000000025410988  0.000000000000000000001694066 -0.000000000000000000001694066 
  4 -0.000000000000000000001270549 -0.000000000000000000002541099  0.000000000000000000010587912 -0.000000000000000000005717472  0.999999999999999955601921037  0.000000000000000000012493736  0.000000000000000000018634725  0.000000000000000000013552527 -0.000000000000000000022869890 -0.000000000000000000009317362  0.000000000000000000015193653  0.000000000000000000009317362 -0.000000000000000000004235165  0.000000000000000000003388132  0.000000000000000000004235165 
  5  0.000000000000000000001694066  0.000000000000000000045739779  0.000000000000000000004235165  0.000000000000000000004870439  0.000000000000000000012493736  0.999999999999999977502804921 -0.000000000000000000010587912  0.000000000000000000001270549  0.000000000000000000008470329 -0.000000000000000000005929231 -0.000000000000000000012017280 -0.000000000000000000009317362 -0.000000000000000000014399560 -0.000000000000000000002541099  0.000000000000000000013552527 
  6  0.000000000000000000000000000 -0.000000000000000000006776264  0.000000000000000000020328791 -0.000000000000000000018634725  0.000000000000000000018634725 -0.000000000000000000010587912  0.999999999999999993765837508 -0.000000000000000000006776264  0.000000000000000000006776264  0.000000000000000000000000000 -0.000000000000000000013552527 -0.000000000000000000006776264  0.000000000000000000013552527  0.000000000000000000000000000  0.000000000000000000000000000 
  7 -0.000000000000000000006776264  0.000000000000000000027105054  0.000000000000000000000000000  0.000000000000000000023716923  0.000000000000000000013552527  0.000000000000000000001270549 -0.000000000000000000006776264  0.999999999999999953433516692  0.000000000000000000006776264 -0.000000000000000000013552527  0.000000000000000000003811648 -0.000000000000000000003388132  0.000000000000000000020328791  0.000000000000000000000000000  0.000000000000000000006776264 
  8  0.000000000000000000006776264 -0.000000000000000000013552527 -0.000000000000000000013552527  0.000000000000000000006776264 -0.000000000000000000022869890  0.000000000000000000008470329  0.000000000000000000006776264  0.000000000000000000006776264  0.999999999999999969642339170 -0.000000000000000000013552527 -0.000000000000000000002541099  0.000000000000000000000000000  0.000000000000000000013552527 -0.000000000000000000013552527  0.000000000000000000000000000 
  9 -0.000000000000000000006776264  0.000000000000000000013552527  0.000000000000000000006776264 -0.000000000000000000010164395 -0.000000000000000000009317362 -0.000000000000000000005929231  0.000000000000000000000000000 -0.000000000000000000013552527 -0.000000000000000000013552527  0.999999999999999905674410994 -0.000000000000000000003811648  0.000000000000000000013552527  0.000000000000000000006776264  0.000000000000000000000000000  0.000000000000000000000000000 
 10  0.000000000000000000005505714  0.000000000000000000001694066  0.000000000000000000001694066  0.000000000000000000006670384  0.000000000000000000015193653 -0.000000000000000000012017280 -0.000000000000000000013552527  0.000000000000000000003811648 -0.000000000000000000002541099 -0.000000000000000000003811648  0.999999999999999949150918110 -0.000000000000000000001270549  0.000000000000000000008893846  0.000000000000000000014399560 -0.000000000000000000011434945 
 11  0.000000000000000000003388132 -0.000000000000000000006776264 -0.000000000000000000006776264 -0.000000000000000000011858461  0.000000000000000000009317362 -0.000000000000000000009317362 -0.000000000000000000006776264 -0.000000000000000000003388132  0.000000000000000000000000000  0.000000000000000000013552527 -0.000000000000000000001270549  0.999999999999999968124456129  0.000000000000000000000000000  0.000000000000000000000000000  0.000000000000000000020328791 
 12  0.000000000000000000003388132  0.000000000000000000006776264  0.000000000000000000000000000  0.000000000000000000025410988 -0.000000000000000000004235165 -0.000000000000000000014399560  0.000000000000000000013552527  0.000000000000000000020328791  0.000000000000000000013552527  0.000000000000000000006776264  0.000000000000000000008893846  0.000000000000000000000000000  0.999999999999999968991817867  0.000000000000000000006776264 -0.000000000000000000013552527 
 13  0.000000000000000000000000000  0.000000000000000000000000000  0.000000000000000000006776264  0.000000000000000000001694066  0.000000000000000000003388132 -0.000000000000000000002541099  0.000000000000000000000000000  0.000000000000000000000000000 -0.000000000000000000013552527  0.000000000000000000000000000  0.000000000000000000014399560  0.000000000000000000000000000  0.000000000000000000006776264  0.999999999999999996747393483  0.000000000000000000006776264 
 14  0.000000000000000000010164395 -0.000000000000000000013552527  0.000000000000000000013552527 -0.000000000000000000001694066  0.000000000000000000004235165  0.000000000000000000013552527  0.000000000000000000000000000  0.000000000000000000006776264  0.000000000000000000000000000  0.000000000000000000000000000 -0.000000000000000000011434945  0.000000000000000000020328791 -0.000000000000000000013552527  0.000000000000000000006776264  0.999999999999999964112908091 

