
  0  0.438495679277342304089749164 -0.438495679276768113926017467 -0.438495679277329434826802196 -0.268611101909145656664243407 -0.268611101909503329241779915 -0.438495679277564971866977886 -0.268611101909784800214611375 -0.438495679277099002752555654 -0.268611101909380992774651481  4.384956792775649718669778859e-01
  1  0.438495679277481116472561448 -0.438495679277010229091824170 -0.438495679277275651405942902 -0.268611101909149585948441766  0.438495679277150897547440586 -0.438495679277563142330021925 -0.268611101909745309587046469  0.268611101909341805344224111 -0.268611101908962291053136959  4.384956792775631423300219253e-01
  2  0.268611101909396647325874510 -0.268611101909221623593388220 -0.268611101909318160087464591 -0.438495679277215528085774945 -0.438495679277339680998118107  0.438495679277561893220699005 -0.438495679277364386929862969 -0.268611101909025902875110051 -0.438495679277144507856147151  4.384956792775618932206990047e-01
  3  0.268611101909535459708686794 -0.268611101909463738759194923 -0.268611101909264376666605298 -0.438495679277219457369973304  0.268611101909314545791102394  0.438495679277563722757654965 -0.438495679277324896275193009  0.438495679277414905221669714 -0.438495679276725806134632629  4.384956792775637227576549654e-01
  4  0.438495679276577636463655546  0.268611101909936562145541500 -0.438495679277278607293430804 -0.268611101909251621814092581 -0.268611101909448618448592386 -0.438495679277564902423828738 -0.268611101909737974823824333 -0.438495679277330300155661111  0.438495679277009338175793984  4.384956792775649024238287382e-01
  5  0.438495679276716448846467830  0.268611101909694446979734797 -0.438495679277224823872571510 -0.268611101909255551125395994  0.438495679277205608340628115 -0.438495679277563072886872778 -0.268611101909698484169154373  0.268611101909110507941118653  0.438495679277428039897308507  4.384956792775630728868727776e-01
  6  0.268611101908631979699780892  0.438495679277483052478170747 -0.268611101909267332554093199 -0.438495679277321493262729174 -0.438495679277284970204930578  0.438495679277561962663848152 -0.438495679277317561511970873 -0.268611101909257200278215508  0.268611101909245823094298314  4.384956792775619626638481524e-01
  7  0.268611101908770792082593176  0.438495679277240937312364044 -0.268611101909213549133233906 -0.438495679277325422546927533  0.268611101909369256584289923  0.438495679277563792200804113 -0.438495679277278070884405967  0.438495679277183607818564257  0.268611101909664524815812836  4.384956792775637922008041131e-01
  8 -0.268611101908784395187780591 -0.438495679277210704931095481 -0.438495679277402591205760329 -0.268611101909153445220284837 -0.268611101909180016467657351 -0.438495679277564133561858120  0.438495679277183522871324042 -0.438495679277322993771430840 -0.268611101909749894786454127  4.384956792775641335618581201e-01
  9 -0.268611101908645582804968308 -0.438495679277452820096902183 -0.438495679277348807784901036 -0.268611101909157374504483196  0.438495679277474210321563150 -0.438495679277562304024902159  0.438495679277223013498888948  0.268611101909117814325348925 -0.268611101909331193064939605  4.384956792775623040249021595e-01
 10 -0.438495679276730051951655245 -0.268611101909664214598466234 -0.268611101909391316466422725 -0.438495679277223316641816375 -0.438495679277016368223995543  0.438495679277562731525818771  0.268611101909603936156072448 -0.268611101909249893893985237 -0.438495679277513409867949798  4.384956792775627315258187705e-01
 11 -0.438495679276591239568842961 -0.268611101909906329764272936 -0.268611101909337533045563431 -0.438495679277227245953119789  0.268611101909637858565224958  0.438495679277564561062774731  0.268611101909643426810742409  0.438495679277190914202794528 -0.438495679277094708146435276  4.384956792775645610627747312e-01
 12 -0.268611101909549062813874210  0.268611101909493971140463486 -0.438495679277351763672388937 -0.268611101909259410397239065 -0.268611101909125305674469822 -0.438495679277564064118708972  0.438495679277230348262111084 -0.438495679277554291174536297  0.438495679276640436163991338  4.384956792775640641187089724e-01
 13 -0.268611101909410250431061926  0.268611101909251855974656784 -0.438495679277297980251529644 -0.268611101909263339681437424  0.438495679277528921114750679 -0.438495679277562234581753012  0.438495679277269838916781045  0.268611101908886516922243468  0.438495679277059137885505860  4.384956792775622345817530118e-01
 14 -0.438495679277494719577748863  0.438495679277040461473092733 -0.268611101909340488933051333 -0.438495679277329281818770604 -0.438495679276961657430808014  0.438495679277562800968967918  0.268611101909650761573964545 -0.268611101909481191297090694  0.268611101908876921082495667  4.384956792775628009689679182e-01
 15 -0.438495679277355907194936580  0.438495679276798346307286031 -0.268611101909286705512192039 -0.438495679277333211102968963  0.268611101909692569358412487  0.438495679277564630505923879  0.268611101909690252201529451  0.438495679276959616799689071  0.268611101909295622804010190  4.384956792775646305059238789e-01

  0 -0.000000000000138812386763737  0.169884577367945656763874654  0.000000000000764667624811129  0.707106781186126699277529756 -0.000000000000013603096697848 -0.274381070953679688111158733  0.587198412278081509200512722  0.041018523223273282320828180 -0.222193077403647756639217328 
  1  0.000000000000242115148286725 -0.169884577367546490332629247 -0.707106781186704676071558967  0.000000000000442591028641038  0.000000000000030232359396976 -0.472277720177733777298179421 -0.269566928242491849306494353 -0.280663359097149743169238856 -0.310893447107464185758538347 
  2 -0.000000000000053783424702613 -0.169884577368011274725785077 -0.000000000000050827518543218  0.000000000000073156379746784 -0.707106781186616140338994235  0.394779414362111564628515792  0.019002936646348271401129877  0.040299627779547522879395648 -0.559735002271564326137027329 
  3  0.000000000000003929296900421  0.169884577368069871435084066  0.000000000000105965166504913  0.000000000000007788563354277 -0.707106781186478867767212370 -0.394779414362123989639622584 -0.019002936646431560589596459 -0.040299627779904411622807162  0.559735002271682655365821202 
  4 -0.707106781186654226789220501  0.169884577367836351742785665 -0.000000000000054710804722338 -0.000000000000323312758628298  0.000000000000189240099673907  0.214000017338706490107290425  0.117181987141581194434485167 -0.639001799834318778338083933  0.057343741153551384665784966 
  5 -0.000000000000001829549466640 -0.876991358555126865087676891 -0.000000000000000069428674825 -0.000000000000000838311972328 -0.000000000000000341387141033  0.006631666611873881424469315  0.369970177459265068848227181 -0.138551069444603928873353815  0.273437098734056743571264186 
  6 -0.000000000000039490628606920  0.169884577367579586701699067 -0.000000000000046825399904050 -0.707106781186968323085935417 -0.000000000000094548032501514 -0.274381070953531465747956067  0.587198412277265107675136568  0.041018523223693690383438682 -0.222193077403512137042067634 
  7 -0.707106781186440808096779764 -0.169884577368073099877445603  0.000000000000231297381810587  0.000000000000223991000376350 -0.000000000000139385971374829 -0.214000017339175500083545828 -0.117181987142019062668452361  0.639001799834236105049296156 -0.057343741153758230863669723 
  8 -0.000000000000418701719537601  0.169884577367763515081495670 -0.707106781186390330950445465  0.000000000000368901999054480 -0.000000000000085369996038220  0.472277720177491077069775391  0.269566928243156146672524637  0.280663359097565687466473150  0.310893447107477715300608359 

  0  0.999999999999999982652765240  0.000000000000000000013552527  0.000000000000000000013552527 -0.000000000000000000013552527 -0.000000000000000000003388132  0.000000000000000000000000000  0.000000000000000000020328791  0.000000000000000000002541099  0.000000000000000000000000000 
  1  0.000000000000000000013552527  0.999999999999999950126700066  0.000000000000000000000000000  0.000000000000000000000000000  0.000000000000000000011858461  0.000000000000000000000000000  0.000000000000000000000000000  0.000000000000000000008470329 -0.000000000000000000020328791 
  2  0.000000000000000000013552527  0.000000000000000000000000000  0.999999999999999950777221369  0.000000000000000000027105054  0.000000000000000000000000000 -0.000000000000000000013552527 -0.000000000000000000020328791  0.000000000000000000000000000  0.000000000000000000000000000 
  3 -0.000000000000000000013552527  0.000000000000000000000000000  0.000000000000000000027105054  0.999999999999999934134718022  0.000000000000000000003388132  0.000000000000000000000000000  0.000000000000000000000000000  0.000000000000000000000000000  0.000000000000000000000000000 
  4 -0.000000000000000000003388132  0.000000000000000000011858461  0.000000000000000000000000000  0.000000000000000000003388132  0.999999999999999958962947771  0.000000000000000000001694066 -0.000000000000000000001694066 -0.000000000000000000005717472 -0.000000000000000000020328791 
  5  0.000000000000000000000000000  0.000000000000000000000000000 -0.000000000000000000013552527  0.000000000000000000000000000  0.000000000000000000001694066  0.999999999999999976960703835  0.000000000000000000016940659 -0.000000000000000000020328791 -0.000000000000000000013552527 
  6  0.000000000000000000020328791  0.000000000000000000000000000 -0.000000000000000000020328791  0.000000000000000000000000000 -0.000000000000000000001694066  0.000000000000000000016940659  0.999999999999999942537284858  0.000000000000000000000847033  0.000000000000000000000000000 
  7  0.000000000000000000002541099  0.000000000000000000008470329  0.000000000000000000000000000  0.000000000000000000000000000 -0.000000000000000000005717472 -0.000000000000000000020328791  0.000000000000000000000847033  1.000000000000000001843143693  0.000000000000000000000000000 
  8  0.000000000000000000000000000 -0.000000000000000000020328791  0.000000000000000000000000000  0.000000000000000000000000000 -0.000000000000000000020328791 -0.000000000000000000013552527  0.000000000000000000000000000  0.000000000000000000000000000  0.999999999999999931857893459 

